5
0 14 23 0 3 0 0 0 18 0 5 11 4 6 24 0 8 0 0 20 0 19 16 0 0 
1 6 24 0 0 0 0 0 0 3 0 0 16 22 18 0 0 0 7 0 21 0 0 0 0 
0 5 0 15 12 6 7 16 23 24 0 9 19 8 14 0 22 25 0 4 3 0 0 20 10 
22 25 8 0 0 1 0 0 0 0 15 0 0 10 23 24 0 0 0 0 0 0 0 0 0 
18 0 9 0 19 14 8 22 21 0 17 0 13 1 0 0 0 0 23 0 0 0 0 11 0 
0 0 20 17 0 0 0 5 0 18 22 0 12 0 3 13 0 2 0 0 0 7 0 16 0 
0 18 15 3 14 0 0 12 8 0 0 0 0 0 4 0 24 7 6 0 0 23 0 21 0 
0 1 2 24 6 0 0 19 4 16 0 0 0 0 10 0 20 0 17 14 12 18 3 5 0 
0 0 0 0 22 0 6 7 0 0 2 13 8 0 16 0 10 23 0 0 4 0 17 15 1 
0 13 7 0 9 3 0 0 20 25 0 0 6 18 17 16 4 0 12 0 8 22 0 19 24 
0 0 0 20 23 0 15 6 0 8 0 0 17 2 9 21 3 0 0 25 13 0 0 0 5 
0 0 0 0 0 9 0 25 0 2 0 0 0 21 20 0 0 0 4 0 0 0 7 0 19 
2 0 0 4 25 19 0 0 7 0 0 0 0 0 0 0 0 11 0 0 17 16 15 10 20 
3 16 0 14 0 0 0 24 0 0 0 0 0 0 1 0 7 0 15 22 25 21 0 0 0 
7 0 0 0 17 0 0 4 0 0 13 14 25 12 0 0 2 10 0 0 23 0 0 0 8 
24 19 18 0 5 0 0 0 17 6 11 16 0 9 0 0 13 15 0 0 22 0 0 12 0 
8 0 0 22 0 0 16 20 0 0 25 0 0 0 13 6 0 4 24 0 19 0 5 23 0 
0 0 0 6 0 0 0 13 3 0 18 12 0 0 0 0 0 0 11 0 0 15 8 0 17 
13 4 0 23 0 15 0 2 0 0 24 0 0 3 0 19 0 0 0 17 7 6 1 0 0 
0 17 0 9 15 0 21 0 0 11 4 0 2 7 0 0 1 20 5 0 0 13 10 3 16 
0 0 0 0 0 20 24 17 0 21 12 0 0 0 25 0 11 0 1 13 2 0 0 22 3 
0 22 11 0 0 7 14 0 0 0 8 0 21 0 0 15 6 17 0 0 16 0 24 0 0 
0 3 0 25 7 16 0 1 0 15 10 23 20 0 2 0 0 24 0 21 0 0 13 0 0 
12 0 4 13 0 5 0 0 0 0 0 22 24 0 0 20 14 0 0 0 0 9 0 7 0 
6 0 0 5 24 0 0 3 0 0 9 0 14 0 7 0 0 18 8 0 0 12 11 0 0 
