Success!!! 
 
 max_col = 
 81 
 
 run_time = 
 2897.345006 
 
 once iters = 
 122661322 
 
66 57 51 6 25 7 35 74 56 33 61 12 72 77 13 38 17 50 60 79 1 47 22 53 24 58 54 68 80 19 78 55 28 43 64 59 2 36 8 34 10 5 26 81 75 41 49 70 52 65 44 71 29 14 39 4 20 69 21 9 48 37 63 67 76 45 11 32 40 27 16 23 18 73 42 15 46 3 62 31 30 
44 72 16 49 79 48 17 59 31 39 55 11 40 75 34 28 14 66 13 76 18 8 61 4 27 45 5 57 46 15 36 12 63 51 52 26 65 3 80 54 23 30 1 24 68 67 53 21 25 19 9 69 35 6 33 73 77 81 7 78 47 71 42 10 22 20 62 43 2 58 41 56 32 74 60 38 64 37 29 70 50 
58 71 19 54 76 1 15 80 4 60 73 42 3 59 6 20 47 49 41 56 64 25 32 35 37 63 29 38 5 70 22 27 9 62 77 34 40 33 74 16 53 21 46 43 44 50 81 36 23 13 79 39 45 7 11 75 17 24 55 67 65 30 52 69 31 48 66 8 51 18 14 78 57 28 72 2 26 68 10 61 12 
26 38 24 13 65 41 27 14 68 32 29 44 81 10 22 25 8 46 30 51 28 36 57 55 52 21 77 71 17 16 18 37 58 53 33 45 63 39 73 70 67 76 7 56 48 54 40 59 62 31 66 5 4 1 2 43 74 64 60 72 19 34 6 15 80 3 9 42 61 12 50 35 23 69 47 49 78 11 79 75 20 
77 70 39 63 5 42 37 28 78 65 35 67 74 9 15 1 27 80 26 6 10 81 3 20 69 16 2 76 75 66 73 41 79 23 50 56 29 13 62 12 55 64 22 38 57 48 11 58 72 60 8 30 33 18 68 32 31 61 49 59 45 36 54 47 52 71 17 34 7 44 4 46 19 53 21 24 25 51 40 14 43 
47 34 55 52 43 11 50 46 75 21 37 68 53 5 41 69 58 45 59 17 62 23 70 33 48 71 12 35 7 30 4 2 31 60 13 74 79 20 78 19 6 77 42 28 14 10 32 16 24 27 15 64 61 3 18 51 26 80 56 29 76 40 22 57 72 25 63 38 73 1 54 49 36 8 81 66 65 39 44 67 9 
69 20 21 60 22 67 36 73 2 23 43 63 70 24 62 48 4 54 19 31 78 50 38 9 74 15 49 3 72 8 10 11 39 6 65 40 45 71 32 52 61 17 18 51 25 37 47 42 46 12 80 75 28 77 66 16 44 27 13 57 14 53 58 79 30 55 68 26 29 59 81 64 35 33 1 76 56 7 41 34 5 
81 9 62 33 53 23 30 3 12 78 36 2 16 52 64 51 76 18 43 7 34 40 73 11 72 46 67 24 44 54 14 32 1 42 61 29 49 58 41 27 47 31 60 66 69 57 68 74 63 17 20 56 55 26 79 28 10 38 8 15 50 35 25 65 75 77 5 21 70 19 39 37 45 48 22 71 59 4 13 80 6 
61 32 40 64 10 18 45 29 8 31 56 57 71 79 19 30 7 26 66 68 14 65 80 39 75 44 42 67 81 69 21 47 49 48 20 25 4 50 59 72 9 35 15 37 11 73 34 2 51 38 78 22 76 43 62 70 46 3 12 41 23 1 5 6 74 24 60 33 36 13 53 28 54 16 58 77 52 17 55 63 27 
22 75 58 47 62 29 7 50 37 12 23 5 59 54 42 63 80 28 36 3 70 68 71 73 33 67 25 9 32 39 46 1 69 11 27 72 41 31 26 79 18 48 78 65 52 30 44 10 4 61 76 43 74 17 16 24 66 49 15 60 6 77 57 35 51 40 38 81 20 14 21 34 2 55 45 53 19 8 56 64 13 
46 12 72 69 44 57 55 79 80 70 2 32 75 13 40 65 61 51 54 27 6 16 47 81 28 43 17 5 74 53 58 64 14 56 62 10 9 73 39 33 24 4 8 34 37 29 42 18 49 35 45 67 41 23 25 26 36 71 19 31 1 20 48 11 63 50 59 76 60 52 3 77 30 22 15 68 38 66 78 7 21 
28 21 70 66 34 59 52 33 48 53 50 8 56 60 4 49 67 57 18 23 19 7 30 78 58 2 61 25 35 47 38 26 42 76 41 65 12 40 15 64 68 55 75 14 10 27 1 6 69 39 81 11 20 31 72 45 51 32 17 37 3 74 9 43 13 44 73 29 71 36 22 16 79 63 54 62 5 24 80 77 46 
78 67 64 73 56 54 5 27 51 55 68 19 39 72 16 41 10 15 75 9 48 59 74 45 77 11 76 63 37 4 34 29 6 81 43 57 38 21 46 3 35 13 2 22 66 62 7 53 32 26 52 24 25 79 69 18 8 47 33 61 40 23 80 1 42 30 70 17 28 49 58 65 71 60 12 36 20 50 31 44 14 
76 14 13 45 42 2 65 25 32 43 79 58 48 37 7 27 20 24 40 26 69 12 72 63 51 5 39 17 77 21 80 22 73 71 31 30 36 74 49 47 16 60 81 57 56 66 9 54 59 33 3 15 34 55 41 35 52 4 44 38 68 50 46 8 6 53 64 19 18 10 78 62 67 70 28 29 1 61 75 11 23 
35 17 63 20 61 9 60 31 39 69 25 38 64 34 29 45 77 3 14 57 21 1 52 62 22 37 8 16 79 67 24 66 7 55 28 70 23 76 72 44 11 27 54 71 30 78 36 46 65 68 19 73 50 40 58 42 56 12 81 43 2 13 53 75 48 32 15 47 80 4 33 5 49 10 74 51 6 59 26 18 41 
3 6 18 15 23 71 26 77 40 44 11 76 78 33 73 17 74 30 56 35 49 10 41 46 13 4 79 36 54 51 68 59 20 45 2 60 50 53 5 32 1 28 19 80 58 22 38 57 37 64 70 63 72 8 21 65 7 29 75 62 39 14 67 27 61 31 12 25 24 66 9 55 69 81 43 34 42 52 48 47 16 
16 1 38 4 68 19 11 53 41 81 14 46 36 18 21 31 6 9 44 60 80 34 64 42 29 66 24 75 49 52 8 3 50 40 15 78 69 61 67 17 62 59 77 20 43 28 56 51 2 48 71 13 47 12 5 22 30 79 10 70 63 55 73 39 7 37 23 45 54 57 26 74 72 27 35 58 33 32 65 25 76 
49 74 10 30 8 24 43 81 36 26 47 66 22 35 1 71 52 62 38 50 65 55 20 31 15 32 53 12 13 48 61 23 18 44 19 33 42 7 63 29 70 45 51 25 6 75 77 60 80 5 14 16 21 58 54 59 76 28 78 64 34 11 27 56 68 67 41 46 69 79 72 2 39 57 40 3 37 73 4 9 17 
8 2 48 38 16 35 67 55 73 11 6 31 54 50 71 58 5 36 27 22 7 49 62 64 19 40 74 20 21 77 76 9 66 72 14 80 43 57 17 23 81 32 53 3 45 13 65 61 56 47 12 60 52 68 70 39 78 33 30 75 59 4 41 26 15 29 44 1 79 69 28 10 42 37 25 63 51 34 46 24 18 
80 45 44 1 72 47 9 36 5 63 76 26 13 65 77 22 70 10 4 34 50 69 14 57 6 35 33 37 42 2 81 51 52 19 17 3 27 38 11 59 66 15 61 79 21 24 71 67 29 49 28 55 16 39 40 56 58 62 18 48 73 7 68 25 8 43 78 54 30 46 32 12 20 23 53 31 75 64 74 41 60 
11 10 23 19 63 21 53 61 43 28 57 64 14 80 9 34 37 56 39 81 60 30 54 71 46 25 65 47 18 44 7 68 75 70 32 1 67 51 29 22 77 36 73 41 24 4 58 20 74 45 26 40 69 15 8 38 12 66 2 13 55 27 35 17 5 6 76 59 31 72 49 42 48 79 3 16 50 33 52 62 78 
62 40 6 41 74 56 34 7 3 8 21 18 23 78 67 33 32 79 10 52 13 43 24 51 70 73 63 61 11 29 39 30 45 12 71 46 31 44 42 55 20 80 68 60 76 59 19 25 5 72 54 27 53 57 26 15 16 1 36 47 49 69 28 50 37 65 75 2 66 77 64 48 81 9 4 17 14 22 38 35 58 
39 46 31 81 17 50 59 75 15 27 41 3 55 20 61 53 40 43 72 8 47 77 21 38 42 80 37 49 62 22 56 16 24 78 74 54 58 70 14 28 69 1 13 30 12 79 2 63 34 9 64 66 48 36 67 76 25 6 32 51 60 29 71 68 35 7 4 52 23 33 11 18 10 19 26 44 73 57 45 5 65 
29 79 22 14 30 69 24 12 54 46 17 81 73 66 44 42 49 16 31 75 76 9 67 15 2 56 78 41 60 26 6 48 27 35 57 28 18 10 64 63 7 25 74 4 47 1 51 8 70 50 43 33 77 62 23 72 80 65 37 5 11 52 19 55 58 34 21 53 38 3 45 20 59 61 13 32 68 36 71 39 40 
52 37 66 51 70 77 49 13 65 24 48 4 68 69 39 19 2 47 29 1 44 28 45 32 26 20 23 43 36 64 15 25 34 59 38 58 8 5 54 9 40 72 16 33 62 35 80 81 18 78 10 17 75 46 3 14 50 42 31 53 57 79 21 22 71 41 61 73 74 67 63 60 7 6 30 56 27 76 11 12 55 
32 58 42 68 64 76 57 26 33 52 72 59 38 29 30 74 25 60 79 11 12 17 55 5 53 61 18 23 67 13 40 69 65 50 4 8 19 48 35 37 75 39 71 78 46 14 3 73 7 6 41 31 44 22 43 81 54 63 45 20 9 10 34 36 27 16 56 80 62 47 24 51 70 21 66 1 2 49 77 28 15 
25 60 4 28 78 27 18 71 20 45 12 35 1 15 75 62 51 7 16 66 58 41 36 3 68 48 59 53 10 63 31 33 55 5 73 79 26 52 6 50 56 2 34 49 65 32 23 37 21 11 42 76 30 38 17 46 64 44 24 77 61 22 74 13 9 81 40 70 14 39 19 57 29 43 8 67 80 72 47 69 54 
30 35 50 24 19 72 76 63 71 58 80 15 52 8 5 67 1 6 74 28 20 31 37 59 36 14 57 34 65 33 26 45 68 22 78 2 64 47 44 73 13 9 23 54 70 11 66 55 75 10 25 4 43 60 56 17 40 21 69 42 12 51 79 41 29 38 53 7 39 32 61 81 46 62 16 18 49 77 27 48 3 
65 13 26 5 73 25 28 52 57 9 32 51 27 53 76 68 34 74 33 62 79 67 44 1 50 7 45 48 55 80 23 61 16 18 72 66 37 78 56 69 8 71 29 39 63 46 31 77 17 15 47 12 70 21 4 11 3 30 35 24 36 59 43 40 64 10 19 58 49 22 2 75 41 54 20 14 60 6 42 38 81 
36 44 60 21 20 55 23 54 61 19 65 73 2 30 11 24 28 59 80 49 66 6 68 40 43 26 3 77 38 14 47 7 76 17 46 31 75 81 1 25 57 50 45 42 41 63 35 79 53 16 51 9 18 71 48 52 39 67 58 32 8 15 10 74 12 5 27 56 33 62 13 69 22 34 64 70 29 78 37 72 4 
14 31 32 48 67 8 75 17 70 49 45 69 37 21 72 56 29 13 5 46 25 73 65 61 18 9 55 81 71 20 53 57 59 27 10 44 7 15 60 62 19 74 28 35 4 2 50 30 58 24 39 78 6 54 1 68 22 77 41 26 38 47 64 3 16 52 34 66 76 42 79 11 80 40 36 12 23 63 33 43 51 
34 22 59 11 6 46 3 18 47 7 63 54 42 70 14 16 62 39 32 13 38 29 12 72 78 17 69 4 50 43 1 24 51 41 60 9 52 79 21 40 76 58 10 2 77 44 5 64 48 56 23 68 80 49 27 61 28 55 53 81 74 75 33 73 26 15 35 65 37 71 20 36 25 45 31 19 30 67 66 57 8 
43 39 81 79 29 12 68 49 42 57 33 25 60 44 31 4 26 40 53 47 41 54 23 2 21 64 16 15 52 56 32 58 37 28 75 5 17 22 66 20 48 18 80 11 72 65 76 38 45 8 36 3 27 59 14 34 19 7 46 73 78 63 62 30 55 51 1 67 77 50 70 6 24 13 9 61 71 35 69 10 74 
7 78 77 40 37 4 64 66 38 79 22 20 10 47 46 35 43 17 58 42 52 15 48 19 76 24 27 74 8 11 30 62 67 29 36 12 61 59 55 49 51 33 3 68 26 69 14 13 73 57 32 34 81 41 80 6 71 9 70 18 54 72 16 63 44 60 28 31 25 45 23 21 75 1 56 65 39 53 5 50 2 
41 69 53 16 58 51 1 9 45 66 78 77 12 55 36 23 38 75 71 63 81 60 35 10 8 70 56 42 64 73 25 39 3 13 79 19 34 43 65 24 30 46 6 5 27 26 62 33 61 22 40 74 67 72 29 37 49 2 20 76 31 44 50 54 14 57 18 4 17 48 80 68 28 7 11 52 21 47 32 15 59 
74 27 15 56 33 80 2 10 62 18 64 48 50 41 81 3 71 61 11 4 77 51 34 75 30 39 22 70 63 35 49 40 54 21 6 69 53 32 12 38 14 67 31 16 36 42 29 52 28 20 37 1 7 19 13 23 45 5 25 65 66 57 60 78 47 46 8 72 9 24 59 43 76 17 44 79 58 55 68 73 26 
55 5 69 3 2 49 21 40 23 10 59 37 80 42 65 46 64 19 8 16 61 11 27 22 39 1 30 44 34 31 20 74 53 66 24 7 77 9 75 14 17 47 32 15 67 45 12 68 78 28 73 18 58 63 57 13 70 72 79 4 62 56 51 33 41 76 50 60 35 6 71 54 26 52 38 43 81 25 36 29 48 
60 62 35 42 39 20 16 64 72 25 53 71 66 57 49 44 9 69 51 74 33 37 50 77 10 28 38 11 48 46 12 4 29 58 70 21 6 68 30 5 54 3 36 52 81 19 41 75 15 14 13 47 79 34 24 1 55 73 80 23 22 65 78 61 67 26 32 27 43 2 8 45 63 59 76 40 18 56 7 17 31 
37 73 14 29 38 34 70 78 58 30 28 79 7 76 27 81 23 32 25 21 68 62 6 69 63 3 13 19 41 50 67 49 36 80 59 35 74 56 33 57 72 11 40 31 55 39 22 26 43 4 16 10 65 52 60 77 5 75 71 8 64 18 12 51 66 9 24 48 42 17 15 53 47 46 2 54 44 20 61 1 45 
79 28 25 74 75 61 47 1 50 72 62 22 18 68 35 11 63 73 49 45 43 2 17 60 20 23 46 8 15 71 69 10 26 54 76 51 66 80 13 48 27 16 41 7 19 55 70 9 36 77 21 37 32 24 81 31 42 52 67 40 29 3 44 14 59 39 57 78 65 56 38 58 64 12 33 30 4 5 53 6 34 
71 19 52 80 18 22 56 11 9 74 8 45 26 16 51 13 41 4 55 14 29 32 31 24 67 65 34 79 27 75 3 43 2 37 42 38 73 12 28 35 59 62 58 44 49 40 57 1 76 7 5 81 60 61 53 47 48 25 6 17 33 54 36 72 69 68 46 64 63 20 10 30 77 50 39 21 15 23 70 78 66 
53 24 43 12 7 26 13 32 27 40 34 36 5 3 50 75 60 2 64 78 15 66 81 41 56 52 44 14 16 68 65 77 61 33 55 47 76 18 10 4 39 37 70 63 42 6 46 72 71 54 17 48 8 35 45 30 59 20 74 28 58 38 49 23 19 21 29 62 22 25 31 1 9 67 69 73 11 80 51 79 57 
15 41 45 8 57 63 51 48 44 1 70 14 24 39 38 78 12 77 7 54 42 4 75 58 5 76 71 22 25 6 72 52 17 30 81 32 20 69 61 2 29 26 64 46 60 53 33 56 66 80 31 23 59 67 34 50 27 11 9 10 43 21 37 18 36 47 79 16 3 73 40 13 68 65 19 55 35 74 28 49 62 
59 36 68 17 4 10 6 67 77 15 58 55 61 31 33 54 21 48 73 70 72 26 40 18 35 79 47 78 57 5 63 56 60 9 39 23 1 45 43 71 25 38 65 50 53 49 64 29 3 30 74 20 62 51 19 66 2 46 76 14 41 32 69 80 11 12 52 44 81 28 34 7 8 75 37 42 16 13 24 27 22 
33 76 65 46 54 31 66 30 81 67 20 17 29 43 47 6 56 52 48 12 9 53 19 80 59 57 36 73 45 62 28 18 13 1 40 64 21 34 22 8 79 51 24 23 78 25 69 50 44 42 27 38 2 11 61 63 15 39 68 35 7 16 26 77 4 75 49 37 5 55 74 70 3 32 41 60 72 58 14 71 10 
13 26 41 22 71 30 80 6 29 2 46 70 4 64 3 5 44 55 81 33 32 27 59 79 47 77 1 52 9 24 50 36 8 34 69 67 35 63 68 75 43 57 38 73 61 7 16 28 40 18 11 54 66 53 20 62 37 60 42 74 17 25 31 19 23 56 14 12 48 76 65 39 51 72 78 45 10 21 15 58 49 
45 43 61 59 15 53 20 72 46 48 51 16 69 23 32 60 68 76 17 18 8 64 13 67 49 29 70 6 26 27 19 54 41 79 37 22 47 25 71 74 65 56 12 36 39 34 63 78 35 3 1 58 5 30 50 2 73 10 52 66 77 33 55 4 21 80 42 40 11 75 7 31 62 44 14 57 28 38 9 81 24 
27 42 36 58 21 37 19 76 1 75 74 7 35 67 79 9 78 65 52 2 39 71 53 28 60 12 50 72 66 49 33 38 70 77 11 18 46 64 51 26 44 34 20 62 17 47 6 45 14 25 57 59 31 10 15 48 63 22 3 16 4 81 40 24 43 61 54 68 32 30 69 41 13 56 5 8 55 29 73 23 80 
40 51 75 9 60 44 81 2 28 37 49 33 34 17 8 14 18 1 69 73 5 20 15 26 45 19 48 10 30 74 42 80 47 25 23 76 3 24 77 58 31 22 66 13 50 52 55 12 64 36 4 65 68 32 38 78 21 41 29 56 67 61 72 62 70 27 16 71 57 53 6 59 11 39 79 7 63 54 43 46 35 
5 64 17 10 14 52 78 57 49 22 54 62 30 56 26 80 19 38 65 24 3 42 46 7 34 36 58 40 29 55 16 21 44 63 68 73 60 27 48 45 15 23 37 72 28 20 74 41 77 43 67 51 13 50 59 71 11 53 39 6 18 76 70 2 81 35 25 9 1 8 66 79 31 4 32 47 61 75 12 33 69 
38 54 11 32 12 65 69 8 16 50 39 61 31 81 63 10 59 58 23 25 37 80 56 30 66 51 21 2 43 28 35 14 48 64 3 4 78 19 40 18 52 79 9 53 29 70 72 71 26 73 60 62 49 27 46 5 57 13 47 34 75 24 7 45 33 22 55 36 44 15 17 67 6 77 68 74 41 1 76 20 42 
56 63 33 34 55 70 48 35 24 73 40 47 43 45 25 36 13 42 62 72 11 38 78 6 41 31 75 58 61 57 51 65 12 7 53 39 14 16 81 67 2 10 4 59 54 76 21 23 9 44 29 46 15 69 32 79 68 8 26 49 80 19 1 20 18 28 3 5 64 74 77 52 27 30 50 22 17 71 60 66 37 
68 47 73 23 50 74 4 62 66 71 77 24 57 28 12 21 72 41 35 61 40 14 10 76 16 55 9 56 31 1 75 81 15 20 45 13 11 8 7 42 5 70 69 6 32 38 17 22 19 2 33 79 39 80 44 54 43 51 27 36 30 64 65 37 60 58 26 49 46 78 29 63 52 25 59 48 67 18 34 3 53 
18 25 67 31 3 79 77 39 7 20 15 27 11 6 53 52 66 29 22 43 54 74 63 44 57 68 4 60 78 59 17 71 46 32 5 62 33 30 76 1 49 41 55 21 80 8 37 48 81 75 61 42 24 56 35 9 69 45 14 58 28 12 23 38 50 72 51 13 10 34 47 73 40 2 70 26 36 65 16 19 64 
1 68 80 61 81 17 10 43 79 14 30 56 8 62 55 18 33 20 9 40 67 21 69 70 73 78 60 66 76 45 11 15 5 65 54 75 24 23 36 46 63 44 39 29 16 58 59 4 57 53 48 52 26 25 28 64 32 19 51 2 37 42 47 71 3 49 72 50 34 38 27 22 12 35 7 41 13 31 6 74 77 
23 50 56 67 31 36 71 42 18 13 1 53 25 74 37 76 11 72 28 39 63 52 7 29 64 33 32 51 59 58 27 8 35 61 30 24 57 49 3 80 41 68 79 9 34 77 45 40 60 70 75 19 14 20 12 69 62 78 65 44 5 26 4 46 2 66 43 6 47 54 55 17 15 38 10 81 48 16 22 21 73 
20 59 37 27 32 60 12 19 25 16 52 6 17 22 45 77 81 63 34 10 57 72 58 56 31 62 68 29 69 38 70 44 74 39 18 55 54 66 2 43 42 61 35 47 40 33 67 5 11 23 46 8 3 73 7 36 24 14 1 80 13 49 15 64 65 78 48 41 4 21 30 26 53 71 51 75 9 79 50 76 28 
73 49 47 35 11 33 40 22 34 3 66 39 19 38 69 61 48 68 45 30 27 46 2 17 23 59 20 32 12 60 43 78 77 14 80 41 13 65 4 53 28 75 25 26 5 36 18 31 42 51 62 7 1 81 74 67 6 50 57 21 71 58 56 76 10 79 37 63 15 16 52 9 55 24 29 64 70 44 54 8 72 
9 4 46 65 48 5 39 69 63 47 24 60 41 73 78 2 57 67 37 44 71 75 8 49 3 50 51 21 23 34 52 28 10 16 26 53 56 1 70 31 74 81 33 19 18 64 15 80 79 55 6 72 54 29 76 27 38 43 66 22 35 45 20 12 25 13 77 14 59 7 62 61 58 68 17 11 32 42 30 40 36 
75 52 7 55 24 78 58 45 74 29 10 49 44 40 23 43 15 34 76 5 4 18 66 48 54 22 14 64 20 79 2 6 72 36 1 17 62 60 69 21 50 8 67 12 73 68 13 32 39 71 56 61 38 65 77 41 9 59 16 11 53 31 30 70 28 42 33 51 19 81 35 80 37 47 57 27 3 46 25 26 63 
21 29 57 77 66 62 38 16 76 5 7 28 51 12 80 26 50 31 42 65 24 35 1 25 61 53 15 46 56 40 13 73 71 47 67 37 72 14 52 30 32 6 59 48 64 74 10 69 27 63 22 41 9 44 55 3 23 54 34 79 70 17 81 58 45 18 36 20 68 11 75 8 60 78 49 4 43 19 39 2 33 
6 8 28 2 13 64 44 15 14 4 75 21 65 32 54 79 42 70 12 77 26 19 43 36 80 41 11 50 22 25 62 63 33 3 9 81 55 17 58 51 71 7 27 76 38 16 78 34 30 66 49 35 37 47 52 10 60 68 48 46 72 73 61 29 40 23 74 39 53 31 57 24 1 20 18 5 69 45 67 59 56 
51 53 54 70 26 3 72 41 30 35 27 9 46 71 58 59 36 64 6 55 16 13 79 74 38 47 81 7 4 42 57 31 19 68 48 49 15 37 45 77 22 78 11 10 20 21 24 43 12 76 50 2 17 28 75 8 29 40 63 33 25 39 18 5 73 1 67 69 56 60 44 32 65 14 34 80 66 62 23 52 61 
48 30 2 26 49 16 31 4 55 17 44 1 62 58 68 29 22 35 24 20 75 61 25 23 9 60 52 28 40 12 74 46 32 8 51 6 71 77 50 7 78 42 47 18 3 15 27 39 54 69 72 14 56 70 73 53 34 37 43 63 21 41 11 66 57 59 10 79 45 5 67 38 33 80 65 13 76 81 64 36 19 
70 7 20 36 51 75 42 56 11 61 71 72 9 46 60 47 69 27 2 59 17 44 16 13 14 54 64 39 1 76 77 79 25 26 22 63 80 67 31 65 34 49 5 74 33 12 28 3 55 21 30 45 40 78 6 57 18 58 62 19 52 48 38 32 53 8 81 23 50 41 37 4 66 15 73 10 24 43 35 68 29 
19 81 79 39 40 58 61 60 22 36 31 30 77 48 74 32 73 78 57 71 45 33 49 68 7 8 26 18 2 9 41 13 80 15 44 27 59 4 37 6 38 43 72 64 23 51 75 76 16 34 35 50 63 66 10 29 67 17 5 1 69 28 24 42 62 54 65 3 12 70 25 47 21 11 55 46 53 14 20 56 52 
72 18 34 57 41 15 73 68 21 6 16 50 20 63 59 55 79 81 67 19 46 70 4 27 32 30 40 62 3 61 29 75 78 38 56 48 28 11 53 76 60 52 17 69 22 5 43 65 47 37 58 80 10 64 42 25 33 36 23 7 44 66 45 49 24 14 39 35 13 26 51 71 74 31 77 9 8 12 2 54 1 
64 65 1 76 27 43 62 37 10 42 18 13 45 51 52 66 75 25 15 69 73 5 77 12 11 72 80 54 68 23 59 53 21 67 47 71 39 35 57 81 36 24 56 70 8 31 26 49 6 41 7 44 22 33 30 20 61 74 4 3 32 9 14 16 34 19 2 28 55 40 46 29 78 58 63 50 79 48 17 60 38 
67 80 78 50 69 45 32 5 52 41 19 43 76 14 2 12 39 23 47 48 35 3 28 66 79 74 10 65 33 36 60 72 4 24 34 42 25 75 27 13 58 20 30 55 1 61 73 62 68 29 38 53 57 9 64 49 81 16 22 54 46 8 77 21 17 11 31 18 6 63 56 15 44 26 71 37 40 70 59 51 7 
17 66 74 25 46 38 8 44 13 64 3 40 28 4 57 7 54 37 63 29 53 22 39 50 55 6 31 30 73 10 5 35 43 52 58 11 68 41 19 15 12 14 21 45 51 81 79 24 67 1 77 36 23 42 65 80 72 56 59 71 26 70 2 48 78 33 20 61 75 9 60 76 34 49 62 69 47 27 18 16 32 
54 33 12 53 47 6 14 23 59 38 5 10 21 49 24 8 65 11 1 41 36 56 76 34 81 42 43 31 70 37 55 19 64 57 7 16 48 29 79 66 26 63 62 40 9 18 4 17 20 46 2 32 71 74 51 60 13 35 50 27 15 78 75 52 77 73 69 22 58 80 68 44 61 3 67 39 45 28 72 30 25 
63 77 3 71 9 28 29 24 35 80 67 34 15 26 56 70 53 33 78 37 51 58 18 21 65 38 62 69 14 17 45 50 81 49 66 20 32 54 16 10 46 73 44 61 2 60 8 19 13 52 59 25 11 48 31 12 47 76 40 55 79 68 39 7 1 64 30 74 72 43 36 27 5 42 6 23 22 41 57 4 75 
4 23 9 44 35 14 74 21 6 34 42 80 49 7 70 73 55 12 77 67 22 78 5 52 71 69 72 59 39 81 66 60 30 10 8 61 16 28 24 56 3 40 57 27 79 17 54 15 50 58 53 29 36 75 37 19 65 48 38 68 20 2 76 31 32 63 13 11 41 51 18 33 43 64 46 25 62 26 1 45 47 
24 16 71 62 59 32 41 70 19 54 60 29 33 1 17 64 46 44 21 36 31 57 51 8 12 75 28 26 53 3 48 42 23 69 25 68 30 55 38 39 45 66 76 58 7 72 20 35 22 81 63 6 73 2 47 74 14 18 77 50 27 67 13 9 79 4 80 10 52 37 43 40 56 5 61 78 34 15 49 65 11 
42 61 76 78 80 13 22 47 60 62 4 65 32 2 43 40 30 71 68 15 56 48 29 54 25 34 41 27 28 72 9 70 38 31 16 77 5 26 20 11 33 53 50 17 74 3 39 14 8 79 18 57 51 37 49 21 1 23 64 45 24 6 66 81 46 69 58 75 67 35 12 19 73 36 52 59 7 10 63 55 44 
2 11 49 18 1 68 33 20 69 76 26 41 79 19 28 50 16 53 61 58 30 24 42 37 4 13 7 80 51 65 44 67 22 75 29 36 10 6 25 78 64 12 14 77 15 9 48 47 38 62 34 70 46 45 63 55 35 31 73 52 81 43 59 60 56 74 71 57 21 23 5 3 17 66 27 72 54 40 8 32 39 
31 48 29 72 77 73 54 34 67 56 69 52 58 27 66 37 24 21 50 32 74 39 33 16 40 10 35 1 47 78 64 20 11 46 63 43 70 62 18 36 4 65 49 75 13 23 61 44 41 59 55 26 19 5 9 7 79 57 28 30 42 60 3 53 38 17 45 15 8 68 76 25 14 51 80 6 12 2 81 22 71 
10 15 27 75 45 39 46 65 53 59 9 23 47 36 20 72 31 22 3 64 55 63 11 43 17 81 19 13 6 18 79 5 57 2 12 14 51 42 34 68 21 54 52 32 35 80 60 66 1 40 24 77 78 4 71 44 41 26 61 25 56 62 8 28 49 70 7 30 16 29 73 50 38 76 48 33 74 69 58 37 67 
12 56 5 37 52 66 25 38 26 77 81 75 63 11 10 15 3 8 20 53 2 45 9 14 1 27 6 33 19 41 71 34 40 74 49 50 22 46 23 61 73 29 48 67 59 43 30 7 31 32 68 28 64 76 36 58 4 70 54 69 51 80 17 44 39 62 47 55 78 65 42 72 16 18 24 35 57 60 21 13 79 
57 55 30 7 28 81 63 51 17 68 13 78 67 61 48 39 35 14 46 38 59 79 26 65 62 18 73 45 58 32 37 76 56 4 21 52 44 2 47 60 80 19 43 8 31 71 25 11 33 74 69 49 42 16 22 40 75 15 72 12 10 5 29 34 54 36 6 24 27 64 1 66 50 41 23 20 77 9 3 53 70 
50 3 8 43 36 40 79 58 64 51 38 74 6 25 18 57 45 5 70 80 23 76 60 47 44 49 66 55 24 7 54 17 62 73 35 15 81 72 9 41 37 69 63 1 71 56 52 27 10 67 65 21 12 13 78 33 53 34 11 39 16 46 32 59 20 2 22 77 26 61 48 14 4 29 75 28 31 30 19 42 68 
################proper############## 

 average_time = 2897.345006 

 success runs = 1 

 total average iters = 122661322.000000 
