Success!!! 
 
 max_col = 
 81 
 
 run_time = 
 1633.155107 
 
 once iters = 
 89834372 
 
60 40 19 73 4 27 28 69 7 43 68 37 2 36 11 45 72 35 10 76 47 66 16 3 81 20 54 57 71 31 74 14 6 12 41 34 52 67 61 1 32 50 9 48 62 18 44 39 24 5 55 22 58 56 30 29 46 15 51 38 17 26 13 70 80 49 64 21 25 79 8 33 78 53 75 63 23 42 59 77 65 
76 59 34 3 53 68 17 81 70 16 40 30 6 62 57 80 51 60 26 75 32 25 24 2 46 14 78 42 50 63 65 58 4 72 15 18 71 79 55 28 77 64 13 33 41 38 47 12 27 1 54 69 23 74 61 20 49 7 48 21 52 37 66 29 67 9 5 11 31 44 39 45 56 43 35 8 19 36 73 22 10 
16 29 66 48 46 55 5 21 30 24 69 23 12 59 47 3 15 76 79 56 77 41 73 11 58 19 7 64 17 70 75 27 68 1 81 44 25 8 80 60 65 36 35 54 2 63 78 52 9 42 51 20 71 61 10 40 45 53 18 33 39 22 31 74 4 28 62 50 57 14 34 43 72 6 37 32 26 13 49 38 67 
65 36 2 1 6 12 15 39 58 75 38 48 28 7 25 74 66 10 31 34 43 17 57 13 44 60 42 33 5 77 8 22 40 61 35 26 37 63 11 72 23 73 51 69 47 49 45 46 68 70 21 62 59 64 80 16 27 67 19 79 9 76 56 54 71 78 41 53 52 30 3 32 14 20 81 4 55 18 50 24 29 
33 35 62 57 52 41 75 26 14 65 63 21 81 79 49 77 31 20 61 5 68 64 72 27 29 15 28 53 54 46 9 7 80 51 23 60 74 4 39 38 78 43 22 18 19 10 6 67 66 30 25 34 50 37 3 32 1 8 36 2 73 44 69 17 56 42 13 16 59 24 48 55 58 70 76 12 11 71 47 45 40 
45 74 11 9 25 56 42 49 18 8 22 14 4 41 34 58 70 19 69 6 67 12 23 48 51 50 55 62 32 52 38 79 21 13 2 30 27 16 44 20 66 3 29 40 75 76 65 53 36 33 60 43 7 17 35 71 24 28 78 57 59 77 63 37 47 26 73 1 10 46 81 72 31 54 15 39 5 61 64 68 80 
23 44 10 63 13 64 67 71 22 5 56 61 54 53 52 50 32 26 35 8 80 37 49 33 4 9 18 16 78 55 36 25 39 45 24 43 59 30 70 68 15 17 31 57 42 73 48 81 72 19 29 77 2 14 60 62 12 75 6 74 11 47 58 76 66 38 51 7 40 27 65 20 69 41 21 34 46 3 28 1 79 
72 61 43 8 37 77 38 31 80 78 44 71 55 17 67 29 64 13 62 53 1 65 63 40 45 39 59 76 20 47 3 48 69 10 73 19 81 49 6 56 7 5 21 46 24 79 32 75 16 28 11 57 26 4 41 50 70 54 25 42 34 14 68 36 35 23 18 15 22 12 2 58 30 51 60 33 9 66 52 74 27 
24 20 32 78 47 51 54 50 79 27 9 1 33 18 73 42 46 39 21 38 30 71 22 70 74 52 36 66 37 29 49 67 56 28 11 59 34 53 14 10 76 12 26 45 58 13 3 41 40 31 35 15 80 8 43 65 55 4 72 23 5 81 64 6 60 75 69 19 63 77 68 61 2 16 62 7 48 17 25 44 57 
81 54 37 52 27 36 53 33 67 69 32 51 66 56 26 28 55 22 40 2 65 73 80 25 6 62 41 74 21 10 35 3 72 38 64 63 61 24 46 43 70 71 23 20 13 44 18 79 31 59 77 78 57 47 16 42 11 9 14 45 12 19 8 1 76 17 34 49 75 58 60 50 5 4 48 15 30 7 68 29 39 
50 17 42 77 79 2 11 76 21 23 48 47 44 54 60 31 14 62 22 27 39 56 35 58 37 46 3 34 43 41 4 30 70 57 71 15 64 59 40 32 6 55 49 1 28 45 53 33 69 9 20 75 52 25 26 36 66 72 29 73 38 7 81 68 61 65 16 80 24 63 5 10 67 78 12 19 51 74 18 13 8 
19 48 64 20 44 5 25 72 59 81 1 35 38 46 13 78 80 61 29 11 45 50 51 55 36 34 43 75 47 58 62 77 67 68 7 37 4 39 42 41 9 18 15 22 33 30 24 74 65 14 16 28 40 49 17 63 60 6 23 10 71 79 52 56 53 57 21 27 8 26 70 12 76 2 69 73 31 32 3 54 66 
31 46 73 26 55 75 49 32 62 68 6 33 59 40 21 24 76 9 12 47 61 20 60 44 78 28 15 45 2 17 48 42 8 11 13 22 35 72 54 14 67 66 58 27 5 1 34 38 56 10 80 64 63 7 50 39 41 69 74 37 18 65 53 4 3 29 36 79 43 51 30 19 25 81 77 71 16 57 23 70 52 
70 30 39 24 51 14 7 66 68 77 8 43 64 71 20 12 4 49 72 67 42 74 19 9 1 16 33 52 27 79 29 54 23 46 32 50 10 2 75 65 34 11 80 3 17 60 35 61 13 26 37 76 6 73 57 58 21 5 22 48 47 15 25 31 81 18 45 59 69 41 78 38 62 40 44 55 28 63 56 53 36 
63 56 40 80 1 69 58 74 8 30 3 50 27 34 18 73 16 41 68 79 24 23 53 54 52 7 31 60 26 12 20 6 51 36 78 9 29 38 48 21 19 62 45 81 57 22 15 4 55 39 67 17 5 43 59 44 77 35 75 13 76 32 70 66 11 71 25 14 28 42 64 2 49 72 10 37 33 47 61 65 46 
61 23 3 22 16 57 78 45 6 19 75 15 10 2 74 11 67 65 5 14 81 38 26 76 18 4 70 73 53 69 59 39 25 66 33 31 12 36 50 47 79 56 8 68 63 21 29 62 71 32 27 72 42 48 46 28 51 49 34 80 30 40 54 52 77 7 9 55 44 35 13 37 24 17 41 64 20 43 1 60 58 
9 34 60 4 18 43 71 41 28 36 72 70 5 52 29 79 57 53 13 30 63 48 69 17 32 21 10 49 65 80 16 44 24 19 1 61 26 73 74 7 25 76 77 51 37 58 81 2 23 12 8 3 66 68 56 33 64 27 55 67 20 31 78 46 39 40 15 6 47 54 62 22 50 38 59 11 14 75 45 42 35 
29 47 65 35 10 38 13 15 12 25 17 7 45 58 42 63 39 37 8 71 66 59 77 49 57 64 75 18 40 5 81 28 76 14 56 55 69 60 31 53 16 78 30 52 44 19 41 11 51 54 36 50 46 70 24 61 62 68 2 3 43 4 1 33 73 72 20 32 74 48 23 67 6 27 9 79 21 80 34 26 22 
40 68 61 31 50 66 64 14 74 12 20 28 72 1 2 37 53 67 70 73 23 9 46 26 47 32 63 6 19 34 58 5 62 15 8 3 11 48 25 69 41 39 7 44 55 42 36 17 77 21 65 4 54 78 79 60 81 59 45 16 29 10 75 27 33 52 38 71 35 43 51 80 18 30 49 56 13 22 24 57 76 
52 63 12 59 35 30 36 16 78 18 55 74 8 24 77 4 40 42 48 57 27 81 21 64 39 75 69 13 25 68 7 56 54 26 80 45 70 20 38 5 60 28 19 79 46 37 71 73 10 15 47 49 62 22 31 72 65 61 9 32 67 50 33 58 14 6 11 2 34 1 44 76 51 29 66 53 43 23 41 17 3 
15 80 67 19 24 60 2 37 27 54 64 34 36 14 76 52 3 16 59 31 35 51 41 28 61 79 66 77 9 11 18 46 42 53 21 38 6 43 26 8 49 22 57 4 81 29 30 56 5 68 75 44 70 50 12 73 71 55 7 39 1 25 23 48 65 63 17 40 78 69 45 13 33 47 20 62 74 58 32 10 72 
48 72 29 10 39 45 8 77 81 7 57 44 23 70 58 5 25 11 50 18 76 49 12 19 65 43 13 22 4 16 79 1 52 32 74 14 80 75 33 71 53 61 40 35 27 59 51 31 38 20 46 24 60 67 69 41 6 2 66 17 63 68 36 21 30 73 56 47 62 3 55 9 26 15 28 42 78 54 37 64 34 
17 70 21 56 5 71 32 23 25 38 60 80 29 49 33 75 65 63 16 62 55 4 30 22 10 67 72 44 39 78 57 61 73 64 20 35 47 42 51 15 50 68 2 76 1 6 8 14 28 74 13 81 45 19 18 53 48 11 58 34 3 43 37 24 79 66 31 41 26 7 77 54 9 12 40 36 52 46 27 69 59 
55 69 51 13 49 34 65 6 54 22 30 78 47 26 79 9 61 50 71 74 5 11 36 15 38 45 52 2 28 81 23 41 12 43 29 17 21 3 10 73 37 58 72 77 32 66 1 40 33 57 53 39 27 76 62 56 44 70 24 46 14 8 19 42 59 16 75 18 20 60 25 64 68 67 7 31 80 48 4 35 63 
18 79 20 62 7 42 41 46 11 10 21 69 56 39 17 6 73 43 24 60 40 80 33 68 8 29 53 48 51 30 76 31 75 49 47 27 78 14 13 9 59 16 12 66 34 25 2 32 26 3 58 63 64 52 5 74 57 77 35 54 15 38 28 61 23 50 4 22 72 67 37 36 44 71 70 65 45 1 19 81 55 
28 73 22 43 33 3 26 53 4 45 71 68 31 35 19 13 59 51 20 37 58 34 56 14 2 44 1 40 36 24 70 72 66 69 50 10 63 23 62 67 64 29 54 17 65 48 55 7 80 11 18 41 9 16 47 76 42 52 21 27 49 78 30 57 12 74 8 81 32 15 46 39 60 75 25 38 61 77 5 79 6 
44 1 57 58 38 9 47 75 76 46 81 32 62 66 27 41 48 15 6 77 17 54 3 78 7 42 25 55 60 67 71 65 63 59 37 33 36 56 24 52 45 31 18 30 74 72 79 35 34 23 43 61 12 69 40 51 13 26 80 4 22 64 20 10 49 5 70 68 19 29 28 53 8 73 11 2 50 14 39 16 21 
1 32 7 38 34 46 9 13 48 76 41 42 57 5 43 18 49 71 2 22 19 61 20 24 31 6 40 15 45 51 54 37 30 78 28 80 44 81 60 77 10 67 65 11 35 62 66 68 64 17 63 56 72 79 23 14 4 16 59 47 55 3 12 75 50 36 58 26 27 52 69 29 39 8 53 74 70 21 33 25 73 
12 39 27 30 31 4 59 43 75 44 26 53 68 32 72 22 17 64 67 35 49 15 58 80 23 5 21 63 33 62 11 24 1 70 14 47 3 25 56 74 57 8 38 13 36 81 76 45 48 55 10 40 61 46 51 66 19 20 77 65 60 9 71 16 7 54 6 78 41 34 42 73 28 52 50 69 79 29 2 18 37 
26 71 47 41 29 79 74 28 60 6 51 58 1 19 8 25 13 40 75 68 57 55 50 52 11 30 76 20 81 18 5 4 34 3 38 2 49 27 53 54 22 33 32 80 39 23 12 36 35 65 78 42 14 9 44 69 63 73 62 70 37 48 7 45 24 56 43 61 64 21 72 46 10 31 67 16 66 15 77 59 17 
8 49 45 68 14 72 23 51 40 66 70 59 67 28 75 21 47 56 27 25 37 44 10 60 62 53 73 50 35 57 26 55 58 9 52 77 48 5 76 42 1 30 20 12 18 16 33 24 74 71 3 7 69 29 2 11 43 34 54 61 41 46 15 32 31 79 19 38 39 4 17 63 22 13 65 81 6 64 80 36 78 
80 37 70 44 78 73 16 35 65 55 15 77 61 45 50 30 54 2 43 1 33 8 39 51 12 66 74 29 22 48 46 69 31 79 42 36 28 41 9 64 63 26 59 47 52 53 20 34 4 75 6 32 18 21 25 27 40 58 56 76 13 57 17 67 68 62 49 5 11 10 71 81 7 19 24 3 72 60 38 23 14 
22 58 15 53 57 19 61 17 55 4 79 62 16 48 81 38 29 12 7 28 59 26 34 42 77 3 65 10 68 25 66 32 64 56 6 76 75 69 72 40 73 70 71 43 78 51 11 50 52 60 5 67 37 39 33 18 80 31 8 49 36 21 24 44 20 2 1 9 14 13 74 23 35 63 27 45 47 41 46 30 54 
54 11 50 76 20 10 6 67 24 74 37 63 14 65 3 39 27 31 36 17 18 16 78 45 69 81 4 23 49 73 60 8 71 41 75 21 2 58 68 66 29 46 55 7 51 77 70 44 43 22 38 19 47 13 64 52 32 79 30 35 42 72 5 53 28 25 12 33 15 80 57 59 1 26 34 48 40 9 62 61 56 
66 18 5 81 77 52 69 64 56 11 78 46 7 33 9 36 24 23 32 13 79 63 48 41 72 54 38 67 74 43 40 17 16 65 12 39 14 50 19 61 31 21 62 34 45 2 59 27 15 80 73 30 25 28 22 68 29 1 53 26 6 75 10 8 70 51 35 60 3 37 76 47 4 42 58 57 71 44 55 20 49 
21 3 25 36 63 62 33 2 42 34 52 10 69 73 35 60 20 80 56 64 71 70 29 46 14 47 9 7 61 59 72 13 27 44 19 53 16 6 79 23 17 24 37 15 4 8 58 26 57 49 41 54 31 1 38 45 78 50 28 81 74 67 39 40 48 55 65 77 18 66 22 30 32 11 51 43 76 12 75 5 68 
62 9 6 16 64 24 21 12 66 35 80 41 77 51 78 27 11 46 81 54 15 79 28 47 50 36 17 59 57 20 68 19 55 73 76 56 5 37 30 70 74 69 53 8 40 34 75 23 60 4 49 10 32 33 67 2 25 14 52 43 31 71 38 13 1 3 22 65 29 72 26 18 63 48 61 44 39 45 58 7 42 
36 76 28 72 30 23 31 20 43 57 7 81 60 63 68 49 74 1 58 66 29 39 40 62 67 48 51 25 16 14 2 45 37 54 44 78 50 10 32 6 71 4 52 59 9 26 80 70 53 8 24 27 41 11 75 34 3 65 12 22 35 33 18 15 19 61 46 42 5 56 47 79 13 69 55 17 77 38 21 73 64 
7 60 78 61 40 26 10 27 5 47 28 12 79 9 30 54 56 70 65 52 13 19 76 37 22 18 34 71 67 42 15 21 74 39 3 72 55 68 36 11 33 44 46 64 38 14 63 6 81 73 31 51 48 59 77 4 69 45 50 58 8 29 41 80 2 53 24 17 66 75 43 62 57 35 23 25 1 49 20 32 16 
77 55 14 29 45 33 81 11 57 52 67 19 37 16 22 2 71 59 38 41 78 27 4 35 68 74 26 43 79 75 30 70 32 17 58 24 42 65 1 51 80 34 66 21 3 61 28 9 54 72 50 18 56 5 39 64 23 62 13 63 7 53 76 69 10 48 44 73 49 20 12 25 36 60 46 47 8 6 40 31 15 
59 41 80 51 70 58 22 52 44 33 25 40 24 69 15 72 43 21 11 63 64 60 8 20 71 77 30 61 1 49 31 36 81 50 34 66 45 76 23 18 62 75 27 29 73 55 38 13 47 35 2 74 65 3 48 17 10 46 57 78 26 28 42 39 32 14 54 4 9 6 16 7 79 37 19 68 67 56 53 12 5 
74 19 35 69 32 17 4 79 71 13 76 18 20 42 65 34 26 48 9 12 21 33 5 7 43 70 45 11 10 53 22 64 77 60 46 23 15 78 16 2 24 54 39 28 14 67 52 57 58 25 1 36 44 66 27 6 73 40 47 68 61 56 49 38 8 37 81 63 55 59 31 51 80 50 72 29 3 62 30 41 75 
46 53 48 2 42 49 18 38 15 31 61 64 75 23 10 32 8 66 80 72 3 69 44 56 73 59 16 5 6 33 51 63 47 35 26 29 41 13 12 22 43 25 79 67 7 20 17 78 39 77 62 37 21 45 36 55 30 24 60 19 81 1 74 34 58 76 28 57 68 50 40 11 54 9 4 14 65 52 70 27 71 
34 65 1 39 8 47 68 56 3 29 4 73 50 55 53 44 38 5 14 23 10 75 61 6 49 25 2 28 41 40 13 9 7 48 62 69 57 17 20 26 58 63 60 72 31 12 22 43 42 46 79 71 19 15 21 37 54 80 70 59 32 16 11 30 45 67 52 36 77 64 27 35 66 74 18 51 24 76 81 78 33 
75 25 13 37 67 63 73 54 50 39 58 45 17 6 14 62 36 3 57 42 46 1 31 32 53 55 24 80 38 65 12 52 18 4 27 8 19 47 81 35 48 77 61 56 49 68 69 76 30 64 7 29 16 40 66 9 79 51 5 15 44 20 72 71 21 33 74 23 60 78 41 70 59 22 2 10 34 11 43 28 26 
32 10 68 71 43 25 57 36 52 61 13 26 22 37 28 40 50 44 78 15 16 5 42 53 60 27 58 12 55 76 73 11 17 77 30 54 66 1 7 33 20 45 47 2 6 31 14 80 59 29 39 35 67 24 70 21 34 74 81 41 46 23 65 72 38 19 63 8 4 62 79 56 48 64 3 18 75 51 9 49 69 
3 28 8 45 19 70 40 44 33 17 74 38 9 43 56 48 6 79 46 21 11 57 47 75 55 1 80 31 14 15 61 50 22 2 10 51 67 64 63 27 69 37 34 41 25 7 49 18 62 78 72 73 76 81 54 35 68 66 4 20 53 30 60 26 16 32 71 39 58 65 24 77 29 36 13 5 42 59 12 52 23 
27 22 17 6 2 11 79 29 34 58 12 39 25 15 23 59 42 4 63 65 50 68 74 31 19 61 62 72 24 21 1 53 13 75 67 48 46 18 5 76 14 32 70 10 77 28 54 64 37 56 71 26 43 36 9 7 38 57 3 51 78 69 40 49 52 30 60 20 73 55 66 44 45 80 8 41 35 33 16 47 81 
49 16 56 15 61 65 39 9 38 20 31 67 32 81 1 46 5 78 37 36 25 2 54 71 59 17 12 68 18 19 34 26 45 42 63 7 13 28 3 55 8 79 74 23 21 27 60 69 50 52 40 66 11 77 6 24 22 44 43 64 33 62 48 51 29 35 47 75 76 53 80 41 73 57 30 70 58 72 10 14 4 
5 42 75 64 12 37 76 63 13 14 77 16 70 72 51 66 30 45 18 49 6 28 7 8 40 41 23 46 80 3 56 47 33 81 4 71 73 22 35 62 36 38 43 19 29 57 61 55 44 34 9 79 20 53 32 10 58 39 1 11 25 52 2 50 78 59 48 54 17 31 67 69 65 24 68 27 15 26 60 21 74 
58 31 59 66 54 20 55 47 72 64 35 75 65 27 63 57 60 24 44 33 38 30 81 43 76 22 29 8 23 37 28 62 36 52 69 6 39 80 15 78 4 48 56 49 16 41 74 25 46 51 12 70 3 32 73 67 5 13 26 77 19 18 45 14 34 68 42 10 7 11 9 21 53 61 79 1 17 40 71 2 50 
35 50 18 21 81 67 51 7 77 62 10 52 11 3 41 53 69 34 4 9 56 45 66 73 26 72 48 78 70 27 32 29 5 25 49 16 65 44 59 24 30 57 42 60 61 75 19 22 17 47 23 2 68 58 15 8 36 76 71 31 79 80 14 64 13 43 40 12 1 28 33 74 55 39 6 54 38 37 63 46 20 
73 14 30 60 74 53 48 1 26 80 18 8 49 29 55 68 7 33 52 51 34 3 13 67 24 69 77 35 66 39 64 57 59 20 79 41 54 31 71 12 40 9 81 58 72 4 42 21 6 16 45 65 38 10 37 47 17 56 61 28 75 63 50 5 22 70 27 46 2 23 36 15 19 62 78 76 32 25 44 43 11 
69 4 23 46 62 78 24 80 41 21 73 2 71 47 54 76 19 36 64 70 14 10 79 39 20 35 32 38 44 9 43 74 65 58 60 40 51 11 52 17 75 53 68 50 26 33 13 8 1 48 15 5 30 63 42 49 72 12 27 55 16 59 29 25 57 81 37 45 61 18 6 3 34 28 22 77 56 67 31 66 7 
6 12 69 50 11 1 34 42 46 60 14 57 18 74 70 56 44 58 53 7 31 77 71 10 21 24 81 36 29 8 63 43 19 40 55 20 32 15 22 37 27 80 3 78 23 9 16 28 45 79 76 59 4 38 49 30 67 25 33 5 2 61 62 35 17 13 72 52 54 47 73 66 64 68 26 75 41 39 65 51 48 
39 66 58 28 23 76 27 48 45 26 33 49 40 67 32 16 22 72 73 59 54 35 75 29 15 80 19 14 56 6 47 60 57 24 70 74 1 12 64 31 21 10 69 55 11 71 68 30 2 7 52 13 17 41 78 81 8 38 44 9 4 42 51 65 25 46 53 43 36 61 18 34 37 5 63 20 62 50 79 3 77 
64 67 36 74 71 35 37 30 61 28 65 5 42 80 38 43 52 25 34 58 9 40 32 4 63 11 68 41 12 72 78 2 15 33 39 75 53 70 18 29 47 13 17 14 79 54 26 1 21 24 57 31 55 44 7 23 20 3 46 6 77 66 73 22 51 69 10 62 48 49 50 8 81 59 56 60 27 16 76 19 45 
47 78 79 55 41 22 60 73 10 51 54 36 63 76 46 23 1 81 39 16 74 18 2 57 48 13 37 26 42 71 77 34 3 30 31 65 40 7 49 4 52 6 67 25 66 11 62 5 19 50 32 8 15 35 45 59 28 64 68 24 56 70 43 20 27 12 14 44 80 33 21 75 17 58 38 61 29 53 69 72 9 
25 8 4 54 72 80 56 19 2 48 45 13 53 77 37 61 10 75 28 20 22 43 1 5 17 49 14 51 7 50 27 66 79 62 68 67 24 57 73 34 39 65 33 26 59 36 23 58 70 40 42 12 74 6 55 15 76 60 63 29 69 41 21 9 64 11 3 30 16 81 38 31 47 32 52 46 44 35 78 71 18 
51 13 49 75 68 16 62 40 53 59 11 24 35 21 7 47 12 8 45 46 36 72 64 30 25 65 44 54 69 61 80 81 28 23 5 73 58 9 41 63 56 42 76 38 60 78 77 3 14 18 34 48 22 20 71 26 50 37 31 52 27 17 32 19 15 4 2 74 79 39 29 6 70 33 43 66 57 10 67 55 1 
57 33 44 7 3 59 52 24 32 2 50 79 15 31 39 20 34 73 47 55 51 67 27 66 41 76 6 9 58 64 17 38 10 21 45 49 62 46 77 48 35 74 36 5 43 69 37 65 61 53 81 60 29 72 14 80 75 19 16 18 54 11 22 63 40 1 26 70 71 68 56 78 23 25 42 28 12 30 8 4 13 
43 21 31 14 65 81 77 5 9 71 29 17 78 4 64 19 62 27 33 3 52 42 38 69 70 26 60 1 11 32 37 59 35 22 18 13 20 61 8 50 68 51 44 16 30 46 73 66 25 63 56 80 49 75 72 79 39 48 10 53 40 12 47 28 41 45 55 67 23 76 58 57 74 7 54 24 36 34 6 15 2 
38 26 63 18 17 15 20 70 29 41 66 9 3 30 6 69 68 55 23 50 12 78 62 61 56 8 79 4 48 44 52 76 53 16 25 46 72 45 2 19 54 81 28 75 71 43 10 47 67 27 64 33 39 51 34 13 35 36 65 1 58 74 57 77 5 60 59 24 37 32 7 42 21 14 80 22 49 73 11 40 31 
14 51 54 32 73 8 63 55 49 3 16 66 74 12 4 1 41 17 25 40 72 76 43 81 80 38 67 70 34 60 45 35 44 7 65 42 23 77 47 75 28 20 78 62 53 39 56 37 11 58 26 46 33 31 29 22 52 30 79 36 10 24 59 2 69 64 57 13 6 9 61 27 15 18 71 21 68 5 48 50 19 
2 75 41 5 48 18 45 60 35 9 49 76 73 44 24 15 28 38 66 29 7 52 14 50 34 56 47 81 72 23 55 68 11 31 51 1 30 71 69 36 46 19 10 65 12 64 43 16 8 13 59 6 79 62 20 57 74 21 39 25 70 27 26 3 42 58 33 37 53 40 54 4 61 77 17 80 63 78 22 67 32 
67 64 9 23 56 61 43 62 69 42 39 31 52 13 80 71 37 54 49 4 20 24 68 21 27 12 35 3 73 38 6 16 50 47 22 57 33 66 58 81 11 60 5 70 48 40 72 29 18 76 17 45 10 55 53 75 14 63 32 8 65 2 77 41 36 15 78 25 30 19 59 28 46 1 74 26 7 79 51 34 44 
79 81 76 65 80 31 29 68 16 53 36 60 51 78 48 55 33 6 74 61 41 13 11 63 30 23 46 58 59 26 67 12 43 5 77 64 7 40 27 25 44 49 24 42 8 32 9 19 20 38 28 21 1 34 4 54 37 71 15 56 62 35 3 73 18 47 50 66 45 22 52 17 75 10 14 72 2 69 57 39 70 
13 57 77 33 66 7 3 10 17 40 34 25 19 8 45 65 75 18 55 69 2 31 9 1 79 37 71 39 46 28 41 78 61 74 48 32 22 52 29 59 38 15 73 6 67 50 4 63 12 36 14 68 81 27 58 43 16 23 64 72 51 49 44 60 26 20 80 56 21 70 35 5 11 76 47 30 54 24 42 62 53 
37 24 46 12 26 74 19 59 20 79 47 22 21 68 61 64 23 32 17 44 48 36 70 77 75 78 8 30 15 56 25 10 14 29 40 52 31 54 43 80 51 72 4 9 50 65 57 49 7 2 69 53 35 42 28 5 18 33 41 66 45 73 67 11 62 34 39 76 81 71 63 1 3 55 16 6 60 27 13 58 38 
53 6 71 47 15 28 44 58 1 56 27 72 30 20 69 26 63 77 42 39 73 62 59 65 54 10 5 19 8 66 21 75 2 37 36 79 18 34 57 13 55 14 16 32 76 70 67 48 3 41 22 52 78 80 81 38 61 17 11 40 50 60 46 7 43 31 68 29 51 74 49 24 12 45 33 23 64 4 35 9 25 
4 27 52 11 21 50 70 34 36 67 43 29 58 57 5 10 2 14 3 19 60 32 45 16 28 33 22 17 76 54 69 18 20 80 53 62 79 74 37 39 26 35 64 63 68 15 25 51 73 61 30 47 24 71 13 1 9 78 42 7 48 55 6 23 46 44 77 72 12 38 75 65 40 49 31 59 81 8 66 56 41 
78 38 72 42 22 40 30 25 39 70 59 11 46 50 62 35 81 7 51 26 53 6 15 18 64 58 57 27 63 13 24 33 49 71 9 4 17 21 45 3 2 41 1 61 56 74 5 60 75 44 66 23 77 54 76 19 31 47 69 12 68 34 80 79 55 8 32 48 67 16 10 14 20 65 29 52 73 28 36 37 43 
30 45 74 67 36 39 35 8 19 72 42 56 76 61 44 70 77 29 1 48 4 14 65 23 5 63 11 69 3 22 10 40 46 55 66 12 60 62 34 58 18 7 25 71 64 17 27 20 41 81 33 16 13 57 68 78 26 32 37 75 80 51 9 43 54 24 79 28 50 2 53 52 38 21 73 49 59 31 15 6 47 
56 52 81 40 76 29 1 4 47 32 2 20 48 64 36 14 21 69 60 78 26 7 6 34 42 31 39 37 62 74 50 73 41 67 16 25 9 35 66 57 72 23 75 53 22 5 46 15 49 43 68 55 8 65 11 3 59 10 38 30 28 58 27 12 44 80 61 51 33 17 19 71 77 79 45 13 18 70 54 63 24 
42 15 24 17 69 48 66 78 37 50 46 4 41 22 59 67 58 57 54 43 62 29 52 38 35 2 27 32 30 36 53 80 60 63 72 28 8 26 21 49 13 47 14 31 20 3 39 10 79 6 61 9 75 23 19 12 56 81 73 71 64 5 55 18 74 77 76 34 70 45 11 68 16 44 1 40 25 65 7 33 51 
10 43 55 34 60 32 72 65 23 63 53 6 80 11 31 51 9 68 30 24 44 46 18 79 16 57 61 47 52 4 33 49 29 8 54 5 76 19 17 45 12 59 41 36 70 56 7 71 78 66 74 25 28 26 1 77 2 22 40 50 21 13 35 81 37 27 67 64 38 73 15 48 42 3 39 58 69 20 14 75 62 
68 5 53 49 75 21 50 18 51 1 24 27 13 60 12 8 45 30 76 32 70 47 37 74 3 73 20 65 77 7 14 15 9 6 59 81 43 55 67 16 61 40 11 39 54 80 64 42 63 69 44 38 34 2 52 31 33 41 17 62 23 36 79 78 72 10 66 58 46 25 4 26 71 56 57 35 22 19 29 48 28 
11 2 33 27 9 6 80 22 63 37 62 3 34 38 71 81 79 28 15 10 8 21 67 59 66 68 64 24 13 1 39 20 78 18 17 70 56 51 65 44 5 52 48 73 69 35 40 77 32 45 19 58 53 30 74 25 7 29 49 60 72 54 61 47 75 41 23 31 42 57 14 16 43 46 36 50 4 55 26 76 12 
41 7 38 25 28 13 14 3 31 73 23 54 26 10 16 33 35 47 19 80 75 58 55 36 9 40 49 56 64 45 42 71 48 27 43 11 77 29 4 79 81 2 50 74 15 24 21 72 76 62 70 1 51 12 63 46 53 18 67 44 57 39 34 59 6 22 30 69 65 5 20 60 52 66 32 78 37 68 17 8 61 
20 77 26 70 59 44 12 61 73 49 5 55 39 25 66 7 18 52 41 81 28 53 17 72 13 71 50 79 75 35 19 51 38 34 57 58 68 33 78 46 42 1 6 37 80 47 31 54 22 67 4 14 36 60 65 48 15 43 76 69 24 45 16 62 63 21 29 3 56 8 32 40 27 23 64 9 10 2 74 11 30 
71 62 16 79 58 54 46 57 64 15 19 65 43 75 40 17 78 74 77 45 69 22 25 12 33 51 56 21 31 2 44 23 26 76 61 68 38 32 28 30 3 27 63 24 10 52 50 59 29 37 48 11 73 18 8 70 47 42 20 14 66 6 4 55 9 39 7 35 13 36 1 49 41 34 5 67 53 81 72 80 60 
################proper############## 

 average_time = 1633.155107 

 success runs = 1 

 total average iters = 89834372.000000 
