Success!!! 
 
 max_col = 
 49 
 
 run_time = 
 1415.680458 
 
 once iters = 
 221224822 
 
6 41 45 5 25 10 9 28 12 34 18 32 3 23 48 13 42 21 27 17 8 2 14 36 40 16 49 46 37 24 38 4 43 30 47 7 1 11 29 31 19 44 33 39 35 22 20 15 26 
16 24 47 28 37 49 19 38 4 43 31 46 44 6 39 26 9 40 3 15 1 18 23 17 27 11 35 30 29 14 33 48 5 42 21 32 12 36 22 2 20 25 7 34 41 8 45 10 13 
26 11 32 7 43 23 15 48 13 33 24 30 10 25 28 46 38 41 20 31 44 34 6 19 1 21 22 42 2 9 8 49 12 36 45 35 5 3 39 47 37 18 40 14 17 27 29 16 4 
18 4 46 20 31 35 40 29 45 8 27 2 14 37 23 30 34 25 10 19 47 48 3 33 13 12 24 38 39 22 41 28 16 7 1 15 26 21 43 42 6 17 36 32 5 49 9 44 11 
17 29 34 12 39 21 30 42 36 20 40 26 22 11 35 45 43 6 33 18 5 9 44 7 28 4 15 41 13 19 31 46 32 23 3 27 16 24 10 8 14 49 38 47 2 37 25 48 1 
13 44 22 48 1 42 8 47 49 39 9 16 15 5 4 36 29 7 12 14 2 31 10 32 25 43 37 26 18 17 35 20 27 34 11 40 38 45 30 41 33 23 19 3 6 24 28 46 21 
14 33 27 3 2 36 38 21 19 17 35 1 7 41 16 11 37 32 22 24 49 47 39 8 29 20 45 5 26 10 25 40 6 44 15 46 13 4 34 28 48 9 18 31 23 30 43 42 12 
36 21 23 33 11 19 1 15 2 46 29 37 18 38 14 3 26 35 30 7 6 24 16 47 20 17 34 40 27 32 43 9 31 25 8 45 42 48 12 4 49 41 22 10 44 5 39 13 28 
39 37 2 30 34 28 45 4 10 24 17 41 42 49 38 8 18 5 16 36 43 13 22 25 3 48 19 7 12 23 29 21 44 11 33 47 27 20 6 9 32 40 15 1 46 14 26 35 31 
46 31 40 47 24 43 12 25 44 14 21 34 32 8 49 39 33 45 28 10 29 37 9 1 4 2 11 27 48 7 15 26 35 18 38 22 23 16 13 30 3 5 42 41 19 20 36 17 6 
42 22 4 38 7 48 16 43 5 27 6 31 11 28 19 25 13 1 9 37 23 35 46 14 44 10 32 45 40 20 36 3 34 41 24 8 2 33 17 39 15 26 21 49 30 12 18 29 47 
49 6 9 15 27 29 25 22 3 47 1 23 13 26 11 40 46 24 17 12 20 5 38 41 33 28 43 36 45 2 42 19 30 39 10 44 31 35 21 18 34 14 32 7 4 16 48 37 8 
3 10 44 17 8 18 32 9 39 35 30 36 20 12 31 41 27 34 42 48 22 15 49 26 21 6 23 29 14 5 13 16 47 1 4 11 37 19 25 46 28 7 45 24 40 2 33 43 38 
41 5 26 13 20 14 35 45 48 16 33 19 40 7 44 15 4 47 2 32 21 42 31 30 12 39 8 18 22 49 46 37 28 6 17 1 29 10 36 38 43 24 34 11 9 25 23 27 3 
21 36 35 26 44 8 7 10 34 19 48 38 6 1 22 49 20 16 11 23 37 30 15 24 46 25 47 3 32 33 5 18 14 13 28 31 45 17 9 12 29 2 41 43 39 4 27 40 42 
37 39 14 18 16 32 23 30 33 28 2 11 29 31 9 4 8 26 34 1 27 21 45 12 5 35 48 19 17 46 10 42 49 20 22 6 36 41 40 43 24 3 25 15 13 38 44 47 7 
11 43 41 42 3 47 33 35 32 4 26 44 37 24 15 18 5 29 48 45 40 17 28 39 14 7 16 13 1 21 6 30 36 31 9 10 25 27 20 23 8 38 12 2 22 19 34 49 46 
4 2 20 19 30 45 46 8 7 25 12 14 27 18 10 24 31 42 35 6 17 33 11 22 9 36 41 44 23 15 40 38 29 43 34 13 39 28 49 48 26 47 16 5 21 3 1 32 37 
12 17 31 40 10 38 27 3 22 49 36 9 45 15 46 21 39 28 13 41 32 20 43 29 42 34 6 37 47 26 2 24 4 16 25 19 11 5 1 44 7 30 35 33 48 23 8 14 18 
1 49 13 24 28 22 29 40 20 5 46 39 47 17 12 7 25 33 44 43 3 32 26 18 38 23 4 2 19 48 45 27 41 8 37 16 35 14 42 15 21 34 10 30 36 31 6 11 9 
15 25 5 34 48 9 6 41 23 13 43 21 16 42 30 2 19 14 36 47 38 1 40 10 31 8 27 49 11 12 44 39 3 35 7 37 33 18 4 22 46 32 26 17 20 28 24 45 29 
43 18 29 2 12 26 4 39 17 30 13 3 23 20 25 42 14 36 40 46 15 8 5 31 6 27 28 16 24 45 34 44 38 10 41 49 9 32 19 1 47 37 48 21 11 35 7 22 33 
5 32 1 23 19 7 14 44 41 40 15 25 35 36 17 16 45 8 6 21 31 10 24 2 39 49 29 48 28 42 3 12 26 9 27 43 34 46 18 33 11 22 30 4 37 47 13 38 20 
8 42 28 31 35 15 10 46 24 22 38 49 21 9 18 12 7 27 37 5 33 3 34 11 41 47 20 1 43 29 48 36 2 14 30 25 40 13 16 26 23 4 39 19 32 44 17 6 45 
34 47 17 45 9 44 11 27 14 6 19 48 33 16 20 22 2 38 32 26 39 12 4 43 35 30 7 25 5 13 18 1 15 37 49 28 24 42 3 21 10 36 8 46 31 29 41 23 40 
38 20 21 37 36 6 24 7 47 29 10 45 43 4 13 34 11 49 23 35 28 22 42 46 18 32 17 15 8 40 19 31 39 33 16 30 41 44 5 27 2 48 1 26 14 9 12 3 25 
48 30 25 22 33 27 3 5 8 26 37 12 1 32 24 29 10 43 47 44 41 14 19 40 45 13 36 9 7 35 21 11 23 4 46 17 15 31 38 6 39 20 28 42 18 34 49 2 16 
40 16 49 46 41 13 39 11 28 31 42 18 2 34 1 19 30 9 4 3 48 38 37 23 26 33 44 21 25 6 22 17 20 47 32 14 7 29 8 45 12 35 5 27 15 36 10 24 43 
27 1 3 16 40 25 22 23 38 15 28 7 24 14 37 9 44 31 43 13 12 46 47 48 36 19 5 17 6 4 30 33 42 32 20 26 18 34 11 49 45 21 2 8 29 41 35 39 10 
47 38 24 36 14 34 44 12 30 41 5 43 4 29 6 28 16 10 1 2 46 27 13 37 7 22 25 11 35 39 17 23 18 3 48 33 8 9 15 40 42 19 20 45 26 32 21 31 49 
35 28 6 39 21 41 43 34 9 37 45 47 49 27 42 20 32 23 26 25 4 29 33 3 10 18 14 24 38 31 1 15 8 12 19 48 44 7 2 5 22 13 11 40 16 46 30 36 17 
33 26 19 49 15 12 31 1 25 11 8 42 36 21 40 14 47 3 39 29 18 6 35 4 23 45 30 28 10 16 7 43 13 22 2 41 32 38 37 20 17 46 44 9 24 48 5 34 27 
7 45 10 4 29 46 37 17 35 3 20 13 48 39 8 33 22 15 5 11 24 26 21 44 2 41 38 32 9 28 27 34 25 49 40 36 6 30 31 14 1 16 43 18 12 42 47 19 23 
20 9 48 11 42 30 5 31 18 2 32 40 19 22 7 35 41 17 21 49 36 43 12 34 16 15 1 8 44 47 37 45 24 46 26 29 10 39 23 3 25 27 13 38 33 6 4 28 14 
23 13 8 32 18 17 2 26 6 10 16 33 46 44 34 38 48 30 45 27 19 40 20 9 49 42 39 31 36 41 11 5 21 29 14 24 47 43 28 35 4 12 37 22 1 7 3 25 15 
22 8 37 6 17 33 18 20 29 7 49 28 31 46 47 44 1 39 15 30 34 23 2 13 43 9 42 4 41 3 16 35 45 26 36 12 19 25 24 32 40 10 27 48 38 11 14 21 5 
9 3 12 41 49 1 36 2 27 38 47 35 39 43 29 48 6 13 24 40 14 45 30 16 22 37 21 34 31 25 23 7 46 19 18 42 4 15 26 11 5 28 17 20 10 33 32 8 44 
24 40 15 29 45 39 47 32 16 42 22 6 17 10 27 43 3 18 31 28 11 41 36 35 8 46 26 12 4 38 20 2 1 21 5 9 14 37 48 7 44 33 49 23 25 13 19 30 34 
19 35 7 44 4 31 13 36 1 21 23 8 30 3 33 10 12 2 25 22 26 39 48 49 11 5 18 20 42 34 32 14 37 40 43 38 17 47 46 29 27 6 9 16 28 45 15 41 24 
30 34 38 43 23 5 48 14 11 45 25 4 26 19 41 37 21 46 8 16 42 7 32 28 24 44 31 33 15 27 9 10 22 17 29 39 20 49 35 13 18 1 47 6 3 40 2 12 36 
2 46 42 14 26 20 28 33 40 18 41 5 34 13 32 23 17 19 49 38 9 25 29 27 15 3 10 6 30 11 12 47 48 24 44 21 22 8 45 36 16 31 4 35 7 43 37 1 39 
25 27 11 10 32 16 21 37 15 12 44 24 9 48 45 5 36 4 7 20 35 19 1 38 17 14 40 47 49 8 39 13 33 28 6 23 3 2 41 34 30 43 46 29 42 18 31 26 22 
10 12 18 21 38 37 34 6 31 44 3 22 5 30 36 17 15 48 14 8 7 28 27 20 19 40 33 23 16 43 47 29 11 2 42 4 49 1 32 25 41 39 24 13 45 26 46 9 35 
29 23 43 27 5 11 41 13 46 32 14 15 25 40 26 1 49 22 38 39 10 44 7 6 30 24 9 35 20 18 28 8 19 48 31 34 21 12 33 16 36 45 3 37 47 17 42 4 2 
32 48 39 8 6 40 26 19 43 23 11 17 12 47 2 31 24 20 18 34 13 36 25 45 37 38 46 14 3 1 4 41 7 15 35 5 28 22 27 10 9 42 29 44 49 21 16 33 30 
45 19 16 1 46 3 42 49 37 48 4 20 28 2 5 47 40 44 29 33 25 11 17 15 34 31 12 39 21 30 26 32 9 38 13 18 43 23 14 24 35 8 6 36 27 10 22 7 41 
31 7 33 25 47 24 17 16 42 9 34 29 38 35 3 6 28 37 41 4 45 49 18 21 48 26 2 43 46 36 14 22 10 27 39 20 30 40 44 19 13 15 23 12 8 1 11 5 32 
44 15 36 9 13 4 20 24 26 1 7 10 41 33 21 27 35 12 19 42 30 16 8 5 32 29 3 22 34 37 49 25 40 45 23 2 46 6 47 17 31 11 14 28 43 39 38 18 48 
28 14 30 35 22 2 49 18 21 36 39 27 8 45 43 32 23 11 46 9 16 4 41 42 47 1 13 10 33 44 24 6 17 5 12 3 48 26 7 37 38 29 31 25 34 15 40 20 19 
################proper############## 

 average_time = 1415.680458 

 success runs = 1 

 total average iters = 221224822.000000 
