Success!!! 
 
 max_col = 
 49 
 
 run_time = 
 27.759354 
 
 once iters = 
 2172898 
 
7 17 31 28 9 36 15 18 6 43 22 3 2 23 12 33 27 26 14 47 20 42 35 25 37 19 38 30 8 5 44 24 1 4 34 16 49 29 10 40 21 48 39 45 11 13 32 41 46 
33 6 13 30 39 37 49 4 38 21 25 40 41 19 11 44 34 10 45 7 24 22 8 23 14 17 26 9 48 20 46 18 29 43 42 3 32 36 1 35 47 27 5 16 31 15 28 2 12 
40 47 5 43 10 14 26 49 12 17 30 24 33 42 21 19 22 1 32 4 15 28 44 39 46 11 31 6 2 37 16 41 25 35 27 20 13 45 18 9 34 38 7 8 36 48 3 23 29 
21 41 32 11 25 12 18 35 7 5 37 16 15 34 38 17 42 43 31 48 3 24 29 36 2 40 10 13 26 14 22 45 49 33 28 4 6 8 23 30 46 39 9 1 27 19 20 47 44 
34 4 16 24 46 45 22 29 48 14 31 26 32 36 25 9 13 6 8 30 2 27 43 20 1 41 12 5 23 47 3 38 40 39 15 17 7 33 11 28 44 19 49 35 37 10 21 42 18 
29 2 27 20 35 38 3 28 45 8 47 13 1 44 40 46 39 36 23 49 18 48 15 33 34 16 32 21 31 11 7 6 19 9 10 12 43 37 42 41 5 24 22 30 4 14 26 17 25 
23 1 8 42 44 48 19 27 20 10 46 9 39 11 37 16 41 5 29 35 28 47 18 49 7 4 45 3 21 36 17 12 30 13 32 15 22 14 25 31 2 26 43 40 33 34 38 24 6 
48 37 6 9 43 31 33 40 29 34 28 42 3 18 4 14 5 46 49 26 47 2 20 24 41 39 13 1 16 23 27 21 10 12 17 25 11 32 38 44 35 30 15 7 22 8 36 19 45 
25 21 12 3 26 32 30 38 10 22 7 1 11 9 23 40 18 45 13 16 6 36 27 8 17 29 34 35 33 15 49 48 39 46 19 24 20 41 31 2 28 4 37 44 43 42 47 14 5 
41 5 29 23 20 22 27 21 19 30 24 6 13 8 35 15 3 39 28 25 33 26 32 14 12 38 11 47 42 34 18 31 37 44 7 43 16 49 36 10 1 45 4 46 48 2 17 9 40 
49 10 42 35 15 7 47 41 26 39 27 14 46 4 8 37 24 38 21 1 19 45 16 31 25 48 43 44 28 3 20 22 36 6 2 23 40 5 17 18 9 12 13 34 29 32 33 30 11 
11 34 4 16 14 24 36 45 17 12 33 25 48 35 44 2 30 31 7 43 29 40 19 18 9 3 22 15 41 1 38 5 32 26 47 6 46 21 8 42 13 37 20 27 23 39 10 28 49 
46 38 44 13 8 18 2 47 16 36 5 31 23 20 17 48 32 34 27 12 10 49 4 37 33 21 42 28 43 45 30 9 35 11 40 29 19 22 39 7 15 14 24 6 41 3 25 26 1 
39 40 19 45 28 17 1 44 2 32 43 15 49 37 42 11 36 9 41 20 22 7 30 46 10 6 5 23 13 24 4 8 14 29 25 27 34 47 33 48 26 3 35 12 18 38 16 21 31 
22 16 3 36 24 4 21 34 5 1 41 8 17 49 20 35 38 30 9 32 40 23 13 44 39 31 2 37 14 29 25 26 33 19 46 18 15 42 28 11 27 6 45 10 47 43 48 12 7 
45 28 43 44 23 26 14 15 47 25 18 39 10 46 24 31 49 4 6 8 37 41 3 21 30 20 27 33 17 38 12 40 5 32 11 22 48 13 16 19 7 9 29 42 35 1 2 34 36 
2 27 41 31 49 10 29 13 44 26 11 37 30 48 36 47 14 42 18 28 46 9 45 38 35 34 25 32 22 4 24 20 15 7 1 33 12 40 43 39 3 8 16 5 19 17 23 6 21 
35 42 18 1 30 39 9 14 36 29 45 28 20 7 22 26 48 15 5 23 25 12 6 19 47 49 17 4 10 41 43 16 3 27 31 34 21 2 46 38 37 44 33 24 32 40 11 8 13 
8 11 38 7 47 46 5 32 22 16 23 12 43 24 10 34 29 3 19 33 1 18 28 42 15 26 48 40 39 6 9 37 2 21 13 41 45 20 35 17 4 36 14 25 49 31 44 27 30 
20 12 37 48 34 13 32 31 3 19 40 33 9 6 41 21 2 17 44 27 43 10 46 11 22 5 16 7 35 42 23 36 8 45 30 14 29 1 49 25 24 47 26 38 28 4 18 15 39 
6 19 15 33 40 25 17 42 4 35 38 2 27 21 39 45 12 11 16 13 7 43 1 29 8 14 36 24 18 44 34 28 48 47 49 31 10 26 30 23 32 5 41 37 3 20 9 46 22 
17 18 34 27 11 40 6 5 23 20 48 29 21 12 49 30 43 19 10 22 13 44 47 7 32 9 35 31 1 26 41 42 16 28 37 38 36 15 14 46 25 2 3 4 39 33 8 45 24 
15 13 35 37 19 42 38 1 46 4 49 30 36 31 48 29 23 41 20 39 9 3 25 34 16 45 40 17 6 43 2 47 18 22 8 7 26 11 24 27 33 32 44 14 12 21 5 10 28 
43 3 26 47 21 23 25 37 8 44 6 17 24 41 2 27 4 35 33 14 31 38 36 10 5 13 19 42 15 32 40 29 7 48 9 45 1 28 20 12 39 34 18 11 30 49 46 22 16 
12 14 39 41 2 8 16 33 9 13 10 22 26 32 7 38 37 25 46 11 45 20 49 27 18 24 28 43 44 19 36 3 21 34 5 40 47 4 48 29 30 42 6 15 17 23 1 31 35 
28 22 48 5 33 44 31 3 39 40 19 45 47 43 32 1 21 18 24 15 36 6 14 4 26 37 30 46 12 13 11 27 17 20 38 10 35 23 9 16 8 49 42 2 7 29 34 25 41 
4 7 45 49 29 9 46 11 35 2 34 38 28 27 5 12 8 16 17 40 42 1 23 48 21 15 33 22 30 10 14 39 31 25 24 44 3 6 41 13 18 43 36 19 20 47 37 32 26 
36 30 20 10 32 1 24 25 18 42 16 7 14 15 6 28 26 47 34 3 44 11 12 41 29 8 39 2 46 33 35 49 45 23 4 37 5 31 19 22 17 21 38 13 40 9 43 48 27 
19 29 46 4 42 35 40 12 14 33 3 44 34 2 31 5 28 48 25 37 27 8 24 30 43 32 6 38 7 16 47 11 9 49 39 26 23 17 21 1 22 20 10 18 13 41 45 36 15 
18 9 49 6 41 5 7 30 37 27 13 11 22 17 1 43 20 24 12 46 39 34 33 16 23 36 15 48 19 8 45 2 4 31 21 32 14 35 44 3 40 10 28 29 25 26 42 38 47 
1 26 23 14 22 28 8 48 21 18 39 43 5 10 19 32 16 7 47 38 17 35 11 2 4 42 20 41 40 30 29 15 13 37 33 36 24 9 45 6 31 25 12 3 46 27 49 44 34 
30 32 10 17 37 21 48 7 15 6 9 36 19 16 33 22 40 44 4 34 14 13 31 3 45 46 47 39 25 35 42 43 26 38 41 8 18 12 27 49 29 28 1 23 2 11 24 5 20 
27 44 11 38 12 16 43 26 28 47 8 20 25 1 29 23 45 21 36 2 41 19 9 17 49 10 37 18 24 22 48 46 6 5 3 30 4 34 7 15 42 13 31 39 14 35 40 33 32 
24 15 36 39 3 47 45 46 31 23 29 49 35 38 18 8 11 13 42 10 30 25 5 40 28 12 21 26 20 27 32 44 34 1 14 2 33 48 37 43 41 16 17 9 6 22 19 7 4 
31 25 33 34 13 2 20 24 41 45 32 4 42 40 9 3 15 49 35 6 26 14 22 1 27 44 7 29 36 18 28 17 23 10 12 46 39 38 5 47 19 11 21 48 8 16 30 43 37 
14 48 17 25 18 27 23 8 43 49 15 10 29 47 28 6 9 22 39 21 34 30 7 32 42 35 46 16 5 40 33 4 11 41 26 13 37 24 2 36 38 1 19 31 44 45 12 20 3 
3 46 30 29 7 49 28 2 40 31 14 27 37 33 43 20 17 12 15 42 5 4 48 47 11 1 8 45 38 21 6 19 22 36 44 35 25 39 26 34 16 41 23 32 10 24 13 18 9 
5 35 1 8 6 11 44 39 24 7 4 21 16 13 46 10 47 32 26 31 38 33 41 43 36 25 49 27 9 12 37 30 20 14 48 19 17 3 40 45 23 18 2 22 34 28 15 29 42 
32 36 24 2 38 20 10 17 11 48 42 35 12 3 16 7 33 40 37 45 23 39 34 26 44 22 18 19 29 31 13 25 27 15 43 28 9 30 6 21 14 46 47 49 1 5 41 4 8 
13 33 40 22 45 15 12 6 32 9 1 41 18 28 14 25 19 8 2 36 35 37 17 5 38 23 29 20 3 46 10 34 42 24 16 49 27 44 47 4 43 31 11 21 26 30 7 39 48 
42 31 9 19 16 43 41 23 30 46 36 34 45 26 13 4 44 27 11 18 48 15 21 6 24 28 3 10 32 49 39 1 47 2 35 5 8 7 29 20 12 22 25 17 38 37 14 40 33 
26 39 47 21 4 34 37 22 25 38 20 19 44 5 30 24 1 29 3 41 49 31 40 12 13 2 9 14 45 17 8 7 28 18 23 48 42 10 32 33 11 15 27 36 16 46 6 35 43 
44 23 21 40 5 41 39 10 33 11 12 46 6 22 47 49 35 20 1 24 16 17 26 45 19 30 4 34 27 28 31 13 38 3 36 42 2 18 15 32 48 7 8 43 9 25 29 37 14 
10 49 7 26 1 6 34 16 42 3 35 5 38 14 45 18 46 23 43 17 8 29 2 28 31 33 44 11 4 9 21 32 24 30 20 39 41 25 22 37 36 40 48 47 15 12 27 13 19 
16 45 22 32 36 30 4 19 34 37 21 48 8 25 26 39 10 33 38 9 11 46 42 35 3 43 23 12 47 7 15 14 41 17 18 1 44 27 13 5 20 29 40 28 24 6 31 49 2 
9 24 2 12 48 33 42 43 13 41 17 18 40 39 27 36 7 28 30 29 21 5 10 15 20 47 1 49 37 25 19 23 46 8 22 11 31 16 34 14 6 35 32 26 45 44 4 3 38 
37 20 25 46 27 29 35 36 49 28 44 47 4 45 15 42 31 14 40 19 32 21 39 13 48 18 24 8 34 2 1 33 12 16 6 9 38 43 3 26 10 17 30 41 5 7 22 11 23 
47 43 14 15 17 3 11 20 27 24 2 32 31 30 34 13 25 37 22 5 4 16 38 9 6 7 41 36 49 48 26 35 44 40 29 21 28 19 12 8 45 23 46 33 42 18 39 1 10 
38 8 28 18 31 19 13 9 1 15 26 23 7 29 3 41 6 2 48 44 12 32 37 22 40 27 14 25 11 39 5 10 43 42 45 47 30 46 4 24 49 33 34 20 21 36 35 16 17 
################proper############## 

 average_time = 27.759354 

 success runs = 1 

 total average iters = 2172898.000000 
