Success!!! 
 
 max_col = 
 49 
 
 run_time = 
 955.922534 
 
 once iters = 
 148178820 
 
4 21 27 17 25 13 48 39 43 8 14 31 40 20 46 7 41 42 44 9 38 15 19 49 26 36 47 33 16 32 37 35 23 5 3 2 18 24 29 1 12 22 6 30 11 34 10 45 28 
32 20 2 38 45 26 24 9 46 5 33 27 28 3 13 4 30 12 47 19 1 40 37 41 23 48 17 16 6 14 18 7 22 43 34 21 49 10 31 44 15 11 35 36 25 8 39 29 42 
9 47 35 39 1 41 31 48 19 34 10 21 36 15 6 23 17 20 25 22 33 14 32 24 18 29 5 8 42 13 28 11 2 30 27 43 37 46 38 45 7 40 44 49 3 12 4 16 26 
37 11 3 7 33 29 34 42 41 18 12 22 30 47 40 10 2 48 15 36 43 45 35 9 28 13 44 31 21 25 46 49 8 4 39 5 16 6 26 32 27 20 19 14 17 38 24 23 1 
5 43 40 23 12 30 15 49 44 24 38 26 35 6 28 32 3 16 21 45 37 11 25 2 22 46 20 39 29 1 10 33 36 19 17 4 48 8 9 14 42 34 31 41 18 7 27 13 47 
22 6 16 18 8 14 36 23 4 2 7 37 13 32 11 49 27 29 5 26 39 42 12 30 38 1 10 34 31 48 15 41 24 44 45 25 3 47 17 35 28 19 20 43 9 33 21 40 46 
28 46 19 10 42 49 44 17 1 25 45 16 29 11 8 18 14 35 24 31 34 3 6 4 7 27 43 21 9 38 40 26 47 12 20 41 30 39 33 23 13 36 5 48 32 22 37 2 15 
6 13 48 19 47 31 8 12 21 28 1 41 14 30 2 15 32 17 45 46 40 5 20 35 4 11 39 25 49 29 16 24 10 3 26 33 43 38 42 18 22 27 7 9 34 36 44 37 23 
1 14 34 45 18 25 5 43 9 20 37 38 46 10 33 47 4 7 31 29 23 12 36 42 3 21 48 49 28 22 35 19 39 15 32 6 11 26 44 40 2 41 27 13 24 16 30 8 17 
41 23 29 30 24 12 16 36 39 48 17 11 4 7 26 44 49 27 8 34 25 46 31 38 47 43 2 1 20 9 13 18 14 42 37 28 19 35 21 10 45 32 22 5 40 15 3 33 6 
21 3 37 4 7 22 27 40 33 29 32 25 49 35 1 36 10 43 16 20 13 28 44 26 17 9 6 14 11 45 2 46 48 23 47 24 31 5 15 34 8 30 38 18 12 19 42 41 39 
36 49 32 40 15 42 10 45 16 27 26 5 3 2 35 38 9 24 19 14 6 23 41 22 37 33 18 13 44 34 43 8 4 17 30 39 12 7 1 47 20 29 46 25 21 28 11 48 31 
46 33 28 44 26 43 17 24 13 31 23 47 42 34 22 5 48 18 39 3 11 27 7 15 19 30 8 10 36 40 41 6 21 38 12 16 9 49 14 37 25 4 1 29 45 32 2 20 35 
39 2 9 35 38 20 11 22 18 15 8 6 19 44 41 28 21 37 30 12 42 32 24 29 16 34 40 45 27 5 7 25 1 33 31 36 23 17 13 48 3 46 14 4 43 47 26 10 49 
10 34 12 8 16 9 32 1 25 30 2 45 31 48 42 46 11 47 13 35 24 6 49 39 29 28 36 22 7 27 26 4 3 41 44 20 14 21 37 38 40 18 17 15 5 23 33 19 43 
42 35 41 29 48 44 6 19 38 12 9 43 21 13 27 37 28 23 2 33 10 30 46 45 8 5 7 15 34 16 22 40 17 31 25 3 47 36 32 49 39 24 26 11 20 1 14 4 18 
15 25 24 13 5 27 22 3 35 36 28 49 11 17 21 41 7 31 1 39 12 4 16 14 34 44 19 47 18 2 20 43 37 29 48 42 26 45 23 9 10 33 8 40 30 6 38 46 32 
11 1 43 31 3 33 37 15 20 39 34 32 7 18 14 30 29 4 36 38 44 17 27 13 10 26 12 40 23 47 49 9 28 24 8 46 5 19 25 6 41 48 16 45 2 21 35 42 22 
17 4 36 28 14 47 39 37 10 23 40 8 33 16 9 34 18 25 6 5 26 48 2 21 35 42 3 20 45 19 30 15 38 32 46 1 7 11 27 22 29 43 41 24 31 44 13 49 12 
20 19 21 46 49 38 26 44 27 22 4 29 5 24 17 48 45 32 43 40 16 31 18 33 9 41 37 23 10 11 39 14 6 1 42 12 35 13 8 15 30 2 47 3 36 25 28 7 34 
45 7 30 2 23 40 18 26 6 14 47 42 41 46 15 3 22 19 20 8 49 25 43 1 24 38 32 11 5 12 33 36 35 21 13 34 17 44 28 16 4 31 48 10 39 29 9 27 37 
27 41 23 25 20 36 13 6 26 11 16 34 48 22 4 19 35 49 29 15 3 1 28 40 12 17 33 46 37 39 24 30 9 10 21 32 8 14 2 31 38 5 43 47 42 18 7 44 45 
2 26 8 15 44 24 43 27 37 19 25 3 20 1 5 6 12 45 40 48 18 21 30 32 31 39 13 4 47 7 42 34 46 14 23 35 36 9 41 17 49 16 29 38 28 10 22 11 33 
34 39 33 49 31 11 3 35 2 21 41 46 38 9 10 13 37 44 42 17 7 20 29 27 5 25 23 6 32 28 1 45 18 22 4 15 24 43 19 30 48 47 40 8 26 14 12 36 16 
7 45 4 21 17 37 46 28 8 10 29 14 24 33 32 9 1 38 27 47 31 22 15 44 43 19 35 2 12 26 3 16 49 36 6 40 25 18 34 39 11 42 13 23 41 5 48 30 20 
47 29 42 9 6 1 12 32 7 17 36 18 44 40 16 2 20 46 33 11 30 24 10 48 41 14 49 26 43 31 38 27 15 8 5 23 22 28 4 13 37 45 25 19 35 3 34 39 21 
35 10 38 48 30 18 14 5 42 43 31 15 23 49 34 39 24 28 22 21 41 37 8 47 45 7 16 36 33 20 11 13 25 40 19 29 44 27 3 12 26 1 4 46 6 2 32 17 9 
16 28 22 32 40 5 19 13 12 47 30 39 45 4 23 8 43 36 26 25 14 9 38 3 11 18 34 42 41 17 48 29 44 2 35 7 46 20 6 21 33 10 49 27 1 37 31 15 24 
24 48 44 33 37 19 47 8 28 26 3 2 32 21 30 25 6 22 49 41 27 38 9 20 36 45 15 35 40 4 14 1 13 46 43 17 42 23 7 11 16 12 34 39 10 31 5 18 29 
13 27 39 42 32 23 40 16 5 33 46 1 34 14 29 43 31 3 35 7 8 26 21 12 6 10 4 44 30 36 47 2 45 49 18 48 38 15 20 41 9 28 37 17 22 11 19 24 25 
43 12 25 6 2 34 49 7 31 38 35 23 37 41 36 16 42 40 14 13 46 29 1 18 48 22 11 27 17 8 21 5 32 28 9 45 10 4 39 24 19 3 15 26 33 30 20 47 44 
14 8 5 41 11 15 7 18 49 6 44 9 39 43 48 17 34 21 28 10 19 33 40 16 32 37 31 30 24 3 29 23 12 20 22 26 13 1 47 36 46 25 42 35 4 27 45 38 2 
38 16 45 3 21 17 1 30 36 13 20 48 10 29 39 26 47 33 37 4 9 8 34 5 49 24 41 28 19 35 25 44 42 11 15 18 27 40 22 2 31 14 32 12 23 43 46 6 7 
26 18 46 36 4 35 28 47 22 42 15 40 25 12 45 24 23 5 11 44 20 7 13 17 39 2 14 19 38 37 27 10 31 34 33 49 32 30 43 29 6 21 9 1 16 48 8 3 41 
30 31 20 22 29 10 9 4 11 45 24 17 27 19 18 12 15 1 38 32 2 43 23 25 46 47 42 3 39 41 6 48 26 7 16 37 33 34 35 5 44 8 28 21 49 13 40 14 36 
40 22 31 47 46 48 35 25 24 41 49 4 17 37 44 11 19 8 9 18 21 2 14 43 20 12 1 38 13 15 5 39 27 16 36 30 28 29 10 26 32 6 45 33 7 42 23 34 3 
33 37 10 34 43 6 4 46 29 3 39 35 8 42 25 27 16 15 23 30 5 44 48 31 21 40 45 7 22 49 19 17 11 26 24 47 1 2 18 20 36 13 12 32 14 9 41 28 38 
49 17 14 11 13 28 23 38 45 32 21 19 1 27 20 40 46 6 10 2 48 16 22 36 42 35 30 29 25 33 4 47 41 37 7 9 34 3 12 8 43 39 24 44 15 26 18 31 5 
44 5 26 24 9 8 29 33 48 40 6 30 22 31 7 35 39 14 12 43 47 34 3 11 13 23 28 32 1 21 45 38 20 18 10 19 15 41 16 42 17 49 2 37 27 46 36 25 4 
18 32 1 27 36 39 21 20 14 7 5 10 15 28 49 22 33 13 4 42 29 47 26 37 25 8 9 41 3 6 34 12 30 48 2 38 45 31 24 46 23 44 11 16 19 35 17 43 40 
12 38 15 20 19 3 2 11 34 16 13 36 9 23 31 45 26 41 32 28 17 10 39 46 33 4 24 18 8 43 44 42 29 35 14 27 21 25 40 7 5 37 30 22 47 49 6 1 48 
25 42 7 16 41 45 30 2 47 44 18 12 43 26 24 1 38 34 3 37 36 19 17 6 15 49 27 5 46 23 31 32 40 9 28 22 4 48 11 33 14 35 10 20 13 39 29 21 8 
3 30 11 5 10 16 25 29 17 1 43 24 6 45 38 31 36 2 7 49 15 41 42 8 44 32 21 48 35 18 23 22 19 27 40 13 39 12 46 4 34 9 33 28 37 20 47 26 14 
48 15 17 1 35 21 33 31 40 9 11 7 26 8 19 42 44 10 18 27 32 36 45 34 2 20 25 24 4 46 12 37 5 39 49 14 29 16 30 28 47 23 3 6 38 41 43 22 13 
19 24 49 37 39 4 41 21 3 46 42 20 12 25 47 29 5 30 34 6 45 35 33 7 14 16 26 9 15 44 8 28 43 13 38 10 2 22 36 27 18 17 23 31 48 40 1 32 11 
23 36 6 26 28 2 42 14 32 49 27 44 16 5 12 33 8 39 41 1 22 13 4 19 40 3 29 43 48 10 17 21 7 47 11 31 20 37 45 25 35 38 18 34 46 24 15 9 30 
31 9 13 12 22 46 45 34 30 37 19 28 47 36 43 14 40 26 48 23 35 18 11 10 1 6 38 17 2 24 32 20 33 25 29 8 41 42 49 3 21 15 39 7 44 4 16 5 27 
8 40 18 14 34 32 20 10 23 35 48 13 2 38 3 21 25 11 46 24 4 39 47 28 27 15 22 37 26 30 9 31 16 45 41 44 6 33 5 43 1 7 36 42 29 17 49 12 19 
29 44 47 43 27 7 38 41 15 4 22 33 18 39 37 20 13 9 17 16 28 49 5 23 30 31 46 12 14 42 36 3 34 6 1 11 40 32 48 19 24 26 21 2 8 45 25 35 10 
################proper############## 

 average_time = 955.922534 

 success runs = 1 

 total average iters = 148178820.000000 
