Success!!! 
 
 max_col = 
 49 
 
 run_time = 
 572.652381 
 
 once iters = 
 55601602 
 
42 18 39 34 48 10 47 36 8 16 22 40 28 29 12 45 15 25 13 7 6 21 31 44 5 41 23 14 9 17 33 32 49 24 30 35 26 37 19 3 20 11 46 1 38 27 4 43 2 
13 41 36 1 25 9 24 10 39 31 35 47 46 7 48 21 37 5 29 16 8 6 42 30 11 18 3 20 27 34 15 2 44 43 4 38 40 28 22 45 12 23 33 49 32 19 14 17 26 
14 8 44 19 16 4 11 33 9 48 3 17 5 13 2 27 18 34 39 28 38 37 32 12 46 7 24 45 22 41 1 26 29 6 47 43 30 15 25 49 36 10 20 23 21 35 31 42 40 
15 38 7 43 33 20 12 14 19 42 24 49 25 18 30 44 40 31 22 1 32 34 17 47 9 2 28 26 10 11 36 23 13 48 35 4 21 46 6 41 16 27 37 45 39 5 3 29 8 
3 21 17 46 6 32 22 27 26 11 30 43 38 4 14 35 20 36 41 49 23 8 19 39 1 15 40 13 42 37 16 31 45 12 18 33 24 5 34 29 48 2 25 28 44 47 10 9 7 
45 37 26 49 29 28 27 41 23 20 21 34 2 44 24 3 46 9 42 11 4 10 22 33 16 25 35 43 7 40 39 19 38 5 14 31 13 1 8 32 47 17 18 12 15 30 6 36 48 
2 40 5 35 30 31 23 37 6 15 32 1 45 12 33 26 10 43 19 47 17 49 36 48 27 29 38 4 28 20 3 25 21 8 46 44 42 18 7 39 9 14 34 24 22 13 41 11 16 
11 6 47 13 32 38 43 28 36 12 10 2 26 20 29 1 3 4 37 41 42 24 33 31 45 5 25 7 15 14 17 30 19 23 39 21 8 22 40 48 49 44 16 46 27 9 34 18 35 
19 48 8 4 7 41 36 16 22 43 17 13 47 32 27 33 45 11 24 9 18 12 21 46 42 44 14 15 26 31 35 49 28 3 34 20 10 6 39 38 23 5 1 29 40 25 30 2 37 
30 12 40 10 28 37 29 31 34 6 11 23 21 3 39 19 16 32 26 36 25 9 13 22 35 49 17 41 47 2 27 38 5 1 48 45 43 4 46 7 14 18 8 44 42 15 24 20 33 
21 34 25 44 27 39 16 18 49 14 45 33 15 42 46 5 8 22 31 10 30 47 38 26 2 40 20 48 29 6 41 11 7 4 9 37 1 35 36 12 32 24 3 13 28 17 43 23 19 
17 20 35 23 26 14 46 30 1 44 19 7 41 40 47 6 2 15 38 21 28 29 39 27 8 4 11 18 12 33 24 43 16 37 22 42 3 25 13 31 34 9 48 36 45 32 5 10 49 
31 42 22 3 9 15 18 4 25 35 37 5 24 8 34 40 49 48 44 12 7 30 10 43 23 28 1 16 13 32 45 21 46 36 20 17 19 33 29 2 27 26 6 38 41 39 11 47 14 
5 33 45 24 2 49 1 46 38 39 27 48 29 9 35 23 17 20 14 43 13 32 34 3 36 6 19 37 8 44 42 40 10 18 25 15 16 41 11 47 30 28 31 7 4 21 12 26 22 
9 45 2 26 11 24 49 38 5 8 1 3 39 36 25 13 48 35 15 34 40 43 7 16 32 14 18 31 20 47 28 22 12 21 6 23 37 27 33 4 44 46 42 41 19 10 29 30 17 
29 10 42 8 35 16 6 47 37 30 2 26 12 41 21 14 7 46 20 38 49 3 5 28 44 19 22 1 40 24 34 17 25 39 23 18 32 45 9 15 11 48 43 4 33 31 27 13 36 
18 19 48 20 36 33 25 43 44 4 7 14 23 15 11 10 24 28 3 6 5 40 27 17 34 13 12 8 1 46 29 37 41 42 32 2 47 39 38 30 21 31 45 16 26 49 22 35 9 
43 44 1 27 14 23 5 45 21 40 42 9 34 10 4 37 26 19 17 18 2 15 29 41 25 36 30 6 3 8 31 33 11 38 16 7 35 20 49 13 22 12 32 48 24 46 47 28 39 
32 39 12 21 13 3 7 29 35 22 31 18 48 28 23 42 41 44 43 30 27 46 47 45 4 38 33 11 49 5 19 10 15 9 2 24 36 8 17 34 26 16 40 20 1 14 37 6 25 
37 28 46 31 15 22 4 32 13 17 33 24 6 27 9 16 29 12 1 45 47 2 20 49 48 21 10 39 18 35 43 36 30 7 26 14 5 40 41 25 42 19 11 34 8 23 44 38 3 
34 17 41 38 40 47 30 19 16 49 46 11 20 25 22 32 39 8 36 31 33 42 23 35 37 9 26 24 48 13 4 14 27 45 44 10 29 43 3 1 28 6 15 18 7 12 2 5 21 
33 13 16 47 39 17 32 11 18 25 29 22 19 1 36 12 27 10 35 23 3 45 40 8 15 34 9 28 41 26 21 20 31 2 37 49 44 14 24 42 5 30 4 6 46 38 7 48 43 
12 23 29 37 8 11 14 5 43 38 47 31 35 6 16 22 44 30 40 33 21 25 41 19 49 10 13 17 4 28 18 7 34 15 42 46 20 26 48 27 2 32 39 3 36 45 9 24 1 
27 31 20 42 19 18 26 9 14 45 40 16 30 23 32 41 11 1 47 37 15 7 48 21 24 43 2 38 36 49 46 8 39 44 3 28 17 29 4 6 13 35 5 22 34 33 25 12 10 
7 4 21 36 3 34 38 49 32 41 15 10 17 24 45 28 13 26 25 20 43 5 1 42 18 33 46 23 16 9 11 48 6 47 40 19 22 12 31 37 8 39 2 14 29 44 35 27 30 
28 22 43 30 46 44 9 7 2 13 20 36 3 33 17 48 4 42 34 8 19 31 6 37 12 39 29 35 5 38 10 24 32 14 27 1 25 47 45 23 18 21 26 11 49 40 16 15 41 
35 5 15 25 10 1 45 26 46 37 44 39 4 48 49 9 6 38 18 2 24 22 30 20 14 11 27 3 19 12 23 13 43 17 29 41 34 36 16 40 7 33 28 47 31 8 42 21 32 
48 24 49 2 41 6 40 42 12 27 34 28 8 21 31 46 5 14 7 29 39 36 26 4 47 16 44 32 30 25 22 35 1 33 45 3 15 11 10 9 38 43 17 19 13 18 23 37 20 
46 11 31 12 49 2 8 25 27 34 13 20 37 35 6 24 38 16 10 5 48 33 45 40 3 32 41 36 14 15 47 44 17 29 1 9 39 30 23 28 43 22 19 21 18 7 26 4 42 
39 32 34 7 38 48 42 2 4 26 23 45 43 11 15 25 19 47 27 35 31 28 18 9 21 17 49 29 33 30 20 16 22 46 12 36 6 13 44 14 41 37 24 8 10 1 40 3 5 
1 15 37 5 17 36 19 48 30 10 6 12 16 22 8 29 9 41 49 13 26 44 2 23 39 46 4 27 24 43 7 42 40 28 11 25 18 34 35 21 3 38 14 33 47 20 32 45 31 
23 9 30 18 45 40 20 21 24 5 36 15 44 31 7 34 28 33 46 32 22 1 43 14 10 48 6 19 38 3 26 39 4 41 49 8 11 42 27 16 17 47 35 2 12 37 13 25 29 
41 14 3 33 44 43 13 8 42 32 28 29 1 17 40 30 21 18 23 4 20 38 25 15 31 35 16 47 37 27 6 45 2 19 36 26 12 49 5 24 10 7 9 39 11 34 48 22 46 
6 47 10 29 22 27 21 3 40 33 9 41 14 46 44 39 43 17 11 42 12 26 37 7 13 24 5 34 25 23 8 18 48 35 31 32 4 19 2 20 45 1 36 30 16 28 15 49 38 
25 16 24 28 4 26 35 39 7 47 18 38 49 19 37 36 14 45 2 3 1 20 8 11 22 30 42 12 34 10 32 5 9 13 21 40 48 31 15 33 46 29 44 27 23 43 17 41 6 
24 2 27 6 1 29 10 20 47 23 16 19 22 43 26 7 31 49 32 48 11 18 4 34 41 42 37 21 46 39 9 15 33 30 38 12 45 17 28 5 40 8 13 25 35 3 36 14 44 
8 46 14 41 18 25 28 40 29 2 49 21 11 5 19 20 33 39 12 44 34 17 35 1 30 31 32 9 43 42 37 3 23 26 13 48 38 24 47 36 4 15 22 10 6 16 45 7 27 
26 36 4 16 21 35 39 13 17 46 25 32 33 30 10 38 42 3 6 40 14 11 49 24 29 23 47 2 31 45 5 27 18 34 7 22 9 44 20 43 19 41 12 15 37 48 1 8 28 
38 43 9 15 23 5 17 44 10 3 4 8 18 39 28 47 35 37 21 22 36 13 12 25 19 27 45 33 11 48 49 1 20 16 41 6 14 7 32 26 31 34 29 42 30 2 46 40 24 
47 30 13 40 42 19 44 15 28 1 14 6 7 37 41 43 23 29 5 46 45 48 16 38 26 3 36 22 17 4 2 12 24 32 8 27 33 10 21 18 35 25 49 9 20 11 39 31 34 
20 3 11 22 31 45 34 12 41 9 48 35 36 38 1 17 25 24 4 27 16 39 28 5 7 8 15 44 21 29 40 6 14 10 19 13 49 2 30 46 37 42 23 32 43 26 18 33 47 
49 7 32 48 37 12 33 34 31 24 26 42 27 45 13 18 30 2 8 15 9 14 46 6 40 20 43 10 35 22 44 47 36 25 28 29 23 16 1 11 39 3 38 17 5 41 21 19 4 
10 1 19 14 47 13 48 23 33 18 38 25 9 49 42 4 22 27 45 39 46 41 15 2 6 37 31 30 44 7 12 34 3 20 43 5 28 32 26 35 29 36 21 40 17 24 8 16 11 
36 49 33 17 34 46 31 6 3 21 12 27 32 14 5 8 47 23 48 25 35 4 44 29 38 26 7 40 45 1 30 28 42 11 15 16 41 9 43 19 24 13 10 37 2 22 20 39 18 
40 27 38 9 24 7 41 35 11 19 8 37 31 47 20 15 36 6 16 17 10 23 3 13 33 1 39 42 32 18 14 29 26 22 5 34 2 21 12 44 25 49 30 43 48 4 28 46 45 
4 26 23 39 20 42 2 17 15 36 41 46 13 16 43 31 32 40 30 14 37 35 24 10 28 22 34 25 6 21 48 9 47 49 33 11 27 38 18 8 1 45 7 5 3 29 19 44 12 
44 29 6 32 43 21 15 24 45 7 5 30 40 26 3 2 1 13 28 19 41 16 11 18 17 12 8 49 39 36 25 4 37 31 10 47 46 48 14 22 33 20 27 35 9 42 38 34 23 
16 25 18 45 12 8 37 22 20 28 39 44 10 2 38 11 34 21 33 26 29 27 9 32 43 47 48 5 23 19 13 46 35 40 24 30 7 3 42 17 6 4 41 31 14 36 49 1 15 
22 35 28 11 5 30 3 1 48 29 43 4 42 34 18 49 12 7 9 24 44 19 14 36 20 45 21 46 2 16 38 41 8 27 17 39 31 23 37 10 15 40 47 26 25 6 33 32 13 
################proper############## 

 average_time = 572.652381 

 success runs = 1 

 total average iters = 55601602.000000 
