Success!!! 
 
 max_col = 
 49 
 
 run_time = 
 27.143808 
 
 once iters = 
 2199146 
 
33 3 17 10 42 19 15 27 18 23 45 48 5 34 43 11 14 20 29 31 25 7 32 1 16 9 39 36 12 6 24 28 35 47 40 46 49 44 2 22 21 13 4 8 37 41 26 30 38 
23 27 43 32 47 26 28 30 10 46 17 22 3 44 12 7 16 35 37 13 21 41 25 5 49 8 19 33 38 39 34 42 20 31 2 4 24 40 1 48 14 45 18 11 15 9 29 6 36 
39 35 18 11 46 40 44 8 25 2 24 37 42 1 9 38 33 28 34 23 36 13 26 4 48 6 15 31 14 32 7 3 30 17 41 5 12 29 47 10 43 19 27 22 49 20 45 21 16 
25 9 34 1 31 49 16 4 41 21 29 6 36 20 42 19 8 40 39 32 10 35 30 3 45 24 17 11 5 22 26 46 13 44 48 37 38 7 18 23 15 27 12 33 43 14 28 47 2 
30 4 48 36 24 21 14 35 9 15 39 33 19 47 3 49 18 6 5 26 45 46 12 22 34 38 42 2 23 11 37 43 16 29 27 20 17 25 8 28 41 31 40 32 44 7 13 10 1 
45 5 38 7 2 6 37 32 28 13 26 49 40 12 22 48 47 30 17 44 41 21 29 14 43 20 10 27 19 25 1 15 8 4 18 33 16 9 36 11 39 42 46 35 23 34 24 3 31 
13 8 22 41 29 12 20 16 38 43 11 7 14 31 27 46 24 4 15 1 2 44 47 37 28 23 18 40 49 21 33 10 9 45 36 35 6 34 30 32 26 3 48 5 17 25 19 42 39 
5 26 35 29 25 27 18 7 45 10 42 23 9 48 13 8 39 22 36 30 6 12 11 33 2 4 3 16 47 37 46 14 24 43 32 21 15 28 17 1 31 20 44 19 38 40 41 34 49 
40 32 3 14 4 30 23 24 33 44 2 5 38 6 11 47 46 29 31 19 34 39 9 25 27 48 20 22 41 35 17 21 36 10 45 8 13 49 42 12 16 43 37 7 1 18 15 28 26 
28 48 2 42 39 33 45 1 22 35 34 13 8 36 40 17 15 37 26 4 44 23 10 43 47 41 7 49 16 20 25 27 3 30 31 38 18 19 6 46 24 32 11 9 29 21 14 5 12 
21 34 6 17 9 43 1 31 16 49 20 14 41 46 33 32 28 42 12 45 48 19 37 26 15 44 8 35 22 38 4 29 18 40 13 30 23 47 27 5 11 7 2 25 24 36 3 39 10 
37 15 16 24 11 41 12 28 39 40 43 30 4 29 25 1 2 27 49 20 23 14 36 38 46 18 5 21 44 42 19 6 7 8 34 10 3 45 9 26 22 48 47 17 35 13 32 31 33 
47 7 36 31 38 10 8 26 37 3 18 27 15 19 5 16 43 21 35 24 9 1 28 17 13 40 6 32 2 23 12 39 49 33 11 41 25 4 14 44 34 29 20 48 46 30 42 22 45 
20 49 46 44 13 22 19 21 32 11 12 47 25 17 7 14 10 18 41 38 3 29 34 31 24 30 45 42 28 9 5 48 26 1 15 2 36 35 40 33 37 39 43 6 16 27 8 23 4 
34 44 42 20 37 18 38 43 7 30 25 12 21 13 26 35 40 49 3 48 15 2 41 16 11 28 14 19 1 8 22 36 33 39 9 27 10 23 31 45 5 6 24 4 47 32 17 46 29 
14 31 13 12 26 48 30 18 46 20 23 38 49 3 8 21 45 43 32 9 22 5 17 42 33 10 40 4 29 7 27 25 37 28 24 19 2 16 44 15 47 41 39 36 11 35 6 1 34 
19 47 25 28 16 3 2 40 35 26 10 42 27 32 14 23 41 1 13 36 11 15 6 46 39 22 12 29 30 34 31 18 17 48 44 49 43 8 21 38 4 24 33 20 7 5 37 45 9 
46 40 24 23 32 45 33 37 5 4 31 11 17 39 34 28 38 44 16 18 42 25 7 13 9 47 48 8 6 15 49 19 10 26 12 14 1 36 29 30 20 35 41 43 2 3 22 27 21 
43 11 27 6 5 15 10 48 29 9 28 19 34 41 37 4 20 47 2 25 31 24 44 49 36 1 30 38 46 40 32 35 45 3 21 22 7 33 39 42 18 17 26 16 13 23 12 8 14 
9 22 29 4 35 1 49 36 8 16 6 2 24 33 30 12 17 19 7 5 39 31 21 45 23 26 27 20 13 43 42 47 41 38 14 32 37 48 11 34 3 46 25 28 18 10 40 15 44 
17 39 7 8 21 36 41 44 14 22 47 45 1 15 6 33 29 10 46 27 24 32 3 34 18 43 35 37 20 16 11 4 2 23 5 25 9 12 26 13 40 28 42 31 48 49 38 19 30 
27 20 33 2 49 37 4 9 26 42 22 16 48 7 47 41 21 25 44 40 46 18 45 29 12 34 24 30 8 28 14 13 39 15 10 6 19 17 5 3 1 36 35 23 31 11 43 38 32 
32 19 8 22 14 7 13 38 49 37 35 4 44 28 18 36 23 17 45 10 5 47 20 6 40 21 26 3 11 27 2 1 43 9 25 48 31 30 46 29 42 34 16 12 41 39 33 24 15 
48 24 30 3 18 42 31 11 1 34 41 25 46 14 28 37 6 33 20 12 7 10 8 15 19 17 4 13 26 29 36 38 23 32 16 39 35 22 45 43 9 40 21 44 5 47 49 2 27 
41 38 44 25 10 34 5 12 36 45 19 17 29 21 4 15 48 32 9 39 43 16 35 11 22 46 28 7 31 33 30 20 6 49 37 24 14 18 23 47 27 2 3 13 26 8 1 40 42 
16 46 9 40 28 17 39 23 47 27 13 8 33 2 29 24 34 14 11 49 38 37 42 41 1 36 31 43 18 3 35 5 48 19 22 44 26 21 12 20 32 15 10 30 45 6 4 7 25 
15 21 26 47 6 23 29 5 31 24 3 39 10 43 1 30 27 16 22 8 35 49 2 32 25 33 9 44 34 17 40 45 42 12 7 28 11 37 13 41 38 4 14 18 19 48 36 20 46 
35 12 45 43 1 11 36 15 30 32 40 20 6 18 31 26 19 3 42 2 13 27 39 48 14 5 38 23 24 4 41 44 47 21 46 16 8 10 49 7 33 25 29 34 28 22 9 17 37 
22 17 21 45 23 16 9 2 48 47 30 29 18 25 15 13 4 39 1 3 8 26 5 20 7 49 11 6 40 12 38 34 46 14 33 31 41 24 10 19 28 37 36 27 32 42 44 43 35 
38 25 12 26 19 29 3 10 17 1 36 40 13 11 2 27 37 5 43 6 20 34 4 23 21 39 32 41 42 18 44 7 31 35 8 47 45 15 22 14 30 16 28 49 33 46 48 9 24 
11 1 15 13 48 24 7 41 21 33 38 31 20 16 49 42 22 45 18 46 14 9 19 30 8 29 43 25 32 10 47 2 28 6 4 23 44 3 35 27 36 12 34 26 40 17 39 37 5 
31 10 37 39 43 46 27 6 44 19 49 32 22 35 36 29 11 48 28 34 26 40 33 18 38 15 16 24 9 30 45 41 21 5 17 7 42 20 4 2 25 1 13 3 8 12 47 14 23 
8 6 47 34 41 5 42 14 12 39 4 43 45 26 24 10 30 9 40 35 32 36 13 44 37 27 1 28 3 19 48 23 29 22 20 18 46 11 38 49 17 33 31 2 21 15 16 25 7 
44 33 40 30 20 28 35 3 23 8 15 34 37 24 19 25 12 41 47 7 17 22 31 2 42 45 46 14 36 26 16 11 27 13 49 9 21 32 43 39 48 5 38 10 4 1 18 29 6 
49 2 14 18 36 4 32 42 27 7 46 9 28 5 38 31 44 23 21 16 33 3 48 10 17 35 47 12 15 24 39 37 1 25 43 13 29 26 34 40 6 8 45 41 20 19 30 11 22 
29 36 31 33 17 14 26 20 24 38 1 10 30 40 16 5 13 7 23 41 28 42 18 35 32 3 34 15 27 46 21 8 4 37 6 45 48 39 25 9 44 11 49 47 22 43 2 12 19 
12 23 28 49 27 32 48 29 11 31 16 46 2 37 44 3 1 24 10 14 40 45 38 21 30 19 41 9 17 36 15 22 25 7 26 43 47 42 20 4 8 18 5 39 6 33 34 35 13 
18 37 4 5 34 44 24 47 43 28 33 3 35 45 17 22 25 46 27 15 19 20 16 8 31 14 49 48 39 41 13 9 40 42 1 29 30 2 32 6 12 10 7 21 36 38 23 26 11 
7 30 39 16 3 35 47 17 15 14 8 18 12 22 32 43 9 2 48 37 4 6 23 27 5 13 36 10 45 31 20 33 34 11 38 26 28 41 24 21 19 49 1 42 25 29 46 44 40 
2 42 11 21 40 25 22 19 6 41 48 36 26 9 45 39 49 34 8 33 29 43 1 47 44 12 37 46 10 5 23 16 14 18 35 3 27 13 15 31 7 38 17 24 30 4 20 32 28 
10 43 19 15 8 13 6 49 42 5 27 21 39 23 35 20 36 11 38 47 12 33 24 40 4 7 25 26 48 44 28 30 32 2 29 17 34 1 37 16 46 22 9 14 3 45 31 18 41 
1 41 20 9 45 38 46 34 13 25 7 44 32 4 21 6 31 26 30 42 18 17 22 28 29 11 2 39 43 49 3 12 19 24 47 40 5 14 33 36 35 23 15 37 10 16 27 48 8 
4 13 32 48 30 8 43 22 40 36 5 35 23 49 10 44 42 15 24 11 16 28 46 9 20 2 21 17 37 1 29 31 12 27 3 34 33 6 7 18 45 14 19 38 39 26 25 41 47 
36 29 1 37 44 47 11 39 4 17 32 24 7 42 48 18 3 31 6 22 30 38 14 19 10 25 13 5 35 45 9 40 15 41 28 12 20 27 16 8 49 26 23 46 34 2 21 33 43 
26 45 49 19 7 39 17 25 3 18 44 15 16 10 41 34 32 36 4 43 47 11 27 12 6 37 29 1 33 14 8 24 38 46 23 42 22 31 48 35 2 21 30 40 9 28 5 13 20 
3 16 5 46 12 9 21 13 34 6 14 41 31 30 23 2 26 8 33 28 1 4 43 7 35 42 44 45 25 48 18 49 22 20 39 15 40 38 19 24 10 47 32 29 27 37 11 36 17 
6 18 10 38 15 2 25 45 20 29 21 26 47 8 46 9 7 12 19 17 27 48 40 24 41 31 33 34 4 13 43 32 11 16 42 36 39 5 28 37 23 30 22 1 14 44 35 49 3 
24 28 41 27 22 20 40 33 2 12 9 1 43 38 39 45 35 13 14 21 37 30 49 36 26 16 23 18 7 47 6 17 5 34 19 11 32 46 3 25 29 44 8 15 42 31 10 4 48 
42 14 23 35 33 31 34 46 19 48 37 28 11 27 20 40 5 38 25 29 49 8 15 39 3 32 22 47 21 2 10 26 44 36 30 1 4 43 41 17 13 9 6 45 12 24 7 16 18 
################proper############## 

 average_time = 27.143808 

 success runs = 1 

 total average iters = 2199146.000000 
