Success!!! 
 
 max_col = 
 49 
 
 run_time = 
 2.705081 
 
 once iters = 
 187851 
 
30 42 24 29 5 7 41 32 14 22 17 19 8 47 15 6 35 20 43 31 4 40 46 23 2 16 26 34 27 37 25 18 28 11 33 21 10 44 39 45 3 9 48 49 12 13 1 36 38 
38 13 6 49 21 11 25 1 18 42 27 26 15 36 44 23 14 12 5 3 39 22 33 30 4 8 29 19 45 35 2 47 20 9 34 37 17 16 41 48 7 43 24 46 10 28 31 40 32 
31 1 17 23 19 22 20 34 43 4 30 44 28 2 38 27 13 45 24 29 47 25 3 10 9 36 35 49 5 46 41 39 32 48 6 26 42 8 18 40 11 12 37 33 16 14 15 21 7 
45 35 40 15 8 28 47 33 12 39 49 21 9 20 36 16 25 42 48 19 46 44 13 7 24 41 17 37 31 14 1 10 43 26 30 32 22 2 27 6 38 34 23 11 5 3 4 18 29 
39 32 44 14 37 4 34 38 25 46 16 41 24 13 1 22 28 10 33 49 11 6 18 43 48 27 5 45 21 17 3 40 12 42 7 36 29 15 31 23 47 30 8 20 26 2 9 35 19 
43 48 10 9 33 12 16 40 45 7 31 23 3 6 18 41 32 26 37 2 34 11 14 21 28 20 15 42 29 22 38 36 24 8 4 49 1 19 13 46 35 5 44 25 17 27 39 30 47 
36 3 18 27 26 2 46 10 5 37 35 11 48 29 40 17 8 30 9 7 21 12 32 31 47 39 1 38 23 19 44 15 49 16 13 28 14 33 4 20 24 25 22 34 41 42 43 6 45 
42 4 30 33 3 39 29 48 17 1 12 49 43 28 6 20 45 23 7 22 26 32 34 16 10 19 21 5 24 27 9 25 2 38 46 47 11 13 37 18 36 14 15 31 35 40 8 44 41 
21 6 49 47 32 37 12 2 44 19 20 39 27 4 8 25 33 36 29 40 35 24 9 15 41 31 3 30 11 10 18 28 23 13 43 17 5 7 38 42 45 46 16 22 1 48 34 14 26 
17 24 27 7 41 25 19 18 30 16 3 10 22 9 11 4 39 49 2 34 48 1 12 38 46 35 23 43 36 31 29 8 47 5 14 44 40 32 26 15 20 28 42 45 33 21 37 13 6 
23 44 15 5 48 38 26 36 37 47 8 46 35 41 28 30 16 9 32 14 18 27 11 42 29 7 4 13 33 45 40 1 6 49 20 12 24 22 21 31 34 10 19 2 39 43 25 17 3 
18 16 28 34 13 45 40 15 26 32 24 6 29 31 19 1 38 47 10 17 12 39 25 37 8 14 20 2 42 3 4 22 21 41 44 33 48 35 9 49 43 27 7 5 30 36 11 46 23 
11 22 20 46 9 43 10 45 42 23 14 33 34 25 13 21 31 3 41 15 5 48 44 40 49 17 36 28 35 7 37 16 26 12 39 1 6 30 19 2 8 4 38 32 27 29 24 47 18 
2 14 31 8 1 36 35 13 11 40 38 5 7 21 43 44 37 27 46 24 42 26 47 22 45 6 18 33 32 34 19 48 17 30 15 3 25 41 16 29 23 39 10 4 28 9 12 20 49 
28 9 3 38 2 47 37 11 6 29 13 30 41 32 14 48 40 7 18 23 49 45 35 25 16 4 27 44 26 8 22 21 36 10 42 39 31 43 34 12 33 17 46 24 20 1 5 19 15 
33 20 25 36 12 29 32 43 16 24 39 3 17 18 34 47 5 13 19 37 1 31 41 46 22 30 8 40 48 11 7 9 45 15 27 23 28 38 10 4 44 35 26 6 2 49 14 42 21 
44 39 46 21 34 1 14 4 9 28 25 48 33 40 26 8 22 15 45 35 31 13 49 2 42 23 37 20 43 38 6 3 5 29 12 11 16 24 47 27 18 19 30 10 32 41 17 7 36 
4 26 22 40 11 15 45 8 19 31 34 47 14 1 3 24 17 16 27 21 36 29 48 33 7 9 10 6 44 18 46 20 39 37 25 30 32 42 2 5 41 49 43 35 38 12 13 23 28 
35 49 8 43 7 13 42 23 46 38 5 27 20 26 10 12 30 29 25 33 44 21 17 36 15 24 39 3 4 2 47 32 19 28 41 9 37 45 6 14 1 40 31 16 34 18 22 48 11 
19 17 41 24 30 16 5 44 35 45 10 37 36 22 2 46 6 38 4 42 28 18 1 26 43 11 32 12 13 23 34 31 14 33 49 20 21 48 8 7 15 29 25 39 40 47 3 27 9 
10 31 48 6 27 23 18 7 21 49 42 12 2 15 32 39 9 43 11 20 41 14 38 28 5 34 19 47 17 1 30 24 40 35 16 46 13 25 3 26 22 36 4 29 44 8 33 45 37 
47 38 36 28 45 19 4 20 24 10 23 2 6 16 49 29 18 48 14 44 32 35 27 34 13 26 11 8 40 39 21 12 7 25 22 5 15 9 30 37 17 1 3 43 31 33 42 41 46 
16 27 23 48 44 18 6 31 38 17 47 32 12 30 39 13 41 33 1 9 24 46 4 3 36 10 42 15 28 29 26 45 37 2 5 14 49 40 43 25 21 22 35 19 7 11 20 34 8 
5 2 29 12 40 17 31 42 15 26 43 35 13 37 16 7 10 8 34 45 19 28 20 48 21 25 30 22 9 36 11 33 1 27 38 41 18 4 24 32 46 3 47 44 23 39 6 49 14 
37 30 34 26 46 35 43 25 39 48 41 8 45 14 17 42 20 11 12 6 40 2 29 49 18 33 24 7 19 16 10 4 15 32 3 27 47 28 44 38 31 23 1 13 36 5 21 9 22 
49 21 7 32 24 14 39 22 1 34 11 40 4 5 30 43 27 31 47 36 3 23 19 44 37 45 9 16 20 6 35 42 41 46 8 13 2 12 48 33 29 26 17 38 15 10 18 28 25 
41 15 42 22 25 9 8 46 49 33 36 7 21 3 37 38 2 35 26 28 23 47 40 12 39 5 6 1 14 43 17 13 31 44 18 45 19 34 11 16 10 20 29 27 4 24 30 32 48 
20 11 33 13 10 3 1 29 27 9 18 28 19 44 4 15 46 5 21 25 22 43 31 17 32 38 41 14 34 47 49 23 30 24 48 35 8 39 7 36 42 6 40 26 37 45 16 2 12 
27 23 26 11 6 5 49 47 40 41 46 43 38 17 33 18 4 22 20 16 7 36 24 9 44 3 34 31 8 30 12 29 10 19 28 48 45 1 25 13 37 32 2 21 14 15 35 39 42 
15 19 4 45 22 42 21 30 8 18 9 20 1 10 47 32 12 2 49 13 37 5 28 11 6 48 14 35 16 26 36 43 25 17 23 38 39 3 33 44 40 31 41 7 29 46 27 24 34 
46 37 32 30 35 33 48 6 22 3 28 31 39 11 9 5 34 24 36 1 8 15 21 19 26 2 16 4 7 44 20 41 13 45 40 42 27 18 29 17 14 47 12 23 49 25 10 38 43 
24 18 1 39 47 40 17 14 29 13 21 36 37 12 45 3 44 25 35 48 15 41 10 8 38 46 43 32 6 33 42 5 27 34 2 22 26 23 49 28 16 7 20 9 11 4 19 31 30 
25 41 43 2 20 31 7 35 23 5 44 15 26 24 42 10 19 28 39 27 17 49 37 47 12 29 13 18 46 9 32 14 38 3 1 34 30 11 36 8 4 21 6 40 48 16 45 22 33 
8 29 12 44 16 34 28 19 48 2 7 45 49 42 41 11 21 14 23 30 38 33 22 20 27 1 40 25 39 15 31 37 35 4 47 6 43 10 46 9 5 24 32 36 18 17 26 3 13 
13 36 38 3 14 10 9 16 32 27 4 34 25 33 46 31 26 40 6 43 29 17 45 39 30 42 7 23 49 48 24 11 22 18 21 2 35 20 15 19 12 41 28 47 8 37 44 5 1 
14 28 39 17 42 46 15 24 3 30 2 13 23 27 35 40 47 32 31 11 43 20 5 18 34 37 25 41 12 4 8 19 9 1 29 10 44 6 45 22 49 33 36 48 21 7 38 26 16 
12 34 11 25 38 44 22 26 7 21 32 4 40 43 5 33 3 37 17 18 13 8 36 14 19 15 49 27 2 20 23 6 48 47 35 31 41 46 42 24 28 16 9 1 45 30 29 10 39 
9 47 2 31 36 6 27 5 20 12 15 25 18 48 23 28 29 19 42 46 10 4 39 32 1 21 38 26 22 24 16 7 11 14 45 40 34 37 35 3 30 8 13 41 43 44 49 33 17 
1 45 35 41 29 8 3 17 10 44 37 14 11 49 21 2 48 39 15 4 27 16 7 13 31 40 33 9 18 32 28 30 46 43 26 25 36 5 20 47 19 38 34 42 22 6 23 12 24 
32 10 16 20 43 26 24 28 31 6 45 9 47 46 25 36 49 44 38 8 30 42 23 29 35 22 12 11 41 5 15 34 33 21 17 7 4 14 1 39 48 13 27 18 3 19 2 37 40 
48 5 13 37 18 49 33 41 34 36 19 1 16 38 24 14 7 6 22 12 9 30 43 45 3 28 44 46 10 25 39 27 42 40 31 15 23 29 17 21 26 2 11 8 47 20 32 4 35 
40 7 19 4 23 21 30 39 33 8 29 22 42 35 20 34 1 41 16 26 45 10 6 24 17 47 2 48 3 49 13 38 44 36 37 43 9 27 12 11 32 18 14 28 25 31 46 15 5 
3 46 21 19 4 48 23 37 36 20 1 16 30 39 7 26 42 18 40 5 2 34 8 6 14 12 22 10 38 41 43 49 29 31 9 24 33 17 28 35 27 11 45 15 13 32 47 25 44 
26 40 37 16 17 41 11 27 13 25 48 29 44 8 12 9 24 34 3 38 33 19 15 35 23 32 46 21 47 28 45 2 4 7 10 18 20 49 14 1 39 42 5 30 6 22 36 43 31 
34 12 9 10 31 30 36 49 28 11 22 18 32 7 27 45 23 1 13 39 25 3 42 5 20 43 47 24 15 21 14 17 8 6 19 29 38 26 40 41 2 44 33 37 46 35 48 16 4 
7 25 45 35 39 32 2 21 41 14 40 42 10 34 48 19 15 17 30 47 20 38 26 4 11 18 31 29 1 13 33 44 3 22 24 16 46 36 5 43 6 37 49 12 9 23 28 8 27 
6 8 14 18 15 27 38 3 2 35 33 24 31 45 29 49 43 21 44 41 16 9 30 1 40 13 28 36 37 42 5 46 34 23 32 4 12 47 22 10 25 48 39 17 19 26 7 11 20 
22 33 47 1 49 24 13 12 4 43 6 17 5 19 31 35 11 46 28 32 14 37 2 27 25 44 45 39 30 40 48 26 16 20 36 8 7 21 23 34 9 15 18 3 42 38 41 29 10 
29 43 5 42 28 20 44 9 47 15 26 38 46 23 22 37 36 4 8 10 6 7 16 41 33 49 48 17 25 12 27 35 18 39 11 19 3 31 32 30 13 45 21 14 24 34 40 1 2 
################proper############## 

 average_time = 2.705081 

 success runs = 1 

 total average iters = 187851.000000 
