Success!!! 
 
 max_col = 
 49 
 
 run_time = 
 1.893064 
 
 once iters = 
 102836 
 
39 27 9 14 5 37 33 10 41 20 38 26 24 23 11 17 21 32 25 49 3 2 45 34 18 42 22 15 36 6 19 47 28 30 48 29 44 46 12 16 40 43 4 13 1 8 35 31 7 
11 32 22 2 23 4 28 17 18 27 33 29 25 12 16 7 48 15 30 20 31 46 8 14 38 37 44 43 41 13 24 40 10 49 21 35 5 3 39 1 45 34 47 6 19 42 9 36 26 
26 38 48 19 47 43 25 42 13 31 8 2 5 34 35 22 45 40 33 37 1 49 11 36 17 6 32 24 46 4 12 27 29 39 16 23 10 41 9 28 7 18 44 20 15 30 3 21 14 
44 40 49 36 6 46 8 22 9 37 19 35 45 30 12 2 18 13 47 38 24 21 5 4 41 28 20 3 14 26 1 11 7 32 43 17 15 33 48 27 31 42 29 25 16 39 10 23 34 
15 29 20 35 18 41 24 4 44 1 3 11 7 49 36 8 28 9 10 27 39 23 19 13 12 47 16 40 42 31 25 5 34 33 22 26 2 37 6 30 14 21 32 17 45 46 48 43 38 
31 10 3 12 30 34 45 48 32 15 6 28 16 21 29 43 19 4 42 46 14 35 7 39 27 26 25 1 37 44 20 17 23 18 9 47 8 11 22 38 13 36 49 24 41 33 5 40 2 
17 7 13 1 42 21 16 14 39 47 46 36 43 40 41 34 26 5 23 44 6 10 48 33 31 29 30 9 3 15 45 2 8 35 38 24 20 19 4 49 32 25 12 22 37 28 11 18 27 
34 30 35 25 27 45 6 7 11 26 22 10 37 43 42 16 12 44 24 8 5 28 3 49 20 1 36 14 39 47 23 48 17 40 19 9 13 4 41 46 21 15 38 18 31 2 33 32 29 
16 5 15 18 2 44 21 46 34 42 24 45 38 20 13 36 37 48 29 17 32 9 40 27 22 35 19 8 26 10 33 31 41 1 25 7 30 23 43 12 49 39 3 28 4 14 47 6 11 
43 31 17 28 26 49 38 1 15 23 35 6 48 41 45 3 27 2 20 30 22 12 33 10 25 32 4 21 8 11 37 34 44 13 5 40 42 36 29 18 47 14 39 19 24 9 7 46 16 
42 20 11 33 41 14 48 12 4 9 40 19 47 5 7 28 38 10 43 31 21 37 29 46 24 23 18 39 2 30 49 35 27 36 6 34 3 25 45 32 17 16 13 8 26 1 15 44 22 
32 1 24 47 39 10 4 29 3 33 21 16 30 2 25 49 46 14 18 40 41 44 31 43 48 17 11 13 7 38 28 45 42 9 15 27 6 22 5 8 19 26 37 35 23 34 12 20 36 
13 46 19 29 36 40 23 27 25 17 14 32 8 31 1 11 39 33 4 15 9 7 34 5 6 2 26 47 18 12 21 16 22 3 20 28 38 35 24 10 37 44 42 49 48 43 45 30 41 
22 3 7 8 12 9 37 49 28 44 39 18 13 36 6 23 47 35 34 26 19 15 41 38 45 30 42 16 43 29 14 32 4 46 24 11 48 1 2 31 20 33 40 5 27 10 21 17 25 
1 9 16 21 25 23 17 39 33 36 18 5 41 14 31 15 40 24 28 32 46 20 49 42 35 38 43 10 45 3 26 19 48 6 12 2 29 34 47 22 30 8 11 27 44 7 37 4 13 
38 2 18 3 20 29 10 35 23 24 37 44 42 6 26 33 9 22 13 45 16 5 30 28 7 25 8 48 31 49 11 15 47 43 36 19 4 27 14 41 39 12 21 1 40 32 46 34 17 
27 36 46 39 32 15 7 34 47 13 43 1 31 19 21 18 11 49 5 6 2 41 14 24 9 44 33 45 38 37 16 8 25 4 29 3 17 26 42 23 48 40 35 12 30 22 20 28 10 
33 44 37 26 31 48 11 8 27 29 16 12 3 10 14 35 34 30 39 42 4 22 32 19 21 36 40 17 5 2 9 7 46 24 28 1 43 15 20 13 6 49 45 41 25 18 23 38 47 
41 8 4 30 49 28 13 11 20 2 45 46 17 15 3 10 25 38 44 43 37 29 47 16 23 18 1 12 27 33 40 39 14 22 34 5 36 32 21 35 9 7 48 31 42 26 24 19 6 
14 19 6 22 45 35 5 32 21 40 7 49 28 25 48 41 20 47 8 12 27 11 37 26 34 46 3 4 30 23 17 10 1 42 13 16 24 31 18 33 44 38 36 39 9 29 43 2 15 
40 47 43 42 34 24 12 38 48 30 26 22 9 4 17 29 7 36 19 1 23 13 39 31 15 27 6 2 21 35 32 20 18 44 41 25 11 28 10 45 46 37 14 3 33 49 16 5 8 
12 23 39 11 17 33 49 40 24 25 47 30 32 35 4 5 16 26 41 14 13 3 18 48 2 45 28 29 22 21 8 38 6 10 44 36 37 9 31 15 43 20 46 7 34 19 27 1 42 
47 37 36 10 3 16 41 33 29 4 34 48 14 46 30 12 43 21 11 28 15 32 27 25 44 39 24 7 17 19 31 42 9 5 26 13 23 2 49 40 18 1 22 38 6 20 8 35 45 
35 45 25 46 43 18 9 41 19 38 1 7 49 39 27 47 24 31 32 36 44 26 16 12 33 22 15 23 11 20 13 14 37 2 40 21 34 30 8 3 42 6 5 10 17 48 28 29 4 
28 42 5 4 13 8 40 23 12 43 36 3 20 18 46 37 49 7 6 25 10 19 9 17 47 41 34 11 33 45 27 1 30 15 35 48 22 16 44 14 38 29 24 2 39 21 32 26 31 
48 14 27 6 24 2 19 31 16 10 28 17 15 22 40 45 23 20 38 35 29 42 21 8 1 5 13 37 34 43 4 18 3 47 7 12 32 39 11 26 25 46 30 9 36 44 41 49 33 
29 22 26 15 7 32 30 2 37 6 44 9 21 45 34 1 42 17 3 39 8 38 35 40 36 20 31 46 25 28 41 12 24 48 49 33 19 10 27 47 5 4 23 11 43 13 14 16 18 
21 34 44 20 38 1 31 5 26 8 13 42 11 27 33 48 2 19 22 9 18 4 6 30 43 10 14 49 23 36 46 29 32 16 39 45 35 7 17 24 28 41 25 15 47 12 40 37 3 
7 49 12 31 21 20 39 24 35 45 25 43 27 26 9 38 4 6 15 11 42 14 22 18 32 16 10 30 47 17 29 28 36 37 23 41 46 44 34 2 33 5 1 48 3 40 13 8 19 
10 16 33 38 14 11 1 20 40 46 48 15 12 7 44 13 17 28 36 2 47 6 23 37 5 3 49 41 32 39 35 26 19 27 8 4 18 42 30 25 29 9 43 21 22 31 34 45 24 
24 17 8 9 37 42 2 36 30 14 31 47 23 1 43 40 29 41 27 33 45 39 26 35 46 12 21 28 6 34 22 25 20 11 3 10 49 38 13 48 15 19 16 32 18 5 4 7 44 
3 28 34 40 22 36 18 13 6 5 11 39 44 29 32 14 8 12 37 23 26 24 43 15 19 31 47 33 4 48 38 21 49 41 30 20 1 17 35 7 16 45 9 42 2 27 25 10 46 
6 26 41 5 48 13 29 37 49 19 17 21 10 42 22 46 31 34 35 3 25 8 1 2 11 4 7 36 9 24 15 44 16 45 18 32 40 47 28 43 27 23 33 30 20 38 39 14 12 
19 4 30 44 46 27 47 3 22 32 2 33 18 38 5 39 1 16 49 21 20 25 17 45 29 9 48 34 40 14 42 13 43 7 10 8 31 24 36 37 12 11 41 23 28 6 26 15 35 
45 15 32 23 35 25 43 9 8 28 41 34 4 16 19 24 30 18 48 10 7 27 42 44 13 40 38 20 12 1 2 46 5 31 33 39 14 21 26 6 22 3 17 36 29 11 49 47 37 
46 41 1 32 19 39 3 16 17 12 5 23 22 24 18 25 6 29 2 13 49 43 44 47 28 21 45 38 10 40 30 9 33 26 42 15 7 8 37 36 11 27 34 14 35 4 31 48 20 
23 35 10 24 8 6 26 44 31 48 20 25 19 13 28 21 36 46 12 7 30 34 2 9 42 14 17 27 15 41 5 3 38 29 37 22 45 40 32 39 4 47 18 43 11 16 1 33 49 
9 48 45 27 44 31 36 43 14 39 10 4 6 28 37 26 22 8 16 5 35 33 12 20 3 19 29 25 1 32 7 49 2 21 11 46 41 18 38 34 24 30 15 47 13 23 17 42 40 
30 25 21 37 40 7 42 26 46 18 29 38 33 11 20 27 41 3 14 34 48 16 13 6 10 15 35 32 28 8 47 22 31 19 4 43 9 49 23 5 1 17 2 44 12 45 36 24 39 
2 43 28 49 33 47 15 30 42 21 27 37 35 3 38 32 44 45 40 24 11 31 4 1 39 8 23 22 16 18 34 36 13 12 17 14 25 20 19 29 26 48 10 46 7 41 6 9 5 
4 12 14 16 29 17 34 47 7 49 15 41 36 8 39 42 10 1 9 19 33 30 46 11 40 24 5 18 20 25 48 43 35 23 45 31 28 6 3 44 2 13 27 26 32 37 38 22 21 
20 18 38 13 11 5 22 45 1 34 32 40 2 9 23 4 15 43 31 47 17 48 36 41 49 7 37 26 24 27 44 6 39 14 46 42 16 12 33 21 35 10 28 29 8 3 19 25 30 
5 11 31 17 28 19 27 25 43 35 42 8 39 37 10 20 32 23 7 18 40 1 24 29 16 48 12 44 49 22 3 33 21 34 47 38 26 13 46 4 36 2 6 45 14 15 30 41 9 
8 13 40 7 10 30 20 19 2 3 23 27 29 44 15 9 5 25 45 16 36 17 38 32 4 33 39 6 48 46 18 41 11 28 31 49 47 14 1 42 34 24 26 37 21 35 22 12 43 
37 33 47 41 16 26 46 15 36 7 49 13 1 32 24 31 3 27 21 29 43 18 28 22 8 11 2 5 44 9 6 4 40 38 14 30 12 45 25 19 23 35 20 34 10 17 42 39 48 
25 24 29 34 4 12 32 28 45 41 9 20 26 33 2 44 13 37 46 22 38 36 10 21 14 49 27 35 19 42 43 30 15 17 1 6 39 48 40 11 8 31 7 16 5 47 18 3 23 
49 39 42 43 15 3 14 6 5 22 4 24 34 17 47 19 33 11 1 48 12 45 25 23 30 13 46 31 35 16 10 37 26 20 2 18 21 29 7 9 41 32 8 40 38 36 44 27 28 
18 6 2 48 1 22 35 21 38 16 12 31 46 47 8 30 14 39 26 41 34 40 20 3 37 43 9 42 13 7 36 23 45 25 27 44 33 5 15 17 10 28 19 4 49 24 29 11 32 
36 21 23 45 9 38 44 18 10 11 30 14 40 48 49 6 35 42 17 4 28 47 15 7 26 34 41 19 29 5 39 24 12 8 32 37 27 43 16 20 3 22 31 33 46 25 2 13 1 
################proper############## 

 average_time = 1.893064 

 success runs = 1 

 total average iters = 102836.000000 
