Success!!! 
 
 max_col = 
 49 
 
 run_time = 
 0.690786 
 
 once iters = 
 22223 
 
12 14 37 41 10 48 46 17 33 21 19 28 15 20 4 1 49 34 25 36 11 2 38 39 30 32 3 13 7 24 47 23 45 5 31 9 35 43 18 22 44 40 8 27 42 6 29 26 16 
6 28 26 31 20 29 11 25 10 48 46 42 18 39 8 35 13 33 2 14 21 1 23 16 47 44 24 12 32 43 40 27 36 17 9 19 45 30 38 5 49 15 41 34 3 22 4 37 7 
21 44 19 24 34 5 30 40 9 14 49 8 3 32 22 15 7 12 28 26 43 48 37 18 41 33 27 4 29 39 25 46 38 6 35 31 13 42 2 10 16 17 1 36 47 20 23 45 11 
45 3 27 4 32 40 2 37 43 7 23 24 12 29 16 30 41 9 47 6 19 28 42 15 34 21 8 22 44 48 10 13 26 14 49 11 36 20 39 33 46 1 38 17 31 5 18 25 35 
8 47 13 22 18 7 39 44 34 38 6 30 26 45 31 5 46 29 23 40 3 35 10 36 49 11 17 9 20 1 42 12 41 2 16 37 27 28 24 32 4 25 14 43 48 19 33 15 21 
42 33 35 1 17 25 49 2 47 5 16 41 13 36 32 38 48 20 45 24 27 19 40 29 31 14 26 43 11 4 18 22 28 15 37 8 6 34 23 3 21 7 12 10 9 44 39 30 46 
15 43 9 36 16 23 38 22 31 4 27 35 11 1 10 18 39 37 42 44 17 46 25 7 20 45 6 5 8 33 30 34 21 3 19 14 26 12 47 29 48 41 2 32 13 28 49 40 24 
7 49 18 3 24 19 8 26 6 27 37 38 39 4 44 23 21 14 1 47 25 16 17 13 15 40 11 31 22 45 36 2 10 33 5 48 42 29 28 34 9 35 43 20 30 12 46 32 41 
11 39 29 20 36 9 33 10 16 22 48 46 47 40 49 41 28 6 32 5 15 12 18 35 8 24 4 44 30 34 37 26 23 38 27 13 2 7 17 43 31 3 45 21 14 1 19 42 25 
40 17 2 16 31 42 22 1 28 45 29 21 14 30 18 43 20 48 39 3 24 5 32 9 38 34 37 49 6 7 35 44 19 41 13 46 25 23 8 12 33 27 10 15 11 4 26 47 36 
37 32 34 26 48 47 28 33 15 24 41 44 36 12 11 27 45 19 22 2 10 43 7 20 6 42 39 46 21 29 8 25 1 40 17 4 18 14 16 38 30 5 9 13 23 3 31 35 49 
38 5 14 23 25 6 15 35 8 17 2 9 49 34 13 26 12 16 4 29 33 27 28 19 3 30 45 1 46 42 43 47 24 31 20 36 41 10 37 21 11 32 18 44 7 40 48 39 22 
27 1 44 46 30 21 41 13 32 25 7 5 43 11 35 8 40 36 31 17 42 23 2 33 26 48 22 10 14 18 39 9 4 12 3 6 15 45 20 19 47 49 34 38 37 24 16 29 28 
13 4 10 45 12 35 43 31 23 19 42 3 20 18 7 9 34 38 30 46 37 25 21 14 36 47 41 29 49 16 48 15 32 11 28 39 40 24 44 1 26 22 27 5 17 2 8 6 33 
18 12 46 15 11 10 26 19 39 32 20 43 33 5 40 45 14 42 7 9 35 49 13 44 37 38 47 36 28 21 41 6 8 4 23 16 22 1 34 2 27 30 25 29 24 31 3 48 17 
1 38 17 37 2 34 32 49 12 6 24 16 7 26 29 33 36 25 21 10 28 31 48 22 14 18 5 11 39 47 27 45 43 46 44 35 3 19 4 15 13 20 30 8 40 41 9 23 42 
41 30 22 27 45 28 21 36 3 9 14 4 37 8 23 12 19 32 13 43 46 6 33 42 7 16 15 24 34 26 11 49 25 29 18 17 31 44 5 47 40 48 35 39 20 38 10 1 2 
9 8 33 44 35 39 42 34 40 11 17 1 28 25 37 31 22 3 6 41 16 4 45 21 27 20 23 32 38 19 15 48 30 24 2 29 46 18 10 49 12 26 13 47 36 14 7 43 5 
16 7 24 14 40 36 23 45 46 31 22 15 44 13 47 11 17 30 27 48 38 29 26 3 10 41 2 19 5 35 12 33 20 1 42 43 8 39 25 9 37 21 4 6 32 49 28 34 18 
5 29 47 13 6 4 31 30 38 42 18 2 21 48 20 49 26 39 44 34 8 40 35 1 9 46 43 25 37 3 22 10 17 36 7 23 24 32 14 41 45 28 33 19 16 15 12 11 27 
43 25 3 19 49 20 48 29 41 47 35 27 23 10 24 4 5 1 18 15 2 30 39 8 28 17 12 34 40 9 31 16 13 32 14 7 33 11 36 42 6 38 37 26 22 21 45 46 44 
28 40 31 42 7 13 14 20 21 18 30 23 4 43 36 19 11 17 3 37 5 15 1 6 24 49 35 26 9 41 34 39 29 44 45 12 32 25 22 27 10 8 47 46 2 16 38 33 48 
44 35 23 33 5 38 34 14 42 36 8 39 40 37 25 20 1 22 26 27 29 10 9 45 2 13 16 17 19 30 24 7 12 47 48 49 21 3 46 28 18 11 31 4 15 43 32 41 6 
46 27 43 6 8 45 20 7 48 26 3 33 24 2 9 28 15 13 34 39 49 22 36 41 12 19 31 37 23 32 38 42 11 21 1 47 5 4 30 35 17 16 44 25 29 10 14 18 40 
3 2 21 30 41 11 16 15 49 1 38 22 19 17 45 48 32 44 10 35 14 33 29 27 46 23 25 47 18 31 20 4 37 28 43 42 7 40 13 6 36 34 5 9 8 39 24 12 26 
49 9 36 48 39 24 25 11 45 44 12 6 31 27 42 16 47 18 40 7 4 38 5 30 32 43 20 21 2 10 13 8 33 22 46 26 1 15 29 14 41 19 17 28 34 23 35 3 37 
10 15 12 29 22 18 47 41 5 46 25 32 35 28 43 24 31 2 8 30 23 34 11 4 48 7 40 14 16 49 3 17 27 26 6 20 44 33 9 37 38 39 42 45 21 36 1 19 13 
4 19 1 32 37 26 17 16 13 10 9 34 29 47 38 6 33 46 12 21 41 39 8 28 44 3 18 42 15 40 5 35 14 25 36 45 43 2 48 24 23 31 11 49 27 7 22 20 30 
32 26 5 7 47 17 40 43 30 28 39 36 2 21 6 37 44 41 11 16 34 24 12 38 18 9 49 45 42 13 1 3 31 48 29 25 23 35 33 46 20 4 15 14 19 8 27 22 10 
33 20 49 28 38 2 3 6 11 13 10 18 5 15 1 29 27 45 35 4 26 17 47 32 43 8 19 23 41 12 7 40 16 30 24 22 9 36 42 31 34 14 21 48 25 46 37 44 39 
48 22 25 35 27 14 37 12 1 41 4 17 45 44 19 32 18 21 33 13 36 11 20 31 29 10 46 15 43 28 2 5 9 39 47 30 49 26 3 16 8 6 24 23 38 42 40 7 34 
29 11 41 18 4 31 36 8 37 35 47 25 42 19 46 14 38 43 49 28 40 26 30 48 21 2 13 27 10 44 45 32 34 23 22 1 17 5 15 39 7 24 6 16 12 33 20 9 3 
34 42 45 39 1 46 44 38 24 20 33 29 32 14 3 10 23 31 9 12 47 36 41 5 35 22 7 16 25 8 6 37 15 49 26 21 11 27 40 48 19 13 28 2 18 17 30 4 43 
24 10 16 12 9 15 13 23 27 34 40 49 46 3 5 7 25 8 48 22 30 42 6 37 4 28 33 39 17 20 14 19 18 35 21 2 29 38 45 44 43 47 36 1 26 11 41 31 32 
19 23 8 21 43 30 6 9 26 16 31 48 22 7 39 17 2 15 24 42 20 44 14 34 40 25 1 3 36 38 4 11 46 27 33 10 28 37 41 18 32 12 29 35 49 45 5 13 47 
14 6 39 25 42 3 18 27 17 49 21 20 30 23 2 22 24 40 29 38 12 45 16 46 5 26 44 8 35 36 32 31 47 9 11 34 4 41 43 7 15 33 19 37 10 48 13 28 1 
23 46 4 9 13 8 10 3 18 37 45 7 41 6 34 47 30 28 19 11 44 14 31 49 25 29 36 33 1 15 26 20 40 43 38 24 48 16 21 17 5 2 39 22 35 32 42 27 12 
47 34 7 38 33 49 35 46 14 12 36 26 8 22 21 42 4 10 20 1 31 13 3 11 39 27 32 40 48 2 17 29 6 18 41 44 37 9 19 30 28 23 16 24 43 25 15 5 45 
36 41 30 43 19 16 27 4 29 2 5 10 25 38 26 13 8 7 14 23 32 9 15 47 17 1 48 28 33 46 44 24 3 37 12 40 39 22 35 11 42 45 20 18 6 34 21 49 31 
22 24 32 17 29 44 12 28 35 33 43 11 48 42 27 3 16 5 15 45 6 20 4 2 23 37 21 38 13 25 19 30 49 34 39 18 10 31 1 26 14 46 7 40 41 47 36 8 9 
20 31 28 40 15 37 45 47 19 39 1 13 9 16 41 46 43 49 17 25 48 18 34 24 22 35 30 7 27 23 21 14 5 42 10 38 12 6 32 8 3 36 26 33 44 29 11 2 4 
26 48 11 2 21 1 5 32 44 40 15 31 34 24 33 36 9 35 37 18 39 41 43 10 19 12 42 6 4 22 16 28 7 45 8 27 20 47 49 13 25 29 23 3 46 30 17 14 38 
39 37 15 5 44 33 24 21 20 23 26 47 38 46 17 2 6 11 36 8 45 32 27 25 42 4 29 30 31 14 49 41 22 13 34 28 16 48 12 40 35 9 3 7 1 18 43 10 19 
30 16 48 8 28 27 7 24 4 3 44 45 1 31 15 40 10 23 5 49 22 47 19 26 13 39 34 18 12 6 9 43 42 20 25 32 38 17 11 36 29 37 46 41 33 35 2 21 14 
25 13 20 11 14 43 29 42 22 30 34 40 6 9 48 39 3 24 38 32 18 21 44 17 16 5 28 41 26 27 23 1 35 7 15 33 19 46 31 4 2 10 49 12 45 37 47 36 8 
17 45 42 34 26 41 4 18 25 8 13 19 10 35 12 21 29 27 46 33 7 37 24 40 11 31 14 2 3 5 28 36 48 16 32 15 47 49 6 23 1 43 22 30 39 9 44 38 20 
35 21 40 49 46 32 9 39 36 43 28 14 16 33 30 44 37 26 41 19 1 8 22 12 45 15 38 20 47 11 29 18 2 10 4 3 34 13 7 25 24 42 48 31 5 27 6 17 23 
2 36 38 10 23 22 1 48 7 29 32 12 17 41 28 34 42 47 16 31 13 3 49 43 33 6 9 35 45 37 46 21 44 19 30 5 14 8 27 20 39 18 40 11 4 26 25 24 15 
31 18 6 47 3 12 19 5 2 15 11 37 27 49 14 25 35 4 43 20 9 7 46 23 1 36 10 48 24 17 33 38 39 8 40 41 30 21 26 45 22 44 32 42 28 13 34 16 29 
################proper############## 

 average_time = 0.690786 

 success runs = 1 

 total average iters = 22223.000000 
