Success!!! 
 
 max_col = 
 49 
 
 run_time = 
 2.578058 
 
 once iters = 
 200013 
 
48 37 21 19 8 15 4 49 11 2 25 5 33 44 17 12 3 6 23 1 24 36 32 35 39 42 46 9 26 13 45 40 43 29 47 7 30 20 22 27 41 31 18 10 28 16 38 14 34 
39 34 44 6 5 23 32 46 27 48 18 17 16 9 25 42 21 29 47 26 22 14 20 24 8 10 31 37 12 49 38 2 30 35 28 1 40 36 19 45 4 11 15 43 33 3 13 41 7 
45 14 36 35 38 42 12 10 6 20 28 7 34 13 39 41 31 30 40 43 33 18 29 23 5 48 16 11 15 1 21 25 8 27 19 46 2 3 47 9 26 44 37 4 49 17 32 24 22 
41 10 9 40 7 11 33 8 31 14 26 24 36 32 45 28 38 16 20 46 19 13 15 4 17 1 30 27 39 22 6 3 37 5 44 42 18 49 23 34 29 43 35 21 48 47 25 12 2 
18 46 25 1 28 29 30 41 47 42 38 43 45 22 27 8 10 4 9 13 34 7 2 21 26 3 49 44 33 16 32 48 31 23 11 37 24 35 12 17 15 14 40 39 19 6 20 5 36 
26 22 47 16 31 13 20 3 23 19 15 29 12 37 48 14 49 44 35 2 18 38 33 43 25 45 40 34 17 4 36 24 10 7 41 6 5 21 28 8 39 32 11 46 9 1 30 27 42 
43 24 27 2 3 49 17 1 30 21 40 35 39 4 37 15 36 11 7 5 32 22 41 12 47 6 28 19 46 20 18 14 9 34 42 10 48 38 33 13 16 25 31 44 26 29 23 8 45 
10 1 39 25 13 26 21 22 43 11 41 14 23 35 36 49 30 46 33 20 8 3 38 47 16 18 37 4 24 12 17 27 40 32 7 34 45 42 15 2 6 5 19 29 31 48 44 9 28 
2 23 11 9 17 16 31 13 34 12 37 28 5 7 38 19 32 27 26 40 48 45 24 36 30 20 22 29 10 42 15 41 44 18 21 35 14 33 1 43 47 49 6 25 4 46 8 39 3 
36 27 41 20 44 24 43 48 16 49 8 47 38 10 13 3 2 21 4 15 1 32 35 25 14 12 26 7 6 46 28 29 11 45 33 17 37 39 9 19 31 18 23 34 40 22 42 30 5 
40 32 42 3 48 37 19 33 46 31 30 45 29 27 12 34 18 22 25 39 6 23 43 5 15 17 44 13 38 36 2 20 14 4 9 8 41 26 11 16 28 10 1 47 21 7 24 49 35 
33 12 7 47 46 35 28 4 20 25 44 26 3 17 10 5 23 31 24 45 29 8 9 6 41 34 39 42 22 19 48 49 16 1 43 21 32 40 13 30 27 36 38 2 18 11 14 37 15 
6 8 4 5 18 22 34 2 39 24 19 9 15 42 16 11 7 28 14 44 41 27 40 46 21 49 33 1 3 35 13 31 47 30 37 25 23 29 38 20 48 12 43 32 45 36 10 17 26 
49 29 38 14 15 30 45 32 21 40 1 36 18 6 35 17 42 9 43 37 47 19 11 10 2 31 48 28 23 34 25 5 39 26 8 4 7 22 44 46 3 24 27 16 13 33 12 20 41 
20 4 48 23 33 28 5 43 7 38 47 6 37 19 31 10 14 42 12 18 26 39 44 40 1 29 34 49 9 11 22 8 36 16 46 3 15 13 41 35 30 21 45 17 24 32 27 2 25 
17 43 18 38 10 27 24 15 8 33 14 49 11 34 7 35 29 3 5 4 28 2 30 42 46 36 13 16 32 41 19 21 26 25 23 40 1 31 48 12 20 45 22 37 44 39 9 6 47 
46 15 34 32 9 25 40 35 17 5 3 44 42 39 49 27 13 20 1 22 45 31 12 11 24 8 6 23 28 47 30 43 2 37 48 16 36 10 29 26 38 4 33 19 14 41 7 18 21 
8 44 1 26 30 41 22 36 4 27 20 13 25 18 46 21 37 48 15 38 40 17 14 33 43 47 45 32 49 31 10 42 24 3 39 11 6 9 2 7 19 34 29 35 5 12 28 23 16 
35 13 45 31 21 12 2 16 48 1 32 46 22 40 44 24 17 43 39 19 11 10 28 41 3 9 15 38 5 29 7 18 6 14 27 33 49 47 25 23 37 42 4 30 20 26 34 36 8 
14 7 3 11 42 19 47 23 28 30 10 21 26 29 6 36 16 41 2 33 9 25 37 27 35 5 18 20 40 45 44 34 4 12 38 24 46 8 17 32 22 39 49 13 43 15 31 48 1 
16 6 49 37 39 36 29 9 41 45 12 2 24 31 8 25 34 47 30 32 23 4 26 7 22 21 19 48 35 33 1 15 20 13 17 43 27 14 18 5 44 28 42 38 3 10 11 40 46 
31 39 5 41 24 8 36 14 12 18 35 32 40 48 4 20 27 17 37 9 25 26 3 28 11 23 29 15 45 30 46 38 1 47 49 2 19 34 43 10 21 33 16 22 42 13 6 7 44 
19 30 29 28 45 7 16 27 9 15 6 34 17 43 22 47 46 49 42 48 39 1 36 44 13 37 38 14 4 5 33 11 32 2 26 31 8 12 35 41 23 20 21 24 10 40 3 25 18 
37 17 23 10 40 6 3 31 19 4 2 11 41 16 24 45 15 18 8 29 5 12 49 30 42 22 27 46 48 44 35 13 21 43 20 28 26 25 32 38 9 7 34 33 36 14 47 1 39 
27 20 33 48 11 38 13 45 44 39 24 42 28 36 41 26 1 35 32 7 30 47 21 18 10 43 9 8 34 25 16 12 3 15 14 22 29 6 40 4 49 37 2 23 17 5 46 19 31 
9 21 35 49 47 4 44 5 10 26 29 37 7 38 34 16 12 2 11 28 13 6 17 32 20 33 25 31 42 23 41 19 22 39 40 14 3 18 24 36 46 1 48 27 30 8 45 15 43 
1 26 12 22 14 2 46 20 49 8 13 25 21 3 40 44 33 23 36 10 43 34 39 19 45 41 7 5 31 18 29 37 27 24 6 48 42 16 30 15 17 47 28 9 32 35 4 38 11 
25 42 15 43 32 34 18 47 22 46 33 30 1 23 3 38 19 14 6 21 31 24 48 16 40 4 35 2 8 7 9 28 17 36 10 44 39 45 27 11 5 13 41 49 12 20 37 26 29 
5 9 6 13 22 31 25 17 2 41 11 10 19 24 1 40 35 34 38 14 27 15 42 26 23 39 32 21 29 8 47 7 48 49 30 36 44 4 3 33 45 16 12 20 46 18 43 28 37 
32 2 37 8 34 14 39 44 38 29 45 40 48 25 19 18 47 33 46 3 49 9 1 13 6 30 24 35 43 15 27 36 12 17 16 26 20 28 42 31 10 22 7 5 23 21 41 11 4 
7 36 20 15 27 3 26 21 32 34 23 1 47 46 5 43 25 10 48 41 37 33 16 2 28 38 4 22 18 40 11 6 13 44 31 29 17 19 49 24 12 8 9 14 39 42 35 45 30 
11 19 30 33 16 1 49 28 13 9 43 4 20 26 21 29 6 15 45 23 42 48 46 17 31 7 47 12 25 14 34 10 5 22 35 41 38 32 39 37 18 40 24 36 8 44 2 3 27 
4 48 46 12 23 43 10 7 42 16 36 18 27 14 28 9 20 39 13 31 2 40 25 29 37 44 8 3 1 32 26 45 38 41 24 30 21 11 5 47 34 35 17 6 22 19 15 33 49 
28 40 17 42 29 21 41 30 35 3 5 22 31 12 11 7 24 32 44 8 36 43 18 49 19 27 10 45 37 39 23 33 46 20 4 15 9 1 6 14 13 2 47 26 38 25 16 34 48 
44 47 24 45 35 18 38 39 15 37 49 33 6 8 26 30 4 12 22 17 16 41 5 14 34 11 20 36 19 28 3 9 42 21 2 23 43 27 7 48 25 46 13 40 29 31 1 32 10 
24 45 8 29 37 33 42 6 14 32 31 19 13 30 18 22 11 26 49 16 20 28 7 34 27 2 12 47 36 9 4 1 15 46 5 39 25 43 21 3 35 17 44 48 41 38 40 10 23 
47 5 16 44 12 46 1 24 37 7 9 8 10 28 43 2 48 36 3 25 35 49 45 15 29 40 21 33 14 6 39 30 34 31 22 38 13 23 20 42 32 41 26 18 11 27 17 4 19 
21 35 19 39 49 40 6 12 26 43 48 3 46 41 29 37 5 1 34 24 44 16 31 22 9 25 42 18 2 38 20 17 23 11 32 27 4 15 10 28 8 30 36 7 47 45 33 13 14 
22 3 26 36 25 17 27 18 5 23 21 39 2 45 9 33 40 38 10 6 15 11 4 37 32 14 41 24 13 43 8 47 19 42 12 49 31 46 34 44 7 48 30 1 16 28 29 35 20 
15 38 31 18 43 20 7 11 40 44 17 16 35 47 23 32 28 45 41 42 4 30 10 1 48 13 5 39 27 37 24 26 25 33 29 9 22 2 14 6 36 19 8 3 34 49 21 46 12 
13 28 14 30 4 48 9 29 25 22 34 27 49 15 47 46 8 19 17 12 7 20 23 38 36 35 43 6 21 3 40 44 41 10 45 18 33 37 16 1 11 26 39 31 2 24 5 42 32 
23 41 32 34 2 10 11 38 33 36 42 20 4 1 30 31 39 13 21 27 14 46 8 3 44 19 17 26 7 48 49 16 35 28 18 12 47 5 45 40 24 29 25 15 6 37 22 43 9 
29 18 43 17 36 44 8 42 24 10 27 31 30 49 14 1 41 37 16 11 3 35 13 9 4 32 2 40 47 26 12 39 45 48 15 5 34 7 46 21 33 6 20 28 25 23 19 22 38 
12 16 22 21 1 32 14 40 18 47 7 48 44 20 2 23 26 8 28 34 38 42 19 45 49 24 36 17 11 27 5 4 29 6 3 13 10 30 37 25 43 15 46 41 35 9 39 31 33 
42 49 10 4 20 45 23 19 1 28 16 15 14 33 32 13 44 24 29 36 46 5 27 39 38 26 11 25 30 17 31 22 7 40 34 47 35 41 8 18 2 9 3 12 37 43 48 21 6 
38 31 28 46 26 47 48 25 29 6 22 41 9 11 33 39 43 5 27 35 21 37 34 20 7 15 23 10 16 2 42 32 18 19 13 45 12 17 4 49 40 3 14 8 1 30 36 44 24 
3 25 2 7 41 9 35 34 45 17 46 12 8 5 42 48 22 40 19 30 10 29 6 31 18 16 1 43 44 21 37 23 33 38 36 20 28 24 26 39 14 27 32 11 15 4 49 47 13 
34 33 13 24 19 39 15 37 36 35 4 23 43 21 20 6 45 7 18 47 17 44 22 8 12 28 3 30 41 10 14 46 49 9 25 32 11 48 31 29 1 38 5 42 27 2 26 16 40 
30 11 40 27 6 5 37 26 3 13 39 38 32 2 15 4 9 25 31 49 12 21 47 48 33 46 14 41 20 24 43 35 28 8 1 19 16 44 36 22 42 23 10 45 7 34 18 29 17 
################proper############## 

 average_time = 2.578058 

 success runs = 1 

 total average iters = 200013.000000 
