Success!!! 
 
 max_col = 
 49 
 
 run_time = 
 0.988790 
 
 once iters = 
 37997 
 
39 2 4 27 30 41 34 45 18 29 10 48 38 44 13 35 24 1 16 7 11 36 9 22 43 12 31 14 3 15 47 5 8 46 17 25 23 20 32 42 21 49 37 28 33 19 6 40 26 
18 13 29 6 12 20 40 36 26 37 34 43 1 21 42 41 33 17 45 3 46 47 32 19 10 39 38 11 22 49 44 24 30 35 31 28 9 2 14 15 27 7 8 16 23 48 4 5 25 
47 49 9 26 43 21 32 15 8 7 13 23 16 33 25 39 29 2 30 31 44 6 46 5 20 37 28 24 34 4 45 41 38 42 36 1 12 19 18 35 48 40 17 27 14 22 3 11 10 
11 36 48 42 10 23 25 3 22 24 9 31 46 14 18 12 28 32 27 34 5 49 15 26 16 35 45 13 39 37 40 33 2 19 21 4 47 8 6 17 43 44 38 30 20 1 41 29 7 
1 3 15 16 38 45 31 12 17 32 6 25 40 49 23 37 48 10 19 4 9 33 21 44 42 8 30 18 28 20 14 7 11 29 27 26 36 5 41 34 46 22 2 47 43 39 35 13 24 
46 19 24 22 7 44 35 4 28 39 5 2 47 20 14 38 43 26 8 15 21 48 34 3 17 40 27 41 23 6 1 16 12 25 13 29 11 30 45 33 37 10 32 49 42 36 18 31 9 
8 33 5 37 14 17 28 19 27 30 35 41 11 42 49 40 36 6 20 47 22 7 2 29 4 23 25 1 32 9 10 48 18 43 26 16 39 24 3 38 31 13 44 34 15 12 46 21 45 
32 27 14 18 37 43 46 17 48 26 4 30 24 39 15 33 31 21 9 25 28 42 49 2 8 10 19 44 35 47 12 38 45 6 41 3 40 16 13 29 22 34 5 11 7 20 1 36 23 
29 28 35 21 16 8 47 34 6 12 46 27 18 32 45 44 23 22 40 24 38 13 31 37 25 43 36 9 10 3 48 11 15 39 4 49 17 7 1 41 5 20 19 14 30 2 33 26 42 
5 1 13 30 40 15 12 29 33 11 22 9 28 31 37 14 20 48 17 42 36 38 26 34 35 32 41 21 16 2 25 8 27 49 7 24 10 44 19 23 18 43 4 39 3 46 47 45 6 
38 24 42 44 11 6 2 41 15 3 45 40 25 8 12 32 34 30 47 43 19 4 7 1 22 20 5 16 36 18 17 23 33 9 28 35 46 14 26 31 39 21 49 13 10 29 27 37 48 
3 31 39 34 41 36 19 35 14 49 23 10 21 7 5 4 6 16 2 13 8 29 17 48 18 27 47 33 40 30 46 43 20 26 1 37 15 28 42 32 11 45 9 22 24 25 38 44 12 
48 10 20 23 33 49 4 44 1 5 2 36 42 13 27 26 3 7 39 18 41 46 11 15 14 24 12 45 19 29 32 22 34 21 37 38 30 25 9 6 8 47 16 43 17 31 40 35 28 
26 45 22 7 17 25 9 43 20 16 38 19 37 47 1 46 35 49 29 11 10 40 30 39 23 3 6 28 14 5 31 42 13 24 44 12 48 4 33 36 2 27 18 32 8 41 15 34 21 
21 37 34 28 8 3 41 31 49 48 24 17 15 12 9 42 5 40 7 44 20 32 25 13 6 2 29 4 45 36 11 35 39 47 43 10 26 22 27 46 1 33 30 38 16 18 19 23 14 
7 12 16 11 9 2 14 28 39 20 33 21 27 30 48 3 45 43 49 19 32 1 40 24 46 41 37 38 29 26 6 10 23 22 42 15 8 18 17 44 25 35 31 4 5 34 13 47 36 
15 18 6 31 48 13 20 10 4 45 43 29 5 22 24 27 1 35 41 38 25 16 44 7 36 33 9 19 8 28 2 37 17 14 32 30 21 23 34 49 47 3 40 42 12 11 26 46 39 
42 17 47 32 19 27 5 23 37 18 40 26 35 1 31 34 30 15 4 2 29 45 20 21 49 22 11 48 12 33 16 44 9 3 46 7 28 36 39 14 13 38 24 6 41 10 43 25 8 
44 30 26 25 23 33 22 32 42 41 16 6 7 46 39 21 17 8 36 14 37 12 3 10 34 47 35 27 20 38 18 49 19 13 24 5 31 43 11 40 9 4 1 29 48 28 45 2 15 
4 43 10 45 29 39 36 14 19 44 25 13 2 38 47 22 18 11 46 12 33 8 28 23 30 15 26 17 31 21 41 1 40 34 5 32 42 6 16 37 24 48 27 9 35 7 49 3 20 
40 35 46 49 1 38 24 8 36 47 3 11 9 34 16 10 13 28 23 26 6 18 42 31 5 14 43 39 25 27 15 30 7 4 48 20 19 12 29 45 41 2 33 44 21 37 32 17 22 
6 4 7 20 18 34 37 49 11 22 28 33 32 48 8 25 16 39 38 17 12 5 43 47 44 9 21 30 42 31 3 26 46 10 15 40 27 13 35 19 45 29 41 36 1 24 23 14 2 
13 8 32 1 46 19 33 6 45 36 26 4 3 2 34 7 14 18 15 40 43 39 27 49 31 11 42 20 41 22 35 12 29 44 16 9 24 17 47 48 28 23 21 10 37 30 25 38 5 
10 25 38 39 28 48 30 42 43 1 29 7 34 41 46 36 22 23 21 49 47 24 14 40 3 4 15 6 18 13 37 19 5 17 33 44 32 11 20 2 26 8 45 35 31 27 9 12 16 
23 29 17 12 27 22 15 37 40 9 8 38 14 25 33 13 2 4 24 35 48 19 18 32 7 26 10 34 1 11 36 28 21 30 45 31 41 49 46 5 16 42 20 3 47 43 39 6 44 
41 5 11 36 26 9 42 39 46 31 19 20 17 18 6 30 10 3 44 45 27 2 16 35 38 13 48 37 7 32 23 47 24 8 49 43 1 34 21 25 12 14 15 40 28 33 22 4 29 
2 40 45 24 3 35 44 13 47 21 30 16 12 10 11 19 9 5 32 1 31 23 41 25 28 29 46 22 27 43 38 14 48 20 39 6 37 33 36 7 4 15 26 17 49 42 34 8 18 
14 16 43 47 49 31 21 5 35 15 27 44 23 24 20 28 41 29 42 37 26 17 1 36 12 45 33 8 9 25 34 4 6 2 40 18 22 3 30 10 38 39 7 46 11 32 48 19 13 
37 14 2 19 15 29 8 27 3 35 21 24 45 6 17 5 7 42 12 9 1 22 10 11 33 31 16 26 44 46 13 40 4 28 25 23 20 39 43 47 49 41 48 18 34 38 36 32 30 
33 34 31 3 44 12 48 16 30 43 18 42 10 36 22 23 27 37 11 46 24 28 13 9 19 6 4 49 15 39 26 2 32 41 35 21 14 1 38 8 29 25 47 5 45 17 7 20 40 
43 26 1 17 24 32 27 9 7 38 44 39 41 28 2 20 49 31 18 21 4 3 45 14 47 48 8 40 33 19 30 29 16 11 34 42 6 46 5 12 36 37 25 23 22 13 10 15 35 
20 11 30 38 6 28 23 46 31 17 32 22 8 4 29 16 40 36 13 33 15 37 12 27 21 25 18 7 47 1 5 3 42 45 14 2 35 10 48 9 34 19 43 41 44 26 24 39 49 
35 7 18 4 5 42 10 47 12 34 48 49 20 19 26 45 39 14 25 41 30 44 23 17 29 1 32 43 24 8 9 6 37 36 38 13 3 40 22 27 15 11 28 2 46 21 16 33 31 
9 22 40 46 21 47 39 33 2 25 15 37 13 29 19 6 32 44 48 8 35 41 5 38 24 36 34 42 43 23 49 31 10 18 20 17 16 45 7 26 30 28 3 12 4 14 11 27 1 
36 41 49 13 25 16 45 40 5 23 14 1 26 11 10 43 38 47 34 28 3 30 35 20 2 46 39 15 21 17 7 27 22 48 12 33 4 31 44 24 32 18 29 8 9 6 37 42 19 
25 46 3 41 42 14 43 24 16 4 7 35 6 37 38 18 11 9 33 22 2 21 29 12 40 49 44 32 17 48 27 15 28 31 8 47 45 26 10 30 20 36 13 19 39 23 5 1 34 
45 38 19 2 39 18 6 20 23 28 36 12 29 40 7 15 44 41 37 10 49 35 47 16 27 42 1 46 30 34 43 21 26 32 11 48 13 9 4 3 14 5 22 33 25 8 31 24 17 
31 23 33 10 4 30 17 38 25 8 41 47 22 26 28 29 21 45 35 27 39 20 36 43 48 5 14 3 13 44 24 9 1 16 19 11 34 37 40 18 42 46 6 7 2 15 12 49 32 
49 21 27 40 34 37 11 1 9 2 17 45 30 15 3 8 46 13 6 16 14 25 39 33 41 38 24 10 5 42 20 18 47 7 29 19 43 32 12 22 23 31 35 26 36 44 28 48 4 
12 15 44 48 47 5 1 11 10 14 31 32 33 43 30 17 19 24 26 36 42 34 4 18 37 28 13 23 49 41 39 25 35 38 22 8 29 21 2 16 7 6 46 45 27 40 20 9 3 
16 9 28 35 13 24 29 48 21 46 39 3 49 27 32 31 12 34 5 20 40 26 19 8 15 7 22 2 6 14 4 45 36 23 10 41 44 38 25 1 33 17 42 37 18 47 30 43 11 
22 32 36 8 20 26 7 18 13 19 42 34 44 5 4 1 47 25 43 48 23 11 6 45 9 30 17 31 37 40 33 46 3 12 2 27 49 15 28 39 35 24 14 21 38 16 29 10 41 
19 6 12 33 31 1 26 2 44 40 47 46 48 3 43 24 4 27 22 30 45 14 8 42 32 16 20 36 11 7 28 39 49 37 18 34 5 29 15 21 10 9 23 25 13 35 17 41 38 
27 48 37 5 45 7 16 25 41 42 1 18 39 17 40 9 26 38 14 23 34 10 22 4 11 19 49 29 2 12 8 13 43 15 30 46 33 35 24 20 44 32 36 31 6 3 21 28 47 
17 47 8 15 32 4 18 22 38 6 20 14 31 35 44 49 42 12 3 39 13 43 37 28 1 21 40 5 46 16 29 34 41 27 9 36 25 48 23 11 19 30 10 24 26 45 2 7 33 
24 44 21 43 2 40 49 30 34 13 11 15 19 45 36 47 37 46 31 5 16 9 33 6 26 17 7 35 48 10 42 32 25 1 23 22 38 41 8 28 3 12 39 20 29 4 14 18 27 
28 42 23 14 22 46 38 26 24 33 12 5 43 9 21 2 25 20 10 29 7 15 48 41 39 34 3 47 4 35 19 36 44 40 6 45 18 27 31 13 17 16 11 1 32 49 8 30 37 
30 20 25 9 35 10 13 21 29 27 49 8 36 23 41 11 15 19 28 32 18 31 38 46 45 44 2 12 26 24 22 17 14 33 3 39 7 47 37 4 6 1 34 48 40 5 42 16 43 
34 39 41 29 36 11 3 7 32 10 37 28 4 16 35 48 8 33 1 6 17 27 24 30 13 18 23 25 38 45 21 20 31 5 47 14 2 42 49 43 40 26 12 15 19 9 44 22 46 
################proper############## 

 average_time = 0.988790 

 success runs = 1 

 total average iters = 37997.000000 
