Success!!! 
 
 max_col = 
 49 
 
 run_time = 
 0.800055 
 
 once iters = 
 19490 
 
17 25 14 30 10 45 41 26 43 42 46 20 28 24 39 7 4 15 44 21 5 11 29 35 19 13 31 6 9 27 2 23 32 12 22 3 18 36 47 8 48 40 16 34 38 49 1 37 33 
28 18 19 7 27 29 36 3 4 47 21 31 38 15 14 9 11 35 8 43 34 22 17 39 32 16 26 1 42 44 40 37 49 33 45 20 41 25 10 46 23 24 48 13 12 30 2 6 5 
3 2 20 23 48 40 33 29 17 6 35 36 34 19 38 32 42 12 13 27 46 14 47 45 25 15 24 30 39 21 10 18 16 11 41 37 9 43 7 49 1 5 22 8 4 26 28 44 31 
26 38 11 37 1 4 8 32 41 48 16 7 45 18 22 30 49 33 17 31 20 10 36 46 40 23 12 44 34 35 5 15 25 47 3 27 28 6 13 42 19 2 21 24 39 29 43 14 9 
46 44 35 21 16 24 42 37 5 1 9 13 12 39 19 26 18 47 6 23 48 33 7 20 49 27 2 34 14 8 31 43 36 28 17 38 22 4 45 15 29 30 10 3 32 11 25 41 40 
13 6 12 31 32 9 34 49 27 44 2 10 22 11 36 41 3 28 40 25 45 37 48 42 43 8 18 5 46 1 38 4 29 24 30 17 26 33 14 16 39 21 20 35 19 15 23 7 47 
22 5 49 47 43 39 15 40 33 23 8 30 25 14 29 1 10 2 24 16 37 41 4 3 21 9 28 38 48 13 26 7 20 6 19 44 35 12 31 32 11 34 17 46 18 45 42 27 36 
37 42 41 10 45 36 47 12 2 8 23 35 7 13 3 44 28 24 1 29 19 4 49 14 5 38 16 20 22 40 27 31 34 32 46 6 33 15 30 48 18 17 26 11 43 25 9 21 39 
12 19 9 18 2 25 46 15 3 39 11 38 10 36 45 23 26 8 49 17 40 31 42 44 13 21 34 7 28 33 4 48 41 37 16 43 5 1 20 22 27 35 14 6 29 24 47 30 32 
44 16 23 1 24 17 6 19 28 31 49 37 43 5 21 25 33 13 4 20 27 15 41 9 18 11 3 46 30 42 7 35 39 14 8 32 38 10 2 47 26 29 45 22 36 12 48 40 34 
5 11 21 29 20 3 7 48 6 41 30 33 17 27 37 38 22 32 14 10 2 8 35 23 24 39 25 40 43 47 19 12 26 44 1 42 16 9 46 45 34 36 18 49 28 13 15 31 4 
14 22 39 35 26 30 38 20 18 29 24 47 21 40 42 48 46 9 12 34 16 19 32 43 27 17 37 45 36 6 49 5 11 15 25 13 3 8 23 4 28 31 7 41 2 44 10 33 1 
49 33 48 15 4 13 28 44 45 34 14 25 46 32 6 31 47 43 39 35 30 1 26 22 36 29 10 2 21 18 3 17 23 9 38 11 24 40 41 19 12 7 8 37 42 16 20 5 27 
43 8 27 32 31 34 40 16 9 22 42 1 26 4 15 18 5 7 41 36 11 48 33 12 47 30 6 28 13 2 20 45 24 10 29 14 39 44 49 21 37 25 23 19 17 38 3 46 35 
29 17 40 44 22 43 14 2 21 25 32 15 24 48 18 6 35 11 34 12 23 46 38 7 41 42 30 37 27 3 36 49 5 8 31 1 19 39 26 9 10 33 4 16 45 47 13 20 28 
42 28 36 6 30 11 10 7 38 49 47 12 31 23 4 17 25 44 43 19 13 9 2 27 3 32 15 21 37 46 24 22 1 20 26 41 8 45 29 40 14 16 5 33 35 34 39 48 18 
7 12 33 49 39 46 9 13 26 27 17 16 19 41 2 42 31 21 15 47 22 5 44 18 28 48 1 4 45 23 14 10 30 25 35 34 37 3 36 38 20 6 29 32 40 8 11 24 43 
8 37 47 45 13 23 32 39 11 46 3 34 18 6 30 14 41 40 38 1 49 36 20 16 29 35 33 25 12 28 43 2 17 48 21 24 15 22 4 5 7 44 42 31 9 27 19 10 26 
20 26 4 34 41 15 27 1 30 5 43 14 29 22 10 33 37 3 45 9 24 23 6 8 11 12 49 39 18 16 42 32 19 7 40 35 21 47 48 13 31 28 36 25 46 17 44 2 38 
1 3 16 19 38 21 25 42 8 40 4 9 35 44 28 20 36 48 27 5 32 24 45 34 26 31 14 10 6 39 29 47 33 13 11 23 12 18 17 43 2 46 37 15 7 22 41 49 30 
48 31 2 24 35 18 5 33 37 28 10 45 36 20 46 39 16 26 29 7 8 13 19 47 17 40 43 22 44 15 41 38 9 34 4 30 11 49 32 25 42 27 12 21 1 6 14 3 23 
35 47 22 39 49 32 17 34 7 19 28 24 15 21 11 10 38 41 2 6 44 30 1 4 23 37 40 8 31 43 12 20 13 45 9 29 14 48 25 36 33 42 46 26 27 3 5 18 16 
16 24 38 5 42 20 3 27 22 17 33 4 37 43 34 13 12 19 35 48 7 32 31 36 46 2 45 29 41 26 23 30 47 1 14 18 6 28 40 10 15 49 44 9 21 39 8 11 25 
45 10 44 46 37 19 26 38 29 18 25 39 16 3 40 47 30 20 22 8 36 21 34 13 14 41 5 48 7 4 6 27 28 42 2 9 17 32 12 11 24 1 31 43 49 33 35 23 15 
2 41 43 25 36 6 30 9 1 35 13 40 14 49 31 5 15 45 42 37 26 44 39 33 16 10 17 18 24 22 11 19 8 3 32 47 46 7 38 27 21 23 34 4 48 28 29 12 20 
33 23 1 8 9 7 4 45 46 11 36 44 6 26 27 24 17 49 28 18 39 12 3 25 20 43 47 19 5 34 48 21 38 29 15 31 30 13 35 2 16 22 32 14 37 10 40 42 41 
40 27 31 28 15 14 48 47 32 12 20 5 2 10 23 4 21 16 9 46 29 38 11 26 42 24 22 49 17 25 18 33 37 35 44 8 34 41 19 39 43 3 30 7 13 36 45 1 6 
34 13 18 11 29 12 21 23 48 30 31 8 41 42 1 3 43 14 33 32 25 6 27 28 35 7 9 15 10 49 16 46 40 36 39 45 4 20 5 26 44 37 24 17 22 2 38 47 19 
36 46 37 27 18 33 44 17 34 7 5 48 11 35 47 8 45 10 16 40 28 25 14 19 6 22 21 23 26 9 39 41 4 43 24 2 31 38 3 1 30 12 15 29 20 42 32 13 49 
31 9 30 48 47 8 49 43 15 24 19 2 13 45 32 11 7 5 25 4 17 34 37 10 12 26 38 33 20 14 28 16 27 46 42 21 40 29 18 6 35 39 41 23 3 1 36 22 44 
10 20 29 17 6 38 16 21 40 32 1 23 8 37 24 49 13 46 36 22 41 39 18 2 31 28 4 43 35 19 33 3 15 30 47 25 42 11 9 44 45 48 27 12 5 7 34 26 14 
11 39 32 12 28 42 13 6 44 20 26 22 3 30 33 34 19 37 23 15 18 27 8 29 1 49 7 35 40 38 17 36 45 5 48 46 47 16 24 14 41 43 2 10 25 9 31 4 21 
19 7 34 4 5 35 2 14 25 10 29 42 49 31 9 43 27 30 26 38 21 3 16 40 44 46 32 41 8 11 37 1 22 23 12 33 36 17 15 28 13 20 6 45 47 18 24 39 48 
23 45 3 22 21 26 24 18 12 16 41 46 9 28 44 29 1 6 48 39 14 42 5 30 15 20 36 47 32 7 13 25 31 2 10 4 49 34 27 37 8 19 40 38 11 35 33 43 17 
25 43 15 40 14 41 1 36 47 33 39 27 4 38 12 35 20 42 3 2 31 17 9 24 48 45 11 13 49 29 34 44 6 21 18 10 32 23 22 7 5 26 19 28 30 46 37 16 8 
27 30 28 41 7 31 37 10 36 4 15 21 23 34 49 2 48 29 46 13 6 26 12 11 9 3 19 17 25 45 32 39 42 40 20 22 44 14 1 33 38 47 35 5 16 43 18 8 24 
47 15 42 20 40 10 45 22 49 38 18 26 27 16 25 21 24 31 5 3 4 43 30 6 8 14 39 32 29 37 35 9 44 41 28 36 2 19 34 12 46 13 1 48 33 23 7 17 11 
9 48 26 3 25 22 12 5 19 43 44 17 42 7 41 16 8 34 47 45 10 20 40 21 2 1 13 24 23 36 15 11 18 4 33 28 29 37 39 35 6 32 49 30 31 14 27 38 46 
18 32 5 16 11 1 43 8 35 2 6 29 20 12 26 36 40 27 19 44 33 45 15 37 38 47 23 31 3 24 46 14 48 49 13 7 10 30 21 17 25 41 9 39 34 4 22 28 42 
6 4 46 36 23 49 39 31 24 14 37 11 33 47 43 15 32 17 7 30 38 28 22 48 10 44 35 27 16 12 1 8 21 19 34 40 45 5 42 3 9 18 13 2 41 20 26 25 29 
21 29 24 14 33 44 35 41 13 45 40 3 30 46 20 37 9 39 11 28 1 18 25 49 7 34 42 16 38 31 22 26 2 17 5 15 48 27 43 23 4 8 47 36 6 19 12 32 10 
38 34 17 13 8 2 19 25 39 9 48 28 32 1 35 22 14 23 18 42 12 29 46 5 33 4 41 36 47 10 30 6 43 27 7 26 20 31 16 24 49 11 3 44 15 40 21 45 37 
32 40 13 42 34 47 18 35 16 15 12 49 44 33 17 46 39 1 10 26 9 7 43 31 45 5 8 11 4 48 21 28 3 22 27 19 25 24 37 30 36 14 38 20 23 41 6 29 2 
4 14 6 26 46 28 29 24 42 3 34 32 39 9 48 19 23 38 20 49 15 16 21 1 22 25 27 12 33 17 8 40 10 31 36 5 13 2 11 41 47 45 43 18 44 37 30 35 7 
30 36 25 38 12 48 31 28 10 21 22 43 40 2 16 45 34 18 37 14 42 47 24 17 39 19 46 3 11 41 44 29 7 26 23 49 1 35 6 20 32 9 33 27 8 5 4 15 13 
41 49 10 43 44 16 22 46 14 13 45 19 1 25 7 27 29 36 30 11 35 2 28 38 37 33 20 42 15 5 9 24 12 18 6 48 23 21 8 31 40 4 39 47 26 32 17 34 3 
15 1 8 2 17 5 11 30 23 26 27 41 47 29 13 40 44 22 21 24 43 49 10 32 4 6 48 9 19 20 25 34 35 39 37 12 7 46 33 18 3 38 28 42 14 31 16 36 45 
39 35 45 33 19 27 20 4 31 37 7 18 48 8 5 12 6 25 32 41 3 40 23 15 34 36 44 26 2 30 47 13 14 38 49 16 43 42 28 29 17 10 11 1 24 21 46 9 22 
24 21 7 9 3 37 23 11 20 36 38 6 5 17 8 28 2 4 31 33 47 35 13 41 30 18 29 14 1 32 45 42 46 16 43 39 27 26 44 34 22 15 25 40 10 48 49 19 12 
################proper############## 

 average_time = 0.800055 

 success runs = 1 

 total average iters = 19490.000000 
