Success!!! 
 
 max_col = 
 49 
 
 run_time = 
 2.499918 
 
 once iters = 
 100759 
 
31 33 44 43 15 45 27 32 19 42 41 9 12 48 38 39 16 20 28 2 4 46 29 5 35 47 36 17 3 14 11 22 49 34 1 13 24 30 40 23 6 37 26 10 21 7 25 18 8 
20 7 3 13 34 40 30 18 23 35 16 36 4 25 14 48 33 42 45 49 11 28 39 2 6 22 26 41 12 43 37 19 32 38 8 31 29 47 15 46 21 10 27 1 5 44 24 9 17 
12 2 35 41 37 6 28 13 43 14 47 21 5 10 8 27 44 40 26 31 1 34 19 24 4 15 3 49 25 9 42 29 30 23 20 7 22 48 18 45 36 17 32 46 11 16 39 33 38 
19 14 5 22 17 26 1 49 30 20 37 40 31 29 18 7 23 24 10 35 34 25 45 11 9 44 42 21 27 36 46 28 39 47 4 3 8 33 43 32 38 16 6 48 2 13 12 15 41 
46 32 47 11 23 8 21 2 38 28 34 6 39 33 3 9 30 41 22 12 15 10 40 43 16 48 13 7 44 24 26 17 18 5 31 42 19 1 27 14 20 25 4 29 37 36 35 45 49 
10 24 9 42 39 49 25 17 7 27 11 46 8 26 21 32 43 6 29 36 19 1 31 18 33 38 37 14 15 40 45 13 2 16 48 5 4 34 44 12 35 41 23 20 22 47 3 28 30 
4 18 38 29 48 16 36 3 24 22 15 44 45 1 25 46 17 5 47 13 37 20 12 23 32 27 8 30 35 41 33 10 6 21 7 39 49 28 2 11 9 26 42 34 14 43 19 31 40 
6 28 23 30 21 31 11 19 5 25 29 4 43 41 10 49 38 14 35 37 17 47 33 46 13 36 40 16 9 44 20 7 42 22 32 2 26 15 1 8 12 24 48 27 34 39 45 3 18 
45 48 46 34 44 7 10 40 14 30 32 47 20 16 9 29 6 2 1 24 22 49 26 3 31 37 43 11 28 35 15 5 12 8 33 38 17 4 39 25 18 27 36 42 41 19 21 13 23 
35 4 25 17 22 15 29 39 46 3 33 26 13 34 45 42 47 28 31 41 36 7 8 14 23 9 27 38 19 30 2 18 21 10 40 6 16 20 37 48 5 11 24 44 12 49 1 32 43 
3 13 27 18 14 37 20 12 11 49 31 17 7 9 44 15 46 8 30 21 39 32 24 6 1 2 25 48 16 23 36 41 29 26 38 28 34 42 35 19 45 43 5 22 33 40 10 4 47 
33 42 40 19 32 36 43 24 18 45 23 15 1 44 26 11 4 34 7 48 5 22 35 41 30 12 17 29 39 37 31 6 3 14 27 49 47 21 10 13 46 9 25 2 38 8 28 16 20 
26 49 1 16 8 2 38 10 6 36 27 35 42 28 12 13 32 3 19 43 20 5 15 34 18 21 4 39 17 11 48 25 24 45 47 40 30 23 22 41 33 44 14 31 9 29 46 7 37 
9 47 39 5 24 12 41 38 8 48 21 37 22 2 33 23 25 27 40 18 16 45 20 42 10 19 44 28 34 46 4 43 13 1 49 29 14 32 7 3 31 36 30 15 26 35 17 11 6 
36 38 41 26 13 42 7 34 22 10 28 14 48 8 2 5 45 17 16 40 29 12 44 49 43 31 39 24 18 3 19 9 33 37 21 20 23 25 47 15 4 46 35 11 1 6 30 27 32 
27 15 22 2 30 33 4 46 41 32 42 11 47 49 19 25 31 48 14 26 35 18 21 16 45 34 28 37 7 38 23 44 40 24 5 12 13 39 29 10 1 6 8 17 3 9 43 20 36 
5 43 14 23 47 21 24 31 37 18 45 25 33 40 7 41 13 44 9 34 3 11 27 32 2 30 1 42 48 20 6 8 15 46 39 19 36 38 17 35 49 22 28 26 10 12 16 29 4 
1 34 6 10 45 28 9 43 20 29 39 5 19 4 23 21 42 37 36 30 27 35 48 38 17 3 14 13 22 16 25 11 47 2 12 8 44 41 26 24 32 40 33 7 18 31 15 49 46 
11 12 32 8 18 3 39 6 16 1 44 7 21 17 49 10 20 15 38 22 46 26 25 33 47 41 19 9 36 29 43 34 4 35 30 48 27 31 28 37 42 14 40 5 23 45 2 24 13 
44 16 37 25 35 20 19 9 3 15 13 38 2 12 47 18 8 11 24 1 6 4 36 10 29 46 23 40 31 27 32 49 26 28 17 45 43 5 30 33 7 34 39 21 48 41 14 42 22 
49 40 31 48 46 29 17 27 26 23 35 24 36 30 39 4 28 12 43 33 32 8 22 15 5 7 20 6 10 42 14 45 1 13 41 16 21 18 11 9 3 2 47 25 19 38 37 44 34 
24 46 29 33 19 47 5 1 40 16 20 45 34 7 11 8 39 18 23 9 41 3 28 27 48 35 49 32 2 25 21 36 38 30 13 14 42 17 12 44 43 15 31 37 4 10 6 22 26 
37 11 30 6 26 39 16 22 27 19 49 2 23 21 34 1 3 32 20 46 42 13 38 4 24 40 12 31 45 17 41 35 44 15 10 47 33 36 5 28 25 29 9 18 8 48 7 43 14 
13 45 34 28 7 1 42 15 35 41 8 10 11 32 43 30 49 33 2 17 12 37 14 19 46 39 18 25 47 4 29 40 16 9 26 24 6 22 21 31 48 20 44 3 36 5 23 38 27 
41 17 36 4 12 22 40 44 31 5 30 18 6 14 24 38 48 35 21 16 10 15 42 29 8 20 2 33 43 49 39 27 46 7 28 32 9 26 3 34 37 23 19 13 47 1 11 25 45 
43 8 2 15 9 25 44 42 47 39 48 12 37 46 28 22 40 26 4 27 45 23 7 36 21 1 6 34 11 5 3 20 14 31 19 10 38 16 13 18 41 49 17 32 35 24 33 30 29 
18 23 21 20 27 38 31 25 9 17 3 33 28 36 37 19 14 13 15 29 47 44 43 45 26 5 30 10 8 32 24 12 48 6 22 1 11 35 46 4 40 7 2 41 42 34 49 39 16 
32 3 48 14 49 10 35 4 13 38 43 29 26 24 36 31 5 25 6 44 7 9 17 22 11 16 41 47 37 34 18 1 23 33 42 30 2 45 8 27 19 39 21 12 28 20 40 46 15 
8 27 33 44 25 48 26 11 36 9 6 3 35 43 30 45 15 7 46 23 21 29 34 1 49 24 32 18 38 2 28 31 22 12 14 4 39 13 19 16 17 47 41 40 20 37 42 10 5 
42 5 43 40 20 13 15 37 45 21 19 32 44 38 41 16 10 36 12 6 33 17 46 30 14 28 7 23 24 39 35 47 8 27 11 22 1 2 25 49 29 48 34 9 31 4 18 26 3 
38 22 10 49 29 32 23 33 25 7 26 28 46 47 48 34 18 9 39 11 2 42 37 13 20 4 35 12 5 45 40 30 17 36 44 21 41 14 31 6 15 3 16 19 43 27 8 1 24 
21 19 7 31 2 9 18 16 4 34 5 41 17 20 32 14 35 29 42 47 40 43 3 48 15 25 45 8 26 33 1 37 10 49 46 27 12 11 23 38 24 28 13 36 44 30 22 6 39 
17 35 24 12 4 14 6 48 15 31 2 39 30 22 27 43 1 19 8 20 13 38 16 44 36 10 21 5 41 18 7 23 34 3 25 9 32 37 45 40 26 42 46 28 49 11 29 47 33 
39 1 11 36 41 46 45 23 29 40 18 49 24 13 17 3 37 38 44 4 28 27 47 31 22 26 9 19 42 21 16 32 20 43 6 33 35 10 34 5 8 30 7 14 15 2 48 12 25 
34 37 16 3 28 30 47 14 1 8 12 27 10 42 5 24 22 31 49 25 26 41 6 39 40 33 11 2 4 13 9 15 19 48 29 36 7 46 20 43 44 18 38 23 45 21 32 17 35 
2 26 28 27 3 23 34 29 33 11 17 19 25 45 1 36 21 47 13 15 38 24 18 35 37 6 10 46 14 7 8 42 31 44 43 41 5 12 9 39 22 4 49 16 30 32 20 40 48 
25 9 13 1 31 4 37 47 42 2 40 22 18 23 20 6 19 49 3 7 30 36 32 26 39 8 38 45 46 15 12 16 5 17 24 43 10 44 48 21 34 35 29 33 27 28 41 14 11 
16 29 19 24 11 35 49 20 48 4 9 34 41 31 40 17 26 43 18 45 44 30 5 12 27 14 15 22 21 6 13 39 28 25 2 37 3 7 33 36 47 32 1 8 46 42 38 23 10 
22 21 42 45 6 44 12 35 10 26 46 30 14 15 4 28 41 39 27 5 48 16 13 40 25 29 31 3 49 1 47 33 37 32 36 23 20 24 38 2 11 8 18 43 7 17 34 19 9 
14 36 18 47 33 17 48 5 44 6 24 8 16 3 31 35 9 10 37 32 23 19 4 7 41 49 34 43 29 22 27 38 11 20 45 26 46 40 42 30 28 1 12 39 25 15 13 2 21 
30 20 8 7 10 5 32 21 39 13 38 43 49 37 46 2 12 16 11 42 25 33 1 17 28 23 48 44 40 26 34 4 41 19 9 18 15 27 6 29 14 45 22 35 24 3 47 36 31 
40 39 15 38 43 41 46 36 28 12 7 1 32 27 29 33 24 22 34 14 8 21 2 9 42 11 47 20 23 10 30 48 35 18 3 25 31 49 16 17 13 19 37 45 6 26 4 5 44 
15 31 20 32 16 24 8 30 21 43 1 48 3 5 22 26 29 23 25 19 49 6 41 37 44 17 46 4 33 28 38 2 7 40 34 11 45 9 14 42 27 13 10 47 39 18 36 35 12 
23 10 45 37 40 43 22 8 17 47 4 20 29 18 15 12 27 30 41 39 9 31 49 28 34 13 16 26 6 48 5 3 36 42 35 46 25 19 24 7 2 33 11 38 32 14 44 21 1 
29 44 17 35 1 34 13 41 2 46 25 42 9 11 6 47 7 21 5 28 31 14 23 8 3 32 22 36 30 12 10 24 45 39 18 15 37 43 49 26 16 38 20 4 40 33 27 48 19 
28 30 49 46 38 19 3 26 32 24 36 16 27 35 13 44 11 45 33 10 18 48 9 21 7 42 29 1 20 31 22 14 25 4 15 34 40 8 41 47 39 12 43 6 17 23 5 37 2 
47 6 26 21 42 11 2 28 34 33 14 31 38 39 16 37 36 4 48 3 43 40 30 25 12 45 24 35 1 19 44 46 27 41 23 17 18 29 32 20 10 5 15 49 13 22 9 8 7 
7 25 12 39 36 18 33 45 49 44 10 23 15 19 42 40 34 1 32 8 14 2 11 20 38 43 5 27 13 47 17 26 9 29 37 35 48 6 4 22 30 21 3 24 16 46 31 41 28 
48 41 4 9 5 27 14 7 12 37 22 13 40 6 35 20 2 46 17 38 24 39 10 47 19 18 33 15 32 8 49 21 43 11 16 44 28 3 36 1 23 31 45 30 29 25 26 34 42 
################proper############## 

 average_time = 2.499918 

 success runs = 1 

 total average iters = 100759.000000 
