Success!!! 
 
 max_col = 
 49 
 
 run_time = 
 1.011203 
 
 once iters = 
 47217 
 
22 16 23 49 24 3 27 12 37 46 14 40 11 45 6 1 29 41 31 20 47 35 39 10 5 26 38 30 13 18 21 15 43 7 9 44 28 36 19 34 42 32 2 25 33 48 17 8 4 
12 19 11 14 43 30 46 29 23 38 4 13 10 15 44 7 3 17 36 40 16 25 1 33 2 37 9 28 35 47 22 45 48 6 39 26 41 24 20 5 8 27 34 18 42 49 21 32 31 
6 13 39 5 34 47 37 9 48 20 7 16 18 27 45 25 19 28 42 21 46 4 22 36 17 44 32 15 38 29 49 24 11 8 33 35 23 2 1 31 30 40 10 41 14 12 43 26 3 
41 2 20 32 26 17 44 24 3 39 33 1 36 42 11 43 4 30 34 8 37 48 21 23 12 29 16 18 40 10 28 31 19 27 5 7 22 15 49 9 14 25 46 35 6 38 13 45 47 
1 33 36 18 40 35 25 47 22 19 28 8 31 43 27 38 2 9 10 26 13 41 3 20 45 49 14 11 34 16 42 32 23 44 4 46 6 21 37 12 48 17 29 30 39 15 7 24 5 
29 28 42 38 9 10 15 21 30 26 34 49 44 17 23 48 22 35 32 5 14 6 24 13 31 7 8 47 41 2 12 1 46 36 25 4 18 39 3 45 33 43 19 40 37 20 16 11 27 
7 48 21 31 4 45 8 35 5 41 2 6 25 32 24 33 18 49 12 39 15 42 19 34 43 27 40 46 14 17 26 3 37 20 30 47 13 16 10 29 38 11 9 23 1 36 44 22 28 
14 25 6 13 37 40 36 22 19 29 30 2 32 49 38 39 48 47 41 34 31 11 45 28 1 24 12 35 42 15 33 43 4 10 16 9 26 7 21 3 17 8 44 20 18 5 27 46 23 
16 1 34 20 33 38 42 4 13 24 23 12 37 18 32 45 14 7 5 46 11 22 17 3 9 21 25 27 44 8 31 26 40 48 35 2 43 19 28 47 6 29 41 39 10 30 36 49 15 
39 22 2 41 21 19 10 44 42 5 20 27 43 47 40 35 49 6 28 3 4 36 37 26 18 31 48 29 11 9 46 14 7 17 1 23 34 30 12 32 15 33 16 24 25 8 38 13 45 
44 49 9 43 47 8 32 45 34 21 6 3 48 46 15 29 37 2 27 22 18 16 33 41 38 5 13 19 30 25 20 23 24 39 28 1 10 35 14 11 36 31 40 12 7 4 42 17 26 
30 23 29 28 5 48 31 26 17 15 39 35 9 11 33 10 42 16 25 24 8 34 2 32 40 46 44 7 12 27 36 13 21 45 19 49 38 4 41 18 22 20 3 43 47 37 6 14 1 
35 11 15 27 18 12 7 16 14 36 1 31 40 28 17 20 44 26 23 13 21 30 8 4 6 47 10 43 32 5 2 41 3 49 38 39 46 42 45 24 25 37 48 33 22 19 34 29 9 
3 17 4 45 46 24 26 41 33 10 8 25 7 38 19 12 9 36 30 1 43 15 20 39 49 14 42 23 37 6 29 18 22 47 34 40 48 13 27 44 5 16 32 2 11 21 28 31 35 
38 34 32 26 11 23 14 27 18 16 5 17 29 37 39 13 36 48 24 42 3 47 41 35 4 2 43 31 21 33 7 9 25 22 10 19 45 46 30 20 1 12 8 6 40 44 15 28 49 
42 39 47 48 6 1 21 25 31 35 19 23 13 36 30 37 8 44 46 33 45 14 11 49 29 12 20 5 16 28 15 34 38 43 2 41 27 3 22 4 40 26 18 10 17 24 9 7 32 
49 9 28 44 35 43 18 14 7 2 12 15 45 39 4 17 38 34 1 11 41 32 23 16 26 40 19 21 3 37 27 48 20 29 46 42 8 47 6 10 31 24 5 13 30 33 22 36 25 
15 24 27 2 22 31 33 48 38 3 10 26 8 4 9 47 32 40 14 49 29 13 30 46 36 18 28 44 19 1 17 39 6 12 41 43 7 37 34 25 23 5 21 42 35 16 45 20 11 
10 30 12 8 29 13 17 40 1 6 32 34 22 41 20 31 28 15 21 35 23 39 27 9 33 25 7 3 45 44 4 47 5 24 42 11 49 14 16 36 18 2 43 26 38 46 19 37 48 
25 45 46 16 36 41 3 30 43 47 24 44 20 33 5 19 27 10 22 7 26 17 6 37 15 48 1 42 18 23 40 11 8 14 49 32 21 9 13 38 28 35 31 4 2 34 29 12 39 
37 40 5 4 7 20 19 28 49 11 46 21 42 9 25 6 16 43 18 2 12 10 34 8 22 38 24 45 31 35 30 36 32 13 26 33 15 29 39 17 44 48 27 3 23 47 41 1 14 
43 10 7 30 31 39 23 36 40 49 44 5 16 14 46 41 13 32 2 29 6 20 47 27 24 8 17 22 25 12 11 19 35 1 45 34 33 48 4 21 37 18 28 38 15 3 26 9 42 
32 47 22 34 25 36 12 20 26 13 29 9 38 6 48 18 35 24 15 31 33 45 43 19 14 4 3 40 49 41 44 30 28 46 17 10 1 11 7 39 27 42 37 21 5 2 23 16 8 
40 29 18 9 3 21 13 11 10 31 37 32 28 48 8 14 47 19 44 30 22 46 42 1 16 33 26 2 39 36 38 7 34 15 23 25 24 5 17 35 20 6 4 27 41 45 49 43 12 
5 46 38 11 1 6 20 3 15 17 27 24 39 22 42 16 26 25 45 4 28 29 49 12 48 34 41 9 33 21 8 40 2 32 37 30 44 31 23 14 43 36 35 7 13 18 47 10 19 
33 35 14 17 16 28 4 43 8 1 41 45 23 19 12 5 21 27 49 37 40 31 7 44 30 36 6 13 29 26 47 10 9 42 18 38 32 22 2 46 3 15 20 34 48 11 25 39 24 
24 41 49 15 27 26 45 42 21 18 25 30 2 7 1 11 34 38 20 43 36 37 28 5 35 10 23 39 48 13 14 22 31 4 3 16 9 8 47 40 12 19 6 44 46 29 32 33 17 
8 37 19 42 48 44 2 34 46 4 47 33 12 35 10 9 39 23 3 17 7 18 38 15 25 11 21 32 6 43 24 16 27 5 20 28 29 49 26 13 41 45 22 14 36 1 31 30 40 
28 36 31 22 10 37 16 18 32 7 40 48 41 24 13 2 11 4 8 23 20 26 29 38 27 3 15 34 46 42 6 21 30 19 14 5 35 43 9 1 45 47 25 17 49 39 12 44 33 
47 3 26 6 42 5 40 19 9 37 31 39 1 21 14 27 15 12 17 32 35 49 46 18 8 23 45 36 10 22 16 38 41 33 24 29 25 20 44 2 13 7 30 11 34 28 48 4 43 
9 15 48 12 32 49 41 6 25 22 16 4 47 3 43 24 5 46 38 10 19 1 44 40 7 39 31 14 20 11 45 28 29 34 13 36 17 27 8 33 21 30 42 37 26 35 2 23 18 
21 44 35 33 19 2 43 15 45 34 49 36 14 13 28 40 30 3 29 6 48 12 25 42 37 17 22 4 7 39 9 5 47 26 8 24 11 10 18 23 32 46 38 1 31 41 20 27 16 
4 20 13 39 45 29 38 2 44 43 11 42 46 12 31 49 41 21 33 18 34 9 35 30 10 28 47 6 27 3 25 17 1 23 15 37 19 40 48 26 16 14 36 8 32 22 24 5 7 
27 18 1 24 23 11 30 10 20 8 17 29 33 26 22 44 25 39 7 47 42 19 48 2 21 13 5 16 43 32 37 12 36 35 31 3 4 41 38 28 49 34 15 45 9 14 46 40 6 
17 7 8 25 14 46 34 23 35 27 38 28 5 30 36 26 1 45 37 16 9 33 32 43 41 20 11 24 2 49 18 4 44 40 48 12 31 6 42 15 39 22 13 29 19 10 3 47 21 
46 38 24 37 15 32 47 49 12 25 3 10 21 31 34 23 43 14 16 41 1 28 36 11 44 30 27 48 22 20 13 8 33 9 6 18 40 45 35 42 7 39 26 19 4 17 5 2 29 
23 4 44 40 30 16 5 32 11 33 18 37 24 20 3 42 7 29 48 36 49 21 10 22 34 19 35 17 47 45 1 2 39 25 27 6 14 38 31 43 26 9 12 15 28 13 8 41 46 
26 8 25 10 49 14 1 7 2 30 36 19 4 5 37 15 20 13 35 38 44 40 18 45 42 43 39 12 28 31 41 46 17 21 29 48 47 33 32 27 24 3 23 9 16 6 11 34 22 
18 31 33 19 39 34 6 1 29 28 26 14 35 23 2 30 17 22 11 45 27 8 15 24 20 9 49 38 5 48 43 42 10 37 32 13 16 12 25 41 46 4 47 36 3 7 40 21 44 
48 42 17 3 2 7 35 39 27 40 9 22 15 34 21 46 12 5 47 25 24 23 4 31 13 6 33 41 26 38 19 49 16 11 36 8 37 44 29 30 10 28 1 32 45 43 14 18 20 
20 21 43 29 28 9 11 38 47 45 13 41 17 8 18 4 31 33 6 19 32 7 14 25 3 16 46 26 24 40 23 44 15 30 12 22 36 34 5 49 2 1 39 48 27 42 37 35 10 
13 12 45 36 41 27 22 46 16 42 48 43 6 44 26 28 40 8 39 9 10 2 5 47 32 1 29 37 4 34 3 35 14 18 7 21 20 17 15 19 11 23 49 31 24 25 33 38 30 
31 26 10 21 8 18 39 33 28 12 45 20 19 2 35 22 23 42 4 48 38 5 16 6 11 15 37 25 36 24 34 27 49 41 43 14 30 32 40 7 47 44 17 46 29 9 1 3 13 
34 43 16 23 12 4 49 17 6 44 15 47 30 10 41 36 24 1 13 28 39 3 31 14 19 32 18 20 8 46 5 29 45 2 11 27 42 26 33 48 9 38 7 22 21 40 35 25 37 
11 6 30 46 17 42 48 13 36 14 21 7 26 25 47 8 10 31 43 44 5 27 9 29 28 45 34 49 15 4 32 37 18 38 40 20 3 1 24 22 35 41 33 16 12 23 39 19 2 
36 5 41 47 38 22 9 8 39 32 35 18 27 16 29 21 33 20 26 14 17 24 40 7 46 42 30 1 23 19 48 25 12 3 44 15 2 28 11 37 4 13 45 49 43 31 10 6 34 
19 32 37 35 13 33 29 31 24 23 43 46 49 40 7 3 45 18 9 27 30 44 12 48 39 41 2 8 1 14 10 6 42 28 22 17 5 25 36 16 34 21 11 47 20 26 4 15 38 
2 14 3 1 20 15 28 37 4 9 42 38 34 29 16 32 6 11 40 12 25 43 26 21 23 22 36 10 17 7 35 33 13 31 47 45 39 18 46 8 19 49 24 5 44 27 30 48 41 
45 27 40 7 44 25 24 5 41 48 22 11 3 1 49 34 46 37 19 15 2 38 13 17 47 35 4 33 9 30 39 20 26 16 21 31 12 23 43 6 29 10 14 28 8 32 18 42 36 
################proper############## 

 average_time = 1.011203 

 success runs = 1 

 total average iters = 47217.000000 
