Success!!! 
 
 max_col = 
 49 
 
 run_time = 
 1.629753 
 
 once iters = 
 101639 
 
40 31 3 39 36 5 21 2 19 26 4 1 34 17 23 49 48 12 15 43 9 38 47 41 35 8 11 22 14 7 37 33 24 28 18 46 44 29 13 6 25 27 10 45 30 20 42 32 16 
30 4 24 46 1 17 9 42 43 16 44 39 27 36 47 38 5 37 28 14 11 45 3 15 25 49 29 26 6 20 2 31 48 32 12 22 7 41 21 10 34 35 33 13 40 19 8 18 23 
35 34 18 13 44 7 15 23 38 32 41 31 49 11 2 10 25 8 45 19 33 20 37 27 48 40 21 36 26 39 42 47 22 16 3 30 28 43 24 9 1 17 5 6 46 14 4 12 29 
6 20 45 11 26 16 8 14 15 48 35 46 3 7 40 29 4 13 39 32 18 19 10 34 31 23 5 24 43 49 1 38 17 44 30 37 33 47 36 2 42 12 9 21 25 28 27 22 41 
37 12 41 19 47 38 42 25 28 20 6 24 21 45 22 31 36 26 1 3 46 33 30 14 18 7 9 4 23 27 35 13 8 10 29 11 39 40 5 15 32 16 34 48 44 2 49 17 43 
29 23 27 28 22 33 43 37 10 18 30 12 13 5 20 24 16 35 17 7 34 32 6 1 2 42 39 44 21 41 25 9 4 46 40 3 14 45 49 19 48 8 47 15 31 36 26 11 38 
2 14 10 49 48 32 25 9 47 33 22 40 29 8 30 41 42 44 6 21 27 16 46 17 12 28 13 43 11 5 15 34 45 19 36 18 20 23 38 31 4 26 35 1 7 24 39 37 3 
44 6 16 1 42 26 14 32 23 24 33 48 35 25 28 3 13 20 10 34 47 8 19 37 27 18 17 45 30 46 21 41 15 22 9 43 2 5 7 39 36 11 31 12 4 38 40 29 49 
24 19 15 18 4 31 27 20 5 21 16 41 37 42 32 22 35 23 29 11 26 25 39 2 9 44 34 46 28 17 33 43 12 14 49 47 45 1 48 40 38 10 3 36 8 6 30 13 7 
45 32 8 10 12 13 38 4 3 22 39 17 9 29 19 2 31 41 44 40 49 5 16 20 30 48 43 14 42 34 18 11 36 24 7 35 25 46 33 28 6 23 1 37 27 21 47 15 26 
34 33 9 22 37 21 17 49 27 14 7 11 40 44 36 43 8 25 18 15 12 3 38 32 6 1 42 28 31 35 19 10 16 45 47 26 30 4 29 20 13 41 46 39 23 48 5 2 24 
25 43 29 48 49 28 3 31 34 10 36 30 2 46 6 17 1 33 5 45 38 23 12 4 40 47 7 15 39 13 20 27 37 26 8 24 19 9 44 42 21 22 14 41 18 11 16 35 32 
41 46 7 20 23 39 36 26 8 45 1 19 47 6 27 37 24 4 30 16 21 13 11 29 49 33 31 35 2 38 5 40 32 25 48 15 17 3 14 18 12 34 22 44 28 10 43 9 42 
11 30 47 2 5 40 35 12 13 38 43 15 28 18 9 48 46 7 42 39 14 26 21 24 36 10 22 41 4 3 6 1 44 29 23 27 49 8 31 16 37 32 45 17 33 25 19 34 20 
23 38 32 40 9 15 13 24 25 11 28 33 26 37 45 42 27 1 4 12 19 48 2 35 14 36 46 34 49 44 17 20 43 47 16 41 10 6 30 5 8 29 18 7 22 3 21 39 31 
28 26 6 12 34 36 22 17 20 29 8 5 44 32 31 35 43 40 38 37 48 30 41 18 11 13 47 3 24 14 45 21 1 39 10 42 46 15 2 4 7 49 25 19 16 9 23 33 27 
16 7 33 21 46 11 19 43 2 40 12 14 39 13 41 8 28 5 3 47 30 24 20 44 22 4 45 25 29 15 26 18 6 27 42 32 37 48 9 38 23 31 36 34 49 35 1 10 17 
18 42 25 4 3 37 31 6 30 34 45 23 10 41 29 32 49 39 11 22 44 15 40 19 21 5 1 17 36 8 7 46 9 35 2 12 26 16 20 24 27 33 13 38 48 43 14 47 28 
43 41 44 35 30 48 5 38 9 47 19 42 31 49 13 21 10 2 7 26 23 27 33 6 39 16 12 32 22 25 4 28 11 3 37 1 34 36 18 17 45 14 20 8 15 29 24 40 46 
1 47 2 8 39 24 45 21 48 46 15 7 36 27 25 33 14 17 16 18 20 43 49 42 28 29 10 9 38 23 31 12 41 34 5 40 35 19 22 13 3 44 4 30 6 32 11 26 37 
20 49 17 14 29 27 10 1 22 4 3 18 16 35 24 46 15 9 34 6 36 37 31 26 7 38 8 23 32 48 13 19 30 40 33 39 11 21 28 25 43 47 2 42 5 41 12 44 45 
10 45 4 44 32 35 16 19 11 8 46 43 15 21 38 9 18 14 49 5 25 12 23 47 42 3 27 48 34 30 40 26 29 17 24 2 6 7 1 22 31 36 39 28 37 13 20 41 33 
33 29 37 9 25 22 1 35 18 17 49 27 48 14 43 13 26 30 12 28 7 34 44 40 45 41 24 6 46 36 8 5 19 38 20 4 21 42 10 32 15 39 11 23 47 16 3 31 2 
38 39 21 41 20 42 11 28 33 7 31 2 22 23 1 40 6 34 24 10 8 18 9 25 26 17 19 5 3 37 12 44 13 4 43 45 16 35 47 27 29 48 49 14 32 46 36 30 15 
47 27 26 30 24 49 23 16 12 39 40 34 42 4 46 15 3 19 2 35 17 36 32 43 37 20 33 10 9 45 22 7 25 31 6 28 38 44 41 14 11 13 8 29 1 5 18 48 21 
36 3 28 34 8 6 12 29 32 1 24 47 30 20 39 44 41 21 48 23 45 4 35 31 13 46 14 11 27 42 16 49 2 18 15 25 5 33 26 37 40 19 17 9 43 7 22 38 10 
5 17 14 7 40 19 48 36 6 37 13 38 45 26 16 20 32 11 47 31 22 29 1 30 8 2 15 49 33 21 10 35 39 41 28 9 43 12 23 46 18 3 44 4 42 27 25 24 34 
15 13 46 43 31 2 18 44 41 3 25 9 5 10 33 36 29 27 37 4 42 28 22 21 38 39 16 7 48 47 32 23 14 1 11 34 24 49 17 8 20 30 26 40 12 45 35 6 19 
19 11 22 47 13 30 24 27 21 49 32 37 14 31 3 1 12 45 36 25 15 10 18 38 16 26 48 33 44 29 34 17 40 7 46 20 23 28 42 43 5 9 41 35 2 39 6 8 4 
12 16 39 23 14 29 6 3 24 19 17 45 4 15 48 34 37 38 43 41 28 49 7 5 20 30 35 47 8 9 11 42 10 2 22 21 31 26 40 33 46 1 32 27 36 18 13 25 44 
27 5 48 32 7 46 40 34 44 25 18 26 23 22 8 39 17 10 14 20 24 42 15 13 41 45 36 31 47 43 28 3 33 21 35 38 12 37 6 30 2 4 19 16 11 49 29 1 9 
4 15 42 17 38 18 26 11 39 12 9 8 20 48 35 7 23 46 33 44 40 1 24 22 19 34 28 2 5 6 36 45 31 49 13 16 32 27 3 29 41 25 21 47 10 30 37 43 14 
49 2 1 36 28 10 34 46 35 41 5 16 43 30 4 47 9 42 21 27 31 40 14 23 29 6 37 39 19 32 38 25 18 15 26 44 48 13 8 11 22 24 7 3 17 33 45 20 12 
8 25 31 3 35 20 44 40 7 36 47 29 1 33 5 19 11 6 13 49 2 9 17 12 32 43 4 21 37 24 23 16 27 30 41 14 18 10 34 45 39 15 28 22 26 42 38 46 48 
9 21 43 37 41 45 33 10 42 13 2 6 38 28 26 18 22 16 32 30 29 44 27 46 3 11 25 8 12 4 14 39 20 48 1 49 47 17 19 36 35 7 40 31 24 15 34 23 5 
22 28 19 15 43 4 2 7 17 5 26 32 6 16 37 12 47 49 23 9 13 21 29 39 46 14 40 42 20 33 30 48 35 36 25 8 1 18 27 3 44 38 24 10 34 31 41 45 11 
14 44 5 24 21 9 46 39 4 23 48 13 12 34 17 6 30 28 40 36 1 35 26 11 47 31 18 38 41 2 27 15 3 37 19 10 29 25 43 7 33 45 16 49 20 8 32 42 22 
26 37 11 25 27 41 29 47 1 42 38 28 33 9 7 4 45 32 31 8 10 22 43 36 15 24 49 16 13 12 46 6 34 23 21 5 40 2 35 48 14 20 30 18 19 44 17 3 39 
42 35 38 33 18 3 32 30 40 31 27 44 11 43 21 5 34 22 46 24 16 6 45 48 10 19 41 20 7 1 49 8 26 9 17 23 36 39 12 47 28 37 29 2 13 4 15 14 25 
39 40 36 31 6 34 20 18 29 15 37 10 8 3 11 25 33 48 19 2 41 7 13 28 23 27 30 1 45 16 44 22 38 5 14 17 4 24 32 49 9 42 43 26 35 12 46 21 47 
7 8 30 16 17 23 47 22 45 35 14 49 46 19 44 27 39 18 20 29 43 2 5 9 34 25 3 12 40 10 24 32 28 42 4 13 15 31 11 41 26 21 37 33 38 1 48 36 6 
48 1 13 45 10 12 49 41 36 2 21 20 25 24 14 26 38 15 35 42 3 17 8 33 4 32 44 37 18 31 43 29 47 11 39 6 22 30 16 34 19 46 27 5 9 23 7 28 40 
21 36 35 27 33 25 41 48 16 44 23 4 17 12 34 14 40 29 9 46 32 47 28 8 43 22 2 19 15 11 3 24 7 6 45 31 13 38 37 1 49 18 42 20 39 26 10 5 30 
17 9 20 29 16 14 37 15 49 28 10 36 24 38 42 11 2 3 8 13 39 46 48 45 44 12 23 40 1 18 41 4 5 33 34 19 27 22 25 26 30 43 6 32 21 47 31 7 35 
3 48 40 6 11 43 30 45 46 27 20 35 19 39 18 23 7 31 26 33 5 14 4 10 1 9 38 29 25 22 47 37 49 8 44 36 42 32 15 21 17 2 12 24 41 34 28 16 13 
13 18 23 42 45 44 7 33 31 6 11 3 32 40 10 30 20 47 22 17 4 41 36 49 24 21 26 27 35 28 48 2 46 43 38 29 8 34 39 12 16 5 15 25 14 37 9 19 1 
46 22 12 5 2 1 39 8 37 30 34 21 41 47 49 28 19 43 25 38 35 31 42 16 17 15 32 13 10 26 9 36 23 20 27 7 3 14 45 44 24 6 48 11 29 40 33 4 18 
31 24 49 26 15 47 28 5 14 43 29 25 7 2 12 16 21 36 41 1 37 11 34 3 33 35 6 18 17 19 39 30 42 13 32 48 9 20 4 23 10 40 38 46 45 22 44 27 8 
32 10 34 38 19 8 4 13 26 9 42 22 18 1 15 45 44 24 27 48 6 39 25 7 5 37 20 30 16 40 29 14 21 12 31 33 41 11 46 35 47 28 23 43 3 17 2 49 36 
################proper############## 

 average_time = 1.629753 

 success runs = 1 

 total average iters = 101639.000000 
