Success!!! 
 
 max_col = 
 49 
 
 run_time = 
 3.589805 
 
 once iters = 
 300165 
 
30 47 24 28 19 3 39 8 31 12 9 2 7 26 36 11 1 34 15 16 21 48 6 44 18 38 35 43 13 4 14 45 40 42 22 33 37 10 27 41 46 49 25 32 29 23 17 20 5 
38 41 9 1 35 49 7 29 23 3 24 45 19 48 2 25 18 46 4 33 10 42 32 17 8 47 14 20 16 27 31 26 44 11 21 28 13 22 12 39 15 5 43 34 6 30 40 37 36 
2 25 16 23 44 11 31 15 20 39 22 36 27 43 24 29 30 38 9 7 5 4 33 21 49 10 34 26 6 41 17 37 8 18 46 1 35 3 47 40 42 32 13 19 48 14 28 45 12 
32 15 8 46 40 12 45 4 37 11 5 44 14 30 22 49 42 28 17 35 6 16 1 25 19 13 41 7 9 34 20 29 39 47 24 26 48 2 43 38 23 36 21 31 10 27 18 3 33 
14 26 48 18 36 21 33 42 17 16 13 28 32 49 40 3 8 47 31 37 19 23 39 29 12 27 46 22 30 1 43 10 2 25 5 20 24 6 7 44 34 45 9 41 4 15 35 11 38 
22 42 6 43 27 10 5 35 21 33 47 46 25 34 41 26 39 23 20 45 13 24 9 31 40 37 3 30 48 12 15 38 32 36 28 29 14 18 11 17 4 19 2 7 49 8 16 1 44 
17 13 37 4 34 29 20 41 18 40 38 1 6 10 27 43 32 12 48 44 14 2 36 11 15 5 28 45 19 23 7 33 35 3 49 9 30 8 25 16 31 21 26 47 42 39 22 46 24 
34 30 29 20 47 5 12 39 19 44 6 17 4 37 23 14 27 40 42 49 32 36 10 46 7 16 24 21 11 22 3 15 41 9 45 38 43 25 31 13 8 26 28 1 2 18 48 33 35 
28 35 1 26 17 43 42 48 2 36 29 22 10 7 46 45 24 4 16 30 3 8 25 34 32 9 33 13 18 44 21 12 47 49 27 5 41 11 40 37 19 15 6 38 20 31 14 23 39 
46 8 41 38 16 24 21 1 14 13 34 49 11 20 18 15 10 6 25 22 37 28 27 23 2 43 44 5 42 35 19 40 29 31 36 39 45 9 33 7 3 48 17 12 47 4 32 26 30 
10 36 15 7 11 9 18 21 28 31 8 38 42 24 48 13 33 20 12 39 26 41 17 19 47 40 30 1 37 5 6 46 23 14 4 35 22 32 49 29 2 34 3 43 25 16 27 44 45 
49 6 4 45 32 33 14 40 26 25 18 9 43 27 5 35 2 8 36 19 31 12 15 3 38 22 11 29 39 16 48 28 24 20 30 44 42 21 1 23 47 17 37 46 13 10 41 34 7 
48 27 44 37 23 2 40 33 35 30 12 5 47 3 29 1 21 43 11 41 9 39 4 45 26 31 18 6 34 7 25 13 17 38 32 46 16 28 20 10 24 14 8 42 36 19 49 22 15 
19 31 25 39 22 13 3 46 41 32 45 16 23 15 28 38 17 7 44 47 34 49 35 37 20 42 48 14 10 33 26 8 43 1 2 27 18 36 4 30 12 6 11 9 40 21 5 24 29 
26 28 39 6 18 8 17 45 44 47 7 3 49 25 30 10 29 13 33 4 46 31 16 40 43 36 37 15 14 19 5 2 22 23 11 41 27 35 34 48 32 20 38 24 21 1 12 42 9 
4 12 45 31 49 34 38 2 11 8 35 37 48 5 25 32 19 16 18 9 23 47 28 39 3 24 10 33 27 43 29 1 21 30 41 15 44 13 26 42 17 7 36 6 22 20 46 14 40 
47 19 22 16 13 44 48 28 40 38 21 14 39 17 8 36 49 5 26 34 2 30 7 32 1 41 27 11 33 20 12 9 6 35 42 18 3 23 29 24 10 46 31 45 43 37 25 15 4 
3 37 11 2 7 36 30 34 16 9 42 20 15 6 43 12 41 31 35 48 38 44 5 4 21 19 17 18 45 32 47 24 46 8 26 40 25 14 22 28 49 1 33 13 23 29 39 10 27 
27 43 23 10 5 15 25 22 36 24 31 30 12 33 1 20 14 21 37 28 11 35 42 2 29 26 6 46 38 49 13 7 34 17 40 4 47 39 8 19 45 9 41 18 44 48 3 16 32 
35 1 40 21 14 41 9 27 10 43 32 18 46 29 3 47 6 44 45 24 42 22 20 13 25 23 49 8 31 15 36 39 4 37 48 12 11 38 16 33 5 2 7 26 28 17 34 30 19 
29 24 20 33 42 46 32 26 4 19 1 41 13 23 39 7 15 22 40 27 17 38 48 9 14 12 45 34 28 10 18 25 3 16 44 6 21 37 36 31 30 43 49 2 5 35 11 47 8 
15 2 38 41 25 48 4 14 6 28 10 7 8 1 47 44 11 26 49 13 20 29 18 12 37 30 40 16 46 24 9 22 33 45 35 36 17 43 23 32 27 31 34 5 19 3 21 39 42 
44 23 35 27 28 14 13 5 9 34 11 43 33 41 7 19 45 39 2 40 12 17 31 36 10 46 20 32 25 6 4 42 38 48 37 21 49 26 3 8 16 30 29 15 1 22 24 18 47 
33 32 46 40 39 30 43 12 42 21 25 4 37 45 38 18 3 29 6 15 16 13 11 35 23 28 8 19 44 36 34 47 31 26 7 48 5 41 24 14 1 22 10 27 17 9 2 49 20 
16 7 36 11 45 17 10 49 3 2 26 24 29 31 33 8 5 9 23 42 22 43 34 48 27 6 15 4 21 30 28 32 1 19 18 13 20 44 39 47 25 12 14 37 35 41 38 40 46 
31 21 12 34 1 22 49 16 47 23 46 15 18 44 4 17 43 48 27 25 35 3 38 33 24 14 39 41 5 40 8 20 13 2 10 37 19 42 28 11 9 29 45 30 7 6 36 32 26 
8 5 3 9 37 42 29 17 38 48 20 19 40 13 10 24 46 30 32 21 36 7 26 1 22 45 47 2 41 11 27 49 14 43 39 34 4 15 18 6 33 35 44 16 12 28 31 25 23 
24 20 18 47 26 6 19 30 22 35 39 27 36 32 14 34 28 37 41 31 1 25 49 5 42 21 9 44 29 3 16 23 12 15 17 2 7 45 10 46 38 40 4 8 11 43 33 13 48 
6 40 49 30 10 18 15 3 27 41 37 31 20 42 12 48 26 24 39 11 47 32 8 22 45 44 21 36 4 2 23 17 19 29 38 14 9 34 5 43 28 16 1 35 33 46 13 7 25 
37 48 43 17 20 47 35 11 30 45 19 8 9 39 32 5 25 2 29 6 28 26 3 27 46 34 13 49 40 14 1 41 10 33 16 7 15 24 21 12 36 42 23 22 18 38 44 4 31 
7 39 33 14 8 28 26 44 49 1 23 40 22 36 19 27 4 15 13 20 45 9 47 41 6 29 43 17 32 42 46 3 11 5 31 25 38 30 48 18 35 37 24 21 16 12 10 2 34 
25 45 27 29 3 16 44 18 7 46 4 10 5 28 34 37 40 49 43 1 41 19 23 20 35 15 38 12 22 47 24 36 9 21 13 31 32 33 6 2 39 11 30 48 8 42 26 17 14 
5 9 2 12 21 31 1 24 48 14 43 13 34 38 16 46 35 3 30 10 33 37 40 7 39 11 25 42 15 18 44 6 26 28 8 17 23 29 45 4 22 27 19 20 32 49 47 36 41 
42 38 19 22 41 4 23 32 12 29 16 6 35 21 44 31 9 36 8 17 18 1 2 14 33 48 5 24 7 25 49 30 20 27 34 3 10 47 46 26 40 13 15 39 37 11 45 43 28 
36 34 13 24 46 32 11 25 15 17 2 33 26 47 42 23 22 14 21 38 7 18 30 28 31 4 16 10 35 37 39 48 45 12 43 8 1 19 44 49 20 41 27 40 3 5 29 9 6 
13 10 14 42 43 26 47 20 5 18 15 39 24 22 21 28 7 33 46 12 29 34 19 6 9 25 2 38 36 8 37 4 48 41 23 49 31 16 35 45 11 3 40 44 30 32 1 27 17 
12 3 28 15 2 35 24 7 13 49 14 11 30 8 17 9 48 27 10 26 40 20 45 18 36 1 32 31 43 39 33 16 42 46 19 22 6 4 38 34 44 23 47 29 41 25 37 5 21 
23 18 7 48 38 25 27 31 1 37 41 42 28 9 35 22 36 32 34 5 43 33 46 16 44 49 29 39 2 17 40 14 30 10 6 24 26 12 19 15 21 47 20 11 45 13 4 8 3 
21 22 32 44 33 20 41 36 29 26 17 12 38 16 11 4 31 25 19 18 24 40 37 15 13 8 42 47 1 45 35 5 49 34 3 30 39 46 14 27 7 28 48 23 9 2 43 6 10 
11 17 5 49 6 40 8 19 46 4 33 34 3 35 13 39 16 45 38 14 44 21 43 30 48 7 23 27 47 9 32 18 28 24 29 10 2 1 41 20 37 25 42 36 31 26 15 12 22 
9 29 34 19 4 1 16 23 32 10 27 21 45 2 37 6 20 42 47 8 30 5 14 26 41 3 22 28 12 31 38 11 25 44 15 43 40 48 17 36 13 18 46 33 39 24 7 35 49 
45 46 30 36 31 39 37 47 43 6 48 25 44 40 49 2 23 41 1 3 15 10 12 24 11 17 4 35 26 21 22 27 7 13 20 32 8 5 42 9 29 33 16 28 14 34 19 38 18 
40 14 42 13 15 23 2 37 24 27 44 29 1 18 31 16 38 19 22 46 49 6 41 10 17 39 26 3 20 28 45 43 5 32 33 47 12 7 30 25 48 8 35 4 34 36 9 21 11 
20 49 47 3 30 38 28 10 45 7 36 26 31 14 15 42 12 18 24 2 48 46 22 43 5 33 19 25 23 13 41 21 37 39 1 11 34 40 9 35 6 4 32 17 27 44 8 29 16 
39 4 17 5 29 7 46 38 33 20 49 32 16 19 45 40 13 35 14 43 8 15 21 42 30 2 31 9 24 48 11 34 36 22 25 23 28 27 37 3 18 44 12 10 26 47 6 41 1 
41 11 31 8 9 45 22 13 34 15 28 47 2 46 20 21 37 17 5 29 39 27 44 38 4 35 36 40 3 26 30 19 16 6 12 42 33 49 32 1 14 10 18 25 24 7 23 48 43 
43 33 21 35 24 37 6 9 39 42 40 48 17 11 26 30 34 1 7 32 25 14 29 8 16 18 12 23 49 46 10 44 27 4 47 19 36 31 2 22 41 38 5 3 15 45 20 28 13 
18 16 26 32 12 19 34 6 25 5 30 23 41 4 9 33 44 10 3 36 27 11 24 47 28 20 1 48 8 38 2 35 15 7 14 45 29 17 13 21 43 39 22 49 46 40 42 31 37 
1 44 10 25 48 27 36 43 8 22 3 35 21 12 6 41 47 11 28 23 4 45 13 49 34 32 7 37 17 29 42 31 18 40 9 16 46 20 15 5 26 24 39 14 38 33 30 19 2 
################proper############## 

 average_time = 3.589805 

 success runs = 1 

 total average iters = 300165.000000 
