Success!!! 
 
 max_col = 
 49 
 
 run_time = 
 1.084055 
 
 once iters = 
 38721 
 
19 7 36 31 2 5 22 21 13 42 34 15 28 16 11 1 17 41 47 24 37 27 6 18 25 39 46 30 44 33 45 14 29 43 3 8 26 40 10 48 38 9 32 23 12 4 35 20 49 
43 30 48 3 33 37 17 2 39 4 19 20 5 14 45 7 25 27 40 46 38 15 22 8 36 31 32 26 28 16 34 35 47 13 23 6 44 49 12 42 11 18 1 9 29 41 21 10 24 
28 44 45 4 11 23 35 8 31 30 22 37 29 25 39 10 3 12 34 14 16 49 9 43 40 21 20 13 26 24 42 48 18 46 32 5 17 27 19 41 36 1 47 2 38 6 7 33 15 
10 1 47 21 8 32 12 45 26 46 36 27 18 33 5 31 23 6 28 48 49 24 34 7 4 16 29 19 30 11 39 41 38 2 9 35 15 25 43 20 3 14 22 37 42 13 17 40 44 
24 29 49 34 14 40 27 6 10 48 23 43 11 41 35 2 9 18 22 20 19 38 42 1 3 33 44 37 17 7 25 15 12 21 36 47 4 30 32 16 13 46 26 5 28 31 8 45 39 
26 46 39 16 42 18 9 24 12 49 17 44 40 38 33 15 8 4 32 30 13 41 14 28 35 5 2 47 22 6 27 10 20 37 1 34 31 23 21 7 29 45 48 43 25 11 3 36 19 
25 13 41 15 38 6 20 1 3 47 9 35 32 7 44 43 29 21 36 42 26 45 17 11 48 12 10 23 8 4 40 49 31 19 5 39 22 28 37 24 33 2 14 46 30 34 16 27 18 
39 40 32 41 15 14 16 36 43 35 10 17 30 1 21 42 37 29 7 34 12 3 5 27 26 9 31 18 23 19 46 2 25 45 6 24 13 8 4 49 44 47 38 28 33 20 11 22 48 
13 27 46 37 21 43 1 23 44 2 4 22 49 32 9 18 38 36 25 35 28 33 15 19 10 20 12 24 39 8 31 47 11 14 41 48 16 42 29 5 45 40 7 34 6 3 30 17 26 
44 49 8 48 47 17 6 20 25 15 18 38 14 5 27 4 45 26 33 41 1 7 40 46 30 2 13 42 36 34 9 3 16 22 24 11 32 39 28 31 37 19 23 35 21 10 12 43 29 
4 18 19 26 28 36 10 7 27 37 48 9 8 46 49 16 11 2 20 15 3 6 21 47 34 43 39 44 29 30 32 42 13 33 35 38 12 22 1 23 41 17 31 45 24 5 40 14 25 
5 20 38 29 12 34 2 19 47 3 39 6 26 40 24 14 46 22 13 23 31 32 8 45 11 48 17 25 7 37 21 43 49 28 10 30 27 35 33 36 18 15 42 1 16 9 44 4 41 
7 45 24 30 35 31 33 42 11 29 12 28 21 13 10 47 43 17 48 32 5 23 41 36 22 1 49 16 38 27 44 4 15 40 26 3 14 20 25 6 9 34 39 19 8 37 2 18 46 
22 9 3 11 23 25 42 16 45 33 41 31 24 34 30 19 40 44 8 6 39 29 37 38 14 4 35 28 18 5 48 12 17 1 20 21 2 43 46 10 26 7 15 27 36 47 32 49 13 
27 5 33 19 9 7 38 47 32 45 31 12 13 28 14 20 22 48 37 16 17 44 1 24 43 29 6 10 34 49 18 39 23 11 2 46 42 15 35 4 25 3 21 26 41 30 36 8 40 
48 28 43 8 22 4 47 17 41 1 3 39 16 9 23 25 15 5 2 36 24 19 20 30 49 27 18 33 45 31 12 26 46 44 21 13 10 37 34 14 40 6 29 7 11 32 42 35 38 
36 21 16 14 31 41 18 38 49 10 20 30 48 26 19 8 35 28 12 40 44 47 23 9 37 42 25 46 13 32 24 7 33 6 29 45 43 17 22 1 5 11 2 15 4 39 27 34 3 
46 39 34 13 17 1 25 35 40 23 11 7 44 21 4 38 10 43 49 33 29 5 32 3 12 26 45 8 37 36 30 20 42 15 16 2 9 47 48 18 27 41 28 24 22 14 19 31 6 
12 2 23 35 20 3 24 15 46 25 6 18 43 8 7 30 42 39 9 26 41 11 36 31 13 40 34 14 27 10 22 38 1 48 4 28 29 19 49 44 32 21 37 16 17 33 47 5 45 
49 15 30 6 37 44 45 14 29 24 42 33 34 2 32 11 1 13 3 27 47 48 28 41 21 38 4 22 40 43 5 17 8 35 19 7 39 31 36 26 16 12 18 10 9 46 25 23 20 
40 10 29 32 26 42 11 5 37 19 27 4 36 22 6 34 18 46 21 31 45 39 16 15 17 35 7 2 47 3 41 25 28 9 14 20 38 24 23 8 30 33 43 44 13 49 48 1 12 
32 19 40 45 5 47 39 9 8 31 13 21 22 17 41 49 24 35 44 10 42 16 2 37 46 15 14 38 20 29 28 27 30 25 11 26 48 34 7 3 4 36 33 12 1 18 23 6 43 
17 26 18 12 36 33 4 40 23 38 28 46 47 15 13 3 14 20 43 39 6 22 31 44 5 30 19 49 24 48 10 9 7 41 45 16 25 1 11 2 21 35 27 32 34 29 37 42 8 
23 24 28 22 30 48 37 18 14 41 33 10 19 44 2 21 47 8 31 1 25 35 7 20 29 13 42 34 4 26 36 6 43 17 12 9 49 32 27 40 15 38 46 11 45 16 39 3 5 
35 11 42 49 3 20 29 48 30 32 25 2 7 4 40 27 12 9 16 5 18 1 10 6 41 8 33 21 19 15 47 23 37 31 34 44 45 46 17 39 14 43 24 22 26 36 13 38 28 
38 31 13 9 7 46 44 29 1 16 35 24 27 6 34 37 28 19 11 45 33 43 26 39 47 36 23 48 2 18 14 40 32 3 42 12 41 5 8 30 22 20 4 17 49 25 15 21 10 
41 43 21 25 16 8 34 12 36 5 45 3 42 20 46 22 32 30 26 4 15 18 24 17 27 28 11 40 35 39 33 1 44 49 38 37 47 10 6 13 23 29 19 31 14 2 9 48 7 
1 6 10 2 27 15 14 39 34 26 49 11 37 43 29 36 48 38 23 17 7 4 45 32 9 25 3 12 16 21 13 5 22 8 46 42 33 18 24 19 28 31 44 30 20 40 41 47 35 
34 3 14 28 40 22 30 32 16 8 37 1 45 39 47 26 33 7 4 29 10 25 38 5 18 44 24 31 9 20 49 19 48 12 43 41 23 11 15 21 35 42 6 36 2 27 46 13 17 
21 25 27 18 24 19 13 33 35 34 5 26 15 47 8 9 31 23 1 38 48 37 43 12 45 17 28 32 6 42 4 36 40 30 22 49 46 2 3 29 20 39 10 41 44 7 14 16 11 
8 4 6 7 32 39 15 28 17 22 44 49 2 36 43 45 21 14 5 19 46 10 47 26 16 11 30 20 41 35 37 29 24 18 25 27 40 9 13 33 34 48 3 38 23 1 31 12 42 
47 12 44 5 49 16 26 11 42 27 40 41 9 3 20 28 34 25 18 22 2 14 39 29 6 46 36 7 32 1 17 13 10 23 15 31 8 4 38 45 19 37 30 21 48 35 43 24 33 
29 41 35 42 48 9 36 46 38 7 43 14 10 23 15 6 44 3 27 13 30 21 49 2 33 22 40 1 11 45 16 31 34 39 8 32 18 12 5 17 47 24 20 25 19 28 4 26 37 
45 33 31 20 1 38 46 13 21 12 24 48 4 29 42 32 16 37 17 11 40 8 27 34 19 23 41 35 3 14 2 28 26 5 44 43 36 6 30 25 7 10 9 18 15 22 49 39 47 
2 17 37 43 10 11 23 31 18 20 30 25 6 19 36 41 49 24 39 12 35 13 48 42 15 3 9 4 33 46 7 21 27 38 47 14 28 44 26 22 1 16 45 40 5 8 34 29 32 
31 35 4 24 13 49 8 25 5 11 2 19 12 18 48 44 7 33 42 47 34 20 3 14 23 45 38 41 43 17 15 46 6 32 40 29 37 21 16 9 10 30 36 39 27 26 22 28 1 
6 36 7 47 18 26 48 43 15 28 46 13 23 49 12 29 19 40 38 2 20 30 4 16 31 10 8 9 5 25 11 22 35 24 39 1 3 41 44 34 42 27 17 33 32 21 45 37 14 
16 14 15 23 29 28 43 41 20 21 38 34 31 48 1 35 27 10 46 25 22 12 19 33 39 49 26 6 42 44 8 30 36 4 37 18 11 45 2 32 17 13 40 47 3 24 5 7 9 
33 37 20 17 41 27 40 10 9 44 47 8 1 42 3 39 30 31 24 43 32 36 13 25 7 18 22 29 12 2 23 45 21 26 28 4 5 48 14 15 46 49 34 6 35 19 38 11 16 
30 22 1 44 19 45 3 27 6 36 26 32 35 37 17 13 4 11 14 28 8 34 46 21 42 47 48 5 10 9 20 16 41 7 31 40 24 33 39 38 43 23 12 49 18 15 29 25 2 
11 38 5 39 25 2 32 22 7 40 14 45 33 30 18 23 6 16 15 9 21 17 44 35 24 37 1 27 49 47 3 34 19 29 13 36 20 26 31 28 12 8 41 42 43 48 10 46 4 
42 34 9 10 46 12 21 3 4 17 16 29 39 24 26 5 41 49 45 37 36 2 11 40 28 32 43 15 48 38 1 18 14 27 33 25 19 7 47 35 6 22 13 8 31 23 20 44 30 
20 32 2 33 43 10 49 30 28 39 15 42 17 45 25 48 5 34 41 18 9 31 12 23 38 7 21 11 46 13 6 8 3 16 27 22 1 14 40 37 24 4 35 29 47 44 26 19 36 
3 16 12 38 6 13 5 26 22 18 21 23 25 10 28 40 39 32 29 49 27 42 30 4 8 14 37 43 31 41 19 24 45 47 48 33 35 36 9 46 2 44 11 20 7 17 1 15 34 
15 42 26 36 34 21 31 4 19 43 8 5 38 35 37 33 13 47 30 7 11 46 25 10 1 24 27 39 14 28 29 44 2 20 17 23 6 3 41 12 49 32 16 48 40 45 18 9 22 
14 23 11 27 45 30 7 37 48 6 1 36 46 12 38 24 26 15 35 44 4 40 18 13 32 41 16 17 21 22 43 33 9 10 49 19 34 29 20 47 8 25 5 3 39 42 28 2 31 
37 47 25 46 4 35 19 44 24 9 7 40 41 27 31 17 20 45 6 8 14 28 29 22 2 34 5 3 1 12 38 32 39 36 18 15 21 16 42 11 48 26 49 13 10 43 33 30 23 
9 48 22 40 39 24 41 34 2 14 29 47 20 11 16 12 36 1 10 3 43 26 33 49 44 19 15 45 25 23 35 37 5 42 7 17 30 13 18 27 31 28 8 4 46 38 6 32 21 
18 8 17 1 44 29 28 49 33 13 32 16 3 31 22 46 2 42 19 21 23 9 35 48 20 6 47 36 15 40 26 11 4 34 30 10 7 38 45 43 39 5 25 14 37 12 24 41 27 
################proper############## 

 average_time = 1.084055 

 success runs = 1 

 total average iters = 38721.000000 
