Success!!! 
 
 max_col = 
 49 
 
 run_time = 
 0.786023 
 
 once iters = 
 20454 
 
15 17 14 12 39 26 9 38 48 4 3 16 46 8 33 10 23 36 20 11 49 45 47 7 21 40 32 22 27 29 24 13 34 6 1 2 44 5 30 19 35 31 18 28 42 41 37 43 25 
3 18 30 27 19 24 36 11 9 13 40 7 29 2 41 43 47 37 48 35 22 28 49 23 46 15 8 44 39 5 20 17 42 32 25 38 12 16 21 26 6 34 4 31 14 1 33 10 45 
7 29 48 44 21 40 6 26 47 36 14 35 34 12 3 46 24 18 17 9 42 30 31 16 1 11 37 27 4 49 10 23 43 41 28 8 45 39 32 13 25 33 22 19 38 20 2 15 5 
49 22 25 11 28 38 45 15 41 27 20 24 33 1 5 30 31 26 40 8 13 4 3 35 29 17 19 43 14 2 21 47 44 12 16 42 36 7 18 48 37 10 9 23 6 34 46 32 39 
20 34 42 33 46 2 35 39 49 21 37 30 23 31 32 45 25 4 16 28 19 18 5 38 41 6 48 10 9 3 22 7 8 15 36 14 43 29 27 47 40 1 26 13 24 11 12 17 44 
43 16 23 13 47 37 32 19 6 10 22 28 5 45 44 1 27 34 39 38 29 14 12 20 9 42 25 2 30 26 33 18 31 40 35 17 41 11 24 46 4 15 7 3 21 8 49 48 36 
4 8 31 41 1 10 5 43 42 17 32 44 18 25 6 2 15 12 14 21 7 33 36 39 34 26 13 24 19 37 38 48 11 45 46 20 28 3 9 23 22 49 47 30 35 29 27 40 16 
8 23 24 10 27 17 48 32 5 37 49 45 39 20 43 33 4 22 3 36 28 1 34 13 12 9 2 16 29 35 44 38 14 31 41 15 26 40 19 21 18 47 30 11 7 46 25 42 6 
6 39 49 21 31 18 11 28 1 19 25 2 17 29 34 35 16 41 9 45 15 26 43 22 30 4 33 46 10 27 7 5 23 42 24 3 8 13 37 32 48 38 20 47 36 40 44 14 12 
33 4 29 42 26 36 2 18 30 3 9 12 14 13 48 40 17 7 21 49 39 32 10 15 47 38 20 6 16 34 19 11 46 43 8 25 24 28 31 35 44 5 1 41 22 27 45 37 23 
22 46 3 25 44 1 13 4 43 23 27 34 38 10 47 24 42 5 32 20 6 35 18 29 40 14 36 31 37 33 30 12 45 28 15 16 11 41 2 7 49 17 8 39 26 21 9 19 48 
41 35 16 7 45 19 15 36 31 42 26 40 21 33 23 27 38 44 11 13 14 8 28 3 25 48 5 37 17 47 6 1 39 9 2 22 30 46 4 20 29 12 49 18 10 32 43 34 24 
47 20 32 34 37 12 38 24 35 44 41 8 22 6 31 29 46 30 18 26 25 17 45 11 7 19 39 42 21 40 36 4 48 13 49 43 1 27 14 9 10 23 33 16 5 2 15 3 28 
30 14 40 9 5 43 28 46 16 7 47 48 15 11 37 12 19 1 8 2 10 24 23 49 27 44 41 21 25 18 32 26 22 3 20 36 6 34 45 42 33 39 17 29 4 31 38 13 35 
1 48 10 6 38 41 29 45 40 32 44 37 20 18 22 39 11 35 24 7 26 36 42 33 43 49 3 13 47 31 28 15 16 5 19 23 21 4 17 27 46 14 34 9 12 25 30 2 8 
14 31 34 49 20 42 3 17 39 28 36 33 41 26 38 15 5 46 47 25 1 7 29 48 8 16 35 4 12 11 40 45 30 21 18 44 19 9 22 10 2 13 6 24 32 43 23 27 37 
25 5 21 43 7 28 22 3 38 24 42 10 4 16 17 23 40 13 30 14 9 27 15 31 39 32 46 41 49 8 37 2 20 44 6 11 33 12 26 36 34 18 35 1 29 45 48 47 19 
24 11 47 4 17 33 30 23 15 34 46 29 12 21 18 19 8 2 49 27 45 10 37 25 44 5 6 20 7 22 9 14 13 1 48 31 35 43 3 38 28 32 39 36 40 42 16 41 26 
27 37 9 15 23 35 26 22 25 6 7 43 49 19 12 4 33 20 10 48 32 34 30 21 45 2 11 18 38 41 46 36 24 17 42 40 39 47 1 16 8 29 13 44 28 14 31 5 3 
40 32 19 2 36 8 39 48 14 30 11 47 13 5 28 34 44 31 37 42 16 22 17 12 23 1 9 26 35 25 43 3 27 29 10 41 7 20 6 49 24 45 46 38 33 4 18 21 15 
45 12 44 18 16 13 46 8 2 1 35 9 31 27 36 41 21 29 6 43 3 40 14 19 28 24 38 47 23 32 4 39 33 26 34 37 48 15 42 25 5 30 10 17 11 22 20 7 49 
12 40 45 24 41 34 8 25 37 9 31 5 10 44 42 14 13 33 28 3 46 2 19 27 22 43 18 36 48 7 16 49 29 35 21 1 23 17 38 30 11 26 15 32 47 39 6 4 20 
5 25 26 20 13 7 16 41 4 33 28 22 32 23 29 6 10 21 38 19 30 37 44 47 14 31 42 3 34 15 45 46 17 18 9 12 40 24 48 39 43 8 11 27 49 35 36 1 2 
46 19 27 1 10 31 14 6 3 12 29 11 16 35 39 37 43 32 44 47 23 49 7 9 48 30 17 40 13 20 41 42 2 24 38 21 5 36 15 4 45 25 28 22 8 26 34 33 18 
38 49 39 47 42 29 18 2 36 48 19 17 7 43 20 8 1 11 34 22 27 25 13 46 4 12 15 32 5 30 31 33 26 23 40 6 9 14 35 28 16 44 21 10 37 24 3 45 41 
21 33 35 17 4 9 23 40 27 14 34 46 1 38 15 7 18 45 2 12 36 41 11 26 20 28 24 8 22 6 25 32 47 39 3 49 29 42 10 37 31 19 16 48 30 5 13 44 43 
44 15 28 22 3 32 43 42 24 20 39 13 26 30 49 17 41 48 35 31 5 38 16 10 6 21 45 34 36 4 11 19 1 8 37 7 46 2 33 18 47 27 23 40 25 12 29 9 14 
48 30 6 36 2 11 37 21 45 8 18 15 47 49 40 16 9 25 26 24 4 29 39 5 33 35 1 23 43 44 27 28 12 10 14 32 34 22 41 3 13 20 31 42 19 38 7 46 17 
35 38 12 45 49 20 4 34 18 2 1 42 44 36 25 48 7 16 29 30 37 13 46 24 5 41 23 33 32 43 15 9 40 11 22 26 17 10 39 14 19 3 27 6 31 47 28 8 21 
11 43 13 3 14 27 33 16 8 31 17 25 37 4 1 18 28 49 36 41 24 12 20 2 32 45 10 7 46 39 35 21 19 47 5 29 38 6 34 40 23 48 42 26 15 44 22 30 9 
31 26 37 48 29 16 7 30 22 47 5 38 24 32 19 9 45 14 46 6 2 3 1 28 17 39 40 49 44 42 18 27 25 36 23 4 15 33 8 41 21 11 43 34 20 10 35 12 13 
18 44 15 46 9 30 1 14 28 40 12 20 3 39 10 21 32 43 23 17 31 6 22 42 26 29 47 38 2 16 8 34 7 48 4 24 13 49 25 45 27 35 5 37 41 33 19 36 11 
2 36 8 39 40 5 24 49 26 15 13 19 6 9 27 20 35 38 4 33 44 11 48 34 31 25 21 30 41 28 14 10 3 37 12 47 42 18 43 1 7 22 32 45 46 23 17 16 29 
10 28 17 32 34 25 21 35 46 29 43 23 27 41 11 22 3 42 12 39 47 19 4 36 15 8 16 14 45 1 13 6 38 33 26 30 20 44 5 31 9 37 24 49 2 48 40 18 7 
42 47 22 19 6 23 41 10 33 11 45 21 48 7 26 13 34 40 5 15 8 9 27 43 18 37 44 35 24 17 29 31 49 20 30 28 16 32 46 12 36 2 25 14 39 3 1 38 4 
29 13 11 14 43 45 49 44 34 35 15 3 2 47 46 26 30 27 31 16 12 21 40 41 42 10 22 28 6 19 17 25 36 38 33 5 37 1 23 8 39 7 48 4 18 9 24 20 32 
36 21 33 23 30 46 19 7 11 39 38 4 9 42 8 5 14 15 45 34 48 44 2 18 24 13 27 1 31 12 47 37 28 22 29 35 10 25 20 6 32 16 3 43 17 49 41 26 40 
26 3 2 37 48 47 40 5 19 22 6 18 43 28 13 32 20 23 41 4 11 15 38 30 35 34 12 25 8 10 49 44 9 16 45 46 14 21 36 17 42 24 29 33 27 7 39 31 1 
9 27 7 16 15 39 42 1 29 41 48 14 45 37 35 36 49 10 25 44 33 20 32 17 3 46 31 5 18 21 26 24 4 34 43 13 2 38 40 22 12 28 19 8 23 6 47 11 30 
17 10 38 31 35 6 12 20 32 26 21 49 36 24 9 28 37 39 22 18 40 23 8 14 16 47 4 48 11 46 1 41 5 30 7 33 27 19 44 29 3 43 45 2 13 15 42 25 34 
34 24 1 28 18 44 25 33 23 46 8 27 30 40 21 38 2 47 19 29 17 43 9 6 37 7 26 11 3 13 42 20 32 14 39 45 31 48 49 15 41 4 12 35 16 36 5 22 10 
32 41 4 5 8 22 20 13 12 16 10 31 25 17 7 3 6 24 42 1 43 39 33 45 19 36 49 29 40 23 48 35 15 2 27 18 47 30 11 34 26 9 38 21 44 37 14 28 46 
19 6 20 8 11 3 10 12 7 38 16 41 35 14 4 42 48 17 33 46 21 47 25 32 2 18 28 45 15 24 34 40 37 27 31 9 49 23 29 43 30 36 44 5 1 13 26 39 22 
13 9 41 30 25 4 17 47 21 49 24 26 42 3 2 44 36 8 7 23 38 48 35 1 10 27 43 12 20 45 39 16 6 46 11 19 22 31 28 5 14 40 37 15 34 18 32 29 33 
23 7 36 35 24 15 27 31 20 5 2 39 28 48 14 25 22 19 43 37 34 42 21 40 13 33 30 17 1 9 3 29 18 4 44 10 32 26 12 11 38 6 41 46 45 16 8 49 47 
37 42 43 38 22 49 47 9 13 25 23 6 40 46 24 31 29 3 1 5 41 16 26 44 11 20 34 15 28 14 2 8 10 19 32 39 18 45 7 33 17 21 36 12 48 30 4 35 27 
39 45 5 40 12 48 34 29 44 18 30 32 8 15 16 49 26 9 13 10 35 46 41 4 36 22 14 19 33 38 23 43 21 7 17 27 25 37 47 24 1 42 2 20 3 28 11 6 31 
28 1 18 26 32 21 44 37 17 43 33 36 11 22 45 47 12 6 27 40 20 31 24 8 49 3 29 39 42 48 5 30 41 25 13 34 4 35 16 2 15 46 14 7 9 19 10 23 38 
16 2 46 29 33 14 31 27 10 45 4 1 19 34 30 11 39 28 15 32 18 5 6 37 38 23 7 9 26 36 12 22 35 49 47 48 3 8 13 44 20 41 40 25 43 17 21 24 42 
################proper############## 

 average_time = 0.786023 

 success runs = 1 

 total average iters = 20454.000000 
