Success!!! 
 
 max_col = 
 49 
 
 run_time = 
 1.636705 
 
 once iters = 
 102531 
 
24 43 23 4 27 45 21 22 19 26 37 29 1 42 34 10 18 5 28 46 3 48 39 12 16 17 44 31 11 15 30 33 38 13 7 32 49 6 36 41 14 35 9 47 20 8 40 25 2 
35 33 20 31 49 41 11 44 18 7 40 16 14 27 29 39 43 47 25 15 37 45 9 1 4 5 36 46 3 23 28 19 21 8 10 38 48 17 2 26 34 30 22 13 32 24 12 6 42 
8 19 37 5 17 44 42 48 41 11 43 45 34 13 16 23 9 7 24 30 20 10 21 6 32 28 33 2 39 12 14 47 49 46 35 31 29 22 1 25 18 40 4 36 15 38 3 26 27 
6 1 30 16 40 32 12 15 2 9 21 10 38 46 48 44 13 36 4 17 45 43 25 20 35 3 19 26 24 5 34 27 41 22 37 7 42 33 47 8 23 28 18 11 31 39 29 49 14 
26 36 9 14 38 2 47 39 23 12 28 6 3 49 11 35 1 8 33 32 31 30 29 41 22 18 42 34 17 40 4 25 43 20 16 13 46 27 44 5 15 24 10 37 48 7 21 45 19 
25 34 39 22 7 28 18 5 24 17 31 4 32 47 21 40 41 42 19 38 2 8 27 13 14 37 15 49 29 26 48 36 1 6 44 12 3 10 11 20 45 9 30 46 35 33 43 16 23 
29 46 10 48 15 13 3 33 35 20 30 36 8 25 49 27 22 14 6 26 12 23 7 24 11 47 40 38 45 31 18 9 2 32 42 43 37 4 19 16 21 39 34 28 17 5 44 1 41 
37 32 19 42 31 17 6 3 28 43 1 18 25 15 40 29 35 44 27 33 39 24 49 4 36 46 21 16 23 38 11 34 14 47 30 9 22 2 26 45 41 7 12 10 8 20 5 48 13 
20 14 33 9 10 8 13 40 45 23 19 2 35 44 5 22 3 38 41 37 46 27 26 28 47 30 32 39 42 17 21 31 16 43 4 34 6 25 48 12 29 11 36 18 1 15 49 7 24 
43 47 16 18 30 25 4 36 37 22 46 21 41 10 26 9 19 23 7 11 48 31 42 34 20 15 13 1 35 6 24 3 39 12 32 28 44 5 8 38 49 27 40 14 29 45 17 2 33 
21 45 41 44 2 11 24 12 32 6 13 30 33 34 17 31 36 16 49 25 47 22 14 7 19 35 8 48 20 10 40 28 5 26 29 3 39 37 15 18 1 46 23 27 9 4 38 42 43 
7 29 12 38 5 26 35 4 42 24 8 17 48 39 10 13 28 6 20 34 15 11 23 37 2 43 25 9 27 1 22 44 45 49 18 16 40 47 30 14 36 33 32 3 21 41 19 31 46 
1 39 48 23 28 49 46 11 47 29 7 9 27 5 14 18 45 43 32 4 8 38 10 3 44 12 41 40 37 36 25 2 33 15 19 21 20 13 31 24 17 42 35 26 22 34 16 30 6 
22 27 34 36 3 40 15 38 31 49 26 20 16 14 12 21 30 24 1 2 42 17 18 45 29 6 5 33 7 8 46 41 13 48 9 35 23 19 32 10 4 43 11 25 37 28 39 47 44 
49 41 21 32 39 35 45 28 48 38 5 27 10 7 3 25 31 29 30 44 34 12 22 23 43 19 2 36 15 24 26 46 20 18 40 42 33 9 13 37 16 6 1 17 14 11 47 4 8 
19 37 27 40 6 9 16 13 26 41 22 12 36 8 45 49 47 46 35 18 1 20 17 21 3 25 7 14 2 43 23 42 32 33 31 11 10 24 4 30 39 48 15 29 5 44 34 28 38 
46 24 28 30 18 31 5 42 17 4 6 47 20 23 9 8 12 15 21 39 40 1 45 35 34 48 11 44 36 19 49 7 22 16 38 14 25 41 29 3 27 2 37 33 10 26 13 43 32 
36 48 25 3 44 33 2 43 11 34 45 37 9 31 7 20 16 19 5 41 26 40 15 29 46 13 38 28 14 30 6 10 4 17 39 47 8 32 23 35 22 1 42 24 49 21 27 12 18 
42 13 38 20 22 1 10 30 14 40 44 32 46 29 27 24 4 28 23 36 17 5 8 33 31 26 47 6 12 48 3 21 37 11 25 49 45 15 34 7 43 18 39 16 2 19 41 35 9 
12 7 47 29 43 34 17 2 15 21 33 19 39 16 22 32 10 37 11 6 14 41 4 18 42 49 30 24 13 35 8 1 9 5 27 40 26 20 28 36 38 44 31 48 25 23 46 3 45 
11 4 14 8 26 15 23 35 3 25 18 49 24 1 13 2 33 48 42 43 38 9 37 16 27 39 10 32 44 47 45 29 34 28 41 5 12 46 21 17 31 19 7 22 6 30 20 36 40 
31 35 43 10 23 29 8 6 27 45 14 11 2 3 30 7 48 41 39 47 49 28 34 44 38 42 16 4 46 37 33 12 17 19 5 15 36 40 9 21 25 32 20 1 24 22 18 13 26 
17 44 11 45 13 20 36 25 38 15 49 28 19 30 18 42 5 21 16 29 4 2 41 48 26 24 27 23 6 32 10 14 31 9 43 46 1 7 37 47 12 22 8 39 40 3 33 34 35 
28 2 40 37 12 48 38 18 10 1 23 35 43 9 36 34 32 26 3 20 33 19 13 30 21 29 31 15 22 45 16 39 24 4 47 17 27 11 42 49 5 8 14 6 41 46 25 44 7 
9 26 4 19 46 24 41 47 21 5 20 13 7 32 2 43 14 17 31 40 44 33 1 49 18 22 3 11 30 27 38 48 8 25 36 23 28 34 39 6 35 10 45 15 12 16 42 37 29 
15 30 18 7 34 14 27 26 22 46 36 33 42 41 6 45 37 9 12 23 35 25 43 8 5 32 39 17 1 28 2 40 44 21 13 20 24 31 16 29 3 4 49 38 19 10 48 11 47 
5 49 3 21 33 22 39 34 4 31 16 48 40 37 24 1 46 11 8 27 25 47 6 9 12 20 45 10 18 29 41 35 7 42 15 19 38 26 14 43 44 13 28 23 30 32 2 17 36 
47 16 6 25 1 42 32 8 12 39 17 44 29 24 28 15 38 10 22 19 13 7 36 14 37 40 46 35 34 11 20 49 3 23 26 45 18 30 33 2 48 41 43 21 4 27 31 9 5 
40 3 1 49 37 19 30 27 13 16 42 14 22 33 4 17 23 35 10 5 6 36 48 11 15 2 28 18 26 21 39 20 46 38 34 44 47 8 7 9 24 29 25 32 43 12 45 41 31 
27 21 17 13 35 10 14 37 5 28 2 23 45 12 39 19 34 20 40 9 43 29 44 26 41 8 22 30 33 16 31 6 25 24 3 36 4 38 18 32 11 49 47 42 46 48 7 15 1 
33 22 31 34 20 12 43 1 7 36 41 15 49 26 32 3 42 18 46 8 29 35 5 47 24 38 4 19 10 14 9 45 48 27 23 25 2 28 6 13 37 16 21 30 44 17 11 40 39 
38 6 45 26 36 4 29 20 43 47 3 25 44 21 41 48 2 22 14 31 27 42 16 17 13 10 34 12 49 7 32 18 15 30 11 1 19 23 46 39 40 5 24 35 33 9 37 8 28 
44 42 2 41 48 46 7 31 30 32 29 24 6 19 15 37 21 12 45 16 11 39 40 27 25 1 9 20 47 13 17 4 28 36 8 26 35 43 3 22 33 14 38 5 34 18 23 10 49 
18 8 32 28 47 23 25 46 9 10 39 40 4 11 38 33 26 30 36 1 24 6 31 43 7 14 49 45 41 42 37 5 35 44 2 48 34 12 17 15 20 21 27 19 3 13 22 29 16 
16 5 15 11 24 39 9 17 34 48 38 8 18 35 44 47 7 25 13 49 28 21 32 46 23 33 37 3 40 22 19 43 29 1 12 27 30 45 41 42 10 31 26 20 36 2 6 14 4 
10 18 49 15 41 38 31 7 33 3 35 22 5 17 8 36 39 1 47 14 19 16 28 2 40 4 24 29 25 20 42 30 27 34 46 37 13 44 12 11 26 45 48 43 23 6 9 32 21 
3 9 8 2 42 16 22 10 46 30 12 38 21 36 23 5 40 13 43 48 41 26 35 32 33 34 1 37 31 39 29 11 6 7 17 4 15 49 24 27 28 20 44 45 18 47 14 19 25 
30 23 13 6 25 47 33 49 8 19 34 41 28 20 42 46 17 27 26 12 21 14 11 36 39 44 48 5 16 4 15 32 10 45 22 18 7 29 43 40 9 3 2 31 38 35 1 24 37 
32 20 36 12 45 5 19 24 6 2 25 31 13 43 37 4 29 3 34 28 18 15 30 42 17 21 23 27 38 9 44 26 40 14 1 39 16 48 35 33 8 47 41 7 11 49 10 46 22 
39 17 29 35 14 27 37 45 40 44 11 42 47 4 31 30 15 49 9 24 16 18 38 22 10 7 6 8 48 33 43 23 19 41 28 2 21 1 5 46 32 25 3 12 13 36 26 20 34 
48 28 46 1 21 7 44 16 29 27 9 26 23 18 25 11 6 32 2 22 10 13 47 19 45 31 20 43 8 49 35 37 12 3 24 41 17 14 38 34 30 36 33 40 39 42 4 5 15 
4 40 26 24 11 43 34 32 39 14 15 1 37 48 35 38 20 33 44 45 7 3 46 25 49 9 12 41 5 18 47 13 36 2 21 10 31 42 22 19 6 23 17 8 16 29 28 27 30 
14 15 24 33 32 21 40 9 49 8 48 43 11 45 47 16 25 31 37 7 5 44 12 10 28 36 17 42 19 46 13 22 18 35 20 29 41 39 27 4 2 38 6 34 26 1 30 23 3 
34 11 7 46 4 6 28 41 44 13 10 39 12 38 20 14 49 45 15 35 22 32 19 31 9 27 18 21 43 3 1 8 30 40 48 24 5 16 25 23 47 26 29 2 42 37 36 33 17 
13 38 44 43 8 3 1 29 20 35 27 5 31 22 46 12 11 34 17 42 23 49 2 40 6 45 26 25 4 41 36 15 47 39 33 30 32 18 10 28 19 37 16 9 7 14 24 21 48 
41 10 42 17 16 37 49 14 36 18 47 46 26 2 19 6 27 39 29 21 30 4 33 15 1 11 35 22 9 25 7 24 23 31 45 8 43 3 20 48 13 34 5 44 28 40 32 38 12 
23 31 35 39 29 30 48 19 1 42 4 7 17 28 33 26 24 40 18 3 32 34 20 38 8 41 43 47 21 2 5 16 11 37 14 6 9 36 45 44 46 12 13 49 27 25 15 22 10 
45 25 5 27 19 36 26 21 16 33 32 3 30 40 1 41 44 2 38 10 9 37 24 39 48 23 14 13 28 34 12 17 42 29 6 22 11 35 49 31 7 15 46 4 47 43 8 18 20 
2 12 22 47 9 18 20 23 25 37 24 34 15 6 43 28 8 4 48 13 36 46 3 5 30 16 29 7 32 44 27 38 26 10 49 33 14 21 40 1 42 17 19 41 45 31 35 39 11 
################proper############## 

 average_time = 1.636705 

 success runs = 1 

 total average iters = 102531.000000 
