Success!!! 
 
 max_col = 
 49 
 
 run_time = 
 2.385199 
 
 once iters = 
 160712 
 
48 13 31 28 7 35 20 5 25 27 45 1 11 17 9 26 37 8 23 44 46 4 10 40 12 24 36 43 47 34 33 3 29 6 39 32 2 14 22 38 49 19 16 18 15 41 21 42 30 
6 21 47 15 12 46 41 40 30 2 38 24 33 8 25 22 45 17 36 10 1 28 18 48 3 49 14 35 42 32 5 4 23 31 43 37 26 13 11 39 34 16 29 27 7 9 20 19 44 
33 30 42 23 45 8 16 48 49 37 19 34 18 26 31 32 4 29 6 35 11 15 2 39 47 25 41 17 20 21 1 27 12 36 7 10 9 46 44 40 3 5 38 14 13 22 24 43 28 
1 5 32 18 43 2 29 14 12 46 10 20 41 3 13 42 7 34 38 28 39 11 31 45 21 23 30 9 16 19 49 22 24 48 44 27 35 36 33 47 17 15 40 26 25 37 4 8 6 
39 26 11 25 44 36 14 28 22 7 23 21 4 31 41 15 3 40 43 27 24 33 5 8 38 19 32 16 37 30 35 9 2 13 17 18 20 1 6 29 45 42 47 46 10 49 48 12 34 
24 3 37 38 19 9 49 43 29 6 15 32 47 44 30 16 18 21 14 5 48 20 27 22 1 34 42 13 26 25 11 46 40 28 10 23 4 7 41 12 31 8 2 35 45 33 36 39 17 
10 22 40 17 4 34 27 13 39 42 9 35 36 16 2 47 49 33 12 20 19 7 26 46 29 6 37 44 45 14 15 8 38 18 41 21 30 43 48 28 25 24 31 5 23 1 3 11 32 
29 48 38 20 25 17 12 21 35 30 36 46 45 4 5 34 19 43 3 6 13 2 7 18 28 32 31 37 44 40 24 49 16 15 27 41 23 47 8 42 10 9 14 11 33 39 26 1 22 
23 1 14 37 46 44 7 11 17 33 12 10 24 42 22 45 41 32 9 30 2 3 8 35 20 15 27 40 5 29 34 26 28 19 36 13 21 49 39 18 16 6 4 43 47 25 31 48 38 
43 11 24 5 41 6 13 2 18 26 1 7 28 29 39 4 40 23 15 8 17 22 33 12 9 16 10 36 14 46 21 42 32 3 47 25 31 48 20 27 38 35 37 44 34 30 45 49 19 
31 28 19 4 10 15 33 9 16 5 39 44 32 22 48 7 26 36 1 49 27 34 41 47 11 21 23 25 13 17 38 37 35 20 30 45 14 24 12 43 2 46 18 6 3 42 29 40 8 
47 36 9 40 8 30 26 49 34 25 43 14 6 41 12 10 24 42 46 31 28 17 19 38 44 29 5 45 33 18 39 2 48 4 23 7 37 3 15 11 22 1 21 16 32 13 35 27 20 
45 49 18 35 16 21 42 27 48 3 47 31 8 40 29 44 11 14 20 38 37 13 6 24 4 26 39 30 22 1 25 10 41 43 12 28 32 33 34 36 19 17 15 7 5 46 9 23 2 
3 39 22 27 34 32 2 23 20 19 13 37 15 38 33 35 21 16 18 25 47 48 46 49 43 14 1 42 11 31 9 6 45 7 8 29 5 26 4 30 40 44 24 10 28 17 41 36 12 
21 32 26 34 24 4 22 16 14 13 41 30 2 10 23 9 47 25 40 19 42 18 28 31 15 7 43 27 12 8 20 29 33 45 5 3 6 35 46 1 44 48 49 37 17 11 39 38 36 
38 27 33 19 13 47 46 3 1 29 11 23 9 7 17 49 35 26 16 2 21 24 12 34 45 40 44 10 18 41 37 39 4 22 14 15 28 30 36 5 43 31 20 25 8 32 42 6 48 
49 40 44 12 11 41 39 37 32 18 21 36 5 46 8 3 31 48 27 1 43 6 13 30 2 17 20 14 9 7 42 25 26 35 28 16 29 10 38 23 47 45 22 15 19 4 34 33 24 
20 9 36 45 35 18 10 42 31 15 6 8 22 49 28 37 32 12 39 34 14 21 47 5 19 1 11 26 46 16 2 48 43 24 38 17 33 4 40 25 27 41 13 30 29 7 23 44 3 
14 15 8 48 17 28 30 44 24 45 40 39 35 19 46 20 6 22 4 36 29 38 16 42 23 9 25 33 34 27 3 13 31 47 32 2 11 37 7 26 18 49 5 12 1 43 10 21 41 
16 43 6 42 23 29 25 17 26 38 33 27 20 28 11 18 5 13 7 15 10 8 37 4 35 41 48 3 21 49 19 44 36 30 1 34 22 12 32 14 24 39 9 40 2 45 47 46 31 
5 37 7 2 3 31 1 34 47 12 25 4 43 48 44 24 30 45 33 41 38 39 49 32 22 36 46 29 15 10 6 23 11 17 40 9 8 21 13 19 42 20 27 28 16 14 18 35 26 
41 33 49 21 36 13 37 25 11 24 26 47 23 1 15 8 27 2 29 9 32 42 17 16 39 30 28 18 31 48 46 5 44 40 20 6 34 22 19 7 4 43 10 45 14 12 38 3 35 
26 2 30 8 1 38 15 19 37 32 18 45 14 34 7 5 25 35 24 47 22 46 4 3 10 48 40 23 29 13 43 36 17 39 21 12 27 44 9 20 41 28 42 33 49 6 16 31 11 
22 20 34 6 14 45 40 4 44 17 49 13 29 30 1 46 43 39 10 37 31 5 15 9 8 12 47 11 3 42 26 24 27 38 33 36 16 32 25 35 48 2 41 23 21 28 19 7 18 
4 19 46 43 42 11 9 39 5 41 35 6 48 33 40 12 23 20 26 3 45 31 38 21 37 13 22 7 25 2 28 16 10 34 15 14 24 18 47 49 30 29 17 8 36 44 27 32 1 
7 18 25 10 28 27 48 31 36 8 42 9 3 12 21 17 38 19 44 16 34 35 14 6 26 20 24 49 1 47 4 41 30 32 22 46 40 11 23 45 15 33 39 29 37 2 5 13 43 
44 29 12 3 5 24 31 10 28 22 16 40 27 21 18 41 14 30 13 48 33 36 32 19 34 43 2 1 23 11 7 45 6 49 35 38 39 42 17 8 26 37 46 4 9 47 25 20 15 
17 23 35 32 39 16 47 46 7 20 2 43 38 15 49 6 36 28 42 11 4 29 44 25 33 27 45 41 8 9 12 18 37 14 19 1 3 31 10 21 5 13 34 22 48 24 30 26 40 
28 35 3 9 29 19 21 33 41 43 7 48 17 23 34 38 13 24 47 22 8 49 20 1 42 44 15 2 36 5 32 11 39 46 37 30 25 40 18 4 6 10 12 31 26 27 14 45 16 
42 31 39 30 2 7 18 12 3 11 29 19 13 32 27 36 44 4 35 46 15 37 25 41 14 38 34 5 28 43 16 40 1 26 45 22 48 8 21 24 20 47 33 9 6 10 49 17 23 
27 16 1 41 26 14 23 24 40 35 5 25 42 20 43 28 33 10 11 29 18 30 3 7 36 4 21 47 17 6 8 12 9 44 49 31 15 45 37 2 39 38 19 34 46 48 32 22 13 
46 6 15 33 32 22 8 30 9 49 31 38 44 47 37 23 17 1 5 7 40 10 39 13 48 45 16 28 24 35 14 34 25 42 29 19 36 27 43 3 12 26 11 20 4 18 2 41 21 
37 44 20 24 47 10 17 36 2 1 4 18 26 27 45 25 42 9 21 14 49 12 40 33 6 8 29 22 19 23 48 15 3 41 31 11 46 5 16 13 32 34 43 38 39 35 28 30 7 
13 38 5 11 40 49 4 6 10 28 37 15 34 45 3 19 39 41 48 12 16 27 35 43 32 46 26 31 30 20 22 21 7 2 18 44 1 9 14 17 33 23 25 47 24 36 8 29 42 
12 34 43 36 48 25 45 8 46 14 22 16 21 39 32 31 20 6 2 26 30 9 24 23 17 11 18 19 27 38 13 33 47 10 4 35 49 28 42 41 29 7 1 3 44 40 37 15 5 
15 42 16 13 18 26 28 45 8 23 48 3 1 5 4 40 10 44 37 17 6 32 29 2 7 35 33 24 39 12 27 38 14 9 25 20 41 19 30 31 46 22 36 49 43 21 11 34 47 
19 25 45 46 20 23 35 41 42 4 14 11 30 6 24 33 12 31 34 21 3 1 43 37 49 47 8 38 10 22 44 32 18 16 48 26 13 17 2 15 36 27 28 39 40 5 7 9 29 
8 10 21 14 9 40 44 20 43 36 46 49 16 25 35 2 15 7 30 39 23 19 34 27 18 31 17 12 4 45 47 1 5 11 13 48 38 29 28 6 37 32 26 41 42 3 22 24 33 
34 24 27 29 31 1 36 32 15 40 28 17 10 2 19 43 46 5 49 13 20 41 22 11 16 39 3 21 35 26 23 30 42 37 6 47 7 25 45 33 9 18 44 48 38 8 12 14 4 
30 4 17 7 6 5 43 29 38 9 34 22 39 37 14 27 8 47 41 42 36 26 45 44 40 28 13 48 2 24 31 19 15 33 3 49 12 16 1 10 11 21 23 32 35 20 46 18 25 
11 47 48 22 33 3 38 26 19 44 24 12 31 35 16 29 1 18 28 32 9 23 30 10 25 42 4 20 7 36 41 17 49 21 46 8 43 39 5 34 14 40 45 13 27 15 6 2 37 
2 12 41 49 37 39 32 47 13 21 27 33 7 18 38 48 22 11 25 45 26 14 36 15 46 5 9 6 40 28 29 43 20 8 34 24 42 23 3 44 35 4 30 1 31 19 17 16 10 
18 14 10 31 15 33 5 35 6 34 17 28 40 9 47 21 29 38 32 24 44 25 1 36 27 22 19 4 49 39 30 20 8 23 2 43 45 41 26 48 7 11 3 42 12 16 13 37 46 
36 45 29 16 49 48 6 22 33 47 30 5 25 24 26 13 2 27 19 23 41 40 11 14 31 10 7 32 43 37 18 28 34 12 9 42 17 15 35 46 1 3 8 21 20 38 44 4 39 
32 17 4 47 21 42 11 18 45 16 8 29 12 13 36 1 48 3 31 43 7 44 23 20 5 37 6 34 41 33 40 14 46 27 24 39 19 38 49 22 28 25 35 2 30 26 15 10 9 
40 7 13 44 38 20 3 15 27 10 32 26 46 14 42 11 9 49 8 18 35 43 21 17 24 33 12 39 48 4 36 31 22 25 16 5 47 2 29 37 23 30 6 19 41 34 1 28 45 
25 46 23 1 27 37 34 38 4 39 44 2 19 11 6 30 28 15 17 33 12 16 42 29 41 18 35 8 32 3 45 7 21 5 26 40 10 20 24 9 13 14 48 36 22 31 43 47 49 
35 41 28 39 30 43 24 1 21 48 3 42 49 36 20 14 16 37 22 4 5 45 9 26 13 2 38 46 6 15 10 47 19 29 11 33 44 34 31 32 8 12 7 17 18 23 40 25 27 
9 8 2 26 22 12 19 7 23 31 20 41 37 43 10 39 34 46 45 40 25 47 48 28 30 3 49 15 38 44 17 35 13 1 42 4 18 6 27 16 21 36 32 24 11 29 33 5 14 
################proper############## 

 average_time = 2.385199 

 success runs = 1 

 total average iters = 160712.000000 
