Success!!! 
 
 max_col = 
 49 
 
 run_time = 
 3.561005 
 
 once iters = 
 213548 
 
47 9 19 2 18 4 30 37 48 6 29 14 23 7 36 45 15 24 16 12 44 3 28 13 32 39 20 27 43 17 10 34 11 35 21 38 1 8 33 22 26 46 41 31 42 49 25 5 40 
40 45 43 11 17 46 15 24 4 47 42 19 32 21 13 20 8 1 26 48 6 2 31 29 41 16 44 49 14 9 3 7 28 27 25 37 12 5 23 36 30 39 18 34 33 38 10 22 35 
24 28 10 5 41 34 26 15 25 16 20 13 33 40 21 30 46 4 19 31 7 47 8 9 35 42 23 12 6 22 36 45 29 49 38 18 14 32 48 43 11 17 27 2 1 44 37 39 3 
14 3 20 35 33 21 42 9 44 30 49 38 10 5 39 28 37 34 22 11 40 7 6 17 18 43 25 45 26 46 1 31 15 48 4 13 19 41 29 16 27 2 36 8 12 24 23 32 47 
38 12 16 23 25 29 27 28 18 36 11 43 17 41 9 14 35 3 2 10 47 33 15 22 4 5 1 40 39 8 37 32 44 19 13 31 7 42 49 34 24 20 48 6 45 21 46 30 26 
49 36 48 13 39 44 32 31 27 22 8 1 35 45 41 38 17 23 29 42 33 37 19 30 11 46 34 26 47 12 5 24 2 16 18 25 3 10 28 6 40 21 4 43 9 14 7 20 15 
8 6 22 7 1 37 31 46 34 26 39 12 2 3 25 43 18 49 5 32 27 38 10 21 24 36 14 48 42 23 20 40 33 30 41 45 15 44 9 4 47 35 16 17 13 11 29 28 19 
11 20 5 25 29 9 3 18 49 35 12 44 48 27 23 15 40 26 1 21 39 14 33 24 13 8 7 38 28 6 22 30 37 36 42 32 46 2 10 41 16 43 19 45 4 34 31 47 17 
15 24 44 27 16 38 37 10 23 42 14 7 30 6 49 33 32 31 34 18 2 20 45 40 9 47 28 35 25 19 39 1 5 4 29 22 48 3 17 11 36 26 21 13 46 41 43 8 12 
7 13 47 1 22 32 6 25 21 17 41 28 9 46 16 37 24 12 20 43 11 10 5 36 48 27 15 29 18 3 26 44 8 31 34 14 45 39 19 23 4 30 49 42 2 33 40 35 38 
4 10 40 42 45 17 18 43 13 38 19 31 24 15 22 36 28 14 9 30 25 26 39 49 6 41 2 23 46 27 47 11 48 7 16 21 35 33 8 12 29 34 32 20 37 3 5 44 1 
35 31 41 14 23 36 33 4 20 39 5 34 22 2 38 47 45 42 46 19 8 17 44 37 16 30 3 18 12 49 32 13 21 43 10 28 40 7 25 9 1 24 15 48 6 29 26 27 11 
46 30 28 34 48 19 12 16 45 8 36 47 11 26 7 3 27 17 6 29 13 25 32 43 1 21 4 31 41 38 35 33 40 2 9 42 37 49 20 44 5 15 14 39 10 22 24 18 23 
2 43 26 49 8 39 21 33 32 29 3 40 1 37 44 41 5 10 35 4 48 46 34 11 22 12 42 19 23 24 15 14 20 17 45 27 13 6 47 38 31 18 28 30 36 25 9 7 16 
23 35 30 31 11 45 20 49 7 32 27 42 21 47 4 34 48 46 14 3 41 8 25 39 44 9 43 16 1 37 29 22 13 5 2 24 33 17 26 15 18 19 10 36 40 6 38 12 28 
22 4 29 9 12 24 1 23 41 37 15 8 6 36 2 19 33 38 17 44 28 48 3 7 20 10 32 46 16 39 30 35 49 18 11 5 34 25 14 42 45 40 31 21 27 43 47 26 13 
36 21 38 47 5 27 34 22 29 31 30 25 46 1 45 32 49 8 43 16 42 23 41 33 40 26 19 13 20 48 17 28 9 6 15 10 2 4 3 37 12 44 35 7 11 39 14 24 18 
13 2 7 17 43 15 39 35 33 40 9 4 3 11 5 18 10 22 30 1 12 21 14 45 27 34 6 42 19 47 38 36 41 24 26 49 20 31 16 29 23 28 37 25 44 46 8 48 32 
44 32 3 33 42 49 8 12 17 34 26 24 20 39 37 23 9 47 13 7 35 4 22 28 31 18 11 5 10 45 40 21 14 25 27 6 38 36 30 46 43 48 2 15 19 16 1 29 41 
19 14 6 40 37 16 28 5 10 2 18 48 45 13 20 29 11 25 31 39 26 35 24 15 30 17 38 36 44 33 12 46 7 42 43 1 41 27 21 32 8 47 9 22 34 23 3 49 4 
41 48 25 26 46 18 10 14 43 19 38 16 44 28 15 27 36 21 40 6 24 12 29 47 37 1 49 2 32 31 8 4 23 34 3 39 9 11 13 35 22 7 5 33 30 42 20 17 45 
39 18 33 46 6 30 47 1 42 14 32 11 5 4 10 26 29 45 41 40 23 31 20 8 49 24 36 17 37 13 7 16 19 9 48 15 44 28 12 25 35 3 43 38 22 2 27 21 34 
17 1 12 16 36 26 41 20 19 24 10 49 25 9 18 42 13 43 8 34 30 44 46 3 23 2 37 22 35 40 27 15 4 11 39 33 21 38 5 48 7 45 47 29 32 28 6 14 31 
32 8 11 21 40 28 5 2 16 3 47 41 12 43 27 31 38 15 48 25 36 29 9 19 7 4 35 39 45 18 23 20 26 44 33 34 30 46 22 13 6 14 1 10 24 17 49 42 37 
9 19 24 10 44 14 22 7 35 48 17 45 31 29 47 5 4 37 3 49 21 42 12 16 34 40 27 15 30 25 46 38 32 28 6 20 18 23 43 2 39 1 8 26 41 13 36 11 33 
27 7 42 45 34 20 48 36 40 46 37 30 28 38 24 17 2 44 12 14 19 13 1 10 33 6 18 11 8 21 31 43 22 3 5 16 29 47 32 26 49 41 39 9 23 35 4 15 25 
37 23 2 3 15 31 49 44 8 33 13 6 18 22 28 9 39 20 32 35 16 30 43 41 21 38 26 25 34 1 14 29 47 10 24 11 4 19 36 17 42 27 40 5 48 7 12 45 46 
43 25 35 38 4 13 29 26 39 23 21 27 15 34 6 1 22 11 7 33 46 45 48 32 47 28 5 14 2 36 41 42 17 12 49 40 10 37 24 31 9 8 44 18 3 20 16 19 30 
33 16 31 19 24 10 38 48 1 44 43 32 39 35 46 4 14 7 37 27 20 22 23 5 15 11 13 41 17 30 34 25 6 29 47 3 36 18 45 49 28 12 26 40 21 8 42 9 2 
26 39 27 36 30 6 13 11 37 10 2 3 41 23 31 35 16 29 28 47 38 32 17 1 19 48 9 8 49 15 21 18 42 45 20 7 22 40 46 14 25 33 12 24 5 4 34 43 44 
5 41 32 12 3 1 44 19 9 45 25 20 42 16 8 22 43 13 11 23 15 39 7 38 26 49 46 21 36 10 33 2 35 40 31 47 27 34 6 24 17 4 30 14 28 18 48 37 29 
25 40 17 22 21 42 23 29 24 5 33 46 14 49 26 2 34 48 18 36 10 28 35 31 45 3 16 4 38 41 44 19 27 8 12 30 43 9 15 39 37 32 11 1 20 47 13 6 7 
18 37 45 29 7 47 4 17 6 21 34 26 38 12 40 25 19 5 33 41 49 36 2 42 14 44 24 30 9 28 13 39 43 46 22 48 8 1 11 20 10 31 23 16 35 15 32 3 27 
28 46 49 8 9 43 11 27 47 4 40 15 13 30 17 24 42 6 21 45 1 18 37 25 12 20 33 34 5 7 48 26 3 14 32 35 23 29 44 19 2 16 38 41 39 31 22 36 10 
48 34 15 20 2 35 14 8 31 7 28 22 36 18 3 12 44 30 39 9 32 6 47 27 43 29 40 10 4 11 24 37 16 1 23 26 42 13 41 21 38 5 17 19 25 45 33 46 49 
29 27 1 24 13 8 35 32 12 28 23 39 16 20 42 48 7 36 10 37 3 40 4 44 17 31 41 47 22 2 25 49 45 15 19 9 5 14 18 33 34 11 6 46 43 26 30 38 21 
10 42 46 4 20 11 19 40 3 18 35 17 37 24 32 49 21 33 15 13 31 43 16 48 38 45 29 28 7 5 9 47 34 39 1 36 25 26 2 30 44 6 22 12 14 27 41 23 8 
16 26 36 41 31 22 45 13 46 1 4 33 27 8 34 6 25 19 44 5 18 9 49 20 39 14 12 7 40 29 43 48 38 32 30 23 17 35 42 28 21 10 3 47 15 37 11 2 24 
3 5 23 37 38 40 9 6 14 11 44 36 26 31 43 46 30 2 47 17 22 34 27 35 25 15 21 32 13 16 28 12 24 20 8 41 49 48 7 45 19 29 33 4 18 10 39 1 42 
30 33 39 28 49 12 25 47 15 9 48 2 7 10 11 8 41 27 45 26 29 24 42 18 46 19 22 3 21 14 6 17 36 23 37 4 31 43 1 40 20 38 13 44 16 32 35 34 5 
21 15 34 43 14 2 17 41 38 25 22 5 29 42 35 16 12 28 23 20 9 11 36 6 10 37 30 1 33 4 18 27 46 26 44 8 32 24 39 47 3 13 7 49 31 19 45 40 48 
6 44 18 32 47 48 7 34 30 49 45 21 43 19 14 40 1 39 24 38 4 5 26 23 2 13 8 33 3 42 11 10 31 41 35 46 16 12 37 27 15 22 20 28 29 9 17 25 36 
31 11 37 18 27 41 36 21 28 13 7 9 8 33 1 39 6 32 42 2 17 19 38 12 3 22 45 24 29 20 4 23 10 47 40 44 26 30 34 5 14 25 46 35 49 48 15 16 43 
45 22 8 44 26 5 43 30 36 15 1 23 19 14 29 11 31 18 27 46 34 16 21 4 28 32 39 37 48 35 49 9 25 13 7 17 47 20 40 10 33 42 24 3 38 12 2 41 6 
20 38 21 48 28 33 40 39 2 43 46 35 47 17 30 10 3 16 4 8 5 15 18 14 42 25 31 44 24 32 45 6 12 37 36 29 11 22 27 7 41 49 34 23 26 1 19 13 9 
12 47 13 39 10 25 16 42 22 41 24 37 49 44 48 21 20 40 36 15 43 27 11 34 5 35 17 9 31 26 19 8 1 38 28 2 6 45 4 3 46 23 29 32 7 30 18 33 14 
42 29 9 6 35 23 46 45 5 20 31 10 34 32 19 7 26 41 49 28 37 1 13 2 8 33 47 43 11 44 16 3 30 22 14 12 24 15 38 18 48 36 25 27 17 40 21 4 39 
34 17 4 15 32 7 2 3 11 12 6 29 40 25 33 44 47 35 38 24 14 49 30 26 36 23 48 20 27 43 42 41 18 21 46 19 39 16 31 1 13 9 45 37 8 5 28 10 22 
1 49 14 30 19 3 24 38 26 27 16 18 4 48 12 13 23 9 25 22 45 41 40 46 29 7 10 6 15 34 2 5 39 33 17 43 28 21 35 8 32 37 42 11 47 36 44 31 20 
################proper############## 

 average_time = 3.561005 

 success runs = 1 

 total average iters = 213548.000000 
