Success!!! 
 
 max_col = 
 49 
 
 run_time = 
 1.648552 
 
 once iters = 
 100139 
 
37 38 30 4 21 26 22 48 39 35 3 32 31 12 14 10 23 19 45 20 42 28 47 5 25 24 41 43 34 29 8 36 33 40 1 7 44 9 15 27 13 49 18 17 11 16 46 6 2 
44 9 8 7 3 48 36 15 16 47 37 46 18 2 41 34 12 35 1 27 25 29 19 23 11 26 13 17 39 22 24 20 43 31 32 4 42 5 21 28 6 38 14 10 45 49 33 30 40 
15 2 6 28 40 25 39 11 5 23 29 30 34 33 24 36 49 18 17 46 38 44 31 32 7 37 16 9 4 47 12 13 21 42 27 1 41 20 45 14 10 35 22 26 43 3 8 19 48 
32 45 29 33 41 47 11 1 20 36 43 42 49 38 44 6 2 15 26 28 13 10 22 27 46 8 14 30 5 48 16 3 7 23 17 25 31 40 19 18 37 12 34 21 9 35 4 24 39 
27 34 42 10 43 24 35 13 41 21 14 28 17 19 32 39 4 16 33 40 31 1 49 18 3 6 48 36 11 45 37 9 38 15 26 30 23 29 22 2 46 8 47 12 25 44 5 20 7 
31 16 17 13 49 14 19 45 44 24 22 8 9 7 43 37 21 30 48 11 5 20 33 4 12 38 40 2 35 25 46 18 41 10 6 34 39 36 32 26 3 47 15 28 1 23 42 29 27 
18 23 20 12 1 46 5 40 6 27 4 25 26 10 47 22 9 8 3 29 7 21 45 39 42 15 34 35 19 49 2 28 14 30 44 33 48 24 11 16 43 17 36 38 13 32 31 41 37 
8 6 43 40 33 32 20 47 2 19 49 9 5 41 17 3 29 4 14 15 21 22 34 36 31 44 12 45 25 10 7 30 11 16 24 13 28 1 26 39 38 46 37 35 27 42 18 48 23 
22 5 21 39 9 44 15 14 28 30 24 1 45 17 46 19 6 13 7 42 16 41 43 8 29 4 35 26 18 32 27 48 31 33 23 2 47 37 34 3 25 36 20 11 10 40 12 38 49 
29 4 23 11 26 16 17 46 33 32 15 20 22 44 48 30 25 27 37 49 41 3 10 28 40 18 7 21 8 34 38 12 1 6 42 43 45 35 9 19 31 5 13 24 2 39 47 14 36 
30 46 48 38 47 34 31 4 43 26 27 18 6 21 8 35 40 10 12 36 33 14 39 13 24 25 42 37 2 44 22 29 17 41 28 49 11 15 23 7 32 20 9 45 5 19 1 3 16 
12 24 27 37 42 19 18 36 31 13 7 40 39 35 22 11 45 38 28 34 9 16 23 2 49 46 5 1 20 26 47 15 3 4 43 14 30 48 17 29 21 10 33 8 32 25 41 44 6 
25 7 45 2 10 1 49 3 23 8 12 37 29 16 31 18 26 43 39 5 32 17 38 11 47 48 33 20 21 35 36 14 19 13 9 42 6 27 40 41 44 24 46 4 34 30 15 22 28 
14 35 28 41 13 36 3 42 25 38 10 48 11 34 20 1 47 24 44 2 23 30 6 15 27 32 9 19 45 40 5 39 46 49 37 22 18 16 8 12 33 4 7 29 17 31 26 43 21 
4 40 12 20 29 33 2 16 21 9 8 26 28 43 11 46 18 34 42 38 15 31 36 44 45 3 30 41 32 1 13 47 6 37 35 23 27 17 39 24 22 7 48 49 14 10 19 5 25 
43 3 38 30 8 42 7 22 14 41 6 23 35 36 13 20 17 28 27 1 4 33 11 48 19 49 25 5 12 15 18 46 34 44 31 16 26 47 10 45 2 21 39 32 37 9 24 40 29 
45 48 13 1 27 41 32 17 37 5 44 7 4 15 49 31 43 26 30 9 22 24 20 46 39 40 23 10 14 3 28 19 16 8 38 6 33 25 29 42 11 18 35 34 36 21 2 47 12 
24 44 35 36 5 10 21 27 48 40 19 33 32 25 39 14 7 37 47 12 45 34 17 42 26 1 2 8 49 43 9 23 22 11 29 31 20 41 30 38 15 3 6 13 18 4 16 28 46 
19 15 31 23 39 37 26 34 29 18 47 38 20 13 3 32 33 21 10 25 24 27 16 12 35 28 4 6 48 41 17 2 36 5 7 40 43 46 49 44 9 14 30 1 8 11 22 42 45 
46 17 47 25 22 6 34 24 1 42 11 31 12 49 19 23 35 40 16 48 2 43 21 14 9 7 29 18 26 30 4 45 39 20 10 5 8 13 28 37 36 32 3 41 33 27 38 15 44 
49 28 16 18 11 9 14 39 30 3 2 10 46 45 36 8 5 41 29 6 44 37 15 22 32 13 38 47 42 27 40 24 25 21 33 19 35 4 12 48 1 34 26 43 23 20 17 7 31 
5 20 24 15 28 27 29 25 36 10 16 41 38 18 42 9 19 1 35 13 14 45 26 17 48 43 32 12 30 4 21 44 23 46 34 11 40 2 6 33 47 39 31 22 7 8 49 37 3 
16 25 39 32 30 11 6 49 8 7 1 14 40 22 28 29 31 46 24 44 37 13 2 38 10 5 3 34 41 20 45 17 9 18 48 26 12 23 35 15 19 42 21 27 4 43 36 33 47 
48 19 22 42 7 31 12 26 3 43 46 44 2 32 16 5 10 47 40 39 20 49 14 9 23 41 1 27 13 37 33 8 28 24 15 45 29 21 36 17 4 30 11 6 38 34 35 25 18 
2 49 36 47 23 21 38 28 12 48 45 17 42 11 27 4 3 33 34 22 43 8 44 31 18 29 39 46 7 6 35 26 40 19 5 37 13 14 20 25 16 1 10 9 15 24 30 32 41 
10 33 3 17 4 45 41 30 27 37 34 35 19 9 15 2 38 23 8 26 36 7 40 21 20 11 6 42 22 14 25 49 12 29 47 18 24 44 31 32 28 43 16 39 48 1 13 46 5 
35 8 26 9 44 18 43 6 24 33 31 5 13 20 30 7 41 17 32 21 49 47 37 25 28 19 15 4 36 16 11 1 10 2 39 48 38 22 3 46 34 27 23 40 42 45 29 12 14 
40 14 1 46 34 13 37 21 15 29 39 47 23 4 25 12 48 11 18 45 6 36 30 16 33 35 24 22 43 42 31 32 27 38 3 10 9 49 5 8 7 41 28 2 19 17 44 26 20 
13 39 37 34 18 38 45 32 49 4 40 22 3 47 9 25 8 7 2 16 12 35 46 29 14 21 26 33 15 31 30 42 5 1 41 44 17 10 43 11 24 23 27 20 6 48 28 36 19 
33 32 4 3 2 8 16 23 42 31 5 39 43 30 38 44 24 49 36 17 27 40 48 1 13 45 10 7 46 11 14 25 35 28 22 12 19 26 18 6 20 29 41 37 47 15 34 21 9 
7 26 25 22 20 43 10 38 45 12 17 21 33 14 1 28 11 6 31 18 40 2 4 24 5 39 8 44 37 19 34 27 32 47 16 15 36 42 41 35 48 9 29 23 30 46 3 49 13 
28 11 15 6 19 30 24 18 7 20 26 34 27 48 10 21 42 45 41 14 46 9 12 37 22 16 36 38 3 23 29 40 13 39 8 47 4 32 33 49 5 25 44 31 35 2 43 1 17 
21 31 46 27 36 29 9 37 19 15 13 16 44 24 23 33 30 39 4 47 35 18 25 34 41 17 20 32 6 12 48 10 49 43 2 38 3 28 14 1 40 22 42 5 26 7 45 8 11 
23 12 41 14 17 49 1 35 11 2 25 6 36 8 5 43 32 48 20 3 29 19 42 47 15 30 28 31 44 21 26 7 18 9 4 27 34 39 46 13 45 37 24 33 16 22 40 10 38 
42 47 44 48 35 5 40 10 46 1 9 29 41 28 37 13 34 22 15 19 26 11 27 43 6 23 49 3 38 17 20 33 24 36 45 8 16 31 7 21 30 2 25 14 39 12 32 18 4 
3 29 32 26 14 12 27 20 34 28 18 11 15 31 6 48 44 5 25 7 17 38 1 33 21 10 22 23 40 36 43 41 2 45 49 35 37 8 16 30 39 19 4 42 46 47 9 13 24 
47 36 33 49 46 40 30 19 35 22 41 4 7 29 18 38 16 12 11 32 34 26 13 3 2 42 27 24 28 9 15 37 20 14 25 21 10 45 1 23 17 6 8 44 31 5 48 39 43 
11 37 2 21 48 39 44 5 26 6 42 43 24 1 45 40 28 3 9 10 19 15 35 20 4 12 31 49 16 7 32 34 8 17 46 36 14 33 25 47 18 13 38 30 29 41 23 27 22 
1 18 9 8 15 35 42 2 38 14 48 45 47 37 29 41 13 36 23 43 39 46 32 40 17 34 44 25 27 33 10 31 4 3 30 20 5 7 24 22 12 28 49 19 21 6 11 16 26 
17 13 7 24 45 20 23 9 32 44 21 12 10 39 26 15 37 2 46 33 8 6 18 30 16 14 43 48 47 38 19 5 29 22 11 41 49 3 27 4 42 31 1 36 40 28 25 35 34 
34 43 5 31 16 4 25 8 17 46 23 49 30 27 21 42 14 20 22 35 47 39 9 41 37 36 19 28 1 24 44 6 26 48 13 32 15 38 2 40 29 11 12 18 3 33 7 45 10 
38 41 10 19 6 22 28 33 40 16 36 13 25 3 4 27 1 31 49 24 30 5 7 45 8 47 11 29 23 18 39 35 42 12 21 9 46 43 44 34 26 48 2 15 20 14 37 17 32 
9 10 49 45 38 3 8 12 47 39 28 27 14 46 40 16 15 25 21 41 1 4 24 19 34 31 18 11 29 2 6 22 37 26 36 17 32 30 48 43 35 33 5 7 44 13 20 23 42 
20 22 11 29 25 17 46 31 9 49 35 24 1 26 2 45 36 44 6 30 48 23 41 7 38 27 37 13 10 8 42 16 15 32 12 3 21 19 4 5 14 40 43 47 28 18 39 34 33 
26 21 40 44 31 2 48 41 4 25 38 19 16 5 34 24 22 42 43 37 18 12 8 10 1 33 47 39 17 28 3 11 45 35 14 29 7 6 13 20 23 15 32 46 49 36 27 9 30 
36 42 34 35 37 23 47 44 13 11 20 2 48 40 7 17 27 29 19 31 28 32 5 6 43 9 46 15 33 39 1 21 30 25 18 24 22 12 38 10 49 16 45 3 41 26 14 4 8 
41 1 14 5 12 28 13 7 18 45 30 15 8 6 33 49 20 32 38 4 3 42 29 26 36 22 21 40 31 46 23 43 48 34 19 39 25 11 47 9 27 44 17 16 24 37 10 2 35 
39 27 18 16 32 15 4 43 22 17 33 36 21 42 35 47 46 9 5 23 10 25 3 49 30 20 45 14 24 13 41 38 44 7 40 28 2 34 37 31 8 26 19 48 12 29 6 11 1 
6 30 19 43 24 7 33 29 10 34 32 3 37 23 12 26 39 14 13 8 11 48 28 35 44 2 17 16 9 5 49 4 47 27 20 46 1 18 42 36 41 45 40 25 22 38 21 31 15 
################proper############## 

 average_time = 1.648552 

 success runs = 1 

 total average iters = 100139.000000 
