Success!!! 
 
 max_col = 
 49 
 
 run_time = 
 0.612055 
 
 once iters = 
 20505 
 
35 26 1 16 25 22 9 18 17 32 23 14 10 2 20 6 47 7 39 41 24 15 45 8 42 34 28 37 4 38 30 12 44 5 40 31 27 3 48 29 49 13 36 33 11 21 46 19 43 
14 32 39 46 45 6 12 7 25 36 33 13 31 24 34 29 17 16 26 49 38 44 2 3 19 5 23 43 27 37 41 9 22 35 21 15 1 28 10 8 20 11 42 48 4 30 18 47 40 
38 3 44 8 27 48 23 12 16 5 43 39 4 49 22 33 45 31 42 10 18 1 26 30 13 40 47 29 17 19 7 36 2 25 11 41 14 46 37 35 34 21 32 24 28 6 20 9 15 
2 20 34 28 5 49 42 30 45 44 27 11 38 9 23 3 21 48 37 35 15 25 39 10 36 6 41 7 29 33 24 14 47 46 31 4 19 43 22 40 32 18 16 8 17 26 13 1 12 
18 11 30 21 43 36 17 6 8 20 37 26 47 46 13 2 40 27 28 5 19 31 35 24 49 14 48 4 15 1 16 34 39 23 32 7 44 33 12 9 42 25 10 38 3 45 22 29 41 
47 41 29 4 13 10 15 48 40 19 34 42 28 35 8 1 25 46 36 44 12 33 38 9 21 11 32 22 20 6 49 43 26 3 18 30 24 45 39 17 5 16 2 14 27 7 31 37 23 
31 33 7 37 24 19 40 21 41 3 22 29 15 1 32 9 43 4 11 14 30 20 12 27 16 18 17 46 13 8 48 28 10 42 45 26 2 23 6 47 36 38 39 34 49 44 25 5 35 
33 35 13 31 49 45 34 10 30 43 42 41 26 48 9 20 12 11 25 36 32 8 15 22 28 27 18 38 16 5 2 6 24 7 46 21 39 14 17 4 47 23 44 37 19 1 29 40 3 
26 4 9 19 3 11 36 37 34 16 47 7 20 17 2 48 38 24 5 42 10 39 21 33 6 1 12 25 44 28 8 27 30 40 23 13 18 49 32 41 45 29 46 31 35 22 15 43 14 
46 10 17 6 20 16 38 2 28 21 13 22 49 27 45 19 1 26 7 3 47 43 9 42 29 23 44 41 14 48 33 39 31 15 12 35 30 8 40 34 37 36 18 5 24 25 11 32 4 
24 40 15 30 14 44 48 9 33 25 29 4 19 31 39 21 16 35 49 8 43 34 46 36 45 2 11 32 10 42 17 47 18 37 22 6 5 1 38 3 27 20 12 7 23 13 41 28 26 
37 2 47 7 39 32 25 3 23 1 44 8 14 18 17 41 13 33 6 31 40 19 5 26 48 24 4 10 35 21 36 49 43 38 29 12 15 22 46 28 11 9 45 30 20 16 27 34 42 
12 28 8 29 41 27 43 36 46 38 11 5 35 15 18 30 44 22 14 23 4 16 20 37 40 7 13 49 45 9 3 1 32 34 26 24 48 10 19 42 25 31 47 2 6 39 21 33 17 
5 42 22 18 21 23 1 24 6 40 12 32 45 39 46 34 29 28 15 27 37 17 14 31 35 30 3 47 19 25 4 41 13 11 20 16 7 44 2 26 43 33 9 10 38 48 8 36 49 
16 12 10 49 32 39 28 19 37 34 26 46 43 47 30 7 8 18 31 22 41 48 17 6 3 36 27 23 25 24 9 13 40 1 42 45 29 15 33 44 14 35 21 11 5 2 4 38 20 
30 45 27 17 2 18 13 39 35 28 20 6 36 3 40 25 11 15 23 46 14 5 10 1 47 16 24 12 49 26 19 38 33 32 4 37 8 9 21 43 31 41 48 22 29 42 34 44 7 
43 25 33 15 44 47 35 23 21 48 4 1 9 38 24 26 10 5 45 13 20 28 18 34 11 46 7 39 3 29 14 22 8 31 41 17 40 42 36 2 12 19 6 32 30 37 49 16 27 
9 21 14 5 23 34 37 8 24 42 15 44 13 7 16 4 3 1 33 28 49 30 31 35 2 19 29 20 11 36 6 48 27 18 43 22 26 25 47 32 38 39 40 41 46 12 45 17 10 
22 19 24 11 1 26 46 29 10 14 5 45 18 40 43 32 27 12 9 38 34 37 4 21 33 41 42 44 39 2 15 17 16 20 47 3 49 30 23 6 7 48 25 28 13 8 36 35 31 
3 6 41 38 29 40 4 27 12 31 2 30 33 22 37 36 35 42 44 48 17 32 25 43 15 8 49 26 34 23 28 21 7 45 5 20 11 16 13 10 46 24 1 47 14 18 19 39 9 
7 8 48 36 31 42 20 16 11 49 32 25 17 41 19 47 2 6 29 39 21 13 40 38 22 9 45 14 30 44 37 35 46 12 10 1 34 5 4 27 18 28 15 3 43 24 26 23 33 
4 47 40 41 18 25 49 28 48 12 6 23 21 5 35 15 24 8 30 19 42 36 22 16 43 10 46 3 1 17 29 45 9 13 39 44 32 20 14 7 2 37 27 26 33 11 38 31 34 
48 39 32 20 28 1 30 47 15 26 35 2 16 45 27 40 9 23 10 21 3 14 8 41 17 29 37 18 5 49 38 42 12 33 7 19 43 31 11 22 24 34 13 36 44 46 6 4 25 
19 5 37 22 17 12 11 42 49 13 1 33 27 32 6 39 20 45 46 7 44 35 28 4 30 25 34 9 18 43 21 31 36 48 14 10 3 38 26 23 41 47 8 15 16 40 2 24 29 
15 14 21 23 35 3 44 43 36 29 19 38 8 10 49 17 22 37 4 11 48 47 1 2 12 26 31 13 32 16 40 25 34 24 28 27 42 18 45 33 6 46 20 9 39 41 5 7 30 
29 31 38 33 6 9 27 34 20 24 14 18 3 25 41 28 26 2 43 47 1 7 42 39 23 15 40 5 46 4 10 44 11 22 37 8 36 21 30 13 16 12 19 17 45 49 35 48 32 
36 24 46 34 10 13 26 41 7 22 31 37 39 11 33 16 5 32 12 29 25 38 48 44 27 20 19 45 8 35 23 30 15 6 2 28 9 17 49 1 4 40 3 43 21 14 47 42 18 
8 43 16 45 42 7 2 4 9 46 40 17 30 44 31 38 14 13 18 34 36 21 24 11 32 49 33 6 41 47 26 19 20 27 3 5 25 39 29 48 35 15 37 12 22 23 1 10 28 
21 16 12 47 37 33 6 46 2 9 45 15 7 14 25 35 41 49 22 43 29 11 44 23 5 32 36 40 24 3 42 8 38 26 27 34 28 48 20 18 1 30 31 19 10 4 17 13 39 
13 27 3 42 4 8 41 40 18 6 39 49 11 12 1 10 32 36 19 20 23 24 33 47 7 45 26 31 28 34 46 5 35 30 48 9 37 29 25 21 17 44 22 16 2 43 14 15 38 
20 18 5 44 38 14 45 25 43 37 21 27 22 8 48 24 42 3 13 2 46 41 6 15 10 28 30 17 40 32 31 23 29 39 16 33 12 35 7 19 26 4 34 49 36 47 9 11 1 
40 34 19 26 30 43 24 44 1 35 16 31 42 4 11 37 15 38 17 33 27 9 29 20 39 12 2 8 7 10 47 18 6 49 36 46 22 32 41 14 13 5 23 21 25 28 48 3 45 
11 9 49 39 7 17 10 38 19 41 28 36 23 20 12 5 4 30 21 18 31 3 43 13 1 48 25 34 22 45 44 33 14 2 15 47 6 40 42 16 8 27 26 35 37 29 32 46 24 
25 36 28 1 48 31 29 26 5 47 10 3 32 33 7 8 34 9 40 45 16 46 37 49 38 22 14 35 21 20 13 4 41 17 19 11 23 24 43 39 15 2 30 18 42 27 44 12 6 
23 46 2 32 15 35 22 17 13 30 24 48 29 34 14 44 28 39 47 26 6 27 16 18 4 42 21 19 43 12 11 37 1 9 25 38 31 36 3 45 10 49 41 40 7 5 33 20 8 
49 7 23 25 9 29 33 14 26 15 41 34 46 36 5 42 31 17 24 37 39 4 27 19 8 13 10 30 38 40 22 32 28 21 6 2 20 47 18 12 44 3 43 1 48 35 16 45 11 
1 30 18 40 26 5 39 35 22 33 3 47 2 16 10 45 7 20 8 4 11 6 32 28 31 44 9 21 23 13 12 29 19 14 17 42 38 41 27 49 48 43 24 46 15 34 37 25 36 
41 44 31 10 8 4 19 45 27 23 48 43 6 29 28 49 18 40 3 16 35 12 47 14 34 38 15 11 26 39 1 46 42 36 33 25 21 37 5 24 22 32 7 20 9 17 30 2 13 
17 15 11 12 34 2 14 32 4 7 18 19 40 42 21 46 48 29 1 30 26 45 3 5 20 33 43 24 47 27 25 16 37 44 8 36 13 6 35 31 9 10 28 39 41 38 23 49 22 
32 13 45 35 36 37 3 20 38 8 30 9 44 28 47 22 6 43 41 12 33 49 23 40 25 17 1 48 2 18 5 15 4 10 24 29 16 11 34 46 39 7 14 27 31 19 42 26 21 
27 22 42 24 47 20 16 1 31 17 25 10 37 21 36 14 19 34 38 9 13 29 41 46 18 35 39 2 48 7 45 11 49 43 30 40 4 26 28 15 23 8 33 44 12 32 3 6 5 
28 48 6 43 46 38 21 5 39 11 49 12 24 13 44 27 23 25 32 15 2 22 36 7 26 37 16 42 9 31 34 20 3 41 35 14 45 19 1 30 33 17 4 29 18 10 40 8 47 
34 29 43 13 19 41 18 11 47 27 17 40 5 26 42 12 30 44 16 6 22 23 7 25 37 39 38 33 36 15 32 2 48 8 9 49 10 4 31 20 28 14 35 45 1 3 24 21 46 
39 23 4 9 40 15 32 31 14 45 46 20 34 37 3 13 36 21 48 17 7 26 11 29 44 43 22 28 6 41 27 10 25 47 49 18 35 2 24 5 19 1 38 42 8 33 12 30 16 
10 37 36 2 22 24 47 33 3 4 38 21 1 23 15 11 46 14 35 32 28 42 49 17 9 31 8 27 12 30 39 7 45 19 34 48 41 13 16 25 29 26 5 6 40 20 43 18 44 
44 38 26 14 12 28 8 15 42 18 7 35 41 19 4 43 49 10 2 1 45 40 30 32 46 3 5 16 37 22 20 24 17 29 13 23 33 34 9 36 21 6 11 25 47 31 39 27 48 
45 1 25 27 33 46 5 49 32 2 9 28 12 30 26 23 39 47 20 24 8 18 19 48 41 4 6 15 31 14 35 40 21 16 38 43 17 7 44 11 3 42 29 13 34 36 10 22 37 
42 49 20 48 16 21 31 13 44 39 8 24 25 6 29 18 37 19 27 40 5 10 34 45 14 47 35 36 33 11 43 3 23 28 1 32 46 12 15 38 30 22 17 4 26 9 7 41 2 
6 17 35 3 11 30 7 22 29 10 36 16 48 43 38 31 33 41 34 25 9 2 13 12 24 21 20 1 42 46 18 26 5 4 44 39 47 27 8 37 40 45 49 23 32 15 28 14 19 
################proper############## 

 average_time = 0.612055 

 success runs = 1 

 total average iters = 20505.000000 
