Success!!! 
 
 max_col = 
 49 
 
 run_time = 
 1.236132 
 
 once iters = 
 70741 
 
46 44 33 36 32 31 40 6 15 28 37 29 25 23 47 3 19 38 27 12 35 8 14 39 24 42 7 20 9 18 45 17 5 26 30 13 11 41 43 10 2 16 22 49 1 4 21 48 34 
3 28 29 38 4 35 49 27 14 43 18 24 2 13 5 34 36 48 42 17 8 19 44 37 6 23 15 22 47 40 16 31 25 12 32 45 30 26 46 7 21 1 10 41 20 9 11 39 33 
15 10 19 27 20 5 6 46 8 16 3 17 41 30 31 29 32 45 9 1 33 12 34 43 11 47 48 4 7 38 21 23 24 39 22 28 25 14 37 35 49 36 13 2 44 40 42 26 18 
30 42 8 12 34 41 39 47 35 19 22 21 45 7 49 16 23 40 14 26 6 46 18 13 9 17 36 27 11 2 44 28 4 10 1 48 15 20 31 29 5 33 38 25 32 37 43 3 24 
22 26 24 18 17 23 25 10 9 20 1 5 49 42 4 15 11 2 30 13 28 32 16 33 38 31 21 41 27 37 34 6 48 43 14 19 3 44 40 47 12 39 35 45 29 7 8 36 46 
48 14 45 16 37 43 47 38 11 36 32 33 4 31 18 21 44 24 10 39 7 3 26 29 25 2 40 1 35 49 46 15 41 20 13 23 22 42 6 9 8 34 19 17 27 28 30 12 5 
13 9 11 21 7 1 2 26 12 48 44 34 40 39 25 20 41 43 46 22 37 45 49 35 30 5 28 10 3 19 36 42 29 33 8 27 38 18 24 4 32 17 16 15 6 31 14 23 47 
23 47 48 29 11 34 16 28 37 44 7 43 8 19 41 22 9 3 15 10 26 30 20 31 4 35 2 13 39 46 27 49 1 17 12 5 36 6 18 25 24 45 33 14 21 32 38 40 42 
14 40 22 28 31 27 13 25 1 17 39 46 3 18 32 11 21 37 38 8 19 29 36 42 33 24 44 9 15 45 7 20 47 4 34 26 10 12 16 43 41 49 2 6 23 30 35 5 48 
24 35 4 8 15 30 43 14 27 6 10 26 33 22 48 47 42 23 20 46 45 38 28 41 5 16 17 49 36 11 32 13 18 19 44 1 40 9 2 31 29 21 12 7 39 25 34 37 3 
6 33 9 39 12 17 32 45 4 38 35 49 5 11 7 36 24 13 40 27 43 15 48 47 23 3 26 21 25 29 22 10 30 42 2 14 37 34 20 46 19 28 31 18 41 8 16 1 44 
25 46 49 7 26 36 21 29 47 13 12 41 20 40 34 33 31 39 2 28 18 6 45 27 1 32 14 37 16 5 48 9 8 38 3 44 35 15 30 42 4 23 43 10 22 19 24 17 11 
20 3 37 19 45 38 41 42 30 15 24 2 16 34 29 14 35 44 25 5 1 39 7 40 8 12 10 18 33 26 6 21 43 31 23 17 32 47 13 48 22 11 27 28 4 49 9 46 36 
5 1 10 42 2 44 18 32 31 21 48 36 23 9 16 17 30 49 12 6 4 43 11 19 46 34 22 25 40 41 28 24 14 35 37 7 33 8 27 38 39 3 26 47 45 20 13 29 15 
29 22 25 5 27 10 8 40 41 24 36 15 6 1 42 26 28 4 3 33 39 18 46 44 32 19 34 7 49 9 12 16 45 30 20 47 31 11 21 2 43 13 48 23 14 38 17 35 37 
39 41 46 26 33 42 35 44 17 18 11 22 34 25 19 6 16 31 36 47 2 37 15 30 3 38 45 29 21 27 10 14 13 8 5 9 49 48 23 28 40 12 20 24 7 43 1 4 32 
19 49 15 17 38 12 28 31 2 10 23 30 26 5 37 35 34 46 45 11 44 14 1 25 20 40 27 16 6 32 43 47 39 48 18 4 24 29 8 33 7 41 9 3 13 42 36 22 21 
1 11 21 3 13 45 4 16 28 39 33 12 35 48 43 7 20 9 32 30 38 47 24 8 42 10 31 6 23 22 41 46 26 40 15 34 19 17 36 14 27 37 49 44 2 5 25 18 29 
32 36 20 9 16 48 24 8 46 3 19 47 27 37 15 5 14 21 18 49 23 17 13 22 26 28 43 11 29 1 2 4 7 44 31 6 39 25 35 30 38 42 34 33 10 12 40 41 45 
7 43 44 40 47 2 34 13 32 29 14 38 9 4 17 8 22 1 41 48 10 49 33 23 35 21 12 36 42 3 11 25 37 28 24 15 20 46 5 18 45 26 30 31 19 27 6 16 39 
37 23 31 14 18 6 30 7 20 45 43 42 21 49 24 25 13 12 29 40 27 41 4 9 48 39 5 2 38 33 35 19 36 34 17 3 1 10 44 32 16 22 8 11 26 47 46 15 28 
40 15 12 20 14 21 33 49 39 1 34 31 7 26 13 9 45 28 19 44 36 25 43 2 22 30 24 38 46 48 5 18 27 23 16 32 4 37 10 6 3 8 41 29 11 35 47 42 17 
26 32 16 22 25 13 10 30 48 37 41 9 38 43 6 4 2 15 11 21 12 20 35 17 47 33 23 19 45 34 14 1 31 24 7 49 46 39 42 44 18 29 5 36 40 3 28 8 27 
45 2 47 37 1 3 5 33 42 12 4 19 44 28 10 43 26 16 24 35 30 34 27 15 7 48 6 31 22 17 8 11 40 41 29 38 23 21 14 36 25 20 18 32 46 13 39 9 49 
11 17 30 34 9 28 7 5 29 46 27 35 14 36 38 18 49 42 22 23 25 16 40 10 45 8 39 3 37 44 4 32 20 6 47 41 2 19 1 13 26 24 21 48 33 15 12 43 31 
42 18 35 46 8 49 29 3 24 23 13 25 17 6 20 39 33 27 31 41 48 36 5 4 12 9 32 28 19 43 38 2 10 21 26 40 45 16 47 34 11 15 7 37 30 44 22 14 1 
31 38 41 48 43 19 44 18 16 2 8 10 15 21 40 32 1 14 17 34 47 42 37 49 29 11 13 46 28 36 30 39 33 3 25 35 27 7 22 12 9 5 6 4 24 26 20 45 23 
27 39 23 24 6 4 36 22 45 32 40 20 11 47 3 46 7 8 37 29 5 26 21 18 14 41 1 44 13 42 9 12 35 15 49 30 43 33 28 17 48 31 25 16 34 2 10 38 19 
16 27 28 41 49 9 20 4 38 25 6 18 22 35 8 12 15 5 47 2 40 1 29 24 43 7 19 32 34 31 42 3 17 36 46 37 13 30 39 45 33 14 11 21 48 10 23 44 26 
38 6 43 35 39 29 17 9 33 41 47 11 31 8 46 42 37 25 21 45 14 2 23 28 44 13 30 26 10 20 24 22 19 27 4 12 16 3 48 49 1 7 15 34 18 36 5 32 40 
18 31 36 2 22 33 46 37 10 26 21 14 13 29 11 19 17 30 1 4 3 9 25 34 41 45 16 8 12 28 23 48 44 32 40 43 6 5 15 20 47 27 24 42 38 39 49 7 35 
44 21 14 13 42 25 45 17 40 27 15 28 12 16 22 10 39 26 35 18 34 4 47 5 31 37 20 48 1 7 29 30 38 49 33 11 8 24 19 23 36 32 46 9 43 6 3 2 41 
34 12 32 4 23 24 48 39 44 49 46 7 19 45 33 28 38 29 13 43 31 11 6 3 27 36 42 14 18 8 15 41 9 5 21 10 17 2 25 26 35 40 1 22 47 16 37 30 20 
8 37 40 1 30 11 19 23 3 5 42 48 43 20 9 24 6 32 7 36 41 10 12 46 49 22 35 15 2 25 26 45 16 47 39 18 29 4 34 21 44 38 14 27 28 17 33 31 13 
10 5 26 47 3 7 15 24 36 34 30 32 1 2 27 44 48 20 23 16 49 40 17 21 39 18 38 33 43 14 37 35 11 13 6 31 42 22 9 41 28 46 4 12 8 45 29 19 25 
35 20 1 23 21 32 26 19 25 9 5 39 47 17 30 40 8 36 48 15 24 7 42 38 10 27 3 34 14 6 31 33 49 22 43 29 18 28 45 16 13 44 37 46 12 41 4 11 2 
33 30 42 10 5 37 27 15 21 35 28 16 32 46 12 13 4 19 6 7 20 23 22 1 40 29 18 43 48 24 47 36 3 11 45 25 9 31 41 8 17 2 39 26 49 14 44 34 38 
49 34 13 45 41 40 3 2 23 14 38 6 24 33 44 1 25 11 28 42 29 5 8 48 36 46 9 17 4 10 39 27 21 7 19 22 26 43 12 37 15 30 47 35 31 18 32 20 16 
43 4 38 6 29 18 9 11 34 42 49 8 37 27 21 45 3 41 26 31 22 28 32 16 19 20 25 39 17 12 13 44 23 2 35 46 14 40 7 1 10 47 36 5 15 33 48 24 30 
47 24 2 15 46 14 31 20 43 30 29 45 36 44 39 49 5 10 34 38 17 35 41 11 13 4 37 12 8 16 40 26 28 18 9 33 21 27 32 3 42 48 23 1 25 22 19 6 7 
36 19 17 25 48 8 22 12 7 4 31 13 18 41 14 27 46 47 43 32 16 44 30 6 2 26 33 24 5 15 1 29 42 37 38 20 34 49 11 39 23 35 3 40 9 21 45 28 10 
28 7 39 11 44 16 12 48 22 40 26 1 10 3 2 23 18 35 33 37 9 21 31 14 15 49 47 45 32 30 20 34 46 25 41 24 5 36 38 19 6 4 17 43 42 29 27 13 8 
17 45 27 43 19 22 14 36 18 31 20 40 46 12 26 2 29 33 4 25 42 48 10 32 21 15 41 30 24 39 3 38 34 16 11 8 28 1 49 5 37 9 44 13 35 23 7 47 6 
21 13 34 49 36 20 37 35 26 33 25 44 28 24 1 38 40 17 8 9 46 27 3 7 16 6 11 23 41 47 18 43 2 29 42 39 12 32 4 22 31 19 45 30 5 48 15 10 14 
41 25 3 30 40 39 11 1 5 8 2 4 42 10 36 37 12 22 16 14 15 13 19 20 18 44 46 47 26 23 33 7 6 45 28 21 48 35 29 27 34 43 32 38 17 24 31 49 9 
4 8 18 33 10 47 23 21 19 22 16 3 39 15 28 48 27 7 5 24 32 31 38 26 34 14 29 35 30 13 49 40 12 9 36 2 44 45 17 11 46 6 42 20 37 1 41 25 43 
9 29 7 32 35 15 1 41 6 11 17 23 30 14 45 31 43 18 49 3 13 24 2 12 37 25 8 42 44 21 19 5 22 46 48 36 47 38 33 40 20 10 28 39 16 34 26 27 4 
12 16 5 31 28 26 38 34 13 7 9 27 48 32 35 30 47 6 44 19 11 33 39 45 17 43 49 40 20 4 25 37 15 1 10 42 41 23 3 24 14 18 29 8 36 46 2 21 22 
2 48 6 44 24 46 42 43 49 47 45 37 29 38 23 41 10 34 39 20 21 22 9 36 28 1 4 5 31 35 17 8 32 14 27 16 7 13 26 15 30 25 40 19 3 11 18 33 12 
################proper############## 

 average_time = 1.236132 

 success runs = 1 

 total average iters = 70741.000000 
