Success!!! 
 
 max_col = 
 49 
 
 run_time = 
 1.049207 
 
 once iters = 
 42935 
 
15 21 27 4 43 25 48 16 33 8 45 31 40 17 46 14 41 49 9 30 3 38 23 19 13 7 47 11 44 32 24 29 39 5 35 2 37 12 6 1 42 22 18 26 20 34 10 36 28 
12 24 19 42 46 26 9 27 22 3 35 7 28 43 13 4 1 23 2 38 37 32 30 31 5 25 18 16 6 14 47 33 36 41 34 20 21 10 40 44 15 11 17 48 45 8 39 29 49 
33 47 49 23 28 20 31 32 19 34 15 5 36 4 39 22 45 18 25 40 27 41 37 35 9 29 8 10 42 21 13 17 26 2 30 43 16 46 38 48 3 24 11 6 14 44 1 7 12 
32 11 39 30 36 45 6 29 41 18 25 1 37 21 16 5 10 48 15 12 35 22 3 17 26 44 42 20 40 43 49 38 8 4 28 13 47 34 14 27 7 19 9 46 33 31 24 23 2 
5 1 17 37 38 7 14 9 44 30 47 26 20 12 28 21 34 36 6 33 42 48 24 49 2 27 43 39 46 15 11 23 18 19 10 4 31 8 32 45 29 35 3 41 40 13 25 16 22 
35 44 13 8 41 16 40 23 14 39 6 10 24 2 11 7 26 29 47 17 20 12 28 33 1 46 15 34 31 37 48 27 3 22 45 25 9 5 18 36 49 30 19 43 32 4 21 38 42 
29 22 34 10 18 3 2 49 46 42 38 13 11 48 43 44 31 32 8 24 19 14 6 4 36 40 45 21 9 25 1 7 20 12 16 41 28 39 33 23 17 26 15 35 30 5 37 47 27 
10 2 48 35 25 31 8 26 15 28 1 3 29 40 7 37 32 20 45 46 21 11 38 14 4 24 16 6 39 18 34 49 19 47 41 9 43 17 44 12 22 27 30 33 23 36 42 13 5 
1 14 41 45 49 18 5 13 9 20 37 38 21 22 33 23 4 15 31 29 34 42 36 39 3 12 44 26 32 6 30 46 48 35 43 47 19 40 2 10 16 25 27 28 24 7 11 8 17 
37 12 15 7 24 40 34 4 30 33 17 11 49 5 25 41 16 27 22 3 14 46 29 8 47 13 2 48 20 10 44 1 31 28 36 18 26 35 42 32 6 23 38 39 21 45 43 19 9 
6 4 26 29 47 22 19 36 31 45 48 39 23 25 17 24 35 43 18 13 44 33 1 20 10 5 49 15 27 2 14 16 42 9 7 11 30 28 21 34 8 38 46 37 12 32 40 41 3 
21 23 3 43 33 42 36 12 16 27 2 41 14 46 5 47 30 8 19 49 40 9 35 18 37 22 32 28 26 38 29 24 17 11 13 39 45 7 1 31 20 15 4 25 34 6 44 48 10 
46 32 28 38 44 13 27 24 35 19 42 47 43 10 9 1 48 6 39 11 36 34 7 25 41 30 17 23 12 40 45 22 21 8 15 5 33 49 3 37 4 14 31 16 29 20 2 26 18 
39 9 30 16 20 17 11 44 18 32 8 6 7 34 10 28 2 42 38 26 12 31 19 21 43 45 40 27 4 5 3 25 37 33 23 24 41 29 36 46 48 13 22 14 1 47 15 49 35 
49 8 9 6 1 47 32 43 29 48 14 25 31 27 42 46 11 16 28 41 45 21 18 26 24 3 39 22 10 20 35 40 34 17 44 36 4 37 30 38 5 12 33 13 19 23 7 2 15 
42 36 40 41 19 15 4 7 38 9 44 20 45 37 27 17 33 31 13 35 10 1 46 32 8 47 48 43 49 16 18 30 22 24 25 21 2 23 28 3 39 29 26 11 5 12 14 34 6 
25 34 31 24 13 27 22 3 2 21 12 49 39 11 1 38 18 19 44 47 23 6 16 5 17 15 36 14 41 4 7 37 33 29 48 42 35 20 26 9 10 45 8 40 43 28 30 46 32 
14 3 7 44 26 5 12 15 8 4 34 42 32 16 20 30 29 25 40 48 39 2 33 37 11 19 35 13 23 31 46 9 28 38 1 6 17 47 24 43 41 49 10 18 36 22 27 45 21 
28 35 43 18 17 30 39 1 10 23 46 36 33 13 2 34 8 7 21 5 26 4 49 9 29 42 20 44 45 27 12 15 6 14 47 40 32 11 19 22 25 16 41 38 31 37 3 24 48 
11 33 21 48 37 38 10 28 26 35 22 40 19 24 14 43 6 12 36 9 4 30 45 41 34 31 23 25 5 13 39 32 2 42 3 1 46 18 8 15 27 7 47 29 44 49 17 20 16 
45 29 2 20 23 46 16 17 6 5 18 30 41 47 15 3 37 24 32 22 49 28 27 12 7 38 10 40 21 19 8 36 43 26 11 34 14 44 48 33 13 31 1 4 39 42 9 35 25 
27 46 42 36 7 41 26 10 25 6 24 2 13 19 35 11 3 30 34 4 48 45 39 1 16 43 5 31 37 22 9 14 12 44 21 33 20 15 29 8 28 40 32 47 18 38 49 17 23 
2 39 8 15 3 24 43 33 37 40 26 9 44 30 47 6 12 22 29 31 25 20 11 28 49 41 13 32 34 35 19 18 46 1 27 45 36 48 23 17 38 5 14 21 10 16 4 42 7 
34 31 44 17 4 14 13 35 43 1 11 18 38 20 21 39 5 10 42 45 7 3 2 22 19 23 6 33 29 28 15 8 16 48 24 32 49 9 46 30 37 47 36 27 41 25 12 40 26 
48 5 45 21 35 37 47 34 12 41 28 14 3 23 32 19 9 38 27 8 15 18 42 7 40 36 29 46 17 33 10 26 49 25 4 16 44 6 31 39 11 43 13 24 2 1 22 30 20 
23 25 33 9 6 1 28 46 7 31 32 17 27 49 37 40 20 2 24 18 16 15 10 38 44 21 26 30 47 36 42 41 5 3 39 14 22 19 4 13 12 34 43 45 35 29 48 11 8 
20 10 22 12 30 11 18 39 48 15 21 29 16 42 49 13 14 28 17 36 41 37 8 47 35 9 25 4 43 23 38 45 32 40 31 3 24 27 7 2 26 1 6 34 46 19 5 44 33 
16 49 29 32 40 19 38 45 4 47 36 22 5 8 23 26 44 1 46 43 33 27 48 24 12 14 34 17 11 7 20 6 30 13 2 35 25 21 41 42 18 10 28 15 3 9 31 37 39 
24 48 36 11 31 12 42 40 27 26 3 35 22 44 30 10 49 41 4 6 2 25 21 16 38 1 9 47 33 46 43 5 13 45 32 37 15 14 17 29 23 20 39 8 7 18 34 28 19 
4 13 18 5 8 23 25 21 39 12 29 46 34 14 19 36 7 33 16 32 43 24 20 44 6 10 37 35 30 1 2 3 47 49 42 48 27 38 9 41 45 28 40 17 22 11 26 15 31 
43 27 20 3 21 34 15 19 1 36 49 48 6 33 22 25 42 39 14 37 46 29 13 45 23 26 31 8 16 41 28 4 35 7 17 12 11 2 47 24 40 18 5 32 9 30 38 10 44 
41 30 32 19 2 10 49 47 28 43 16 15 17 9 26 18 38 3 1 21 31 5 40 27 22 48 12 36 24 11 23 44 25 34 6 7 13 42 39 35 46 8 37 20 4 33 45 14 29 
7 16 47 39 14 44 1 8 45 24 20 23 10 41 40 48 13 34 5 27 9 49 17 11 28 32 33 19 38 12 37 31 29 15 18 26 3 25 22 21 30 4 35 36 42 2 46 6 43 
9 28 46 40 45 33 17 2 5 13 4 37 25 38 29 8 23 35 11 44 24 7 14 15 39 18 30 42 36 26 27 19 10 20 22 49 34 1 43 6 31 32 48 12 16 21 41 3 47 
26 38 6 22 29 35 37 11 42 7 31 32 30 18 45 12 15 17 20 28 47 43 34 3 46 4 41 2 8 39 40 48 14 21 9 19 10 36 16 5 44 33 23 1 49 27 13 25 24 
40 37 14 47 12 28 21 38 49 10 33 4 8 36 34 35 22 44 7 25 30 23 41 43 48 2 1 18 13 17 5 39 27 16 19 46 6 24 20 26 32 42 45 9 15 3 29 31 11 
13 20 10 31 39 6 35 18 47 29 23 34 9 7 41 16 27 46 12 15 8 44 32 40 21 49 4 3 22 24 26 2 11 30 14 17 1 45 25 28 36 48 42 5 37 43 19 33 38 
30 17 23 25 48 36 46 6 21 22 27 19 1 3 4 20 39 5 10 2 11 16 31 13 42 35 38 45 15 49 32 47 41 37 8 29 40 33 34 7 43 9 24 44 28 26 18 12 14 
44 42 5 26 9 43 7 37 24 25 40 45 48 31 36 32 28 14 3 23 6 17 22 30 20 8 11 29 1 34 21 35 4 18 33 38 12 41 15 16 19 39 2 49 13 10 47 27 46 
18 19 1 33 27 49 24 20 11 46 41 44 15 28 48 9 17 13 43 42 29 47 26 34 25 39 14 37 3 45 6 12 23 36 38 30 5 31 10 4 2 21 7 22 8 35 16 32 40 
22 41 11 2 15 8 29 5 13 14 39 16 35 32 31 45 40 21 26 19 38 10 12 46 33 28 24 7 48 9 25 42 44 43 20 27 23 3 49 18 47 37 34 30 6 17 36 4 1 
38 45 4 34 16 32 3 30 17 2 43 12 42 26 24 33 47 37 49 1 18 19 9 36 15 6 27 5 7 29 31 28 40 10 46 22 8 13 35 11 14 44 25 23 48 39 20 21 41 
3 43 25 13 11 29 30 22 20 49 9 24 2 45 38 31 36 40 23 14 17 8 44 6 32 33 21 12 35 42 41 10 1 27 5 15 39 26 37 19 34 46 16 7 47 48 28 18 4 
47 15 35 28 5 21 33 31 40 11 30 27 26 1 6 42 46 45 37 10 32 36 43 48 18 20 7 24 25 3 4 13 38 39 49 23 29 16 12 14 9 2 44 19 17 41 8 22 34 
19 6 37 49 34 48 41 25 3 38 5 8 12 15 18 29 24 4 35 7 13 39 47 2 14 16 46 9 28 44 36 43 45 32 26 10 42 22 11 20 33 17 21 31 27 40 23 1 30 
36 26 12 27 22 2 44 14 32 16 7 43 46 29 8 49 19 11 41 39 5 13 4 42 31 34 3 1 18 47 17 21 15 23 40 28 48 30 45 25 35 6 20 10 38 24 33 9 37 
31 18 16 1 32 39 23 42 36 37 19 21 47 35 44 15 43 26 30 20 22 40 25 10 45 17 28 38 2 48 33 34 9 46 29 8 7 4 27 49 24 41 12 3 11 14 6 5 13 
8 7 38 14 10 9 20 48 23 17 13 28 4 6 3 2 25 47 33 34 1 35 15 29 27 37 22 41 19 30 16 11 24 31 12 44 18 43 5 40 21 36 49 42 26 46 32 39 45 
17 40 24 46 42 4 45 41 34 44 10 33 18 39 12 27 21 9 48 16 28 26 5 23 30 11 19 49 14 8 22 20 7 6 37 31 38 32 13 47 1 3 29 2 25 15 35 43 36 
################proper############## 

 average_time = 1.049207 

 success runs = 1 

 total average iters = 42935.000000 
