Success!!! 
 
 max_col = 
 49 
 
 run_time = 
 0.793515 
 
 once iters = 
 26069 
 
6 30 13 31 36 39 7 14 29 23 28 17 45 26 37 11 27 48 19 2 15 34 46 22 24 21 9 32 42 41 3 4 10 49 43 35 5 1 44 8 47 18 12 20 38 25 40 33 16 
43 20 1 35 11 5 42 37 4 3 10 30 18 12 22 39 34 29 26 46 8 7 49 48 45 28 25 36 19 40 24 27 21 23 16 15 38 6 2 9 33 41 13 44 17 14 32 47 31 
45 21 14 37 27 29 18 49 9 25 38 22 6 8 17 42 1 43 35 47 36 19 2 5 40 41 10 20 44 32 11 30 31 46 33 7 13 4 16 3 48 12 24 34 26 23 39 28 15 
47 17 46 41 12 10 33 5 40 15 16 11 2 48 44 14 38 24 28 45 25 42 3 27 8 39 1 23 36 29 13 9 6 22 18 34 21 26 19 31 20 32 43 37 49 7 30 35 4 
24 38 34 22 15 40 25 43 47 13 19 32 42 36 31 30 18 20 10 33 9 44 35 11 16 26 4 6 12 7 2 1 17 45 14 49 37 27 29 28 23 39 46 5 3 48 8 41 21 
49 28 16 19 48 4 2 7 31 44 1 34 35 33 21 32 23 3 13 12 41 37 17 38 43 29 47 30 39 25 26 5 15 8 20 46 24 11 14 42 40 36 6 10 9 45 22 18 27 
26 44 3 32 8 9 23 21 46 39 27 24 41 20 49 4 5 16 6 40 7 31 18 12 33 15 14 13 28 48 34 47 35 37 38 22 17 43 25 10 45 30 36 42 29 19 2 11 1 
36 29 31 42 35 25 16 17 23 11 12 20 47 39 48 6 3 2 32 43 37 14 33 26 5 27 18 8 7 38 30 34 40 44 49 45 10 28 15 46 22 13 41 21 4 9 19 1 24 
27 19 20 38 21 32 43 44 49 10 34 15 13 29 1 46 39 26 7 18 31 6 24 35 47 37 30 40 16 2 8 36 4 12 45 33 9 42 23 41 11 48 5 22 28 3 25 14 17 
23 2 18 11 33 17 44 22 1 37 46 28 5 4 19 35 45 34 40 42 13 48 10 49 25 9 36 21 41 26 14 24 47 32 15 6 39 8 3 7 12 38 27 16 20 43 31 29 30 
12 15 8 46 22 47 4 42 14 35 7 45 38 16 5 24 17 41 36 44 23 29 34 31 2 13 3 19 33 9 27 37 28 20 25 1 32 40 30 26 43 21 11 6 48 49 10 39 18 
1 34 6 28 30 13 40 9 27 48 26 19 24 3 15 8 14 12 29 10 22 16 41 39 38 43 44 4 5 31 42 23 11 17 21 18 20 25 37 36 35 49 2 33 7 47 45 46 32 
5 37 10 7 24 45 14 8 41 21 32 40 31 30 9 38 33 49 25 28 27 17 20 23 22 11 42 1 48 18 43 46 39 3 6 47 2 19 4 16 29 44 34 12 15 26 35 36 13 
48 9 39 26 49 41 3 2 43 36 18 6 33 25 16 21 4 47 30 11 20 45 12 28 32 46 15 7 13 1 35 10 19 29 22 5 31 17 27 14 24 34 23 40 8 44 38 42 37 
20 26 2 17 13 11 12 4 25 41 42 18 44 35 40 28 32 27 46 16 24 43 45 21 14 10 49 3 37 39 47 8 1 31 23 38 6 48 33 15 36 9 30 7 5 22 29 34 19 
29 32 48 16 46 1 5 39 37 43 31 3 20 40 14 19 12 6 9 23 49 35 28 36 4 33 17 42 24 45 7 18 22 26 10 13 30 21 8 2 34 47 44 41 27 11 15 38 25 
44 14 30 21 18 15 45 47 6 32 11 38 46 10 3 33 8 7 48 34 26 22 25 24 27 1 23 2 4 19 49 17 41 42 9 40 29 5 12 39 31 16 35 28 37 13 43 20 36 
39 43 41 23 37 19 10 33 5 16 8 36 7 2 18 13 30 42 38 17 11 20 32 9 29 6 34 15 27 21 25 12 44 14 40 24 26 22 28 35 4 3 47 48 1 31 46 49 45 
38 49 7 47 42 35 9 15 22 29 13 21 28 24 41 20 44 4 1 37 2 5 8 30 31 19 40 11 6 34 32 33 43 36 48 27 45 23 17 25 18 46 3 26 16 12 14 10 39 
28 31 27 33 3 22 34 1 12 9 17 23 48 14 25 10 36 45 15 39 47 46 16 41 26 44 13 18 2 5 38 11 29 35 30 43 7 49 20 37 32 19 42 24 40 4 6 21 8 
8 4 24 25 40 6 36 30 26 49 45 27 34 19 29 31 43 5 22 21 35 39 48 37 7 47 12 38 20 16 15 3 46 13 28 42 41 14 1 11 44 10 33 9 18 32 23 17 2 
21 25 4 49 23 44 6 46 2 33 36 14 30 17 13 7 48 22 39 24 1 47 11 18 37 40 43 41 15 28 29 38 32 19 5 12 3 10 9 45 27 35 31 8 34 20 26 16 42 
3 18 45 2 34 14 30 41 7 27 37 12 29 23 38 40 47 35 33 5 10 26 6 42 17 4 24 49 22 8 36 21 48 16 46 39 44 31 32 43 25 20 9 1 13 15 11 19 28 
40 35 37 8 41 16 24 19 20 26 43 48 4 32 23 12 21 18 11 6 46 13 30 33 34 2 31 28 14 44 10 39 42 9 3 17 49 29 5 38 15 1 25 45 22 36 27 7 47 
19 46 38 36 10 26 20 24 8 45 35 1 39 18 28 17 41 9 4 3 34 23 15 14 12 5 32 16 47 43 31 49 25 11 27 21 22 7 42 33 13 37 40 2 30 29 48 44 6 
33 1 11 13 39 7 27 10 38 22 9 31 3 34 42 15 49 32 16 20 45 8 44 19 36 48 29 25 35 17 18 41 26 40 24 4 23 30 6 47 2 28 14 43 12 5 21 37 46 
15 42 43 5 9 31 32 25 44 6 21 47 11 28 36 29 2 19 37 30 14 3 27 10 1 22 20 39 45 33 4 7 13 34 12 8 40 16 26 48 46 24 49 38 41 17 18 23 35 
17 22 12 48 29 28 47 16 42 5 40 13 49 15 26 27 25 31 43 8 44 9 21 7 46 45 38 35 30 6 23 20 2 1 37 19 36 18 11 34 41 14 32 4 10 39 3 24 33 
25 13 32 34 5 37 11 28 21 46 30 33 17 47 12 23 15 38 8 9 42 27 19 43 20 14 39 10 40 35 48 26 16 7 41 36 4 3 45 44 6 2 1 29 31 18 24 22 49 
22 47 29 45 19 23 1 38 48 2 5 26 40 49 20 43 31 39 14 36 18 25 42 34 13 3 16 12 9 37 46 28 24 4 17 11 27 35 21 30 10 8 15 32 44 33 7 6 41 
2 39 17 30 7 18 41 23 36 14 15 42 10 37 46 16 11 13 45 27 3 28 1 4 6 35 5 24 43 12 20 44 49 21 29 31 33 34 22 32 19 40 8 25 47 38 9 26 48 
42 8 44 12 20 43 38 29 39 24 3 7 1 27 32 22 26 10 5 35 40 33 9 47 41 49 21 31 23 15 6 25 45 2 34 28 48 37 18 13 16 17 4 14 19 46 36 30 11 
31 33 40 27 14 48 21 6 35 20 4 9 16 43 7 44 29 28 47 1 30 11 37 46 18 32 8 22 38 36 19 42 3 39 13 26 25 24 41 12 49 15 17 23 45 34 5 2 10 
46 10 15 9 28 3 26 12 34 19 44 8 22 45 24 49 6 25 41 4 33 40 29 2 48 36 7 17 31 30 5 32 27 18 11 23 14 47 39 1 38 43 21 35 42 16 37 13 20 
4 6 36 24 16 49 35 11 13 18 25 41 32 31 34 48 37 21 2 19 17 15 38 44 30 23 45 26 10 14 1 22 8 33 47 9 46 20 7 29 5 42 39 3 43 27 28 40 12 
37 7 47 43 1 20 46 27 19 28 6 4 14 5 30 41 42 40 44 38 16 10 13 29 49 31 22 33 8 23 12 35 34 24 32 2 15 9 36 18 26 11 45 39 25 21 17 48 3 
11 5 49 29 38 21 8 34 32 42 23 46 12 41 39 1 10 36 27 26 6 2 40 15 28 7 37 48 3 13 45 19 18 25 31 16 47 44 24 4 17 22 20 30 14 35 33 9 43 
18 36 28 14 6 24 31 45 33 40 22 10 37 21 4 3 46 8 34 29 19 41 39 20 44 25 26 43 17 11 9 16 38 47 1 32 35 13 48 49 30 27 7 15 23 2 42 12 5 
30 41 26 40 44 12 48 31 3 8 49 39 9 1 45 47 22 33 17 25 21 18 14 32 11 24 35 46 29 27 28 2 36 15 7 20 19 38 43 5 42 23 37 13 6 10 16 4 34 
32 23 25 3 17 34 13 18 16 7 24 2 36 11 35 37 9 15 49 48 43 38 5 1 42 12 19 45 26 20 44 40 30 6 4 14 8 41 10 21 39 33 29 31 46 28 47 27 22 
35 16 42 15 45 2 19 26 30 47 29 43 25 44 11 5 20 14 31 13 28 4 23 8 21 17 27 9 49 22 41 48 33 10 39 3 34 12 46 6 37 7 18 36 24 40 1 32 38 
9 27 22 10 4 33 39 48 17 38 20 35 15 13 2 18 7 23 24 32 12 36 47 16 3 30 6 34 21 46 37 14 5 43 42 29 1 45 31 40 28 25 26 19 11 41 49 8 44 
13 3 19 18 47 27 49 35 28 30 39 16 43 7 6 45 24 37 12 31 4 1 26 17 23 38 46 14 32 10 33 15 20 5 44 41 42 2 40 22 21 29 48 11 36 8 34 25 9 
7 48 23 4 43 38 28 32 45 12 2 44 21 42 33 25 16 30 3 41 5 24 36 40 39 34 11 29 1 47 17 6 9 27 26 10 18 46 13 19 8 31 22 49 35 37 20 15 14 
16 11 5 20 31 42 22 13 24 1 33 37 19 9 8 34 40 44 23 15 48 21 43 3 10 18 28 47 46 49 39 29 7 30 36 25 12 32 35 17 14 4 38 27 2 6 41 45 26 
14 40 35 1 26 46 37 3 18 17 41 25 27 6 10 36 28 11 20 22 39 32 4 45 9 8 48 44 34 42 21 43 12 38 2 30 16 15 49 23 7 5 19 47 33 24 13 31 29 
34 45 9 39 32 8 17 36 10 31 14 49 23 38 27 2 19 46 42 7 29 12 22 6 15 20 41 5 25 3 16 13 37 48 35 44 11 33 47 24 1 26 28 18 21 30 4 43 40 
41 12 33 6 25 36 15 40 11 4 48 29 26 46 47 9 35 1 21 49 38 30 7 13 19 16 2 27 18 24 22 31 14 28 8 37 43 39 34 20 3 45 10 17 32 42 44 5 23 
10 24 21 44 2 30 29 20 15 34 47 5 8 22 43 26 13 17 18 14 32 49 31 25 35 42 33 37 11 4 40 45 23 41 19 48 28 36 38 27 9 6 16 46 39 1 12 3 7 
################proper############## 

 average_time = 0.793515 

 success runs = 1 

 total average iters = 26069.000000 
