Success!!! 
 
 max_col = 
 49 
 
 run_time = 
 1.469100 
 
 once iters = 
 72474 
 
1 45 2 40 35 17 26 8 18 11 31 14 46 12 48 47 16 42 36 44 39 34 24 4 30 19 7 6 20 15 27 25 38 41 10 13 28 29 43 49 5 3 23 9 22 21 37 32 33 
32 20 24 43 15 25 37 47 7 21 2 33 35 38 1 13 29 4 9 45 28 23 48 10 40 46 11 41 3 44 30 42 5 36 18 6 16 22 34 39 12 14 26 49 8 17 31 27 19 
7 19 39 14 10 49 11 27 17 43 4 36 15 37 5 24 3 21 8 6 33 2 22 29 42 16 18 28 12 9 32 26 48 23 13 1 45 47 40 46 41 31 38 44 34 35 20 30 25 
27 33 46 5 38 23 44 6 22 25 40 13 3 39 7 43 10 31 37 2 14 45 26 49 8 36 32 9 16 29 34 17 11 24 19 42 20 35 18 30 4 21 41 28 47 48 15 12 1 
18 42 9 21 22 8 31 28 1 23 30 29 20 34 27 41 49 35 19 26 11 39 43 44 12 15 13 17 4 45 47 7 40 2 6 33 25 37 38 24 48 32 46 3 36 14 16 10 5 
30 3 41 12 34 36 28 42 45 16 26 48 5 44 32 46 25 38 40 15 23 31 47 20 21 33 14 35 39 37 49 8 1 22 43 7 19 17 27 9 2 10 13 11 4 29 24 18 6 
6 4 29 13 47 16 48 9 41 32 19 10 49 24 12 18 22 30 34 17 20 27 25 38 1 37 5 3 21 33 46 35 28 14 31 23 15 11 44 26 8 36 45 42 39 2 43 7 40 
49 16 35 15 37 9 20 40 43 2 42 12 21 46 38 7 28 48 47 41 25 36 3 5 44 18 27 8 14 6 19 39 22 13 30 11 1 24 31 4 17 34 10 29 23 32 33 45 26 
34 31 8 11 36 40 27 19 20 1 38 35 13 10 18 12 37 9 45 5 42 46 14 6 22 48 21 39 49 32 3 16 23 4 41 26 33 2 29 28 44 30 47 7 24 15 25 17 43 
29 5 21 7 26 46 45 31 48 37 24 39 6 17 40 19 23 34 13 14 4 15 28 32 47 25 12 30 35 18 44 9 33 10 20 22 36 49 3 43 42 27 2 8 16 1 41 38 11 
2 22 33 24 43 39 38 15 49 28 18 32 47 3 6 11 44 20 46 29 30 37 16 31 13 10 9 4 1 25 26 36 34 27 17 14 8 23 35 41 7 45 19 21 48 12 5 40 42 
48 1 25 28 44 32 18 22 34 33 41 30 36 27 24 26 31 17 3 21 10 43 20 23 11 7 29 49 40 42 2 5 8 45 15 47 12 39 19 16 38 9 4 14 13 6 35 37 46 
10 41 13 23 19 4 6 11 14 29 25 16 9 26 8 2 43 36 39 32 27 17 1 33 35 42 34 45 24 48 7 47 21 12 38 37 46 18 15 40 20 5 31 30 3 28 49 22 44 
42 17 30 47 14 3 12 44 5 8 45 7 4 23 15 35 33 1 16 49 22 19 2 40 41 38 24 26 28 11 31 43 29 46 37 48 6 10 32 21 13 25 27 34 9 39 36 20 18 
11 36 14 3 13 1 47 29 2 44 5 31 8 7 9 4 15 37 38 34 26 28 45 35 18 21 16 40 25 23 10 19 42 6 48 12 17 33 22 20 49 39 43 46 41 30 27 24 32 
37 15 20 49 8 10 23 14 32 41 9 3 40 43 39 42 30 13 22 19 5 12 6 17 33 24 46 2 36 47 35 45 18 34 21 25 44 27 26 31 29 7 28 1 11 16 4 48 38 
28 26 32 38 7 41 46 13 4 45 47 19 10 25 16 33 27 24 44 11 48 9 31 42 34 39 8 36 22 3 43 37 17 1 40 5 2 30 14 18 21 23 35 6 29 20 12 15 49 
35 6 19 2 40 44 34 24 27 30 46 37 22 33 28 21 17 29 18 36 3 48 23 11 32 43 41 20 15 12 38 49 14 39 9 4 42 16 13 47 10 1 8 26 7 5 45 25 31 
5 27 31 45 42 21 9 34 39 26 16 28 38 11 46 32 8 12 35 20 1 4 30 14 25 47 49 37 29 7 33 41 13 44 2 19 24 3 48 6 15 43 36 17 18 40 22 23 10 
17 25 12 30 16 18 33 48 36 20 6 42 23 1 43 14 41 2 49 7 40 10 13 22 3 26 15 29 31 24 4 28 27 5 11 8 34 46 45 35 32 38 37 39 21 19 44 47 9 
43 29 22 4 48 24 39 17 12 35 21 15 18 49 23 6 45 10 25 47 31 1 38 7 19 5 44 27 30 16 20 32 46 8 26 9 40 41 11 37 36 28 42 33 14 34 2 13 3 
8 9 15 19 31 38 40 30 10 6 12 18 39 4 25 36 26 3 11 46 21 24 27 41 20 2 47 33 34 28 5 48 32 37 22 43 29 44 1 23 45 16 49 35 17 7 13 42 14 
13 10 17 20 28 6 25 5 31 47 33 41 11 2 45 23 4 16 14 12 15 49 46 43 7 1 37 19 44 39 42 24 36 29 8 34 35 32 9 3 27 26 40 22 38 18 30 21 48 
12 46 37 35 41 22 43 45 13 14 36 17 29 42 44 28 47 49 7 38 32 3 40 34 9 4 30 23 18 10 21 33 20 26 25 15 11 48 6 19 24 2 5 16 27 31 39 1 8 
36 2 4 1 24 45 7 25 38 19 37 21 48 28 10 27 20 40 33 42 18 6 8 15 5 29 26 12 46 13 16 23 43 30 35 39 41 31 17 22 14 49 34 32 44 3 9 11 47 
23 21 34 26 18 47 30 49 16 3 32 44 27 9 2 1 48 19 43 22 8 11 35 39 45 14 42 31 7 40 41 12 6 17 4 46 38 36 20 5 25 13 15 37 33 10 29 28 24 
33 14 3 44 27 48 5 1 46 34 43 20 7 15 29 17 35 41 24 39 37 16 32 21 10 13 38 22 11 2 9 31 49 47 45 30 18 42 28 8 40 12 6 25 26 4 23 19 36 
39 49 16 29 11 42 32 23 26 40 22 8 24 35 30 31 34 6 5 13 9 18 36 48 28 44 17 25 19 27 14 38 15 3 1 10 7 21 4 33 47 37 20 41 45 43 46 2 12 
45 8 44 32 29 34 14 38 24 9 10 1 41 48 35 5 40 28 30 31 7 21 4 2 43 20 22 11 27 19 36 6 16 15 39 18 49 25 12 42 23 17 33 47 46 13 26 3 37 
46 30 1 31 25 13 10 33 3 27 44 6 42 20 17 8 39 43 15 24 34 5 29 12 36 23 48 14 45 26 40 22 47 11 28 21 4 9 37 32 19 41 16 18 35 38 7 49 2 
41 40 27 18 21 37 24 32 47 15 14 34 31 19 4 25 13 11 26 1 29 38 49 45 46 35 3 44 43 17 12 10 7 20 33 16 39 8 2 48 30 6 22 36 5 23 42 9 28 
4 28 6 17 9 33 42 18 21 7 35 23 43 36 3 16 38 46 12 48 2 25 37 26 39 8 10 1 13 31 29 30 41 49 24 44 14 5 47 27 22 11 32 40 15 45 19 34 20 
38 48 47 36 23 15 16 2 30 22 13 5 12 8 20 49 9 44 21 37 6 40 7 19 27 28 33 32 42 34 18 46 25 35 3 24 43 26 10 45 1 29 17 4 31 41 11 14 39 
20 7 26 39 49 12 3 16 37 46 11 45 25 29 14 22 36 47 23 10 19 41 42 18 17 9 31 24 5 21 1 2 4 38 32 40 13 15 33 34 28 35 44 48 30 8 6 43 27 
19 35 11 22 5 43 2 39 28 17 49 4 26 40 33 45 32 18 42 27 41 13 34 47 16 30 6 15 48 8 37 14 44 9 23 31 3 38 7 36 46 20 12 24 1 25 10 29 21 
25 47 28 41 45 5 19 4 23 42 3 24 1 22 49 40 6 14 32 35 17 33 9 46 38 12 20 18 10 36 13 34 30 43 44 2 48 7 39 11 31 15 21 27 37 26 8 16 29 
15 18 43 37 20 7 8 35 19 48 39 2 14 5 41 29 21 27 28 23 16 42 44 13 4 32 36 34 26 38 25 11 45 33 12 3 10 1 30 17 9 46 24 31 49 47 40 6 22 
31 13 40 42 3 11 21 43 44 10 7 27 45 6 26 48 2 25 4 8 24 30 39 28 37 41 35 5 23 20 15 1 9 16 47 29 32 34 49 38 33 22 14 12 19 36 18 46 17 
16 34 49 10 6 35 17 46 8 31 20 9 32 21 22 3 12 33 1 43 45 14 11 25 26 40 23 48 41 4 24 27 39 7 29 36 47 19 42 13 37 18 30 2 28 44 38 5 15 
14 12 23 46 33 27 1 41 40 36 34 26 30 47 11 44 42 7 31 18 38 29 17 8 15 45 2 10 37 22 6 21 19 28 49 35 5 20 16 25 43 24 48 13 32 9 3 39 4 
44 24 38 48 30 26 29 37 25 13 15 11 33 16 34 39 19 5 20 9 36 22 21 3 31 49 43 47 32 46 17 18 2 40 14 28 27 45 8 12 6 4 7 23 10 42 1 35 41 
22 39 36 9 32 2 4 12 29 49 28 38 17 18 13 37 46 15 10 30 47 7 19 24 6 27 1 16 8 35 48 3 31 42 5 41 21 40 23 14 26 44 25 43 20 11 34 33 45 
26 43 5 33 17 19 13 7 42 18 8 40 37 31 36 30 1 23 48 25 46 32 12 16 29 22 4 38 2 49 11 15 24 21 34 20 9 28 41 10 3 47 39 45 6 27 14 44 35 
21 11 48 34 46 29 35 20 9 5 27 49 44 30 47 38 7 39 2 33 43 8 15 37 14 17 25 13 6 41 28 4 26 19 36 45 23 12 24 1 18 42 3 10 40 22 32 31 16 
40 23 18 6 12 30 15 3 33 38 48 46 2 32 37 20 14 45 17 16 13 35 41 9 24 31 19 21 47 1 22 29 10 25 7 27 26 43 36 44 39 8 11 5 42 49 28 4 34 
9 38 7 16 4 28 41 26 11 24 1 47 19 14 42 15 5 8 6 3 49 44 10 30 2 34 39 46 33 43 45 40 12 31 27 32 22 13 21 29 35 48 18 20 25 37 17 36 23 
24 44 42 25 2 31 36 10 35 39 29 22 28 13 19 9 18 26 41 4 12 47 5 27 48 11 45 7 17 14 23 20 3 32 16 49 37 6 46 15 34 40 1 38 43 33 21 8 30 
3 37 10 27 39 20 22 36 15 4 23 25 16 45 21 34 24 32 29 40 44 26 18 1 49 6 28 43 38 30 8 13 35 48 42 17 31 14 5 2 11 33 9 19 12 46 47 41 7 
47 32 45 8 1 14 49 21 6 12 17 43 34 41 31 10 11 22 27 28 35 20 33 36 23 3 40 42 9 5 39 44 37 18 46 38 30 4 25 7 16 19 29 15 2 24 48 26 13 
################proper############## 

 average_time = 1.469100 

 success runs = 1 

 total average iters = 72474.000000 
