Success!!! 
 
 max_col = 
 49 
 
 run_time = 
 1.512023 
 
 once iters = 
 100929 
 
11 9 4 18 3 2 35 25 45 47 24 37 6 26 41 49 23 46 28 30 10 12 8 14 39 42 34 40 33 22 1 38 27 19 32 43 13 36 7 48 20 15 44 16 29 5 21 31 17 
24 6 36 45 34 43 47 39 23 16 28 9 18 11 31 12 15 14 5 4 2 33 30 48 44 3 19 41 8 20 10 7 26 37 25 22 17 40 27 29 21 35 1 42 38 13 46 32 49 
7 30 40 49 12 23 14 10 1 13 36 2 44 48 22 25 32 24 16 19 38 17 35 47 11 29 46 27 4 3 42 31 28 21 34 41 26 6 39 18 5 33 43 37 8 20 9 45 15 
28 41 42 13 26 32 17 15 43 38 7 27 34 14 44 48 29 20 8 21 39 24 5 1 6 10 49 9 16 23 30 12 36 11 2 25 31 37 46 19 3 45 18 33 40 47 35 22 4 
48 22 37 29 21 1 44 35 42 19 41 3 20 31 27 33 6 40 45 47 7 16 36 4 43 18 26 23 39 17 13 15 5 46 49 38 30 11 2 9 32 8 12 24 14 25 10 28 34 
27 5 16 31 19 39 20 29 21 46 40 33 12 8 9 35 17 1 37 42 13 25 38 45 22 15 32 2 18 24 41 44 43 6 47 28 23 10 4 49 34 14 30 11 48 7 3 26 36 
46 15 25 33 10 8 38 4 49 32 17 30 5 22 34 3 18 11 36 26 43 7 37 28 21 20 31 13 29 40 9 48 45 35 14 24 12 42 16 47 1 44 2 23 39 27 6 41 19 
23 45 11 27 43 24 8 40 14 36 34 26 15 12 17 4 49 44 38 35 16 18 28 19 1 6 33 37 7 5 46 39 2 20 29 21 3 13 32 22 25 31 10 9 47 42 41 30 48 
10 18 9 1 5 42 39 2 47 45 21 16 22 37 8 32 24 30 25 7 40 3 15 43 31 38 11 34 44 26 49 17 41 13 6 29 36 28 35 27 46 48 4 12 23 19 33 14 20 
3 25 15 38 28 44 37 43 8 29 9 20 10 23 19 13 39 21 42 46 33 2 22 16 27 35 17 45 31 30 24 47 48 36 12 18 49 41 14 11 4 6 34 1 26 32 40 7 5 
41 40 21 36 31 34 19 5 30 11 46 48 3 35 20 6 9 43 47 37 12 8 26 25 32 44 13 4 27 14 28 33 23 15 1 7 39 16 45 24 10 42 38 29 22 18 49 17 2 
30 33 29 32 22 16 49 41 18 4 31 7 1 6 15 11 27 2 3 14 26 20 24 9 5 23 36 48 34 42 21 10 8 45 43 40 47 12 38 44 19 17 28 25 13 39 37 35 46 
26 12 46 14 20 17 7 13 33 24 49 19 32 27 5 28 48 36 41 29 22 30 42 40 10 39 21 47 11 4 35 25 18 38 16 2 37 1 9 15 23 34 8 45 43 6 31 3 44 
6 2 47 35 48 4 13 28 39 17 42 38 25 44 45 23 1 34 10 18 31 29 41 46 12 49 14 7 9 32 19 37 40 22 3 30 8 5 33 20 26 43 27 36 24 15 16 21 11 
43 38 19 9 33 47 32 21 27 28 3 13 36 24 1 37 14 16 30 25 8 48 11 22 18 31 4 10 35 29 44 5 42 17 46 45 41 2 26 39 12 49 7 20 15 40 34 6 23 
49 39 5 3 46 30 28 38 4 23 6 44 17 41 18 36 7 42 34 11 47 13 9 29 20 26 25 19 22 8 15 32 1 40 33 27 21 43 37 16 35 10 31 14 12 48 24 2 45 
21 27 18 37 40 13 26 7 11 8 30 31 49 45 39 46 35 6 29 2 3 41 12 33 47 14 38 44 19 34 23 36 20 48 4 9 42 17 24 25 15 22 32 5 28 16 1 10 43 
17 31 20 41 44 7 10 42 34 1 39 29 9 2 12 38 21 28 33 15 32 45 43 6 3 24 23 5 25 11 18 16 14 27 26 13 40 19 8 36 48 4 37 35 46 49 30 47 22 
34 16 23 4 24 36 2 32 35 48 12 25 26 5 13 43 45 17 22 10 19 15 40 21 49 46 8 1 41 28 7 6 37 3 39 31 14 30 20 33 47 18 42 27 11 9 29 44 38 
35 14 12 25 29 48 6 47 19 43 33 22 40 15 23 20 5 26 4 31 44 42 27 7 30 2 37 16 49 21 45 13 9 10 24 46 28 32 34 1 38 11 3 17 36 41 39 8 18 
1 42 22 8 11 45 15 37 16 18 10 46 14 20 24 41 40 9 27 49 48 39 34 36 17 28 35 32 38 43 12 2 30 47 31 3 29 23 6 7 44 5 26 19 21 33 25 4 13 
42 28 8 40 30 26 36 20 13 7 4 5 37 39 11 9 25 23 43 32 1 46 48 18 33 12 41 31 14 38 2 49 29 34 27 15 6 44 22 45 17 24 47 21 35 3 19 16 10 
25 43 14 7 47 6 23 11 26 9 27 10 29 49 28 30 38 45 31 33 24 21 32 35 4 36 15 3 20 16 48 22 17 42 8 12 46 34 1 13 39 19 41 40 5 2 44 18 37 
2 44 41 17 15 27 34 33 28 40 14 36 24 25 21 22 10 8 35 6 20 38 49 39 23 19 7 42 3 1 5 43 47 18 13 4 11 9 30 26 16 37 48 46 31 45 32 29 12 
29 37 24 16 45 49 1 17 38 44 18 23 41 47 48 2 3 19 12 39 14 9 13 34 25 5 10 26 28 46 36 4 15 32 11 35 43 21 40 31 42 20 33 6 30 22 7 27 8 
20 4 35 48 9 18 12 34 6 21 8 32 42 16 29 15 46 47 49 36 5 22 17 37 45 27 1 43 40 33 31 41 19 44 30 14 10 7 23 38 2 3 39 13 25 26 11 24 28 
22 21 33 39 32 5 3 31 46 15 19 45 35 30 16 44 34 13 7 27 17 11 20 2 24 40 29 8 6 12 26 9 10 23 37 49 48 25 28 41 18 47 36 38 4 1 14 43 42 
19 10 31 11 13 38 46 12 22 3 2 1 48 43 40 18 42 37 26 41 4 6 47 44 14 16 30 28 45 25 39 35 21 24 7 8 32 33 29 5 27 36 23 15 17 34 20 49 9 
12 19 44 47 16 37 31 22 24 27 35 4 8 9 3 14 13 18 6 40 45 36 33 32 42 48 28 39 1 15 38 46 34 26 21 20 25 49 43 23 11 7 29 2 41 10 17 5 30 
32 29 39 10 38 33 9 26 7 12 44 21 47 42 37 31 4 25 11 23 46 5 19 17 41 43 24 30 36 2 40 20 16 49 45 48 1 15 18 8 14 27 6 28 34 35 22 13 3 
40 49 3 42 23 20 24 46 17 2 1 43 30 34 35 10 8 15 44 16 28 47 14 13 29 11 6 38 12 27 33 18 7 5 41 26 45 4 36 21 22 9 19 39 37 31 48 25 32 
5 13 34 28 6 11 4 36 48 37 15 18 23 33 30 7 19 39 9 17 29 31 3 20 8 22 45 35 47 44 32 24 25 14 42 10 16 46 41 12 40 2 21 26 49 43 27 38 1 
45 35 30 26 27 15 41 16 20 6 25 49 28 40 43 47 36 22 21 5 42 34 1 23 46 7 2 18 48 9 37 8 13 29 10 19 38 39 17 3 31 32 24 44 33 4 12 11 14 
8 1 17 2 7 21 25 3 29 14 13 11 31 38 32 27 26 33 48 20 41 10 4 12 15 9 16 49 43 19 6 23 39 28 22 34 5 35 44 37 24 30 45 18 42 46 36 40 47 
18 46 48 43 36 14 22 19 32 5 45 41 39 10 2 34 12 38 24 1 49 27 44 26 37 25 40 21 17 31 4 11 3 30 35 47 33 29 42 6 28 13 15 7 20 23 8 9 16 
44 47 32 34 35 3 18 8 40 41 48 15 16 13 33 1 22 4 23 24 11 19 29 31 36 17 20 25 42 7 14 21 49 2 28 5 27 45 12 10 43 26 9 30 6 37 38 46 39 
31 23 7 5 25 41 45 30 2 42 20 6 38 29 14 17 28 12 19 44 18 35 10 8 16 4 3 15 46 37 22 1 24 39 36 32 9 47 48 40 33 21 13 49 27 11 43 34 26 
16 11 49 19 4 10 42 9 36 22 26 24 43 17 25 39 37 29 46 48 35 40 21 38 13 41 27 12 30 47 8 3 6 33 23 44 34 18 15 28 7 1 5 32 2 14 45 20 31 
9 8 13 20 37 12 30 18 31 49 32 28 33 21 36 40 47 10 15 45 27 14 7 24 2 34 39 46 5 35 25 26 38 43 48 16 4 3 11 42 6 29 17 22 19 44 23 1 41 
15 17 38 21 1 28 27 14 44 35 11 39 7 46 26 16 41 32 20 9 30 43 23 49 48 37 5 6 10 45 34 19 4 31 18 36 24 22 13 2 8 25 40 47 3 12 42 33 29 
14 48 6 24 39 22 40 27 37 10 5 12 45 1 49 42 43 3 2 34 21 26 18 30 28 33 47 11 32 13 17 29 44 9 20 23 35 31 19 46 41 38 16 8 7 36 4 15 25 
36 26 43 46 2 29 33 23 3 25 47 34 19 4 38 5 31 7 13 8 6 1 45 42 9 32 44 22 15 41 11 27 12 16 40 37 20 14 49 17 30 39 35 10 18 21 28 48 24 
39 36 10 15 14 40 43 24 12 26 23 42 11 18 46 45 33 5 1 28 25 4 6 27 7 13 22 29 2 49 3 34 35 41 9 17 44 38 31 30 37 16 20 48 32 8 47 19 21 
4 24 28 23 18 35 11 44 15 20 22 8 2 32 47 29 30 31 14 3 36 49 25 5 34 21 48 17 37 39 16 40 33 1 19 6 7 26 10 43 45 12 46 41 9 38 13 42 27 
33 34 27 22 42 25 5 48 10 30 43 47 21 7 6 26 2 35 18 13 37 28 16 41 38 1 9 14 23 36 29 45 32 8 17 39 19 20 3 4 49 46 11 31 44 24 15 12 40 
47 3 2 6 49 19 21 45 9 31 37 17 46 28 4 24 16 48 40 38 15 32 39 10 35 8 12 36 13 18 20 42 11 25 44 33 22 27 5 34 29 41 14 43 1 30 26 23 7 
13 20 26 12 17 46 29 1 41 39 16 14 4 19 42 8 44 49 32 43 34 37 31 15 40 47 18 33 24 10 27 30 22 7 38 11 2 48 21 35 9 23 25 3 45 28 5 36 6 
37 32 45 44 41 31 16 6 25 34 38 35 13 3 7 19 20 27 17 22 9 23 2 11 26 30 42 24 21 48 43 28 46 12 5 1 15 8 47 14 36 40 49 4 10 29 18 39 33 
38 7 1 30 8 9 48 49 5 33 29 40 27 36 10 21 11 41 39 12 23 44 46 3 19 45 43 20 26 6 47 14 31 4 15 42 18 24 25 32 13 28 22 34 16 17 2 37 35 
################proper############## 

 average_time = 1.512023 

 success runs = 1 

 total average iters = 100929.000000 
