Success!!! 
 
 max_col = 
 49 
 
 run_time = 
 0.879116 
 
 once iters = 
 43549 
 
5 30 3 10 41 7 25 48 23 20 1 32 44 6 2 12 17 28 45 13 27 31 47 24 8 37 34 46 18 35 39 9 4 15 49 14 33 29 21 42 11 36 40 16 43 38 19 26 22 
43 35 1 17 2 13 14 11 25 3 31 22 42 9 38 24 18 36 46 20 19 26 41 5 10 48 45 49 21 32 23 34 16 29 27 47 8 30 37 40 44 7 6 4 33 39 28 15 12 
15 4 48 38 45 31 46 30 49 40 29 21 43 17 8 41 5 33 23 37 3 12 7 18 39 16 36 25 26 13 11 6 22 44 28 24 27 34 35 9 1 19 47 20 42 2 14 10 32 
22 19 23 16 26 9 42 46 5 36 37 7 8 33 4 29 10 47 32 49 1 20 13 21 35 43 44 6 38 25 3 31 2 14 40 12 41 39 45 17 28 15 18 11 27 48 30 34 24 
44 8 12 39 47 33 27 45 2 15 24 34 18 4 48 11 6 40 42 9 25 32 23 29 14 28 17 38 10 30 1 19 36 20 5 22 46 26 43 49 16 3 31 37 7 41 13 21 35 
29 11 49 28 32 34 18 26 16 14 47 38 39 41 7 43 21 31 35 30 22 42 4 19 15 2 27 40 37 17 12 46 33 48 24 10 5 6 23 13 25 20 44 9 1 3 36 8 45 
24 40 21 37 36 6 20 12 13 19 10 28 27 35 39 15 26 34 44 14 16 3 11 30 33 22 1 9 8 7 45 41 43 42 47 18 38 2 31 48 32 4 23 49 46 5 25 17 29 
32 3 5 31 19 30 40 38 17 4 25 6 23 16 34 2 49 18 48 33 8 28 15 11 45 36 43 21 35 1 13 22 37 47 41 44 26 42 27 14 12 24 46 39 20 10 29 7 9 
11 45 46 6 9 42 48 41 8 18 43 27 1 24 5 39 7 35 4 32 28 10 49 26 44 3 29 13 30 31 17 36 20 12 15 38 16 19 40 23 37 33 34 2 22 47 21 25 14 
34 12 14 27 38 35 21 44 10 42 32 9 28 37 47 30 43 6 15 29 40 4 25 22 41 46 20 39 16 3 19 11 23 45 33 8 1 7 2 36 48 18 5 17 31 24 26 13 49 
41 20 17 36 13 24 4 35 7 5 49 47 29 34 19 22 11 26 31 16 10 23 9 27 32 33 48 12 14 40 18 8 38 2 46 15 21 45 39 28 30 25 37 6 3 1 42 44 43 
8 43 7 23 15 28 39 3 46 26 2 20 22 14 17 25 42 13 36 45 24 1 40 34 16 19 18 37 48 10 44 32 21 27 29 6 49 5 47 31 9 35 30 38 12 4 41 11 33 
1 37 18 22 44 2 16 15 39 13 33 36 11 12 21 27 14 38 9 3 20 30 31 6 5 47 35 42 34 24 7 49 26 25 4 41 17 32 46 43 29 10 19 45 48 28 8 40 23 
33 47 29 26 25 10 49 19 31 21 48 30 40 45 46 44 1 41 37 12 23 17 14 2 38 7 24 8 5 39 42 43 28 6 9 34 22 13 4 20 3 11 16 18 35 15 27 32 36 
49 41 33 1 42 39 11 8 4 31 19 15 24 18 27 5 23 37 38 48 21 22 43 3 13 17 32 16 36 44 20 45 6 46 12 2 14 47 9 7 35 26 10 25 28 30 34 29 40 
7 18 35 43 12 45 3 16 36 6 38 2 46 10 26 33 40 20 34 4 17 8 24 28 23 25 42 14 41 9 32 47 30 5 1 21 39 37 44 29 15 13 48 19 11 22 31 49 27 
47 10 22 19 27 32 30 20 37 23 35 25 49 39 14 3 45 7 8 6 41 15 29 44 12 4 26 11 42 2 31 18 13 34 21 28 43 36 48 16 40 38 9 33 17 46 5 24 1 
46 21 24 29 8 4 37 17 41 9 3 11 47 26 30 42 39 1 18 22 36 38 34 20 2 35 7 5 49 33 16 28 10 40 48 31 12 25 19 45 27 32 14 43 15 23 44 6 13 
23 38 26 48 14 20 34 40 30 44 12 42 13 29 28 35 46 9 43 47 2 6 33 10 19 31 21 36 24 27 4 39 15 37 25 1 11 49 41 5 17 22 7 3 45 8 32 18 16 
16 9 36 13 40 17 44 5 34 22 28 1 33 27 32 31 15 19 29 25 11 49 48 45 18 39 47 30 43 8 14 26 7 38 35 46 23 24 3 10 20 6 21 12 37 42 4 41 2 
2 15 28 5 6 25 31 21 45 32 14 43 7 48 13 49 16 44 10 24 12 41 46 37 40 1 9 27 23 22 29 3 17 19 11 33 30 4 18 34 8 42 26 47 38 35 39 36 20 
17 16 32 2 3 21 15 37 40 29 44 45 34 46 1 19 12 43 7 8 31 36 22 23 47 6 5 10 25 49 38 4 18 11 30 48 42 27 20 24 39 9 33 41 13 14 35 28 26 
12 31 40 7 5 8 29 10 24 48 41 33 38 32 22 47 4 49 6 35 9 27 28 39 11 21 37 15 44 19 43 13 46 1 20 26 36 16 14 25 34 23 3 30 2 17 45 42 18 
36 22 11 18 43 46 6 47 42 35 21 26 20 7 44 23 29 30 3 27 13 9 19 33 25 38 4 1 39 41 2 16 14 32 34 17 28 10 15 12 5 45 49 8 24 40 37 48 31 
13 49 34 30 4 38 26 22 14 8 27 23 2 25 36 16 41 42 17 39 48 18 45 35 43 20 31 29 3 28 10 15 5 24 6 37 47 44 32 33 46 40 11 1 21 12 7 9 19 
25 24 27 42 10 47 41 43 19 12 11 4 6 13 45 20 37 2 28 21 14 34 3 46 49 30 40 17 31 23 9 33 48 22 26 35 29 18 8 38 7 1 36 32 5 16 15 39 44 
37 14 19 35 48 1 33 28 9 39 15 17 30 49 11 18 24 46 25 5 34 44 26 16 42 13 2 32 12 45 8 27 40 7 36 3 31 21 6 22 41 43 38 29 10 20 23 4 47 
20 39 45 9 23 44 28 18 3 16 36 5 31 1 10 26 33 32 40 38 15 48 8 12 24 14 41 7 17 37 47 29 35 21 42 49 13 11 30 19 4 2 27 46 25 43 6 22 34 
4 26 10 40 17 43 22 31 18 47 20 46 12 19 35 34 9 29 14 23 42 45 27 7 36 44 16 3 32 5 37 24 39 33 13 25 6 28 1 30 38 48 15 21 41 49 11 2 8 
38 2 15 24 33 37 7 36 28 34 30 10 25 8 31 45 20 11 1 17 32 47 5 13 22 18 39 48 46 6 49 21 41 9 14 27 19 35 12 4 43 16 29 44 40 26 3 23 42 
30 42 44 25 18 14 23 2 21 41 17 48 5 11 24 40 36 8 33 46 43 35 32 9 6 49 19 20 4 29 34 10 27 26 7 45 15 3 13 47 22 31 39 28 16 37 1 12 38 
35 28 16 3 1 29 9 39 6 37 42 49 32 44 18 13 38 22 21 19 5 2 10 17 46 41 15 23 40 11 30 12 25 43 45 36 34 8 7 26 24 14 20 27 47 31 48 33 4 
6 27 47 11 20 12 36 13 29 38 40 24 9 15 49 28 25 3 26 10 39 21 1 4 34 8 30 31 19 48 22 2 42 16 18 23 32 41 17 44 33 37 43 7 14 45 46 35 5 
45 13 39 46 49 19 8 23 33 1 4 14 26 22 37 7 48 16 27 41 6 43 12 25 29 11 38 24 47 15 35 44 31 28 3 20 40 9 42 2 21 5 32 36 18 34 10 30 17 
21 48 31 41 34 5 32 7 27 45 16 35 3 43 15 4 2 12 30 44 47 40 37 14 26 42 33 28 1 20 36 17 8 23 38 29 18 46 11 39 10 49 24 13 6 9 22 19 25 
40 33 9 47 7 11 2 25 22 24 18 39 37 5 23 6 35 4 49 1 46 16 21 48 31 10 13 19 28 34 41 14 12 17 44 42 20 15 29 3 36 27 45 26 8 32 43 38 30 
48 5 8 49 46 3 43 32 11 28 45 41 35 20 33 21 13 14 22 42 38 24 6 1 37 34 12 47 7 36 26 40 29 10 19 39 4 17 16 18 2 30 25 23 44 27 9 31 15 
31 17 42 12 37 26 35 34 1 7 23 8 21 2 41 9 3 27 5 36 30 39 44 49 20 15 28 43 13 38 6 25 32 18 16 40 10 48 22 46 45 47 4 24 29 19 33 14 11 
18 1 30 34 16 22 19 49 48 27 9 31 10 38 43 32 8 39 47 15 44 25 2 42 7 29 11 35 20 4 33 37 45 3 23 5 24 12 26 6 14 28 41 40 36 13 17 46 21 
27 29 41 45 39 36 38 33 15 43 13 44 16 47 20 10 34 17 24 7 18 14 30 32 4 40 23 26 2 46 5 48 9 31 8 11 35 1 25 37 19 21 42 22 49 6 12 3 28 
10 25 6 4 21 23 24 42 26 17 46 19 14 40 12 48 28 45 2 11 29 33 36 41 3 9 8 22 15 43 27 1 47 30 39 13 7 31 38 32 49 44 35 5 34 18 20 16 37 
14 44 20 32 28 15 13 4 12 30 6 29 36 3 40 37 19 25 16 31 26 5 17 38 27 45 46 18 11 42 21 35 24 49 22 43 9 33 34 41 23 8 2 48 39 7 47 1 10 
28 32 25 14 35 16 47 27 43 2 7 40 17 36 9 8 44 23 41 26 37 19 38 15 1 12 49 34 22 18 48 42 11 39 31 30 3 20 5 21 6 29 13 10 4 33 24 45 46 
19 7 2 20 22 49 12 1 35 10 34 18 4 31 6 46 27 5 11 28 33 37 42 47 48 32 25 44 9 21 24 38 3 13 17 16 45 23 36 15 26 41 8 14 30 29 40 43 39 
26 46 37 33 31 41 10 29 32 49 22 13 45 23 42 14 47 24 19 34 7 11 35 36 17 5 3 2 6 16 25 30 1 8 43 4 44 40 28 27 18 39 12 15 9 21 38 20 48 
9 23 38 44 24 40 45 14 20 11 5 37 41 28 16 17 22 21 12 18 35 29 39 31 30 27 6 4 33 26 15 7 34 36 10 19 48 43 49 8 13 46 1 42 32 25 2 47 3 
39 6 4 8 30 18 5 9 38 33 26 3 15 42 29 36 31 48 13 40 49 46 20 43 21 24 22 45 27 12 28 23 44 41 2 32 25 14 10 1 47 34 17 35 19 11 16 37 7 
3 34 43 15 29 48 1 6 44 46 39 12 19 21 25 38 30 10 20 2 4 13 16 8 9 23 14 33 45 47 40 5 49 35 32 7 37 22 24 11 42 17 28 31 26 36 18 27 41 
42 36 13 21 11 27 17 24 47 25 8 16 48 30 3 1 32 15 39 43 45 7 18 40 28 26 10 41 29 14 46 20 19 4 37 9 2 38 33 35 31 12 22 34 23 44 49 5 6 
################proper############## 

 average_time = 0.879116 

 success runs = 1 

 total average iters = 43549.000000 
