Success!!! 
 
 max_col = 
 49 
 
 run_time = 
 1.313273 
 
 once iters = 
 69294 
 
32 30 2 47 49 42 38 12 28 31 35 29 9 16 26 45 44 11 23 13 20 14 7 5 19 17 48 37 15 3 46 40 43 33 6 25 34 1 4 41 22 8 36 24 18 39 10 21 27 
17 13 28 31 34 6 43 20 26 22 41 37 15 48 47 1 7 46 5 9 10 12 23 2 32 3 29 11 44 21 19 4 30 38 18 14 24 27 40 42 36 39 16 33 8 45 35 25 49 
36 45 8 10 11 37 44 33 21 38 39 42 43 46 2 32 24 25 18 41 35 20 1 6 47 30 40 34 22 49 27 29 23 13 26 7 48 17 16 3 5 15 28 12 14 19 9 31 4 
27 7 18 19 9 39 29 49 47 2 32 44 1 10 3 16 38 8 37 14 22 33 4 46 45 42 15 13 20 17 36 24 34 25 5 31 43 28 23 35 21 12 26 41 11 40 48 6 30 
12 20 41 5 22 1 35 14 40 6 25 45 24 30 15 48 34 42 49 4 36 8 27 43 10 26 21 38 28 7 9 39 16 11 31 33 29 46 18 32 47 19 3 2 44 13 17 23 37 
48 33 21 3 14 26 40 27 8 7 36 23 18 4 31 19 43 6 29 17 39 44 22 28 25 24 41 16 42 32 1 10 12 2 35 9 45 49 13 30 37 11 20 15 34 46 38 5 47 
25 15 4 16 23 24 46 34 19 17 11 13 3 5 30 33 28 21 12 27 40 36 31 39 49 35 18 9 45 47 8 14 41 48 37 20 2 44 10 6 38 26 32 7 22 43 1 29 42 
34 8 10 49 4 32 7 25 37 13 3 30 21 40 6 24 19 36 28 47 11 35 33 16 48 43 9 23 38 42 44 45 22 41 46 5 31 18 12 39 2 20 1 27 26 17 14 15 29 
14 48 30 26 2 35 13 19 36 41 15 16 6 7 8 9 29 17 25 37 42 1 11 20 39 31 45 24 21 12 40 43 33 4 3 10 27 23 22 47 46 28 49 18 38 32 5 44 34 
37 24 23 22 25 33 16 28 45 32 9 43 35 38 1 5 40 4 31 49 14 42 36 7 26 10 47 3 18 11 13 8 15 20 27 29 41 19 44 21 17 34 6 39 48 2 12 30 46 
31 9 11 38 36 17 19 29 1 23 46 10 5 12 45 44 13 43 32 20 27 6 18 21 34 4 22 49 39 16 47 7 2 26 48 40 30 8 15 33 14 24 25 28 37 42 3 41 35 
41 40 42 45 46 44 20 39 2 14 47 48 26 11 21 10 30 35 7 15 18 17 25 27 12 13 37 5 36 19 34 1 24 28 29 3 32 6 38 16 49 9 33 4 43 23 31 8 22 
47 43 1 12 3 15 28 8 49 34 18 33 27 17 22 23 16 38 26 39 48 46 30 44 29 2 19 41 5 31 35 9 6 32 14 37 11 36 45 4 42 25 7 21 13 20 40 24 10 
29 39 6 18 5 27 21 31 24 4 42 20 22 44 34 12 46 3 41 2 33 15 14 38 40 28 32 8 10 30 37 25 49 23 17 43 7 48 26 13 35 1 19 11 16 36 47 9 45 
33 1 36 32 31 22 14 15 11 18 27 40 13 8 24 25 45 39 19 3 49 48 42 41 43 20 26 6 37 34 12 44 38 9 28 21 10 2 17 46 23 35 30 16 7 4 29 47 5 
7 12 24 25 10 4 3 21 42 45 6 1 30 20 27 41 37 32 36 8 28 49 29 31 23 47 44 39 46 33 18 2 11 19 40 16 13 43 5 48 9 38 22 17 15 14 34 35 26 
30 35 38 37 40 49 23 17 12 26 28 2 31 22 33 42 47 20 13 11 46 24 15 9 21 16 5 14 1 45 4 36 32 10 25 41 8 3 7 34 6 29 18 43 19 44 27 48 39 
26 16 46 21 28 29 9 36 32 25 34 14 38 41 48 43 10 1 6 23 15 13 45 19 18 7 3 17 47 20 30 5 27 35 39 24 12 37 31 22 4 44 40 49 33 11 2 42 8 
2 27 13 41 8 5 45 44 46 29 48 35 49 43 38 7 9 18 40 22 16 11 37 34 30 1 12 4 26 23 6 17 42 24 15 28 19 47 39 36 33 14 31 32 20 3 25 10 21 
43 34 39 44 15 20 18 5 9 16 4 47 10 19 29 14 17 26 21 30 12 40 2 36 28 38 33 35 7 13 3 48 31 22 8 45 42 11 27 25 32 49 23 6 41 24 37 46 1 
6 19 47 42 17 48 11 7 3 39 37 24 23 33 5 2 35 31 44 34 4 27 8 25 46 32 10 22 49 29 16 41 14 21 43 26 20 15 1 18 40 30 38 13 12 28 45 36 9 
5 37 44 15 29 13 39 10 33 20 45 3 28 42 46 34 14 27 9 25 21 43 12 35 7 49 1 31 6 4 48 22 47 40 2 18 23 26 41 17 11 16 24 19 30 38 8 32 36 
10 4 25 46 30 16 42 41 5 1 40 39 37 27 36 38 32 44 2 29 45 21 47 14 24 22 6 18 13 8 17 3 35 49 33 19 15 9 34 43 12 31 48 20 23 7 26 11 28 
21 18 31 20 32 28 1 47 30 48 12 25 4 26 41 11 49 24 22 19 37 34 9 8 38 44 13 46 14 10 23 27 7 16 42 6 36 33 35 45 3 40 39 29 2 5 15 43 17 
45 47 17 40 6 43 26 13 38 19 8 11 32 35 4 28 12 23 15 10 7 3 16 30 33 48 2 27 24 37 41 31 25 36 20 46 21 22 29 44 39 5 34 1 42 9 49 18 14 
38 22 9 11 24 14 8 16 43 49 44 21 2 15 42 31 39 13 1 33 30 23 20 26 17 5 36 25 29 46 32 19 18 34 45 4 28 7 47 27 48 37 10 3 35 6 41 12 40 
23 2 27 33 19 3 49 22 34 36 31 7 17 18 40 20 6 48 35 26 8 45 41 11 37 29 28 10 30 5 39 15 9 43 12 32 1 38 14 24 25 42 47 46 4 21 44 16 13 
35 36 48 7 12 34 41 9 23 46 24 6 14 29 18 47 3 16 43 5 17 39 19 15 42 40 4 32 11 26 38 21 28 44 1 13 49 10 8 20 30 2 45 31 27 22 33 37 25 
28 3 22 23 21 10 36 45 25 47 29 34 48 13 19 26 1 41 27 38 24 5 43 32 4 9 35 44 17 39 7 42 37 15 30 12 6 16 2 14 18 46 8 40 49 33 11 20 31 
13 31 12 39 1 11 33 4 18 30 21 22 16 6 17 46 2 40 34 44 29 47 24 45 8 25 20 48 35 43 49 23 36 27 38 42 9 41 3 19 10 7 5 14 32 37 28 26 15 
24 5 37 43 42 45 32 2 39 35 38 8 46 36 12 49 4 33 20 21 6 10 17 13 22 11 30 15 25 14 26 34 3 47 16 44 40 29 28 31 27 48 41 9 1 18 19 7 23 
49 26 19 27 20 47 2 32 44 43 23 17 7 24 35 15 48 30 11 28 3 18 39 42 14 37 31 36 9 41 10 33 40 29 22 34 5 25 21 1 8 45 13 38 46 16 6 4 12 
8 6 35 29 44 41 25 11 31 3 5 12 40 28 43 22 23 14 39 45 9 19 26 49 16 34 7 1 2 18 20 32 4 46 21 38 33 13 36 37 15 17 42 10 47 48 30 27 24 
9 38 15 30 16 7 34 37 14 33 10 26 42 49 32 18 36 5 47 31 25 41 6 40 3 27 46 12 48 44 28 13 1 8 19 11 35 39 24 23 20 4 43 22 45 29 21 17 2 
40 46 14 17 48 18 4 1 27 15 19 41 20 9 16 37 8 7 10 42 13 38 28 29 2 21 23 33 31 24 45 6 5 12 11 30 47 32 43 49 26 22 35 34 3 25 36 39 44 
3 32 43 1 41 40 15 26 16 5 33 28 8 45 13 30 31 10 48 18 2 29 44 23 35 6 14 20 4 38 24 37 21 17 34 49 46 12 25 9 7 36 11 47 39 27 42 22 19 
39 23 20 8 18 25 27 43 6 42 22 4 36 32 14 29 15 49 38 16 26 9 21 3 1 19 34 2 41 48 5 11 45 31 7 35 44 24 30 10 28 47 17 37 40 12 46 13 33 
11 14 34 2 26 12 31 30 13 24 20 9 39 21 23 3 33 45 46 35 32 28 10 4 27 18 17 47 40 6 25 16 19 42 44 22 38 5 37 29 1 41 15 48 36 8 43 49 7 
19 28 29 24 47 46 5 23 10 37 49 27 25 3 7 36 21 9 17 40 41 16 38 48 11 15 39 45 12 1 22 18 13 30 32 2 14 42 33 8 31 43 44 35 6 26 4 34 20 
22 42 49 4 45 36 6 48 41 44 7 46 29 47 28 27 11 37 24 1 5 31 32 12 13 33 25 43 8 2 15 35 26 3 23 17 39 34 20 40 19 21 14 30 9 10 16 38 18 
44 17 7 48 13 30 10 38 35 40 14 15 12 31 25 6 20 19 42 43 34 37 49 22 5 36 8 26 33 28 29 47 46 39 9 27 3 4 32 11 16 18 2 23 21 1 24 45 41 
16 21 33 9 35 38 37 18 17 11 1 19 34 2 39 4 22 47 8 12 44 7 40 24 41 46 42 30 27 36 43 20 10 14 49 48 26 45 6 15 13 23 29 25 5 31 32 28 3 
18 10 32 14 43 2 12 40 7 27 17 5 41 34 20 39 42 22 45 48 1 30 46 47 9 8 24 19 3 35 21 28 29 6 4 36 16 31 49 38 44 13 37 26 25 15 23 33 11 
20 41 16 36 27 21 17 6 48 10 26 31 33 39 11 13 25 29 14 24 38 2 34 1 15 12 43 40 23 22 42 30 44 37 47 8 4 35 9 7 45 3 46 5 28 49 18 19 32 
4 11 45 34 37 19 24 46 22 9 30 18 47 1 10 8 26 15 3 6 23 25 5 33 44 41 49 28 32 40 31 38 48 7 13 39 17 21 42 2 43 27 12 36 29 35 20 14 16 
1 49 40 13 38 8 47 24 15 21 2 32 45 25 9 35 5 28 16 36 19 22 48 10 20 39 11 42 43 27 14 12 17 18 41 23 37 30 46 26 29 33 4 44 31 34 7 3 6 
15 25 26 28 39 31 30 35 29 8 16 36 44 23 37 21 18 12 33 46 47 4 3 17 6 14 38 7 19 9 11 49 20 45 24 1 22 40 48 5 34 32 27 42 10 41 13 2 43 
46 29 3 35 33 23 48 42 20 28 43 49 19 37 44 40 41 34 4 7 31 32 13 18 36 45 27 21 16 15 2 26 39 5 10 47 25 14 11 12 24 6 9 8 17 30 22 1 38 
42 44 5 6 7 9 22 3 4 12 13 38 11 14 49 17 27 2 30 32 43 26 35 37 31 23 16 29 34 25 33 46 8 1 36 15 18 20 19 28 41 10 21 45 24 47 39 40 48 
################proper############## 

 average_time = 1.313273 

 success runs = 1 

 total average iters = 69294.000000 
