Success!!! 
 
 max_col = 
 49 
 
 run_time = 
 1.718064 
 
 once iters = 
 98776 
 
45 9 48 14 1 19 13 8 2 12 41 26 37 24 17 15 34 46 11 7 3 38 25 43 16 33 35 31 32 21 44 49 39 40 5 22 30 42 10 4 29 23 6 36 28 18 27 47 20 
33 28 18 12 8 16 25 32 4 7 10 44 46 20 13 49 5 29 1 19 2 23 22 30 41 39 40 47 17 36 31 26 6 3 11 34 27 37 15 21 14 9 24 45 43 42 38 35 48 
37 17 32 21 6 24 15 38 34 48 1 29 18 19 22 36 25 20 4 9 16 13 49 42 27 14 8 10 28 43 7 47 33 23 41 46 5 35 3 31 26 45 44 39 40 30 11 12 2 
42 41 4 47 35 5 40 16 15 23 31 49 3 13 39 43 21 32 14 44 26 17 9 48 28 45 34 36 20 24 1 27 10 30 38 18 2 11 12 8 6 25 29 37 19 33 7 46 22 
22 44 20 39 27 38 49 11 33 28 9 36 30 17 8 23 31 6 41 37 18 2 32 21 4 24 19 46 29 34 12 42 15 45 35 48 13 40 7 47 43 16 10 14 26 1 5 3 25 
7 2 30 29 23 11 36 45 22 43 5 35 39 47 10 40 42 28 38 12 27 1 37 6 20 3 18 26 9 48 25 19 14 13 46 33 41 44 49 32 24 17 34 4 31 21 8 15 16 
26 43 31 46 10 34 3 14 40 25 21 6 42 27 48 47 24 30 45 35 33 11 7 44 29 5 15 12 22 37 18 16 8 2 4 20 38 36 28 19 39 1 9 49 13 23 41 32 17 
5 12 34 15 26 40 19 31 30 24 37 41 28 49 25 4 36 9 43 16 7 8 18 14 39 35 3 21 45 1 6 11 22 20 48 10 32 33 2 17 44 47 42 27 46 13 29 23 38 
14 32 7 17 43 42 10 9 46 45 2 23 19 39 33 20 38 5 27 47 1 6 36 28 25 15 22 13 24 26 37 29 34 41 31 30 16 8 4 3 40 35 48 12 11 49 18 21 44 
1 31 2 13 48 49 35 34 44 5 40 20 47 38 24 19 8 37 3 11 23 7 42 17 46 43 4 30 39 33 15 25 18 12 14 41 21 6 45 27 28 29 16 26 9 10 36 22 32 
23 20 37 45 25 33 4 48 16 18 22 14 13 32 6 21 26 44 2 28 49 5 19 27 40 29 41 38 47 42 35 7 9 10 30 24 12 46 31 1 11 36 15 17 34 39 3 8 43 
3 21 24 8 39 18 41 10 27 42 35 15 43 12 46 48 13 17 40 29 22 45 16 47 11 44 2 33 38 32 28 36 19 4 23 37 26 20 25 34 9 49 1 31 30 5 14 6 7 
46 30 16 36 28 29 47 3 25 4 7 11 8 6 14 12 39 41 34 31 15 9 1 26 37 10 49 32 44 27 17 40 21 5 13 38 23 18 22 43 42 48 19 2 45 20 24 33 35 
38 22 6 44 11 27 9 33 17 29 26 21 36 1 35 18 32 10 30 42 45 12 20 24 34 31 48 23 3 16 2 8 46 43 49 39 19 15 13 7 5 14 4 40 41 47 25 37 28 
12 26 21 10 41 30 34 13 6 39 23 24 31 44 49 35 46 47 7 3 9 14 8 18 45 1 36 22 48 11 20 37 28 42 40 16 43 29 5 15 38 19 32 33 27 17 2 25 4 
39 42 49 5 40 1 20 27 36 26 15 19 16 8 38 37 33 13 6 45 34 47 43 32 48 30 21 25 12 46 4 24 2 29 17 35 28 23 44 14 22 10 18 41 7 3 9 11 31 
9 18 23 6 16 47 37 7 21 34 38 5 48 3 15 8 29 36 22 32 39 20 11 46 10 2 33 4 43 19 27 41 25 31 44 17 40 13 26 24 1 42 49 28 35 45 12 14 30 
25 35 3 7 2 36 38 46 1 14 11 12 22 9 16 26 4 40 31 30 24 41 17 34 44 28 29 27 23 15 10 13 49 21 8 45 6 32 18 20 37 33 5 42 48 43 19 39 47 
19 46 28 4 32 8 11 25 43 49 20 10 29 40 12 5 27 42 17 14 41 37 31 35 24 13 7 39 33 18 45 6 47 38 16 2 36 48 34 9 3 30 22 21 23 15 1 44 26 
13 48 29 33 31 45 43 42 32 17 30 2 4 28 21 44 19 1 18 20 11 49 5 23 15 6 26 40 14 9 36 3 35 39 22 47 8 25 27 41 12 7 37 34 38 46 10 16 24 
27 14 17 24 22 15 44 41 35 33 18 47 45 37 43 2 28 48 25 23 10 3 12 38 42 19 16 9 7 30 5 32 26 34 1 4 31 39 21 46 49 11 8 13 29 40 6 20 36 
43 34 5 1 33 44 12 6 29 22 49 32 25 10 7 38 35 11 16 21 8 28 46 4 23 36 20 14 31 17 39 30 48 26 27 40 18 3 24 42 45 37 2 15 47 9 13 19 41 
6 3 19 23 21 25 8 4 11 20 45 40 33 5 26 31 41 2 48 34 17 27 39 13 30 49 47 43 35 38 9 18 24 7 36 32 15 12 29 16 46 22 14 1 44 37 28 42 10 
30 7 38 27 42 17 39 19 14 8 28 18 44 26 47 13 22 25 10 49 4 32 2 45 12 37 9 6 40 41 43 20 3 46 15 23 35 21 1 48 36 5 31 29 33 34 16 24 11 
10 15 9 48 14 32 22 21 41 16 46 13 38 23 20 6 45 43 36 18 30 44 24 11 31 8 1 35 2 47 29 28 42 37 19 7 17 27 33 26 4 34 25 3 5 12 39 40 49 
49 4 40 20 29 46 2 15 37 9 47 27 17 30 32 14 23 12 33 24 5 42 34 3 18 26 38 7 16 13 21 44 1 8 25 28 11 31 41 10 19 39 36 22 6 48 35 43 45 
18 47 45 26 24 35 31 43 7 3 36 42 34 48 1 28 37 39 19 40 46 33 41 15 17 16 25 29 6 22 23 12 5 11 10 44 49 14 9 2 13 38 20 8 21 32 30 4 27 
11 13 36 41 37 28 16 1 31 2 24 39 12 35 3 42 9 27 44 15 29 48 10 22 21 40 5 19 49 45 33 34 4 14 32 8 20 47 43 30 25 6 7 46 17 38 23 26 18 
2 49 27 22 34 12 42 37 18 21 13 46 1 43 5 39 6 16 29 33 28 30 15 10 32 47 11 24 41 3 48 38 23 19 45 31 9 4 36 40 35 44 26 25 14 7 20 17 8 
47 40 46 11 3 26 48 44 24 19 29 17 35 16 4 10 20 18 49 2 37 22 28 36 38 12 31 34 15 8 13 1 30 25 7 21 14 41 6 23 33 32 39 5 42 27 43 45 9 
21 39 1 31 38 20 23 30 49 15 4 9 5 33 19 25 43 3 32 27 12 29 35 16 7 41 6 8 42 28 40 14 17 22 18 13 10 24 47 45 34 26 11 48 2 44 46 36 37 
29 6 13 18 30 43 28 22 47 10 25 7 27 41 36 9 14 38 15 26 35 39 23 49 1 42 44 45 37 5 34 21 16 32 2 11 46 17 20 12 48 8 33 24 4 19 40 31 3 
41 45 44 37 36 10 33 23 48 6 3 8 2 14 34 11 30 22 24 46 40 21 4 25 43 17 13 18 26 31 47 39 20 35 9 1 29 19 42 5 7 27 12 16 49 28 32 38 15 
35 24 15 19 5 9 32 39 26 38 34 45 11 36 31 1 17 7 42 8 21 40 27 33 14 20 37 48 4 44 49 46 12 6 43 25 3 22 16 28 30 2 23 10 18 29 47 41 13 
4 25 8 16 17 7 14 40 28 32 12 31 20 42 23 41 44 45 47 13 48 19 3 2 26 9 46 5 27 29 11 10 36 33 24 43 37 38 39 49 18 15 35 30 22 6 21 34 1 
34 16 10 2 9 41 21 47 8 30 27 33 14 29 42 45 7 15 12 5 43 26 44 37 35 22 39 17 19 4 24 23 40 48 20 3 25 1 46 38 32 18 28 11 36 31 49 13 6 
44 29 12 49 7 39 30 24 19 36 17 43 15 45 2 3 18 8 37 22 14 46 48 1 13 11 27 20 21 25 16 31 38 9 6 5 4 28 35 33 23 40 41 47 32 26 42 10 34 
20 8 11 32 4 3 5 18 23 31 39 37 9 25 41 30 48 35 26 6 44 24 14 40 33 21 28 49 46 10 42 43 27 15 34 12 7 16 17 36 47 13 45 38 1 2 22 29 19 
28 27 25 42 13 48 17 49 38 1 44 22 7 46 40 33 10 4 21 36 20 18 45 8 2 23 32 3 11 14 26 5 29 47 37 9 24 34 19 6 31 41 43 35 39 16 15 30 12 
24 37 33 38 46 6 26 5 20 13 48 28 32 11 9 29 16 31 23 1 25 34 47 41 19 4 12 15 36 2 8 35 45 17 39 49 42 10 30 22 27 43 40 7 3 14 44 18 21 
31 19 43 40 15 23 18 26 10 35 16 4 21 2 28 32 49 34 13 17 47 25 6 5 36 38 30 42 1 7 3 22 41 44 12 14 39 45 11 29 8 20 46 9 37 24 48 27 33 
36 1 22 35 47 14 45 12 42 40 6 3 41 34 27 46 11 24 39 38 19 10 29 31 9 7 43 16 30 49 32 33 13 18 28 26 48 2 37 44 15 21 17 20 25 8 4 5 23 
16 33 39 28 44 31 6 36 5 41 8 1 10 22 30 17 15 19 9 4 32 43 40 7 49 46 42 11 25 12 38 2 37 27 47 29 34 26 23 13 20 3 21 18 24 35 45 48 14 
17 5 35 3 20 21 7 29 39 27 32 25 40 15 45 22 12 14 8 10 13 4 33 19 47 34 23 41 18 6 46 48 44 24 26 36 1 9 38 37 2 28 30 43 16 11 31 49 42 
40 11 26 34 49 13 29 17 9 47 43 38 6 4 37 24 3 23 46 48 31 36 21 20 5 25 14 2 10 35 41 45 7 1 42 15 44 30 32 18 16 12 27 19 8 22 33 28 39 
8 10 42 9 12 22 1 2 3 11 14 34 23 31 18 27 47 26 35 25 36 15 38 29 6 32 45 28 5 40 30 4 43 16 21 19 33 49 48 39 17 24 13 44 20 41 37 7 46 
15 23 14 25 18 2 27 28 45 37 33 16 24 21 11 34 40 49 20 43 38 31 30 9 3 48 10 44 13 39 19 17 32 36 29 42 22 7 8 35 41 46 47 6 12 4 26 1 5 
32 38 41 30 45 4 24 35 13 46 19 48 49 18 44 7 1 21 5 39 42 16 26 12 22 27 17 37 8 20 14 9 11 28 33 6 47 43 40 25 10 31 3 23 15 36 34 2 29 
48 36 47 43 19 37 46 20 12 44 42 30 26 7 29 16 2 33 28 41 6 35 13 39 8 18 24 1 34 23 22 15 31 49 3 27 45 5 14 11 21 4 38 32 10 25 17 9 40 
################proper############## 

 average_time = 1.718064 

 success runs = 1 

 total average iters = 98776.000000 
