Success!!! 
 
 max_col = 
 49 
 
 run_time = 
 1.654975 
 
 once iters = 
 102822 
 
15 49 26 13 34 45 5 43 19 11 31 25 46 44 28 17 48 38 29 33 39 20 36 4 41 47 6 24 7 3 30 22 23 2 35 8 12 10 1 16 14 42 21 18 9 37 40 32 27 
30 37 24 35 6 20 44 47 32 28 27 4 12 33 19 26 18 7 9 45 34 15 3 42 39 43 49 21 1 10 5 40 46 8 48 23 31 29 38 41 13 22 36 25 17 16 2 11 14 
9 46 41 31 10 47 39 40 3 1 29 14 35 48 5 24 43 11 8 49 36 2 7 22 23 16 18 37 12 13 26 38 17 32 6 25 20 21 27 4 33 19 15 44 34 28 42 30 45 
27 33 36 40 42 23 48 7 15 18 39 13 38 24 31 20 37 3 4 2 22 12 9 11 44 10 26 46 49 25 34 21 16 14 19 35 28 32 45 6 17 30 41 29 47 43 8 5 1 
8 11 25 7 28 17 4 41 22 5 26 9 2 36 6 21 30 35 10 16 14 32 19 27 48 38 40 1 37 42 47 45 29 31 43 49 34 18 46 15 3 44 20 23 12 33 13 24 39 
19 3 2 38 1 29 22 8 6 42 20 16 34 21 44 47 15 13 32 12 23 5 33 17 45 30 14 25 28 18 39 27 11 41 36 37 40 43 24 7 26 9 4 49 46 35 31 10 48 
43 14 12 32 21 16 18 30 37 23 45 10 49 17 41 1 40 25 27 46 42 13 31 29 34 8 35 28 44 9 4 20 24 15 33 47 2 11 39 48 5 36 22 38 26 19 3 7 6 
49 26 15 45 37 9 20 11 2 10 42 22 29 46 43 40 35 48 19 30 3 47 16 5 13 36 8 32 24 7 6 33 38 39 12 18 1 17 44 25 41 27 31 28 23 34 14 4 21 
14 36 17 30 25 48 27 19 45 9 38 23 4 7 8 15 1 18 24 26 5 42 41 35 21 22 29 40 34 32 31 16 3 37 44 12 33 2 20 28 39 6 47 43 13 49 11 46 10 
21 19 1 34 46 3 13 20 35 49 40 47 5 32 22 10 38 12 33 42 4 11 24 39 6 18 27 30 23 48 17 2 45 26 28 14 9 15 31 36 7 43 16 37 41 8 25 29 44 
16 23 22 33 43 11 38 15 24 26 30 8 27 6 25 44 39 14 21 13 41 28 10 31 7 46 34 4 29 20 9 36 18 49 5 32 47 35 40 37 48 45 19 17 2 12 1 3 42 
2 35 44 47 7 24 8 37 34 33 3 28 36 41 29 23 31 27 11 17 9 1 48 12 25 15 38 49 14 19 46 43 42 21 40 10 30 26 4 13 22 16 6 5 39 20 32 45 18 
42 41 5 28 31 4 12 25 48 39 1 17 21 18 7 2 49 6 34 32 16 3 20 45 14 37 43 44 15 47 13 10 27 22 11 19 29 46 23 24 38 8 35 26 40 9 30 36 33 
6 39 18 10 40 32 29 44 12 16 43 31 14 13 46 28 20 37 45 36 47 19 2 23 17 33 9 26 30 8 25 4 41 35 1 21 11 5 42 3 49 34 27 7 24 48 38 15 22 
7 28 14 25 30 44 19 33 47 41 15 32 9 29 23 4 27 24 3 10 11 38 46 40 37 21 42 45 35 43 16 39 48 5 8 17 18 31 22 20 6 1 34 13 36 26 49 12 2 
26 27 49 36 13 15 43 14 20 38 10 3 25 37 30 35 46 17 41 6 31 39 47 16 9 24 44 2 11 45 21 18 22 34 7 42 5 8 19 40 12 33 28 1 29 4 23 48 32 
1 48 29 23 41 10 46 5 18 45 17 2 11 28 34 9 7 19 13 40 12 14 26 33 27 35 31 8 6 36 32 37 4 44 42 15 24 30 43 38 21 49 25 16 3 47 39 22 20 
47 9 3 4 8 34 45 27 40 13 46 36 44 30 32 39 21 5 43 1 28 48 18 19 20 25 22 17 38 12 33 49 26 29 2 11 10 16 35 14 37 23 24 6 15 7 41 42 31 
32 22 31 11 2 35 37 34 23 19 16 42 24 39 14 8 29 36 15 20 33 41 6 30 5 49 12 43 17 28 3 46 1 10 13 7 48 4 47 26 9 25 18 21 27 44 45 38 40 
40 17 33 16 38 42 21 48 4 31 6 12 8 1 2 18 44 49 22 47 26 10 13 7 36 3 15 11 25 24 19 30 20 27 23 41 45 28 34 39 32 29 43 14 35 46 5 37 9 
39 20 6 18 12 5 24 26 21 35 7 43 22 49 38 16 45 42 37 48 25 4 1 28 29 34 32 23 41 31 14 9 15 40 47 2 44 3 36 27 46 13 33 10 30 17 19 8 11 
4 25 23 46 17 40 30 42 41 27 12 34 1 11 49 36 26 10 31 28 2 37 29 48 33 6 20 35 21 16 8 7 32 38 9 39 22 44 14 5 47 18 13 3 45 15 43 19 24 
33 10 37 20 27 8 31 39 16 47 25 40 48 2 24 46 3 45 44 35 15 23 17 34 49 1 41 19 13 4 43 5 36 11 18 26 6 9 28 29 42 32 38 22 7 14 12 21 30 
11 7 21 19 24 49 6 17 13 44 33 5 3 23 4 42 47 22 38 9 32 46 45 14 43 26 30 18 39 41 29 28 34 48 25 36 15 1 2 35 16 12 8 27 10 31 20 40 37 
28 2 45 9 29 1 14 31 10 32 37 15 18 35 48 6 11 41 20 7 27 40 39 13 24 5 3 22 46 49 23 26 12 17 30 43 8 33 21 19 34 38 42 36 4 25 16 44 47 
12 43 35 44 36 18 42 49 38 29 4 30 26 9 1 19 5 21 39 8 13 27 11 15 47 28 16 7 20 40 37 14 6 3 22 45 46 24 41 31 25 10 32 34 33 23 48 2 17 
48 15 39 3 22 38 32 36 46 43 28 24 7 14 16 29 34 30 12 37 18 8 25 21 10 9 4 31 33 44 2 42 47 19 45 40 17 13 49 23 27 20 26 11 6 5 35 1 41 
5 47 16 41 26 13 34 21 8 22 19 6 20 45 40 14 25 33 17 23 43 36 38 32 12 44 2 42 31 27 24 35 10 1 15 30 7 48 3 11 4 37 39 9 49 18 29 28 46 
45 30 40 15 20 39 33 2 5 4 48 1 41 47 27 11 28 26 18 14 6 16 37 8 46 29 36 9 43 21 38 24 44 7 17 22 49 25 12 34 35 31 3 42 19 32 10 13 23 
35 29 7 21 23 28 10 3 33 34 44 26 19 42 12 38 36 1 30 24 37 49 5 6 18 41 45 14 8 22 27 48 9 47 20 13 4 39 16 32 43 17 2 46 11 40 15 31 25 
41 6 11 1 18 14 36 32 27 15 13 37 31 10 17 49 22 2 35 44 21 43 42 47 3 48 25 38 45 33 12 34 40 23 16 24 19 7 29 8 30 46 9 20 5 39 4 26 28 
13 5 4 17 9 31 3 22 7 25 35 29 39 20 15 41 8 46 47 43 48 34 27 1 19 40 21 12 26 2 42 32 28 36 14 44 37 23 10 33 18 11 45 24 16 30 6 49 38 
38 32 46 37 47 26 16 6 43 24 36 18 30 8 20 5 9 40 7 25 45 35 22 44 11 13 23 39 10 29 49 31 19 4 3 1 42 14 15 2 28 48 17 33 21 41 27 34 12 
22 34 8 42 48 12 49 28 14 46 11 45 16 38 33 3 4 31 23 39 19 17 30 10 32 2 24 20 5 15 1 13 25 6 41 27 21 40 9 47 36 26 37 35 18 29 44 43 7 
24 44 43 27 19 25 2 9 49 12 23 21 17 40 10 13 32 16 42 34 29 33 4 26 31 7 28 15 18 46 35 11 37 30 39 3 41 38 6 45 20 5 14 48 1 22 36 47 8 
31 42 47 29 49 7 26 18 28 20 2 19 33 3 11 32 41 4 25 22 1 24 23 46 40 17 37 5 36 35 15 12 30 43 10 48 27 6 13 9 45 14 44 39 8 38 21 16 34 
10 13 27 14 15 30 11 35 26 36 9 48 32 12 39 43 23 8 28 5 46 18 49 2 42 20 19 34 4 38 7 41 33 45 21 16 3 22 25 17 44 47 1 40 31 24 37 6 29 
44 40 34 6 5 37 1 16 17 14 49 41 45 25 3 48 10 9 36 21 24 7 35 38 4 32 33 29 22 39 11 8 2 28 27 31 26 42 30 46 19 15 23 12 20 13 47 18 43 
3 45 19 8 35 46 9 4 1 30 21 38 42 22 18 37 6 34 40 29 44 31 14 25 26 12 48 10 16 17 20 47 49 13 24 33 23 41 11 43 2 39 5 32 28 36 7 27 15 
23 12 28 39 33 21 41 46 31 37 24 7 10 34 45 27 42 47 16 38 30 9 44 43 15 11 13 6 19 26 18 1 5 25 32 29 36 20 8 49 40 35 48 4 14 2 22 17 3 
18 24 38 48 16 43 25 13 29 8 5 11 15 27 26 33 17 20 2 31 35 45 21 3 22 39 47 36 40 6 44 23 14 46 37 28 32 34 7 12 1 4 49 30 42 10 9 41 19 
36 4 20 22 32 2 17 23 39 40 47 44 6 43 13 7 12 15 14 19 49 30 8 41 28 27 1 16 9 34 48 3 31 42 29 5 38 37 18 10 24 21 46 45 25 11 33 35 26 
37 8 32 26 14 6 47 24 25 17 41 35 43 5 36 30 33 23 1 27 20 29 40 18 38 45 7 3 2 11 22 19 13 12 34 9 16 49 48 42 15 28 10 31 44 21 46 39 4 
29 18 9 5 45 36 40 38 44 48 14 49 23 16 47 31 24 32 6 15 7 22 34 37 2 19 11 27 42 1 28 25 35 20 4 46 39 12 17 21 10 41 30 8 43 3 26 33 13 
17 38 42 2 3 22 15 1 9 21 32 46 40 4 37 45 13 39 5 18 8 6 43 20 30 14 10 33 47 23 36 29 7 16 31 34 35 19 26 44 11 24 12 41 48 27 28 25 49 
34 1 10 24 4 27 7 45 30 2 8 39 28 19 9 25 16 29 26 3 38 44 12 49 35 23 5 13 48 37 41 6 21 33 46 20 43 47 32 18 31 40 11 15 22 42 17 14 36 
25 16 30 43 11 19 35 10 36 7 18 20 37 26 42 12 2 44 46 41 17 21 28 24 1 31 39 48 32 14 45 15 8 9 49 4 13 27 33 22 29 3 40 47 38 6 34 23 5 
46 31 48 12 39 41 23 29 42 3 22 33 13 15 21 34 14 28 49 11 40 26 32 9 16 4 17 47 27 30 10 44 43 24 38 6 25 36 5 1 8 2 7 19 37 45 18 20 35 
20 21 13 49 44 33 28 12 11 6 34 27 47 31 35 22 19 43 48 4 10 25 15 36 8 42 46 41 3 5 40 17 39 18 26 38 14 45 37 30 23 7 29 2 32 1 24 9 16 
################proper############## 

 average_time = 1.654975 

 success runs = 1 

 total average iters = 102822.000000 
