Success!!! 
 
 max_col = 
 49 
 
 run_time = 
 2.714558 
 
 once iters = 
 204063 
 
30 43 20 37 31 33 27 39 4 34 7 48 40 44 16 9 29 26 8 36 1 42 38 12 2 23 17 6 25 45 10 22 35 11 3 41 15 32 18 24 21 47 13 14 46 19 5 49 28 
23 46 16 21 40 18 8 36 9 37 12 5 45 42 47 33 6 38 10 22 48 25 32 41 24 35 4 11 49 20 44 17 15 19 31 28 3 30 14 13 34 7 27 39 29 43 26 1 2 
41 47 34 26 2 19 44 3 8 17 16 15 18 29 46 39 45 49 35 11 25 14 48 13 20 37 9 28 32 4 27 30 38 42 5 1 23 12 6 36 43 40 33 31 7 24 22 21 10 
24 36 28 3 4 9 1 38 13 22 27 49 46 6 43 32 30 2 5 34 18 15 19 21 40 16 45 47 7 14 23 12 39 41 29 26 33 42 25 10 31 17 44 35 8 48 11 20 37 
12 29 22 42 32 11 15 24 30 1 31 25 35 14 13 20 7 17 27 37 4 33 10 8 18 5 26 43 28 46 40 34 36 21 6 9 44 39 48 19 2 49 47 41 23 3 16 45 38 
38 7 14 39 10 6 35 23 28 19 33 26 47 2 31 21 41 24 12 42 44 46 49 3 30 29 36 34 1 37 18 48 13 43 16 8 11 45 20 27 22 5 17 40 4 15 9 25 32 
49 13 5 25 45 17 48 41 21 43 20 32 11 10 14 40 28 15 19 23 3 7 31 39 27 22 44 1 26 24 2 8 9 47 33 38 16 37 4 35 46 29 30 18 34 12 6 42 36 
16 24 27 5 17 43 10 49 34 26 1 2 22 39 12 14 31 21 42 47 9 19 40 38 46 6 11 25 15 7 30 28 32 35 23 20 29 33 13 45 18 37 8 48 41 4 44 36 3 
35 30 37 15 20 13 25 6 14 33 42 27 19 3 22 29 4 44 11 46 38 45 36 23 43 34 28 8 39 18 31 40 5 49 21 47 41 17 16 48 24 1 9 32 12 2 10 26 7 
33 6 19 45 11 44 49 12 29 38 46 9 28 31 15 1 23 20 18 48 30 41 37 24 35 32 2 10 3 36 25 4 17 27 34 5 7 26 21 14 39 8 43 22 47 40 42 13 16 
39 38 42 12 23 8 14 7 41 20 48 18 21 17 36 28 35 43 24 25 19 29 4 47 1 3 13 30 2 26 45 37 22 16 44 34 46 31 40 9 32 10 49 15 5 33 27 6 11 
21 31 32 46 41 40 3 16 25 15 47 35 4 45 5 17 34 8 37 13 26 20 7 44 49 48 22 12 9 43 33 11 10 6 1 36 30 23 42 2 38 27 18 19 14 28 39 29 24 
28 2 9 36 34 29 4 43 32 24 23 30 10 13 49 7 3 41 39 33 40 26 27 16 5 18 31 21 14 48 38 42 8 20 47 19 22 6 44 11 12 15 35 46 45 1 17 37 25 
1 18 48 7 22 47 26 44 36 11 40 37 8 5 10 6 16 27 45 32 2 17 15 14 9 42 39 33 12 19 13 46 29 24 41 35 28 49 43 3 4 25 21 38 20 31 23 34 30 
25 40 44 8 15 38 28 33 49 18 9 29 23 32 24 36 12 42 13 31 17 22 11 46 37 39 35 27 47 1 43 7 45 26 4 6 48 20 2 21 10 34 5 3 16 41 19 30 14 
11 48 39 27 42 12 9 14 45 10 25 28 41 8 23 22 21 40 7 19 29 31 26 32 6 36 24 2 34 16 15 33 30 17 49 3 1 43 5 18 37 44 20 4 35 13 47 38 46 
2 34 13 31 5 10 41 15 44 21 26 46 37 16 45 47 32 35 1 43 11 12 42 4 48 20 38 19 29 28 36 27 3 25 22 30 8 14 33 49 17 23 24 6 40 9 18 7 39 
26 17 4 29 19 20 22 35 38 30 24 7 27 48 6 5 39 16 33 2 49 3 47 45 21 25 18 40 8 41 32 44 42 9 14 11 12 36 31 46 13 28 34 1 37 10 43 15 23 
7 21 49 47 33 36 23 22 42 39 3 6 43 4 34 41 15 37 44 14 8 10 1 5 17 30 16 13 31 38 20 18 11 46 24 29 9 19 32 40 35 26 12 2 27 25 45 28 48 
37 14 6 18 1 32 43 20 31 40 17 13 5 36 4 3 48 46 30 38 27 28 44 34 41 15 8 9 10 12 39 19 23 2 35 16 25 7 24 22 47 45 42 11 26 29 49 33 21 
3 35 46 16 24 30 45 11 1 47 2 12 34 19 18 10 9 25 26 28 20 43 23 49 33 14 29 7 21 40 37 13 6 5 48 27 42 4 15 39 41 38 31 44 36 8 32 17 22 
6 4 26 48 8 31 37 21 47 27 10 33 24 20 41 16 11 39 38 45 12 2 43 1 44 9 5 14 18 29 34 25 49 3 15 22 36 13 17 32 7 30 19 42 28 23 46 40 35 
20 39 24 10 29 3 38 34 23 48 19 4 13 22 33 25 40 7 15 49 43 8 21 35 47 11 37 42 27 5 26 1 2 44 36 46 45 41 12 16 28 14 32 17 9 30 31 18 6 
15 25 40 19 7 21 32 42 2 29 8 43 31 41 44 30 5 36 34 17 14 48 18 28 16 4 10 23 22 9 24 35 46 45 37 49 47 11 3 6 33 20 39 13 38 26 1 12 27 
13 12 17 14 27 46 36 37 40 3 6 1 25 7 35 48 24 4 23 9 22 32 34 20 31 26 19 45 30 39 42 41 21 28 38 43 2 29 10 5 8 18 15 16 49 47 33 11 44 
34 1 33 23 28 22 42 9 11 46 44 38 14 30 37 18 2 3 6 26 32 36 41 7 12 40 49 17 20 13 16 47 43 8 19 15 24 35 39 25 27 31 45 5 48 21 4 10 29 
9 41 45 2 47 35 18 17 15 32 5 16 12 49 1 46 42 13 28 10 31 38 3 25 39 27 30 29 48 6 11 14 4 33 7 40 21 34 26 23 44 19 22 43 24 37 36 8 20 
43 11 30 44 49 16 5 18 35 45 36 39 26 28 19 27 20 29 47 8 21 6 46 22 15 13 33 24 40 31 17 23 12 32 10 37 38 1 9 4 42 48 7 25 3 34 2 14 41 
48 26 31 20 43 5 12 40 6 35 4 24 29 25 28 8 37 1 9 39 15 18 13 11 3 38 7 46 44 30 14 21 27 22 42 23 10 2 19 47 49 41 16 36 17 45 34 32 33 
32 37 3 41 18 23 16 27 43 31 13 42 17 33 30 12 22 19 21 7 46 40 45 48 10 47 6 49 35 11 1 2 28 36 39 25 14 9 38 34 29 24 26 8 15 44 20 4 5 
17 28 2 35 44 45 46 30 26 7 22 10 9 37 20 34 49 5 31 3 24 39 14 19 29 43 27 16 33 47 48 15 18 4 13 42 6 8 1 12 36 32 25 23 11 38 21 41 40 
40 33 47 34 13 15 39 46 20 28 41 8 38 12 29 42 18 32 14 4 6 37 17 2 23 1 21 36 19 10 5 3 25 31 26 45 35 16 27 44 11 43 48 7 30 22 24 9 49 
10 9 11 4 14 7 6 5 19 2 45 21 1 34 26 23 17 33 48 35 36 44 25 30 8 28 32 41 24 49 46 38 16 12 20 13 37 40 22 31 15 39 29 27 43 18 3 47 42 
8 27 38 30 21 42 19 32 39 49 15 36 16 18 25 13 44 11 2 41 47 4 24 26 22 33 34 35 45 23 9 29 37 40 43 17 20 48 7 28 5 3 6 12 10 46 14 31 1 
36 49 29 22 25 1 24 47 48 23 14 44 3 11 40 43 38 10 16 27 45 5 20 9 42 31 12 15 41 17 8 6 34 7 32 18 4 46 30 33 26 21 37 28 2 35 13 39 19 
19 3 1 40 36 14 2 28 12 25 37 22 44 26 11 35 47 9 17 16 5 34 29 15 45 41 46 32 13 21 7 43 33 30 8 4 18 27 49 20 23 42 38 10 39 6 48 24 31 
18 45 21 43 39 49 34 2 7 8 30 40 20 47 42 31 19 48 4 12 10 35 9 27 25 24 1 44 23 22 41 36 26 38 46 33 13 5 28 17 14 6 3 29 32 11 37 16 15 
42 44 7 13 9 48 33 45 5 4 34 11 49 46 32 37 27 23 22 40 39 30 28 43 26 10 14 38 6 3 19 24 20 18 2 12 31 21 29 15 16 36 1 47 25 17 41 35 8 
31 5 10 38 30 37 11 1 18 42 21 23 6 35 3 24 14 28 29 15 41 13 22 33 36 49 48 20 16 32 12 9 44 34 17 39 43 25 47 8 45 46 2 26 19 7 40 27 4 
47 8 15 28 16 27 20 48 33 14 29 17 36 38 21 26 43 6 49 44 13 23 5 37 7 2 40 31 11 35 4 10 1 39 25 24 32 3 41 30 19 9 46 45 18 42 12 22 34 
4 23 41 32 6 25 29 31 10 13 39 3 15 24 8 2 1 34 46 20 7 21 16 17 19 12 47 18 37 42 28 45 14 48 27 44 26 22 11 38 40 35 36 49 33 5 30 43 9 
46 22 35 24 12 26 17 19 16 9 43 41 32 27 38 45 36 30 25 18 33 11 6 42 4 8 3 39 5 15 49 31 47 29 40 7 34 10 37 1 48 2 14 21 44 20 28 23 13 
29 15 12 1 48 34 7 26 37 36 49 31 2 23 17 19 33 47 3 21 42 24 35 10 32 45 20 4 38 8 6 39 40 13 18 14 5 28 46 41 9 16 11 30 22 27 25 44 43 
27 10 18 49 37 24 13 4 46 41 28 20 33 21 39 11 26 31 43 1 16 9 8 36 14 19 15 22 42 44 3 5 7 23 30 2 17 38 45 29 25 12 40 34 6 32 35 48 47 
44 32 43 17 38 4 40 8 22 6 35 47 39 15 27 49 13 12 36 30 28 16 2 31 11 21 25 5 46 34 29 26 41 37 9 48 19 18 23 42 20 33 10 24 1 14 7 3 45 
45 20 23 11 46 28 47 25 3 16 18 19 30 40 9 15 10 14 41 5 35 49 33 29 34 17 42 48 43 27 21 32 24 1 12 31 39 44 8 7 6 22 4 37 13 36 38 2 26 
14 42 25 6 3 39 31 13 17 12 32 45 7 9 48 4 46 22 20 29 23 47 30 40 38 44 43 26 36 2 35 16 19 15 28 10 27 24 34 37 1 11 41 33 21 49 8 5 18 
5 16 8 9 35 2 30 29 27 44 11 14 42 43 7 38 25 18 32 24 34 1 12 6 28 46 41 37 4 33 22 49 48 10 45 21 40 47 36 26 3 13 23 20 31 39 15 19 17 
22 19 36 33 26 41 21 10 24 5 38 34 48 1 2 44 8 45 40 6 37 27 39 18 13 7 23 3 17 25 47 20 31 14 11 32 49 15 35 43 30 4 28 9 42 16 29 46 12 
################proper############## 

 average_time = 2.714558 

 success runs = 1 

 total average iters = 204063.000000 
