Success!!! 
 
 max_col = 
 49 
 
 run_time = 
 1.522736 
 
 once iters = 
 102447 
 
32 12 29 47 5 17 23 6 45 10 26 13 4 30 9 22 2 20 43 27 16 8 1 19 7 38 3 18 24 37 15 39 48 33 40 46 49 21 44 14 36 34 41 11 31 25 28 35 42 
43 27 7 1 24 14 28 18 38 48 40 34 29 32 5 44 47 35 12 39 19 41 15 20 23 21 17 31 13 46 49 42 9 2 3 6 11 10 25 16 30 45 36 8 22 37 33 26 4 
35 48 15 10 46 3 44 23 8 2 24 7 5 1 14 26 33 30 42 37 11 13 32 4 16 6 36 25 43 34 17 20 19 28 41 27 18 29 9 31 22 47 12 49 45 38 39 21 40 
34 4 6 16 31 25 9 22 33 21 39 42 36 41 18 3 17 40 28 13 8 45 12 49 10 24 30 11 5 47 35 32 1 44 26 37 38 7 20 23 15 19 29 27 43 14 46 48 2 
36 30 38 33 26 49 42 46 35 15 37 19 3 47 45 29 4 41 31 25 21 34 9 22 2 39 48 5 14 27 11 10 16 12 18 32 43 17 8 28 40 24 7 23 44 20 13 1 6 
45 18 13 40 2 11 21 44 25 20 17 49 28 12 7 10 15 1 36 32 6 43 29 37 14 46 26 27 31 23 30 22 8 4 38 33 48 41 35 5 39 42 9 19 47 34 24 3 16 
19 8 22 41 37 39 20 31 9 43 16 27 14 11 23 46 24 49 38 34 48 33 44 47 28 42 35 40 45 6 29 21 36 7 25 3 12 1 4 2 26 13 18 17 32 10 30 15 5 
30 24 27 29 9 32 10 7 14 44 36 18 25 48 12 8 39 22 5 4 2 49 19 23 21 13 42 16 26 33 28 31 15 37 17 47 34 46 11 1 43 20 40 6 35 45 41 38 3 
22 14 3 38 35 34 36 12 37 1 13 46 30 19 33 15 10 18 17 31 28 29 26 25 45 4 9 6 39 48 24 44 11 40 20 8 41 49 42 21 27 16 47 32 2 23 5 7 43 
11 1 33 42 49 16 41 4 28 17 6 8 47 31 44 23 45 13 26 40 29 36 37 3 15 20 22 35 25 10 43 46 18 5 7 38 32 19 48 9 24 2 30 12 34 21 14 27 39 
23 17 21 19 13 40 5 10 16 45 20 15 9 26 30 32 46 42 41 47 1 27 34 8 33 48 39 43 38 12 2 35 3 49 4 25 44 31 6 18 14 7 22 29 24 36 11 37 28 
37 15 48 45 39 4 12 24 43 42 34 5 40 29 25 11 6 27 49 14 38 7 28 41 46 18 2 30 16 21 19 47 32 8 13 10 23 36 3 26 35 22 33 44 20 17 9 31 1 
25 7 18 44 20 2 31 49 41 27 3 39 38 33 34 16 43 21 35 19 9 10 47 17 11 1 24 32 23 42 22 14 30 36 6 40 37 28 45 12 5 29 13 48 15 26 8 4 46 
26 28 46 8 43 6 47 32 23 11 21 22 35 2 48 20 36 37 7 24 3 31 14 40 44 12 5 38 1 9 45 29 41 27 34 30 13 39 15 33 4 17 10 42 16 19 49 18 25 
14 16 42 36 7 22 29 48 39 35 25 10 23 44 26 4 34 43 3 11 24 2 17 5 12 30 37 19 41 1 20 40 33 21 49 18 9 8 28 45 13 27 46 31 6 32 15 47 38 
15 46 24 12 8 48 3 26 30 4 31 43 49 21 27 33 32 45 20 9 39 38 18 42 35 10 40 23 29 11 14 34 22 13 44 19 47 16 36 37 6 41 2 7 5 28 1 25 17 
20 44 5 28 1 41 43 42 6 29 14 2 7 13 35 25 12 47 22 36 18 16 11 46 39 26 33 3 30 8 31 23 17 38 10 49 15 24 40 4 21 32 19 9 37 27 34 45 48 
40 33 31 23 32 35 27 34 36 41 8 12 18 17 1 28 49 44 15 48 46 25 7 13 9 47 14 24 6 16 5 19 45 26 37 42 2 20 38 30 29 43 21 22 11 3 4 39 10 
47 34 2 6 21 18 19 28 3 9 11 37 20 22 42 17 8 38 40 23 31 44 49 1 4 41 45 29 46 25 32 43 24 15 27 5 7 48 39 10 33 14 26 16 13 35 12 30 36 
39 11 26 17 25 10 45 33 32 16 19 38 24 5 13 6 37 2 30 29 41 15 21 36 48 28 27 20 4 7 42 9 12 35 47 22 1 3 31 34 23 46 8 43 18 49 40 44 14 
13 49 30 37 4 9 38 40 27 46 45 47 1 15 16 5 21 10 19 7 14 32 22 34 6 31 43 8 3 18 39 36 2 48 28 12 17 11 26 25 44 35 42 24 23 41 29 20 33 
27 35 43 2 15 1 46 8 4 13 23 45 26 40 24 41 7 25 47 22 42 18 3 29 31 5 16 10 21 28 37 38 44 30 39 48 6 34 14 17 32 36 20 33 9 11 19 12 49 
24 37 25 26 10 12 13 38 49 19 42 36 27 14 17 18 23 4 45 8 5 11 20 6 40 34 28 41 48 15 3 1 47 29 22 21 30 33 7 43 16 9 44 35 46 39 32 2 31 
44 6 9 31 29 42 48 11 1 3 10 17 46 34 2 37 27 33 39 20 30 14 4 15 19 7 32 49 18 36 26 5 23 25 8 28 35 12 13 22 45 40 38 41 21 47 43 16 24 
21 38 40 32 47 45 17 41 7 25 18 16 12 37 10 43 19 28 34 15 36 30 35 48 22 44 46 9 20 14 6 2 42 31 33 29 24 27 23 11 49 39 4 13 1 8 3 5 26 
4 39 49 18 3 36 16 29 44 32 48 21 33 28 40 38 13 14 46 35 26 37 42 24 17 8 1 45 9 43 41 11 34 19 12 31 20 5 2 47 10 15 23 30 7 6 25 22 27 
28 20 8 7 34 23 11 5 31 24 22 30 15 43 21 49 9 16 6 12 44 39 25 26 47 33 13 2 35 17 40 45 27 32 46 1 4 37 19 41 38 3 14 18 42 48 36 10 29 
33 5 41 14 22 19 30 2 47 39 35 20 6 9 31 48 29 3 11 1 32 23 27 43 38 36 12 21 49 4 10 13 7 16 24 26 42 18 46 44 8 25 45 34 28 40 37 17 15 
48 26 20 15 23 24 22 1 29 47 2 11 31 7 36 35 25 32 21 38 13 9 5 10 34 49 6 33 40 39 12 18 46 14 45 41 16 4 27 19 28 8 37 3 17 42 44 43 30 
38 10 12 34 19 33 2 16 17 14 5 26 13 6 11 27 18 7 23 28 20 21 45 30 42 32 29 4 44 49 25 37 31 3 43 9 39 15 22 40 47 1 24 36 41 46 48 8 35 
16 40 14 11 6 43 7 21 10 33 41 48 19 24 49 47 30 26 2 46 12 1 31 39 25 27 18 36 17 35 8 4 38 42 32 23 3 44 5 20 34 37 15 28 29 13 22 9 45 
42 9 37 39 17 8 1 36 46 18 49 25 44 3 4 45 22 5 48 41 15 40 13 2 43 16 19 26 10 24 33 27 28 34 11 7 21 30 29 35 31 6 32 20 38 12 47 14 23 
41 31 47 13 18 21 49 15 12 38 32 35 39 20 3 1 14 9 24 10 34 17 8 44 37 23 11 28 22 19 48 30 5 6 29 2 46 45 43 36 42 33 27 26 25 4 16 40 7 
5 3 44 30 27 28 35 9 22 8 4 23 37 45 19 42 40 39 29 43 17 46 38 7 24 15 20 14 2 26 16 41 21 47 36 11 25 13 49 32 48 12 31 10 33 1 18 6 34 
29 32 45 25 36 46 4 30 34 40 27 28 43 42 37 31 44 6 8 16 33 3 48 12 41 35 47 22 15 13 23 7 20 9 1 24 14 26 17 38 18 10 39 5 49 2 21 11 19 
31 36 19 22 16 5 26 37 24 6 38 9 2 39 46 13 41 17 18 44 4 42 30 35 32 3 34 48 28 20 21 15 49 10 14 45 8 25 33 27 7 11 1 47 40 43 23 29 12 
12 23 28 49 42 7 8 43 11 31 30 14 45 16 47 36 1 15 10 5 40 26 41 21 27 25 38 37 32 3 18 17 4 24 9 44 29 22 34 6 2 48 35 39 19 33 20 46 13 
46 21 34 43 45 44 18 47 26 28 1 3 8 10 32 39 38 23 14 6 25 19 16 33 29 17 49 7 36 41 13 48 35 22 31 20 40 42 30 15 12 4 5 37 27 9 2 24 11 
1 47 4 20 38 37 25 17 15 34 29 41 42 36 22 7 48 8 9 30 45 6 23 28 5 11 44 13 12 40 27 33 39 43 2 35 26 32 24 46 19 18 3 14 10 16 31 49 21 
2 13 35 9 40 15 32 19 18 49 12 33 48 25 29 21 28 24 37 3 27 20 10 14 36 43 4 46 11 5 7 8 6 23 42 16 31 47 1 39 41 38 17 45 30 22 26 34 44 
10 29 39 3 14 27 6 20 21 5 46 40 22 35 43 19 26 11 33 2 49 47 24 18 8 45 31 12 34 44 38 16 25 1 30 36 28 9 37 13 17 23 48 15 4 7 42 32 41 
17 41 11 24 48 30 33 27 13 23 7 44 32 4 20 12 31 34 16 42 35 22 2 9 1 40 15 39 47 29 46 26 37 45 19 43 10 14 21 49 3 5 25 38 36 18 6 28 8 
8 43 10 48 30 26 14 25 20 36 44 4 21 23 15 24 42 19 27 45 47 28 46 32 18 2 7 17 37 38 1 3 13 11 5 34 33 6 12 29 9 49 16 40 39 31 35 41 22 
7 2 1 21 44 29 37 39 40 12 28 24 41 27 38 14 3 31 13 49 10 5 33 16 30 22 25 47 19 45 9 6 43 20 48 4 36 35 18 42 11 26 34 46 8 15 17 23 32 
18 45 32 5 28 47 15 35 42 22 9 31 16 49 6 34 11 36 4 26 7 48 39 27 13 37 41 1 8 30 44 12 14 46 23 17 19 40 10 24 25 21 43 2 3 29 38 33 20 
3 19 16 46 12 20 24 13 48 37 33 6 10 18 41 2 5 29 32 17 23 4 43 11 49 14 8 44 42 22 34 25 40 39 35 15 27 38 47 7 1 31 28 21 26 30 45 36 9 
6 25 36 4 11 38 39 3 2 26 43 29 17 8 28 9 35 46 44 33 22 12 40 31 20 19 21 34 7 32 47 24 10 41 15 13 45 23 16 48 37 30 49 1 14 5 27 42 18 
49 42 17 27 41 13 40 14 5 7 47 1 34 38 8 30 20 12 25 21 43 35 6 45 26 9 23 15 33 31 36 28 29 18 16 39 22 2 32 3 46 44 11 4 48 24 10 19 37 
9 22 23 35 33 31 34 45 19 30 15 32 11 46 39 40 16 48 1 18 37 24 36 38 3 29 10 42 27 2 4 49 26 17 21 14 5 43 41 8 20 28 6 25 12 44 7 13 47 
################proper############## 

 average_time = 1.522736 

 success runs = 1 

 total average iters = 102447.000000 
