Success!!! 
 
 max_col = 
 49 
 
 run_time = 
 2.524706 
 
 once iters = 
 100098 
 
21 35 43 18 5 1 32 7 42 3 22 24 40 15 12 19 44 25 2 17 6 8 30 11 10 27 33 36 13 28 39 4 29 26 34 20 23 47 16 37 45 38 46 49 48 14 31 9 41 
25 38 45 26 39 49 27 8 14 48 17 19 16 29 20 41 9 15 5 40 33 2 28 13 34 3 1 23 43 36 44 31 12 6 37 10 46 21 4 32 22 35 11 30 18 24 47 7 42 
8 42 36 37 14 7 2 6 31 43 44 32 1 28 38 3 27 13 47 4 16 21 19 5 12 18 46 20 11 35 45 25 24 23 48 26 39 30 15 9 49 41 22 29 40 10 33 17 34 
23 40 34 48 30 44 19 12 2 9 27 33 11 45 21 8 26 29 32 22 46 37 41 38 35 49 31 4 47 42 16 10 15 14 18 43 24 1 25 17 28 7 5 13 6 3 20 36 39 
24 3 29 41 46 11 15 36 13 4 5 18 21 37 31 42 30 28 39 10 23 47 48 9 17 16 26 6 19 7 32 22 49 20 33 40 8 14 27 44 34 12 45 43 35 1 25 38 2 
4 22 47 10 20 33 13 49 30 39 34 25 26 41 1 35 14 43 24 48 37 42 44 45 29 32 7 40 27 3 38 17 21 46 9 18 2 11 6 5 36 31 8 23 28 16 12 19 15 
31 6 28 16 17 12 9 20 38 35 10 23 47 46 11 18 34 7 45 49 36 39 43 15 25 24 14 22 41 30 2 5 8 1 40 3 48 13 33 19 29 42 32 37 27 21 4 26 44 
27 29 11 3 31 36 21 4 47 33 15 40 48 39 49 7 2 23 19 38 9 44 24 28 16 25 18 13 46 20 26 1 14 22 5 6 30 17 10 43 41 37 42 32 34 45 35 12 8 
43 15 10 40 26 30 25 27 36 32 6 31 2 8 17 47 45 35 41 13 29 4 23 33 1 22 19 42 12 38 24 48 16 34 11 28 7 20 21 39 18 3 49 46 37 9 44 5 14 
13 14 20 5 37 24 16 10 22 23 1 3 12 34 36 44 25 8 48 27 43 38 39 17 2 35 30 11 29 4 49 40 18 33 21 9 26 32 46 42 47 45 31 15 41 19 6 28 7 
6 49 2 35 22 23 46 9 41 30 21 14 17 25 4 26 18 16 1 5 31 15 20 43 40 34 32 8 28 19 7 42 3 37 45 11 12 33 44 13 38 24 29 27 39 48 36 47 10 
28 18 33 1 7 32 44 24 45 20 26 5 35 43 42 6 12 11 14 34 40 49 27 3 9 37 10 46 31 39 13 41 30 15 47 16 19 36 29 25 8 48 4 21 23 22 17 2 38 
9 39 19 34 38 47 45 29 44 7 49 42 37 16 24 10 3 46 30 28 22 41 12 31 6 48 21 5 25 17 23 8 27 32 36 4 14 15 2 40 35 1 18 20 43 33 11 13 26 
48 41 12 17 4 8 42 18 28 46 13 11 19 38 33 37 39 21 20 15 32 14 47 36 26 7 45 29 6 10 9 44 2 35 43 49 22 27 34 31 23 5 40 3 16 30 1 24 25 
42 21 48 25 32 16 11 47 18 17 23 4 44 5 43 31 36 9 29 2 24 33 10 37 14 41 39 15 8 49 12 35 1 30 13 46 38 6 45 27 40 26 3 19 7 20 28 34 22 
35 5 24 47 8 13 36 34 1 28 16 9 22 19 3 27 46 33 38 30 20 43 2 23 31 45 40 12 32 41 17 29 6 10 39 14 25 18 7 48 11 15 44 42 26 4 37 49 21 
7 31 23 28 15 37 17 43 46 11 32 39 33 27 6 12 41 42 16 44 25 19 5 1 18 8 48 30 36 40 21 34 26 4 14 29 49 10 20 47 3 22 9 35 24 38 2 45 13 
19 12 6 2 41 34 26 45 3 37 24 7 15 48 23 14 11 17 49 18 10 46 16 22 47 13 42 35 20 9 43 33 38 28 31 44 4 8 36 21 1 39 27 25 29 5 32 30 40 
3 43 39 46 1 38 22 30 49 31 20 10 29 14 7 4 21 37 40 35 13 32 11 26 27 44 6 25 5 2 18 19 45 16 42 23 33 9 12 34 24 28 47 48 17 15 41 8 36 
44 45 27 33 49 18 29 35 25 40 12 38 36 2 47 39 48 5 34 8 26 17 9 20 28 21 4 3 22 11 15 24 37 7 23 32 13 19 41 16 42 30 43 6 10 31 14 1 46 
40 9 4 14 10 20 30 42 26 21 41 6 8 13 22 28 1 19 15 32 45 34 36 7 38 29 24 49 44 48 25 3 46 47 27 17 31 35 5 2 37 43 33 18 11 39 23 16 12 
46 2 3 20 24 9 37 32 43 15 11 36 23 4 27 22 6 47 28 45 19 12 49 34 5 10 44 14 33 21 48 30 42 29 35 1 40 7 17 18 39 16 41 8 38 13 26 25 31 
29 17 40 27 18 25 7 16 24 5 19 28 13 3 30 32 33 38 44 21 49 1 6 39 22 9 47 31 45 26 8 2 34 41 10 15 37 48 23 36 14 11 12 4 20 46 43 42 35 
22 13 30 39 36 21 23 37 33 45 38 8 18 31 25 48 5 12 7 41 11 40 42 29 20 4 15 19 14 32 47 6 44 27 3 35 34 49 43 46 26 2 16 24 1 17 9 10 28 
33 44 41 11 34 26 10 46 20 25 48 12 14 49 15 1 13 24 8 29 4 35 32 30 45 43 17 7 16 18 31 9 23 38 28 42 27 22 3 6 21 19 37 36 2 40 5 39 47 
5 1 38 8 47 4 49 2 17 29 7 30 41 6 16 40 35 34 46 37 42 25 26 21 3 11 23 48 24 15 36 43 39 12 22 31 9 28 13 20 44 10 19 14 32 18 45 33 27 
12 16 35 42 45 48 43 26 27 10 47 34 9 44 39 2 31 20 23 36 14 24 13 18 37 33 28 38 17 46 19 11 40 5 1 25 41 29 32 4 30 8 15 22 21 49 7 6 3 
14 19 15 32 28 31 6 21 40 22 42 1 39 35 18 9 43 10 17 26 3 27 46 16 8 36 2 41 7 25 37 13 4 49 20 47 45 24 38 12 5 33 30 34 44 29 48 23 11 
37 48 17 23 16 42 35 3 21 38 40 15 7 22 45 5 19 36 12 33 44 9 14 2 13 20 41 47 10 34 11 46 25 39 29 8 18 26 24 30 4 27 6 28 31 43 49 32 1 
47 20 49 36 33 6 18 48 4 13 30 16 25 1 40 23 42 22 35 39 2 5 31 44 43 46 12 10 37 8 28 32 19 24 15 38 29 45 14 7 9 21 26 11 3 27 34 41 17 
2 34 32 7 12 10 24 44 6 41 18 35 31 11 48 15 20 4 3 16 21 29 22 25 42 1 36 26 30 43 27 23 33 13 49 37 17 5 47 28 19 40 39 9 14 8 38 46 45 
26 4 31 21 3 39 1 33 8 34 29 49 24 9 46 11 38 18 43 7 28 23 45 19 32 17 37 27 48 14 40 47 41 2 6 36 15 16 42 35 25 20 10 44 30 12 13 22 5 
30 25 9 29 19 14 5 39 37 26 2 46 10 12 8 49 17 27 13 6 47 48 3 40 11 15 16 28 18 22 35 20 7 45 38 34 1 44 31 41 43 32 24 33 36 23 42 21 4 
11 46 22 45 43 40 41 19 23 36 28 27 32 17 26 25 29 14 37 24 1 30 18 49 21 38 8 34 4 5 42 12 9 31 44 2 10 3 39 33 13 6 35 47 15 7 16 20 48 
38 28 44 15 13 27 8 14 5 47 45 20 43 42 41 30 10 32 9 31 34 6 7 4 24 39 35 33 26 1 3 36 17 21 16 48 11 46 22 49 12 23 25 40 19 2 18 29 37 
1 47 16 24 48 45 4 38 9 42 43 41 34 20 14 29 32 44 10 23 8 13 15 46 30 2 5 18 40 33 22 28 35 25 7 19 3 12 37 26 17 36 21 31 49 11 39 27 6 
15 37 21 13 2 17 33 11 39 12 35 47 27 7 5 24 28 41 18 1 38 3 34 10 44 19 49 32 9 16 20 14 48 36 8 22 6 25 30 29 31 4 23 45 42 26 46 40 43 
36 10 14 38 6 43 40 22 29 2 4 48 46 24 9 33 37 31 21 3 17 7 35 8 41 26 27 1 23 47 5 45 11 42 30 13 28 39 49 15 16 34 20 12 25 44 19 18 32 
32 8 7 49 11 19 20 1 16 14 33 37 30 23 34 36 22 40 27 46 12 28 17 47 39 6 25 43 2 24 4 15 31 44 26 21 35 42 9 45 10 18 13 38 5 41 3 48 29 
39 30 46 22 23 29 31 40 19 44 3 21 28 26 2 16 7 49 42 25 15 20 33 48 36 14 11 45 38 6 41 18 13 17 12 27 5 43 8 24 32 47 34 1 4 37 10 35 9 
34 27 25 12 42 35 28 5 32 6 31 13 49 18 19 20 47 45 26 43 48 16 37 24 4 40 22 9 39 29 1 21 10 3 46 41 44 38 11 23 7 14 17 2 8 36 30 15 33 
41 26 18 9 44 5 3 15 10 8 25 17 45 36 35 13 4 30 6 11 39 31 38 12 23 42 29 21 49 27 34 37 32 43 19 33 20 2 40 1 48 46 28 7 22 47 24 14 16 
45 32 42 31 21 3 12 23 35 27 8 29 38 30 37 43 40 2 22 14 5 18 25 6 7 47 9 17 34 44 10 26 20 19 24 39 36 41 48 11 33 13 1 16 46 28 15 4 49 
49 7 26 6 9 41 39 13 48 24 37 44 5 21 28 34 15 1 4 20 18 36 40 32 33 23 3 2 35 12 46 16 22 8 25 45 43 31 19 14 27 17 38 10 47 42 29 11 30 
16 24 37 19 27 28 14 17 11 18 39 43 3 40 32 46 49 6 25 42 35 10 29 41 15 30 38 44 21 13 33 7 5 48 4 12 47 23 1 8 2 9 36 26 45 34 22 31 20 
17 33 13 30 25 22 34 28 15 49 14 26 4 10 29 21 8 3 36 19 41 11 1 35 48 31 20 24 42 45 6 27 47 9 2 5 16 37 18 38 46 44 7 39 12 32 40 43 23 
10 11 1 4 40 2 48 41 12 19 46 45 6 33 13 17 16 39 31 47 7 22 8 27 49 28 43 37 15 23 29 38 36 18 32 30 42 34 26 3 20 25 14 5 9 35 21 44 24 
20 23 5 43 29 46 38 25 34 1 36 22 42 47 44 45 24 48 11 9 27 26 21 14 19 12 13 16 3 31 30 39 28 40 17 7 32 4 35 10 15 49 2 41 33 6 8 37 18 
18 36 8 44 35 15 47 31 7 16 9 2 20 32 10 38 23 26 33 12 30 45 4 42 46 5 34 39 1 37 14 49 43 11 41 24 21 40 28 22 6 29 48 17 13 25 27 3 19 
################proper############## 

 average_time = 2.524706 

 success runs = 1 

 total average iters = 100098.000000 
