Success!!! 
 
 max_col = 
 49 
 
 run_time = 
 1.444176 
 
 once iters = 
 78870 
 
2 42 39 19 5 38 20 36 4 30 29 8 13 47 43 6 35 15 40 31 24 3 32 23 41 22 9 34 27 37 18 1 28 11 33 21 46 10 17 45 7 48 12 49 14 44 25 16 26 
36 13 6 14 21 48 33 37 42 22 9 43 11 15 44 23 47 5 3 17 12 20 18 30 4 26 1 49 45 7 38 25 24 34 19 29 39 16 28 2 40 32 35 46 10 8 31 41 27 
31 1 4 49 40 17 46 48 44 25 38 2 28 39 27 45 26 42 16 29 30 24 37 10 8 15 35 19 5 3 41 43 32 9 22 14 23 36 13 20 11 12 47 34 6 18 33 21 7 
45 35 16 15 25 32 47 33 12 26 49 21 18 20 9 4 37 1 11 19 46 44 2 7 40 43 14 6 31 29 30 10 42 13 39 41 22 8 27 24 38 34 5 48 23 3 28 36 17 
24 34 3 23 37 43 18 14 17 46 1 41 35 16 39 22 28 38 7 10 36 25 45 33 48 27 5 11 21 44 49 40 12 4 8 26 42 15 31 6 47 30 29 20 32 2 9 13 19 
11 9 10 22 8 12 44 45 31 7 27 23 3 6 18 41 32 25 33 14 34 29 47 21 28 13 16 42 2 48 17 36 26 46 20 49 1 19 37 43 35 5 38 4 40 39 30 15 24 
28 7 41 27 26 29 30 10 5 32 24 19 40 34 13 49 8 48 20 2 21 17 46 31 12 39 36 38 23 14 35 15 47 16 6 33 9 18 4 44 3 25 22 43 42 37 45 1 11 
42 4 43 24 41 45 29 18 46 1 6 49 44 28 35 48 30 19 5 23 26 39 36 16 10 32 15 21 20 27 22 34 17 38 25 47 11 3 2 37 9 14 7 31 13 33 8 12 40 
21 32 23 47 11 49 12 2 26 4 19 39 27 22 37 25 17 36 15 40 33 7 20 45 18 44 3 31 29 9 8 28 6 10 43 30 5 13 38 42 24 35 41 14 1 48 46 34 16 
22 17 27 34 35 25 19 16 30 15 3 10 29 9 8 20 39 2 4 32 13 41 12 46 24 1 47 43 36 31 37 7 5 48 14 44 28 40 33 23 18 49 42 45 11 21 26 38 6 
30 6 44 5 33 39 13 38 32 47 8 48 36 41 28 14 16 21 22 18 29 27 11 49 9 23 4 25 24 46 40 42 1 15 45 12 10 7 19 31 34 26 37 2 35 43 20 17 3 
26 16 28 18 10 3 40 35 25 42 45 24 34 31 6 1 9 47 38 7 49 8 13 37 29 14 2 5 32 33 11 39 21 41 12 17 15 46 20 27 48 43 44 22 30 36 4 19 23 
15 48 31 46 9 1 37 40 20 23 17 7 33 14 41 27 10 3 43 12 11 22 28 34 42 38 26 35 49 13 2 16 44 19 30 36 6 32 45 21 8 4 39 25 5 29 24 47 18 
8 38 14 20 2 36 7 13 11 37 43 5 12 21 34 44 31 45 46 24 42 40 33 6 19 48 17 30 26 35 23 18 4 3 47 22 25 41 16 29 1 39 10 15 28 27 49 9 32 
1 41 48 37 3 47 38 7 13 21 35 6 45 32 49 2 33 22 29 20 28 26 5 42 27 4 25 44 40 8 39 30 31 12 36 9 14 43 34 18 19 17 46 11 16 10 23 24 15 
46 20 22 36 30 28 27 43 39 24 33 3 16 18 5 17 15 13 45 35 1 6 41 19 37 47 8 40 48 11 29 9 25 26 34 31 32 38 10 4 23 44 21 7 2 49 14 42 12 
44 39 24 33 19 18 35 4 23 28 15 27 48 40 26 8 7 14 9 38 31 2 49 29 13 45 10 20 43 1 6 3 37 21 42 11 16 5 47 12 36 46 30 17 41 34 22 32 25 
4 26 40 12 14 15 32 8 19 49 34 25 2 1 47 24 36 16 27 21 48 11 23 9 7 31 30 33 44 17 46 20 45 18 10 6 41 42 39 28 22 29 43 35 3 5 13 37 38 
9 21 8 16 7 13 42 5 38 31 14 46 17 26 10 12 23 11 25 43 44 34 3 36 15 35 39 22 4 24 47 32 19 2 41 1 27 45 30 49 37 40 6 18 33 28 29 48 20 
25 2 49 45 34 11 5 44 29 10 41 37 22 36 40 46 6 4 30 42 19 18 24 38 43 17 32 12 28 23 16 13 14 33 7 20 35 21 8 48 15 3 31 39 26 47 1 27 9 
10 31 29 43 6 23 17 30 47 9 42 12 20 11 32 39 3 18 34 37 41 14 48 1 46 16 21 28 38 15 27 22 49 35 5 25 13 2 24 26 33 7 4 8 44 40 19 45 36 
43 37 38 25 46 16 10 20 24 14 40 13 6 8 48 29 18 7 44 26 32 36 27 28 49 30 11 4 33 39 21 12 22 42 35 5 17 9 23 15 45 1 34 41 31 19 3 2 47 
19 27 33 48 44 21 1 34 35 38 47 18 9 10 11 28 41 40 37 30 23 46 17 3 20 5 13 15 7 26 31 45 2 25 29 4 49 24 43 16 14 22 32 42 36 12 39 6 8 
29 47 42 28 24 5 39 15 1 41 7 32 23 37 16 21 49 31 6 45 9 43 34 48 2 25 22 8 17 36 3 4 13 27 38 19 40 12 46 11 26 18 33 44 20 30 10 35 14 
6 30 34 26 36 35 4 11 43 48 31 45 39 25 17 42 20 27 12 8 5 23 29 40 38 33 24 7 19 16 10 14 18 32 15 37 47 28 44 3 41 2 1 13 46 9 21 49 22 
23 40 7 32 12 14 8 22 21 5 16 26 4 2 19 43 1 34 47 36 3 42 35 39 44 10 37 45 11 6 9 49 41 20 46 13 31 30 48 33 29 27 24 38 15 17 18 25 28 
41 22 18 17 45 31 9 46 49 33 36 30 42 3 2 38 13 24 14 15 39 47 26 12 16 19 6 1 8 43 28 5 40 44 37 32 21 34 35 25 10 20 23 29 4 11 27 7 48 
20 3 11 13 49 2 15 29 27 17 12 28 19 44 4 33 46 35 10 25 22 9 31 14 32 21 41 18 34 47 1 23 30 24 48 38 8 39 7 36 42 6 40 26 37 45 16 5 43 
13 11 37 8 29 6 49 47 48 2 10 16 38 17 42 40 4 26 32 9 7 31 22 27 21 41 34 24 14 30 12 44 3 43 28 45 18 1 25 39 46 36 20 5 19 15 35 23 33 
38 19 46 41 22 42 21 9 37 27 39 20 1 29 24 34 12 8 2 13 18 5 43 11 33 3 28 14 16 25 36 47 23 49 4 48 30 35 15 17 44 31 26 10 7 6 32 40 45 
16 44 45 9 1 7 48 23 22 3 11 31 46 30 14 5 43 41 36 33 47 15 19 17 26 2 18 37 35 32 20 38 10 8 40 34 24 4 42 13 6 28 27 21 49 25 12 29 39 
18 14 17 31 47 40 43 24 8 13 5 36 7 12 45 3 44 37 35 48 15 4 10 20 25 6 23 32 39 22 42 41 27 29 2 16 26 33 49 38 21 19 28 9 34 1 11 46 30 
35 15 5 2 20 30 25 41 6 34 4 44 26 19 21 10 27 28 39 22 17 49 9 47 36 42 29 13 46 45 7 33 48 31 1 40 3 11 32 8 12 23 14 24 38 16 43 18 37 
33 24 12 4 39 34 28 32 14 43 21 35 49 42 20 31 25 30 23 11 38 45 8 44 1 46 40 16 6 19 26 37 15 17 18 27 7 47 29 9 5 10 3 36 48 13 2 22 41 
32 23 26 3 27 10 36 25 18 45 28 40 15 33 46 16 29 49 19 1 6 38 39 35 30 12 7 48 13 34 24 11 9 5 21 2 37 20 22 14 43 41 17 47 8 4 42 31 44 
14 28 30 6 42 46 34 21 3 40 2 11 8 27 15 13 24 29 31 49 43 48 25 18 5 37 45 41 12 4 33 19 20 1 26 10 44 23 9 22 17 16 36 32 47 7 38 39 35 
12 36 2 39 38 37 22 26 7 20 32 4 14 43 3 19 21 33 17 46 40 1 42 15 31 29 49 27 9 10 48 6 35 47 23 18 34 25 11 5 28 24 8 16 45 41 44 30 13 
17 29 13 44 31 20 16 19 28 12 18 15 41 48 23 11 45 9 42 5 10 21 4 32 39 40 38 26 22 2 34 24 7 14 49 35 36 37 3 47 30 8 25 27 43 46 6 33 1 
47 49 32 35 15 8 3 17 16 36 37 29 24 5 22 30 14 39 1 4 27 28 7 13 23 11 33 9 25 18 43 21 46 45 44 42 48 6 41 19 31 38 2 40 12 20 34 26 10 
27 10 1 11 43 33 24 31 45 6 23 9 47 46 25 7 34 32 18 28 20 16 44 22 35 36 12 2 41 5 15 8 38 30 17 39 4 14 26 40 49 13 48 19 21 42 37 3 29 
48 5 25 21 18 9 26 42 34 44 13 1 10 38 36 47 2 6 41 16 35 30 14 43 3 8 19 46 37 28 32 27 39 40 31 15 45 29 12 7 20 33 11 23 22 24 17 4 49 
40 45 19 7 23 4 41 49 33 39 30 22 25 35 38 37 48 12 26 44 8 10 6 24 17 34 20 47 3 42 13 29 16 36 11 43 2 27 1 46 32 21 9 28 18 31 15 14 5 
3 46 21 38 4 22 23 6 36 11 25 34 30 45 7 26 40 20 49 39 2 12 16 8 14 18 43 10 42 41 19 48 29 28 9 24 33 17 5 35 13 37 15 1 27 32 47 44 31 
37 18 35 29 17 41 45 12 15 8 48 33 31 13 1 9 5 10 24 6 4 19 40 26 34 28 46 3 47 38 44 2 11 7 27 23 20 49 14 32 39 42 16 30 25 22 36 43 21 
34 12 9 1 16 19 31 39 10 18 22 47 32 7 30 36 42 44 13 3 25 33 38 5 45 20 27 23 15 21 14 17 8 6 24 46 43 26 40 41 2 11 49 37 29 35 48 28 4 
7 25 20 10 48 26 14 28 41 35 44 42 43 49 33 15 19 17 21 47 45 32 30 2 11 24 31 29 18 40 4 46 36 37 16 3 38 22 6 1 27 9 13 12 39 23 5 8 34 
39 8 15 40 13 27 6 3 2 19 20 14 37 24 29 18 38 43 48 41 16 35 1 4 22 9 42 36 30 49 5 31 34 23 32 28 12 44 21 10 25 47 45 33 17 26 7 11 46 
49 33 47 30 32 24 2 1 40 29 46 17 5 4 31 35 11 23 28 27 14 37 21 25 6 7 44 39 10 12 45 26 43 22 13 8 19 48 36 34 16 15 18 3 9 38 41 20 42 
5 43 36 42 28 44 11 27 9 16 26 38 21 23 12 32 22 46 8 34 37 13 15 41 47 49 48 17 1 20 25 35 33 39 3 7 29 31 18 30 4 45 19 6 24 14 40 10 2 
################proper############## 

 average_time = 1.444176 

 success runs = 1 

 total average iters = 78870.000000 
