Success!!! 
 
 max_col = 
 49 
 
 run_time = 
 0.521256 
 
 once iters = 
 38774 
 
16 25 38 20 45 48 14 1 46 6 18 8 35 31 23 3 19 9 34 37 15 39 47 11 30 44 7 21 22 26 10 2 28 5 17 4 33 40 42 49 27 24 13 43 29 41 36 32 12 
22 27 37 13 21 11 46 44 29 48 30 39 36 32 5 26 18 45 7 2 24 3 49 1 35 10 19 28 14 25 41 4 40 12 33 8 38 34 43 16 9 17 31 47 42 6 20 15 23 
18 3 4 15 23 2 12 21 34 38 14 42 45 28 33 43 39 47 46 41 49 24 32 36 29 40 37 16 35 27 13 6 11 31 44 30 10 1 26 20 5 22 17 48 7 19 8 9 25 
36 1 28 49 24 17 35 7 12 11 33 4 15 40 30 10 38 32 20 25 22 41 5 48 2 42 13 45 34 43 29 8 9 47 19 39 31 6 21 46 18 23 44 27 37 3 14 16 26 
40 7 29 8 9 5 34 3 24 43 10 27 41 17 28 11 12 16 13 44 21 6 31 23 14 26 33 15 48 39 46 20 42 32 30 47 2 36 37 19 25 45 49 35 1 22 38 4 18 
39 32 43 10 47 26 30 19 22 25 13 2 9 16 1 31 42 8 17 35 6 20 4 18 46 27 38 12 49 7 37 15 23 45 36 14 48 28 3 29 44 41 11 33 40 34 24 21 5 
31 44 42 41 33 6 19 20 5 37 26 49 47 23 14 36 27 29 48 40 4 43 25 34 9 8 22 17 1 18 3 21 24 16 38 13 15 7 12 35 11 32 30 39 46 2 10 45 28 
12 5 49 31 36 32 37 33 28 8 25 10 7 4 43 34 29 20 40 19 39 47 44 42 3 23 18 26 17 22 38 46 45 2 41 16 30 48 13 1 14 6 35 9 21 27 15 11 24 
17 34 3 29 6 38 27 16 15 13 32 18 14 48 21 42 9 23 11 45 12 33 7 41 1 49 40 39 30 36 25 24 5 28 35 10 26 46 22 47 2 44 8 4 31 20 19 43 37 
14 40 2 23 10 44 48 49 47 20 17 11 26 35 24 7 5 46 8 3 41 28 16 43 19 38 15 6 13 9 18 29 33 37 21 45 4 12 27 25 39 31 34 42 32 36 30 22 1 
21 4 30 47 35 16 11 45 23 46 43 19 22 34 36 18 26 25 27 6 2 48 24 9 10 5 12 8 7 1 15 31 44 20 32 42 37 49 29 17 38 33 28 41 14 40 3 13 39 
1 15 13 24 42 18 45 6 30 29 41 38 40 9 37 32 44 33 16 17 31 46 36 35 27 20 14 22 39 4 12 34 26 43 3 19 23 21 11 28 7 8 5 25 48 47 49 2 10 
26 8 7 43 25 33 28 27 39 31 5 21 44 42 15 1 22 35 14 38 30 13 17 2 32 11 4 37 16 49 40 47 19 48 10 41 9 24 20 34 3 36 23 12 45 18 46 29 6 
19 39 22 46 20 41 9 37 1 36 24 12 3 2 48 49 10 4 28 13 47 45 29 31 21 25 30 34 42 23 11 27 6 14 8 35 5 43 32 18 40 15 7 26 17 16 33 44 38 
8 20 25 11 5 23 33 12 38 2 48 17 30 21 9 28 4 3 6 43 42 16 37 13 45 31 44 35 10 46 26 18 34 49 27 36 40 14 7 24 1 47 41 15 39 29 22 19 32 
48 17 41 3 4 9 47 13 45 18 23 16 33 49 29 19 14 44 37 36 40 1 43 30 22 28 39 2 38 21 7 25 8 24 6 15 20 42 10 27 32 26 12 31 11 35 5 46 34 
13 46 24 38 29 31 26 42 8 41 28 20 37 43 16 21 25 49 15 7 11 19 27 33 12 6 34 5 3 47 32 9 2 39 4 48 18 35 44 45 22 30 36 17 23 1 40 10 14 
42 19 36 6 16 1 22 14 31 27 29 34 5 26 20 35 23 30 33 46 38 10 40 32 47 3 9 7 37 48 45 17 15 44 11 21 41 13 39 8 49 12 4 2 24 25 28 18 43 
7 2 14 21 18 45 39 15 40 9 35 1 46 11 26 5 48 27 22 32 10 8 41 24 17 36 25 49 33 13 19 30 29 23 12 28 43 31 16 4 6 34 37 3 38 42 44 20 47 
32 49 34 40 30 37 10 24 36 44 47 6 4 19 39 41 1 17 2 12 8 14 26 15 11 21 20 18 43 35 31 28 16 42 22 46 25 23 38 3 29 5 27 45 9 33 13 48 7 
27 28 35 12 43 15 44 39 3 10 22 25 32 7 34 47 13 31 24 18 45 38 23 4 48 46 29 42 41 40 20 5 14 36 1 2 11 9 17 33 37 19 16 21 26 8 6 30 49 
34 38 47 17 32 4 5 9 43 28 36 29 23 25 44 40 7 26 18 14 20 27 30 37 24 2 11 19 6 8 21 16 22 33 15 3 46 45 35 31 42 48 39 49 41 10 12 1 13 
2 29 21 14 41 30 7 8 10 35 46 32 38 6 12 48 36 11 9 39 23 26 33 44 43 45 47 31 27 3 5 19 20 4 42 1 13 17 15 37 16 49 22 18 25 24 34 28 40 
10 16 8 28 46 22 43 30 14 34 7 48 20 15 13 37 49 1 3 27 17 35 38 6 5 9 42 4 23 32 36 45 39 26 18 33 24 25 40 12 41 11 2 29 19 44 21 47 31 
49 13 26 39 31 36 3 47 21 4 42 37 11 45 10 29 35 2 5 28 19 15 18 7 16 12 23 1 40 24 17 41 25 34 48 44 6 22 9 14 30 38 20 8 27 43 32 33 46 
11 33 1 42 15 40 6 5 18 49 2 13 19 27 38 24 46 34 41 47 25 32 3 39 8 22 21 14 12 31 44 43 10 9 37 23 29 20 28 7 26 4 45 30 35 48 16 36 17 
44 37 9 35 27 25 18 31 26 33 1 24 12 3 22 6 16 21 45 8 32 40 20 17 13 34 41 48 11 2 28 49 30 29 46 43 19 10 47 5 36 39 38 7 4 23 42 14 15 
23 48 20 45 12 19 24 41 16 17 40 22 39 44 4 15 43 42 31 30 33 25 10 28 49 29 36 46 47 14 1 35 7 38 13 32 34 27 18 2 8 21 6 11 3 5 37 26 9 
37 41 15 7 14 3 23 36 42 30 4 33 6 22 45 2 8 13 47 26 35 17 12 29 20 1 48 27 19 11 24 40 32 21 28 34 16 38 46 43 31 25 9 10 5 39 18 49 44 
35 43 5 25 2 46 16 10 9 12 20 44 34 37 32 17 21 24 4 22 27 18 8 19 41 13 31 23 26 29 49 38 36 6 45 11 42 39 30 40 47 1 33 14 15 28 7 3 48 
38 12 10 33 17 34 13 18 19 39 27 5 28 29 3 25 11 15 23 20 14 42 22 16 40 47 45 24 31 41 30 44 4 8 7 49 21 37 36 9 48 2 46 32 43 26 1 6 35 
6 26 11 44 49 24 31 46 35 40 15 23 21 41 7 39 28 12 10 1 48 37 9 3 4 33 2 30 18 16 43 14 17 27 34 29 32 8 5 22 19 13 42 36 47 45 25 38 20 
9 36 19 27 22 8 29 17 48 7 3 26 49 47 40 33 30 43 38 34 5 21 11 10 15 35 32 25 46 20 42 37 1 13 39 12 28 44 14 6 45 18 24 23 2 4 41 31 16 
45 30 18 32 40 21 4 38 2 16 11 14 31 1 49 9 41 19 44 42 36 34 46 26 6 39 28 43 25 33 47 23 48 35 5 20 7 15 24 10 17 3 29 13 8 37 27 12 22 
47 42 39 48 28 20 1 25 32 45 8 43 13 24 31 46 6 18 29 16 37 49 14 38 44 7 5 36 15 10 2 12 3 22 9 26 35 4 41 23 33 27 19 40 34 21 11 17 30 
20 21 23 34 39 14 2 4 33 32 16 3 1 5 25 13 17 10 36 11 9 12 6 46 38 19 35 41 28 15 8 26 37 18 47 40 27 30 31 48 24 29 43 22 44 49 45 7 42 
30 22 48 36 37 13 40 35 17 26 49 9 8 39 19 14 2 41 1 33 44 11 34 47 31 24 43 10 20 38 6 42 46 3 23 5 12 32 45 21 4 7 18 28 16 15 29 25 27 
29 35 12 18 1 43 42 22 37 15 6 41 25 20 46 38 24 28 21 23 26 2 48 45 36 16 27 44 32 19 4 7 49 30 14 17 3 47 34 13 10 9 40 5 33 31 39 8 11 
41 10 31 5 26 27 38 2 11 23 45 28 29 36 18 12 40 39 30 49 7 4 42 20 37 15 8 32 21 17 16 48 13 1 25 22 14 33 19 44 43 46 47 34 6 9 35 24 3 
25 45 16 4 8 7 15 43 13 24 21 46 42 14 27 20 47 48 32 5 3 9 39 22 18 30 49 29 44 34 33 11 35 40 31 6 1 2 23 38 28 37 26 19 10 12 17 41 36 
46 24 6 19 3 28 17 34 7 47 44 30 18 38 8 45 31 22 43 15 16 23 21 5 33 14 26 40 29 12 9 36 27 10 2 25 39 11 49 41 35 42 1 20 13 32 48 37 4 
33 47 44 9 11 49 32 40 27 19 12 31 48 10 42 4 37 6 35 29 34 7 13 25 28 17 1 3 45 5 39 22 43 41 24 18 36 16 8 26 15 20 14 38 30 46 2 23 21 
3 18 17 16 13 29 25 23 41 1 9 40 24 33 11 27 32 14 26 4 28 22 15 49 34 37 10 47 8 44 48 39 12 7 20 31 45 5 2 30 46 35 21 6 36 38 43 42 19 
28 31 32 1 7 47 49 29 44 42 34 35 43 30 17 22 33 38 25 9 18 36 19 14 26 41 46 20 5 45 27 10 21 11 16 37 8 3 6 15 23 40 48 24 12 13 4 39 2 
4 6 40 26 19 10 36 32 25 3 38 47 27 46 2 30 20 5 12 21 1 31 45 8 7 43 16 13 24 42 14 33 41 17 49 9 44 18 48 39 34 28 15 37 22 11 23 35 29 
5 14 46 22 48 35 8 26 20 21 37 45 17 18 41 44 34 36 19 31 13 30 2 27 39 4 3 11 9 6 23 32 38 15 43 24 49 29 25 42 12 16 10 1 28 7 47 40 33 
24 9 33 37 34 39 20 11 4 5 19 15 16 13 35 23 45 40 49 48 43 29 28 12 42 32 6 38 2 30 22 3 47 46 26 7 17 41 1 36 21 10 25 44 18 14 31 27 8 
15 23 27 2 44 12 41 48 6 14 39 7 10 8 47 16 3 37 42 24 29 5 1 21 25 18 17 33 36 28 35 13 31 19 40 38 22 26 4 11 20 43 32 46 49 30 9 34 45 
43 11 45 30 38 42 21 28 49 22 31 36 2 12 6 8 15 7 39 10 46 44 35 40 23 48 24 9 4 37 34 1 18 25 29 27 47 19 33 32 13 14 3 16 20 17 26 5 41 
################proper############## 

 average_time = 0.521256 

 success runs = 1 

 total average iters = 38774.000000 
