Success!!! 
 
 max_col = 
 49 
 
 run_time = 
 1.436097 
 
 once iters = 
 63998 
 
16 47 3 43 17 28 42 20 48 24 25 7 4 26 21 18 45 12 41 27 23 31 49 19 33 2 36 40 29 11 13 39 35 1 15 44 14 5 38 34 6 22 46 10 30 37 9 32 8 
4 19 46 5 18 10 12 16 37 30 14 29 23 8 42 44 31 25 32 22 13 24 7 41 6 45 1 3 26 21 48 33 20 9 38 27 11 28 39 17 49 2 40 43 47 34 35 15 36 
38 1 35 32 22 20 21 33 49 11 19 46 13 43 5 17 8 6 7 9 4 29 47 15 10 16 18 25 42 44 27 40 24 34 3 41 37 30 36 23 31 45 2 26 48 39 28 12 14 
11 45 27 40 34 14 37 5 44 10 9 38 28 1 49 16 24 39 2 35 48 20 42 32 43 12 17 30 46 31 36 47 8 6 18 7 15 13 19 26 29 21 23 3 4 33 41 22 25 
13 24 31 26 36 7 33 21 22 32 2 18 40 45 15 11 19 34 43 1 14 23 46 4 8 38 39 28 12 10 37 25 41 5 30 9 42 35 47 16 3 48 27 20 49 44 17 6 29 
6 9 29 39 2 23 41 47 15 34 35 42 36 17 28 33 37 46 30 3 20 11 48 13 26 22 44 27 49 14 43 45 32 19 7 40 18 8 12 4 10 25 1 38 16 5 24 31 21 
25 49 48 30 8 15 44 39 31 3 41 6 12 27 29 47 36 26 10 38 40 14 21 35 34 37 5 9 4 16 28 2 23 17 22 33 43 20 46 24 32 1 13 42 19 18 7 45 11 
49 21 26 34 35 38 24 37 41 39 32 10 47 48 18 45 29 14 42 13 30 3 5 40 9 7 12 31 43 22 46 4 27 20 44 15 23 17 6 19 2 11 36 8 25 1 16 28 33 
10 29 25 18 39 5 15 44 17 38 46 11 27 9 6 2 4 20 28 40 22 34 43 36 19 24 16 49 3 41 42 31 14 26 35 48 47 1 21 12 33 8 45 7 13 32 30 23 37 
37 41 42 16 43 8 48 23 33 13 5 30 49 35 25 39 7 27 36 10 17 15 1 20 18 11 28 4 19 2 38 34 12 29 40 14 46 24 32 9 45 31 47 21 3 6 44 26 22 
33 22 20 19 14 45 1 28 40 31 8 34 15 21 12 32 9 44 49 16 43 26 41 39 46 23 2 42 6 7 10 36 11 48 47 30 3 29 5 37 25 13 38 35 24 17 4 18 27 
23 12 9 13 7 27 31 3 6 22 45 36 19 16 47 41 35 11 46 21 38 48 33 29 32 30 10 14 24 1 17 8 37 25 39 34 28 26 44 40 18 4 49 2 20 15 42 5 43 
47 28 32 6 4 2 40 7 1 20 42 26 24 14 8 34 33 3 31 23 37 45 25 38 17 27 21 44 30 9 5 15 16 18 13 35 36 49 22 10 43 39 19 48 41 29 46 11 12 
17 11 36 44 3 30 46 29 43 4 18 25 2 12 48 24 1 15 26 19 5 13 37 22 47 8 35 6 23 32 45 21 33 49 28 38 16 7 41 27 42 20 31 14 40 10 34 39 9 
41 7 4 48 33 46 49 25 18 40 13 15 31 37 34 29 43 28 20 2 39 5 11 1 35 6 30 38 8 3 44 23 9 27 12 47 17 19 45 21 22 16 26 36 32 14 10 24 42 
32 15 5 25 19 44 11 26 20 47 39 23 16 2 24 9 41 42 38 46 18 22 36 10 31 29 43 45 21 33 30 17 48 7 14 6 34 27 3 13 37 49 8 28 35 40 12 4 1 
24 30 2 20 31 47 34 10 32 35 17 22 7 33 40 36 48 1 21 15 12 39 27 3 37 13 4 19 28 45 6 29 38 42 46 11 26 9 43 14 8 5 16 23 44 25 49 41 18 
43 13 37 29 21 6 26 34 12 41 38 45 48 28 4 5 47 35 3 14 19 46 17 8 2 32 40 7 36 24 22 16 49 31 25 10 33 23 42 1 44 18 20 9 15 27 11 30 39 
8 27 23 10 28 42 36 14 30 5 6 24 46 19 17 49 32 37 22 7 25 12 16 44 41 9 26 18 34 47 4 35 15 11 1 39 40 38 20 2 48 29 43 33 21 13 31 3 45 
14 38 45 35 16 22 18 27 9 1 43 3 11 49 26 10 30 31 44 33 8 42 28 23 20 25 34 21 2 19 40 41 39 13 37 12 4 36 24 32 7 15 48 17 6 46 47 29 5 
3 39 1 17 40 12 9 36 21 44 29 4 8 42 45 13 16 23 6 11 27 33 14 47 15 49 24 48 20 26 18 5 43 32 10 28 41 25 31 30 46 35 22 19 7 38 2 37 34 
40 43 11 49 6 1 4 46 27 23 16 20 37 32 44 30 10 13 45 31 24 17 8 18 39 41 22 34 47 48 33 12 19 35 29 3 21 14 28 38 9 36 25 5 42 2 26 7 15 
5 32 39 23 24 21 28 13 47 6 12 48 10 15 20 38 17 4 29 18 41 30 19 27 49 36 9 33 45 37 25 7 40 2 43 31 1 46 26 42 35 34 44 16 14 11 22 8 3 
48 17 41 22 15 18 25 38 29 36 7 49 26 3 9 35 39 2 34 8 6 21 23 5 4 42 37 11 14 46 24 1 44 16 20 13 10 47 30 33 12 19 32 45 31 43 40 27 28 
46 2 33 14 44 29 7 19 42 28 30 17 18 4 36 21 22 48 11 32 26 47 24 43 45 35 31 20 13 8 34 27 3 15 5 37 25 6 16 41 23 40 9 39 38 12 1 10 49 
45 36 38 37 20 26 13 40 35 8 44 39 9 41 23 14 25 43 5 47 15 6 12 48 16 1 3 29 17 49 31 10 28 4 42 32 27 22 2 7 11 24 21 18 34 30 19 33 46 
30 16 12 3 42 31 19 43 25 33 24 5 34 11 7 37 46 40 27 28 1 10 13 2 44 14 32 26 38 6 9 22 18 21 36 45 8 15 49 48 39 17 29 4 23 35 20 47 41 
34 8 10 27 47 9 35 22 2 45 1 21 14 31 19 42 49 33 16 12 3 38 40 7 25 28 15 46 11 39 32 26 30 23 41 20 44 18 29 5 4 43 37 24 36 48 6 17 13 
9 25 43 8 5 13 38 32 11 26 15 27 22 18 41 6 34 19 47 49 46 2 29 14 40 39 7 12 16 35 3 37 31 10 23 1 24 45 33 44 36 28 4 30 17 42 21 20 48 
18 14 28 41 12 35 3 6 24 2 21 33 17 29 22 27 11 10 39 4 16 1 26 46 36 15 19 23 5 38 8 48 42 44 45 25 30 32 9 49 20 47 34 13 37 7 43 40 31 
26 23 7 42 37 19 29 30 38 48 10 35 25 34 14 43 20 9 1 24 36 8 31 33 22 21 45 13 27 15 49 18 17 47 2 4 5 3 11 6 40 41 12 46 39 28 32 16 44 
21 10 16 45 49 34 47 12 46 37 36 8 44 39 33 31 28 7 15 30 42 35 3 24 5 17 20 32 25 40 1 13 4 14 6 2 29 43 48 18 26 27 11 41 22 9 38 19 23 
1 33 24 46 32 48 27 4 3 19 31 40 43 20 37 23 13 8 12 5 21 25 30 34 28 44 41 16 39 29 7 9 36 22 11 42 35 10 14 15 17 38 18 47 2 26 45 49 6 
31 44 40 15 30 39 17 49 28 9 47 41 42 13 2 25 26 18 35 48 45 27 4 11 38 43 6 37 33 20 12 32 34 24 19 22 7 16 23 8 21 46 5 29 1 36 3 14 10 
20 6 22 4 11 36 2 45 16 7 23 14 1 5 38 40 3 29 17 44 32 9 10 42 48 18 49 47 41 28 21 43 46 30 26 19 39 37 34 31 13 12 33 15 8 24 27 25 35 
27 35 15 12 38 4 5 41 13 21 33 31 29 24 10 48 14 36 9 26 7 16 6 49 30 40 42 22 18 23 20 11 2 46 17 43 32 34 8 39 47 44 28 37 45 3 25 1 19 
36 37 49 47 25 41 6 11 23 14 27 16 38 10 1 20 18 30 19 17 33 4 45 12 24 34 13 2 44 43 35 42 29 39 9 5 48 40 15 22 28 3 7 32 46 31 8 21 26 
22 18 44 1 26 33 8 35 5 17 40 19 20 30 16 3 21 24 13 25 11 32 15 31 23 10 14 39 48 27 41 49 45 28 34 46 2 42 37 29 38 7 6 12 9 47 36 43 4 
19 46 13 24 9 43 14 15 26 18 49 37 45 36 31 28 38 22 40 42 2 7 20 17 11 48 47 35 32 4 16 3 5 12 8 21 6 41 1 25 27 33 39 44 10 23 29 34 30 
7 31 30 21 23 40 39 9 8 43 48 47 6 46 32 12 15 49 37 34 29 18 44 28 3 5 25 1 22 36 19 38 10 33 24 16 20 4 35 45 14 26 42 11 27 41 13 2 17 
29 20 34 2 45 3 10 1 7 42 4 28 32 44 43 46 6 5 23 39 35 36 38 21 27 19 8 41 15 25 26 30 47 37 31 17 49 12 13 11 24 9 14 40 18 22 33 48 16 
28 42 17 11 48 16 32 2 34 25 3 12 39 22 27 8 44 41 4 45 47 37 9 26 29 33 46 43 7 13 14 6 1 40 21 18 19 31 10 36 30 23 24 49 5 20 15 35 38 
39 40 21 9 10 24 45 31 36 29 20 13 30 25 46 15 27 17 14 37 34 44 18 16 1 47 38 8 35 12 11 19 26 43 4 23 22 48 7 28 41 32 3 6 33 49 5 42 2 
44 34 18 31 1 32 16 24 10 27 26 43 3 23 35 7 12 38 8 6 49 28 2 25 13 4 33 5 37 42 29 46 21 41 48 36 45 39 40 20 15 30 17 22 11 19 14 9 47 
35 3 6 38 41 17 23 42 4 12 28 1 21 47 30 19 40 16 33 36 9 43 39 37 7 20 27 10 31 18 2 24 22 45 49 29 13 11 25 46 5 14 15 34 26 8 48 44 32 
42 26 14 33 13 49 43 8 45 15 11 9 5 7 39 22 2 32 48 41 44 19 34 6 12 46 29 17 10 30 23 20 25 3 27 24 38 21 4 47 1 37 35 31 28 16 18 36 40 
12 48 8 28 46 37 20 17 39 16 22 44 33 40 13 4 5 45 25 43 10 49 35 30 42 31 11 15 1 34 47 14 7 36 32 26 9 2 18 3 19 6 41 27 29 21 23 38 24 
15 5 19 36 29 25 22 48 14 49 34 2 41 6 11 26 42 47 18 20 31 40 32 45 21 3 23 24 9 17 39 28 13 38 33 8 12 44 27 35 16 10 30 1 43 4 37 46 7 
2 4 47 7 27 11 30 18 19 46 37 32 35 38 3 1 23 21 24 29 28 41 22 9 14 26 48 36 40 5 15 44 6 8 16 49 31 33 17 43 34 42 10 25 12 45 39 13 20 
################proper############## 

 average_time = 1.436097 

 success runs = 1 

 total average iters = 63998.000000 
