Success!!! 
 
 max_col = 
 49 
 
 run_time = 
 3.933849 
 
 once iters = 
 284395 
 
10 18 48 7 3 27 8 36 45 16 37 40 24 29 41 49 15 31 19 1 6 34 28 44 35 5 43 14 9 33 46 2 38 23 42 13 26 11 22 21 20 32 47 39 30 25 4 17 12 
29 41 9 1 25 15 20 13 39 6 35 49 46 7 22 21 5 38 37 16 23 2 26 32 42 18 36 30 27 34 12 17 31 48 44 10 4 28 3 45 47 24 33 14 40 19 11 43 8 
13 32 34 11 21 4 17 33 18 1 5 9 14 27 2 12 25 40 39 10 44 37 22 24 7 3 23 45 28 41 20 26 29 6 47 43 30 16 19 38 36 8 31 15 48 35 46 42 49 
39 38 26 28 16 14 42 43 23 44 20 25 3 19 30 45 4 8 17 34 33 31 47 27 9 48 12 29 10 11 36 32 18 24 35 40 7 46 49 15 6 2 1 37 21 13 41 5 22 
36 49 22 12 33 46 43 26 48 17 38 34 21 4 14 35 9 32 18 47 27 6 19 1 16 41 40 11 45 13 3 15 8 30 39 23 25 5 42 29 37 31 2 28 10 24 20 7 44 
37 19 45 44 23 2 35 41 22 30 31 47 11 8 24 28 43 46 42 3 13 10 39 15 33 25 20 21 7 40 49 4 16 5 14 18 17 1 48 12 34 27 26 38 29 32 6 36 9 
5 40 47 24 30 31 6 10 32 15 42 2 28 12 20 26 29 36 7 48 11 49 46 17 8 4 13 38 1 37 19 21 22 43 25 35 39 44 41 33 9 14 34 23 27 45 18 3 16 
2 47 1 20 36 7 39 46 10 49 25 43 26 48 3 37 11 4 14 21 42 33 38 31 12 9 34 28 6 23 17 30 19 15 45 29 8 22 40 32 27 44 35 41 13 16 5 18 24 
19 9 8 33 15 41 22 4 38 12 17 13 18 42 16 48 45 39 35 36 31 30 32 6 49 21 14 44 26 47 27 11 28 3 34 20 24 43 7 25 10 5 37 29 46 1 23 2 40 
30 44 3 35 28 13 29 16 14 9 21 11 31 40 32 5 19 34 26 7 17 24 1 43 23 37 4 41 20 10 39 42 48 12 36 47 45 49 6 46 2 18 8 22 38 15 27 25 33 
21 6 5 10 27 16 40 32 24 33 28 15 35 20 13 18 1 22 46 9 30 47 45 26 11 8 25 19 29 2 38 49 7 4 41 37 12 48 23 31 39 42 17 36 14 3 43 44 34 
17 46 12 23 26 48 25 1 34 29 19 7 41 3 47 6 8 24 44 49 15 39 18 42 2 13 27 40 43 9 5 16 37 33 22 21 38 4 28 14 35 36 32 31 45 11 30 10 20 
45 43 18 42 11 38 34 27 36 37 22 5 23 44 12 40 41 28 25 29 2 46 48 20 3 10 15 16 8 32 35 31 21 14 24 17 19 33 13 30 1 26 6 49 4 39 9 47 7 
14 24 32 37 4 49 31 6 47 8 45 39 30 2 10 23 33 27 38 43 20 7 36 22 29 35 5 17 40 44 13 25 1 18 46 15 16 41 11 34 3 9 28 42 12 21 48 26 19 
9 10 2 49 40 18 14 24 42 19 32 3 27 47 21 13 39 33 22 25 28 45 7 16 20 23 37 31 11 35 15 5 12 34 1 36 46 8 44 4 43 17 48 26 41 6 29 30 38 
43 11 44 27 29 28 16 45 37 20 2 6 34 9 5 14 7 15 1 38 47 26 40 46 18 49 22 24 42 17 32 8 13 21 23 25 3 19 33 41 30 48 10 4 35 31 39 12 36 
25 36 35 19 37 33 3 31 5 4 7 44 16 15 48 10 27 30 29 6 26 17 13 11 14 38 8 1 24 46 45 47 41 28 40 12 42 39 34 2 21 23 43 9 20 18 22 49 32 
42 8 13 34 1 23 5 30 12 40 49 38 48 28 4 41 2 19 3 18 43 15 29 36 10 27 44 47 39 16 31 14 25 9 6 7 22 35 20 26 32 11 46 17 24 37 33 21 45 
15 48 41 30 38 47 7 29 11 22 36 23 13 43 46 42 35 44 34 17 45 32 6 12 4 39 21 3 19 49 33 10 26 37 20 24 27 31 18 9 5 16 40 1 2 14 8 28 25 
20 31 46 45 22 6 4 17 21 26 41 18 39 10 9 16 24 12 49 32 8 5 2 35 48 33 28 25 3 29 43 36 44 7 30 14 37 40 38 1 13 15 11 34 19 27 42 23 47 
12 17 24 21 32 39 26 8 35 14 46 1 33 25 31 11 37 23 36 20 40 9 43 30 19 42 41 34 22 18 4 38 2 27 48 45 47 29 10 49 28 6 15 13 7 5 44 16 3 
46 39 33 47 2 17 30 11 26 35 3 27 22 1 36 29 13 48 28 23 18 20 31 21 15 34 9 7 16 12 10 40 32 41 37 49 5 14 24 42 44 45 4 6 8 38 25 19 43 
11 4 23 26 8 37 18 19 16 38 40 24 47 6 44 9 46 42 33 22 21 43 10 49 25 14 1 2 17 31 28 7 5 45 29 34 35 12 32 27 48 20 39 3 36 30 15 13 41 
27 12 20 25 41 43 49 9 2 45 18 28 42 23 35 34 17 1 47 37 32 38 30 3 40 19 6 13 15 8 24 22 46 44 21 11 29 36 39 10 26 4 5 16 33 48 7 14 31 
7 28 21 29 19 24 38 49 43 32 15 10 36 14 25 30 16 5 4 11 39 8 42 33 37 45 46 23 13 3 48 1 6 47 9 31 40 17 2 18 41 22 44 20 34 12 35 27 26 
31 22 16 6 34 44 32 7 30 13 39 20 29 41 15 43 49 26 24 12 38 4 27 48 5 28 17 35 33 25 14 18 36 19 2 8 1 47 9 3 23 21 45 11 42 40 37 46 10 
35 5 15 9 10 42 45 21 46 31 44 48 12 37 8 19 14 20 40 2 3 22 41 29 36 11 26 18 4 39 34 23 43 38 27 30 13 6 25 16 7 33 49 47 28 17 32 24 1 
48 1 40 13 14 3 36 25 33 34 4 17 8 5 6 27 31 10 41 45 7 12 44 39 47 24 16 32 30 20 42 35 49 11 26 28 43 15 46 19 38 37 29 18 22 2 21 9 23 
41 26 31 22 7 35 12 18 8 2 27 29 49 24 23 47 6 43 10 33 48 42 34 38 13 32 11 36 14 15 16 44 39 17 3 9 20 30 5 40 45 1 19 21 25 4 28 37 46 
1 34 25 38 6 45 13 37 15 28 30 26 43 11 40 7 44 14 27 35 36 29 5 9 22 17 48 4 46 21 47 19 10 20 33 41 2 42 16 23 31 12 24 8 32 49 3 39 18 
33 15 37 5 17 36 19 38 6 25 16 21 32 22 11 31 3 41 9 30 29 44 8 23 27 46 24 10 12 28 1 13 40 42 4 26 18 34 35 39 49 43 14 7 47 20 45 48 2 
49 42 30 18 9 40 2 39 4 5 33 36 44 46 34 32 20 16 13 28 25 14 21 7 45 15 19 43 41 38 37 24 23 31 11 6 10 3 8 48 17 47 22 27 1 26 12 35 29 
16 14 39 43 44 20 28 3 19 10 23 45 1 17 42 15 22 18 21 4 12 41 25 47 31 26 35 49 5 48 8 6 30 2 7 32 36 27 37 24 29 46 9 33 11 34 40 38 13 
32 23 11 48 47 10 46 14 40 42 12 41 9 34 49 39 26 17 8 24 19 28 37 2 6 1 3 20 25 27 18 29 45 35 43 22 21 13 4 7 33 38 36 30 16 44 31 15 5 
4 3 29 8 24 21 27 48 7 47 13 31 20 35 37 1 38 45 2 5 46 18 16 40 39 30 33 12 49 22 26 34 9 36 32 19 14 25 15 44 11 28 42 10 23 43 17 41 6 
24 30 43 3 31 29 11 20 49 27 10 19 25 21 26 2 48 6 32 8 34 1 35 37 41 44 18 9 47 45 22 39 15 13 12 38 33 23 14 5 40 7 16 46 17 28 36 4 42 
8 33 17 41 46 25 23 40 29 18 11 14 2 45 1 20 10 35 12 44 49 21 15 4 43 16 30 39 31 26 9 37 42 32 28 48 34 24 47 36 19 3 13 5 6 7 38 22 27 
40 35 14 16 39 34 21 23 17 36 6 32 7 30 38 4 18 3 31 13 22 11 49 28 24 20 42 8 2 5 25 27 33 10 19 46 9 26 45 43 15 41 12 44 37 47 1 29 48 
38 20 27 15 48 5 10 44 1 3 47 22 4 39 28 36 21 7 23 41 24 13 12 19 46 31 45 33 34 14 6 43 11 16 49 42 32 37 29 17 8 35 18 25 26 9 2 40 30 
18 37 6 4 45 19 44 42 28 24 9 16 15 33 39 46 47 29 43 40 14 36 3 5 26 2 7 22 48 30 23 41 17 1 38 27 11 10 21 13 12 25 20 32 49 8 34 31 35 
26 2 28 36 13 9 1 12 41 43 48 35 5 38 19 17 42 11 16 27 37 25 14 34 32 29 47 6 21 7 40 3 4 46 8 44 49 18 31 20 22 30 23 45 15 10 24 33 39 
22 7 49 32 42 12 47 34 31 46 26 8 37 13 45 33 30 25 5 15 9 48 23 10 17 40 38 27 35 36 44 20 24 29 18 4 6 2 1 28 16 39 3 19 43 41 14 11 21 
6 16 19 39 5 30 9 28 44 23 1 42 38 49 27 22 36 37 45 14 35 40 33 41 34 43 31 15 32 4 7 12 3 26 10 2 48 20 17 47 25 29 21 24 18 46 13 8 11 
47 45 42 17 35 11 33 5 3 21 29 46 19 32 7 8 40 2 48 31 4 23 20 25 38 36 49 26 18 1 30 28 34 39 15 16 41 9 43 37 24 13 27 12 44 22 10 6 14 
34 27 4 40 20 32 41 35 25 39 8 37 6 26 18 38 12 9 15 46 10 16 17 13 1 7 29 42 44 24 2 48 47 22 5 3 23 21 36 11 14 49 30 43 31 33 19 45 28 
23 21 10 46 18 26 48 2 27 11 43 30 17 16 33 25 32 13 6 19 5 35 24 45 28 22 39 37 36 42 41 9 14 49 31 1 44 38 12 8 4 34 7 40 3 29 47 20 15 
44 29 36 2 43 1 15 47 13 7 14 33 40 31 17 24 23 49 30 39 41 3 4 18 21 12 10 48 38 6 11 45 20 8 16 5 28 32 27 22 46 19 25 35 9 42 26 34 37 
28 25 38 31 12 8 37 22 20 48 24 4 45 18 43 3 34 21 11 26 16 27 9 14 44 47 32 5 23 19 29 46 35 40 13 33 15 7 30 6 42 10 41 2 39 36 49 1 17 
3 13 7 14 49 22 24 15 9 41 34 12 10 36 29 44 28 47 20 42 1 19 11 8 30 6 2 46 37 43 21 33 27 25 17 39 31 45 26 35 18 40 38 48 5 23 16 32 4 
################proper############## 

 average_time = 3.933849 

 success runs = 1 

 total average iters = 284395.000000 
