Success!!! 
 
 max_col = 
 49 
 
 run_time = 
 1.724272 
 
 once iters = 
 101621 
 
28 3 34 19 49 42 27 20 12 15 37 8 24 33 38 17 46 9 2 41 43 7 29 25 14 1 11 30 45 21 23 44 35 36 5 22 4 10 40 13 26 39 47 32 6 48 31 16 18 
35 21 41 32 5 29 20 39 31 45 11 25 4 13 8 6 47 40 19 12 15 33 37 9 44 26 48 28 10 2 18 46 22 3 7 38 36 17 30 49 27 16 1 23 34 14 43 42 24 
26 31 7 48 8 6 30 27 47 10 14 46 16 21 4 5 32 23 34 39 44 35 36 13 45 41 22 43 42 17 40 38 28 11 49 20 29 9 24 18 1 37 3 2 19 33 15 25 12 
1 14 39 43 24 46 16 9 2 35 29 6 44 17 7 27 11 33 18 21 49 3 4 15 19 47 10 38 30 34 20 13 31 32 25 23 12 45 48 8 42 28 37 41 40 26 22 36 5 
13 44 23 36 9 47 40 26 43 19 30 3 42 7 22 14 37 31 16 20 10 5 24 21 34 18 49 32 12 15 27 48 6 1 29 25 41 33 11 35 46 2 4 28 17 39 45 8 38 
37 17 22 11 18 25 12 38 32 1 40 5 34 28 26 35 13 48 30 36 45 2 42 27 23 39 31 8 41 24 4 16 14 9 33 3 43 19 21 6 47 15 46 7 10 44 20 49 29 
10 2 45 33 38 15 4 36 48 41 22 18 49 23 24 25 42 29 3 1 28 16 17 40 12 20 6 46 26 8 37 39 43 19 47 32 34 5 31 44 7 14 30 27 9 13 11 35 21 
29 39 5 1 23 7 44 22 28 4 20 36 17 46 34 10 16 21 26 30 24 18 48 11 33 31 8 12 25 14 2 49 13 40 41 47 27 3 19 45 37 35 38 9 32 43 6 15 42 
3 37 6 41 35 49 24 44 29 48 34 13 30 5 9 36 33 15 12 45 42 47 32 19 2 10 38 1 46 23 7 4 26 27 8 43 31 40 14 28 22 20 18 25 21 17 16 39 11 
46 11 15 10 27 16 8 42 37 7 41 39 9 1 23 32 2 22 43 49 14 13 20 6 5 24 26 35 19 36 38 45 17 48 28 18 21 4 12 34 25 29 33 3 47 31 44 40 30 
47 30 19 34 33 45 43 31 25 38 24 35 40 8 39 48 4 17 46 28 41 15 27 36 22 3 9 49 18 42 44 10 21 29 11 2 7 6 1 32 16 13 14 26 12 5 23 37 20 
21 32 28 17 25 14 26 10 49 16 27 19 47 3 18 38 35 6 40 31 13 29 34 23 30 42 7 4 39 37 5 43 33 12 20 46 15 8 36 9 44 11 48 24 1 45 2 22 41 
48 40 4 13 36 2 22 12 18 26 21 32 23 6 44 11 29 25 1 37 20 45 39 43 28 17 16 14 15 47 34 3 9 31 30 33 5 24 10 41 38 42 35 8 49 27 7 46 19 
18 20 42 9 12 31 38 11 15 33 2 14 45 43 19 8 7 5 47 27 3 40 21 46 37 25 41 44 1 16 35 22 32 6 24 30 39 23 49 26 17 48 34 10 29 4 13 28 36 
44 12 16 31 15 3 37 2 6 49 35 24 27 41 32 21 38 20 7 4 29 43 18 30 48 19 45 40 22 5 26 1 34 33 10 36 13 14 28 46 39 47 9 11 8 42 25 23 17 
33 1 8 22 6 23 29 21 26 46 42 15 43 18 49 16 5 3 28 2 19 37 25 44 27 32 36 7 24 39 47 14 40 20 35 45 48 31 4 11 9 17 13 38 41 12 30 34 10 
43 9 32 28 20 38 11 30 3 40 31 16 5 29 15 42 23 14 25 17 8 12 33 26 6 22 47 39 36 13 48 41 46 45 21 49 35 37 44 10 34 24 27 18 4 2 19 1 7 
41 5 18 7 46 34 42 37 10 17 47 1 19 45 13 9 26 43 44 11 40 23 15 35 4 8 24 21 49 30 28 31 2 25 32 16 38 12 27 20 3 33 29 48 22 6 36 14 39 
2 45 36 47 19 26 13 14 8 20 44 48 12 39 31 34 24 35 41 10 30 9 38 16 11 29 46 5 37 4 15 17 42 18 27 6 25 21 22 7 23 1 43 49 33 40 32 3 28 
39 10 14 24 17 48 25 13 33 32 4 38 28 11 27 37 6 45 36 18 22 41 1 42 49 34 2 20 23 3 12 9 19 7 43 5 26 15 8 29 40 30 16 31 35 21 46 47 44 
49 4 30 21 40 27 35 23 36 34 25 22 7 9 33 47 39 12 48 46 1 31 10 17 13 14 28 3 29 44 16 6 11 8 38 19 42 43 32 2 41 18 20 5 26 15 24 45 37 
6 23 2 4 21 12 34 46 16 5 1 7 15 32 45 18 9 8 24 19 27 14 22 48 41 30 25 10 43 40 39 20 44 49 37 11 33 28 13 42 35 26 17 29 36 38 47 31 3 
38 27 13 40 43 18 7 41 14 8 17 4 26 34 12 23 21 42 35 47 6 24 49 37 36 33 44 11 2 28 31 30 45 5 16 29 1 22 15 3 20 10 39 19 46 32 9 48 25 
30 42 35 49 31 33 48 25 11 47 3 10 37 24 5 13 17 36 20 44 16 39 9 45 7 28 40 18 34 29 6 19 12 22 4 8 32 46 38 21 43 23 2 15 14 41 1 27 26 
11 25 17 5 22 41 47 29 20 12 45 42 39 27 40 2 28 30 38 48 34 1 43 32 31 23 15 13 33 26 46 24 3 35 14 37 44 36 9 19 49 4 7 21 18 16 8 10 6 
8 19 44 14 29 37 28 49 30 22 43 40 21 35 3 15 1 32 10 7 31 46 6 4 26 2 27 16 38 9 25 36 47 41 23 48 17 39 18 12 45 34 5 13 11 20 42 24 33 
20 24 9 46 16 10 45 19 38 28 18 33 36 48 41 4 25 37 29 26 39 8 35 12 17 5 3 42 32 7 13 11 15 21 1 14 6 30 47 31 2 27 49 34 44 22 40 43 23 
36 15 26 3 32 39 1 6 13 2 23 9 31 44 14 33 43 11 49 22 46 38 47 20 29 21 34 19 17 18 8 27 48 10 42 41 16 25 7 5 24 40 12 35 37 28 4 30 45 
40 49 24 35 39 21 36 8 42 25 48 23 10 16 28 45 31 18 17 14 12 30 26 2 43 15 29 34 5 1 11 32 20 46 9 44 22 7 41 47 33 6 19 4 38 3 37 13 27 
14 26 37 29 48 28 19 4 17 21 33 2 3 49 46 44 8 34 22 6 9 10 11 41 1 7 12 27 47 31 43 15 30 13 36 35 18 42 25 16 32 38 24 20 45 23 39 5 40 
9 43 46 38 42 8 23 34 40 14 39 41 29 31 2 7 30 49 13 15 21 20 16 47 3 36 32 24 27 35 19 25 18 17 48 10 45 1 26 37 4 5 44 12 28 11 33 6 22 
32 41 25 27 10 44 33 47 22 37 28 26 6 12 35 20 36 1 23 16 4 19 46 39 38 13 5 48 3 45 42 7 8 2 40 24 14 34 17 15 11 9 21 43 30 49 18 29 31 
12 6 31 30 11 4 17 5 7 18 15 44 38 19 25 29 27 26 39 32 47 49 40 28 9 37 42 45 16 33 24 23 10 14 22 21 8 20 3 36 13 43 41 46 48 34 35 2 1 
45 34 47 16 2 20 3 1 46 11 9 27 13 30 43 24 40 41 5 42 33 25 8 22 18 35 4 17 21 6 29 12 38 37 44 28 19 48 39 23 31 49 26 14 15 36 10 7 32 
22 18 1 15 7 13 5 35 24 43 36 45 32 20 37 3 10 19 11 38 48 6 14 31 21 44 33 23 28 49 41 34 39 4 26 12 40 29 2 27 30 46 8 42 25 47 17 9 16 
4 46 33 26 14 32 6 43 27 44 16 29 22 10 42 39 12 7 31 8 17 48 28 24 35 9 37 15 13 38 36 2 25 30 45 1 23 49 20 40 5 41 11 47 3 18 21 19 34 
7 29 21 20 44 11 49 45 19 42 12 31 18 40 10 43 41 38 15 35 25 4 23 1 46 16 13 2 8 27 9 28 37 26 39 34 24 47 33 17 6 3 22 36 5 30 48 32 14 
25 47 38 39 41 1 15 28 9 3 5 17 20 14 30 40 34 46 45 23 11 36 7 8 42 43 19 26 35 48 21 33 4 24 18 27 2 32 37 22 10 12 31 6 16 29 49 44 13 
27 13 48 42 37 19 18 24 1 39 8 49 41 36 16 22 14 28 9 3 2 11 5 38 20 45 21 47 6 10 32 29 7 34 31 26 30 44 35 43 15 25 40 33 23 46 12 17 4 
17 16 40 2 30 5 31 32 35 13 26 47 33 15 1 49 48 27 37 29 36 44 3 34 10 6 18 22 11 19 14 42 41 23 12 7 46 38 45 4 21 8 25 39 43 24 28 20 9 
23 28 3 12 45 22 10 7 34 30 38 11 2 37 6 19 44 4 21 24 18 32 41 33 25 40 14 29 20 46 49 47 5 43 17 31 9 13 16 39 48 36 15 1 42 8 27 26 35 
24 35 43 8 34 36 9 48 4 23 6 21 46 25 47 26 20 13 32 33 5 27 30 49 39 12 17 31 44 22 1 40 16 15 3 42 11 18 29 14 28 19 45 37 7 10 38 41 2 
34 36 12 18 4 9 46 33 39 6 49 20 1 47 48 28 19 2 27 5 26 21 45 3 40 38 23 41 7 25 22 37 24 42 15 17 10 16 43 30 29 31 32 44 13 35 14 11 8 
5 48 20 25 3 24 14 15 23 31 46 28 8 2 11 30 22 47 6 9 35 17 44 10 32 4 39 33 40 12 45 18 29 38 19 13 49 26 34 1 36 7 42 16 27 37 41 21 43 
42 38 29 23 28 35 32 17 44 24 7 30 48 26 36 46 45 39 4 13 37 34 12 14 47 27 43 25 9 41 3 8 49 16 2 40 20 11 6 33 19 21 10 22 31 1 5 18 15 
19 7 27 44 26 30 39 16 45 36 10 43 35 4 29 31 49 24 42 25 38 28 2 18 8 11 1 37 14 32 17 21 23 47 13 15 3 41 5 48 12 22 6 40 20 9 34 33 46 
15 33 11 45 13 43 41 18 21 9 32 34 25 42 17 12 3 16 14 40 7 22 31 5 24 49 35 36 48 20 10 26 1 28 6 39 37 27 46 38 8 44 23 30 2 19 29 4 47 
16 22 10 6 1 40 21 3 5 27 13 37 11 38 20 41 18 44 8 34 32 42 19 29 15 48 30 9 31 43 33 35 36 39 46 4 47 2 23 25 14 45 28 17 24 7 26 12 49 
31 8 49 37 47 17 2 40 41 29 19 12 14 22 21 1 15 10 33 43 23 26 13 7 16 46 20 6 4 11 30 5 27 44 34 9 28 35 42 24 18 32 36 45 39 25 3 38 48 
################proper############## 

 average_time = 1.724272 

 success runs = 1 

 total average iters = 101621.000000 
