Success!!! 
 
 max_col = 
 49 
 
 run_time = 
 1.394409 
 
 once iters = 
 70210 
 
8 26 31 3 11 6 20 46 23 42 12 33 13 28 29 25 27 44 1 37 35 39 21 43 45 48 2 10 32 41 7 38 34 19 17 47 24 5 30 36 22 4 16 40 9 15 49 18 14 
16 48 21 22 15 1 32 4 41 47 9 26 11 49 36 42 28 10 13 23 19 24 44 7 17 40 31 38 20 35 5 27 25 33 30 14 46 8 18 45 3 6 39 29 2 43 37 12 34 
27 4 37 33 7 42 43 36 39 29 16 19 32 5 8 17 30 11 18 12 15 3 49 1 14 9 46 41 22 21 47 31 24 2 13 48 23 40 28 25 44 34 35 38 45 6 10 26 20 
18 13 34 28 30 45 5 7 3 37 1 20 17 21 31 32 9 2 4 48 46 8 6 26 47 42 29 33 39 49 15 10 40 16 14 41 35 12 19 11 43 38 22 36 25 24 27 23 44 
17 14 40 23 9 12 35 15 24 10 38 2 44 48 33 41 43 47 39 20 45 16 25 19 11 34 5 22 36 8 1 6 18 28 26 49 42 32 29 27 31 37 46 13 4 3 7 21 30 
44 25 49 10 39 46 24 14 6 18 43 27 30 35 34 40 21 38 5 22 16 12 13 15 20 36 32 28 3 23 37 29 42 4 45 26 9 33 1 17 2 7 11 31 41 47 8 48 19 
41 36 38 29 2 47 19 45 25 40 22 8 34 31 49 14 24 26 7 3 6 23 30 37 27 18 35 4 11 46 48 44 43 9 12 15 16 20 13 10 21 39 42 33 32 17 1 28 5 
35 23 47 30 24 32 22 29 4 17 49 48 25 36 11 44 39 21 15 7 41 34 43 9 46 8 14 20 26 38 33 13 31 10 2 1 12 37 40 18 45 16 3 42 28 5 19 27 6 
20 27 16 37 8 29 39 41 42 43 18 46 26 12 28 6 1 34 10 17 47 21 23 24 5 25 33 19 49 11 44 40 3 36 4 30 14 35 9 7 32 22 38 45 13 48 31 15 2 
4 21 1 31 49 48 18 39 47 3 33 9 23 34 43 37 13 22 25 5 14 30 32 44 38 27 40 35 17 6 45 20 29 41 8 19 10 42 2 28 11 15 24 7 36 26 12 16 46 
45 38 7 46 5 9 36 22 28 19 27 14 1 20 26 33 29 18 48 2 40 47 42 10 16 41 3 49 34 12 32 35 15 25 39 31 13 24 44 43 6 8 17 4 23 30 21 11 37 
19 40 25 14 26 11 28 30 10 8 37 13 6 45 24 36 42 32 16 31 49 7 4 12 2 17 18 15 46 43 27 22 9 48 23 33 38 3 5 21 20 29 47 1 34 35 41 44 39 
12 2 42 15 43 41 10 16 40 5 32 35 21 44 27 3 8 23 38 45 9 11 31 48 37 26 13 6 28 7 19 24 1 30 47 39 36 34 4 46 17 49 20 22 29 14 18 25 33 
6 3 44 17 33 13 34 31 15 24 2 38 7 11 20 30 4 19 35 46 12 45 36 39 28 22 1 29 18 37 21 14 16 42 5 25 48 41 23 47 27 26 8 43 10 40 32 49 9 
38 15 10 6 12 22 2 33 17 46 26 45 24 29 23 49 19 4 44 43 18 37 8 30 3 31 34 13 7 36 41 16 32 35 28 5 27 25 14 39 42 9 21 47 1 11 40 20 48 
25 32 28 34 36 19 26 21 48 6 3 15 16 1 2 27 7 31 46 14 33 42 40 4 39 38 20 43 45 13 8 47 17 11 37 24 44 10 49 30 23 12 41 18 22 9 29 5 35 
39 46 11 42 44 4 31 47 13 9 20 28 40 18 17 34 48 8 29 6 1 14 16 32 35 24 49 36 21 15 3 25 5 26 19 22 7 45 37 33 38 41 43 10 12 23 30 2 27 
1 29 45 40 41 35 48 5 49 11 7 42 4 14 22 16 20 30 47 32 24 17 26 2 15 28 19 46 27 10 9 34 23 12 44 18 43 31 6 8 36 21 33 25 3 39 38 37 13 
47 7 20 43 23 33 13 25 37 39 44 10 38 30 3 5 35 36 28 11 42 9 12 22 41 21 27 18 40 14 49 2 4 24 31 34 32 26 48 29 1 19 6 16 17 8 45 46 15 
37 9 5 21 3 24 30 8 27 35 34 31 19 43 15 39 40 13 12 41 10 48 29 25 7 45 23 44 38 33 22 42 6 1 18 17 11 2 47 16 46 20 32 26 49 28 14 4 36 
49 8 14 18 27 16 17 2 32 23 36 41 12 22 25 45 37 9 21 26 38 33 5 47 10 1 6 11 30 48 46 43 39 20 29 28 15 13 35 40 4 3 44 19 31 7 42 34 24 
15 12 17 24 6 20 40 27 35 25 46 37 29 33 38 10 32 43 36 30 4 5 47 45 19 3 44 39 31 34 42 49 11 14 41 23 1 22 16 2 48 13 7 28 26 21 9 8 18 
14 34 18 41 45 39 27 20 30 21 48 7 49 10 37 19 2 25 26 44 8 29 1 40 6 13 15 17 24 47 28 23 12 32 35 46 4 11 31 9 33 43 5 3 38 36 22 42 16 
43 31 13 5 38 23 3 19 2 1 28 47 45 26 16 24 14 12 27 49 7 35 18 21 9 20 8 34 4 39 17 33 36 29 22 42 6 44 32 15 10 25 30 37 48 41 46 40 11 
11 35 32 9 42 37 46 34 16 44 41 23 14 24 6 21 47 28 22 15 3 27 33 31 36 43 26 2 8 45 25 30 10 13 48 40 19 7 38 49 5 18 12 39 20 29 4 1 17 
48 1 19 36 28 8 21 11 9 4 13 3 5 6 41 23 45 35 42 29 31 49 7 16 32 46 22 30 37 26 40 18 38 15 43 20 17 47 39 34 12 24 2 14 33 27 44 10 25 
33 49 30 16 47 25 7 18 22 12 8 17 31 38 9 20 46 39 11 40 34 4 10 42 48 37 28 23 19 5 6 1 2 44 21 36 3 14 26 41 29 27 15 35 24 45 43 13 32 
26 44 4 2 22 10 29 40 36 32 39 43 15 42 13 18 5 1 17 33 48 41 11 38 25 14 24 12 9 16 20 7 46 3 27 8 37 30 21 35 28 45 34 49 19 31 23 6 47 
9 37 36 8 19 27 49 28 12 15 14 22 47 39 42 4 16 7 2 1 32 46 41 6 29 30 10 45 35 20 13 11 44 18 25 21 34 43 17 38 26 23 40 48 5 33 24 31 3 
34 22 35 20 48 7 42 26 29 41 4 1 3 9 46 31 10 14 40 19 44 15 28 18 24 16 21 32 23 17 38 8 47 43 49 27 30 36 33 5 25 11 13 6 37 12 2 39 45 
10 11 41 38 13 40 33 6 44 7 23 30 48 19 45 8 36 15 43 28 22 26 2 49 31 35 42 5 16 27 12 3 37 46 1 32 39 9 24 14 18 47 29 34 21 20 25 17 4 
31 5 3 25 4 44 16 38 43 2 11 24 18 46 47 48 17 41 6 34 39 1 37 33 23 7 12 27 42 19 29 21 45 40 36 35 22 15 8 20 13 10 9 32 30 49 26 14 28 
23 47 43 32 14 17 12 10 45 36 35 5 27 13 18 26 25 49 37 21 20 19 34 3 44 11 48 40 15 30 24 39 33 6 9 4 29 28 42 31 41 2 1 46 7 38 16 22 8 
24 6 2 39 18 28 15 32 21 49 31 25 33 16 12 9 3 29 30 27 23 38 14 20 13 47 17 8 5 22 4 48 26 34 10 7 40 1 45 19 37 46 36 11 44 42 35 43 41 
21 30 46 1 29 26 45 17 20 34 42 40 8 37 5 38 11 24 33 35 13 25 39 36 22 4 43 9 41 28 2 32 14 31 7 6 49 48 12 3 16 44 18 27 15 10 47 19 23 
22 42 15 49 46 30 1 44 26 45 19 34 39 23 35 47 38 6 20 13 28 43 17 5 8 33 9 31 10 4 14 12 41 27 40 3 18 29 11 37 7 48 25 24 16 2 36 32 21 
13 20 9 27 10 18 37 12 14 22 15 21 43 8 30 46 26 16 3 36 25 32 35 28 1 6 38 7 33 31 11 45 48 23 42 44 2 19 41 4 24 17 49 5 47 34 39 29 40 
29 41 26 4 25 3 8 24 18 31 5 11 36 7 44 22 34 40 49 9 43 13 27 23 21 12 16 48 6 2 39 19 20 17 38 45 47 46 10 32 35 42 28 15 14 37 33 30 1 
7 43 6 35 16 5 44 13 46 28 40 29 10 25 19 11 12 27 23 24 2 20 3 14 4 39 45 47 1 32 36 15 30 37 34 9 8 21 22 26 49 33 48 41 42 18 17 38 31 
36 33 48 45 32 21 14 37 1 30 6 49 35 2 4 29 31 17 41 8 5 18 46 11 40 10 25 42 47 9 16 26 22 7 24 38 20 39 34 23 15 28 27 44 43 19 13 3 12 
2 39 12 47 34 31 23 48 38 16 17 4 9 41 1 15 33 42 32 10 37 44 22 29 49 19 30 24 43 25 18 28 21 8 3 13 5 27 36 6 14 40 45 20 35 46 11 7 26 
40 28 24 19 17 38 11 3 33 20 47 32 42 27 14 7 18 48 45 39 21 36 15 34 26 2 41 37 44 29 35 5 13 49 46 43 31 16 25 12 30 1 4 23 8 22 6 9 10 
30 17 39 7 35 2 4 42 31 13 10 12 22 3 48 1 44 5 9 47 29 28 38 27 18 15 37 26 14 40 34 36 19 45 11 16 33 49 46 24 8 32 23 21 6 25 20 41 43 
28 10 29 48 31 49 9 1 34 14 30 36 2 47 39 13 6 45 24 4 17 22 20 35 43 32 11 25 12 18 23 41 27 21 15 37 26 38 7 44 40 5 19 8 46 16 3 33 42 
32 19 22 44 21 43 41 23 8 27 24 39 37 4 10 2 49 33 31 25 26 6 9 46 42 29 36 16 13 3 30 17 7 47 20 11 28 18 15 48 34 35 14 12 40 1 5 45 38 
46 16 23 13 37 14 38 49 11 26 45 18 20 40 7 28 15 3 34 42 30 10 19 8 33 44 4 21 25 1 43 9 35 5 6 12 41 17 27 22 47 36 31 2 39 32 48 24 29 
3 45 27 11 20 15 6 9 7 33 29 44 28 32 21 12 41 37 19 38 36 40 24 13 30 5 47 14 48 42 26 46 8 22 16 2 25 23 43 1 39 31 10 17 18 4 34 35 49 
42 18 8 12 40 36 25 35 5 38 21 6 46 17 32 43 23 20 14 16 11 2 48 41 34 49 7 1 29 24 31 37 28 39 33 10 45 4 3 13 19 30 26 9 27 44 15 47 22 
5 24 33 26 1 34 47 43 19 48 25 16 41 15 40 35 22 46 8 18 27 31 45 17 12 23 39 3 2 44 10 4 49 38 32 29 21 6 20 42 9 14 37 30 11 13 28 36 7 
################proper############## 

 average_time = 1.394409 

 success runs = 1 

 total average iters = 70210.000000 
