Success!!! 
 
 max_col = 
 49 
 
 run_time = 
 2.023513 
 
 once iters = 
 149415 
 
14 44 22 27 10 6 48 35 36 47 34 45 40 28 21 23 20 15 31 4 46 33 49 30 5 43 29 3 9 38 19 12 42 11 39 32 7 13 24 8 26 25 18 2 16 1 37 17 41 
30 37 40 21 15 23 32 39 49 7 31 14 46 42 35 10 44 41 43 45 13 34 12 9 26 11 4 24 1 18 22 17 25 8 6 20 16 33 2 5 28 48 36 47 19 29 3 27 38 
42 49 12 19 47 31 13 23 18 44 10 1 33 25 2 34 48 36 27 9 3 16 8 14 22 17 32 28 24 41 26 15 35 4 37 39 38 29 11 45 46 30 5 7 20 40 6 43 21 
18 26 17 38 46 41 29 12 9 20 32 4 5 21 47 40 28 30 37 8 24 44 1 45 7 48 39 25 16 43 36 2 34 49 33 3 27 6 35 23 19 15 10 13 11 14 22 42 31 
9 24 45 1 7 35 11 29 13 38 19 16 8 41 14 42 12 25 49 33 5 18 6 2 36 20 10 31 3 27 23 30 40 48 44 43 4 21 47 37 22 17 26 34 32 46 15 28 39 
36 25 39 4 8 28 33 11 2 43 30 26 3 6 19 29 16 38 17 18 22 15 41 13 46 37 40 27 20 45 7 5 21 32 47 9 14 34 31 1 42 10 23 44 24 35 49 12 48 
16 43 2 20 5 34 3 27 17 48 24 22 15 37 6 26 39 11 1 7 32 47 42 23 35 21 38 19 10 13 14 28 46 29 31 12 18 41 36 40 49 44 9 4 45 33 8 30 25 
2 13 30 7 4 17 15 9 28 29 6 12 47 10 41 48 8 23 32 14 37 19 43 11 39 3 24 44 22 20 25 36 31 5 18 40 34 27 1 35 16 46 21 26 38 49 45 33 42 
49 1 33 43 24 9 39 13 31 32 45 11 38 7 18 17 29 20 46 34 44 48 5 26 27 14 47 30 42 16 3 41 4 28 40 25 36 8 21 6 15 19 37 10 35 2 12 23 22 
12 10 20 23 18 8 28 43 1 41 3 2 30 19 45 4 27 7 5 26 49 22 9 17 15 29 31 36 46 24 38 35 32 21 11 37 48 44 33 42 13 47 16 14 40 25 34 39 6 
32 34 42 29 21 14 41 36 44 25 5 40 17 16 39 1 35 33 22 13 15 12 46 8 38 10 37 6 19 26 43 27 49 9 45 30 28 23 4 2 31 24 3 18 7 48 47 11 20 
44 36 3 5 27 47 19 34 37 4 22 8 39 14 42 38 31 21 11 12 25 35 16 20 40 2 1 23 48 33 17 6 30 15 7 18 41 49 45 26 10 29 46 43 13 24 28 9 32 
31 6 11 35 26 38 40 24 27 21 49 46 48 15 30 47 2 28 16 10 9 4 45 33 18 34 25 42 14 37 39 23 1 12 13 7 43 3 17 20 32 22 19 29 8 44 36 41 5 
37 22 48 25 16 46 45 18 20 33 35 42 26 23 43 36 6 3 24 40 19 32 21 28 13 7 41 49 47 8 2 34 29 44 10 14 9 5 39 12 38 11 15 31 30 27 17 1 4 
46 5 4 33 43 15 20 26 47 3 16 39 19 44 24 45 11 34 2 27 30 42 48 38 14 31 22 8 25 29 32 1 23 17 12 10 6 37 49 13 41 40 35 28 18 36 21 7 9 
6 32 26 41 23 12 31 8 10 46 14 38 4 24 13 20 36 22 48 49 21 43 35 16 34 25 11 33 7 9 37 39 28 42 5 15 1 19 3 30 29 18 44 27 2 47 40 45 17 
47 19 24 34 1 42 36 2 29 35 48 7 13 12 8 14 25 4 6 31 17 9 40 32 49 28 26 37 45 10 46 18 41 20 21 44 22 38 5 27 33 39 43 16 3 30 11 15 23 
27 28 35 9 48 13 18 5 23 42 21 43 31 49 15 41 37 10 7 19 26 29 4 36 3 45 44 17 6 40 30 11 2 34 8 24 47 14 32 25 12 16 33 38 39 22 46 20 1 
21 8 29 22 49 40 44 15 25 30 28 27 34 36 32 39 23 46 18 3 38 5 13 10 47 1 2 7 31 48 16 43 26 33 14 17 35 20 9 4 11 45 24 19 42 6 41 37 12 
17 3 25 16 38 39 30 6 33 45 40 37 11 22 12 9 5 1 28 44 42 27 15 46 41 18 21 20 49 19 13 4 47 35 24 2 23 7 26 36 34 43 48 32 29 10 14 31 8 
10 11 37 2 45 7 14 17 32 9 1 18 41 20 29 33 43 40 35 47 16 23 30 24 19 39 6 12 44 22 27 38 36 3 15 48 42 46 28 31 21 8 4 5 34 13 25 26 49 
22 4 1 10 44 29 6 40 48 14 27 15 7 17 37 18 24 43 39 41 33 38 3 47 21 26 20 32 36 2 12 16 19 23 46 5 30 42 25 34 8 49 13 9 28 45 31 35 11 
35 2 34 17 13 32 27 4 22 23 38 47 43 45 25 46 14 49 19 11 40 39 18 12 8 30 42 48 29 21 33 3 37 31 28 6 15 9 20 24 1 26 7 36 5 41 44 10 16 
48 46 23 3 28 26 38 30 21 34 41 25 37 8 20 5 13 29 47 36 31 49 24 35 10 27 14 22 4 6 9 45 17 7 43 16 19 32 44 11 2 12 1 40 33 42 39 18 15 
43 9 18 36 41 24 21 32 11 13 42 49 16 1 10 12 3 45 44 35 4 37 17 19 33 6 46 2 5 25 40 8 15 27 48 31 39 22 29 28 47 7 14 30 23 34 20 38 26 
45 20 19 12 25 37 42 3 6 10 36 5 9 39 1 32 22 17 8 16 2 28 7 34 31 13 15 43 18 11 41 26 44 24 30 23 33 35 27 14 40 38 47 49 4 21 48 46 29 
40 7 14 31 30 49 5 33 46 28 18 24 2 29 26 27 34 42 15 23 6 45 11 4 44 41 9 16 35 39 10 20 38 47 1 36 21 48 13 17 37 3 25 22 12 19 32 8 43 
33 15 47 39 11 16 8 20 19 31 12 44 35 26 9 30 38 48 21 28 7 25 29 40 1 23 36 5 32 34 42 14 13 22 49 41 45 10 46 43 18 4 17 24 6 37 27 3 2 
13 27 21 48 2 19 9 14 35 12 8 33 44 32 31 25 18 6 36 38 47 41 23 5 37 16 17 4 26 28 1 46 11 45 42 49 3 43 40 7 24 34 39 20 10 15 29 22 30 
26 17 16 11 20 1 37 10 24 36 43 41 28 31 44 19 21 39 45 5 48 8 38 6 25 42 7 15 34 3 29 32 14 40 27 22 46 4 30 33 9 23 2 35 49 12 18 47 13 
5 14 15 18 35 45 46 37 4 40 11 21 25 48 33 49 7 16 42 30 43 2 22 29 32 19 27 47 23 12 44 10 20 13 41 28 26 39 8 38 17 6 31 3 36 9 1 24 34 
3 47 10 30 39 22 7 38 34 26 20 23 49 9 46 35 32 12 40 15 28 11 31 18 48 44 13 14 17 5 24 33 6 25 2 45 37 1 42 29 36 21 41 8 43 16 19 4 27 
29 41 6 40 32 43 49 16 15 17 7 19 27 46 23 8 1 2 26 24 10 30 36 3 20 9 28 34 21 31 4 37 22 39 35 13 12 47 14 18 48 5 38 45 25 11 42 44 33 
4 23 44 8 36 33 34 42 39 22 2 6 29 47 11 3 9 14 13 17 20 24 26 1 12 40 35 45 30 49 18 7 43 16 38 19 31 25 10 15 27 41 28 48 37 32 5 21 46 
38 12 31 28 42 25 24 1 45 5 13 30 18 3 34 22 41 27 4 37 29 21 10 49 43 46 33 39 8 47 15 9 48 36 19 11 44 2 16 32 20 35 6 17 26 7 23 14 40 
15 16 13 14 31 21 26 22 41 18 33 48 24 27 36 43 45 19 25 20 34 6 37 7 17 49 5 11 40 4 8 29 10 30 3 38 2 28 12 44 39 9 42 46 1 23 35 32 47 
7 48 43 47 34 10 23 19 42 1 46 29 20 40 3 37 30 31 12 21 27 14 33 25 2 36 8 38 13 44 11 22 39 41 26 35 5 24 18 49 4 32 45 15 9 17 16 6 28 
11 35 9 24 12 20 25 47 30 8 4 3 32 2 5 28 49 44 38 1 14 46 27 48 45 15 19 21 37 42 6 31 18 43 16 29 10 17 7 22 23 33 34 39 41 26 13 40 36 
39 30 5 44 33 3 1 21 16 15 25 9 6 13 48 7 46 24 41 2 23 10 20 43 28 32 18 29 12 17 35 49 27 14 36 42 40 26 34 47 45 31 8 11 22 38 4 19 37 
19 42 38 49 29 36 22 28 14 11 39 17 45 5 16 13 26 32 10 6 35 40 47 31 24 4 23 41 33 7 34 21 9 46 25 8 20 15 37 48 3 1 27 12 44 43 30 2 18 
41 18 28 45 6 27 4 31 38 37 44 10 23 35 40 15 17 47 9 22 8 26 39 42 16 12 34 13 2 1 20 24 5 19 32 21 25 11 43 46 30 36 29 33 48 3 7 49 14 
8 40 32 46 37 2 17 7 12 49 26 34 36 43 4 11 42 18 33 29 39 3 44 22 9 35 30 1 28 15 48 47 45 38 23 27 13 16 19 41 6 14 20 25 21 31 24 5 10 
23 39 7 13 40 48 47 25 5 27 37 20 10 38 22 16 19 26 34 32 36 31 28 41 30 33 49 35 15 14 21 44 12 1 17 4 24 18 6 3 43 2 11 42 46 8 9 29 45 
24 33 46 15 17 44 43 45 8 19 29 31 42 34 27 21 40 37 14 48 11 36 25 39 6 22 12 18 41 23 5 13 3 10 20 26 32 30 38 9 7 28 49 1 47 4 2 16 35 
25 21 49 42 14 4 35 46 3 24 23 28 12 30 17 2 33 8 20 43 41 1 32 37 11 5 48 10 39 36 31 40 7 26 9 47 29 45 15 16 44 13 22 6 27 18 38 34 19 
28 29 36 26 3 11 16 49 43 6 17 35 1 4 7 31 15 13 30 46 18 20 34 21 42 38 45 9 27 32 47 19 24 2 22 33 8 12 23 39 25 37 40 41 14 5 10 48 44 
20 38 41 32 22 5 12 44 26 2 47 36 21 11 28 6 4 9 29 25 45 7 19 15 23 24 16 46 43 35 49 42 8 18 34 1 17 40 48 10 14 27 30 37 31 39 33 13 3 
34 31 27 37 9 18 10 41 40 39 15 32 14 33 38 24 47 5 23 42 1 13 2 44 4 8 3 26 11 30 45 48 16 6 29 46 49 36 22 19 35 20 12 21 17 28 43 25 7 
1 45 8 6 19 30 2 48 7 16 9 13 22 18 49 44 10 35 3 39 12 17 14 27 29 47 43 40 38 46 28 25 33 37 4 34 11 31 41 21 5 42 32 23 15 20 26 36 24 
################proper############## 

 average_time = 2.023513 

 success runs = 1 

 total average iters = 149415.000000 
