Success!!! 
 
 max_col = 
 49 
 
 run_time = 
 1.291651 
 
 once iters = 
 68913 
 
2 14 3 42 49 10 36 39 17 45 5 31 41 13 30 16 35 9 6 12 38 23 26 11 1 4 29 27 15 22 48 24 40 25 33 47 34 28 46 8 21 44 32 43 20 19 37 18 7 
17 46 47 19 15 20 38 6 11 10 36 34 14 16 2 7 26 1 37 29 27 25 12 18 24 33 31 32 28 13 35 21 5 45 8 43 9 40 23 30 48 49 41 42 3 39 22 4 44 
21 40 34 44 43 27 29 28 23 18 3 8 33 9 15 45 32 31 4 22 13 35 10 30 46 42 37 20 36 7 6 1 2 49 39 17 25 41 16 24 19 14 11 48 38 5 26 47 12 
4 13 26 41 30 5 24 20 40 25 48 1 2 12 47 49 28 17 33 8 18 6 38 43 9 36 21 44 32 3 19 46 31 10 16 39 22 42 37 7 11 35 34 23 27 15 29 14 45 
28 39 1 33 22 12 37 21 7 30 4 42 24 29 36 41 25 40 14 11 19 49 5 34 48 47 45 13 17 26 38 20 23 44 43 18 3 27 2 31 15 32 9 16 8 10 6 46 35 
9 8 18 11 7 32 31 38 47 46 35 22 26 15 24 43 48 23 34 44 21 17 3 28 39 16 2 19 29 37 41 12 42 27 14 33 5 10 45 6 4 20 36 13 49 1 30 40 25 
45 35 16 48 23 25 6 32 43 19 49 44 37 27 42 10 39 5 46 3 20 15 22 14 7 41 40 8 18 30 47 34 9 11 4 26 29 12 36 38 1 13 2 21 24 17 33 31 28 
49 6 19 40 4 36 12 48 28 2 38 16 8 20 35 46 18 13 22 7 1 10 37 47 41 9 14 3 23 25 34 30 29 17 11 24 45 39 44 15 33 26 21 31 42 43 5 27 32 
18 29 25 27 48 37 1 31 35 9 34 5 36 26 14 17 44 8 47 40 24 39 4 12 11 28 6 16 20 45 42 38 33 46 3 13 43 2 32 21 22 41 30 19 10 23 49 7 15 
33 22 13 5 8 47 15 42 27 49 17 41 25 4 34 32 29 10 12 39 37 48 20 45 18 21 46 2 43 24 7 31 14 26 19 35 30 11 9 28 16 23 3 44 6 36 1 38 40 
14 10 44 24 21 45 16 13 1 29 15 32 7 30 28 19 42 49 2 6 36 38 33 35 22 43 23 26 12 41 39 48 8 40 47 27 31 4 5 3 18 46 37 9 11 34 25 17 20 
30 43 28 7 42 46 11 47 44 3 6 12 39 23 20 21 27 45 38 15 25 36 34 31 5 17 24 40 2 18 32 16 49 13 9 29 8 48 1 19 37 10 4 33 22 26 41 35 14 
3 9 38 23 34 2 17 19 24 37 21 43 40 11 41 5 4 26 31 30 33 8 29 13 32 15 44 49 1 36 10 6 22 35 27 12 7 20 42 25 14 47 45 46 39 16 18 28 48 
32 26 39 31 41 35 20 46 14 22 18 33 45 10 23 9 43 16 11 48 3 7 42 1 19 27 30 25 44 21 28 15 37 4 5 40 49 6 38 34 36 17 13 8 12 29 47 24 2 
35 33 41 3 37 24 49 9 5 15 1 46 16 44 6 12 36 18 17 20 29 11 28 23 30 39 25 42 10 14 26 19 32 43 45 7 13 38 40 48 47 31 27 2 4 21 34 22 8 
19 34 30 2 36 9 45 35 29 43 39 13 11 47 16 42 37 38 10 41 5 27 44 3 12 31 8 6 49 48 4 22 1 33 23 46 26 18 21 14 17 28 20 25 32 7 40 15 24 
16 23 31 4 40 44 47 3 8 48 26 30 6 18 11 25 14 21 27 34 15 13 19 22 43 29 38 41 7 35 17 39 46 2 24 9 20 32 10 12 45 1 33 49 36 28 42 5 37 
6 42 14 1 18 38 5 36 33 23 10 24 32 49 19 35 40 46 48 28 22 16 45 7 2 20 4 47 31 11 21 8 34 41 13 15 37 3 39 27 30 25 17 29 9 12 44 43 26 
8 21 17 10 46 39 25 2 12 38 14 45 27 7 44 33 49 47 1 43 26 32 9 37 36 34 15 48 5 40 16 18 28 20 30 6 24 23 22 42 29 4 19 11 35 31 13 41 3 
11 27 7 26 13 15 48 22 42 31 25 20 28 21 39 4 9 32 24 23 8 5 17 10 40 18 49 35 38 47 44 29 3 37 12 41 36 19 43 33 2 34 46 45 1 6 14 30 16 
43 28 29 12 20 22 32 34 37 40 19 17 4 41 31 3 30 2 13 45 7 46 24 21 14 26 33 1 6 9 25 36 27 15 42 8 16 44 11 49 35 5 18 39 23 47 48 10 38 
10 30 32 45 19 28 21 17 20 27 40 47 49 48 13 24 33 7 23 4 46 14 16 36 38 6 11 37 41 15 31 2 43 39 1 44 35 8 3 29 42 22 25 5 26 18 12 34 9 
47 5 27 34 33 41 22 7 30 11 16 2 29 24 18 39 38 6 44 9 43 4 1 8 45 48 13 23 25 12 3 49 35 14 32 21 46 26 20 17 28 36 40 15 31 37 10 42 19 
46 31 20 37 35 29 4 12 32 39 22 23 42 36 5 27 3 48 19 16 2 28 47 40 15 44 9 7 21 34 8 17 10 30 26 11 18 25 49 13 41 24 6 38 14 33 45 1 43 
12 38 48 49 17 18 14 41 25 26 28 21 34 6 45 30 31 42 8 37 11 43 35 46 29 3 27 10 19 4 22 5 36 47 44 1 15 9 7 40 23 33 24 20 2 13 16 32 39 
7 25 11 36 44 42 2 15 10 13 46 3 19 38 26 1 20 28 41 14 35 33 32 24 17 49 34 5 40 29 9 23 45 18 6 16 12 31 30 37 39 43 47 22 48 8 27 21 4 
26 3 24 39 1 43 23 8 18 44 31 9 5 45 22 40 15 34 49 47 10 20 21 41 25 19 12 30 37 42 13 33 16 38 7 32 27 14 4 2 6 48 29 28 17 35 11 36 46 
40 15 6 8 16 13 9 1 4 33 37 35 43 14 12 29 17 36 25 21 32 26 18 42 31 2 22 39 11 27 46 28 24 48 20 10 19 5 47 45 34 38 44 41 30 3 7 23 49 
31 32 4 43 25 23 8 14 46 12 24 10 47 17 21 22 41 33 35 13 49 9 36 2 34 30 1 18 42 5 45 40 26 6 38 3 28 7 15 44 20 16 48 37 19 27 39 11 29 
13 47 5 22 6 7 27 33 45 32 29 26 23 42 3 34 2 25 43 31 14 44 15 17 28 11 16 38 48 8 20 10 4 9 46 37 39 35 19 18 24 12 1 30 41 40 21 49 36 
29 16 45 17 12 11 40 27 49 36 8 18 30 39 1 6 5 4 26 42 9 3 14 20 37 7 48 22 47 19 15 44 41 24 34 31 10 21 33 46 13 2 43 35 28 32 38 25 23 
15 49 35 14 10 33 26 4 2 7 41 38 31 19 17 28 16 30 20 36 48 21 40 39 6 23 42 24 22 32 27 3 18 1 37 5 47 45 25 11 43 29 8 34 44 9 46 12 13 
36 18 37 28 9 48 3 16 21 34 20 40 35 43 10 44 12 29 45 46 39 19 27 5 13 25 41 31 30 33 23 14 11 7 2 49 1 17 6 32 38 8 42 24 15 22 4 26 47 
1 44 46 20 38 34 19 25 3 6 9 37 13 28 40 18 11 15 32 24 23 29 8 33 47 12 26 4 35 49 36 43 39 31 21 42 48 22 14 41 27 30 10 7 16 2 17 45 5 
24 41 42 21 2 30 39 44 22 1 11 15 48 5 38 37 8 27 7 19 47 45 43 49 35 32 10 46 13 16 29 25 12 28 17 23 4 34 26 36 9 40 14 6 18 20 31 3 33 
42 48 8 32 5 26 35 11 13 24 2 29 38 31 33 23 45 3 30 25 40 41 49 6 27 10 7 34 4 39 1 9 44 16 36 28 17 47 18 22 46 19 15 12 37 14 43 20 21 
22 24 43 15 14 21 46 23 36 17 30 49 20 33 7 38 19 37 28 26 42 40 31 9 16 45 35 12 8 2 5 13 47 34 18 4 44 1 29 10 32 11 39 27 25 41 3 48 6 
27 45 2 30 29 3 34 10 26 4 32 39 12 22 9 48 47 43 21 17 6 37 23 44 33 13 5 28 14 31 49 35 25 42 40 38 41 36 24 20 8 15 7 18 46 11 19 16 1 
23 17 10 18 39 40 33 43 34 8 47 6 1 25 29 31 24 11 16 49 41 22 46 19 4 38 3 14 27 28 37 32 20 21 15 48 2 30 12 5 7 9 26 36 13 45 35 44 42 
25 4 36 9 31 19 44 40 16 21 7 27 46 37 8 20 13 12 5 1 34 18 11 32 26 24 39 15 45 38 33 41 17 23 48 14 6 49 35 43 3 42 28 10 47 30 2 29 22 
37 11 49 38 47 1 13 45 48 41 42 28 9 35 46 2 10 14 15 18 44 30 25 29 20 8 36 43 3 6 12 26 7 19 22 34 40 16 27 39 31 21 23 4 5 24 32 33 17 
20 7 12 16 28 6 41 5 15 14 44 19 18 3 32 36 22 35 39 27 4 47 2 48 42 1 17 21 46 43 24 11 30 29 10 25 33 37 13 23 26 45 49 40 34 38 8 9 31 
34 1 9 47 27 49 18 37 38 28 12 11 17 2 25 26 23 19 29 10 45 24 6 15 8 22 20 33 39 46 40 42 21 5 35 30 32 43 31 4 44 3 16 14 7 48 36 13 41 
44 20 40 35 32 4 43 30 9 47 33 7 21 34 48 15 46 39 36 5 31 12 13 27 10 14 18 17 16 1 2 45 6 8 49 22 23 24 41 26 25 37 38 3 29 42 28 19 11 
41 37 33 13 11 16 10 24 39 35 23 14 44 46 43 8 7 22 42 38 30 31 48 4 3 40 19 36 34 17 18 47 15 32 25 20 21 29 28 1 12 6 5 26 45 49 9 2 27 
39 19 21 29 45 8 28 26 6 16 13 4 22 40 49 47 1 20 3 33 12 34 30 25 23 46 32 11 9 10 14 27 38 36 41 2 42 15 48 35 5 7 31 17 43 44 24 37 18 
38 12 22 25 26 31 7 18 41 20 45 36 15 32 37 11 21 24 9 2 17 42 39 16 49 5 43 29 33 44 30 4 48 3 28 19 14 13 8 47 10 27 35 1 40 46 23 6 34 
5 2 23 46 24 17 30 29 19 42 27 48 3 8 4 14 6 41 40 32 16 1 7 38 44 35 28 45 26 20 43 37 13 22 31 36 11 33 34 9 49 18 12 47 21 25 15 39 10 
48 36 15 6 3 14 42 49 31 5 43 25 10 1 27 13 34 44 18 35 28 2 41 26 21 37 47 9 24 23 11 7 19 12 29 45 38 46 17 16 40 39 22 32 33 4 20 8 30 
################proper############## 

 average_time = 1.291651 

 success runs = 1 

 total average iters = 68913.000000 
