Success!!! 
 
 max_col = 
 49 
 
 run_time = 
 0.836747 
 
 once iters = 
 26162 
 
43 42 47 39 16 17 37 48 31 45 44 32 3 12 28 38 10 21 27 46 40 26 15 35 30 5 1 22 18 8 29 6 14 9 19 20 13 36 25 49 11 24 41 4 34 7 33 2 23 
21 4 45 12 7 20 23 30 18 5 15 28 1 37 9 35 33 22 13 19 29 44 49 6 17 24 11 10 42 34 36 25 32 39 26 46 8 2 41 48 40 16 43 31 27 47 3 38 14 
41 44 35 48 25 2 36 49 24 43 10 9 14 40 15 18 3 6 11 16 17 28 42 4 12 33 7 8 37 45 5 38 20 27 13 34 23 1 47 32 31 26 29 39 21 46 30 22 19 
9 33 10 1 26 31 6 11 17 47 21 19 4 38 37 2 32 34 8 23 49 3 36 40 29 39 20 27 41 12 22 46 7 16 48 5 30 28 43 44 14 18 15 35 42 24 25 13 45 
11 5 8 38 29 34 19 41 13 36 23 7 22 16 14 1 20 12 47 48 4 31 18 25 9 46 43 32 30 24 35 33 15 17 2 39 42 21 27 3 10 45 44 37 6 26 49 28 40 
13 14 28 40 15 24 22 39 33 27 2 46 26 29 7 42 25 31 44 36 30 34 16 45 47 48 41 37 21 43 3 23 4 1 49 38 17 6 12 35 19 9 10 32 20 18 8 11 5 
3 27 46 32 30 49 18 25 35 42 34 8 20 6 45 26 43 24 41 5 39 38 14 19 21 2 23 13 44 47 31 28 40 10 11 33 29 37 7 4 22 15 12 1 36 48 9 16 17 
33 12 16 2 46 28 29 8 4 35 11 43 48 3 25 32 23 37 5 7 36 14 45 41 1 18 27 44 39 19 21 17 31 15 34 10 49 13 22 38 42 40 9 6 26 20 47 30 24 
40 21 19 6 42 13 26 10 37 34 1 23 27 39 18 41 15 29 46 8 47 20 4 12 7 43 22 9 48 49 16 24 38 33 36 25 32 35 44 28 30 11 17 45 31 2 5 14 3 
34 15 1 31 41 8 11 21 44 2 25 24 18 46 20 9 26 19 49 42 38 48 28 10 39 32 33 16 45 13 43 5 30 7 27 47 37 3 6 12 17 14 23 40 35 36 4 29 22 
18 3 23 47 5 45 35 32 38 30 14 20 49 28 31 11 48 44 6 22 27 46 21 17 13 29 25 36 40 10 26 12 9 2 4 24 19 8 16 1 34 7 33 43 37 39 41 15 42 
49 48 24 17 44 7 9 36 40 12 19 31 13 45 33 28 39 2 3 10 43 37 6 30 11 23 5 47 32 1 42 35 41 14 22 27 15 20 21 26 29 4 34 18 46 38 16 8 25 
22 39 38 43 32 27 30 29 47 16 41 15 5 17 40 24 14 13 4 21 1 19 35 42 26 34 31 3 20 18 23 8 25 37 6 48 36 46 9 45 33 2 28 7 11 44 10 49 12 
36 10 37 20 4 25 14 26 42 22 7 6 33 9 12 34 16 17 35 30 45 15 24 49 40 38 8 2 28 46 44 11 29 47 3 43 5 18 39 31 23 41 48 21 32 13 1 19 27 
5 25 17 8 27 9 49 42 14 10 6 22 30 47 38 16 35 1 36 37 21 12 40 26 20 3 4 39 19 15 28 41 34 48 31 2 24 7 33 46 18 44 45 13 29 32 11 23 43 
29 19 7 46 23 33 24 3 20 21 45 35 9 25 41 43 42 8 10 28 48 18 30 22 27 31 14 34 11 40 17 1 49 38 5 32 12 47 15 13 4 6 36 2 39 16 26 44 37 
30 26 22 45 1 21 40 18 28 37 17 4 39 23 5 6 12 32 20 24 19 25 7 13 38 10 16 29 14 35 47 2 44 3 8 36 11 9 34 42 43 31 49 27 41 15 46 33 48 
38 32 14 41 20 6 43 19 11 33 13 36 16 49 44 46 2 40 22 26 25 47 23 15 48 42 35 1 7 21 37 39 24 29 12 8 28 27 3 30 45 10 31 9 17 5 18 34 4 
44 31 13 3 35 16 15 24 12 41 27 38 46 34 39 23 45 9 18 4 7 33 11 21 28 17 2 49 6 30 32 36 10 26 43 37 1 14 48 5 25 29 22 20 8 19 40 42 47 
2 28 4 34 47 12 10 43 7 32 48 40 44 26 3 49 29 11 31 33 15 5 9 8 37 36 19 45 13 23 18 22 27 46 42 35 38 41 17 20 16 39 1 25 24 6 14 21 30 
42 37 39 18 11 36 48 5 1 15 29 2 31 8 34 14 47 30 17 27 13 32 41 24 43 6 44 46 33 20 25 4 16 45 9 26 21 40 23 22 49 19 3 10 7 35 38 12 28 
47 6 18 7 38 44 5 2 29 28 12 1 19 13 10 36 11 14 42 40 9 45 22 39 49 41 37 4 31 33 30 3 35 43 15 16 20 24 46 25 8 34 21 23 48 27 32 17 26 
45 8 31 21 3 19 32 27 41 17 37 49 24 22 48 13 38 18 2 6 26 43 12 16 46 47 28 25 5 11 1 44 42 4 23 30 9 29 40 33 39 35 20 14 15 10 7 36 34 
14 36 27 29 13 40 33 7 32 39 26 30 42 11 22 25 28 43 16 12 41 17 48 23 31 44 6 35 34 9 10 20 19 21 18 45 47 5 2 15 37 49 8 38 3 4 24 46 1 
10 43 34 37 49 30 46 14 15 48 38 16 8 4 21 17 44 35 29 31 23 13 33 1 36 7 18 20 24 32 39 45 6 40 47 12 27 42 28 19 26 3 5 11 2 9 22 25 41 
23 11 12 26 48 35 25 34 3 44 31 33 36 20 24 47 49 39 1 32 5 30 19 2 15 8 9 38 29 41 27 16 46 22 14 17 7 10 4 21 13 43 40 42 45 28 37 18 6 
4 16 42 15 28 22 1 40 45 25 9 47 6 5 27 30 8 20 19 3 46 21 29 34 14 11 10 24 12 17 2 26 37 36 7 18 48 31 32 41 38 23 13 49 44 33 43 35 39 
17 20 2 24 9 39 41 46 43 23 35 18 21 10 4 33 7 45 37 15 34 27 32 5 3 26 40 42 38 25 49 13 48 8 28 6 14 22 11 36 44 1 30 19 16 12 31 47 29 
39 47 49 19 43 14 7 17 8 11 4 34 2 1 26 27 22 16 23 13 12 24 20 9 33 45 15 28 35 3 48 32 36 30 41 40 31 38 37 6 21 42 46 29 18 25 44 5 10 
16 17 44 25 12 42 38 15 30 9 20 14 45 21 19 3 18 48 28 49 24 29 37 32 10 27 36 6 43 4 33 7 26 11 1 23 46 34 5 47 35 8 39 41 40 22 2 31 13 
32 40 36 10 22 3 28 37 23 19 43 41 38 44 11 8 1 5 21 39 2 49 13 46 18 35 12 7 25 31 20 34 45 42 17 15 26 16 24 29 27 30 4 33 47 14 6 48 9 
46 1 48 27 31 18 20 13 6 40 5 26 7 42 43 29 37 15 9 45 35 4 34 11 25 22 30 41 8 14 24 19 47 28 38 44 39 33 10 2 36 32 16 12 49 17 23 3 21 
6 2 26 30 8 41 13 35 46 18 49 48 29 24 17 31 34 10 32 20 33 42 44 47 23 21 38 43 9 39 12 40 22 5 16 4 3 25 14 11 7 28 37 15 19 1 45 27 36 
37 9 5 23 34 29 4 47 25 31 22 12 32 33 30 7 36 41 38 44 14 2 26 3 16 40 39 19 46 27 15 18 21 6 10 13 45 49 1 17 48 20 35 28 43 11 42 24 8 
24 45 15 35 33 11 21 16 27 3 39 10 28 36 46 40 6 4 25 47 42 1 31 48 8 14 17 5 2 44 13 37 23 49 29 9 43 12 19 18 41 22 32 26 38 30 34 7 20 
20 29 3 33 36 48 34 28 9 13 46 17 43 7 35 15 24 27 39 2 31 16 38 44 42 37 45 18 26 22 41 21 5 25 32 1 10 23 8 14 6 47 11 30 12 40 19 4 49 
26 7 30 11 24 23 45 4 21 49 36 3 47 32 42 19 17 28 40 25 6 41 8 33 2 12 13 48 27 16 14 10 1 20 39 22 35 44 31 9 15 46 38 34 5 43 29 37 18 
12 35 41 42 17 43 16 23 2 6 40 44 25 19 49 21 9 38 48 1 18 39 10 36 5 28 46 30 4 7 45 47 11 31 24 29 34 32 13 27 20 37 14 3 22 8 15 26 33 
19 49 32 22 40 37 44 1 5 8 30 29 34 31 23 45 4 46 12 14 3 9 27 20 24 15 47 11 17 48 6 43 33 13 35 41 18 26 38 16 2 21 25 36 10 42 28 39 7 
1 38 9 4 39 47 27 45 22 26 24 37 41 14 29 10 13 36 34 43 20 35 25 31 32 49 3 40 15 28 8 42 18 12 46 11 33 19 30 7 5 48 2 44 23 21 17 6 16 
28 13 21 5 18 10 31 12 48 20 16 39 11 15 8 44 30 47 33 41 22 6 17 7 19 4 26 14 23 38 9 29 2 34 37 49 25 43 42 40 3 36 24 46 1 45 27 32 35 
25 46 6 14 2 15 8 33 10 38 42 27 35 18 32 37 5 26 7 11 16 22 43 29 34 1 21 23 49 36 40 30 3 19 44 28 4 17 45 39 24 12 47 48 13 41 20 9 31 
7 41 40 9 19 5 47 20 39 29 18 13 37 48 6 12 21 42 14 34 28 8 3 38 35 25 32 17 16 26 46 15 43 24 30 31 44 11 49 10 1 33 27 22 4 23 36 45 2 
35 24 25 36 37 32 42 38 26 46 28 11 15 2 1 4 27 3 30 17 10 23 39 43 41 16 48 31 22 5 7 14 12 18 33 19 40 45 29 34 47 13 6 8 9 49 21 20 44 
31 34 11 49 21 38 12 6 36 1 47 42 40 30 13 48 19 23 26 18 44 10 46 27 22 20 24 33 3 37 4 9 17 41 45 14 2 15 35 8 28 5 7 16 25 29 39 43 32 
48 22 29 44 10 46 2 9 19 24 32 21 17 43 36 39 40 7 45 38 8 11 1 14 4 13 49 26 47 6 34 27 28 23 20 3 16 30 18 37 12 25 42 5 33 31 35 41 15 
8 18 43 28 6 4 3 31 16 14 33 45 10 27 47 20 41 49 15 29 11 40 5 37 44 9 42 21 36 2 38 48 13 35 25 7 22 39 26 23 32 17 19 24 30 34 12 1 46 
27 23 20 16 45 26 39 22 34 4 3 25 12 35 2 5 31 33 24 9 32 7 47 28 6 30 29 15 1 42 19 49 8 44 40 21 41 48 36 43 46 38 18 17 14 37 13 10 11 
15 30 33 13 14 1 17 44 49 7 8 5 23 41 16 22 46 25 43 35 37 36 2 18 45 19 34 12 10 29 11 31 39 32 21 42 6 4 20 24 9 27 26 47 28 3 48 40 38 
################proper############## 

 average_time = 0.836747 

 success runs = 1 

 total average iters = 26162.000000 
