Success!!! 
 
 max_col = 
 49 
 
 run_time = 
 2.091152 
 
 once iters = 
 141509 
 
19 24 49 10 2 22 15 25 9 34 16 12 43 17 1 29 11 20 48 27 18 45 41 39 31 3 37 36 5 28 26 42 44 21 13 8 38 40 4 30 6 23 33 47 32 7 14 46 35 
3 17 7 29 38 33 41 44 21 37 31 4 1 28 14 35 13 43 39 40 9 25 34 10 5 47 23 32 20 36 16 27 12 6 49 11 46 22 26 15 24 18 48 42 2 30 8 45 19 
6 5 34 45 26 25 46 36 48 27 19 23 11 38 41 32 12 2 3 8 7 30 18 20 33 16 24 49 10 9 22 4 29 31 14 1 35 21 43 47 28 42 40 17 13 44 39 15 37 
32 27 16 1 14 8 36 26 18 24 7 47 30 13 6 31 38 5 15 28 17 40 12 42 48 2 21 22 43 46 33 39 34 19 35 37 25 45 44 49 3 29 41 20 4 23 11 10 9 
35 47 11 18 28 23 12 20 14 3 39 45 32 42 49 34 33 44 36 37 19 17 46 8 29 15 26 4 1 24 2 7 30 40 41 31 27 9 10 48 16 13 43 5 25 21 38 6 22 
21 43 4 9 44 40 37 6 22 41 35 15 33 8 42 23 26 24 10 30 46 28 19 11 27 13 14 38 18 25 47 3 48 17 45 5 2 39 20 7 32 12 34 16 31 29 1 49 36 
39 13 48 31 42 20 30 40 5 2 46 29 49 10 22 25 47 21 16 4 45 9 6 43 35 7 1 44 23 37 8 38 15 32 11 36 33 41 17 19 14 34 3 28 12 18 24 27 26 
15 9 47 39 37 21 26 48 2 42 34 14 17 27 35 5 4 7 11 19 44 43 3 23 30 45 32 46 33 16 13 29 40 12 6 49 22 28 25 18 31 1 24 36 41 38 20 8 10 
49 3 13 40 8 24 2 21 47 5 4 38 19 25 16 46 15 9 33 36 29 48 11 41 18 35 6 10 37 43 28 22 31 20 30 7 44 26 32 23 42 39 45 1 17 27 12 34 14 
20 25 18 48 29 32 44 35 10 22 30 39 3 41 31 37 23 47 13 38 2 34 49 40 4 1 16 26 36 15 45 17 42 8 27 24 12 14 21 11 33 19 9 43 7 28 46 5 6 
38 30 45 41 23 43 42 9 33 13 44 16 40 31 3 6 25 27 1 14 49 37 20 21 24 12 28 17 32 48 19 2 35 10 7 34 47 36 29 8 5 46 39 11 15 26 22 4 18 
4 33 31 5 11 17 27 28 1 6 15 8 7 26 32 24 45 12 30 48 34 13 29 19 14 36 22 25 47 49 21 41 39 18 46 3 10 38 9 16 43 20 35 23 44 2 37 40 42 
34 14 19 16 6 46 1 12 43 49 36 20 45 11 10 39 21 28 22 18 40 7 8 2 15 38 33 42 24 26 44 5 23 9 3 27 41 4 35 17 13 37 31 30 47 48 29 25 32 
10 36 22 7 12 35 28 29 24 46 37 32 23 18 20 43 41 17 8 26 42 27 31 9 39 5 44 47 4 14 25 1 38 11 34 6 30 48 15 40 2 45 49 19 21 33 3 16 13 
2 34 6 11 46 18 9 30 41 7 14 22 48 43 29 38 16 42 37 20 47 31 23 44 28 4 13 45 25 32 12 40 24 27 15 26 1 10 3 39 17 8 19 21 35 49 33 36 5 
5 31 42 3 27 4 40 19 32 8 13 26 10 20 18 44 9 23 43 15 33 38 16 1 17 39 11 2 48 47 29 34 14 35 37 22 28 49 36 45 21 6 12 7 24 25 41 30 46 
37 7 1 49 30 47 48 23 29 31 33 27 25 16 39 45 40 14 4 41 35 20 21 32 8 9 19 24 3 38 6 26 28 5 36 42 11 13 46 12 15 44 10 22 34 43 2 18 17 
14 41 21 22 36 45 25 15 3 17 42 28 24 35 12 8 6 46 5 32 26 49 47 27 10 37 43 40 11 19 1 33 7 39 2 30 16 31 48 34 18 4 23 44 29 9 13 38 20 
24 23 20 32 10 13 35 5 4 39 11 21 18 12 17 30 19 49 28 7 27 15 48 22 34 33 36 6 42 41 46 8 16 45 44 2 43 25 38 29 9 40 47 37 1 14 26 31 3 
17 19 28 44 43 29 33 47 37 36 2 1 38 45 48 21 34 11 25 31 13 46 42 30 12 26 35 3 49 4 18 10 20 22 9 32 14 24 5 41 23 7 27 40 8 15 6 39 16 
26 8 12 38 15 16 39 34 49 44 40 46 6 9 2 36 1 22 24 10 3 29 25 5 7 18 41 14 13 30 31 23 21 43 17 19 37 35 47 33 20 27 28 48 45 32 42 11 4 
36 39 25 42 33 28 18 7 12 14 43 37 31 48 21 2 24 3 6 46 32 35 15 17 19 20 34 23 16 10 38 49 22 13 4 44 26 1 45 27 40 47 29 8 11 5 9 41 30 
46 45 23 26 9 15 32 22 8 38 10 44 35 39 5 19 37 16 34 49 20 3 13 18 36 43 27 12 14 1 40 48 11 24 21 41 29 30 28 25 4 31 7 6 42 17 47 2 33 
30 40 35 37 3 1 11 33 42 19 29 41 28 15 26 9 39 8 18 43 36 22 32 38 44 31 48 21 7 2 34 47 45 46 25 16 5 6 49 10 12 17 13 4 14 20 27 24 23 
16 10 38 13 41 7 17 24 6 32 20 18 4 30 33 27 48 40 45 44 22 14 28 25 1 29 47 5 35 31 42 15 8 26 19 23 9 11 2 46 39 3 37 49 43 12 36 21 34 
22 4 8 20 24 12 21 45 17 47 27 36 16 2 38 41 42 29 14 11 31 33 26 37 49 30 10 9 6 44 23 18 43 28 5 48 13 7 34 32 19 35 15 46 3 39 25 1 40 
27 6 29 19 47 2 31 49 13 11 5 25 26 34 4 15 7 1 23 12 28 16 40 45 46 24 39 41 9 3 37 30 17 33 20 38 42 43 14 21 8 36 22 10 18 35 32 48 44 
44 49 14 43 34 48 5 46 23 40 21 3 9 1 13 17 35 10 47 25 30 8 2 7 42 6 4 11 12 29 27 36 32 41 39 33 20 37 18 24 22 15 26 45 16 31 19 28 38 
9 38 2 35 48 44 43 41 16 30 6 17 15 4 28 49 8 25 19 42 23 21 24 34 32 11 18 27 26 22 36 46 3 47 29 13 45 12 1 5 7 10 14 31 33 37 40 20 39 
40 12 39 14 22 10 13 38 19 25 32 5 34 24 47 16 17 31 26 45 11 2 33 49 6 48 20 15 44 42 30 28 9 1 18 43 23 8 27 37 35 21 36 3 46 4 7 29 41 
28 21 17 46 49 6 4 27 31 33 48 35 39 37 30 10 32 15 7 13 1 26 22 29 25 40 42 43 19 45 11 14 2 38 24 47 3 18 41 20 36 9 16 12 23 34 5 44 8 
41 1 36 24 32 19 3 14 45 21 49 42 22 40 34 4 46 18 29 5 37 39 17 12 9 23 7 35 8 20 48 16 27 25 10 28 31 44 33 2 26 11 6 38 30 47 43 13 15 
25 16 33 23 31 26 8 18 28 10 1 7 47 36 27 3 20 48 40 21 6 44 5 46 45 19 38 37 41 35 32 12 13 34 43 39 4 15 30 42 29 14 11 24 49 22 17 9 2 
42 29 30 47 5 34 20 11 44 23 12 9 13 3 43 22 14 36 35 2 38 41 10 31 16 28 8 1 15 39 7 37 33 4 40 17 49 46 24 6 48 25 32 26 27 45 18 19 21 
7 11 37 15 18 27 45 2 26 29 8 43 20 46 9 33 44 41 12 39 24 4 36 47 13 14 3 30 17 6 5 21 49 23 31 40 19 32 16 38 34 22 1 25 48 10 35 42 28 
33 15 44 30 17 37 16 13 38 1 47 2 46 22 40 26 28 39 41 34 21 19 27 4 23 32 9 18 31 12 3 25 10 42 8 29 24 20 11 14 45 49 5 35 36 6 48 43 7 
12 22 32 2 19 31 10 8 35 20 24 11 42 49 36 14 3 13 38 23 15 5 43 26 37 44 25 48 45 34 9 6 18 29 47 4 39 17 7 28 41 30 46 27 40 16 21 33 1 
29 20 26 28 40 11 49 43 27 48 3 6 44 14 25 18 5 19 31 22 16 47 38 35 21 8 46 13 39 7 4 24 41 30 33 9 32 23 37 36 1 2 17 15 10 42 34 12 45 
18 48 27 34 25 39 14 17 7 28 45 40 36 19 37 20 10 32 49 9 12 24 1 33 2 42 31 29 21 11 43 35 5 44 22 15 6 16 8 3 46 26 4 13 38 41 30 23 47 
13 46 3 6 4 41 47 32 39 9 26 33 5 21 24 11 27 45 17 29 43 36 30 16 40 10 15 7 2 23 49 20 1 37 48 12 34 42 19 35 44 38 25 18 22 8 28 14 31 
23 35 43 36 45 5 7 4 34 18 41 31 12 29 8 1 30 6 42 47 48 11 39 14 20 17 49 28 46 40 15 19 26 16 38 25 21 27 22 13 10 33 2 9 37 3 44 32 24 
1 42 9 8 21 38 24 16 30 15 25 10 37 23 44 7 2 33 46 35 4 6 45 3 41 22 12 34 28 27 17 13 36 14 32 18 48 5 40 31 47 43 20 39 19 11 49 26 29 
31 2 10 4 39 30 22 42 25 26 38 49 29 32 19 28 36 37 9 16 14 1 35 48 11 41 17 8 40 33 20 44 46 7 23 45 18 47 13 43 27 5 21 34 6 24 15 3 12 
43 26 24 21 16 36 34 10 20 35 17 48 2 47 45 13 29 38 44 33 5 12 37 28 22 49 40 39 30 8 14 11 6 3 42 46 15 19 31 4 25 32 18 41 9 1 23 7 27 
45 18 15 17 13 3 23 37 40 43 9 19 8 6 11 42 49 34 21 24 25 10 4 36 26 27 30 16 29 5 39 32 47 2 28 35 7 33 12 1 38 41 44 14 20 46 31 22 48 
47 37 5 33 20 49 29 1 15 4 22 30 21 44 7 40 43 35 2 3 39 23 14 24 38 46 45 31 27 18 41 9 19 36 12 10 8 34 6 26 11 48 42 32 28 13 16 17 25 
11 28 40 12 35 14 6 39 46 16 23 34 41 7 15 48 18 30 27 1 8 32 9 13 3 25 29 20 22 17 10 31 4 49 26 21 36 2 42 44 37 24 38 33 5 19 45 47 43 
8 44 46 27 1 9 38 3 36 12 18 24 14 33 23 47 31 4 32 6 41 42 7 15 43 21 5 19 34 13 35 45 25 48 16 20 17 29 39 22 49 28 30 2 26 40 10 37 11 
48 32 41 25 7 42 19 31 11 45 28 13 27 5 46 12 22 26 20 17 10 18 44 6 47 34 2 33 38 21 24 43 37 15 1 14 40 3 23 9 30 16 8 29 39 36 4 35 49 
################proper############## 

 average_time = 2.091152 

 success runs = 1 

 total average iters = 141509.000000 
