Success!!! 
 
 max_col = 
 49 
 
 run_time = 
 0.824196 
 
 once iters = 
 29342 
 
26 2 3 34 37 24 42 32 36 22 41 15 17 31 30 16 11 48 29 12 10 35 8 46 38 40 43 4 49 19 1 9 18 5 47 21 33 27 14 45 44 28 39 20 23 25 13 6 7 
4 43 20 1 33 49 22 11 38 45 48 47 7 10 2 19 28 35 26 44 17 12 25 27 6 16 31 5 39 24 41 13 15 14 21 3 9 42 23 29 40 46 37 32 36 8 30 34 18 
28 27 45 6 40 29 17 26 34 19 3 13 14 24 1 43 32 39 4 37 15 9 30 2 7 36 42 21 46 20 33 8 10 23 44 12 25 48 49 31 18 22 11 35 38 5 41 47 16 
21 36 32 14 30 46 44 23 49 25 5 33 9 6 8 34 47 13 7 27 18 22 20 24 26 29 41 37 28 16 2 48 31 42 17 39 43 15 11 19 35 38 10 12 1 3 4 40 45 
41 39 18 19 5 12 47 2 21 29 20 42 16 28 36 3 33 40 14 23 31 10 15 1 13 11 49 45 38 30 32 34 25 35 43 8 7 17 6 37 26 4 27 46 9 48 44 24 22 
13 23 31 7 48 25 11 40 39 46 35 37 18 8 24 45 38 41 42 5 9 47 3 28 34 44 33 19 29 6 27 12 22 36 4 30 2 32 16 20 1 10 17 43 49 15 26 21 14 
15 9 10 38 8 16 35 27 4 43 12 44 1 30 6 20 49 22 46 21 25 39 48 23 17 14 18 32 3 11 45 40 26 37 7 24 36 34 5 13 41 47 29 31 2 33 19 42 28 
10 38 13 12 17 14 2 29 24 47 26 28 48 34 15 32 43 20 22 33 16 3 19 45 37 9 36 7 4 31 40 23 30 18 25 5 41 11 46 49 8 39 1 21 44 42 6 35 27 
18 24 25 5 43 44 49 41 35 37 33 46 40 9 7 17 2 10 48 8 4 42 26 29 28 31 6 14 21 36 34 22 47 1 20 27 45 3 38 15 13 12 30 19 16 39 23 11 32 
30 16 4 41 45 37 28 31 22 15 36 19 32 27 9 6 29 25 44 1 23 48 33 13 39 10 20 2 43 14 42 46 11 38 8 35 47 21 40 24 34 7 18 3 12 26 49 5 17 
20 40 19 48 34 26 15 6 8 10 1 16 5 11 14 21 42 31 27 3 49 38 18 12 44 35 22 24 37 29 39 41 32 45 9 36 28 30 2 4 23 17 13 47 43 7 25 33 46 
31 29 9 8 21 27 6 7 3 20 39 12 45 23 11 26 18 34 38 40 30 49 5 43 47 15 46 25 2 17 35 19 13 24 33 32 16 44 48 42 37 1 28 10 41 22 36 14 4 
39 32 47 23 22 7 33 18 17 2 14 43 42 13 41 5 36 28 35 24 46 8 27 11 30 21 4 1 44 12 15 3 49 6 16 26 10 20 19 25 29 9 45 34 31 38 48 37 40 
35 46 42 11 36 3 1 30 44 4 25 21 49 38 19 13 39 45 37 47 12 17 32 34 40 41 23 16 27 26 48 28 5 7 10 22 18 43 33 6 31 14 8 9 15 20 24 29 2 
49 13 43 20 26 6 18 34 27 33 9 45 46 15 40 8 16 30 17 11 3 7 31 25 48 1 29 22 10 2 4 44 19 28 23 14 37 35 36 39 47 32 38 24 42 21 12 41 5 
23 48 30 10 42 47 24 35 40 44 21 32 4 14 5 1 41 38 6 2 27 19 43 15 12 49 16 46 7 37 22 11 36 33 34 13 26 18 9 28 17 45 20 25 8 31 39 3 29 
16 8 11 15 2 5 45 3 29 48 23 30 36 18 42 39 9 26 25 43 13 4 21 6 32 38 44 10 14 35 47 31 17 40 41 7 49 19 24 12 46 20 33 22 34 28 1 27 37 
22 14 33 3 38 32 34 39 26 13 19 1 25 49 20 37 4 24 28 46 29 11 35 40 2 17 8 47 45 18 21 30 9 12 42 31 23 6 41 5 10 27 44 7 48 16 43 15 36 
37 21 17 27 46 36 41 12 2 8 10 24 38 7 48 23 19 32 47 31 35 34 14 20 33 28 9 30 5 15 49 43 6 39 1 29 44 22 42 3 16 25 4 11 13 45 40 18 26 
29 44 7 35 25 19 12 42 31 16 47 20 28 37 18 15 21 14 10 34 22 45 39 36 27 3 5 41 24 8 26 38 46 13 48 40 30 4 1 33 43 11 49 23 32 6 2 17 9 
1 4 40 39 28 9 31 43 11 5 6 17 22 41 44 12 45 33 49 36 7 23 24 37 18 26 13 42 20 25 3 29 27 16 32 34 38 2 8 21 15 48 46 30 47 35 14 10 19 
45 5 26 17 29 48 20 13 33 27 40 9 6 43 34 24 31 23 19 4 38 14 46 49 21 22 39 44 47 41 7 2 37 15 30 16 3 8 32 36 42 35 12 28 25 18 10 1 11 
14 47 28 16 24 30 40 15 37 3 18 38 10 25 12 27 48 7 39 49 2 20 17 8 36 4 32 31 1 44 11 35 43 9 29 41 5 26 45 22 33 23 34 6 46 19 21 13 42 
27 49 2 42 35 13 3 20 14 39 22 31 24 36 45 25 6 8 21 16 1 28 47 18 15 7 37 34 40 4 17 10 23 26 19 11 46 29 12 48 9 30 5 38 33 41 32 44 43 
44 18 12 21 15 33 39 19 16 11 28 29 47 1 32 30 26 42 5 35 37 43 38 3 41 27 2 23 31 48 6 36 14 8 46 17 20 10 34 40 25 13 7 45 4 49 22 9 24 
34 19 23 36 1 10 9 46 32 30 49 7 26 35 22 44 20 18 41 15 14 33 6 16 42 13 40 11 25 39 12 5 45 27 24 47 21 28 37 38 4 43 48 2 17 29 3 31 8 
32 41 46 37 11 43 7 21 45 23 8 34 44 4 28 40 17 9 3 10 36 24 29 5 25 12 1 48 18 22 13 33 42 49 38 19 31 39 27 2 6 15 35 14 26 47 16 30 20 
38 22 6 25 31 8 4 17 5 42 2 41 12 48 33 11 13 46 43 29 47 26 10 19 45 30 35 9 34 32 20 16 28 21 3 44 14 49 7 1 24 18 40 36 39 37 27 23 15 
2 11 14 49 32 23 13 36 15 12 24 25 20 22 38 31 7 5 33 28 8 27 9 47 4 43 21 18 35 34 37 45 16 44 40 6 19 41 3 17 39 42 26 1 30 10 29 46 48 
9 3 44 28 16 35 37 33 46 26 11 39 8 32 25 2 10 21 18 22 42 36 1 17 14 23 34 38 48 27 19 20 29 41 12 43 13 5 31 30 7 24 6 15 45 40 47 4 49 
7 34 48 47 10 31 8 16 28 40 30 3 21 29 39 49 12 17 36 6 45 32 42 44 11 19 24 20 13 43 18 15 1 4 26 9 35 38 25 46 2 33 14 41 5 27 37 22 23 
33 17 24 43 4 40 21 10 23 6 7 14 31 47 26 41 44 1 30 13 48 2 37 39 46 8 15 3 22 42 5 25 38 32 49 18 12 45 28 11 27 29 19 16 20 34 9 36 35 
6 45 38 22 27 41 36 9 19 34 42 18 35 44 3 4 37 29 24 14 43 5 16 31 10 25 48 40 30 47 23 39 33 46 2 49 15 1 26 32 20 8 21 17 11 13 7 28 12 
19 25 1 46 12 15 30 4 41 17 37 27 43 5 47 35 23 11 32 20 40 29 49 33 22 45 26 13 9 7 36 6 3 31 28 10 48 16 44 34 14 21 24 42 18 2 38 8 39 
42 20 5 26 39 18 29 49 48 1 38 2 13 45 16 9 46 27 15 19 34 41 28 7 35 6 30 12 17 21 24 14 8 10 11 23 4 37 22 47 36 40 43 44 3 32 31 25 33 
43 15 8 40 49 11 48 1 12 24 46 36 33 19 4 10 30 16 45 25 32 6 41 14 31 18 7 26 23 3 29 47 44 34 22 28 39 9 35 27 21 5 2 13 37 17 42 20 38 
5 42 22 32 44 1 25 48 47 7 17 4 11 16 35 38 14 15 2 26 33 30 13 9 23 34 3 39 8 49 28 37 21 43 18 20 40 12 29 10 19 31 36 27 6 24 46 45 41 
46 6 34 33 41 21 16 38 13 9 45 40 23 39 17 28 3 19 20 48 44 37 12 35 29 32 10 27 36 1 31 42 4 2 15 25 8 24 30 14 49 26 22 18 7 11 5 43 47 
3 35 36 18 13 4 26 28 10 49 29 6 37 2 23 22 24 43 31 7 11 16 40 21 8 42 19 15 12 5 38 17 20 30 27 45 1 46 47 41 32 34 9 39 14 44 33 48 25 
12 31 27 2 19 45 10 25 43 14 34 22 30 26 21 36 40 47 8 9 5 1 44 4 20 33 11 17 41 46 16 32 24 48 39 42 6 7 13 18 38 37 15 29 28 23 35 49 3 
24 37 39 9 20 17 23 8 18 21 31 35 15 42 13 29 27 49 12 41 6 46 22 38 5 2 47 28 33 10 14 7 40 25 45 48 11 36 43 16 3 44 32 4 19 1 34 26 30 
47 7 29 30 14 28 38 44 20 41 32 5 27 3 46 18 34 37 1 42 39 25 36 48 43 24 45 49 19 13 9 26 35 11 6 4 17 33 15 23 22 2 31 40 21 12 8 16 10 
40 1 41 31 9 38 14 5 30 28 13 10 39 17 29 47 22 2 16 32 21 44 7 42 49 48 12 8 11 33 43 18 34 20 35 46 24 25 4 26 45 3 23 37 27 36 15 19 6 
25 30 15 13 18 42 19 24 6 32 27 26 29 33 10 7 5 3 11 45 41 31 2 22 9 46 14 43 16 38 44 21 39 17 36 37 34 23 20 35 48 49 47 8 40 4 28 12 1 
11 26 49 45 47 34 27 22 25 38 44 48 19 46 37 33 8 36 23 30 20 21 4 32 3 39 28 6 15 9 10 24 7 29 31 1 42 40 18 43 12 16 41 5 35 14 17 2 13 
48 10 21 29 7 39 43 37 9 35 16 23 41 12 49 42 1 4 34 18 28 13 45 30 19 20 25 33 6 40 8 27 2 22 14 15 32 47 17 44 5 36 3 26 24 46 11 38 31 
36 12 37 4 6 22 32 14 42 18 15 11 2 21 31 46 35 44 9 17 24 40 23 41 16 47 38 29 26 45 30 1 48 3 5 33 27 13 39 8 28 19 25 49 10 43 20 7 34 
17 33 16 24 23 20 46 47 7 36 4 8 3 40 43 14 15 6 13 38 26 18 34 10 1 5 27 35 32 28 25 49 12 19 37 2 22 31 21 9 11 41 42 48 29 30 45 39 44 
8 28 35 44 3 2 5 45 1 31 43 49 34 20 27 48 25 12 40 39 19 15 11 26 24 37 17 36 42 23 46 4 41 47 13 38 29 14 10 7 30 6 16 33 22 9 18 32 21 
################proper############## 

 average_time = 0.824196 

 success runs = 1 

 total average iters = 29342.000000 
