Success!!! 
 
 max_col = 
 49 
 
 run_time = 
 0.611316 
 
 once iters = 
 17764 
 
32 26 31 42 35 6 46 30 49 20 38 23 4 15 29 33 1 44 27 39 12 36 21 40 45 48 2 18 7 17 13 43 41 10 37 47 24 5 3 8 25 34 16 22 9 11 28 19 14 
48 1 21 22 29 3 8 13 36 44 9 26 11 24 16 47 7 37 41 20 28 23 30 4 42 25 49 38 45 35 19 5 40 27 33 14 46 32 18 31 10 6 34 2 17 43 39 12 15 
27 9 37 47 33 34 12 40 2 32 46 18 43 48 8 49 30 19 10 13 15 39 3 1 14 16 41 26 22 25 11 31 24 21 20 7 23 17 42 28 44 36 35 38 45 6 29 4 5 
18 13 25 15 30 7 40 17 3 37 5 42 39 21 31 46 6 22 2 4 45 8 10 19 47 9 29 33 44 49 34 16 28 32 14 1 35 12 41 11 43 38 36 48 26 24 27 23 20 
4 16 43 19 24 20 45 33 7 10 41 28 31 35 48 32 23 42 18 9 14 17 46 12 11 34 5 22 36 8 1 6 2 38 26 39 15 37 27 29 30 49 21 13 40 3 47 44 25 
11 5 49 10 39 36 44 14 19 6 12 27 1 16 43 40 21 38 25 17 34 24 13 15 20 35 32 28 3 23 47 29 42 4 30 26 9 45 22 33 48 2 46 31 41 18 8 7 37 
41 14 38 17 2 28 23 45 25 22 47 34 8 29 11 36 24 26 5 3 35 44 6 43 27 7 37 31 12 39 48 18 46 9 15 16 4 40 13 19 21 20 42 33 32 1 49 10 30 
12 47 23 30 8 32 22 3 24 17 49 48 6 19 25 44 10 36 21 46 11 27 1 31 39 18 15 20 26 7 33 37 35 16 45 34 14 2 40 43 42 29 9 41 28 5 4 38 13 
25 27 16 49 14 1 43 29 42 8 2 47 30 26 34 6 41 20 35 28 17 37 23 24 5 21 33 19 38 11 44 40 3 36 4 13 39 22 9 46 32 12 45 7 18 48 10 15 31 
45 11 18 31 21 2 28 39 4 1 10 25 44 34 7 42 13 32 12 22 33 30 29 49 26 3 40 35 17 6 20 47 9 41 43 19 38 27 5 48 8 15 24 14 36 23 37 16 46 
44 29 7 5 15 40 33 22 37 18 36 14 13 20 2 38 39 8 48 16 1 47 43 10 46 28 9 41 34 12 32 49 27 25 23 31 3 24 4 26 45 35 19 17 42 30 21 11 6 
19 38 26 24 20 4 36 28 46 45 43 41 9 23 40 27 5 30 47 31 49 7 32 11 16 14 12 6 15 13 42 22 29 48 8 33 18 25 10 21 17 37 44 3 34 35 1 2 39 
46 35 39 37 17 41 10 16 27 40 32 21 15 38 18 3 29 23 9 45 43 42 34 48 2 4 13 8 5 14 28 24 31 30 19 44 36 1 11 6 49 7 20 26 22 47 12 25 33 
6 3 42 9 48 13 34 31 5 12 7 35 33 11 26 24 14 15 4 19 37 45 36 25 38 22 17 44 18 1 46 21 10 2 39 30 28 20 23 47 41 16 8 43 29 40 32 49 27 
38 15 10 6 12 9 27 42 14 46 33 45 17 32 23 35 19 4 20 44 18 41 8 30 34 31 3 13 48 22 49 28 1 43 36 2 16 26 21 39 5 25 11 47 24 29 40 37 7 
42 41 34 32 44 22 26 21 48 4 6 3 16 1 45 37 25 31 13 14 46 28 19 29 15 12 20 43 39 33 8 38 17 11 40 36 10 47 7 24 23 30 27 18 49 9 2 5 35 
39 2 11 29 3 23 19 41 13 9 20 40 7 18 28 34 48 17 30 6 21 14 16 45 35 24 46 36 47 15 12 25 5 26 32 22 27 49 38 42 37 33 43 4 31 10 44 1 8 
1 4 35 40 16 45 48 12 28 11 24 5 19 37 47 22 8 33 36 29 32 25 26 2 10 42 21 49 27 41 7 34 23 14 44 9 43 31 6 15 18 13 30 20 3 39 38 46 17 
47 28 20 43 49 33 13 25 15 29 44 10 38 30 24 5 2 3 7 41 42 9 40 18 23 27 39 1 37 46 21 45 4 35 31 11 32 8 48 17 14 19 22 16 6 26 36 34 12 
37 31 30 21 5 24 17 26 8 49 34 36 2 43 15 11 40 10 39 12 27 48 44 22 7 38 47 4 9 3 16 42 6 19 18 20 29 35 1 41 46 45 32 25 33 28 14 13 23 
7 8 36 18 46 25 14 47 39 23 27 22 35 31 9 16 49 43 1 26 38 33 5 37 17 32 6 11 30 24 2 10 13 20 29 28 12 44 34 40 4 3 41 45 19 15 42 21 48 
26 45 17 13 27 15 6 24 20 2 31 37 29 33 46 10 32 18 8 30 4 3 22 47 19 40 44 5 41 43 23 14 11 42 49 12 1 28 16 38 36 48 25 39 7 21 9 35 34 
34 25 19 41 23 18 30 4 40 21 48 7 49 44 37 14 28 9 26 15 16 29 27 32 6 13 8 17 24 47 10 35 12 31 38 46 20 11 43 45 33 39 5 1 2 36 22 42 3 
43 22 40 7 38 39 3 19 26 36 15 30 45 6 27 12 44 25 17 49 24 35 28 14 9 20 31 34 4 2 5 33 16 29 1 10 42 21 32 13 47 23 18 37 48 41 46 8 11 
20 24 1 35 42 37 5 34 16 25 28 38 14 46 6 21 47 29 22 33 3 15 11 7 36 43 30 23 8 45 17 44 39 13 48 40 19 41 2 49 9 18 12 10 4 27 26 31 32 
33 48 32 36 28 8 21 11 1 27 3 43 5 12 20 23 45 35 42 2 31 49 18 16 41 46 10 39 40 26 9 30 37 15 25 4 7 6 44 34 24 22 29 19 13 14 17 47 38 
49 12 9 16 47 46 31 18 22 35 8 17 10 13 36 41 38 7 11 40 39 4 33 42 48 37 1 2 19 28 6 20 32 34 21 3 25 14 26 5 29 27 15 24 43 45 23 30 44 
14 44 4 2 11 10 29 9 41 47 39 32 23 42 13 19 34 1 43 5 48 21 45 38 25 26 24 12 46 36 22 7 18 3 27 8 37 30 31 35 15 17 28 49 20 16 6 33 40 
31 37 48 4 18 27 7 32 12 3 11 13 24 49 14 9 17 39 38 47 19 46 41 6 29 8 28 15 35 20 36 1 44 33 2 21 30 43 25 10 26 5 40 34 23 42 45 22 16 
28 49 44 20 22 14 42 46 29 48 16 1 26 9 3 25 35 45 40 8 30 19 4 5 24 2 11 10 23 34 38 17 43 18 7 15 13 39 33 27 6 41 47 36 37 12 31 32 21 
35 30 41 33 45 29 47 6 44 7 23 8 40 39 5 43 36 2 16 1 22 18 25 21 31 17 42 32 49 27 24 3 15 46 12 38 34 9 37 14 19 28 13 11 10 20 48 26 4 
10 32 3 25 13 12 16 38 17 15 14 2 18 36 21 48 4 41 44 23 6 34 35 9 37 49 26 27 42 19 29 11 45 40 47 24 22 46 8 20 1 31 39 5 30 33 7 43 28 
23 34 2 8 9 19 15 5 45 43 35 4 41 28 10 26 42 49 37 27 20 12 7 3 44 33 48 40 21 30 31 39 22 6 13 32 17 29 36 16 11 47 1 46 38 25 24 14 18 
17 36 24 39 43 11 1 27 30 33 21 19 37 22 12 31 46 34 15 32 29 38 14 20 13 47 23 16 28 5 25 48 26 8 10 42 40 7 45 18 2 4 3 9 44 49 35 6 41 
21 6 5 46 40 26 38 20 47 34 42 31 25 10 33 18 11 24 28 7 13 1 39 36 22 45 43 30 16 32 41 4 14 37 9 35 49 48 12 23 3 44 17 27 15 8 19 29 2 
22 42 15 26 19 30 49 44 10 31 4 46 3 45 35 20 33 11 6 21 41 43 17 34 8 36 18 29 13 9 40 12 47 1 28 25 48 23 39 37 7 14 38 32 16 2 5 27 24 
13 20 46 27 10 16 37 49 32 14 26 11 21 8 22 15 43 12 45 48 9 5 47 28 1 6 38 7 33 44 39 41 30 23 42 18 2 19 24 4 35 40 31 29 25 34 3 17 36 
29 43 8 34 25 31 35 36 18 5 13 9 12 7 38 39 26 40 3 42 44 11 2 23 21 30 16 48 6 4 27 19 20 24 17 45 47 10 49 32 22 46 33 15 14 37 41 28 1 
24 23 14 3 41 17 9 35 43 28 1 29 47 25 19 8 16 13 49 37 2 40 42 44 4 39 22 46 31 10 26 32 36 5 34 27 33 15 30 12 38 11 48 6 21 7 18 20 45 
36 33 45 1 32 48 18 23 6 30 40 15 42 2 4 29 31 28 34 24 5 13 37 35 12 10 27 25 11 16 14 8 38 7 22 41 21 3 17 9 20 26 49 44 46 19 43 39 47 
2 7 28 44 4 47 39 48 38 16 17 24 22 41 1 30 27 46 32 10 25 31 20 33 49 19 14 9 43 37 18 15 21 45 3 6 5 42 29 36 34 8 23 12 35 13 11 40 26 
40 21 12 38 6 5 11 37 33 39 19 20 34 27 17 7 18 14 23 36 47 32 15 26 3 41 45 24 25 29 35 2 48 49 46 43 31 16 28 44 13 1 4 42 8 22 30 9 10 
30 17 47 23 26 44 4 7 31 13 22 12 32 3 42 1 9 5 24 35 10 16 48 8 18 15 19 45 14 40 37 36 34 28 11 49 6 33 46 25 27 43 2 21 39 38 20 41 29 
15 10 33 48 31 35 41 1 9 42 30 16 46 47 39 13 3 21 29 34 7 22 49 27 28 11 36 37 20 18 45 23 19 44 5 17 26 38 14 2 40 32 6 8 12 4 25 24 43 
16 40 22 11 36 43 20 8 34 24 37 39 27 4 49 2 12 48 31 25 26 6 9 46 32 29 35 42 10 38 30 13 7 47 41 5 44 18 15 3 28 21 14 23 1 17 33 45 19 
3 39 29 14 37 38 24 2 11 26 45 49 20 40 30 28 15 27 19 43 8 10 12 13 33 44 34 21 1 48 4 46 25 17 6 23 41 36 47 22 31 9 7 35 5 32 16 18 42 
9 18 27 45 7 21 2 43 23 19 29 44 28 17 41 4 37 6 33 38 36 20 24 39 30 5 25 14 32 31 15 26 8 22 16 48 11 34 35 1 12 42 10 40 47 46 13 3 49 
8 46 13 12 34 49 25 10 21 38 18 6 36 5 32 17 20 47 14 11 23 2 31 41 40 1 7 3 29 42 43 9 33 39 35 37 45 4 19 30 16 24 26 28 27 44 15 48 22 
5 19 6 28 1 42 32 15 35 41 25 33 48 14 44 45 22 16 46 18 40 26 38 17 43 23 4 47 2 21 3 27 49 12 24 29 8 13 20 7 39 10 37 30 11 31 34 36 9 
################proper############## 

 average_time = 0.611316 

 success runs = 1 

 total average iters = 17764.000000 
