Success!!! 
 
 max_col = 
 49 
 
 run_time = 
 1.367443 
 
 once iters = 
 71382 
 
38 15 19 2 26 47 9 37 17 27 30 14 23 7 4 44 3 45 16 12 36 10 21 6 28 33 20 5 39 22 32 34 24 35 29 18 1 13 43 31 48 46 41 8 42 25 49 11 40 
4 45 5 11 48 43 46 32 12 6 3 19 39 47 40 1 15 24 26 27 49 2 31 42 41 16 44 30 8 9 13 7 28 17 21 37 20 25 23 36 38 10 18 34 33 14 35 22 29 
35 33 10 8 17 34 42 15 4 16 20 13 26 5 18 21 46 19 28 31 7 3 23 32 40 48 47 12 38 11 43 25 36 49 30 24 14 29 9 41 45 22 27 2 1 44 37 39 6 
24 3 18 30 14 21 28 9 29 25 49 42 10 44 39 35 37 34 22 32 23 7 43 17 19 8 26 13 41 15 1 31 40 48 4 2 12 6 33 16 27 11 38 5 46 45 20 36 47 
12 31 13 23 25 29 36 48 28 33 22 43 40 38 11 14 41 2 42 10 47 27 46 45 4 39 1 35 6 18 37 16 44 19 20 34 7 17 49 5 26 8 24 32 21 15 9 30 3 
49 16 22 7 39 44 27 31 36 24 8 1 35 41 13 38 17 6 29 20 33 18 9 34 11 25 15 37 46 12 5 45 2 47 14 42 3 30 28 32 40 21 26 19 43 10 48 4 23 
40 6 41 32 1 37 20 45 21 46 34 11 2 18 25 43 30 5 9 48 8 49 38 22 24 36 14 29 42 23 33 26 3 10 27 39 15 19 44 4 47 35 16 17 12 13 31 28 7 
8 38 20 25 31 35 1 24 11 21 12 44 48 27 41 37 40 49 18 29 34 14 15 36 13 28 7 2 43 6 19 30 46 3 39 32 33 42 10 22 16 45 23 9 4 5 26 47 17 
15 5 44 27 24 30 37 16 42 31 14 49 29 6 19 10 32 1 33 7 45 20 35 40 38 47 46 18 36 26 4 9 25 22 48 23 43 41 17 11 34 2 21 13 39 3 28 8 12 
7 36 4 47 22 32 6 25 18 13 1 28 9 46 16 15 24 12 20 43 11 23 17 27 48 41 42 10 21 31 44 5 8 29 34 14 37 39 3 26 19 30 45 38 2 35 40 33 49 
9 10 40 14 33 17 18 19 39 23 4 22 15 3 21 36 48 8 2 28 25 26 45 49 16 43 5 44 11 27 47 13 12 7 42 38 35 24 20 1 29 6 32 30 31 46 41 34 37 
3 12 43 16 45 23 13 35 20 41 5 34 38 2 22 47 26 42 46 14 17 21 39 37 6 24 30 33 28 49 10 18 1 40 32 7 25 8 4 9 31 36 15 48 19 29 44 27 11 
46 28 48 34 19 11 41 7 45 8 36 47 43 26 23 27 9 30 6 39 13 25 32 29 1 3 4 31 16 38 35 33 37 2 17 15 21 49 40 44 5 12 14 20 10 22 24 42 18 
2 42 26 49 29 39 21 33 32 30 10 40 17 37 35 3 5 31 44 4 38 8 34 9 22 12 11 19 23 24 15 14 20 41 45 27 46 48 47 28 13 18 25 43 36 16 6 7 1 
41 17 23 35 11 45 22 49 1 7 27 32 21 31 48 28 47 46 37 30 40 38 25 43 44 9 19 16 20 34 3 10 13 5 2 4 39 33 24 15 8 29 36 18 26 6 42 12 14 
1 4 27 24 44 9 15 39 41 10 25 8 12 14 2 45 33 21 17 22 19 48 3 23 20 5 37 46 18 16 30 35 38 36 11 49 34 32 6 42 28 26 31 7 29 43 47 40 13 
36 21 30 26 5 20 34 4 23 47 43 29 44 35 3 32 49 9 7 42 14 15 33 13 27 6 22 8 19 48 17 28 41 45 25 10 2 31 18 37 12 40 46 1 11 39 38 24 16 
13 29 7 6 43 49 2 42 15 40 37 33 3 9 10 12 38 35 5 1 18 36 14 11 34 4 45 41 31 32 24 39 27 8 26 30 23 47 16 46 22 17 20 25 44 48 21 19 28 
31 46 3 33 16 10 19 11 34 17 26 45 24 22 20 23 39 4 13 8 6 40 1 28 12 18 49 7 37 47 9 21 29 42 44 35 38 36 14 43 25 48 2 15 30 27 5 32 41 
47 14 32 28 37 40 8 36 16 38 18 48 30 13 43 29 11 25 31 44 26 35 24 21 2 17 39 42 49 33 12 6 7 46 15 5 41 27 45 19 1 20 9 22 34 23 3 10 4 
42 48 25 12 38 18 39 5 6 19 2 46 28 20 15 16 36 41 27 34 24 29 30 47 10 26 31 32 1 14 40 4 23 43 22 21 9 11 13 3 44 7 33 35 37 49 8 17 45 
30 18 33 40 35 16 47 1 10 14 41 5 45 15 6 22 29 48 34 37 39 31 20 8 49 46 32 17 25 3 7 2 19 38 23 28 44 4 26 12 36 24 43 11 13 9 27 21 42 
17 1 12 3 4 46 24 20 9 35 11 25 37 49 45 8 13 26 47 19 30 44 29 16 23 2 36 22 40 21 27 15 10 39 6 33 18 38 5 48 42 43 34 41 32 28 7 14 31 
32 8 9 39 21 28 5 47 40 3 38 16 34 43 27 31 23 15 36 25 42 1 12 19 7 10 41 4 45 37 48 20 26 18 33 11 30 46 35 13 6 14 17 29 24 2 22 49 44 
19 13 11 10 34 27 14 12 24 48 17 31 18 29 7 5 4 20 3 49 41 42 37 25 43 40 38 47 30 44 8 46 32 28 9 16 22 23 21 2 39 15 1 26 6 33 36 45 35 
44 7 42 45 20 48 26 46 27 36 28 30 13 32 24 40 2 38 12 33 21 11 6 39 9 34 18 14 17 35 31 43 22 16 5 47 29 3 1 25 49 41 37 10 23 19 4 15 8 
37 23 2 41 15 31 49 44 8 42 33 6 22 4 28 9 10 43 32 35 16 30 5 3 21 27 13 26 14 29 36 24 47 11 1 45 17 20 19 40 7 34 12 46 48 18 25 38 39 
43 22 36 38 6 25 29 26 19 2 21 23 7 39 44 17 1 11 14 18 46 45 48 24 33 15 35 28 12 13 41 42 4 34 49 31 10 37 8 27 9 32 47 40 3 20 16 5 30 
48 43 35 1 10 42 31 14 46 34 47 24 32 19 26 4 27 7 21 40 37 17 18 5 30 11 28 25 15 41 38 49 6 44 12 3 36 9 22 20 23 33 39 16 45 8 13 29 2 
26 30 47 36 8 13 3 27 44 39 15 37 41 1 31 19 12 29 45 16 28 32 7 10 35 20 9 23 2 5 21 17 42 4 43 6 48 40 46 14 11 38 49 33 22 24 34 18 25 
5 41 6 17 32 14 44 2 33 45 29 20 16 48 46 18 34 13 11 23 15 47 8 38 26 1 3 49 35 10 22 36 39 9 31 25 27 7 42 24 43 4 30 21 28 40 12 37 19 
27 40 16 22 18 7 33 23 13 12 9 38 42 11 5 2 14 3 8 36 10 39 41 31 45 44 43 21 24 25 46 19 34 26 37 17 28 35 15 29 30 49 4 6 20 47 1 48 32 
20 34 45 29 46 4 12 17 35 49 7 26 36 21 47 25 43 33 30 41 22 16 27 48 37 42 6 24 32 40 28 11 18 23 13 19 8 1 39 10 2 31 44 14 9 38 15 3 5 
28 25 49 21 9 19 11 18 43 4 40 10 5 30 38 42 20 39 24 6 1 13 2 46 15 22 33 34 27 7 29 8 48 14 3 12 47 44 32 45 37 16 35 36 17 31 23 41 26 
23 39 15 37 2 24 38 8 31 22 6 3 25 28 17 49 35 44 48 9 32 12 19 4 14 29 40 36 33 45 20 1 16 30 47 26 13 34 41 21 18 5 11 42 27 7 43 46 10 
11 27 1 5 30 8 35 13 25 28 23 39 31 12 42 48 7 36 40 47 3 43 4 44 18 38 2 15 22 46 34 37 45 24 16 9 32 14 29 33 17 19 6 49 41 26 10 20 21 
10 9 28 4 42 41 48 43 3 18 19 17 8 24 32 20 21 22 39 13 31 46 16 33 47 7 29 11 5 2 25 44 49 6 38 36 45 26 34 35 15 1 40 12 14 37 30 23 27 
18 26 24 19 23 22 45 40 37 1 35 7 27 10 34 6 25 16 43 11 4 9 28 20 17 49 12 39 13 36 14 48 33 32 41 46 31 5 30 8 21 44 3 47 15 42 29 2 38 
21 32 38 13 3 36 16 22 26 11 44 4 49 45 12 33 19 37 15 17 5 34 10 35 25 14 27 40 29 30 23 47 43 20 8 41 42 2 7 6 24 28 48 31 18 1 39 9 46 
14 37 39 31 49 15 25 6 47 9 48 2 46 36 8 41 45 27 23 26 29 24 42 30 5 19 21 3 7 28 11 12 17 1 10 40 4 43 38 18 20 13 22 44 16 32 33 35 34 
29 2 34 20 40 12 17 41 38 5 42 15 14 33 9 30 44 28 10 46 35 6 36 1 32 37 23 48 26 4 18 27 21 31 19 22 49 16 25 39 3 47 7 24 8 11 45 13 43 
6 44 46 43 47 33 7 34 30 29 32 21 20 16 49 24 18 14 1 38 2 22 26 41 31 13 8 45 3 39 42 40 9 15 35 48 11 12 37 23 10 27 19 28 5 4 17 25 36 
45 11 37 18 27 1 43 21 7 32 16 9 47 42 29 39 31 17 35 15 48 19 22 12 3 30 24 20 34 8 2 23 5 13 40 44 26 10 36 49 14 25 28 4 38 41 46 6 33 
22 24 8 46 41 5 4 30 49 44 45 36 19 34 14 26 6 23 25 21 9 37 47 18 39 32 10 38 48 1 16 29 31 27 7 20 40 28 2 17 33 42 13 3 35 12 11 43 15 
39 35 21 48 28 26 40 29 2 43 46 18 4 17 30 11 8 47 41 5 12 33 44 14 42 31 25 6 9 20 45 38 15 37 36 13 16 22 27 7 32 3 10 23 49 34 19 1 24 
34 47 31 42 13 2 30 10 22 20 24 27 33 23 36 46 16 40 4 3 43 5 11 15 8 35 17 9 44 19 49 32 14 25 28 1 6 45 12 38 41 39 29 37 7 21 18 26 48 
33 19 17 44 36 38 23 28 5 26 31 41 6 40 1 7 22 32 49 45 20 4 13 2 46 21 34 43 10 42 39 3 11 12 18 29 24 15 48 47 35 37 8 27 25 30 14 16 9 
16 20 29 15 12 6 32 3 14 37 39 35 11 25 33 13 42 10 38 24 27 28 49 7 36 23 48 1 47 43 26 41 30 21 46 8 19 18 31 34 4 9 5 45 40 17 2 44 22 
25 49 14 9 7 3 10 38 48 15 13 12 1 8 37 34 28 18 19 2 44 41 40 26 29 45 16 27 4 17 6 22 35 33 24 43 5 21 11 30 46 23 42 39 47 36 32 31 20 
################proper############## 

 average_time = 1.367443 

 success runs = 1 

 total average iters = 71382.000000 
