Success!!! 
 
 max_col = 
 49 
 
 run_time = 
 2.081927 
 
 once iters = 
 90701 
 
4 47 32 16 2 20 45 29 35 19 7 36 25 11 43 12 5 3 17 28 24 30 22 41 49 37 13 27 1 21 44 42 6 34 9 8 26 10 40 18 23 38 31 14 15 33 48 46 39 
11 22 1 28 43 17 3 44 18 4 2 6 47 40 38 45 19 29 36 7 30 16 21 9 14 31 34 33 26 23 8 10 46 24 15 20 35 42 48 49 39 37 25 41 12 5 13 32 27 
34 27 33 5 38 29 48 20 15 32 43 45 31 26 37 21 41 23 13 2 35 25 28 7 8 40 19 10 18 11 14 16 3 22 39 9 12 44 4 6 24 46 30 17 47 36 1 42 49 
14 7 30 21 18 41 31 17 12 42 38 10 37 23 25 40 32 15 6 44 1 45 46 26 39 24 5 48 13 36 47 49 20 35 4 33 2 11 43 34 3 27 29 16 19 22 9 28 8 
42 8 9 10 26 23 46 16 3 49 14 48 21 13 4 11 27 20 22 34 39 12 18 29 36 43 32 47 25 41 38 33 30 5 45 19 31 17 28 15 1 7 35 40 6 24 2 44 37 
19 39 12 36 13 35 49 22 41 8 24 30 34 33 9 14 46 48 42 31 18 3 23 15 1 6 44 4 2 27 28 40 43 17 37 45 16 25 32 5 29 47 26 38 21 11 7 10 20 
37 25 44 6 24 40 15 28 27 1 39 46 9 5 10 8 49 33 16 47 26 38 42 35 2 20 17 11 12 29 19 31 48 7 32 41 22 36 30 13 21 14 18 45 4 34 43 3 23 
1 33 40 37 32 44 27 2 30 41 6 13 48 38 7 43 26 17 11 35 19 20 3 31 46 9 39 45 22 8 18 34 25 42 23 15 47 28 24 36 12 49 10 21 5 4 16 14 29 
21 3 14 30 46 7 8 33 40 17 5 43 42 35 41 20 28 4 25 37 45 34 36 6 23 2 22 38 47 49 15 12 19 27 31 11 18 16 39 29 9 10 48 26 13 44 32 24 1 
23 24 38 15 48 12 35 9 39 11 25 37 16 21 36 33 13 31 3 10 47 18 29 32 28 8 14 26 44 5 30 17 2 6 43 22 40 20 46 1 34 4 45 27 49 7 19 41 42 
20 17 16 2 34 28 18 26 19 45 29 15 8 32 49 23 40 24 21 42 6 10 1 5 7 41 27 12 4 37 46 48 13 38 3 30 43 35 31 14 44 25 22 36 9 39 47 33 11 
5 6 11 49 22 19 42 36 23 20 47 18 44 14 27 39 1 34 29 30 46 13 25 24 4 33 16 35 10 45 32 41 26 9 28 7 21 2 38 17 37 48 40 31 8 12 15 43 3 
26 41 25 29 47 10 4 31 7 22 3 27 49 24 2 44 48 32 18 9 12 37 15 11 40 19 21 43 16 1 20 14 35 39 36 6 8 13 42 45 5 33 23 34 28 17 46 30 38 
45 43 39 13 31 36 9 4 10 28 34 12 1 46 14 5 8 16 15 38 22 48 30 49 47 44 42 17 24 40 29 7 11 21 33 27 19 3 26 32 41 23 20 18 25 2 37 6 35 
32 37 22 48 4 30 34 42 29 27 8 21 45 31 26 46 35 18 43 11 25 39 19 28 20 7 12 36 40 44 1 2 38 33 49 16 10 14 5 3 13 15 24 9 41 47 23 17 6 
36 49 3 40 41 39 33 13 28 14 11 16 22 7 12 2 34 45 44 29 9 15 31 27 25 38 35 18 5 6 24 32 23 10 46 48 37 1 47 43 17 30 4 19 20 8 42 26 21 
17 35 47 9 45 8 44 49 24 23 10 41 18 3 20 32 6 40 30 19 37 2 14 42 26 16 33 5 21 15 43 36 4 13 7 28 25 31 29 22 11 39 34 46 1 48 38 27 12 
24 21 7 23 19 26 14 25 48 15 32 34 12 6 28 41 39 27 1 17 36 47 37 40 13 4 8 46 20 31 16 29 45 3 30 42 44 9 18 38 49 35 43 33 2 10 5 11 22 
13 38 10 31 12 16 25 5 46 43 35 19 20 44 47 48 42 22 49 33 7 17 24 21 3 32 1 23 9 26 11 39 27 8 14 4 45 41 34 2 6 40 36 28 29 18 30 37 15 
6 46 20 27 42 43 29 47 9 33 1 38 2 37 21 31 10 13 5 15 4 44 49 48 30 11 41 22 28 34 17 25 18 19 35 23 36 26 8 12 32 24 39 7 3 40 14 16 45 
18 2 15 1 5 11 28 30 26 39 40 4 17 36 8 24 3 14 38 23 16 43 10 34 6 29 45 9 41 48 22 37 42 12 47 21 33 7 27 46 20 19 13 25 35 49 44 31 32 
43 19 27 41 33 2 22 38 36 47 26 7 14 49 42 16 4 11 40 48 15 1 35 25 37 39 30 6 17 12 9 21 24 29 18 34 20 32 13 8 31 3 5 23 44 46 10 45 28 
12 34 4 38 10 46 39 45 20 48 23 40 41 28 3 29 9 47 32 5 21 42 11 2 19 14 15 44 37 13 26 8 36 43 27 35 1 24 33 30 22 17 16 49 7 25 6 18 31 
30 36 35 18 16 14 24 19 11 46 33 3 39 2 6 7 17 10 31 25 43 21 13 23 34 5 4 8 32 42 49 15 44 45 22 26 48 47 37 27 28 41 1 12 40 29 20 38 9 
28 31 23 3 1 9 20 6 42 5 13 44 27 18 34 37 36 19 26 39 38 33 16 17 45 22 43 49 35 10 4 47 7 14 41 29 46 40 25 11 15 12 21 48 30 32 24 8 2 
8 40 21 32 29 42 7 37 4 34 30 35 15 1 22 27 44 2 12 46 13 24 38 3 41 18 28 20 31 25 6 11 33 16 48 10 9 49 45 23 43 5 17 47 26 14 36 39 19 
49 5 17 26 11 45 13 32 31 21 12 8 24 25 30 28 14 41 35 18 23 29 7 10 9 47 48 40 38 3 39 20 1 46 19 2 4 6 44 16 36 42 37 43 22 27 33 15 34 
25 15 37 44 6 48 47 43 17 16 22 29 10 9 33 1 24 49 45 8 20 36 32 46 12 27 26 31 30 2 34 28 40 23 5 39 38 19 14 7 18 21 41 4 42 3 11 35 13 
38 45 41 33 8 25 26 27 37 9 16 14 35 10 44 47 31 6 24 22 5 11 48 36 43 46 3 39 7 4 21 13 12 49 29 32 15 23 20 42 30 18 19 2 34 28 40 1 17 
46 30 34 39 35 49 23 21 33 29 41 26 4 8 18 9 43 38 27 14 40 6 17 13 10 15 47 7 48 22 36 19 37 44 1 3 24 45 2 28 16 11 42 20 32 31 12 5 25 
27 13 18 12 20 22 11 39 2 44 28 31 3 19 15 36 29 25 46 32 8 23 33 16 35 42 38 21 45 17 40 26 5 47 34 1 6 37 7 41 48 9 14 30 24 43 49 4 10 
16 42 31 47 14 3 21 15 25 40 20 17 46 12 48 19 45 30 2 1 11 27 8 18 5 34 37 28 43 9 35 23 41 32 24 49 29 39 10 4 38 44 7 6 33 26 22 13 36 
48 44 6 43 7 37 40 18 32 36 49 5 23 45 39 42 20 35 4 3 41 26 12 14 22 1 24 2 11 33 10 30 28 15 25 31 13 27 17 19 46 34 47 8 38 9 29 21 16 
9 29 28 4 15 32 17 24 1 38 42 22 43 34 13 49 23 12 7 26 10 40 41 45 44 30 31 19 6 20 3 46 14 2 16 47 5 21 36 33 25 8 11 35 39 37 27 48 18 
10 1 2 24 36 5 19 11 13 7 48 47 6 30 16 17 37 28 33 21 34 4 9 20 29 25 49 32 27 39 31 38 8 18 42 12 14 22 35 26 40 43 15 3 46 41 45 23 44 
39 18 8 45 25 33 12 46 22 10 15 49 38 16 40 6 21 42 9 41 32 7 20 37 27 48 36 1 14 43 23 4 31 30 44 13 11 34 19 47 26 29 28 24 17 35 3 2 5 
44 23 19 34 30 24 38 41 21 6 36 9 32 29 1 18 47 37 48 16 33 5 39 12 17 26 11 14 49 28 7 45 22 25 13 40 3 46 15 35 27 2 8 10 43 42 31 20 4 
47 28 36 7 3 6 1 40 43 12 37 25 26 27 11 13 2 5 34 24 14 19 4 38 31 21 23 29 42 46 48 35 39 20 8 18 17 30 16 9 10 22 44 32 45 15 41 49 33 
31 32 26 14 49 21 5 7 34 3 4 23 30 20 45 10 12 8 19 27 17 41 44 22 24 35 6 15 29 18 33 9 47 11 2 43 28 48 1 39 42 36 38 37 16 13 25 40 46 
35 11 43 17 9 4 41 1 5 2 31 24 33 47 23 22 30 44 28 49 29 46 34 8 42 13 25 3 15 16 37 6 10 40 12 14 7 38 21 20 45 32 27 39 18 19 26 36 48 
2 20 29 22 37 13 16 48 45 35 44 28 11 42 46 15 7 26 39 4 3 32 40 43 18 10 9 30 34 19 5 27 17 36 38 25 41 33 49 24 8 31 12 1 23 6 21 47 14 
40 48 46 42 27 15 10 14 8 18 19 39 13 17 35 25 38 43 20 36 31 49 45 47 33 28 2 16 3 32 41 24 21 1 26 37 23 5 12 44 4 6 9 29 11 30 34 22 7 
22 14 5 8 44 34 37 23 16 13 18 2 28 43 17 38 33 36 41 45 48 35 6 30 15 3 29 24 19 47 42 1 49 4 20 46 27 12 9 10 7 26 32 11 31 21 39 25 40 
7 10 45 25 40 1 43 8 6 24 27 33 36 15 19 4 11 9 47 13 42 14 5 39 32 17 46 34 23 38 2 3 29 31 21 44 30 18 41 37 35 20 49 22 48 16 28 12 26 
3 26 13 46 28 18 2 10 49 37 17 42 19 22 32 35 25 7 23 43 44 31 27 1 21 12 20 41 39 30 45 5 9 48 11 36 34 8 6 40 47 16 33 15 14 38 4 29 24 
15 4 49 11 39 31 6 35 38 30 45 32 5 41 29 3 22 21 10 12 2 28 26 19 16 36 40 25 33 7 13 18 34 37 17 24 42 43 23 48 14 1 46 44 27 20 8 9 47 
41 12 42 20 17 27 32 34 14 26 46 11 29 4 31 30 18 1 8 40 49 9 47 44 48 45 7 37 36 24 25 22 16 28 6 38 39 15 3 21 33 13 2 5 10 23 35 19 43 
29 16 24 19 21 38 36 12 47 31 9 20 7 48 5 26 15 39 14 6 28 8 43 33 11 23 10 13 46 35 27 44 32 41 40 17 49 4 22 25 2 45 3 42 37 1 18 34 30 
33 9 48 35 23 47 30 3 44 25 21 1 40 39 24 34 16 46 37 20 27 22 2 4 38 49 18 42 8 14 12 43 15 26 10 5 32 29 11 31 19 28 6 13 36 45 17 7 41 
################proper############## 

 average_time = 2.081927 

 success runs = 1 

 total average iters = 90701.000000 
