Success!!! 
 
 max_col = 
 49 
 
 run_time = 
 1.547243 
 
 once iters = 
 86639 
 
3 43 47 5 27 2 15 26 19 13 18 8 33 29 37 4 22 40 20 38 6 12 48 1 16 17 39 44 11 23 30 9 31 46 7 28 49 45 36 41 14 24 21 42 32 35 10 25 34 
33 44 20 29 23 22 1 10 2 11 14 16 40 31 24 39 8 46 25 34 45 7 9 15 4 5 36 28 17 12 32 42 21 18 37 43 48 30 27 47 38 35 19 13 6 49 26 3 41 
41 19 9 8 17 40 42 48 5 36 28 45 23 37 13 49 3 43 30 16 11 10 21 14 32 22 26 2 24 6 33 47 44 34 35 20 46 39 1 25 31 18 4 38 29 15 12 7 27 
6 13 30 16 7 32 49 15 12 43 21 4 38 46 48 44 10 36 29 2 9 45 27 41 35 3 25 40 5 26 14 19 28 22 39 8 42 33 34 17 23 37 18 11 47 24 20 1 31 
26 21 18 48 38 25 12 39 24 49 41 6 3 9 17 35 1 28 33 32 31 19 42 11 46 23 47 34 16 27 4 10 43 20 40 13 15 22 7 5 29 44 2 14 8 37 36 45 30 
35 34 28 4 39 14 24 44 27 17 32 30 22 47 5 21 41 15 19 42 7 8 31 13 18 37 20 49 25 36 2 45 29 1 38 6 3 10 11 26 40 12 48 46 9 33 43 16 23 
11 46 45 36 10 31 37 35 42 20 7 1 34 25 18 27 47 14 23 26 12 43 33 38 6 30 24 29 49 3 48 8 41 13 15 21 2 4 19 16 32 9 17 28 40 5 44 22 39 
17 10 19 42 8 41 6 3 1 40 11 18 14 49 29 31 35 12 27 33 15 24 45 25 44 46 21 30 23 38 36 13 7 32 34 9 22 47 26 2 39 4 16 37 28 20 5 48 43 
20 35 36 9 34 30 13 16 45 21 19 2 15 44 46 22 38 8 3 7 37 27 26 43 42 10 18 1 29 17 25 33 6 28 5 12 40 31 48 32 49 11 47 4 14 41 39 23 24 
43 47 16 18 49 4 29 37 30 7 27 23 41 10 21 34 25 1 14 19 44 9 11 28 20 48 32 31 3 35 24 2 39 12 46 45 13 5 8 38 6 36 40 26 22 42 17 15 33 
24 45 48 21 15 5 38 28 32 6 13 33 17 43 40 10 36 16 49 11 20 35 14 7 19 39 8 4 42 41 47 44 22 26 30 3 25 37 18 46 27 23 12 1 31 34 29 9 2 
25 31 12 7 22 26 40 4 35 8 36 34 48 39 28 13 43 6 41 24 5 37 23 17 2 47 49 16 27 1 20 11 10 9 18 29 14 19 15 42 30 33 45 3 21 32 38 44 46 
37 39 2 14 28 11 46 22 47 29 25 9 42 5 23 32 18 17 26 4 48 6 13 3 33 12 41 38 43 31 21 40 45 15 49 7 20 34 16 24 44 1 10 35 27 36 8 30 19 
44 27 33 1 32 3 23 38 31 12 26 20 46 24 9 2 30 47 45 39 42 34 36 22 29 40 5 15 37 8 16 4 14 19 48 35 41 17 43 10 21 28 11 25 13 7 6 18 49 
8 41 21 20 19 17 35 42 29 9 48 37 10 7 16 5 13 31 28 30 34 2 22 23 3 44 40 36 15 33 26 46 38 24 11 14 18 25 49 45 12 6 1 39 43 4 47 27 32 
47 37 24 26 6 9 39 13 34 15 22 49 27 8 1 40 45 33 35 41 46 31 17 16 14 25 7 21 2 43 23 18 32 36 12 11 10 42 4 30 5 48 3 29 20 44 19 28 38 
32 30 29 38 11 45 25 2 18 4 24 46 20 23 3 36 49 48 7 47 14 1 39 35 34 43 12 6 19 28 40 5 27 16 21 31 37 41 9 44 22 8 15 33 42 26 13 10 17 
36 48 49 3 44 33 2 45 11 41 31 14 32 40 27 20 12 19 10 23 29 26 15 42 9 13 38 46 35 30 7 17 4 6 25 47 16 1 39 28 34 43 37 22 18 8 21 24 5 
1 42 31 40 46 12 10 30 25 26 44 36 28 6 22 24 4 39 21 43 17 5 8 33 49 18 11 19 20 14 3 48 37 45 47 38 32 29 13 7 15 27 34 16 2 23 41 35 9 
28 7 34 23 43 27 16 17 39 5 38 19 35 21 32 18 37 11 8 15 25 41 29 48 47 4 30 24 13 10 22 1 9 42 44 40 26 20 33 36 3 2 31 12 49 14 46 6 45 
22 18 14 13 5 15 4 33 3 47 43 12 16 1 2 9 44 26 42 6 38 20 37 45 27 28 10 32 31 49 8 29 34 39 41 17 23 21 46 35 24 19 7 48 30 25 11 36 40 
29 40 23 10 35 28 8 5 44 45 33 11 12 3 30 25 48 41 1 17 49 38 34 39 43 19 16 42 46 37 9 7 2 14 31 15 36 27 21 4 20 32 6 47 24 22 18 13 26 
34 17 43 45 13 20 47 25 38 24 49 28 19 4 11 42 5 21 44 27 2 15 40 31 26 36 3 23 6 32 10 30 12 29 16 37 39 7 14 18 46 22 8 9 48 1 33 41 35 
31 16 15 37 12 48 19 6 10 1 23 35 43 26 38 3 32 9 13 20 33 22 2 30 21 29 4 18 44 45 28 39 5 40 42 41 8 24 47 49 11 25 14 36 46 17 27 34 7 
9 14 4 22 30 44 41 18 48 37 20 21 7 17 34 47 46 24 31 40 43 33 1 49 5 27 13 45 8 19 11 26 3 25 36 23 28 16 2 6 35 10 32 15 12 39 42 38 29 
42 36 5 39 26 38 18 9 22 46 47 27 2 41 6 45 28 23 12 14 4 25 7 8 24 32 44 17 1 15 43 35 20 21 13 34 33 40 3 29 48 31 49 30 19 10 16 37 11 
46 49 3 2 33 21 11 34 15 31 16 32 30 36 8 29 19 7 39 37 35 47 6 9 12 20 14 10 22 24 41 27 18 48 4 1 38 26 42 43 17 13 28 23 44 45 40 5 25 
7 6 27 25 1 24 32 8 14 39 40 13 29 42 36 15 16 10 22 18 26 28 41 46 37 11 48 35 34 47 38 49 33 23 17 44 19 9 30 12 45 5 43 21 4 3 31 2 20 
40 3 1 49 47 19 30 27 21 16 37 48 8 33 4 17 23 35 34 29 13 36 28 2 15 6 22 14 45 11 18 20 24 5 43 32 44 38 31 9 10 26 39 7 41 12 25 46 42 
27 12 22 34 37 10 14 47 43 23 42 41 45 30 39 19 26 25 5 9 28 29 18 4 11 8 46 13 33 16 31 6 35 44 3 36 7 2 24 20 1 49 38 17 15 48 32 40 21 
16 8 17 24 20 35 43 1 7 22 5 15 36 19 41 33 2 18 46 12 32 30 49 47 23 38 34 26 4 42 39 21 48 27 9 25 29 14 6 3 37 40 13 10 11 28 45 31 44 
38 29 39 44 36 42 21 20 26 18 3 25 13 11 10 43 6 22 47 31 27 40 16 5 7 35 17 12 14 46 34 28 15 2 32 48 45 23 41 19 4 30 33 24 37 9 49 8 1 
45 26 6 41 48 46 7 31 28 32 2 24 44 14 15 37 21 38 40 49 3 39 10 19 25 1 9 20 47 13 17 12 36 30 29 16 35 8 22 11 33 42 27 5 34 18 23 43 4 
18 4 32 28 2 23 33 46 9 10 39 40 49 34 20 14 11 30 36 1 24 44 43 27 31 45 42 48 41 7 37 25 8 38 26 5 47 12 17 15 13 21 35 19 3 16 22 29 6 
15 5 25 11 31 13 9 12 6 38 17 29 4 35 44 8 7 42 48 45 16 21 32 24 41 33 37 3 40 22 19 23 1 49 10 27 34 18 28 39 43 46 26 20 36 2 30 14 47 
10 38 41 15 14 47 3 11 4 25 35 22 1 18 7 30 39 27 9 36 19 13 24 29 40 49 28 5 48 20 42 31 17 33 8 46 21 43 12 37 26 45 44 34 23 6 2 32 16 
2 20 11 32 42 6 27 40 33 30 12 38 21 15 26 23 34 13 43 48 41 16 35 10 17 31 1 37 18 39 46 36 25 7 22 4 24 49 44 8 28 29 9 45 5 47 14 19 3 
30 23 13 35 25 29 36 49 41 3 34 26 6 28 42 46 17 5 16 21 8 14 4 44 39 7 15 22 10 2 45 32 47 43 19 18 27 48 38 40 9 20 24 31 33 11 1 12 37 
4 9 37 12 45 49 22 24 23 2 8 31 39 16 14 6 29 3 18 28 40 42 30 20 48 21 19 27 38 5 44 34 13 11 1 10 17 15 32 33 7 47 41 43 25 46 35 26 36 
39 24 8 43 18 7 31 19 46 44 29 42 47 45 33 12 15 4 37 35 1 23 25 32 38 34 6 11 26 9 27 14 49 41 28 2 30 36 5 22 16 3 20 40 10 21 48 17 13 
48 28 46 19 21 16 44 7 20 27 9 17 5 13 25 11 31 32 2 22 10 18 47 36 45 26 33 43 12 29 35 37 40 3 24 42 1 6 23 34 41 14 30 8 39 38 4 49 15 
5 33 26 17 40 1 34 32 36 14 10 43 37 48 45 38 20 49 24 44 47 3 46 12 8 9 2 41 30 21 6 15 16 4 23 19 31 11 35 13 25 39 22 27 7 29 28 42 18 
19 15 10 33 41 43 45 36 49 48 46 44 25 32 47 1 42 20 6 3 21 17 12 34 28 24 31 39 7 40 29 22 23 35 2 26 4 13 37 27 8 38 5 18 16 30 9 11 14 
14 11 40 46 4 36 28 41 13 34 6 39 31 38 49 48 9 45 15 5 18 32 20 26 22 42 43 7 21 44 1 3 30 8 27 24 12 35 25 23 47 16 29 2 17 19 37 33 10 
13 32 44 31 3 8 20 29 37 35 1 5 11 22 12 16 24 34 17 25 23 49 19 40 36 2 45 9 39 4 15 38 46 47 33 30 43 28 10 14 18 41 42 6 26 27 7 21 48 
21 22 42 6 16 37 17 14 8 28 15 10 26 2 19 7 27 29 32 46 30 4 38 18 13 41 35 33 9 25 49 43 11 31 45 39 5 3 20 48 36 34 23 44 1 40 24 47 12 
23 1 35 30 29 34 48 43 40 42 4 7 24 12 31 26 33 44 11 8 39 46 3 6 10 16 27 47 36 18 5 41 19 37 14 22 9 32 45 21 2 17 25 49 38 13 15 20 28 
12 25 7 27 9 39 26 21 16 33 30 47 18 20 35 41 40 2 38 10 36 48 5 37 1 14 23 8 28 34 13 24 42 17 6 49 11 44 29 31 19 15 46 32 45 43 3 4 22 
49 2 38 47 24 18 5 23 17 19 45 3 9 27 43 28 14 37 4 13 22 11 44 21 30 15 29 25 32 48 12 16 26 10 20 33 6 46 40 1 42 7 36 41 35 31 34 39 8 
################proper############## 

 average_time = 1.547243 

 success runs = 1 

 total average iters = 86639.000000 
