Success!!! 
 
 max_col = 
 49 
 
 run_time = 
 1.975454 
 
 once iters = 
 100513 
 
7 33 5 8 37 39 34 40 23 17 30 12 18 2 27 1 24 42 49 9 38 36 45 20 46 21 3 47 31 14 35 22 4 41 11 19 15 29 10 16 48 25 28 13 43 32 26 6 44 
41 28 15 19 30 49 29 46 20 10 5 37 27 26 44 18 14 16 43 22 21 31 2 39 32 42 9 25 8 48 12 47 6 33 23 3 17 4 13 1 7 40 45 11 24 34 38 35 36 
44 23 42 12 32 43 24 1 25 29 22 35 31 28 10 8 3 20 4 39 7 48 6 16 17 13 19 14 45 34 40 36 18 9 27 37 49 46 11 38 41 26 30 5 33 47 2 15 21 
22 40 6 3 35 14 16 11 43 4 9 7 21 49 32 2 15 5 45 47 46 24 38 12 26 29 10 41 1 37 13 44 17 20 30 39 34 36 31 28 33 18 25 48 19 8 42 23 27 
48 45 13 27 38 47 26 42 19 34 3 33 16 44 31 36 12 29 6 28 17 22 40 35 23 18 11 1 25 10 15 5 2 49 7 43 8 32 21 9 24 30 14 37 46 20 4 39 41 
4 9 11 21 18 25 31 24 39 36 14 32 38 8 48 13 30 37 40 41 35 15 43 27 5 44 33 34 29 42 46 19 28 16 26 47 20 6 12 45 2 23 10 22 7 17 1 3 49 
10 2 20 36 46 1 17 47 41 15 48 45 6 13 34 19 33 23 25 11 26 8 49 30 7 37 28 4 39 24 38 3 32 43 21 27 14 42 22 35 44 5 18 9 31 29 40 16 12 
21 36 40 16 29 17 43 49 42 35 6 14 13 9 7 24 1 47 48 25 31 18 19 5 39 23 15 26 22 33 44 46 37 27 12 2 38 11 8 4 45 34 32 20 3 30 10 41 28 
31 44 18 2 33 35 42 45 34 43 29 15 28 4 41 37 23 9 12 38 32 27 10 46 6 49 20 7 36 11 47 16 19 30 3 26 48 5 17 22 21 1 13 25 8 39 14 40 24 
32 41 4 49 14 6 38 30 27 37 25 40 23 47 46 22 26 19 3 42 15 12 16 1 34 45 24 13 21 39 2 48 8 28 17 36 7 10 35 33 20 9 5 44 18 43 29 31 11 
47 5 34 9 19 22 23 20 46 8 33 38 41 12 2 16 28 21 18 10 30 42 25 11 29 17 4 44 35 31 7 14 49 40 45 24 32 3 39 43 37 13 26 36 15 6 27 1 48 
3 30 37 13 45 46 7 48 16 2 36 26 44 18 40 14 17 11 29 20 39 47 35 43 8 41 22 28 32 9 1 24 10 5 38 42 6 25 19 31 27 15 23 12 4 21 34 49 33 
27 48 26 28 39 15 11 10 22 31 17 1 24 32 8 4 44 49 5 35 43 3 33 21 9 2 36 37 13 41 34 20 25 18 6 14 40 23 30 12 29 16 46 38 47 42 45 7 19 
24 20 12 25 8 10 1 5 21 3 39 11 7 19 36 33 45 6 27 34 13 32 30 40 38 31 14 48 15 26 29 42 23 4 43 18 44 47 49 41 46 28 22 17 2 16 35 9 37 
43 6 3 10 26 36 45 31 4 44 21 39 5 22 18 30 47 13 33 8 14 35 42 32 41 38 17 49 28 2 19 12 16 11 9 15 37 1 46 7 40 20 48 24 34 25 23 27 29 
14 1 28 29 21 23 48 17 33 13 35 27 25 6 9 15 20 41 32 24 12 44 34 37 43 7 16 22 30 5 18 38 3 46 8 10 31 49 36 26 11 47 42 40 39 4 19 2 45 
12 37 2 40 25 34 9 7 36 41 23 28 42 10 49 11 16 31 46 48 22 19 26 8 24 33 27 29 44 20 21 43 45 47 1 13 3 14 4 30 39 6 15 32 5 18 17 38 35 
46 4 22 33 31 16 27 12 37 19 34 24 2 40 29 43 35 25 7 36 5 39 14 6 48 11 1 21 10 13 26 32 41 42 15 17 9 18 45 8 23 38 49 30 28 3 44 20 47 
49 32 17 38 15 41 20 26 11 18 43 30 14 1 28 34 27 39 19 37 10 9 47 3 31 4 45 36 40 29 33 23 24 25 22 16 35 48 2 5 42 44 21 8 12 46 6 13 7 
42 39 7 30 13 19 47 38 48 20 8 29 3 15 1 26 6 40 44 23 45 46 18 2 28 25 5 12 37 4 17 35 34 36 49 22 21 24 41 27 32 33 31 14 16 10 43 11 9 
35 18 24 11 44 8 5 9 32 49 47 46 45 16 4 17 42 38 2 21 3 30 15 10 20 40 13 23 7 27 6 31 14 39 48 25 12 19 34 29 28 43 33 41 1 22 36 37 26 
11 35 10 24 40 9 32 2 3 46 16 8 43 7 33 21 5 45 23 27 25 38 44 41 42 14 37 15 19 12 48 18 30 13 28 34 36 22 26 20 1 49 17 47 6 31 39 29 4 
1 38 31 37 7 3 6 22 28 30 26 23 4 11 42 35 18 24 17 12 16 2 29 47 25 39 43 45 9 15 36 41 46 21 20 40 10 13 5 48 19 32 34 27 44 14 49 33 8 
2 22 41 48 17 26 14 29 47 6 49 36 9 25 38 7 46 15 11 13 37 33 24 19 10 3 34 32 5 35 4 45 27 31 39 44 16 12 43 42 18 8 20 1 40 28 30 21 23 
30 16 8 43 20 12 39 34 45 42 15 41 32 31 26 49 10 48 47 1 44 13 46 28 21 9 40 11 24 22 14 37 33 6 29 4 25 27 23 3 17 2 35 18 36 7 5 19 38 
25 42 21 47 23 44 33 19 38 5 12 13 1 17 39 28 34 36 41 3 20 49 4 22 27 48 18 31 16 32 10 7 26 8 40 29 11 30 14 24 6 35 2 45 9 37 46 43 15 
29 34 36 18 27 45 15 21 10 14 40 20 39 33 22 32 2 4 9 30 19 5 12 7 16 35 8 6 17 43 23 49 11 1 44 31 41 37 28 47 38 46 24 3 13 26 25 48 42 
13 49 19 46 5 28 4 44 35 24 37 18 48 27 6 29 31 43 14 40 8 1 36 26 30 20 23 17 47 38 3 25 42 34 2 7 33 39 15 21 9 45 12 16 41 11 32 22 10 
17 10 16 44 4 30 8 28 6 12 42 31 47 21 5 41 32 34 13 15 9 37 3 24 35 43 26 33 23 1 22 2 40 48 19 49 45 38 18 39 36 7 29 46 11 27 20 14 25 
18 27 45 6 2 38 21 37 44 25 41 16 29 39 12 48 11 3 30 46 40 14 22 4 19 1 31 8 49 17 32 10 13 26 5 33 23 35 20 34 47 24 7 28 42 15 9 36 43 
20 15 49 41 34 40 37 27 14 11 24 48 30 35 47 45 22 26 39 18 23 10 7 25 13 36 6 9 3 16 28 8 43 12 4 32 46 2 29 44 5 42 38 31 21 19 33 17 1 
9 46 47 5 48 32 22 33 2 45 1 19 17 3 21 25 36 8 28 31 6 34 23 15 49 30 12 20 38 44 39 11 7 29 42 41 4 43 27 40 13 14 37 35 10 24 16 26 18 
33 19 25 31 24 42 13 36 7 23 46 10 8 43 17 20 4 35 1 16 27 41 5 29 45 32 38 39 14 6 30 34 21 15 18 9 22 28 37 11 26 12 40 2 48 49 47 44 3 
23 12 43 39 11 29 36 32 40 26 38 4 49 20 14 42 7 2 24 19 33 16 21 18 44 28 48 46 41 47 9 27 35 37 25 1 30 17 3 10 15 31 8 6 45 5 22 34 13 
28 14 1 26 3 7 35 13 15 9 18 34 22 5 37 38 49 44 10 43 29 40 27 17 11 47 42 2 46 36 45 33 20 24 31 21 19 8 6 25 16 48 41 4 32 23 12 30 39 
37 3 33 17 16 21 28 25 9 32 10 42 20 24 35 27 40 1 34 45 49 7 31 36 4 5 39 43 48 18 11 15 22 14 41 12 26 44 38 6 8 19 47 23 29 2 13 46 30 
40 7 38 42 36 48 10 41 18 21 13 6 33 23 19 47 25 46 20 29 4 28 11 34 15 26 49 35 27 3 24 30 44 2 37 5 1 31 9 32 14 17 39 43 22 45 8 12 16 
15 24 9 34 12 31 30 43 26 1 11 2 40 29 13 3 39 28 16 14 42 6 48 33 37 22 41 27 20 19 8 17 38 32 46 23 47 45 7 36 49 21 44 10 25 35 18 4 5 
39 47 46 23 49 20 19 35 8 22 4 44 34 48 15 6 38 32 26 33 18 29 1 42 14 24 30 16 12 21 5 9 31 45 13 11 43 41 25 2 10 27 36 7 37 40 3 28 17 
5 11 32 4 22 27 18 14 17 39 45 3 12 37 30 23 21 7 8 2 48 25 9 38 47 19 44 10 26 40 43 28 36 35 16 20 13 33 24 46 34 29 1 15 49 41 31 42 6 
45 25 29 35 6 2 44 16 31 38 27 47 46 30 43 10 37 17 36 5 41 20 32 13 12 8 21 40 4 7 49 39 1 23 33 48 28 15 42 18 3 22 19 34 26 9 11 24 14 
26 8 14 1 43 13 41 15 5 7 28 49 19 36 24 12 9 22 31 44 11 23 17 45 18 46 2 3 6 25 42 29 47 10 34 35 39 16 40 37 30 4 27 33 38 48 21 32 20 
34 31 48 32 9 24 49 3 29 27 44 21 37 42 25 39 13 33 15 26 1 17 8 23 40 12 7 38 43 46 41 6 5 22 47 45 18 20 16 14 35 11 4 19 30 36 28 10 2 
19 13 27 14 1 18 46 4 12 16 7 22 36 34 20 5 8 10 21 32 47 43 28 31 3 6 29 24 33 49 37 26 15 38 35 30 2 9 48 17 25 39 11 42 23 44 41 45 40 
16 43 39 20 10 37 2 18 13 28 31 5 11 45 23 9 19 30 38 17 36 21 41 48 33 15 35 42 34 8 27 1 29 44 32 46 24 40 47 49 4 3 6 26 14 12 7 25 22 
8 26 23 7 47 5 3 39 1 33 32 9 15 41 45 31 29 14 22 4 24 11 13 49 36 27 25 30 2 28 20 40 12 17 10 6 42 34 44 19 43 37 16 21 35 38 48 18 46 
36 29 35 45 28 33 12 6 30 47 2 25 26 38 11 40 43 18 37 49 34 4 20 44 1 10 46 19 42 23 16 21 48 3 14 8 27 7 32 15 22 41 9 39 17 13 24 5 31 
38 17 30 15 41 11 25 23 24 40 19 43 35 46 16 44 48 27 42 6 2 26 39 14 22 34 47 5 18 45 31 4 9 7 36 28 29 21 33 13 12 10 3 49 20 1 37 8 32 
6 21 44 22 42 4 40 8 49 48 20 17 10 14 3 46 41 12 35 7 28 45 37 9 2 16 32 18 11 30 25 13 39 19 24 38 5 26 1 23 31 36 43 29 27 33 15 47 34 
################proper############## 

 average_time = 1.975454 

 success runs = 1 

 total average iters = 100513.000000 
