Success!!! 
 
 max_col = 
 49 
 
 run_time = 
 1.634816 
 
 once iters = 
 66421 
 
38 18 19 2 26 22 31 37 10 28 32 14 23 7 45 43 27 49 16 12 44 47 9 6 8 39 20 30 15 3 33 34 21 35 17 5 1 11 29 4 24 46 41 36 42 13 25 48 40 
47 45 24 11 32 49 17 6 29 46 39 19 35 48 5 3 30 4 42 15 2 27 21 43 41 16 31 44 8 9 14 40 28 13 1 12 20 10 23 36 25 37 18 34 33 38 26 22 7 
4 48 10 5 33 43 34 15 11 16 20 13 42 21 25 40 46 8 28 31 7 38 45 26 35 3 23 12 41 47 29 24 36 49 30 18 32 9 14 22 17 6 27 2 1 44 37 39 19 
12 3 42 7 35 21 28 9 26 44 49 41 36 5 39 1 37 24 22 6 20 33 46 17 32 14 2 40 11 25 38 31 18 48 4 30 19 34 43 16 27 13 29 8 45 15 23 10 47 
16 40 36 23 25 29 27 18 17 33 3 43 12 38 9 14 35 34 41 10 47 28 15 13 4 42 1 48 26 32 37 6 46 19 22 45 7 8 49 39 2 44 11 5 31 21 20 30 24 
9 15 30 41 20 44 14 31 27 34 8 1 24 47 13 38 17 23 29 18 33 36 19 25 11 22 37 10 7 12 5 16 2 45 39 42 3 48 28 26 40 21 4 46 35 32 49 6 43 
8 6 13 46 1 37 39 4 40 22 30 25 2 45 26 11 48 19 36 32 21 18 49 7 24 34 29 5 42 23 20 44 10 27 43 31 15 33 38 41 47 35 16 17 9 3 12 28 14 
25 29 41 21 8 38 35 42 18 15 19 44 39 27 11 22 40 10 23 37 48 14 2 9 13 24 7 3 36 6 26 30 17 46 20 32 45 31 34 1 16 12 5 43 4 33 28 47 49 
15 33 44 27 30 13 37 24 7 10 14 3 16 6 49 28 32 31 26 39 34 20 35 45 46 47 42 23 29 40 1 5 43 41 48 25 22 4 19 11 36 38 21 18 12 2 9 8 17 
7 36 11 47 22 32 6 25 49 13 1 28 9 4 16 45 24 12 20 43 38 5 17 21 18 27 44 29 37 19 2 10 8 42 34 14 48 39 33 3 15 30 35 41 46 31 40 26 23 
24 5 40 9 45 17 18 43 12 31 22 48 46 11 1 36 19 2 21 33 25 26 38 49 15 8 30 41 16 27 47 39 4 7 13 28 35 42 20 10 29 23 32 37 3 14 6 34 44 
1 28 4 12 16 10 19 35 20 23 5 34 38 2 3 47 14 42 46 27 17 39 6 37 40 33 43 36 18 49 44 22 31 25 32 8 21 41 26 9 7 24 15 48 30 29 13 45 11 
42 46 43 34 23 14 20 29 45 8 36 47 30 26 41 18 15 9 6 7 13 25 32 48 1 28 4 31 21 38 35 33 11 3 12 37 17 49 40 44 5 2 19 39 10 22 24 16 27 
2 31 26 49 48 39 3 33 32 21 41 40 17 37 29 35 5 44 30 4 8 22 34 10 16 12 11 19 23 24 15 14 9 28 45 27 46 6 47 43 13 18 1 20 36 42 38 7 25 
34 17 22 26 11 45 32 49 16 30 27 29 21 33 20 41 8 43 48 46 14 23 37 36 2 9 19 42 40 39 3 18 13 5 25 4 31 35 24 15 44 47 10 7 28 6 1 12 38 
49 4 38 16 19 24 9 28 41 39 6 8 37 1 2 27 33 18 17 5 12 48 3 29 20 7 32 46 10 44 30 35 15 22 11 23 34 25 21 42 26 45 31 14 40 43 47 36 13 
36 21 31 35 5 27 46 45 9 4 25 23 14 20 7 32 49 16 34 30 40 13 43 41 6 15 26 8 47 48 17 28 1 38 19 10 2 29 22 37 12 3 44 42 11 39 33 24 18 
13 23 7 28 43 15 41 22 48 40 42 12 3 44 37 10 47 38 45 1 35 4 14 34 5 21 39 27 2 31 8 32 24 36 26 6 33 18 16 19 11 17 20 25 49 46 30 9 29 
39 20 3 33 40 12 10 7 47 24 26 46 34 17 4 23 11 6 13 22 9 31 25 28 44 18 16 1 14 45 43 21 37 29 42 49 38 36 8 32 30 48 2 15 27 5 19 35 41 
6 14 47 44 37 8 42 10 36 2 18 11 15 13 21 29 28 25 31 19 26 35 24 30 38 17 49 45 20 33 12 46 7 9 16 40 41 27 39 5 1 43 48 22 34 23 3 32 4 
48 30 25 1 29 18 2 5 43 19 38 35 31 32 15 44 36 3 39 42 24 40 12 47 33 10 22 11 27 34 49 4 23 6 41 20 9 28 13 14 46 7 26 16 8 37 21 17 45 
23 22 18 39 36 41 47 1 28 14 45 5 10 12 6 46 29 48 33 34 42 30 20 8 49 31 35 17 13 37 7 25 19 4 24 15 44 16 11 40 32 26 43 38 2 9 27 21 3 
17 24 12 25 42 26 4 20 35 41 9 16 18 36 10 37 13 1 8 47 30 44 27 11 23 2 34 22 39 29 46 15 3 40 21 33 43 38 5 48 45 19 49 6 32 28 7 14 31 
32 8 9 13 6 28 5 2 23 3 37 49 22 43 27 31 38 15 40 25 41 7 29 19 10 1 36 39 45 18 48 20 26 16 33 21 30 46 17 12 4 14 47 11 24 34 44 42 35 
11 35 27 10 34 16 21 19 15 48 17 31 47 29 43 5 4 20 3 49 22 42 33 24 37 40 13 14 30 28 6 38 32 44 9 7 25 23 18 2 39 8 46 26 41 45 36 1 12 
14 7 20 45 44 40 48 39 25 38 34 30 11 42 24 21 2 26 12 35 19 3 16 32 9 46 18 28 1 36 31 43 22 8 5 13 29 47 6 27 49 41 17 33 23 10 4 15 37 
37 1 2 30 15 31 49 44 8 7 33 6 40 46 28 9 18 45 32 14 16 43 41 4 21 25 38 26 17 11 10 12 47 23 27 35 24 3 42 20 34 36 22 29 48 19 5 13 39 
43 19 33 38 3 46 29 26 13 27 21 32 4 24 36 17 39 11 7 44 23 45 48 15 12 5 47 6 35 2 41 42 14 34 49 22 10 37 1 31 9 28 8 40 25 20 16 18 30 
27 34 46 20 17 42 12 32 19 37 16 18 28 10 47 4 26 7 35 21 45 49 30 5 48 11 41 24 43 13 23 29 6 1 15 3 36 44 9 25 38 33 14 31 39 8 22 40 2 
26 39 45 36 10 6 23 11 14 47 15 22 41 3 31 33 34 29 19 28 37 32 18 1 7 20 9 2 24 17 21 8 42 12 44 48 13 40 46 30 43 49 25 4 38 16 35 27 5 
35 41 5 8 14 33 44 48 42 45 2 20 29 9 40 49 16 13 11 23 15 46 22 38 26 36 3 25 28 10 39 47 34 18 31 17 27 19 12 24 6 4 30 32 21 7 43 37 1 
21 25 16 22 7 30 38 27 1 49 43 24 33 23 8 2 3 17 5 36 10 6 39 31 45 44 28 13 4 46 40 19 48 26 37 11 14 32 15 18 35 34 12 9 20 47 41 29 42 
40 37 48 29 18 4 24 17 34 5 7 26 13 35 38 25 12 46 14 41 6 16 47 42 19 43 21 15 32 20 9 36 27 30 2 39 8 1 45 28 22 31 23 49 44 11 10 3 33 
28 32 49 31 9 47 11 46 21 12 40 38 44 30 22 42 43 39 24 48 1 17 8 35 27 4 33 34 5 7 25 45 41 14 3 2 23 20 10 29 37 16 36 13 6 18 15 19 26 
3 43 15 19 2 1 13 8 31 6 4 36 25 39 18 20 44 30 27 9 32 10 23 12 14 29 40 37 33 35 22 49 16 11 38 26 47 7 41 21 42 5 28 45 17 24 48 46 34 
5 27 1 37 38 2 16 12 24 25 23 39 20 19 42 48 7 36 43 11 3 15 4 44 31 30 46 32 22 41 28 13 45 17 47 9 18 14 35 33 8 40 6 10 29 26 34 49 21 
30 9 29 4 41 11 22 47 3 18 35 17 7 8 32 24 21 33 15 13 31 2 5 40 43 38 45 49 46 16 19 1 44 10 6 36 28 26 25 34 48 39 37 12 14 27 42 23 20 
19 26 17 43 24 23 45 36 46 1 13 33 27 49 34 6 25 37 10 40 4 9 7 20 28 41 12 18 31 30 42 48 39 32 14 29 16 5 44 38 21 22 3 47 15 35 11 2 8 
46 10 28 3 12 36 15 16 4 11 29 45 26 22 19 30 9 14 47 17 5 34 1 23 25 48 6 35 49 21 24 37 33 20 8 41 42 2 7 13 31 27 38 44 18 40 39 43 32 
18 13 39 14 49 35 25 40 37 9 48 2 5 28 12 8 22 27 44 45 29 24 42 3 17 19 10 21 34 26 36 7 38 15 23 47 11 43 32 6 20 1 33 30 16 41 31 4 46 
33 42 34 40 21 20 8 41 38 32 44 15 6 31 35 26 23 28 1 2 39 11 36 22 47 37 14 16 25 4 18 27 12 43 29 24 49 17 30 46 3 10 7 19 13 48 45 5 9 
31 44 32 6 47 48 7 34 30 42 10 21 43 14 46 16 20 41 18 38 49 29 26 27 39 13 8 33 3 5 11 9 40 2 35 19 4 12 37 45 23 15 24 28 22 1 17 25 36 
10 11 37 18 27 7 1 21 33 35 12 9 32 16 17 39 41 22 2 8 36 19 28 46 3 49 5 38 6 42 34 23 30 31 40 44 26 13 48 47 14 25 45 24 43 4 29 20 15 
45 38 8 17 31 5 43 30 39 36 28 37 19 15 23 34 10 21 25 29 18 1 44 16 22 32 27 20 48 14 13 11 49 47 7 46 40 24 4 35 33 42 9 3 26 12 2 41 6 
41 16 21 48 28 3 40 13 2 43 46 4 1 18 30 12 6 35 9 20 11 8 31 14 42 26 24 47 44 15 45 17 25 37 36 38 39 22 27 7 19 29 34 23 5 49 32 33 10 
29 47 23 42 46 19 36 14 22 26 24 27 8 41 44 15 31 40 4 16 43 37 11 33 30 35 17 9 12 1 32 2 5 39 28 34 6 45 3 49 10 20 13 21 7 25 18 38 48 
20 12 6 32 4 9 33 23 5 29 31 10 48 40 14 7 42 47 49 26 46 21 13 2 34 45 25 43 38 22 16 3 35 24 18 1 37 15 36 17 41 11 39 27 19 30 8 44 28 
44 2 35 15 39 34 26 3 6 20 47 42 49 25 33 13 45 32 38 24 27 12 10 18 36 23 48 7 19 43 4 41 29 21 46 16 5 30 31 8 28 9 40 1 37 17 14 11 22 
22 49 14 24 13 25 30 38 44 17 11 7 45 34 48 19 1 5 37 3 28 41 40 39 29 6 15 4 9 8 27 26 20 33 10 43 12 21 2 23 18 32 42 35 47 36 46 31 16 
################proper############## 

 average_time = 1.634816 

 success runs = 1 

 total average iters = 66421.000000 
