Success!!! 
 
 max_col = 
 49 
 
 run_time = 
 3.138531 
 
 once iters = 
 200047 
 
18 5 30 48 20 32 21 3 40 45 2 28 41 35 34 11 46 37 25 44 47 31 43 4 6 7 1 16 13 19 38 33 12 42 15 24 17 29 26 27 22 8 9 10 23 49 39 14 36 
33 37 35 22 38 43 9 17 31 11 44 4 26 42 29 15 13 3 7 8 30 39 19 48 14 46 24 12 36 49 5 18 1 21 34 23 28 45 20 40 47 10 6 32 2 27 25 16 41 
45 41 34 47 14 3 13 27 10 48 8 38 16 36 33 31 19 39 42 26 5 32 22 2 49 21 25 20 11 35 30 17 40 23 44 6 18 7 12 15 9 1 28 4 37 43 29 46 24 
26 36 42 27 24 40 15 18 25 19 39 20 6 47 17 1 23 22 32 14 41 38 10 11 33 44 3 5 8 29 37 2 45 9 28 49 16 46 43 31 48 4 35 13 7 34 12 21 30 
10 16 6 12 31 1 7 21 33 43 46 37 29 30 48 49 35 28 24 9 45 36 8 18 34 23 26 17 32 41 27 4 25 3 22 19 44 13 14 2 38 39 47 42 11 40 20 15 5 
19 28 17 44 4 25 49 23 24 1 22 15 14 7 2 20 27 18 43 21 12 40 41 9 37 35 29 13 6 39 46 47 31 16 10 34 30 5 11 36 32 42 3 33 45 48 8 38 26 
39 2 11 8 23 29 46 5 32 34 13 49 12 9 6 4 16 36 40 10 38 28 27 45 47 15 30 42 48 24 14 26 7 43 20 25 35 33 37 21 41 3 1 22 17 19 18 44 31 
24 25 3 2 30 12 20 11 1 5 26 34 22 17 39 35 31 15 44 41 36 14 45 38 40 4 18 46 29 48 23 42 43 19 32 8 27 10 47 16 6 33 49 28 21 9 7 13 37 
31 34 44 36 39 35 28 4 23 8 42 13 20 3 7 25 32 24 9 40 19 16 17 1 11 6 5 41 18 47 22 27 21 33 37 12 29 15 46 30 49 38 43 14 26 45 10 48 2 
16 38 37 43 29 14 18 19 21 47 41 32 31 25 1 10 30 26 49 46 13 27 20 8 7 3 48 22 12 45 6 9 2 17 5 28 34 42 23 44 11 35 4 24 15 36 33 40 39 
6 23 40 5 10 11 26 16 38 29 24 46 43 39 4 17 8 14 22 27 33 21 9 49 36 28 12 32 44 25 15 3 35 7 30 45 41 37 2 48 13 20 42 19 34 18 31 1 47 
22 9 8 7 15 21 19 33 49 37 18 27 30 45 28 29 38 16 48 2 3 13 42 26 10 47 44 23 4 34 20 1 46 39 40 17 24 31 36 25 14 43 12 41 5 11 32 6 35 
49 48 45 33 17 27 32 6 12 36 9 35 28 2 47 43 34 5 11 42 21 30 39 19 29 31 37 15 10 14 24 41 8 13 16 7 4 22 1 18 40 26 23 44 46 25 38 20 3 
47 42 4 1 13 46 41 10 48 44 7 14 15 40 45 18 37 20 12 23 6 2 34 25 43 24 33 35 31 28 11 38 36 49 26 39 5 9 32 3 21 19 30 8 27 29 17 22 16 
32 31 39 38 47 19 3 45 17 7 23 36 5 21 14 37 2 1 27 28 35 6 30 10 16 49 40 18 26 43 9 44 4 46 25 13 22 11 41 34 12 48 29 15 42 20 24 33 8 
42 13 9 30 40 45 16 39 44 14 38 10 27 1 18 41 5 17 34 48 24 29 23 12 26 25 20 11 33 21 32 6 22 8 19 37 15 43 4 28 7 36 46 35 47 31 2 3 49 
43 1 24 25 44 48 10 49 18 40 34 41 33 15 22 36 45 30 38 7 32 4 28 46 21 42 35 8 20 2 13 37 47 31 11 5 3 14 19 26 16 29 39 12 6 17 27 23 9 
37 18 49 11 36 4 33 12 19 31 32 9 48 13 46 26 44 6 16 3 23 5 47 41 24 2 22 39 15 38 42 7 29 34 14 27 1 20 10 8 35 17 45 21 43 30 40 25 28 
8 14 23 26 5 6 35 20 11 16 29 43 42 37 31 13 47 49 19 15 4 3 33 17 1 48 36 9 41 40 45 30 27 28 12 21 46 25 38 39 24 2 10 7 44 32 34 18 22 
7 22 21 20 28 41 29 46 6 24 3 47 2 26 43 12 33 9 10 25 8 37 15 27 32 45 14 34 35 1 36 39 17 5 18 31 23 40 49 42 44 30 19 48 16 38 11 4 13 
15 46 12 17 27 34 2 30 8 28 35 25 4 22 42 21 40 11 39 29 20 19 44 31 38 43 13 7 49 10 3 48 16 24 23 9 33 47 18 6 45 32 41 26 14 37 36 5 1 
38 45 5 49 6 18 44 26 14 35 25 21 46 33 30 7 3 29 2 36 37 10 1 16 31 41 19 40 17 4 8 15 24 32 42 47 11 12 39 9 43 22 48 34 20 13 23 28 27 
41 12 19 39 16 28 25 24 30 32 11 45 1 44 26 34 4 10 15 13 43 20 18 29 9 8 7 27 46 37 47 21 48 35 31 3 40 6 42 33 17 23 14 36 49 5 22 2 38 
29 43 2 14 42 31 27 13 34 39 16 12 38 48 21 47 49 46 45 19 40 44 3 35 23 26 11 33 30 7 10 22 5 20 9 32 36 24 15 41 1 28 17 18 8 6 4 37 25 
40 3 10 23 8 13 36 2 37 17 47 19 49 43 5 42 24 48 31 33 9 22 25 39 28 30 32 21 34 27 29 12 6 26 38 4 14 18 45 46 20 7 15 11 35 1 16 41 44 
4 24 48 9 37 26 22 31 20 27 36 3 8 6 41 44 39 32 28 16 18 17 13 43 15 5 42 14 1 11 2 23 33 45 49 38 25 35 21 29 19 34 40 46 10 7 47 30 12 
34 32 47 15 35 33 11 9 7 23 28 29 40 4 12 14 1 8 17 20 22 48 6 36 46 38 49 24 25 44 16 43 41 18 3 10 13 27 30 5 2 37 26 45 39 42 21 31 19 
46 17 20 21 1 7 30 22 5 41 15 42 18 10 25 23 11 38 35 6 27 45 4 34 12 37 47 2 39 36 19 40 28 14 13 16 48 8 44 49 26 31 24 3 32 33 43 9 29 
44 15 31 45 25 22 37 14 35 10 20 30 36 34 16 40 21 43 3 47 7 18 46 6 13 17 38 29 5 32 39 19 26 2 48 42 49 1 24 23 28 12 11 27 4 41 9 8 33 
5 21 32 24 43 10 6 42 13 33 4 31 9 27 8 48 28 2 29 38 1 49 37 3 45 11 34 26 40 23 7 20 14 25 46 41 39 19 35 47 18 16 22 30 36 44 15 12 17 
36 29 18 46 19 9 14 38 22 15 6 17 45 28 35 30 42 4 26 34 25 41 5 33 48 40 39 43 24 12 1 49 13 47 8 20 7 3 27 11 10 44 16 2 31 21 37 32 23 
30 7 33 35 49 39 4 1 41 12 48 11 44 16 15 6 10 13 36 31 14 23 2 32 20 27 28 47 3 18 21 45 9 37 43 22 8 26 34 17 25 5 38 29 24 46 42 19 40 
1 47 27 13 11 20 38 37 3 25 40 26 24 49 32 9 22 33 23 17 46 7 12 14 42 19 8 44 16 30 41 28 15 36 6 2 31 48 29 45 4 21 34 5 18 39 35 43 10 
12 40 41 3 34 16 8 7 2 46 21 5 23 19 20 45 18 27 37 39 44 24 36 22 25 1 31 10 38 17 35 11 42 4 29 30 6 32 33 43 15 9 13 49 28 26 14 47 48 
17 26 28 42 2 23 48 8 29 18 43 39 47 32 11 5 12 19 41 24 49 15 21 30 35 16 9 4 27 22 31 10 34 44 33 40 37 38 13 14 36 46 20 1 25 3 6 7 45 
14 30 15 10 48 17 43 40 27 49 5 23 7 24 36 46 25 42 33 45 11 8 16 47 4 22 2 37 21 31 12 13 44 29 35 26 38 34 6 19 3 18 32 9 1 28 41 39 20 
20 6 16 29 41 38 31 25 43 3 12 18 32 8 37 27 48 47 5 1 10 35 11 21 17 39 45 49 28 15 34 46 23 22 7 44 42 36 9 13 33 24 2 40 19 4 30 26 14 
35 11 46 40 9 8 23 28 26 4 33 2 10 20 13 19 17 44 21 30 34 25 29 42 18 14 27 3 47 16 43 5 38 48 24 1 45 39 31 32 37 41 7 6 12 22 49 36 15 
25 19 26 4 45 24 12 41 15 38 30 22 39 11 49 16 7 31 20 18 29 1 32 40 5 9 43 48 2 8 33 36 37 6 17 14 10 21 28 35 46 27 44 23 13 47 3 42 34 
21 33 1 28 22 42 5 47 36 6 37 44 13 31 40 2 9 41 14 35 39 34 38 23 30 12 15 19 45 3 26 32 49 10 27 43 20 4 17 7 29 25 18 16 48 8 46 24 11 
3 39 36 18 7 2 34 29 45 21 19 1 35 14 38 24 15 12 8 32 28 46 26 13 44 20 6 31 9 42 4 25 30 11 41 48 47 16 40 22 23 49 27 37 33 10 5 17 43 
27 44 13 37 32 49 47 48 9 42 17 16 34 46 3 22 43 23 6 4 26 33 7 24 41 36 10 28 19 20 40 14 18 1 39 15 2 30 8 12 5 11 31 25 38 35 45 29 21 
11 49 43 31 26 37 40 35 28 9 10 48 3 18 23 39 14 34 13 5 15 47 24 44 8 32 4 45 7 46 17 29 20 12 2 33 21 41 25 1 30 6 36 38 22 16 19 27 42 
2 35 7 32 46 15 45 43 4 13 31 6 25 38 27 3 41 21 30 22 42 26 48 37 19 29 17 36 14 5 49 8 10 40 1 11 12 44 16 24 39 47 33 20 9 23 28 34 18 
13 27 14 34 3 5 1 15 42 30 49 33 11 23 24 28 36 7 4 12 48 9 40 20 39 18 21 6 43 26 25 16 32 38 47 29 19 17 22 10 8 45 37 31 41 2 44 35 46 
9 4 29 16 12 36 24 34 47 20 45 8 19 41 44 33 26 40 46 37 17 43 31 15 2 10 23 1 22 6 28 35 3 27 21 18 32 49 5 38 42 13 25 39 30 14 48 11 7 
23 10 38 19 21 47 42 44 16 22 27 24 17 29 9 32 20 45 18 11 2 12 35 5 3 13 41 25 37 33 48 31 39 30 36 46 26 28 7 4 34 14 8 43 40 15 1 49 6 
28 8 22 6 33 44 17 36 39 2 14 40 37 5 10 38 29 25 1 43 16 11 49 7 27 34 46 30 42 13 18 24 19 41 4 35 9 23 48 20 31 15 21 47 3 12 26 45 32 
48 20 25 41 18 30 39 32 46 26 1 7 21 12 19 8 6 35 47 49 31 42 14 28 22 33 16 38 23 9 44 34 11 15 45 36 43 2 3 37 27 40 5 17 29 24 13 10 4 
################proper############## 

 average_time = 3.138531 

 success runs = 1 

 total average iters = 200047.000000 
