Success!!! 
 
 max_col = 
 49 
 
 run_time = 
 1.488089 
 
 once iters = 
 82586 
 
12 8 36 23 37 6 18 21 15 19 35 5 30 33 38 47 32 29 7 17 45 1 4 10 14 3 44 42 49 41 48 20 46 27 24 39 9 40 2 16 25 26 11 34 28 31 43 22 13 
39 19 41 3 35 45 32 26 22 42 47 34 46 6 31 15 4 14 48 11 8 16 20 13 2 27 12 5 9 28 44 7 21 17 30 24 38 23 43 49 1 29 33 10 37 36 25 18 40 
31 1 7 20 21 47 17 28 8 32 40 27 16 49 41 34 35 22 12 10 37 29 23 30 43 6 18 39 15 45 33 2 36 42 25 44 14 11 3 13 19 46 9 5 48 4 26 24 38 
11 14 9 43 22 38 13 37 1 44 10 4 7 31 24 5 21 28 2 3 20 19 26 8 41 45 36 25 29 6 12 16 35 40 47 30 48 32 18 33 34 15 49 23 46 39 42 17 27 
40 5 46 16 4 48 15 3 36 24 2 39 20 29 1 25 30 49 13 19 27 34 21 47 9 33 38 17 23 26 43 11 14 22 18 37 28 7 10 31 41 42 44 35 8 6 32 45 12 
34 2 42 24 28 26 25 17 45 11 9 48 43 18 16 33 44 40 23 36 6 7 22 46 15 32 49 31 39 38 37 3 10 4 13 20 35 27 8 5 12 47 29 1 41 19 30 21 14 
29 27 30 44 49 10 33 41 12 38 14 23 25 13 43 46 26 18 39 42 9 24 40 37 28 11 35 48 5 32 8 19 1 31 34 22 21 4 6 36 17 45 2 20 15 47 16 3 7 
7 22 44 37 26 9 6 46 48 31 23 25 33 11 28 16 12 17 27 1 32 8 35 18 47 38 34 14 43 21 2 49 3 24 20 40 45 19 36 4 10 30 41 15 5 13 39 29 42 
46 33 15 27 23 29 31 14 5 3 42 26 21 19 34 41 10 35 11 6 25 40 12 20 39 7 17 1 32 30 38 48 4 13 16 2 8 9 49 24 28 43 22 36 45 18 37 44 47 
36 4 28 49 45 19 3 6 41 9 24 16 34 43 26 38 23 5 37 8 33 42 27 44 25 48 31 22 18 40 7 12 15 1 14 46 39 47 13 32 29 11 21 17 20 35 10 30 2 
21 10 13 32 11 30 48 29 2 49 12 7 27 44 18 24 9 15 45 22 39 41 6 43 16 26 37 36 46 5 47 35 42 19 17 38 23 25 20 1 31 33 4 3 40 28 8 14 34 
16 40 12 34 38 41 5 22 17 10 39 13 32 8 47 7 20 3 46 4 30 28 2 11 49 29 15 19 27 44 45 6 33 36 31 21 42 18 14 48 35 37 25 26 43 9 1 23 24 
24 35 14 8 42 1 43 36 47 18 28 15 38 20 21 2 49 31 40 29 13 45 32 5 30 4 9 10 41 25 34 37 22 39 23 17 27 44 12 6 26 3 7 46 16 11 33 19 48 
25 39 20 17 18 2 47 40 37 35 1 30 45 4 48 44 19 36 43 14 42 33 24 3 21 46 13 23 26 29 9 8 28 11 10 5 34 16 15 7 22 41 38 27 49 12 31 32 6 
44 29 38 40 41 5 34 32 43 46 25 37 22 26 27 17 24 9 1 16 48 36 11 31 20 15 7 33 4 42 35 47 30 45 3 23 13 6 28 18 21 49 19 14 39 10 12 2 8 
22 26 48 11 31 32 19 30 20 2 41 38 24 5 3 39 6 12 28 18 46 21 34 35 44 1 14 40 36 13 49 43 7 23 33 9 16 29 17 10 15 8 37 25 42 45 27 47 4 
6 17 2 45 36 27 42 4 49 12 31 8 39 10 40 37 34 13 30 47 41 25 19 23 29 22 28 16 14 9 15 21 32 20 48 26 11 1 5 3 46 24 18 33 38 44 7 35 43 
15 37 8 12 43 7 4 13 23 21 34 33 19 16 36 45 5 38 14 20 35 10 9 42 18 17 30 26 1 27 31 41 29 6 2 32 25 39 40 44 47 48 28 11 24 49 3 46 22 
18 9 47 46 1 33 16 42 29 15 3 14 6 35 10 21 25 26 44 43 23 4 5 49 24 37 2 45 38 19 11 28 17 8 39 12 31 20 34 22 7 27 30 41 32 40 48 13 36 
23 20 24 28 13 39 14 45 27 40 11 36 48 9 33 49 22 7 29 2 31 32 38 12 3 47 41 8 10 16 25 18 5 44 46 4 43 37 42 35 30 19 17 21 26 1 34 6 15 
3 21 35 10 25 49 30 47 7 1 44 18 17 28 42 19 11 8 15 32 4 48 39 6 46 13 27 43 12 22 24 26 34 37 40 33 41 14 45 2 38 36 20 9 23 5 29 16 31 
49 24 23 15 8 4 29 5 44 43 30 40 11 48 20 10 16 42 35 9 26 38 45 14 27 28 22 46 37 34 18 36 2 3 6 1 19 17 33 12 13 32 31 47 7 21 41 25 39 
14 30 32 19 7 12 36 1 18 20 49 42 31 27 44 23 38 6 33 37 43 9 25 34 8 35 10 15 47 4 39 45 41 29 21 16 40 24 22 46 11 28 13 2 3 17 5 48 26 
45 16 17 1 46 31 39 10 35 13 26 22 37 34 8 12 15 21 3 41 40 18 7 2 19 36 11 47 24 48 14 32 44 43 42 25 4 5 29 9 27 38 23 6 33 30 28 20 49 
20 18 43 41 5 37 35 24 32 8 33 2 23 36 46 28 45 4 47 31 19 13 3 21 17 16 48 49 40 7 30 25 11 38 22 6 10 34 26 42 39 14 12 29 1 27 44 15 9 
26 42 22 2 40 11 10 38 9 28 6 47 15 17 14 13 48 34 5 25 7 12 30 29 33 44 39 20 35 31 1 23 27 16 19 3 49 21 41 37 43 18 36 32 4 24 46 8 45 
13 3 25 9 48 21 27 7 14 4 19 12 41 45 22 18 17 11 36 39 29 23 1 24 40 43 6 32 33 46 28 5 20 26 49 15 30 2 47 8 44 31 16 38 10 34 35 42 37 
38 34 6 33 47 44 28 25 16 39 46 3 29 21 30 32 2 1 49 27 24 37 31 41 26 5 42 4 17 8 10 13 9 15 12 35 20 36 48 45 23 7 14 22 11 43 19 40 18 
47 28 31 5 24 18 44 33 19 30 36 41 9 46 17 6 3 37 22 13 10 26 8 38 4 20 25 7 11 39 16 29 40 14 43 27 1 49 32 15 48 23 42 12 35 2 45 34 21 
10 12 3 7 30 36 21 20 42 29 37 6 2 22 9 1 8 24 38 49 47 39 44 48 5 14 16 28 34 23 17 33 45 32 27 43 46 35 25 19 40 4 15 18 31 26 13 41 11 
17 38 11 29 20 8 41 49 24 16 15 32 3 40 45 36 7 48 4 23 34 30 43 27 42 19 47 37 28 18 46 1 31 21 35 13 22 12 39 26 6 2 5 44 9 25 14 10 33 
43 25 4 48 16 34 2 31 39 45 21 11 35 14 32 42 27 33 19 26 12 46 17 40 22 18 29 13 7 37 5 9 38 49 15 47 36 10 24 41 3 44 6 8 30 23 20 28 1 
27 32 1 6 15 14 22 44 26 48 13 10 12 23 39 43 40 30 21 5 18 11 41 36 34 9 45 35 20 2 19 24 47 25 8 31 29 42 7 28 33 16 3 49 17 38 4 37 46 
37 45 33 26 39 23 9 27 34 17 7 28 8 47 35 20 46 25 16 44 2 6 15 1 31 49 24 3 42 12 41 4 13 10 36 11 18 38 30 21 14 5 32 40 29 48 22 43 19 
42 49 40 35 19 13 46 18 4 25 5 43 1 38 11 29 14 41 31 28 15 2 10 32 12 23 33 21 22 3 26 30 6 48 44 45 17 8 9 34 37 20 39 24 27 7 47 36 16 
35 36 39 42 9 16 49 2 25 7 38 1 26 37 23 14 47 27 34 21 28 43 33 4 48 10 8 11 19 24 3 15 18 12 45 41 5 13 44 29 32 22 46 30 6 20 40 31 17 
41 46 18 30 27 20 1 8 6 47 22 44 4 32 19 35 13 16 24 48 38 15 36 45 7 31 40 12 25 14 29 42 26 28 9 10 33 3 23 11 2 17 43 39 34 37 21 49 5 
32 7 29 47 34 24 11 19 30 14 16 17 40 3 2 8 37 10 6 46 36 44 49 28 35 42 21 38 31 1 27 22 48 33 5 18 12 43 4 20 45 39 26 13 25 15 23 9 41 
19 6 21 4 14 28 12 15 10 33 43 31 18 39 49 30 1 32 41 7 22 27 47 25 23 34 5 2 13 11 20 17 16 46 37 48 24 26 35 40 42 9 8 45 44 3 36 38 29 
5 48 37 22 10 43 23 11 13 36 45 9 28 12 15 26 42 39 20 40 3 17 18 19 6 41 46 29 44 35 21 34 49 30 4 7 47 31 38 14 8 25 1 16 2 33 24 27 32 
2 44 26 31 17 15 8 23 46 41 29 20 5 42 4 9 33 43 25 45 11 3 13 22 32 30 1 24 6 36 40 38 39 47 7 49 37 28 21 27 16 34 10 48 19 14 18 12 35 
33 13 45 25 3 40 38 48 21 34 27 35 49 24 5 31 29 44 18 12 17 14 16 26 37 39 20 9 2 43 23 10 8 41 32 19 6 15 46 30 36 1 47 7 22 42 11 4 28 
4 11 27 18 12 35 7 9 33 5 8 24 14 1 6 22 28 47 32 34 44 20 29 16 38 40 19 30 48 15 42 31 23 2 26 36 3 41 37 25 49 13 45 43 21 46 17 39 10 
30 43 49 21 2 22 26 39 11 37 48 46 47 41 13 4 18 20 10 24 14 31 28 7 1 25 3 27 16 17 32 40 12 5 38 29 15 45 19 23 9 35 34 42 36 8 6 33 44 
28 15 16 14 6 42 37 12 40 26 20 45 36 7 25 3 43 2 17 33 5 35 48 39 10 24 4 41 30 49 13 44 19 34 29 8 32 46 1 38 18 21 27 31 47 22 9 11 23 
1 47 34 38 32 17 20 43 28 6 18 19 13 25 29 27 31 45 9 15 21 22 14 33 36 2 23 44 8 10 4 46 24 35 41 42 7 30 11 39 5 40 48 37 12 16 49 26 3 
9 23 5 36 29 25 40 34 38 27 17 21 10 30 7 48 39 46 26 35 16 49 42 15 45 8 32 6 3 47 22 14 37 18 11 28 44 33 31 43 4 12 24 19 13 41 2 1 20 
48 31 10 39 44 46 24 35 3 23 32 49 42 15 12 11 41 19 8 30 1 47 37 9 13 21 26 18 45 33 36 27 43 7 28 34 2 22 16 17 20 6 40 4 14 29 38 5 25 
8 41 19 13 33 3 45 16 31 22 4 29 44 2 37 40 36 23 42 38 49 5 46 17 11 12 43 34 21 20 6 39 25 9 1 14 26 48 27 47 24 10 35 28 18 32 15 7 30 
################proper############## 

 average_time = 1.488089 

 success runs = 1 

 total average iters = 82586.000000 
