Success!!! 
 
 max_col = 
 49 
 
 run_time = 
 0.794130 
 
 once iters = 
 35030 
 
4 16 24 26 9 7 3 1 48 46 18 13 34 21 10 39 28 42 44 29 41 47 43 5 19 49 11 25 17 35 20 8 30 37 32 27 14 31 38 40 2 15 22 36 33 6 12 23 45 
6 18 31 8 45 1 2 42 33 32 20 35 37 19 21 7 12 15 16 27 24 14 26 29 36 13 10 17 22 9 23 28 44 4 41 11 25 48 3 43 47 39 5 30 49 46 34 40 38 
37 32 29 34 12 28 14 26 49 47 16 43 31 17 38 48 2 23 19 5 22 39 4 30 35 46 6 9 45 33 11 36 40 10 27 13 44 24 41 20 18 1 7 8 25 15 42 3 21 
11 19 49 21 40 10 44 38 36 41 14 30 5 9 20 37 25 8 17 33 6 15 18 34 23 12 42 45 2 31 13 46 1 3 7 28 32 22 35 16 29 4 27 43 24 39 47 26 48 
25 43 48 47 27 20 22 12 8 10 45 15 44 7 32 49 46 30 11 35 26 40 3 28 37 41 24 33 18 16 42 39 38 34 19 6 21 5 36 9 17 23 1 29 4 2 13 31 14 
15 17 33 23 41 46 36 6 27 39 11 3 28 25 13 40 14 43 45 4 1 32 7 2 22 16 38 31 24 12 5 47 29 48 21 8 37 34 49 42 26 30 20 18 44 10 9 19 35 
35 5 30 13 38 39 42 29 23 24 40 22 4 2 34 31 36 3 9 47 18 48 1 21 44 20 27 8 26 14 6 43 49 15 25 33 7 12 10 45 19 46 16 41 17 11 37 32 28 
38 7 26 48 47 43 23 17 39 40 33 2 8 45 37 16 44 11 42 9 46 31 29 1 6 27 22 24 3 15 19 18 12 28 49 5 36 25 21 35 14 13 10 32 34 41 20 4 30 
10 11 13 33 15 18 30 28 12 1 37 31 41 27 29 26 34 21 23 17 35 38 48 19 25 14 49 16 46 8 4 5 45 43 22 44 24 32 6 2 20 3 39 40 7 42 36 47 9 
3 35 9 6 25 31 32 19 14 16 42 49 43 4 41 38 22 45 48 24 20 30 8 17 47 21 34 5 39 40 7 29 36 11 23 12 10 28 46 26 37 18 15 2 27 1 44 13 33 
42 1 8 16 2 5 28 46 38 23 3 11 10 22 4 43 32 25 15 6 36 12 13 26 20 7 33 40 41 47 44 14 24 35 30 9 39 27 48 31 34 19 45 37 18 49 17 21 29 
27 34 45 36 49 37 24 20 29 15 13 21 7 35 47 30 40 14 18 8 33 3 44 46 9 28 23 39 42 48 32 2 16 26 10 41 4 17 43 1 11 38 31 25 6 19 22 12 5 
40 29 19 20 21 4 39 24 32 30 9 5 48 44 49 2 3 10 27 12 28 36 37 35 43 18 41 15 1 13 34 25 31 17 6 7 45 47 22 23 33 42 11 14 26 8 38 46 16 
12 44 41 46 22 14 17 18 26 34 25 6 36 47 7 13 1 19 5 39 31 42 45 10 32 11 4 2 27 20 37 38 33 21 9 40 49 30 8 15 16 29 48 24 43 28 3 35 23 
43 14 1 15 3 22 11 27 35 37 41 32 23 16 17 45 4 34 38 42 40 19 20 13 8 6 30 26 29 44 25 49 7 5 2 24 12 39 47 10 36 9 18 28 46 48 21 33 31 
24 26 16 5 13 2 37 45 44 9 28 8 46 40 31 22 47 7 33 11 30 18 35 48 10 4 32 43 15 21 12 41 39 14 38 19 3 6 25 17 49 34 42 23 36 20 29 27 1 
48 25 39 35 23 32 47 30 24 13 29 20 21 43 1 18 10 41 46 28 9 5 2 49 12 17 36 14 34 4 40 3 6 31 33 26 22 38 42 27 7 8 37 11 45 16 15 44 19 
17 31 21 29 7 36 18 49 25 33 2 26 11 15 19 3 39 37 24 16 27 34 41 44 42 23 45 46 35 28 43 48 9 1 20 32 5 4 14 13 30 40 38 12 8 22 10 6 47 
33 42 46 12 4 30 20 7 19 6 31 38 22 34 36 25 29 35 8 44 49 37 40 3 15 47 1 28 13 27 18 10 32 16 26 23 43 2 45 21 48 11 24 17 5 14 41 9 39 
9 38 44 19 10 34 40 4 47 14 5 1 12 48 2 23 20 26 6 21 32 29 27 39 11 24 16 22 36 37 17 45 42 30 8 46 15 18 33 28 41 31 35 3 13 7 25 43 49 
8 28 27 49 6 45 41 10 17 3 36 42 18 39 5 14 43 48 12 15 13 33 25 9 21 31 7 38 23 19 24 11 46 22 47 37 20 29 16 44 1 35 26 4 40 32 30 2 34 
16 45 37 30 17 38 43 21 1 31 15 29 35 49 28 27 8 32 14 48 19 25 6 12 34 9 26 4 33 23 2 13 10 42 3 18 41 36 11 47 40 24 46 44 39 5 7 22 20 
18 4 7 3 20 48 6 5 37 19 43 9 47 11 12 41 15 33 31 10 23 13 24 16 29 45 39 36 38 32 21 22 8 40 44 14 46 42 30 34 28 17 2 1 35 25 27 49 26 
44 2 12 14 8 29 13 22 18 28 23 39 42 38 16 36 26 6 20 25 11 10 5 31 27 43 35 37 47 1 46 24 17 45 34 49 48 9 7 33 3 21 30 15 19 4 32 41 40 
46 39 36 11 19 35 33 44 2 25 32 48 27 8 40 47 30 38 49 34 29 1 22 42 41 3 28 21 5 7 26 12 20 6 14 15 31 37 23 4 43 45 17 16 9 13 24 10 18 
34 41 23 42 1 24 15 33 16 12 46 10 40 36 45 17 18 5 22 7 44 11 38 32 14 30 19 48 9 29 31 27 35 49 4 2 13 8 26 39 25 20 3 21 47 37 43 28 6 
28 49 40 22 5 47 21 3 4 17 34 45 14 26 24 35 13 9 43 2 37 44 46 7 18 15 8 20 19 11 41 30 48 25 39 10 16 1 32 6 12 27 29 38 23 31 33 42 36 
32 10 25 27 31 26 9 13 30 7 6 41 24 20 3 46 42 39 4 1 21 2 23 47 40 33 17 49 16 43 28 15 37 36 18 38 35 19 5 29 22 44 14 34 11 12 45 48 8 
47 37 43 7 36 27 46 25 28 35 39 18 6 10 22 33 19 49 21 31 5 41 34 45 1 48 12 23 11 30 8 17 26 44 13 29 38 20 24 3 4 16 32 42 15 9 40 14 2 
31 20 15 25 32 33 49 36 11 22 4 27 17 24 30 28 48 16 29 38 3 21 9 14 2 26 13 6 10 18 45 34 47 39 35 42 40 7 12 8 46 37 44 19 41 23 1 5 43 
41 24 2 28 14 42 35 8 46 45 12 34 38 30 11 10 7 20 40 13 47 4 39 15 31 25 3 29 6 49 9 23 43 19 37 17 1 21 44 32 5 26 36 22 48 33 18 16 27 
30 21 38 40 44 11 10 31 15 48 49 47 3 37 39 24 41 2 1 36 8 43 32 27 5 19 20 18 7 42 16 33 28 46 12 22 23 45 9 25 35 14 6 13 29 34 26 17 4 
13 48 3 39 16 8 45 9 21 26 1 14 32 23 44 34 6 12 35 18 42 49 17 36 28 37 40 11 20 41 27 4 22 29 5 30 2 43 31 19 15 33 25 47 38 24 46 7 10 
5 6 18 4 26 17 19 2 20 44 7 16 29 42 43 9 23 27 32 37 25 24 30 22 33 35 46 10 14 36 15 1 21 38 40 39 47 41 34 48 13 28 8 49 3 45 31 11 12 
1 23 22 9 34 12 29 41 5 43 19 40 33 13 14 15 17 4 26 46 45 8 42 38 16 44 47 7 32 2 3 31 25 24 48 36 11 10 27 18 6 49 21 20 28 30 35 39 37 
39 36 5 10 33 19 25 16 22 11 35 44 45 32 23 29 21 31 3 40 12 28 15 41 48 42 43 34 49 26 30 7 27 18 24 4 17 13 1 37 8 6 47 9 2 38 14 20 46 
29 13 14 1 46 6 48 37 3 4 30 28 15 12 33 11 24 36 10 41 7 27 47 23 17 2 9 32 25 38 39 44 5 20 42 31 34 40 18 49 45 43 19 35 21 26 16 8 22 
45 12 4 37 11 44 8 39 41 36 10 24 13 31 35 42 16 22 25 43 17 20 33 6 30 38 21 3 40 34 14 9 2 32 28 47 19 26 15 46 27 48 23 5 1 18 49 29 7 
49 3 32 18 28 41 27 23 9 21 47 25 1 5 6 44 45 46 30 26 2 35 10 8 4 40 37 19 43 22 48 16 15 33 11 20 42 14 29 36 38 7 34 31 12 17 39 24 13 
21 9 47 17 43 23 16 34 7 42 27 46 26 14 48 8 38 28 37 20 15 22 49 18 24 39 29 13 31 6 10 19 3 41 1 25 33 35 2 5 32 12 4 45 30 40 11 36 44 
7 30 20 31 42 15 34 48 40 8 38 33 2 29 18 19 49 47 13 32 39 45 16 11 26 5 14 1 4 17 36 35 23 12 46 21 9 3 28 24 44 22 41 27 10 43 6 37 25 
26 22 35 2 24 40 38 43 6 20 17 19 49 18 9 5 27 1 34 14 4 46 12 25 7 36 31 44 21 45 47 37 13 8 29 16 30 23 39 11 10 41 28 33 42 3 48 15 32 
36 40 42 43 48 49 1 47 34 18 8 12 39 46 25 32 9 24 7 19 16 17 14 20 13 22 2 35 28 3 29 21 41 27 31 45 6 15 4 30 23 10 33 26 37 44 5 38 11 
14 47 6 24 29 16 7 11 13 49 48 4 20 33 46 21 31 17 41 3 34 26 28 37 45 1 5 27 8 10 35 32 19 2 15 43 18 44 40 38 9 25 12 39 22 36 23 30 42 
19 46 11 41 39 9 4 35 10 27 21 7 16 3 26 12 37 18 2 45 14 6 36 24 49 29 44 42 30 5 38 40 34 23 17 1 8 33 13 22 31 32 43 48 20 47 28 25 15 
23 8 10 45 37 21 26 40 43 29 24 36 25 1 42 4 5 44 28 49 38 7 19 33 3 32 15 30 12 46 22 20 18 13 16 48 27 11 17 14 39 47 9 6 31 35 2 34 41 
22 33 28 32 30 13 31 15 42 2 44 17 19 41 27 20 35 40 39 23 43 9 11 4 38 34 18 12 48 25 1 6 14 47 36 3 26 46 37 7 21 5 49 10 16 29 8 45 24 
2 15 34 44 18 3 5 32 31 38 26 23 30 28 8 6 11 13 47 22 48 16 21 43 46 10 25 41 37 39 33 42 4 9 45 35 29 49 20 12 24 36 40 7 14 27 19 1 17 
20 27 17 38 35 25 12 14 45 5 22 37 9 6 15 1 33 29 36 30 10 23 31 40 39 8 48 47 44 24 49 26 11 7 43 34 28 16 19 41 42 2 13 46 32 21 4 18 3 
################proper############## 

 average_time = 0.794130 

 success runs = 1 

 total average iters = 35030.000000 
