Success!!! 
 
 max_col = 
 49 
 
 run_time = 
 0.847412 
 
 once iters = 
 35820 
 
8 28 4 38 3 26 35 18 45 47 24 37 49 5 25 9 2 42 11 30 10 33 15 14 13 16 34 40 39 48 41 22 27 6 46 19 23 17 7 44 20 12 36 32 29 1 21 31 43 
36 42 20 2 34 43 19 39 23 6 9 21 32 11 47 12 17 14 5 18 45 35 30 48 8 3 41 22 16 1 10 7 38 25 29 31 33 40 27 37 26 15 24 4 44 13 46 28 49 
7 39 25 37 30 23 14 10 1 2 36 44 48 20 22 4 32 19 16 21 24 17 11 26 49 29 46 27 47 3 42 12 28 31 34 6 41 13 45 43 5 38 18 33 8 35 9 40 15 
31 40 49 13 24 32 17 15 43 38 14 30 34 28 44 48 41 20 8 27 7 12 5 36 6 10 45 9 26 23 35 33 4 11 21 25 18 1 46 29 3 39 22 2 42 47 19 16 37 
48 22 44 29 21 1 18 35 16 27 41 26 12 31 39 40 38 33 6 37 46 24 32 23 43 20 4 47 5 13 2 15 17 19 49 10 9 36 42 28 11 8 34 25 14 7 3 45 30 
27 47 16 9 45 5 6 29 40 46 3 33 17 8 23 35 15 28 1 31 13 7 38 19 39 42 25 2 18 24 32 44 36 43 37 22 49 34 4 30 21 14 12 41 48 20 10 26 11 
46 15 33 11 10 12 41 7 13 4 25 42 19 22 34 3 29 49 36 26 43 18 37 28 21 1 31 44 30 8 9 40 45 14 20 24 47 32 16 2 48 35 27 23 39 38 6 17 5 
23 2 11 6 29 24 10 4 14 36 12 35 16 13 46 37 18 17 38 19 49 31 39 40 1 45 33 5 44 28 47 8 43 20 7 21 3 26 32 22 25 27 41 9 34 42 15 30 48 
1 18 9 17 5 8 33 47 20 45 23 32 37 26 16 27 44 11 10 7 21 3 28 42 19 38 24 34 41 46 49 31 2 13 39 40 36 15 35 48 30 29 4 6 22 12 25 43 14 
38 35 28 40 20 48 37 43 21 9 15 19 10 34 8 13 39 31 42 24 5 2 47 30 27 22 17 16 33 45 29 25 11 36 12 18 46 41 14 49 4 6 44 1 26 23 32 7 3 
42 12 14 41 31 34 45 2 24 44 46 40 28 3 20 30 36 43 22 33 4 48 26 11 32 13 18 25 27 37 19 1 23 15 6 7 39 16 9 38 10 47 21 29 35 17 5 49 8 
30 44 43 27 22 16 49 41 29 31 18 7 1 25 15 47 9 2 3 40 26 20 23 35 4 6 36 14 32 42 48 34 21 24 5 37 45 12 11 8 19 17 28 38 13 39 33 10 46 
19 32 46 39 7 3 36 30 33 11 17 49 8 27 14 28 6 25 41 29 48 44 43 37 9 15 12 21 22 35 4 38 10 26 16 23 24 42 1 5 13 34 2 45 18 40 31 47 20 
26 21 47 15 13 4 25 22 5 39 42 48 38 6 45 23 1 34 32 12 35 29 41 46 10 49 8 7 9 18 3 14 30 17 40 28 44 43 33 20 2 31 37 36 24 27 16 11 19 
43 38 13 4 33 11 20 21 19 41 47 3 36 30 37 6 14 16 17 25 8 49 2 24 18 31 22 10 35 29 44 27 5 46 42 45 40 48 26 39 32 1 7 12 15 28 34 9 23 
14 3 42 8 46 30 22 38 4 20 6 13 40 23 28 31 7 5 34 15 11 37 9 29 17 36 47 19 12 2 1 32 39 49 43 44 16 27 21 18 35 10 45 26 25 48 24 41 33 
21 27 23 49 40 6 48 28 11 17 35 8 44 15 42 18 45 30 29 2 47 39 12 43 26 14 13 38 19 34 25 36 20 41 3 9 37 33 24 46 7 22 31 5 4 16 1 32 10 
17 24 18 31 44 7 29 16 27 5 34 2 9 12 40 20 21 46 33 39 32 45 1 6 3 25 23 48 28 11 15 10 37 22 26 13 43 8 38 36 41 4 35 14 19 49 30 42 47 
34 16 19 1 35 9 47 32 18 24 31 25 26 45 12 43 22 3 4 10 36 46 40 5 11 41 21 20 8 33 7 6 13 48 23 14 15 30 49 17 42 28 39 27 37 29 2 44 38 
28 41 37 32 39 25 5 1 22 48 49 43 29 10 35 19 23 26 13 38 44 42 27 4 15 33 7 30 45 14 18 21 9 16 24 2 12 20 34 47 31 11 3 17 46 36 40 8 6 
10 36 26 45 12 2 15 37 39 7 33 46 14 42 24 41 48 9 27 49 1 8 34 16 44 28 35 32 38 4 30 17 40 47 31 3 29 23 19 25 6 5 43 18 11 22 20 21 13 
6 10 5 21 1 49 13 20 15 37 8 9 25 39 19 14 11 23 18 34 12 41 48 47 40 27 30 31 7 36 46 2 26 38 17 43 32 35 44 45 16 24 33 42 28 3 4 29 22 
25 43 36 7 47 27 16 13 30 49 26 10 35 29 4 32 40 45 31 28 38 21 33 34 12 46 15 3 20 22 11 37 24 42 8 39 14 9 17 23 1 19 6 48 5 2 44 18 41 
29 8 17 34 15 20 44 33 7 40 19 36 41 48 21 25 10 1 30 6 9 5 18 2 23 39 32 42 3 16 14 43 47 27 13 38 4 28 22 11 49 37 46 35 31 45 26 24 12 
24 37 31 35 41 33 38 17 44 14 1 23 42 47 48 22 46 13 15 43 16 9 36 10 25 26 6 11 34 32 5 4 18 45 28 12 8 21 2 3 29 20 40 49 30 19 7 27 39 
32 14 22 48 9 42 12 27 6 28 4 34 18 16 3 2 35 47 49 36 39 19 17 45 24 37 1 43 29 44 31 41 33 23 30 46 26 7 5 10 15 40 8 13 38 25 11 20 21 
4 26 39 3 19 28 30 31 46 32 11 45 22 2 27 44 5 41 24 42 17 38 35 49 20 7 29 8 48 21 12 9 1 40 15 47 13 25 6 34 18 33 10 16 23 43 37 14 36 
11 23 40 18 2 45 46 12 38 3 21 5 24 43 26 29 8 37 7 20 33 22 13 44 14 4 16 28 49 25 39 35 6 10 19 30 48 31 41 42 27 36 32 15 17 34 47 1 9 
35 19 3 47 11 40 39 25 17 26 7 4 15 24 6 45 13 18 14 16 20 36 22 32 42 2 48 37 1 12 38 46 34 9 10 8 28 49 43 31 23 44 29 30 33 21 41 5 27 
41 29 48 25 27 44 8 5 35 12 2 31 47 49 11 7 4 24 46 23 37 6 16 17 33 43 39 26 15 30 40 20 32 3 45 34 1 10 18 19 14 21 38 28 36 9 13 22 42 
20 46 12 42 32 18 9 8 34 29 43 6 30 38 31 10 33 15 44 35 28 47 24 21 41 23 49 1 14 17 13 16 48 5 2 26 27 4 36 7 22 3 19 11 40 37 39 25 45 
22 7 34 14 43 38 4 36 48 1 27 18 23 9 30 21 19 39 47 8 29 15 3 20 45 5 10 35 25 31 24 42 41 28 33 16 17 11 37 13 40 2 26 44 6 46 49 12 32 
45 13 30 26 36 15 23 46 28 21 10 16 20 40 2 42 25 22 48 5 27 34 8 7 31 11 14 18 6 43 37 49 19 29 44 41 38 39 12 9 33 32 47 24 1 4 35 3 17 
49 1 6 10 28 21 31 44 42 33 13 11 3 37 36 17 26 40 12 32 41 27 19 25 29 9 38 46 4 47 23 39 8 7 22 15 5 45 20 35 24 30 14 43 16 18 48 2 34 
37 5 24 33 16 17 2 19 32 22 45 41 39 14 9 34 49 38 43 1 3 13 44 12 28 30 40 4 36 27 26 11 35 21 18 48 42 29 25 6 47 46 15 7 20 10 8 23 31 
12 31 32 16 25 14 34 40 47 43 48 15 45 19 33 1 3 4 21 9 23 11 10 39 36 17 28 41 42 7 22 5 29 2 27 35 6 44 13 24 37 26 30 20 49 8 38 46 18 
5 17 41 22 6 29 40 9 2 42 20 38 4 35 7 15 28 12 19 11 18 25 31 8 16 24 44 49 46 10 21 23 3 30 14 32 34 47 48 1 39 45 13 37 27 33 43 36 26 
33 11 7 19 4 47 42 14 41 8 30 29 13 17 10 39 37 44 26 48 2 23 20 22 34 18 27 12 31 38 28 24 25 32 36 49 21 46 15 16 43 9 5 40 3 6 45 35 1 
18 30 38 20 37 36 1 24 31 34 32 28 33 21 41 16 47 8 25 46 40 14 45 9 2 35 42 13 43 15 6 26 49 39 48 5 11 3 29 27 12 7 17 22 10 44 23 19 4 
3 45 35 23 48 10 27 26 49 18 44 39 7 1 13 38 24 32 20 14 30 43 21 33 46 40 5 6 17 9 34 19 16 37 4 36 31 22 28 41 8 25 42 47 2 11 12 15 29 
2 9 15 43 8 39 24 11 37 10 5 12 6 46 49 36 42 27 45 22 31 26 7 38 47 48 3 29 40 20 33 13 44 35 1 4 30 19 23 14 17 18 16 21 32 41 28 34 25 
44 49 21 46 26 13 28 23 3 25 16 22 27 36 43 5 34 29 35 17 6 30 4 1 37 32 19 15 11 41 8 45 12 18 47 33 20 2 10 40 38 42 9 39 7 31 14 48 24 
39 48 10 5 14 41 43 3 12 13 40 24 11 18 32 33 31 6 23 44 25 4 29 27 7 19 20 45 2 49 36 47 42 34 9 17 35 38 30 15 46 16 1 8 21 26 22 37 28 
40 4 29 24 38 35 11 34 26 19 22 27 2 32 17 49 30 36 28 47 14 10 25 18 5 21 9 23 37 39 16 3 31 1 41 20 7 6 8 12 45 13 48 46 43 15 42 33 44 
16 34 27 36 18 46 32 48 10 30 39 47 21 7 1 26 43 35 2 45 22 28 6 41 38 12 37 33 23 5 20 29 15 8 25 42 19 14 3 4 44 49 11 31 9 24 17 13 40 
47 25 2 28 49 19 21 45 9 23 37 1 46 44 38 24 16 48 40 3 15 32 42 31 35 8 43 36 13 6 17 18 14 33 11 29 22 5 39 26 34 41 20 10 12 30 27 4 7 
13 33 8 12 17 31 7 42 36 35 28 14 43 4 5 46 20 10 37 41 34 1 49 15 48 47 26 39 24 19 27 30 22 44 38 11 2 18 40 21 9 23 25 3 45 32 29 6 16 
15 20 45 44 23 22 3 6 25 16 38 17 31 33 29 8 27 7 9 4 42 40 14 13 30 34 11 24 21 26 43 28 46 12 35 1 10 37 47 32 36 48 49 19 41 5 18 39 2 
9 6 1 30 42 37 26 49 8 15 29 20 5 41 18 11 12 21 39 13 19 16 46 3 22 44 2 17 10 40 45 48 7 4 32 27 25 24 31 33 28 43 23 34 47 14 36 38 35 
################proper############## 

 average_time = 0.847412 

 success runs = 1 

 total average iters = 35820.000000 
