Success!!! 
 
 max_col = 
 49 
 
 run_time = 
 1.683749 
 
 once iters = 
 106333 
 
19 38 17 22 31 49 9 5 26 2 40 32 4 44 27 1 16 12 39 3 8 21 36 48 41 15 45 18 14 43 47 20 11 34 24 10 30 7 29 28 13 6 23 35 25 42 37 33 46 
10 39 26 25 27 24 35 8 15 13 23 16 48 3 41 34 28 46 6 40 47 37 2 44 5 33 17 30 45 9 32 1 42 7 29 4 12 19 22 18 49 38 20 36 14 43 31 21 11 
46 2 23 41 21 11 6 45 9 36 29 49 27 33 24 26 42 18 17 15 22 43 8 39 38 34 32 14 13 12 10 30 31 37 28 3 5 20 25 16 48 35 44 19 7 47 4 1 40 
44 8 29 47 28 20 48 1 14 42 12 30 7 10 5 23 19 37 36 2 13 22 3 35 4 27 11 31 40 6 41 25 39 16 21 43 46 24 32 45 33 17 34 26 15 49 9 38 18 
5 33 43 1 4 37 3 11 24 21 46 38 18 31 32 45 25 35 30 7 49 20 47 9 23 6 29 28 27 15 22 17 8 19 26 44 14 42 34 39 40 36 10 13 48 16 12 2 41 
36 16 14 13 18 42 32 19 47 34 22 17 28 37 44 29 48 20 9 43 38 7 12 24 26 40 25 10 35 33 46 49 2 4 23 1 15 11 21 41 8 31 27 6 5 3 30 39 45 
34 40 7 12 45 15 30 35 41 43 39 20 6 25 33 31 11 4 14 10 21 16 46 13 42 1 19 49 3 5 44 48 38 36 18 9 27 37 26 2 23 47 22 28 17 32 24 29 8 
8 10 35 3 36 17 39 42 5 31 32 9 33 20 19 28 29 30 21 22 44 41 14 15 49 23 2 46 4 37 7 38 48 12 43 6 26 1 40 13 18 27 45 11 16 25 47 34 24 
23 29 34 49 6 9 16 40 17 26 37 2 21 13 31 20 39 41 38 12 42 24 43 22 30 4 1 5 8 32 27 15 46 10 14 47 33 28 45 3 25 11 7 48 18 35 44 19 36 
33 48 37 26 38 40 18 6 30 4 14 39 44 45 46 43 5 27 25 49 3 32 10 20 31 47 12 36 29 19 11 28 21 42 34 15 16 35 24 7 17 9 2 41 22 8 1 13 23 
22 30 25 21 5 31 13 28 43 27 49 11 24 12 2 9 15 33 7 36 6 18 42 17 48 37 26 34 23 41 16 47 1 35 45 20 44 46 19 32 39 8 29 14 10 40 38 3 4 
15 27 44 2 42 19 7 36 16 22 1 25 35 47 23 24 17 11 37 34 14 45 39 40 13 21 8 29 20 26 3 18 49 9 5 41 38 48 10 4 31 12 46 32 28 6 43 30 33 
12 43 45 20 32 1 46 34 19 8 10 3 29 41 35 13 18 47 48 26 4 11 38 27 7 25 28 16 17 40 36 33 6 24 44 30 49 2 14 21 22 23 9 42 31 37 15 5 39 
14 4 47 11 24 41 28 46 23 7 18 48 15 38 40 10 45 8 1 32 16 44 33 19 35 3 9 6 25 30 2 39 13 31 22 37 29 5 36 42 43 34 49 21 20 27 26 12 17 
6 42 8 44 29 43 14 30 48 39 21 37 20 18 11 19 7 38 24 16 31 36 17 45 46 49 5 41 32 47 4 40 27 13 3 23 22 10 33 1 15 25 28 9 12 34 35 26 2 
21 47 38 45 49 5 20 4 44 28 41 46 17 36 37 39 1 25 8 18 15 3 22 11 34 48 10 32 12 7 14 42 24 23 30 16 19 9 35 26 2 13 43 31 27 33 6 40 29 
25 13 11 28 7 23 34 24 2 47 3 10 16 6 22 44 27 17 4 46 32 9 29 31 39 12 33 43 15 1 26 5 19 8 35 36 41 40 20 14 30 18 37 38 42 45 48 49 21 
24 1 30 35 15 33 17 27 8 19 34 43 40 29 9 41 47 36 26 6 45 14 20 42 2 13 7 37 16 49 21 46 25 18 10 31 11 12 48 38 28 32 5 44 39 4 22 23 3 
39 3 31 19 16 12 26 9 45 25 42 13 32 49 14 2 33 43 10 28 5 27 40 6 18 35 38 23 48 22 37 41 36 20 17 24 21 4 7 44 34 29 8 1 47 11 46 15 30 
37 22 46 32 2 18 41 33 35 1 11 15 31 7 30 12 40 13 34 23 48 8 19 21 28 16 4 26 39 44 43 45 9 29 38 5 42 49 6 27 47 3 24 25 36 20 17 14 10 
9 36 4 40 48 10 27 38 12 23 26 5 14 22 20 3 49 21 35 42 29 30 1 25 15 44 24 47 34 11 28 31 33 6 2 8 43 39 17 46 37 45 18 16 32 13 41 7 19 
11 23 24 14 46 36 47 16 39 10 9 22 8 42 38 27 6 45 28 13 37 17 48 43 19 29 20 12 18 4 25 21 30 26 40 49 3 31 2 34 5 44 15 33 1 7 32 41 35 
48 45 39 6 26 7 33 41 40 35 28 34 11 14 16 22 2 1 47 19 18 10 44 46 8 5 3 9 38 13 24 27 15 49 12 17 37 36 43 29 32 42 31 4 30 23 21 25 20 
30 19 10 42 9 16 25 29 3 12 4 36 43 2 39 5 26 44 46 35 24 49 41 47 45 32 15 27 7 48 31 8 34 33 37 21 18 13 1 23 38 20 40 22 11 28 14 17 6 
2 49 21 15 44 22 38 25 33 48 31 19 46 32 42 11 3 40 12 4 34 1 28 36 6 7 18 35 5 23 20 29 41 17 9 27 8 14 47 10 16 30 39 43 37 24 13 45 26 
4 32 13 18 3 28 31 21 27 37 17 44 45 24 15 7 41 23 43 20 33 2 30 38 25 11 34 42 10 14 39 19 47 1 6 22 35 26 46 40 12 48 16 29 8 9 49 36 5 
41 35 5 8 12 29 43 15 13 20 6 7 26 1 49 17 10 14 32 21 30 31 37 23 16 22 40 24 36 28 42 11 44 2 46 45 25 33 4 9 19 39 3 18 34 38 27 48 47 
40 20 1 17 34 27 37 18 38 30 5 47 49 23 25 8 9 29 31 48 36 26 21 4 33 14 39 13 43 35 45 32 3 22 16 11 28 15 41 6 24 7 12 2 19 10 42 46 44 
26 28 3 7 35 4 23 49 46 38 24 12 2 19 17 16 13 22 18 8 10 40 34 32 21 41 42 33 37 36 30 9 5 44 47 48 39 29 27 15 11 1 25 20 6 31 45 43 14 
45 14 36 27 40 25 11 32 42 33 16 21 47 8 26 48 35 49 29 30 20 13 15 1 17 2 6 3 22 39 38 34 23 46 19 28 4 18 12 31 7 43 41 37 24 44 5 10 9 
1 5 42 33 8 46 29 17 22 6 43 41 9 30 34 37 44 28 3 11 27 47 25 7 14 24 31 4 49 45 18 12 10 48 20 38 40 23 16 35 21 26 36 39 2 15 19 32 13 
18 9 15 34 20 30 24 14 7 40 44 31 3 48 1 4 32 2 45 25 46 28 5 10 22 39 36 38 11 16 8 26 35 43 27 33 13 41 49 19 6 37 42 17 23 21 29 47 12 
43 31 6 10 19 38 49 23 34 15 13 28 39 35 36 33 24 5 41 47 7 12 16 18 9 46 37 48 1 21 29 2 32 40 42 25 45 8 44 17 20 14 30 3 26 22 11 4 27 
13 12 41 16 17 47 2 37 11 29 45 1 36 26 6 42 21 15 23 39 9 19 27 30 43 20 44 8 31 25 33 3 7 14 4 32 24 34 5 22 10 46 35 49 40 48 18 28 38 
32 44 22 48 37 39 21 10 20 18 25 4 5 27 12 14 31 19 40 38 43 35 23 26 29 45 49 11 24 17 13 6 28 15 41 42 9 47 3 30 36 2 33 8 46 1 34 16 7 
29 25 49 39 14 26 42 3 31 46 47 33 30 15 13 6 20 48 16 1 12 38 11 5 40 10 22 19 2 18 9 35 17 45 8 7 34 43 37 36 44 24 4 23 21 41 28 27 32 
38 6 28 23 1 32 22 7 49 44 48 29 12 21 18 40 4 31 11 5 17 33 9 14 24 42 27 2 41 34 15 37 20 39 36 19 10 45 8 25 46 16 26 47 13 30 3 35 43 
27 18 16 30 10 8 4 26 1 9 36 40 41 28 47 15 38 7 44 14 19 48 45 12 3 43 35 25 46 24 49 23 22 21 11 39 6 32 13 20 42 33 17 34 29 5 2 31 37 
20 21 19 31 43 35 15 2 37 24 38 45 34 11 28 36 8 3 49 9 41 46 32 29 47 17 16 39 44 27 40 13 4 30 25 14 1 22 23 48 26 5 6 10 33 12 7 18 42 
17 11 9 24 33 34 12 22 32 14 27 42 10 39 29 30 37 26 2 45 23 6 18 28 20 36 13 21 47 38 19 43 16 5 7 35 31 3 15 49 4 41 1 40 44 46 25 8 48 
3 46 48 36 47 44 40 43 18 5 8 23 13 4 21 35 34 10 22 27 25 15 26 41 37 31 30 7 33 42 6 14 12 32 1 2 17 38 9 11 29 28 19 24 45 39 16 20 49 
7 41 2 37 13 45 5 20 6 16 19 35 25 17 43 32 46 24 42 33 39 34 4 49 1 8 23 44 28 29 48 10 26 3 31 18 47 21 30 12 27 40 38 15 9 14 36 11 22 
42 26 40 5 11 3 10 12 29 32 15 27 1 46 7 49 14 34 33 41 2 25 24 16 44 18 47 20 6 8 35 36 37 28 39 13 48 30 38 43 9 19 21 45 4 17 23 22 31 
28 17 12 46 25 13 8 44 10 3 35 24 42 9 48 38 36 6 15 29 26 23 7 33 32 19 43 22 21 2 1 16 45 47 49 40 20 27 31 5 14 4 11 30 41 18 39 37 34 
47 7 18 38 41 21 44 13 4 17 2 14 22 5 45 25 30 39 20 37 28 42 35 3 12 26 48 40 19 31 34 24 43 27 15 29 23 6 11 33 1 10 32 46 49 36 8 9 16 
49 37 33 4 23 14 45 31 36 11 20 8 38 34 3 47 43 42 19 44 1 5 13 2 27 9 46 15 30 10 17 22 18 25 32 26 7 16 39 24 41 21 48 12 35 29 40 6 28 
16 24 27 9 22 48 1 39 28 41 30 26 19 43 4 21 12 32 13 31 35 29 6 8 10 38 14 17 42 46 23 7 40 11 33 34 36 25 18 37 45 49 47 5 3 2 20 44 15 
35 34 32 43 39 6 36 48 25 49 33 18 23 16 8 46 22 9 27 24 40 4 31 37 11 30 21 45 26 20 5 44 29 41 13 12 2 17 28 47 3 15 14 7 38 19 10 42 1 
31 15 20 29 30 2 19 47 21 45 7 6 37 40 10 18 23 16 5 17 11 39 49 34 36 28 41 1 9 3 12 4 14 38 48 46 32 44 42 8 35 22 13 27 43 26 33 24 25 
################proper############## 

 average_time = 1.683749 

 success runs = 1 

 total average iters = 106333.000000 
