Success!!! 
 
 max_col = 
 49 
 
 run_time = 
 1.535128 
 
 once iters = 
 77702 
 
19 27 42 2 14 6 12 10 22 20 9 41 24 21 48 25 4 3 39 34 1 33 31 11 18 26 38 15 36 47 29 17 28 45 32 23 44 46 37 16 40 49 30 8 13 5 35 43 7 
11 32 22 28 23 4 35 38 18 46 2 29 37 45 15 26 42 16 30 10 24 17 36 12 44 21 34 7 41 13 43 40 33 49 48 25 5 3 20 1 14 8 31 6 19 39 9 27 47 
26 38 48 13 21 43 25 42 31 23 40 30 1 5 35 22 11 47 45 37 17 49 24 2 9 6 32 8 46 44 12 27 7 39 16 41 19 34 36 28 4 18 29 20 15 10 3 33 14 
9 44 37 36 47 3 8 27 34 19 49 39 12 33 29 2 7 13 46 40 31 4 14 42 41 5 20 35 22 11 1 18 30 6 10 38 15 24 45 43 17 48 16 21 28 32 26 23 25 
34 40 39 18 1 41 24 4 35 28 3 11 7 44 20 32 36 9 43 27 49 37 19 13 47 16 22 23 21 31 25 5 14 8 15 33 2 26 10 30 6 29 12 17 45 46 48 42 38 
7 10 45 29 30 33 5 48 32 15 13 17 16 6 38 21 19 23 18 8 14 46 43 39 27 28 25 1 24 26 20 37 34 3 42 47 22 35 9 31 12 11 49 4 41 36 44 40 2 
20 46 49 15 17 16 31 14 8 47 25 36 43 26 41 44 28 5 12 33 6 45 48 40 3 29 30 10 19 23 9 2 4 35 38 13 7 32 21 27 42 39 37 1 18 34 24 22 11 
18 30 35 19 44 49 11 46 15 26 22 14 25 43 42 16 12 27 47 20 5 28 41 10 34 1 36 6 39 45 23 48 8 40 3 7 13 4 31 9 21 17 38 37 24 2 33 32 29 
43 5 8 39 2 42 21 7 44 34 36 45 38 27 18 13 37 48 29 17 15 9 40 16 22 35 19 20 26 10 33 47 41 1 31 46 12 30 32 23 49 24 11 28 25 4 14 6 3 
38 31 17 22 36 23 10 24 9 40 19 28 48 35 6 3 49 2 1 30 45 27 33 14 25 32 47 4 37 12 21 34 44 13 20 5 26 11 29 18 15 43 7 16 39 42 41 46 8 
16 20 27 33 45 37 28 12 23 30 21 32 5 41 22 7 38 10 14 31 43 29 11 46 24 17 8 39 2 4 49 35 15 36 6 34 3 19 40 48 25 42 13 9 26 47 1 44 18 
32 1 3 6 26 46 14 49 29 2 47 33 10 13 25 4 24 21 34 36 40 44 37 43 5 31 42 38 7 30 28 11 17 9 18 27 41 22 39 8 45 16 19 35 23 48 12 20 15 
13 29 15 41 25 40 48 3 4 17 6 31 8 20 32 11 39 35 33 46 9 7 2 18 21 23 26 12 5 19 16 24 22 42 27 28 38 37 47 14 1 44 10 49 34 43 45 30 36 
4 7 24 47 12 9 34 16 37 1 39 18 42 11 8 23 41 28 19 26 44 30 3 49 45 15 13 48 25 29 14 32 46 38 43 36 6 10 2 35 20 33 40 22 27 31 21 17 5 
25 23 16 8 33 28 38 17 26 36 18 6 9 42 31 15 40 39 35 5 46 24 49 19 4 41 48 44 45 3 11 1 10 34 12 2 29 21 43 22 47 20 27 32 30 7 37 14 13 
10 2 5 3 20 44 36 35 30 24 37 12 32 22 28 33 9 41 13 43 26 16 23 25 6 38 18 42 31 40 48 15 47 4 29 19 8 27 14 45 39 7 21 46 1 49 11 34 17 
14 35 30 9 32 17 7 34 47 39 43 1 31 19 21 24 25 49 2 29 18 5 8 27 36 20 33 45 38 37 46 41 23 44 26 3 11 15 42 13 48 40 6 12 4 22 16 28 10 
21 47 12 26 42 48 39 8 27 3 16 5 41 10 37 30 20 11 23 4 22 15 29 9 13 7 40 46 14 2 6 43 32 24 28 1 36 31 17 49 35 34 45 25 44 18 38 19 33 
41 45 11 37 49 18 1 29 20 14 7 46 13 23 3 42 48 38 44 6 19 43 34 17 28 12 35 2 27 33 8 16 21 22 39 32 10 25 4 5 9 30 24 31 47 26 15 36 40 
15 19 6 4 34 31 29 40 21 11 33 49 28 38 14 8 27 45 32 12 7 10 22 26 1 37 3 47 30 35 17 13 5 25 36 16 23 41 18 24 44 46 39 43 42 9 20 2 48 
40 22 43 27 46 24 13 2 48 25 15 44 45 4 17 34 47 36 16 1 10 11 39 31 32 30 14 21 20 7 42 49 18 19 9 26 33 28 12 6 37 38 35 3 8 29 23 5 41 
12 33 36 16 39 7 15 32 24 31 4 37 40 18 27 5 17 26 41 38 13 22 47 48 49 44 28 29 8 21 45 30 6 10 2 9 42 23 19 3 43 14 46 11 35 25 34 1 20 
47 21 10 23 3 5 41 25 33 45 34 48 22 46 7 9 35 44 11 19 30 32 27 36 2 39 24 18 17 20 4 42 37 26 40 31 16 29 49 15 38 1 14 13 6 28 8 12 43 
35 37 25 24 43 11 9 30 28 6 1 7 49 39 46 47 15 31 48 14 16 26 45 5 12 34 17 3 18 38 13 19 27 23 22 10 20 36 8 40 33 21 4 41 2 44 42 29 32 
28 42 46 1 27 8 45 23 43 29 26 3 20 15 12 37 21 6 10 25 36 19 7 35 40 4 41 11 33 39 34 14 49 32 5 48 18 17 44 2 30 13 47 24 22 16 31 38 9 
2 6 4 48 31 22 19 41 16 13 10 35 17 14 40 45 23 20 24 28 29 42 21 8 38 46 1 37 44 43 15 25 9 47 7 12 34 39 11 26 32 27 3 18 36 33 5 49 30 
29 14 26 40 18 32 30 36 38 27 44 9 21 2 34 43 1 42 4 49 8 13 15 33 20 25 31 16 3 28 41 12 24 48 11 35 37 47 6 46 5 22 23 39 7 19 17 10 45 
17 34 44 20 38 13 49 5 19 12 8 42 11 47 33 18 2 32 22 3 39 6 9 30 23 10 43 14 1 36 31 46 29 16 35 45 4 7 24 25 28 41 48 15 21 27 40 37 26 
1 12 41 31 48 20 43 33 6 22 28 38 27 29 9 10 18 15 49 11 47 40 42 32 35 14 16 30 4 24 2 26 25 37 45 39 46 44 34 17 7 23 36 5 3 21 13 8 19 
30 16 33 38 13 14 6 39 12 35 46 21 15 7 44 29 8 4 36 2 28 20 18 37 10 3 49 41 32 5 22 23 19 27 1 11 45 42 48 47 26 9 17 34 43 40 25 31 24 
22 17 9 21 29 36 37 45 25 42 14 2 23 30 43 40 33 7 27 35 41 39 26 38 46 47 5 28 6 34 3 31 20 11 8 24 49 16 13 12 19 15 32 48 10 1 4 18 44 
3 49 34 10 8 2 4 13 5 43 11 26 44 31 39 14 45 22 6 23 37 48 12 15 29 24 21 19 47 17 38 28 36 41 33 20 1 40 35 32 18 25 9 42 16 30 27 7 46 
42 28 23 5 24 26 18 37 49 10 17 47 19 40 13 20 46 34 31 32 25 8 1 4 11 22 7 36 9 48 30 29 16 15 44 21 43 6 41 38 27 3 33 2 12 14 39 45 35 
39 11 19 44 7 27 47 1 3 32 48 16 18 8 5 12 26 24 38 21 42 25 17 45 33 13 9 34 40 14 35 10 43 46 49 4 31 2 30 37 29 36 41 23 20 6 28 15 22 
45 15 32 46 35 25 40 20 41 9 24 34 4 36 19 1 30 17 3 16 48 23 6 44 31 43 2 27 12 42 18 39 13 7 21 8 14 33 28 10 22 5 26 38 29 11 49 47 37 
31 18 1 32 11 39 3 22 17 38 5 10 30 24 26 19 6 29 28 13 4 21 44 47 7 27 23 25 49 15 40 9 42 33 41 43 48 20 46 36 16 45 34 14 37 8 2 35 12 
23 43 2 30 6 12 26 44 42 37 20 25 39 16 49 36 14 46 17 7 21 34 32 24 48 40 45 33 10 1 5 3 38 28 19 15 35 8 22 41 31 47 18 27 11 13 29 9 4 
27 48 38 34 5 10 33 43 14 49 41 4 6 12 1 31 22 8 25 42 35 36 28 20 30 9 29 13 11 32 7 45 2 21 37 44 40 18 26 39 24 19 15 47 17 3 46 16 23 
46 25 20 35 41 21 42 26 13 18 29 23 33 34 2 27 10 40 37 15 3 12 38 6 14 19 39 43 16 8 47 22 31 30 4 17 9 49 5 7 11 32 1 44 48 45 36 24 28 
37 9 7 49 19 47 16 11 46 21 27 15 35 3 45 39 44 12 20 24 32 2 4 1 42 8 10 22 13 18 26 36 48 29 17 14 28 38 23 33 34 6 5 30 40 41 43 25 31 
24 13 14 17 40 15 22 47 7 8 45 19 36 28 16 48 34 18 9 41 33 31 46 3 26 49 11 5 43 25 44 20 35 12 23 29 30 1 27 4 2 37 42 10 32 38 6 39 21 
36 8 28 45 4 29 44 31 1 48 32 40 2 9 23 38 43 30 5 47 11 35 16 41 15 18 37 17 34 27 24 6 39 14 46 42 25 12 3 21 13 10 22 19 33 20 7 26 49 
49 4 31 11 28 19 27 9 40 44 42 8 47 17 10 46 32 43 7 18 20 1 35 29 16 48 12 26 23 6 37 33 3 5 24 22 21 13 38 34 36 2 25 45 14 15 30 41 39 
8 41 18 7 10 30 20 19 2 5 31 27 29 37 36 35 16 25 15 45 23 3 13 28 39 33 4 40 48 22 32 38 11 43 34 49 24 14 1 42 46 12 44 26 9 17 47 21 6 
6 26 47 43 16 1 32 15 36 7 38 13 14 49 24 41 3 37 21 39 34 18 5 22 8 11 44 9 28 46 27 4 40 2 25 30 17 45 33 19 23 35 20 29 31 12 10 48 42 
44 24 29 12 37 34 46 28 45 41 35 20 26 32 30 49 13 33 40 22 38 14 10 21 43 42 27 31 15 9 19 7 1 17 47 6 39 48 25 11 8 4 2 36 5 23 18 3 16 
5 39 21 14 15 45 2 6 11 33 30 24 34 1 47 28 29 19 42 48 12 41 25 23 17 36 46 49 35 16 10 8 26 20 13 18 32 9 7 44 3 31 43 40 38 37 22 4 27 
33 3 13 25 22 35 23 21 39 16 12 43 46 48 4 17 31 14 26 9 27 38 20 34 37 2 6 32 42 41 36 44 45 18 30 40 47 5 15 29 10 28 8 7 49 24 19 11 1 
48 36 40 42 9 38 17 18 10 4 23 22 3 25 11 6 5 1 8 44 2 47 30 7 19 45 15 24 29 49 39 21 12 31 14 37 27 43 16 20 41 26 28 33 46 35 32 13 34 
################proper############## 

 average_time = 1.535128 

 success runs = 1 

 total average iters = 77702.000000 
