Success!!! 
 
 max_col = 
 49 
 
 run_time = 
 0.867407 
 
 once iters = 
 41366 
 
5 49 39 8 41 7 14 48 3 32 12 25 44 6 45 43 20 28 47 13 16 23 26 24 42 37 34 17 30 35 38 9 4 15 2 18 33 1 10 21 29 36 40 11 46 31 19 22 27 
3 35 9 17 2 43 6 5 1 34 39 33 42 15 38 12 18 31 46 27 36 20 25 29 41 48 45 49 21 19 14 24 16 11 23 47 28 30 13 40 22 7 32 4 44 37 10 8 26 
44 4 48 23 45 30 42 40 35 9 21 8 43 18 24 41 5 7 29 6 37 12 11 10 46 16 1 36 26 13 3 32 22 28 17 31 27 34 49 19 25 20 2 38 33 15 14 39 47 
26 36 21 46 29 28 13 41 38 20 31 4 30 37 2 19 10 23 42 8 1 22 35 27 7 43 44 14 40 25 47 49 33 18 34 11 48 39 5 17 32 15 16 9 45 6 3 12 24 
34 18 12 22 47 38 27 14 13 2 24 36 19 45 48 11 49 3 40 9 4 15 31 8 33 28 32 6 10 29 1 39 37 20 5 46 44 23 43 42 16 26 25 35 7 41 17 21 30 
19 11 25 10 32 24 16 26 7 49 47 23 27 29 17 15 22 21 35 30 33 38 4 5 39 2 13 40 31 44 12 46 43 45 36 3 41 6 8 9 14 37 48 18 1 42 28 20 34 
37 40 1 33 15 31 20 46 16 17 22 28 11 10 39 25 26 34 44 14 32 3 21 30 47 18 19 9 8 7 42 41 48 27 6 45 38 35 12 24 2 4 43 49 13 5 36 23 29 
32 24 3 31 28 39 40 43 17 14 4 6 1 16 49 2 9 36 48 33 8 18 5 11 45 13 29 21 35 37 19 22 41 47 27 23 7 42 34 25 12 44 46 30 20 10 15 26 38 
11 22 14 18 9 1 47 44 45 46 34 21 35 24 6 5 12 41 32 39 28 43 49 23 10 3 31 8 4 30 17 42 20 7 15 38 40 19 26 16 37 27 13 2 29 33 48 25 36 
16 21 46 27 4 26 33 38 10 18 32 12 28 3 34 17 35 25 15 29 43 48 7 22 6 19 20 39 5 40 44 11 23 1 13 8 49 9 2 36 30 14 42 45 31 24 47 41 37 
15 42 5 6 13 12 48 23 36 7 37 47 29 2 19 22 11 26 20 16 40 30 41 35 27 4 46 28 14 32 18 8 38 25 9 24 21 45 39 31 10 33 17 1 3 49 34 44 43 
20 43 7 38 19 35 34 27 8 26 49 15 22 41 31 24 42 13 23 45 30 44 40 33 9 25 12 37 46 39 10 36 21 2 29 1 32 17 3 47 5 48 18 16 6 28 4 11 14 
17 37 30 45 44 2 8 9 39 25 33 20 13 11 4 27 14 38 7 3 10 1 47 32 16 36 15 42 34 49 48 26 24 31 12 41 18 28 29 43 6 46 19 40 22 21 23 35 5 
49 25 29 41 36 10 23 19 31 5 42 30 40 48 46 18 1 47 37 44 21 17 14 26 38 34 24 2 6 3 43 33 28 16 45 15 22 13 4 35 20 11 9 7 27 12 39 32 8 
39 41 33 5 1 34 11 8 15 40 23 18 24 32 43 38 6 37 25 48 7 35 13 3 30 17 27 16 36 12 21 31 45 44 49 2 14 26 46 22 9 42 10 47 28 4 20 29 19 
7 13 36 35 12 45 3 16 25 6 38 2 10 4 14 33 40 17 34 5 9 26 24 28 23 29 42 19 41 20 32 47 30 43 1 21 8 37 44 15 39 18 27 48 11 22 31 49 46 
47 10 22 19 27 32 30 35 37 21 29 48 7 39 41 3 45 1 8 18 46 4 38 44 12 20 43 11 9 34 6 28 2 42 14 25 36 49 31 23 40 13 26 33 15 17 5 24 16 
46 38 18 9 8 29 4 17 47 3 26 11 49 19 30 42 28 2 12 22 31 37 45 36 15 39 7 41 25 33 16 5 10 40 48 20 35 24 1 27 34 32 14 43 21 23 44 6 13 
2 28 26 43 14 49 44 22 41 36 46 42 45 1 29 35 47 4 13 20 11 34 33 6 32 31 21 25 24 27 37 7 15 23 38 19 12 16 17 5 48 10 30 39 18 8 40 3 9 
40 20 23 16 37 17 31 30 34 44 5 9 33 27 32 39 21 19 36 15 24 49 48 47 18 22 14 10 11 8 4 35 26 13 46 28 43 38 7 29 3 6 1 12 25 2 41 45 42 
25 15 24 42 6 48 21 13 28 31 14 43 20 12 27 49 16 44 10 23 26 8 46 2 40 5 9 1 18 22 29 3 17 19 39 33 30 4 47 41 11 45 34 37 38 35 7 36 32 
24 8 32 2 34 5 15 6 40 48 10 45 23 46 1 13 17 43 3 12 35 42 22 16 20 44 49 33 38 11 9 4 18 37 30 26 31 27 36 7 19 39 29 41 47 14 21 28 25 
12 31 20 36 21 9 18 47 24 42 41 29 38 25 11 4 23 49 45 46 15 27 28 37 19 6 35 48 44 43 33 13 39 32 26 5 2 10 14 8 1 22 3 17 30 7 16 34 40 
22 19 11 47 10 46 28 37 33 35 30 7 3 43 44 6 29 18 38 24 5 9 1 15 25 45 4 26 49 41 2 21 14 34 40 17 42 20 32 12 13 16 23 8 36 39 27 48 31 
13 45 42 30 23 25 38 20 4 8 27 32 39 49 36 16 41 22 14 26 19 5 29 17 43 11 18 3 7 10 28 48 1 12 31 37 47 44 21 34 15 40 33 24 35 46 6 9 2 
41 17 27 7 3 14 43 21 2 12 11 26 36 13 8 20 39 42 28 25 48 10 34 38 31 30 40 46 47 23 15 16 19 22 24 35 29 18 6 45 33 9 37 32 5 1 49 4 44 
29 16 49 26 33 6 35 28 22 1 15 17 14 44 40 31 7 9 30 37 34 47 39 21 13 23 2 32 3 45 8 27 5 36 25 4 11 48 24 46 41 43 38 19 42 20 12 10 18 
4 39 37 48 40 44 1 18 9 16 19 5 31 34 10 32 33 27 2 21 47 41 8 12 24 14 36 7 17 6 20 29 35 46 42 49 25 3 30 28 23 38 45 26 43 11 13 15 22 
14 26 10 40 17 19 22 31 18 4 20 44 12 28 35 30 43 29 9 49 6 46 3 7 36 27 47 23 32 16 39 2 13 33 11 34 1 8 45 37 38 25 24 21 41 48 42 5 15 
38 2 15 11 5 37 7 36 30 29 16 10 25 47 23 45 24 46 21 28 3 33 18 13 22 35 39 20 42 14 49 34 40 9 41 27 17 32 48 4 43 12 6 44 19 26 8 31 1 
30 12 44 32 20 8 25 34 46 41 2 49 17 23 13 40 36 11 33 4 14 45 9 19 1 21 48 5 37 38 24 10 27 26 47 6 15 7 22 3 42 31 39 28 16 43 29 18 35 
35 33 16 39 42 13 9 1 21 37 48 3 5 14 22 44 38 20 31 19 25 2 43 34 8 41 17 15 45 46 30 12 6 29 7 36 10 11 28 26 18 24 49 27 23 47 32 40 4 
6 27 34 29 18 47 36 15 32 38 13 24 9 42 5 1 37 8 26 10 17 28 12 4 11 49 16 31 19 48 22 43 44 21 3 40 23 2 41 39 35 30 7 25 14 45 46 33 20 
45 3 28 1 49 4 46 11 26 39 43 19 6 22 42 7 48 16 27 41 2 40 44 25 29 32 38 24 23 15 35 18 31 8 20 9 13 47 33 14 21 5 36 10 12 34 37 30 17 
21 48 31 24 43 23 41 7 27 45 40 35 8 33 12 34 32 15 18 47 39 6 10 14 37 42 26 30 1 4 36 17 25 5 28 29 16 46 19 20 44 49 11 13 2 9 22 38 3 
27 9 40 13 7 21 10 25 23 24 18 39 37 5 15 47 3 6 49 17 42 16 32 45 26 1 11 29 33 28 34 14 12 4 44 22 20 41 35 30 46 19 31 36 8 38 43 2 48 
43 30 17 49 46 3 2 32 11 28 45 34 47 20 33 21 13 14 22 38 23 31 6 41 35 7 37 27 48 36 26 40 29 10 19 39 4 15 16 18 8 1 44 5 24 25 9 42 12 
33 47 8 12 48 20 26 2 6 10 17 1 21 7 37 9 46 35 41 36 27 25 19 49 44 15 28 43 39 31 23 38 32 24 16 42 5 29 40 13 45 3 4 22 34 18 30 14 11 
18 14 45 4 16 22 19 49 48 27 9 31 15 38 25 8 30 39 43 1 44 13 2 42 34 40 33 47 20 5 11 37 7 3 35 10 24 12 23 6 36 28 41 29 17 32 26 46 21 
31 29 41 37 11 36 39 33 42 43 3 22 16 35 20 10 34 32 24 7 18 14 30 46 4 38 5 12 2 9 13 45 8 6 21 48 26 25 27 44 17 47 15 23 49 40 1 19 28 
23 5 6 28 25 42 24 29 14 19 44 41 46 40 26 48 2 45 4 11 12 39 36 9 3 10 8 22 15 17 27 1 47 30 18 43 34 31 38 32 49 21 35 20 37 16 33 13 7 
1 44 35 34 38 15 32 4 12 30 36 13 26 8 16 28 19 40 5 31 29 21 17 20 48 24 23 18 43 42 41 25 46 49 22 14 9 33 37 11 7 2 47 6 39 3 45 27 10 
10 32 38 14 35 16 37 45 43 13 7 40 48 36 9 26 8 5 6 42 41 19 15 1 2 47 25 34 12 18 31 44 11 39 33 30 3 22 20 49 28 29 21 46 4 27 24 17 23 
28 7 2 20 22 18 49 24 29 15 35 46 4 31 47 23 27 10 11 34 38 32 42 48 5 12 6 44 13 21 45 19 3 17 43 16 37 36 9 33 26 41 8 14 40 30 25 1 39 
42 46 47 21 31 41 45 39 5 33 28 16 2 26 7 14 44 24 19 35 20 36 37 18 17 8 3 4 22 1 25 30 34 48 32 13 6 40 11 10 27 23 12 15 9 29 38 43 49 
9 23 19 15 30 40 17 3 20 11 1 37 34 21 18 46 4 12 16 32 22 29 27 31 49 33 41 35 28 26 7 6 36 14 10 44 39 43 25 38 24 8 5 42 48 13 2 47 45 
8 6 13 44 26 11 29 12 19 22 25 38 18 17 28 37 31 48 39 40 49 24 16 43 21 9 30 45 27 2 5 23 42 41 4 32 46 14 15 1 47 34 20 3 10 36 35 7 33 
36 34 43 3 24 33 12 10 44 23 6 27 32 9 21 29 25 30 1 2 13 11 20 39 14 46 22 38 16 47 40 15 49 35 8 7 45 5 42 48 4 17 28 31 26 19 18 37 41 
48 1 4 25 39 27 5 42 49 47 8 14 41 30 3 36 15 33 17 43 45 7 23 40 28 26 10 13 29 24 46 20 9 38 37 12 19 21 18 2 31 35 22 34 32 44 11 16 6 
################proper############## 

 average_time = 0.867407 

 success runs = 1 

 total average iters = 41366.000000 
