Success!!! 
 
 max_col = 
 49 
 
 run_time = 
 1.060133 
 
 once iters = 
 43572 
 
21 10 49 30 5 45 20 39 48 16 4 2 28 24 6 36 47 42 15 46 35 9 29 38 18 33 27 43 31 34 13 7 40 12 14 3 19 25 26 8 32 41 44 11 22 37 1 23 17 
29 7 19 26 1 11 36 33 18 43 21 5 38 22 4 2 8 16 27 37 32 41 17 35 25 39 12 31 42 44 20 47 15 49 45 48 23 46 10 34 40 24 14 13 28 30 3 6 9 
47 2 17 23 16 8 33 12 40 36 15 29 46 19 31 49 11 34 28 13 48 14 45 4 37 3 24 44 39 21 10 18 32 22 41 6 9 43 7 38 30 1 42 25 35 26 20 5 27 
41 27 28 37 6 4 38 31 32 1 14 20 11 26 22 30 21 44 17 18 23 10 7 46 36 40 34 16 8 35 5 9 25 33 3 47 15 12 13 42 2 49 19 24 45 29 43 48 39 
48 9 44 35 14 24 18 10 49 42 8 34 25 13 19 45 3 39 29 5 7 30 32 20 15 6 47 11 1 17 28 43 36 23 26 16 31 4 33 37 22 27 2 38 12 21 46 41 40 
3 40 34 13 32 43 42 37 27 9 35 6 23 44 24 41 12 14 26 25 33 8 48 19 22 1 2 5 46 16 38 4 29 11 30 17 45 36 28 20 39 21 10 47 18 15 49 7 31 
22 25 12 31 46 39 15 17 41 45 3 7 30 47 43 1 10 9 40 38 20 49 21 13 42 26 28 23 48 24 2 37 27 6 19 44 35 5 14 18 11 29 34 16 33 32 8 4 36 
37 44 29 46 45 36 39 11 2 8 23 47 43 41 3 13 28 24 42 32 19 4 16 5 10 49 38 20 22 18 27 31 34 7 6 1 14 15 30 21 33 48 26 9 17 25 40 12 35 
49 19 35 2 23 25 26 18 5 39 12 38 10 36 29 44 43 8 45 15 9 31 42 11 13 21 48 7 28 33 1 30 41 37 16 40 17 6 20 22 27 34 46 3 4 24 47 14 32 
42 16 14 1 24 12 34 19 21 31 49 25 26 15 27 7 33 18 4 23 41 28 6 17 30 32 3 46 47 40 29 35 20 9 36 13 38 10 2 43 5 44 45 39 37 11 48 8 22 
5 17 21 32 20 3 7 48 4 30 28 33 13 37 40 38 22 6 34 10 2 39 35 23 8 27 25 18 14 26 19 12 11 44 24 29 42 47 46 16 45 9 36 49 41 43 15 31 1 
33 18 4 41 8 47 6 35 20 40 24 27 29 9 16 26 46 48 12 17 30 22 14 43 1 45 37 34 38 25 32 5 2 15 49 36 3 39 23 11 28 31 7 10 42 13 19 21 44 
10 22 48 15 38 13 11 44 45 34 32 1 14 46 47 31 20 49 39 35 25 36 26 24 40 29 9 2 21 42 3 17 23 43 4 37 18 8 41 19 12 7 5 27 6 16 28 30 33 
43 28 9 27 31 30 40 3 6 22 42 17 7 16 37 14 5 21 1 36 11 44 33 41 47 15 19 12 13 48 46 45 39 10 8 4 32 35 49 24 26 25 23 18 29 38 2 20 34 
7 1 42 39 22 20 32 28 29 25 38 15 24 17 18 6 35 5 2 49 16 46 40 27 41 14 30 37 26 23 36 3 21 31 48 12 11 44 19 9 10 33 4 43 8 47 13 34 45 
8 47 43 28 30 48 10 7 35 49 34 12 31 23 21 17 37 3 11 19 13 32 2 9 6 25 18 42 5 46 24 27 44 4 22 20 1 45 29 40 14 16 41 33 38 36 39 15 26 
4 38 37 49 41 6 12 26 9 46 33 16 19 43 45 22 48 23 20 29 39 13 44 7 28 8 1 21 18 11 14 10 30 25 35 34 36 3 47 27 15 42 24 32 40 31 5 17 2 
24 36 46 45 13 23 5 2 11 41 6 22 21 18 30 47 44 40 38 31 27 15 20 16 29 48 33 3 12 28 43 49 17 34 39 8 25 37 4 32 7 26 1 35 14 9 42 10 19 
17 26 11 34 3 29 27 47 30 13 1 14 20 48 10 33 9 28 7 42 24 5 36 45 49 12 4 39 37 8 15 32 38 19 40 43 21 41 35 2 31 22 16 6 46 23 44 25 18 
35 14 16 19 40 21 9 42 8 44 39 4 3 5 15 32 36 25 41 43 12 24 10 34 26 31 11 38 6 47 33 29 1 45 2 23 13 18 17 28 48 46 37 7 20 22 27 49 30 
44 31 2 33 15 18 25 32 37 27 10 45 36 40 46 4 34 26 14 1 8 35 19 47 17 23 43 22 41 7 16 20 9 13 42 30 5 49 39 6 24 38 11 29 48 12 21 3 28 
19 41 22 43 17 32 28 34 7 47 29 24 15 21 26 18 27 20 36 39 4 37 12 1 23 11 31 10 40 45 6 38 42 30 9 14 49 33 25 48 44 2 8 46 16 3 35 13 5 
16 24 38 4 35 49 44 27 10 17 30 8 37 33 32 48 31 12 19 3 42 20 41 36 5 2 45 47 43 15 23 46 13 14 21 22 6 28 40 7 29 18 39 34 9 1 26 11 25 
27 42 23 6 37 15 46 16 14 18 25 39 49 3 5 10 41 45 35 11 22 21 34 44 24 30 26 40 7 1 48 2 28 20 31 9 8 38 43 47 13 36 17 4 19 33 12 32 29 
2 45 33 47 29 26 30 9 1 6 13 48 32 28 44 43 14 38 49 16 37 27 39 25 35 4 17 15 24 22 34 19 8 3 5 11 46 42 12 10 21 23 18 41 31 40 7 36 20 
20 5 1 8 9 7 31 40 46 38 36 44 41 4 28 21 24 2 6 33 34 42 3 29 43 13 14 19 11 10 12 26 18 32 25 35 30 27 45 39 16 17 49 37 15 48 23 22 47 
40 21 39 12 36 14 48 5 43 19 20 26 2 11 23 8 7 13 25 47 29 38 46 18 16 9 22 49 17 41 4 33 37 35 44 24 34 31 32 3 1 15 30 28 27 10 45 42 6 
34 13 18 11 25 10 3 23 22 12 31 35 45 42 1 15 30 17 46 9 40 33 8 28 48 7 32 6 16 29 49 39 47 36 27 19 26 20 5 4 41 37 43 14 21 2 38 44 24 
45 46 20 7 26 31 14 30 33 11 5 19 17 35 39 42 18 10 16 40 28 3 47 6 27 24 36 48 34 9 41 8 4 21 23 38 2 29 15 1 43 12 13 22 32 44 25 37 49 
23 32 30 48 19 9 47 13 42 15 43 31 34 45 17 11 25 27 22 4 49 26 38 10 12 37 44 8 20 14 39 16 33 46 7 21 40 24 18 5 35 6 29 2 3 28 36 1 41 
6 37 15 17 10 38 16 21 39 7 2 23 8 49 36 20 13 41 24 45 46 29 18 14 31 22 40 25 35 3 11 1 19 48 47 33 28 30 42 44 9 32 27 12 5 4 34 26 43 
11 39 8 18 28 42 13 6 44 48 26 41 12 27 9 34 1 15 37 7 43 23 4 32 2 20 46 35 29 38 22 40 45 5 10 49 47 16 36 14 25 3 33 19 30 17 31 24 21 
1 3 40 29 4 35 2 14 38 10 16 46 18 32 48 5 19 30 8 44 21 43 11 15 33 41 49 28 27 36 37 25 24 26 12 31 7 34 22 13 17 20 6 45 47 42 9 39 23 
12 43 36 21 44 22 49 24 3 28 9 37 4 25 33 29 38 47 23 6 14 34 1 30 19 16 5 45 32 13 17 42 31 2 15 26 41 11 27 46 8 39 40 20 7 35 10 18 48 
25 34 27 5 33 41 24 36 47 29 22 40 1 20 12 35 26 32 3 2 31 17 9 39 21 42 7 13 49 43 30 44 6 28 18 10 4 23 48 45 37 19 38 15 11 46 14 16 8 
13 30 3 25 7 19 37 45 28 4 11 21 16 34 49 23 32 29 48 22 6 12 31 2 9 46 42 17 36 39 18 24 10 40 20 27 44 14 1 33 38 47 35 5 26 8 41 43 15 
36 15 47 20 49 33 45 22 19 5 18 10 27 38 25 9 42 35 13 34 26 6 37 8 44 28 39 32 30 4 7 48 16 41 29 2 12 17 3 23 46 43 31 21 1 14 24 40 11 
9 48 31 40 43 34 17 15 25 35 44 32 42 39 41 3 4 7 47 20 5 19 27 21 14 10 13 26 23 37 8 11 49 1 33 28 29 22 24 36 6 45 12 30 2 18 16 38 46 
18 6 5 16 42 1 41 8 26 2 46 36 48 12 11 37 40 31 33 27 44 45 15 22 20 47 23 24 3 32 35 14 43 38 13 7 10 19 21 25 49 30 9 17 34 39 29 28 4 
28 8 32 22 11 46 29 49 24 14 17 43 33 7 2 39 16 19 21 30 36 25 5 48 4 38 35 1 45 12 44 15 26 47 34 18 37 9 31 41 42 40 3 23 13 20 6 27 10 
39 23 24 14 27 44 35 41 13 20 37 3 9 6 38 12 45 43 10 28 1 18 30 40 7 34 16 29 2 31 25 21 5 17 46 15 48 32 11 26 4 8 22 36 49 19 33 47 42 
38 12 26 10 21 2 4 29 31 23 47 30 40 1 14 24 15 46 18 8 17 11 49 33 3 43 41 36 9 19 42 6 22 27 28 39 20 13 16 35 34 5 48 44 25 7 32 45 37 
32 11 13 42 34 17 8 20 16 26 19 49 44 10 35 46 39 1 9 12 15 7 43 31 45 5 6 33 4 2 21 22 3 24 38 25 27 40 37 30 36 28 47 48 23 41 18 29 14 
14 29 6 38 48 28 21 46 15 3 40 13 39 31 34 25 23 37 43 41 18 16 22 49 32 19 10 4 33 27 9 36 12 42 1 5 24 2 8 17 47 11 20 26 44 45 30 35 7 
26 33 25 44 12 40 22 43 34 21 48 9 35 2 20 19 17 11 30 14 3 47 24 37 39 18 8 27 10 49 31 41 7 29 32 45 16 1 6 15 23 13 28 42 36 5 4 46 38 
46 49 41 24 47 16 43 38 12 32 45 28 22 14 7 27 29 36 5 48 10 1 13 26 11 44 20 30 15 6 40 23 35 18 37 42 33 21 9 31 19 4 25 8 39 34 17 2 3 
15 4 10 36 18 5 1 25 23 24 27 11 47 30 13 40 49 22 44 21 45 2 28 42 46 35 29 9 19 20 26 34 48 8 17 41 39 7 38 12 3 14 32 31 43 6 37 33 16 
31 35 45 3 2 27 19 4 17 37 7 18 5 8 42 16 6 33 32 26 38 40 23 12 34 36 15 41 25 30 47 28 14 39 11 46 43 48 44 29 20 10 21 1 24 49 22 9 13 
30 20 7 9 39 37 23 1 36 33 41 42 6 29 8 28 2 4 31 24 47 48 25 3 38 17 21 14 44 5 45 13 46 16 43 32 22 26 34 49 18 35 15 40 10 27 11 19 12 
################proper############## 

 average_time = 1.060133 

 success runs = 1 

 total average iters = 43572.000000 
