Success!!! 
 
 max_col = 
 49 
 
 run_time = 
 0.935309 
 
 once iters = 
 37265 
 
48 21 37 49 6 35 20 14 40 27 11 46 18 17 9 26 2 29 23 19 28 8 5 22 13 24 36 16 47 1 32 3 44 34 33 31 45 25 42 38 43 4 41 15 7 39 10 30 12 
10 11 12 15 47 14 41 22 31 21 2 32 4 8 25 6 30 17 36 7 24 28 18 43 42 34 40 49 48 23 5 20 45 16 38 37 13 46 1 39 33 26 29 35 27 9 3 19 44 
23 3 42 46 8 22 40 37 49 29 39 34 25 26 35 15 13 45 43 18 11 19 48 47 1 32 41 17 30 6 4 27 36 31 7 10 9 28 44 12 16 2 20 5 14 33 24 38 21 
1 25 18 36 43 2 4 16 20 33 7 24 38 41 44 10 42 40 48 8 39 11 30 45 12 21 9 31 29 19 49 22 26 37 13 27 47 14 3 5 35 15 34 23 32 28 17 46 6 
30 26 31 19 44 28 16 5 1 45 23 43 47 10 41 34 3 46 38 27 20 33 2 6 14 7 37 39 12 25 24 9 35 15 17 40 21 36 29 8 49 32 22 42 11 13 48 4 18 
7 33 13 9 45 24 32 19 48 6 15 44 12 3 1 16 37 21 14 5 47 4 27 10 29 38 25 35 39 11 43 46 28 42 18 20 23 22 41 17 34 30 2 31 26 40 36 49 8 
39 29 38 17 5 34 27 36 30 42 9 35 28 13 32 4 49 31 12 33 22 3 15 26 23 20 46 44 21 14 41 8 10 40 2 7 11 6 48 18 19 24 16 37 43 1 47 25 45 
35 41 30 21 15 23 36 13 24 32 28 39 26 4 5 27 18 16 3 10 31 45 7 20 8 2 48 37 6 40 25 43 29 17 44 46 14 47 49 42 38 9 33 11 12 34 19 1 22 
38 27 8 14 11 16 1 49 17 5 19 10 15 29 22 45 21 42 33 41 2 32 12 18 36 26 28 30 35 37 34 47 46 3 4 23 24 20 39 7 44 6 9 43 13 25 40 48 31 
17 43 24 37 42 6 5 2 16 12 1 47 20 25 39 46 40 8 15 23 30 27 22 33 9 13 29 38 19 32 21 26 7 36 49 18 31 48 34 11 4 35 3 41 10 44 45 28 14 
31 28 19 4 48 45 33 11 21 8 6 42 35 14 17 7 26 36 13 49 44 34 40 46 3 16 23 10 5 30 38 24 39 20 9 22 41 1 12 43 2 25 18 29 37 15 32 47 27 
25 13 9 10 22 32 26 34 36 40 43 7 45 30 12 47 24 48 28 11 19 41 6 17 44 35 31 4 42 18 1 2 14 33 23 29 27 8 37 3 15 21 49 16 46 38 5 39 20 
46 18 47 40 49 29 2 9 44 3 31 33 23 48 34 37 38 14 20 4 1 5 42 24 25 11 39 43 22 27 15 10 41 13 12 28 32 19 16 36 45 17 30 26 21 8 7 6 35 
3 7 44 39 34 20 12 27 46 18 41 37 22 38 29 35 6 43 9 25 32 15 19 49 47 14 1 21 11 48 45 16 31 28 8 26 5 10 33 30 40 13 24 4 23 17 2 36 42 
11 32 27 34 24 44 22 45 12 25 30 2 16 42 8 9 31 39 40 47 38 18 21 19 28 3 43 33 26 4 20 29 23 7 5 48 6 35 46 37 10 1 15 14 17 49 41 13 36 
18 1 4 23 21 47 46 3 9 20 33 29 37 7 26 49 12 44 16 2 36 24 45 41 35 40 27 48 43 34 19 39 17 6 14 15 38 30 11 13 28 31 10 25 8 32 42 22 5 
49 2 26 38 28 8 39 1 10 48 32 31 5 46 21 19 41 7 27 42 43 6 13 30 15 17 20 14 9 22 12 25 18 35 37 16 44 29 36 23 47 45 40 33 3 4 11 34 24 
20 36 5 45 12 43 10 6 22 15 4 49 19 18 37 3 25 13 35 30 14 26 31 32 2 1 11 23 46 8 42 48 16 24 28 17 33 21 40 34 27 41 38 44 47 7 39 9 29 
9 15 14 48 17 30 25 44 41 35 40 27 39 23 46 20 34 11 4 28 29 38 16 42 22 36 47 12 10 33 3 31 13 2 32 24 8 43 7 26 5 49 6 18 19 45 1 21 37 
16 19 40 42 35 41 29 24 34 13 38 17 11 28 33 18 5 22 6 15 10 49 37 4 46 9 8 7 45 21 36 44 1 30 47 3 20 12 32 14 25 39 31 48 2 23 26 27 43 
33 37 7 6 3 31 13 26 47 14 21 8 43 36 23 24 45 32 1 48 17 39 25 34 5 44 10 29 15 41 27 49 11 38 40 9 18 4 2 19 42 22 12 46 16 30 20 35 28 
21 40 49 44 36 3 37 25 11 9 26 23 13 1 7 8 27 2 19 16 48 42 28 39 43 15 6 18 31 47 46 5 30 29 41 4 22 17 38 35 20 34 14 45 24 12 33 10 32 
45 22 32 8 14 38 18 48 37 30 17 21 29 34 15 5 43 35 24 39 9 46 4 16 10 31 49 3 20 13 26 40 33 23 36 12 2 44 47 1 41 28 42 19 25 6 27 7 11 
41 20 34 26 7 19 28 38 33 2 45 16 14 22 31 13 47 6 10 37 21 40 17 11 30 29 5 1 24 42 18 4 27 12 39 36 15 32 25 9 48 8 46 3 35 43 23 44 49 
24 10 46 47 27 11 9 39 32 4 35 6 42 44 40 12 23 41 29 3 45 7 38 21 20 19 22 13 25 16 28 37 43 48 15 14 30 18 5 49 26 33 36 17 34 31 8 2 1 
2 30 6 35 16 33 42 31 5 19 49 36 3 12 20 17 32 34 44 46 25 47 14 48 26 37 24 9 1 10 8 21 38 11 22 43 40 7 23 45 13 27 39 28 15 41 18 29 4 
4 39 25 5 1 17 48 43 28 41 10 40 27 15 18 22 14 30 11 26 33 36 32 12 34 23 2 8 44 3 7 45 6 49 35 42 46 24 19 29 31 37 21 13 9 47 38 20 16 
12 31 29 43 23 13 15 46 7 24 18 20 8 47 49 38 36 28 42 1 4 35 44 25 33 27 45 41 17 9 2 34 32 14 19 6 3 11 10 21 39 16 5 22 48 37 30 26 40 
22 34 3 28 41 18 31 33 14 43 24 48 17 39 19 29 7 38 32 35 13 20 23 40 49 42 15 2 36 5 37 11 8 46 1 30 25 16 9 4 6 10 47 12 44 27 21 45 26 
47 5 39 30 4 7 35 12 3 11 29 19 40 32 27 28 44 24 46 31 15 37 33 38 21 41 18 36 14 43 16 42 25 26 45 13 48 34 22 2 8 20 1 9 6 10 49 17 23 
42 16 1 20 32 26 23 35 8 7 46 13 9 27 43 41 11 10 37 36 18 30 24 5 4 25 14 47 28 17 6 12 2 44 21 49 39 45 15 31 3 38 19 34 40 22 29 33 48 
29 6 15 11 2 25 8 30 26 1 42 38 44 49 14 23 17 12 5 22 40 10 39 7 48 45 16 27 34 35 9 13 47 32 24 19 36 33 43 28 21 46 37 20 4 18 31 41 3 
37 46 36 24 19 10 17 23 2 34 47 5 41 20 45 25 33 9 26 21 49 29 3 13 6 8 44 22 18 31 48 15 4 27 30 11 1 42 14 40 32 12 43 38 39 35 28 16 7 
13 38 48 33 9 49 21 10 6 28 37 18 36 45 3 1 39 4 30 34 16 43 35 31 32 46 12 11 7 20 22 41 40 19 29 44 26 27 17 47 24 23 8 2 5 14 25 42 15 
14 44 43 27 40 12 45 4 25 31 22 15 21 16 48 42 20 47 2 6 8 9 26 1 17 28 34 19 23 38 39 33 49 10 3 35 37 5 18 41 29 7 11 30 36 24 13 32 46 
8 42 16 13 18 9 30 20 39 44 48 11 1 5 28 40 4 19 47 32 35 14 10 36 7 22 33 6 38 12 31 23 24 41 43 2 17 3 27 25 46 29 26 49 45 21 37 15 34 
19 23 45 3 46 1 14 41 18 47 16 4 30 6 24 33 22 49 34 29 27 31 20 37 38 12 13 25 2 7 44 32 9 39 10 21 43 26 8 15 36 48 28 40 42 5 35 11 17 
26 48 21 2 10 40 44 8 43 49 36 9 33 35 11 31 15 20 41 12 23 17 34 29 18 39 42 46 16 45 14 1 5 47 25 32 4 38 28 6 37 19 27 7 30 3 22 24 13 
27 24 35 29 31 15 34 32 38 23 14 25 10 21 2 36 46 5 17 13 37 1 8 9 16 48 3 28 40 26 11 30 42 4 6 47 7 49 45 33 22 18 44 39 20 19 12 43 41 
28 4 17 7 20 36 43 29 42 46 34 45 24 37 16 21 8 25 39 14 6 2 47 44 40 30 32 26 3 49 35 19 15 22 27 41 12 31 13 10 11 5 23 1 38 48 9 18 33 
32 47 11 22 33 5 38 28 19 26 12 3 31 40 30 43 1 18 7 9 42 23 41 15 27 49 4 45 37 36 13 17 48 21 46 34 35 39 20 24 14 44 25 10 29 16 6 8 2 
6 12 41 25 37 39 49 15 13 17 27 22 7 2 38 48 10 3 45 44 26 21 43 35 11 5 19 24 33 28 29 18 20 8 34 1 42 23 30 16 9 40 32 36 31 46 4 14 47 
44 14 22 31 13 4 47 42 35 38 5 28 46 9 6 32 29 15 21 24 12 25 1 2 19 43 30 40 49 39 23 7 3 45 20 8 16 41 26 48 18 11 17 27 33 36 34 37 10 
36 45 20 16 26 21 7 40 29 37 25 12 2 24 47 39 19 27 18 43 41 22 11 8 31 10 17 5 4 44 33 6 34 9 48 38 28 15 35 46 1 3 13 32 49 42 14 23 30 
5 17 10 1 29 42 11 18 45 16 8 30 32 33 36 2 48 23 25 20 7 44 49 27 24 6 38 34 41 46 40 14 37 43 31 39 19 13 4 22 12 47 35 21 28 26 15 3 9 
40 9 33 18 38 46 3 7 15 10 13 26 48 19 42 11 35 1 8 17 34 12 36 14 37 4 21 20 27 24 30 28 22 25 16 5 49 2 6 32 23 43 45 47 41 29 44 31 39 
15 49 23 12 25 37 6 17 4 39 44 1 34 11 13 30 28 33 31 38 46 16 29 3 41 18 35 42 32 2 47 36 21 5 26 45 10 9 24 27 7 14 48 8 22 20 43 40 19 
34 35 28 41 30 48 24 21 27 36 3 14 49 43 4 44 16 37 22 45 5 13 9 23 39 47 26 32 8 15 10 38 19 18 11 33 29 40 31 20 17 42 7 6 1 2 46 12 25 
43 8 2 32 39 27 19 47 23 22 20 41 6 31 10 14 9 26 49 40 3 48 46 28 45 33 7 15 13 29 17 35 12 1 42 25 34 37 21 44 30 36 4 24 18 11 16 5 38 
################proper############## 

 average_time = 0.935309 

 success runs = 1 

 total average iters = 37265.000000 
