Success!!! 
 
 max_col = 
 49 
 
 run_time = 
 2.121422 
 
 once iters = 
 136718 
 
45 20 3 41 37 6 40 1 26 4 11 28 36 15 30 16 38 25 27 12 34 7 31 43 49 29 44 13 35 46 18 5 39 48 47 2 33 19 14 8 24 22 17 32 9 23 42 21 10 
24 42 11 47 33 43 22 5 38 30 32 7 48 10 2 20 28 8 26 49 41 12 35 36 6 16 15 45 37 14 1 13 17 19 21 44 9 46 23 29 4 34 25 31 40 3 39 27 18 
26 34 36 16 13 44 29 6 17 14 3 2 12 24 23 9 32 48 35 43 39 28 46 22 4 1 42 21 15 20 33 8 10 27 45 40 25 7 49 31 30 18 11 41 38 5 37 47 19 
21 10 38 27 30 46 1 23 25 20 9 33 47 37 19 42 14 13 7 17 18 5 8 24 34 40 41 26 28 16 32 22 31 29 49 39 3 12 11 43 35 36 15 48 6 2 4 44 45 
14 39 18 19 5 12 28 41 21 13 49 42 22 8 36 15 33 40 4 3 31 10 37 27 47 11 25 9 44 30 2 34 6 23 43 17 1 38 45 48 20 32 24 46 16 26 7 35 29 
48 9 31 7 23 17 8 18 39 46 35 40 34 45 24 29 47 11 44 5 37 32 3 2 30 38 33 19 42 36 26 12 41 25 4 21 10 15 16 28 6 27 13 43 49 14 22 1 20 
25 2 4 49 15 32 35 27 19 43 16 44 29 31 45 1 21 22 46 6 10 39 48 23 18 14 20 17 3 11 38 40 24 9 7 26 37 42 5 13 41 47 8 12 34 36 33 30 28 
7 48 2 4 17 31 5 37 24 15 45 11 27 34 6 23 43 14 22 18 1 36 30 19 29 9 39 16 32 49 40 26 13 44 25 12 41 10 3 47 8 38 21 20 28 42 46 33 35 
18 36 25 1 38 41 42 32 35 2 31 20 16 21 7 17 39 10 48 8 9 27 26 14 28 46 6 33 12 47 4 3 34 24 23 5 45 29 43 15 13 49 22 19 44 37 30 11 40 
40 46 44 24 10 37 14 13 22 47 6 4 7 5 28 49 29 15 20 36 16 48 25 31 23 21 45 2 43 33 17 41 9 38 11 35 42 39 27 19 34 30 32 3 12 8 26 18 1 
43 6 13 11 34 19 15 26 8 33 1 10 46 41 37 21 42 30 3 2 27 38 20 12 44 47 22 24 31 29 39 48 35 45 16 32 40 9 36 18 28 17 5 14 23 7 25 49 4 
30 29 33 35 21 9 26 42 3 19 28 12 18 23 32 31 45 34 38 40 25 49 5 7 13 15 11 43 2 6 46 1 8 22 20 14 16 48 4 24 37 44 27 47 39 10 36 41 17 
39 27 32 23 22 16 12 29 40 49 14 43 17 9 11 5 35 24 47 41 44 3 18 10 42 8 4 1 36 28 15 21 19 30 37 46 7 20 2 25 33 26 45 34 31 38 48 6 13 
20 47 28 8 45 49 3 30 44 48 25 36 39 38 46 13 4 26 19 33 12 17 32 35 40 41 37 34 27 42 14 18 5 7 10 22 23 31 1 6 11 21 43 9 15 16 24 29 2 
5 13 43 45 27 24 32 46 33 9 36 38 40 6 15 26 16 17 37 35 3 1 23 30 7 18 48 22 19 8 10 44 12 28 31 29 39 11 25 20 47 4 34 2 42 21 41 14 49 
37 19 30 39 11 47 41 35 48 44 2 1 4 14 42 8 27 38 6 23 40 9 10 15 12 49 16 46 7 45 22 43 36 33 34 13 26 18 32 21 17 28 20 25 29 31 5 24 3 
16 8 9 38 2 15 31 3 27 23 7 30 42 18 1 39 11 4 25 48 13 20 43 6 21 17 5 32 14 35 47 29 40 26 41 34 49 24 10 12 46 45 33 44 36 28 19 22 37 
3 25 35 10 42 26 34 16 12 22 39 19 37 49 20 45 24 33 28 46 29 11 38 40 2 44 8 47 4 18 21 6 30 13 17 31 27 36 41 5 23 14 9 7 48 43 1 15 32 
6 21 17 22 46 18 49 8 15 41 10 24 25 47 34 12 30 32 2 31 43 19 36 29 33 28 14 35 5 38 23 20 16 39 1 9 44 37 42 3 7 48 4 11 13 45 27 40 26 
29 14 7 40 36 4 44 31 45 26 13 32 28 20 18 10 9 47 21 22 5 25 39 34 37 3 27 41 11 2 24 15 49 42 48 19 30 1 35 33 43 16 12 23 46 6 38 17 8 
1 23 12 20 28 48 33 43 11 5 34 17 21 29 44 41 36 19 49 14 7 45 24 4 31 26 13 42 46 25 3 9 27 37 32 8 2 40 15 22 38 6 39 30 18 35 16 10 47 
13 45 26 17 48 1 24 21 43 27 40 23 6 12 9 3 22 44 5 4 49 14 11 46 38 20 31 15 47 41 19 2 37 32 30 10 35 8 29 36 42 33 7 28 25 18 34 39 16 
2 43 29 3 47 5 9 15 32 25 37 34 10 30 33 27 48 7 12 21 38 24 17 8 36 4 49 23 1 40 11 35 18 16 39 45 22 26 28 41 44 31 46 6 20 19 14 13 42 
27 49 15 12 35 14 30 20 2 39 22 31 24 36 13 25 6 18 45 1 28 40 47 16 9 34 21 10 26 4 44 42 23 8 3 11 5 17 19 7 48 46 29 38 33 41 32 37 43 
44 18 10 21 39 33 16 38 28 11 29 46 35 1 8 30 26 31 42 37 19 43 41 3 32 27 2 6 17 12 7 36 25 14 22 47 20 23 34 40 9 13 48 49 4 15 45 5 24 
34 40 23 36 32 11 7 14 9 16 42 8 26 4 35 2 20 46 41 10 24 33 19 18 39 13 28 44 29 48 5 31 45 15 6 27 21 25 37 38 49 43 30 17 47 1 12 3 22 
28 4 46 42 41 8 20 19 47 45 5 18 44 7 16 40 17 36 23 34 32 22 29 37 25 12 1 48 24 27 13 33 43 49 38 30 14 3 6 2 39 15 10 35 26 9 21 31 11 
38 22 6 37 31 25 19 17 49 3 33 13 41 48 14 11 15 39 43 29 47 26 7 42 45 30 35 5 34 10 20 46 28 21 9 18 32 4 24 1 16 12 40 36 8 44 2 23 27 
23 11 20 33 26 45 36 2 46 12 24 27 14 22 38 6 5 9 16 28 8 15 49 13 3 31 32 18 41 7 35 39 21 10 40 42 19 43 47 34 25 37 44 1 30 17 29 4 48 
9 44 39 43 16 2 47 33 36 7 21 37 23 32 25 24 10 35 18 11 42 4 1 17 14 22 34 38 48 19 27 45 29 5 12 3 13 28 26 30 31 20 6 15 41 40 49 8 46 
19 41 48 32 29 27 10 49 30 40 26 3 31 44 17 34 12 1 36 45 21 8 42 5 11 7 24 20 13 43 25 37 33 4 15 6 38 16 39 46 2 9 14 22 35 47 18 28 23 
31 30 14 25 4 3 21 11 5 6 20 47 8 35 26 33 44 41 40 13 48 2 16 39 46 23 43 37 22 32 49 28 38 1 42 15 18 45 12 17 27 29 19 24 10 34 9 36 7 
15 24 40 28 18 35 37 48 41 34 19 39 13 42 3 4 31 29 14 7 22 44 21 45 10 25 9 27 30 17 6 23 47 46 2 49 36 5 33 32 1 8 26 16 11 20 43 38 12 
22 38 1 46 12 34 6 4 10 17 18 15 45 28 47 43 49 2 32 20 23 29 40 33 19 35 26 30 9 44 36 16 3 31 8 24 48 21 7 11 14 41 37 42 5 27 13 25 39 
49 17 42 5 8 7 13 25 29 1 38 16 9 43 39 37 46 27 15 19 30 41 28 47 48 6 36 12 20 26 34 14 11 18 24 23 4 44 22 35 10 40 2 21 3 32 31 45 33 
11 15 8 30 49 21 48 39 42 24 46 35 33 19 4 36 18 16 10 25 14 6 2 38 17 43 7 31 40 3 29 47 44 34 26 28 12 32 9 27 45 5 1 13 37 22 23 20 41 
41 37 22 6 44 36 25 40 4 29 17 14 11 16 48 38 3 28 1 26 33 34 13 9 5 32 23 39 8 31 12 30 7 43 18 20 46 2 21 10 19 35 49 27 45 24 47 42 15 
42 16 24 31 20 40 39 9 13 32 12 22 1 26 21 44 2 23 17 47 46 37 45 41 27 36 19 28 38 15 48 10 4 6 33 43 8 49 30 14 29 25 35 18 7 11 3 34 5 
32 35 45 18 1 13 4 28 23 8 44 6 38 2 29 22 34 43 31 27 11 16 12 21 26 42 3 14 49 5 37 24 20 17 46 48 47 41 40 39 15 7 36 33 19 25 10 9 30 
12 3 47 2 19 10 23 7 31 37 48 49 30 27 5 32 40 20 24 9 15 35 44 25 8 33 18 4 45 13 16 11 22 41 14 1 34 6 38 26 36 42 28 29 43 39 17 46 21 
46 5 27 9 43 29 17 34 18 21 41 45 15 25 12 35 7 49 8 39 6 30 22 11 20 10 47 40 23 1 28 19 42 2 36 16 31 33 13 37 3 24 38 4 32 48 44 26 14 
33 7 34 26 14 28 38 36 20 10 47 5 43 3 41 19 13 37 30 42 45 46 15 48 1 24 29 49 21 39 9 25 32 35 27 4 17 22 44 23 18 11 31 40 2 12 8 16 6 
47 1 41 48 9 38 18 44 16 28 30 29 5 17 40 7 8 6 39 32 26 23 33 20 43 2 46 11 10 21 45 4 14 12 35 36 24 34 31 49 22 3 42 37 27 13 15 19 25 
10 32 5 13 40 42 2 24 6 35 4 9 49 33 22 18 23 3 11 30 17 31 14 1 41 19 12 25 16 34 43 7 46 36 44 37 15 27 20 45 26 39 47 8 21 29 28 48 38 
35 26 49 34 24 22 27 10 7 42 8 48 19 46 43 28 37 45 13 16 20 21 4 32 15 39 17 3 33 9 31 38 1 40 29 25 6 47 18 44 12 23 41 5 14 30 11 2 36 
4 33 21 29 25 39 45 12 14 18 23 41 32 11 49 47 1 42 34 15 36 13 9 44 22 48 30 7 6 37 8 27 2 20 19 38 28 35 17 16 5 10 3 26 24 46 40 43 31 
36 12 37 14 6 23 43 22 1 38 15 26 2 39 31 46 41 5 9 44 35 47 27 49 16 45 40 29 25 24 30 32 48 3 28 33 11 13 8 42 21 19 18 10 17 4 20 7 34 
17 31 16 15 7 20 46 47 37 36 27 25 3 40 10 14 19 21 29 24 4 18 34 28 35 5 38 8 39 22 42 49 26 11 13 41 43 30 48 9 32 2 23 45 1 33 6 12 44 
8 28 19 44 3 30 11 45 34 31 43 21 20 13 27 48 25 12 33 38 2 42 6 26 24 37 10 36 18 23 41 17 15 47 5 7 29 14 46 4 40 1 16 39 22 49 35 32 9 
################proper############## 

 average_time = 2.121422 

 success runs = 1 

 total average iters = 136718.000000 
