Success!!! 
 
 max_col = 
 49 
 
 run_time = 
 1.291959 
 
 once iters = 
 56986 
 
32 29 38 21 30 33 16 10 45 20 6 47 37 22 48 46 36 43 5 25 34 11 3 1 49 24 12 15 4 26 19 41 28 23 14 13 44 39 18 9 40 42 27 17 7 35 8 31 2 
28 2 15 46 11 18 23 17 41 8 4 26 27 36 35 30 45 47 39 20 16 40 44 14 10 31 5 13 48 25 37 49 33 7 22 29 43 3 38 1 19 34 24 6 9 21 12 42 32 
44 26 36 41 43 12 8 19 13 23 29 31 15 28 21 22 7 32 33 37 3 38 35 9 34 16 42 25 18 17 1 27 30 39 11 46 10 45 2 6 24 49 4 20 48 47 40 14 5 
42 25 37 39 6 4 27 1 30 14 38 5 9 11 49 2 31 28 18 40 24 17 8 7 48 29 20 43 47 13 3 21 46 34 36 41 12 33 35 16 26 32 22 45 15 19 10 23 44 
49 47 40 5 1 3 24 7 12 35 46 42 34 48 15 8 44 9 13 27 11 37 19 26 45 6 4 21 16 29 2 10 32 31 38 14 22 36 23 20 25 17 28 30 33 39 18 43 41 
14 9 35 34 7 17 48 2 21 44 24 3 16 32 38 42 41 29 4 10 19 33 18 39 27 36 23 22 40 5 20 12 6 43 45 47 28 31 8 15 30 11 1 49 25 46 37 26 13 
31 22 20 19 13 10 45 39 40 49 25 18 43 33 17 26 14 12 23 1 6 32 47 2 41 28 30 46 44 42 24 9 15 35 8 37 21 7 4 5 48 27 11 36 34 16 29 3 38 
17 30 48 28 15 14 18 24 44 26 22 32 46 43 42 1 19 27 34 6 31 2 41 49 12 20 36 3 39 11 23 16 8 9 37 7 13 4 47 10 21 40 38 35 45 5 33 25 29 
10 5 44 16 25 1 21 29 3 31 15 45 38 34 28 32 37 48 35 17 7 27 40 22 8 13 19 42 26 41 33 47 20 24 43 2 23 49 46 12 36 6 14 9 11 18 4 30 39 
9 11 24 27 12 26 40 41 14 47 19 30 48 16 44 3 46 20 43 22 15 5 33 23 32 1 39 10 17 7 49 45 35 13 4 18 34 38 29 25 28 31 6 8 2 36 21 37 42 
23 20 47 33 45 42 22 49 5 6 10 4 40 8 30 14 38 21 16 9 26 18 25 46 24 34 44 35 2 48 36 29 27 32 31 15 3 11 41 43 39 37 13 28 1 17 19 12 7 
43 35 19 36 29 39 34 21 33 2 42 37 7 18 25 13 11 40 49 5 12 16 28 15 9 17 47 4 6 38 44 46 1 10 30 27 45 22 32 8 14 24 48 3 23 31 41 20 26 
13 3 41 37 4 6 32 20 9 17 12 35 11 27 8 29 39 33 2 36 23 43 45 48 38 7 14 31 28 21 5 18 22 40 25 42 26 30 16 19 1 44 34 46 47 49 15 10 24 
38 7 8 31 2 46 49 25 28 36 39 1 23 13 10 4 18 24 41 47 45 21 26 6 11 30 37 29 42 19 14 34 3 12 15 17 5 35 48 33 20 9 40 43 27 44 32 16 22 
27 39 6 42 5 37 36 38 35 32 3 40 17 26 12 47 10 23 24 4 46 49 20 19 30 11 21 45 33 14 34 22 25 1 28 48 29 8 13 31 2 16 44 41 18 7 43 9 15 
21 46 14 3 20 15 29 23 6 25 37 44 45 1 36 33 9 30 38 16 28 10 13 34 43 27 7 8 31 35 12 5 47 49 41 19 42 32 24 18 11 26 2 4 22 48 39 17 40 
19 44 9 25 8 41 1 34 47 39 43 21 42 15 2 18 26 5 11 13 27 36 16 4 23 35 33 37 38 32 48 24 45 6 10 40 49 46 20 22 17 7 31 12 29 14 3 28 30 
2 23 13 26 17 48 31 8 7 5 16 28 30 10 19 40 42 1 20 32 22 25 14 41 18 44 3 47 9 43 29 11 36 46 39 4 27 21 6 37 15 12 45 34 35 38 24 33 49 
24 28 30 45 49 11 33 18 31 46 2 14 12 29 3 48 25 35 44 41 17 6 38 40 22 42 15 32 27 4 8 7 37 16 13 5 39 47 36 34 9 43 10 19 20 23 26 21 1 
22 43 4 12 47 34 35 27 20 11 33 19 41 49 31 37 15 7 21 8 39 9 24 28 29 48 26 5 30 2 17 23 18 42 40 3 38 1 10 45 44 14 36 25 16 13 46 32 6 
40 38 10 32 18 16 7 13 24 48 36 9 22 4 34 43 6 49 14 45 29 46 17 31 2 39 1 12 3 44 21 15 26 19 20 33 35 23 30 28 41 25 42 11 8 37 5 27 47 
12 36 27 2 28 30 39 32 11 3 13 48 31 6 37 16 1 26 42 19 35 15 29 21 5 23 45 40 8 34 4 38 49 33 7 22 20 17 44 24 43 47 46 14 41 25 9 18 10 
11 42 34 10 41 21 47 26 8 33 7 25 36 46 13 9 3 31 40 38 18 44 27 17 14 4 24 19 35 37 30 32 23 45 5 28 15 2 49 29 16 1 43 48 6 22 20 39 12 
35 45 16 6 23 7 9 4 18 42 1 34 49 21 5 20 24 14 22 12 2 8 39 36 25 41 46 38 10 15 13 17 43 26 47 32 19 27 31 30 37 48 3 40 28 33 44 29 11 
33 13 22 24 37 8 26 16 29 45 23 41 20 2 4 25 43 10 32 34 44 35 1 12 3 47 28 11 19 39 46 31 9 18 48 36 6 40 42 14 5 38 21 7 17 30 49 15 27 
5 4 46 15 14 20 19 30 22 10 9 38 44 35 27 21 23 17 29 28 41 48 37 43 31 2 18 49 25 12 40 1 42 3 6 8 33 34 11 26 7 39 32 13 36 24 47 45 16 
1 31 29 43 48 32 17 40 15 19 28 39 24 5 47 11 8 45 6 49 30 13 9 16 33 26 22 7 14 36 41 20 21 27 44 12 25 10 3 23 18 46 35 38 37 42 34 2 4 
18 40 3 44 38 49 25 43 37 27 47 12 14 17 46 15 33 36 7 39 48 42 32 30 20 10 6 34 24 22 11 28 29 2 16 45 9 13 21 4 35 41 26 5 19 1 23 8 31 
25 49 23 20 32 28 2 14 26 12 41 16 4 38 22 24 17 42 47 11 1 39 43 10 35 40 31 30 21 9 18 8 34 36 33 44 46 15 45 48 6 29 7 37 3 27 13 5 19 
45 33 18 13 39 22 3 46 48 43 31 24 2 7 9 6 35 38 27 26 49 20 21 37 36 15 11 44 32 28 25 30 19 41 12 23 1 42 40 17 4 5 29 10 14 34 16 47 8 
41 17 42 30 34 29 4 37 36 28 44 10 25 39 43 31 12 3 45 18 8 47 48 5 1 33 13 24 15 23 26 6 14 11 35 38 16 20 19 7 27 21 9 32 49 2 22 40 46 
7 8 21 48 44 43 15 35 1 29 11 17 5 45 32 10 13 34 37 23 36 26 49 25 6 19 16 2 46 3 27 40 4 47 24 9 18 28 14 39 33 22 30 42 31 12 38 41 20 
6 27 5 11 31 38 46 42 23 30 8 22 19 40 14 41 20 44 15 29 25 7 34 32 28 3 9 17 13 49 39 48 16 37 1 10 36 24 12 2 47 35 33 26 21 43 45 4 18 
36 24 26 9 19 40 10 15 27 13 49 33 18 47 16 7 48 4 46 21 5 41 12 45 42 38 8 14 29 31 22 43 17 20 2 34 11 25 37 32 3 30 39 23 44 6 1 35 28 
37 16 12 1 35 47 14 3 34 9 32 6 21 20 33 19 30 39 28 2 40 29 22 18 4 46 27 23 7 45 38 44 10 5 42 43 31 41 26 49 13 8 17 15 24 11 48 36 25 
29 12 1 38 26 2 43 22 17 18 5 15 8 31 6 28 32 37 3 44 10 23 11 47 46 25 49 33 41 40 45 42 24 30 19 21 48 16 27 36 34 4 20 39 13 9 14 7 35 
47 21 28 14 3 5 44 48 42 41 27 11 32 30 7 23 40 8 12 46 4 34 36 20 39 43 17 1 49 33 16 35 38 25 9 24 2 6 15 13 29 45 19 18 26 10 31 22 37 
30 48 31 8 24 36 37 12 4 40 20 7 10 23 39 27 22 19 25 35 14 45 2 42 44 5 29 16 11 6 32 26 13 21 34 1 41 18 9 38 49 33 15 47 43 3 28 46 17 
20 34 25 4 9 35 42 36 16 24 26 2 33 37 1 38 47 15 48 43 13 22 7 3 21 18 41 6 12 8 10 39 31 28 29 11 30 14 17 46 32 19 5 44 40 45 27 49 23 
46 10 7 49 33 19 13 47 38 21 14 29 39 3 45 5 16 11 30 24 20 31 4 27 26 8 32 9 22 18 15 36 44 48 17 35 37 43 28 40 12 23 25 2 42 41 6 1 34 
15 41 39 40 27 45 11 6 46 34 35 49 28 25 26 17 29 18 9 42 33 12 30 13 19 14 10 48 43 1 47 37 2 4 23 31 7 44 5 3 22 20 16 24 32 8 36 38 21 
16 32 17 18 22 23 6 44 19 1 45 43 13 9 41 34 49 2 36 31 21 24 15 38 40 37 35 28 20 27 7 3 5 14 46 39 8 26 25 47 42 10 12 29 30 4 11 48 33 
4 19 49 29 42 31 28 45 25 37 34 8 47 12 20 35 21 13 17 3 32 1 5 11 16 22 48 36 23 24 43 33 7 38 18 26 40 9 39 44 46 2 41 27 10 15 30 6 14 
8 15 33 7 10 9 20 5 2 38 21 27 3 14 18 12 28 25 31 30 37 4 23 29 17 32 34 41 36 46 6 19 11 22 26 49 24 48 1 42 45 13 47 16 39 40 35 44 43 
3 14 45 35 16 44 38 31 32 7 30 13 6 19 24 49 34 46 26 33 43 28 42 8 15 21 2 39 5 10 9 4 40 17 27 20 47 37 22 41 23 36 18 1 12 29 25 11 48 
34 1 43 47 46 27 12 28 39 22 40 20 26 41 23 36 4 16 19 7 38 3 10 35 13 9 25 18 37 30 42 14 48 44 21 6 17 29 33 11 8 15 49 31 5 32 2 24 45 
26 37 11 17 21 25 5 33 43 15 18 23 1 44 40 39 2 6 10 48 9 14 46 24 47 45 38 27 34 16 28 13 41 29 49 30 32 12 7 35 31 3 8 22 4 20 42 19 36 
48 18 32 22 36 13 30 11 49 16 17 46 35 24 29 45 27 41 8 14 42 19 6 44 37 12 40 20 1 47 31 2 39 15 3 25 4 5 43 21 10 28 23 33 38 26 7 34 9 
39 6 2 23 40 24 41 9 10 4 48 36 29 42 11 44 5 22 1 15 47 30 31 33 7 49 43 26 45 20 35 25 12 8 32 16 14 19 34 27 38 18 37 21 46 28 17 13 3 
################proper############## 

 average_time = 1.291959 

 success runs = 1 

 total average iters = 56986.000000 
