Success!!! 
 
 max_col = 
 49 
 
 run_time = 
 0.957776 
 
 once iters = 
 52940 
 
38 34 14 49 42 18 20 22 24 21 27 7 28 3 48 26 37 47 45 29 25 6 10 1 43 17 8 9 2 13 23 30 16 11 5 41 4 31 12 46 32 35 39 44 36 19 33 40 15 
3 48 31 6 11 8 35 2 14 41 25 44 49 45 36 18 9 22 12 10 4 46 29 21 40 32 39 13 27 43 19 24 15 28 38 5 7 16 47 33 23 37 17 30 34 42 20 26 1 
43 10 23 41 30 27 39 4 13 1 47 8 16 33 31 5 21 6 35 32 40 11 14 28 44 48 18 2 25 26 34 22 7 36 29 49 20 17 15 3 42 19 38 37 12 24 9 46 45 
22 33 4 9 46 40 15 6 34 19 39 17 42 48 30 20 23 49 28 11 2 16 26 35 3 36 7 41 32 45 1 37 12 47 8 14 44 10 24 38 43 13 29 21 27 18 31 25 5 
7 1 12 37 28 32 19 29 20 26 18 23 36 15 17 16 41 44 33 13 38 24 42 5 45 47 27 31 6 40 39 46 35 4 21 9 8 25 34 11 22 30 43 48 10 49 3 14 2 
44 45 47 25 36 29 2 5 9 46 10 37 12 11 8 14 7 43 3 24 19 38 22 49 23 34 15 30 48 42 20 41 33 31 17 26 18 40 27 1 21 39 35 6 16 28 4 32 13 
26 16 13 5 24 17 21 38 40 32 43 30 31 35 39 46 1 34 27 42 15 12 19 20 25 4 37 33 49 9 10 3 14 44 18 29 28 48 45 36 6 2 41 11 23 8 7 47 22 
11 27 29 15 40 37 14 32 31 12 44 21 4 28 18 22 10 9 13 26 34 30 2 36 16 23 33 47 20 35 25 17 38 3 39 6 45 49 7 8 46 5 1 24 43 48 41 19 42 
35 3 7 45 2 12 48 49 1 8 38 16 43 42 20 23 32 17 41 40 29 44 46 14 39 18 25 28 5 27 30 9 19 6 26 34 24 11 33 10 4 47 22 15 13 31 21 36 37 
33 41 1 18 44 21 16 10 2 3 30 9 23 40 12 37 38 24 42 39 5 43 6 45 29 31 11 19 46 8 15 13 22 14 49 48 25 27 32 20 36 28 47 35 26 4 17 7 34 
17 32 36 46 6 49 34 25 39 35 45 26 41 24 14 2 11 19 30 47 44 20 9 15 48 5 22 3 43 28 31 7 40 23 4 13 42 37 29 21 1 16 12 18 33 10 38 27 8 
30 13 43 28 47 24 5 20 7 14 19 18 33 37 16 35 48 4 25 8 6 27 49 42 17 21 12 1 36 44 32 10 41 34 11 3 15 22 26 31 9 38 40 23 29 39 2 45 46 
39 8 19 4 20 26 25 46 15 29 5 6 13 22 27 36 28 31 1 7 21 37 34 38 35 41 10 32 33 24 47 45 42 12 48 23 14 18 17 43 2 40 30 49 3 9 44 16 11 
9 42 38 23 10 22 31 47 48 27 17 11 34 36 43 45 33 15 46 3 49 40 8 4 13 24 26 7 29 37 18 16 2 21 1 30 39 44 35 19 12 41 28 14 5 20 32 6 25 
34 26 24 11 3 31 28 35 36 6 37 13 29 14 42 38 18 16 21 49 7 32 5 10 12 15 45 4 9 22 2 47 46 41 20 44 1 23 43 40 25 33 27 39 30 17 8 48 19 
29 6 15 40 9 45 1 3 49 23 20 38 24 25 32 39 4 35 26 34 14 13 18 17 22 27 30 48 10 31 28 5 44 7 42 21 16 8 11 41 19 36 37 2 46 33 47 12 43 
49 18 37 39 32 5 10 17 28 47 46 45 44 9 41 33 30 48 19 15 27 3 36 31 8 11 2 6 34 14 43 12 1 35 23 38 13 24 22 4 7 42 20 40 21 25 16 29 26 
8 21 20 2 16 25 38 42 4 48 11 15 30 19 45 13 44 3 22 43 9 14 23 39 26 37 24 46 40 36 6 18 32 49 33 17 29 34 28 27 47 12 10 31 7 1 5 35 41 
36 19 44 12 43 46 4 33 41 39 32 40 26 16 47 1 24 23 6 20 10 9 35 25 38 7 28 42 17 15 21 8 30 29 27 37 48 5 2 45 49 31 14 3 11 34 22 13 18 
47 17 48 7 14 30 33 31 8 10 22 2 21 27 11 25 40 29 5 36 12 19 41 43 1 49 44 34 13 39 16 38 37 24 3 20 46 26 6 18 35 32 45 4 15 23 42 28 9 
42 23 35 27 13 41 22 18 12 34 7 43 5 1 2 17 31 37 8 28 46 29 33 16 47 40 21 20 11 48 26 25 4 19 45 39 9 14 3 30 15 10 49 36 44 32 6 24 38 
12 43 22 29 33 16 17 21 26 25 4 28 15 47 23 9 42 27 39 14 20 48 32 37 46 1 13 35 24 11 36 6 18 10 19 40 41 3 38 7 8 34 31 5 49 2 45 44 30 
46 5 41 44 18 36 42 9 30 49 33 10 35 20 28 7 16 1 29 48 11 8 45 3 21 19 34 40 38 47 12 32 26 13 43 22 37 2 31 25 24 4 6 17 14 27 15 39 23 
4 7 10 34 8 6 9 45 43 40 48 5 38 39 13 3 49 41 32 2 35 22 15 12 27 26 20 14 31 1 33 28 23 16 37 42 17 29 19 47 30 44 21 25 18 46 24 11 36 
19 40 2 3 35 28 11 37 27 24 36 32 17 29 15 12 34 33 31 6 30 49 39 44 5 25 38 23 22 4 46 21 20 8 9 43 10 45 1 26 14 18 16 13 42 7 48 41 47 
37 30 26 14 27 13 49 44 19 22 41 12 2 8 4 40 5 10 38 21 47 18 28 24 31 16 36 11 3 17 35 42 25 45 7 15 32 6 46 39 48 23 33 34 9 29 43 1 20 
31 38 39 32 48 47 45 23 42 11 1 46 3 7 37 44 26 18 24 25 43 33 4 29 9 30 6 17 14 34 41 2 49 5 15 36 21 28 16 13 20 27 8 22 40 12 19 10 35 
15 25 21 24 1 20 23 13 18 16 31 34 14 6 46 19 17 8 36 22 45 42 47 41 7 2 43 10 39 30 29 44 48 27 40 33 49 12 9 35 5 11 3 38 4 26 28 37 32 
6 49 45 1 21 48 29 16 10 28 13 36 9 41 40 31 25 38 11 27 18 35 30 7 4 44 23 22 15 19 42 33 5 37 46 24 3 32 20 2 17 14 26 43 8 47 12 34 39 
24 35 42 22 26 23 12 39 44 37 15 3 46 4 7 34 2 32 9 41 33 21 20 19 28 6 17 27 18 25 49 40 45 30 14 47 43 36 10 48 16 8 5 29 1 13 11 38 31 
25 37 18 8 5 39 3 43 29 17 6 22 48 32 35 49 13 14 47 30 36 45 24 11 10 46 1 12 44 16 9 26 34 38 31 28 19 41 4 23 33 21 42 7 2 15 40 20 27 
41 28 17 16 38 9 36 19 5 20 2 14 47 30 6 4 3 12 15 23 42 26 31 8 32 29 40 43 35 10 22 11 21 39 13 7 34 1 37 49 27 25 46 45 24 44 18 33 48 
20 11 30 10 7 44 43 40 21 33 26 27 45 38 24 48 19 39 17 46 22 36 13 34 41 14 16 15 28 2 8 4 29 1 47 18 12 42 5 6 31 9 23 32 25 35 37 49 3 
14 47 32 13 19 15 40 1 23 7 35 31 18 34 26 28 8 5 43 45 37 2 3 9 42 33 49 25 12 20 17 27 24 48 36 11 22 38 39 44 29 46 4 16 6 41 10 30 21 
27 4 33 31 34 2 46 24 11 42 8 49 25 12 10 21 29 20 16 44 1 5 37 47 18 39 48 38 41 7 3 23 6 43 32 35 26 30 40 15 13 45 19 9 17 36 14 22 28 
10 14 49 38 22 35 6 8 37 18 3 42 40 26 25 29 47 28 34 5 17 39 16 32 15 45 31 36 7 23 44 1 43 46 24 27 30 9 48 12 11 20 2 19 41 21 13 4 33 
40 31 46 36 39 43 30 41 17 13 23 47 32 21 1 15 12 26 2 35 48 7 38 27 33 9 4 24 37 5 11 29 8 20 28 16 6 19 44 42 45 49 25 10 22 3 34 18 14 
13 29 8 20 17 11 27 15 25 38 12 33 10 5 49 30 14 40 44 31 3 47 48 6 37 28 19 26 42 21 4 36 9 22 41 2 35 39 18 24 34 1 32 46 45 16 23 43 7 
45 44 34 19 15 42 24 14 22 31 28 4 7 46 38 8 36 21 23 16 32 1 25 30 11 13 35 29 47 49 27 39 3 18 2 10 33 43 41 5 40 17 48 12 20 37 26 9 6 
16 12 28 21 23 4 26 11 45 36 29 48 20 49 9 6 43 46 10 37 41 34 17 18 2 42 3 5 30 33 14 19 31 15 35 32 47 13 25 22 38 7 24 27 39 40 1 8 44 
32 2 3 33 25 7 18 34 35 9 16 1 27 44 19 11 39 42 20 4 24 41 43 22 49 12 14 21 26 6 45 48 13 40 10 46 23 15 8 28 37 29 36 47 31 38 30 5 17 
48 9 5 47 37 1 41 30 6 2 24 39 19 43 22 27 45 7 18 33 13 10 40 23 20 8 46 44 16 12 38 34 17 32 25 4 31 21 36 14 3 26 15 28 35 11 49 42 29 
2 36 16 17 4 3 37 7 33 5 21 19 8 13 44 10 35 30 40 9 28 31 1 46 34 38 41 49 45 18 24 14 39 42 22 25 27 47 23 32 26 43 11 20 48 6 29 15 12 
21 22 6 48 31 38 7 12 3 44 40 35 1 18 34 42 15 45 4 19 26 25 11 2 14 20 47 39 23 32 13 43 10 33 16 8 36 46 30 29 28 24 9 41 37 5 27 17 49 
18 20 27 30 41 14 8 48 46 15 9 29 11 2 33 47 6 25 49 1 16 23 44 26 24 22 32 37 21 38 40 35 28 17 12 45 5 4 13 34 39 3 7 42 19 43 36 31 10 
28 39 9 42 45 19 44 26 32 30 49 24 22 23 29 43 46 2 37 12 31 17 27 13 36 10 5 8 4 41 7 15 47 25 6 1 11 20 21 16 18 48 34 33 38 14 35 3 40 
1 46 25 35 49 34 47 27 38 4 14 41 37 10 21 32 20 11 48 18 8 15 7 40 6 43 29 16 19 3 5 31 36 9 30 12 2 33 42 17 44 22 13 26 28 45 39 23 24 
23 24 40 26 29 33 32 36 16 43 34 20 6 31 5 41 27 13 7 17 39 28 12 48 30 3 42 45 8 46 37 49 11 2 44 19 38 35 14 9 10 15 18 1 47 22 25 21 4 
5 15 11 43 12 10 13 28 47 45 42 25 39 17 3 24 22 36 14 38 23 4 21 33 19 35 9 18 1 29 48 20 27 26 34 31 40 7 49 37 41 6 44 8 32 30 46 2 16 
################proper############## 

 average_time = 0.957776 

 success runs = 1 

 total average iters = 52940.000000 
