Success!!! 
 
 max_col = 
 49 
 
 run_time = 
 1.952384 
 
 once iters = 
 101274 
 
24 11 8 18 26 17 34 35 2 7 10 32 43 5 39 49 29 21 12 16 14 31 36 46 40 22 47 13 28 48 30 6 45 44 41 23 27 38 15 42 3 4 9 37 25 33 20 19 1 
22 48 25 31 33 6 38 39 30 19 16 34 14 1 3 4 7 15 17 28 11 20 45 43 44 37 10 24 21 23 9 42 46 49 47 12 41 35 18 32 36 40 8 27 2 29 5 26 13 
19 14 36 32 35 37 16 9 48 6 40 24 18 46 45 42 27 30 1 8 43 4 26 5 34 29 25 2 31 12 11 15 10 7 3 47 13 17 22 28 20 33 23 49 41 44 39 38 21 
4 9 45 21 3 2 39 37 28 47 29 49 22 15 36 33 13 41 34 10 23 42 35 6 14 18 48 7 19 20 40 17 8 27 38 25 24 1 5 44 26 16 30 12 31 32 11 46 43 
43 46 49 12 28 23 30 20 13 8 44 27 25 3 18 38 40 37 26 5 47 17 21 9 19 41 1 11 4 16 36 32 24 34 33 39 7 31 45 48 29 2 10 35 15 22 14 42 6 
20 44 13 41 42 29 1 38 12 4 21 17 36 45 25 32 9 6 22 19 31 15 27 49 33 23 28 30 14 2 35 18 5 39 26 37 34 43 8 11 10 46 24 3 48 47 7 40 16 
27 40 10 5 15 7 47 31 26 23 33 42 11 41 44 24 20 48 2 35 46 16 12 8 38 3 39 32 25 13 43 1 29 22 37 14 9 6 19 49 21 30 36 4 45 34 17 28 18 
45 2 16 26 4 39 36 8 34 30 15 13 24 38 35 6 47 46 28 14 9 19 31 42 11 20 41 3 10 44 48 40 22 29 1 43 21 5 17 33 49 27 7 32 18 12 37 23 25 
15 32 46 10 24 34 33 14 3 42 41 48 2 28 22 45 12 40 5 30 36 25 9 27 18 49 38 1 7 17 21 4 37 16 8 13 23 20 44 31 35 47 26 43 19 11 6 29 39 
42 20 19 47 30 5 13 45 31 9 7 35 4 36 43 11 17 3 37 1 16 21 44 23 48 12 6 39 18 32 28 24 26 33 46 8 14 34 29 41 15 25 22 40 49 27 38 10 2 
6 28 44 17 14 43 12 23 22 49 37 46 27 25 26 2 41 18 33 4 39 7 29 10 32 8 40 16 36 42 31 35 34 5 11 3 38 19 48 30 1 24 21 15 13 45 9 47 20 
40 3 37 49 11 35 48 10 20 29 18 21 17 16 13 44 19 32 27 31 38 22 15 34 36 43 5 4 30 47 39 12 41 25 23 2 26 45 46 7 6 9 33 28 1 42 24 14 8 
8 29 38 22 1 18 27 44 33 5 39 6 47 26 23 21 25 24 48 15 7 45 28 30 35 17 14 46 43 9 2 20 13 19 49 10 40 37 42 12 32 11 3 16 4 41 36 34 31 
9 31 7 25 23 21 41 1 11 40 19 12 32 43 10 8 42 29 49 34 20 47 13 33 24 2 26 37 15 38 45 27 6 3 14 16 18 4 39 36 22 28 44 30 35 48 46 17 5 
12 21 29 44 17 25 15 2 24 45 22 41 49 42 40 30 10 39 23 20 19 34 16 31 37 27 18 6 3 7 14 48 33 1 13 28 32 11 26 43 46 35 5 47 38 36 8 9 4 
31 37 32 8 43 11 5 34 25 26 36 40 48 12 27 16 4 42 7 9 24 3 39 1 13 33 30 29 47 41 6 38 28 23 35 17 19 18 21 14 2 49 46 22 20 15 45 44 10 
46 7 35 42 34 4 45 27 29 18 3 1 37 13 38 48 14 26 25 2 22 32 49 19 23 44 24 41 9 36 15 21 11 40 20 5 39 12 16 8 47 10 31 33 17 6 28 43 30 
13 41 24 39 27 26 9 30 15 14 17 44 19 8 1 28 5 47 6 3 34 10 46 11 2 36 4 45 37 43 49 31 18 42 32 7 22 48 20 38 33 23 29 21 16 25 35 12 40 
2 16 30 38 49 3 18 6 46 28 35 9 39 23 8 37 33 45 31 11 29 43 20 22 5 14 21 47 12 24 17 44 4 10 27 41 15 40 36 25 13 34 1 19 26 7 42 48 32 
1 33 20 23 47 36 19 16 10 11 4 43 38 7 17 15 18 12 32 49 21 26 42 48 8 40 35 28 39 25 46 22 2 45 5 29 6 9 30 37 31 44 41 14 27 13 34 24 3 
48 22 6 14 10 28 40 5 47 31 32 20 33 21 46 43 35 13 36 44 41 12 25 7 17 38 15 9 26 29 34 16 30 8 19 1 4 24 3 27 45 42 11 39 23 37 18 2 49 
21 5 3 24 45 33 11 17 36 20 13 31 28 14 30 12 15 4 39 32 49 46 47 35 1 42 9 34 38 22 41 26 7 48 29 6 25 10 27 16 8 43 19 2 37 40 23 18 44 
10 15 23 20 39 47 35 48 9 44 8 29 7 19 28 40 34 22 11 27 33 18 3 38 6 13 16 17 42 30 5 43 36 12 25 31 37 2 1 45 4 21 49 24 14 46 32 41 26 
30 6 40 1 8 41 2 4 45 10 38 16 42 34 19 36 43 7 3 48 35 49 22 24 27 28 44 15 33 11 18 39 14 37 9 20 46 47 32 17 23 26 25 13 12 5 31 21 29 
49 18 43 27 25 14 7 32 21 41 26 5 35 11 29 10 2 38 9 17 8 30 19 37 31 48 36 40 16 28 23 46 44 47 45 42 12 3 13 24 34 22 6 20 39 1 15 4 33 
44 42 9 34 12 48 17 43 39 22 6 37 23 24 47 1 31 25 46 21 26 11 5 2 7 45 32 20 49 35 3 13 40 4 15 19 33 41 14 29 30 18 38 36 8 16 10 27 28 
37 36 28 29 46 19 26 47 1 25 30 15 3 40 16 18 6 20 44 41 13 23 33 21 4 10 12 14 34 31 27 8 32 24 2 38 11 7 49 5 9 39 35 17 42 43 22 45 48 
32 38 4 16 22 13 31 18 49 33 12 2 46 27 42 14 24 5 45 23 37 41 43 39 29 25 8 26 20 6 10 19 1 21 17 36 35 44 40 15 28 48 34 7 9 3 30 11 47 
29 39 1 33 13 31 4 41 42 27 2 25 30 22 15 17 11 9 20 24 40 5 8 3 12 26 7 36 32 37 44 47 48 35 34 45 43 46 38 10 16 19 14 18 6 28 21 49 23 
3 35 42 6 7 45 49 12 44 38 43 18 40 17 5 26 23 14 21 37 27 29 10 13 16 46 34 48 1 8 4 25 31 28 36 22 30 32 9 2 39 20 15 11 24 19 47 33 41 
17 12 5 43 9 16 24 36 4 34 1 11 45 29 7 46 38 44 47 25 48 14 40 32 21 19 23 31 27 10 22 41 39 26 18 49 3 33 28 6 37 15 2 8 30 20 13 35 42 
11 19 2 30 44 40 14 3 35 37 23 33 16 10 32 13 28 8 4 22 6 9 41 18 45 47 27 38 46 21 20 49 43 15 7 26 29 25 24 1 42 31 48 5 36 17 12 39 34 
25 10 34 48 37 8 28 49 32 15 9 26 5 20 12 3 36 16 19 33 18 35 6 44 30 39 2 43 23 40 29 14 42 38 24 11 47 13 41 21 17 7 4 45 46 31 27 1 22 
41 27 26 15 21 20 32 46 19 13 14 47 31 48 34 39 30 1 35 42 10 37 4 28 49 24 22 25 2 45 33 11 17 9 6 18 36 8 23 40 12 5 43 44 29 38 16 3 7 
38 47 22 36 18 46 23 24 6 21 28 7 8 39 2 41 49 31 29 43 45 33 1 20 15 11 17 42 5 3 16 30 19 13 12 34 44 27 35 4 48 14 32 9 10 26 40 25 37 
47 34 18 2 36 32 42 33 7 12 45 28 15 37 11 22 39 19 41 40 30 38 48 16 26 35 29 10 44 4 24 23 3 14 31 9 49 21 43 20 27 1 17 6 5 8 25 13 46 
5 13 39 45 48 9 46 25 18 32 31 3 29 2 6 34 8 23 16 7 4 24 11 47 41 15 20 27 17 1 38 10 49 36 21 40 42 14 12 22 44 37 28 26 33 35 43 30 19 
26 17 11 35 29 12 10 22 14 48 27 30 41 4 33 47 21 2 13 18 3 8 34 25 9 1 31 44 45 19 42 5 20 43 16 15 28 23 6 46 7 32 39 38 40 24 49 37 36 
33 49 21 28 41 44 3 40 43 39 46 8 9 47 20 5 37 17 38 36 15 13 2 4 42 6 19 18 48 27 26 7 35 32 22 24 45 30 31 34 25 29 12 23 11 10 1 16 14 
16 24 27 19 6 22 25 26 17 1 34 38 21 49 31 29 44 43 14 45 42 40 23 12 3 7 33 5 13 46 37 2 15 30 28 35 8 36 10 39 11 41 47 48 32 18 4 20 9 
23 1 31 37 40 15 20 11 5 16 42 10 44 35 49 25 48 28 24 12 32 36 30 14 43 21 46 22 6 34 8 9 47 18 39 33 17 26 4 19 38 13 27 29 3 2 41 7 45 
7 43 14 4 38 30 8 19 23 24 20 36 13 6 9 27 26 35 10 46 1 39 37 17 28 32 45 49 41 33 12 29 25 11 40 48 2 16 47 18 5 3 42 34 22 21 44 31 15 
34 25 15 46 2 27 29 28 16 17 47 19 26 9 37 7 1 49 30 39 5 6 14 36 10 4 3 21 24 18 32 45 38 31 42 44 48 22 11 13 40 12 20 41 43 23 33 8 35 
18 4 33 9 20 24 37 29 40 46 5 23 10 30 48 31 45 34 8 6 17 44 7 26 25 16 11 35 22 49 47 28 12 41 43 27 1 15 2 3 14 36 13 42 21 39 19 32 38 
39 8 47 7 32 1 43 15 38 3 11 14 6 31 24 19 16 36 40 13 28 2 18 29 46 30 49 12 35 26 25 33 27 20 4 21 5 42 34 23 41 45 37 10 44 9 48 22 17 
14 45 17 11 31 38 21 13 27 36 48 22 34 33 41 35 46 10 42 29 44 1 32 15 20 9 43 19 40 39 7 3 23 6 30 4 16 28 37 26 24 8 18 25 47 49 2 5 12 
28 26 41 3 5 10 22 42 8 2 24 4 20 18 21 9 32 33 15 47 12 48 38 45 39 34 13 23 11 14 19 37 16 17 44 46 31 49 25 35 43 6 40 1 7 30 29 36 27 
36 23 12 40 19 49 44 7 37 35 25 45 1 32 14 20 22 11 43 26 2 27 17 41 47 5 42 8 29 15 13 34 21 46 48 30 10 39 33 9 18 38 16 31 28 4 3 6 24 
35 30 48 13 16 42 6 21 41 43 49 39 12 44 4 23 3 27 18 38 25 28 24 40 22 31 37 33 8 5 1 36 9 2 10 32 20 29 7 47 19 17 45 46 34 14 26 15 11 
################proper############## 

 average_time = 1.952384 

 success runs = 1 

 total average iters = 101274.000000 
