Success!!! 
 
 max_col = 
 49 
 
 run_time = 
 2.097191 
 
 once iters = 
 154530 
 
38 8 18 7 44 39 17 24 27 14 31 9 16 43 34 48 11 20 35 12 46 21 49 3 26 6 5 19 45 15 36 23 2 22 30 37 13 29 41 33 25 42 28 10 47 4 40 1 32 
12 10 4 31 9 30 46 22 19 7 5 49 20 15 27 16 23 43 41 39 47 38 28 36 17 42 24 29 40 25 44 48 1 37 3 21 32 14 18 45 6 26 35 11 33 8 2 13 34 
33 13 27 41 28 15 14 6 12 47 3 1 23 35 2 19 22 37 45 32 5 48 39 20 8 11 10 30 29 42 18 34 26 43 4 36 40 17 44 38 24 46 21 16 25 9 31 49 7 
16 40 25 23 1 42 11 18 48 10 45 32 46 39 8 17 24 13 36 4 30 27 35 14 37 31 22 33 7 5 6 28 19 47 21 2 15 34 12 49 43 9 20 38 41 29 26 3 44 
20 36 32 48 34 5 22 44 26 21 28 17 42 40 33 31 29 10 14 7 3 15 25 47 2 43 18 41 13 49 8 12 46 9 38 1 19 23 4 35 16 11 27 39 45 30 6 24 37 
24 6 45 29 43 26 2 37 30 33 13 11 25 36 40 15 21 28 49 9 38 12 44 46 7 1 4 34 41 20 35 39 10 32 16 3 8 22 47 31 48 27 42 17 19 18 5 14 23 
49 21 3 37 35 47 19 2 4 41 29 34 38 8 26 25 18 1 44 42 6 13 45 16 40 23 32 9 31 33 14 11 24 17 27 5 20 30 10 7 39 28 48 46 22 15 43 36 12 
39 28 1 20 47 35 7 13 42 36 46 29 6 32 38 9 40 48 33 44 31 45 8 21 11 5 26 43 10 2 3 17 18 25 24 15 4 19 23 41 12 30 34 49 14 22 27 37 16 
17 16 24 38 6 34 23 40 41 28 1 31 15 12 3 26 46 30 47 27 21 33 13 25 10 20 42 32 11 29 22 4 36 49 48 7 45 44 37 8 14 18 43 35 9 5 39 2 19 
43 4 12 19 25 36 3 34 21 45 14 2 30 37 1 20 49 39 7 16 42 29 22 23 15 28 47 38 44 26 27 9 41 13 31 48 35 32 5 40 11 24 18 8 6 10 33 46 17 
11 48 2 33 31 45 40 16 8 5 4 25 10 20 6 24 17 41 29 15 22 18 37 34 19 49 9 7 32 14 46 1 47 35 28 27 38 39 36 43 21 13 3 12 26 23 44 42 30 
21 30 41 8 37 10 42 11 22 23 44 18 3 49 43 13 32 5 2 14 25 39 40 35 36 27 17 24 34 38 16 19 6 15 12 47 9 33 26 29 46 31 45 28 1 7 4 20 48 
9 5 15 14 27 32 49 38 43 24 26 33 47 7 4 12 19 11 18 28 35 16 46 48 30 44 3 6 20 45 39 8 37 21 23 17 34 2 1 22 42 10 25 29 31 13 41 40 36 
18 29 26 46 22 44 13 35 17 39 48 27 19 9 10 37 36 23 8 34 45 2 14 31 1 41 12 4 43 40 30 33 5 42 7 28 25 3 6 16 49 20 47 32 21 38 15 11 24 
14 12 38 39 2 8 27 1 40 25 35 44 22 19 31 4 41 17 26 29 7 20 16 11 9 33 30 28 15 48 24 45 23 34 18 42 3 49 13 21 10 6 37 36 5 32 47 43 46 
5 33 9 34 4 17 18 3 11 13 8 23 36 41 21 44 12 25 40 35 27 46 6 1 49 2 37 14 42 19 47 30 16 29 32 38 26 15 43 24 20 39 31 45 28 48 22 7 10 
40 47 6 1 42 41 48 30 16 43 20 10 33 26 32 39 28 46 23 3 11 8 29 5 34 19 31 21 36 9 7 44 22 12 17 45 37 18 14 27 2 35 38 15 24 25 49 4 13 
28 46 35 30 24 16 31 5 18 2 21 48 37 47 15 38 10 36 42 49 13 3 32 7 27 4 25 45 8 6 26 43 14 1 41 40 22 11 9 12 44 34 29 20 17 33 23 19 39 
32 15 36 44 10 13 37 9 29 38 49 4 14 45 18 5 6 34 1 2 20 42 24 43 48 26 23 22 28 31 25 21 40 33 39 16 47 46 30 19 17 7 12 3 11 35 8 41 27 
19 45 7 26 3 23 20 32 31 17 12 42 39 27 48 22 37 8 9 43 24 40 36 15 13 18 41 47 49 11 2 38 35 10 46 25 33 1 28 5 29 4 30 21 34 44 16 6 14 
22 11 43 25 29 49 21 7 28 46 24 15 34 6 47 30 16 45 19 33 14 10 38 39 44 12 35 17 4 37 13 27 3 5 20 31 41 36 48 23 8 32 2 18 42 1 9 26 40 
47 18 22 36 49 12 38 33 3 15 19 7 31 25 17 45 39 16 13 20 34 6 30 4 42 29 8 35 46 27 10 37 48 28 9 14 43 21 24 44 5 41 26 2 23 40 1 32 11 
37 43 40 17 41 33 1 48 20 12 39 30 4 22 28 8 26 3 6 38 44 34 10 18 14 15 36 31 5 16 23 2 25 11 45 29 27 9 19 32 13 49 24 7 35 42 46 21 47 
34 42 21 45 23 11 28 14 6 29 9 37 32 46 49 18 5 31 22 24 36 25 2 17 12 48 16 1 30 43 38 35 44 26 40 10 7 8 3 20 47 15 4 27 13 39 19 33 41 
8 9 48 16 32 25 24 41 2 27 38 26 18 28 29 21 4 14 10 1 40 19 43 37 5 46 7 39 6 13 49 47 33 20 34 11 23 35 42 30 36 17 22 44 12 45 3 31 15 
15 26 39 6 7 31 30 17 44 1 11 13 21 42 46 23 35 12 43 25 41 22 3 27 47 9 45 40 18 32 19 24 8 14 29 33 2 28 16 37 4 48 10 5 49 36 34 38 20 
46 44 5 3 19 4 35 10 49 8 47 40 24 34 11 33 27 2 48 30 15 23 20 38 41 32 13 26 21 39 42 22 17 7 36 6 12 25 31 1 18 45 9 43 16 37 14 28 29 
29 27 14 2 13 20 10 45 36 35 23 5 43 16 42 7 9 19 37 47 32 11 21 33 28 24 44 49 3 12 1 41 4 31 15 34 39 38 22 46 26 40 8 48 30 6 18 17 25 
1 38 11 47 40 24 29 15 10 26 6 16 8 33 7 35 30 9 34 17 2 44 19 45 22 21 43 18 12 36 28 25 20 3 5 39 49 13 32 42 31 14 23 41 37 46 48 27 4 
41 19 10 28 12 3 33 47 13 32 36 45 48 44 14 27 25 26 24 40 23 5 9 42 29 34 38 37 2 7 17 6 15 18 43 20 46 4 35 11 1 8 49 31 39 21 30 16 22 
23 17 13 9 36 18 43 20 7 34 37 14 1 29 19 49 3 33 39 11 4 41 47 28 35 10 27 15 38 24 31 46 21 40 42 22 5 26 25 48 30 16 32 6 8 2 12 44 45 
25 31 49 42 16 22 26 39 35 30 43 46 11 2 12 10 44 32 5 48 18 24 4 8 6 36 40 23 27 1 29 13 45 19 47 9 28 41 21 15 7 37 17 33 38 14 20 34 3 
48 34 20 32 5 14 6 31 38 42 41 21 40 23 13 36 15 47 28 22 8 17 12 2 25 30 49 46 37 4 33 26 39 16 35 43 18 24 27 3 45 44 19 1 10 11 7 29 9 
30 35 46 21 39 27 45 4 9 49 25 19 28 18 20 1 38 6 31 37 29 7 33 13 16 14 11 3 22 44 48 10 32 41 8 12 17 47 2 34 40 23 15 42 36 43 24 5 26 
44 7 37 4 8 2 15 12 5 22 27 3 17 24 45 41 43 42 21 46 16 31 1 26 32 39 20 48 14 30 9 49 34 23 11 19 36 6 29 10 38 33 13 47 40 28 25 35 18 
31 24 23 40 45 38 25 19 14 11 30 22 41 17 36 29 8 15 12 26 49 1 27 10 21 3 2 42 39 28 32 18 43 46 44 13 6 7 34 9 35 47 5 4 20 16 37 48 33 
27 14 47 43 17 9 4 46 45 18 16 12 35 21 37 2 31 44 3 13 19 28 34 32 38 22 6 11 1 10 40 5 29 30 25 49 48 20 33 26 41 36 39 23 7 24 42 15 8 
10 39 19 49 26 37 12 28 23 9 42 20 7 4 24 46 47 40 25 21 33 14 18 29 31 13 48 8 35 34 41 3 38 27 6 32 16 5 11 2 15 43 36 22 44 17 45 30 1 
13 32 33 5 48 46 34 27 1 37 15 38 44 10 23 43 7 22 16 45 28 36 41 40 4 17 19 20 47 8 11 14 31 2 26 30 24 42 39 25 3 12 6 9 29 49 35 18 21 
7 20 8 11 18 1 41 36 33 3 2 47 29 31 5 42 14 4 27 6 17 26 15 30 24 35 39 25 9 21 37 16 49 48 19 23 44 45 40 28 22 38 46 34 32 12 13 10 43 
35 3 29 22 21 28 36 25 39 6 32 24 49 5 30 34 20 18 38 41 48 37 7 9 43 16 33 44 23 17 15 42 12 45 13 46 1 10 8 4 27 19 14 40 2 26 11 47 31 
42 2 44 15 30 6 16 8 34 48 40 43 26 13 39 32 1 35 11 10 9 47 5 49 23 45 46 12 24 22 20 36 7 4 33 18 21 31 17 14 37 29 41 19 3 27 28 25 38 
26 1 30 18 11 29 9 23 25 19 7 35 13 14 41 47 2 49 15 36 43 4 31 44 20 38 21 27 33 46 5 40 28 6 22 24 10 12 45 39 32 3 16 37 48 34 17 8 42 
2 25 28 10 46 21 44 49 37 4 17 41 9 3 35 40 13 24 20 19 12 32 26 22 18 47 1 16 48 23 45 7 42 38 14 8 11 43 15 36 34 5 33 30 27 31 29 39 6 
36 22 34 27 33 19 8 43 15 31 10 39 2 1 25 11 48 29 32 18 26 9 17 41 3 40 14 5 16 35 12 20 30 24 49 4 42 37 7 6 23 21 44 13 46 47 38 45 28 
6 37 42 12 38 48 5 21 46 44 34 36 27 11 9 3 45 7 30 31 10 49 23 24 33 8 29 2 17 18 43 15 13 39 1 41 14 16 20 47 28 25 40 26 4 19 32 22 35 
3 23 17 35 15 43 39 29 24 20 33 6 45 48 16 14 42 21 4 5 37 30 11 12 46 7 28 36 26 47 34 32 27 8 2 44 31 40 38 13 19 22 1 25 18 41 10 9 49 
45 49 31 24 20 40 47 26 32 16 22 28 12 38 44 6 33 27 17 8 1 43 42 19 39 37 34 13 25 41 4 29 11 36 10 35 30 48 46 18 9 2 7 14 15 3 21 23 5 
4 41 16 13 14 7 32 42 47 40 18 8 5 30 22 28 34 38 46 23 39 35 48 6 45 25 15 10 19 3 21 31 9 44 37 26 29 27 49 17 33 1 11 24 43 20 36 12 2 
################proper############## 

 average_time = 2.097191 

 success runs = 1 

 total average iters = 154530.000000 
