Success!!! 
 
 max_col = 
 49 
 
 run_time = 
 1.176572 
 
 once iters = 
 55396 
 
5 20 3 42 26 11 10 43 17 45 34 33 2 47 30 16 4 1 28 12 38 8 49 18 24 39 29 9 15 22 48 35 41 25 21 37 14 27 6 36 40 13 32 44 46 19 23 31 7 
45 46 47 15 36 8 44 21 39 10 35 13 14 28 2 7 33 22 34 49 29 25 12 37 32 16 31 27 40 30 17 20 1 11 24 43 9 19 23 38 48 26 41 6 3 5 18 42 4 
13 40 34 9 43 2 27 49 6 18 3 24 8 16 19 41 32 15 25 21 5 4 1 14 10 48 42 46 36 39 23 28 37 7 45 33 44 22 17 20 30 31 11 29 38 35 26 47 12 
33 24 38 16 30 49 29 48 40 25 1 23 11 12 26 43 6 37 13 8 18 7 20 22 5 36 21 44 32 3 19 46 31 10 34 39 28 4 41 47 35 42 27 9 17 15 2 14 45 
28 39 1 7 22 12 48 30 9 5 4 42 41 29 36 27 17 40 14 11 31 13 2 35 19 47 45 23 18 26 38 33 6 44 43 25 3 21 49 46 15 32 37 16 34 8 20 24 10 
6 35 37 21 19 32 14 36 31 46 20 22 38 15 24 9 48 44 23 39 47 11 41 28 17 3 26 33 29 16 8 12 42 27 4 5 2 10 45 7 34 18 1 13 49 43 30 40 25 
23 17 31 4 18 25 41 32 7 26 19 44 37 27 42 10 35 3 46 45 20 15 38 40 43 6 34 30 2 14 49 13 9 47 5 29 8 12 16 24 1 11 39 21 22 36 33 48 28 
49 6 27 40 4 36 12 42 11 33 18 16 26 9 35 39 8 31 22 7 1 19 3 47 37 41 14 10 23 29 25 30 28 34 20 2 48 13 44 15 45 17 21 46 24 38 5 43 32 
18 45 25 24 48 47 1 31 35 37 28 7 36 2 14 17 44 46 5 13 21 12 15 11 27 20 6 16 38 4 42 49 10 33 3 26 41 29 32 34 43 39 30 19 8 23 9 22 40 
7 16 13 5 8 33 38 27 20 49 10 34 25 4 15 32 29 30 47 3 41 48 42 45 18 21 46 2 43 24 40 37 14 31 19 35 36 11 9 28 22 23 6 12 26 44 1 17 39 
22 10 43 41 44 37 26 24 3 21 13 32 5 1 28 11 42 45 2 6 19 38 33 36 40 49 23 29 35 9 39 48 8 17 12 27 31 47 14 30 18 46 34 7 4 16 25 15 20 
35 34 2 30 21 46 11 47 23 8 48 12 39 17 40 4 27 43 20 38 25 32 5 31 9 28 24 26 44 41 15 45 36 13 22 16 7 6 1 19 37 10 49 33 18 42 29 3 14 
32 9 29 23 39 15 17 19 38 14 44 43 40 41 18 34 12 26 36 16 49 35 22 13 1 30 8 4 27 21 7 6 46 2 47 20 24 5 42 25 3 33 45 48 10 31 37 28 11 
3 28 42 31 14 19 20 46 22 29 15 45 6 30 23 37 10 33 48 9 24 39 17 34 7 43 44 25 1 5 18 26 11 32 16 40 49 38 4 8 21 12 35 41 47 13 36 27 2 
41 33 39 3 37 18 49 11 12 15 5 46 16 24 6 23 36 4 17 1 8 21 27 20 30 29 38 42 10 28 32 14 19 40 44 7 13 25 22 48 47 45 31 43 35 2 34 9 26 
19 36 30 48 32 5 47 35 45 9 39 1 43 14 3 42 37 38 10 41 13 24 44 6 12 22 33 31 7 11 2 34 16 46 23 4 26 18 21 49 17 28 8 25 20 27 40 29 15 
16 29 45 34 2 44 23 3 42 48 6 30 4 18 20 33 46 21 11 40 15 17 8 43 14 7 25 41 31 35 1 22 13 26 38 9 27 32 10 12 39 36 24 49 19 28 47 5 37 
15 25 14 10 1 6 35 13 33 23 29 19 32 49 16 18 9 34 26 28 27 46 45 3 2 40 4 47 12 36 21 8 43 30 48 38 37 20 5 31 11 24 17 22 7 41 44 39 42 
8 21 17 20 46 24 40 2 10 38 26 37 27 7 31 35 49 32 12 43 22 18 9 15 28 34 36 48 5 6 47 4 25 45 39 44 42 23 19 14 29 41 16 11 30 1 13 33 3 
38 27 7 26 13 43 31 22 8 41 25 20 28 21 44 29 2 19 24 47 45 5 32 10 39 11 1 35 49 17 9 18 3 37 42 46 30 15 40 33 16 34 4 23 36 6 14 12 48 
11 4 9 12 42 28 22 34 44 36 31 17 47 40 48 25 30 5 39 14 7 16 37 19 23 26 13 49 33 20 24 41 27 15 29 8 1 3 2 43 6 35 18 45 21 46 32 10 38 
10 22 33 45 47 23 43 20 19 27 40 29 49 26 17 24 5 25 7 4 46 14 16 21 38 13 11 12 28 15 31 2 44 36 30 6 35 8 3 1 42 37 9 32 48 18 39 34 41 
24 5 44 19 31 41 7 4 30 47 16 2 42 11 39 21 38 23 15 29 32 28 34 8 48 9 27 3 20 18 22 43 40 14 1 12 46 26 25 45 36 49 10 17 33 37 6 13 35 
12 42 20 37 35 29 4 8 14 39 22 21 34 36 13 3 26 9 19 48 2 6 47 32 15 31 30 7 41 25 27 17 23 16 46 11 18 24 33 5 10 44 40 38 28 49 45 1 43 
14 18 48 32 15 27 16 41 25 13 17 28 33 6 45 30 31 42 8 37 44 43 35 46 36 1 2 39 19 12 11 5 49 24 10 21 38 9 34 40 23 7 3 20 29 4 22 26 47 
26 49 11 36 40 39 2 7 24 32 38 3 46 10 34 1 20 28 41 18 14 33 29 23 44 17 37 5 4 48 35 9 45 21 6 47 16 31 13 22 19 43 15 42 25 12 27 30 8 
1 3 46 17 28 38 34 9 15 44 23 18 12 45 33 40 43 47 6 27 35 20 24 41 25 10 49 22 37 42 13 39 7 8 26 48 32 30 29 2 4 14 19 5 16 21 11 36 31 
21 30 6 8 25 13 9 5 43 31 37 35 1 48 12 49 22 36 16 10 11 26 18 42 45 4 40 19 3 34 33 29 47 38 32 41 20 39 27 17 28 15 44 14 2 24 7 23 46 
31 37 4 43 33 45 25 14 46 12 24 10 23 38 21 5 41 17 35 30 28 9 36 2 11 27 32 18 42 7 34 19 39 6 40 3 22 44 15 13 20 16 48 26 1 47 49 8 29 
27 47 5 22 6 7 32 33 37 3 9 15 29 19 11 45 34 49 43 36 26 44 28 17 31 12 10 38 48 8 20 16 4 23 13 14 25 35 24 39 46 1 42 2 41 40 21 18 30 
29 23 49 14 12 40 36 16 28 17 8 47 22 20 1 6 18 2 3 24 9 34 4 30 42 19 48 37 21 45 46 15 26 41 27 31 10 7 43 11 33 5 13 35 32 39 38 25 44 
9 8 35 13 10 42 15 25 2 30 41 40 31 5 38 46 16 14 4 33 48 3 26 39 6 23 43 24 22 32 44 47 12 1 37 36 21 45 28 18 49 29 7 34 27 20 17 11 19 
48 1 41 28 11 3 21 6 27 34 49 36 35 42 10 44 40 29 37 15 39 45 7 5 13 25 16 20 30 33 14 31 18 43 2 19 47 17 26 32 38 8 46 24 9 22 12 4 23 
46 44 16 39 38 34 19 26 18 7 11 4 13 43 47 31 25 8 32 20 23 29 40 33 21 15 22 1 17 49 36 3 24 35 9 42 12 2 48 41 27 30 14 37 6 10 28 45 5 
17 26 18 2 20 30 24 44 21 1 45 39 48 32 7 22 13 27 42 19 12 41 46 49 35 14 47 8 11 10 5 38 29 28 25 23 4 34 37 6 9 40 43 36 15 3 31 16 33 
42 48 8 11 23 26 3 38 29 24 46 14 15 39 41 19 45 13 27 25 34 22 10 16 33 32 7 21 6 40 30 1 35 12 36 28 5 49 18 44 31 4 2 47 37 17 43 20 9 
30 15 19 46 16 21 5 23 36 43 33 49 20 37 22 38 14 12 31 26 4 40 39 9 41 45 35 34 8 47 28 44 2 42 18 24 17 1 11 10 25 48 29 27 13 32 3 7 6 
2 14 12 6 29 20 45 10 16 4 32 26 30 25 9 48 47 7 21 17 40 37 31 44 46 38 5 28 24 13 3 23 34 49 41 15 43 36 39 27 8 22 33 18 42 11 19 35 1 
40 38 22 18 17 35 33 1 34 2 47 6 19 8 29 28 24 39 30 5 16 36 43 12 4 42 3 14 45 27 37 32 20 48 11 13 23 41 46 21 7 9 26 10 31 25 15 44 49 
43 41 36 25 9 4 13 45 5 40 7 27 44 31 8 20 3 10 18 23 37 49 11 1 26 24 19 15 14 38 16 21 33 39 17 32 6 42 35 29 2 47 28 30 12 34 48 46 22 
37 31 32 47 27 1 39 28 48 11 42 41 17 35 46 2 15 6 49 44 33 30 25 29 20 8 18 13 9 43 26 10 22 19 7 34 40 16 12 3 14 38 23 4 5 45 24 21 36 
34 7 24 44 49 10 28 12 13 22 21 9 18 3 32 36 11 35 1 42 43 27 23 48 47 2 17 6 46 31 29 25 5 4 15 45 19 33 30 37 26 20 38 40 39 14 8 41 16 
36 32 10 27 41 17 18 37 49 28 12 11 9 22 25 26 23 16 29 2 42 1 6 7 8 33 20 40 39 19 45 24 21 5 35 30 34 43 31 4 44 3 47 15 14 48 46 38 13 
25 43 40 33 34 48 8 39 47 6 30 5 21 13 37 15 28 18 45 46 3 10 19 4 29 44 12 17 16 1 41 42 38 9 49 22 11 14 36 26 24 2 20 31 23 7 35 32 27 
47 13 28 49 5 16 46 15 4 42 14 38 10 23 43 8 19 11 44 22 30 31 21 24 3 35 39 36 34 37 6 40 32 20 33 18 29 48 7 9 12 27 25 1 45 26 41 2 17 
44 19 21 29 45 31 42 40 26 16 36 48 7 33 49 47 1 20 38 32 10 23 30 25 34 46 41 11 13 2 12 27 15 18 14 17 39 28 8 35 5 6 22 3 43 9 4 37 24 
39 12 26 35 7 22 30 18 41 20 2 25 45 46 4 13 21 24 9 31 17 42 14 27 49 5 15 43 47 44 10 11 48 3 28 1 33 37 38 23 32 19 36 8 40 29 16 6 34 
4 2 23 1 24 9 37 29 32 35 27 8 3 44 5 14 7 41 33 34 6 47 48 38 16 18 28 45 26 46 43 36 17 22 31 49 15 40 20 42 13 25 12 39 11 30 10 19 21 
20 11 15 38 3 14 6 17 1 19 43 31 24 34 27 12 39 48 40 35 36 2 13 26 22 37 9 32 25 23 4 7 30 29 8 10 45 46 47 16 41 21 5 28 44 33 42 49 18 
################proper############## 

 average_time = 1.176572 

 success runs = 1 

 total average iters = 55396.000000 
