Success!!! 
 
 max_col = 
 49 
 
 run_time = 
 0.678268 
 
 once iters = 
 75544 
 
9 42 21 10 1 32 5 12 39 30 19 26 6 47 45 40 28 36 3 44 2 18 43 23 4 46 8 34 27 37 22 7 48 11 33 35 14 31 17 29 20 24 38 15 25 49 41 16 13 
23 13 34 41 7 36 43 5 37 11 25 46 3 1 42 38 12 27 16 15 47 31 45 40 21 24 14 22 9 18 39 29 49 17 6 4 32 30 28 48 44 10 8 19 2 20 35 33 26 
46 30 4 12 24 39 16 48 8 22 15 27 28 42 31 17 41 25 43 29 14 32 13 10 11 1 35 33 5 44 38 2 34 19 20 49 37 26 47 3 9 45 23 40 6 18 36 21 7 
3 35 48 18 25 11 47 33 9 32 29 38 40 20 39 7 30 4 49 19 46 44 37 2 36 15 16 12 41 28 13 26 24 23 8 42 22 6 27 21 43 34 14 1 45 5 17 10 31 
49 45 2 17 6 19 31 36 34 14 21 41 16 18 5 37 20 33 22 26 10 7 48 47 30 27 42 3 1 40 25 43 35 46 32 39 13 15 8 23 11 38 12 44 4 9 29 24 28 
20 40 22 15 27 14 8 35 13 7 44 23 17 45 18 24 32 6 9 11 34 41 25 49 29 26 38 28 36 31 3 10 4 21 42 2 1 12 19 16 33 5 48 39 46 37 30 43 47 
28 38 37 26 44 33 29 10 24 49 43 4 2 31 1 35 8 48 23 13 21 20 5 19 6 39 17 9 14 30 16 15 12 47 45 18 36 7 46 40 41 25 22 11 34 3 27 32 42 
35 4 24 23 43 42 20 11 18 46 12 22 15 6 19 2 9 30 33 39 26 37 21 48 8 17 36 49 45 3 5 34 27 38 28 47 40 41 7 32 10 14 25 16 13 29 31 44 1 
21 48 13 3 41 10 12 2 1 19 17 39 4 16 44 25 31 22 18 43 27 30 40 5 28 9 11 23 35 33 36 8 6 14 15 38 20 46 29 42 24 37 26 45 7 34 32 47 49 
39 36 26 46 40 17 19 7 30 21 3 29 38 9 20 42 23 24 6 32 37 12 35 1 25 4 27 16 13 48 31 41 47 49 10 44 45 28 2 18 34 43 5 8 15 33 11 22 14 
37 29 49 5 2 18 34 24 27 31 8 32 48 41 28 47 16 15 7 14 11 6 38 33 22 45 10 39 20 1 40 12 30 44 4 25 26 21 13 9 17 36 46 42 23 35 19 3 43 
16 31 28 14 22 47 38 20 23 43 40 5 25 10 8 4 29 45 13 1 48 46 42 44 34 2 26 7 17 32 9 11 21 18 39 3 15 35 33 6 49 19 41 27 30 36 12 37 24 
33 44 1 11 9 7 30 42 45 35 14 28 47 36 46 34 49 10 41 12 3 13 20 43 19 31 32 15 29 25 2 16 37 26 24 23 48 22 5 27 8 4 40 21 17 38 6 18 39 
6 32 45 8 15 27 25 13 44 34 49 33 37 26 35 36 38 21 5 17 40 24 29 3 41 14 18 47 23 19 43 22 7 42 46 1 11 39 16 31 12 30 10 4 28 48 2 9 20 
26 16 6 19 47 21 44 37 10 48 1 45 46 32 43 3 11 9 29 24 39 17 22 28 27 42 20 38 15 41 18 4 25 8 2 31 30 5 34 35 14 12 7 49 40 13 33 36 23 
25 20 8 24 34 46 36 14 6 40 27 3 31 39 33 41 35 13 15 21 1 16 32 30 49 11 5 44 48 42 7 9 26 12 29 22 28 38 10 4 45 23 43 2 19 47 18 17 37 
27 39 14 29 13 48 2 18 12 36 28 9 5 4 37 44 46 7 20 23 31 21 47 35 1 10 41 24 43 22 6 3 17 45 49 11 16 33 26 19 40 8 32 30 38 25 42 15 34 
4 10 12 33 38 15 28 41 19 24 34 47 7 43 14 49 25 16 32 40 17 48 2 31 46 29 23 45 11 13 44 27 20 37 30 21 3 42 36 1 18 9 39 35 5 8 22 26 6 
18 23 31 1 37 30 40 49 17 38 33 16 22 13 10 5 34 28 45 42 6 9 8 26 15 12 43 25 21 35 47 32 19 39 36 29 46 2 20 44 27 7 4 14 11 24 3 48 41 
17 3 11 42 5 49 35 15 26 44 23 8 20 2 48 30 4 47 36 22 19 34 33 7 37 40 39 18 31 38 28 46 1 16 14 41 43 25 32 24 13 6 21 29 12 45 10 27 9 
7 22 41 43 45 9 32 25 21 29 35 30 42 11 26 18 27 2 12 38 8 14 36 4 3 13 19 6 10 34 33 24 23 5 40 48 39 17 15 37 47 49 1 46 44 28 20 31 16 
30 37 17 22 12 25 3 8 36 9 13 6 27 15 16 29 1 49 10 20 7 23 34 39 14 48 47 40 26 11 21 38 44 28 19 5 41 24 4 33 2 42 45 43 31 32 46 35 18 
43 27 16 48 35 23 15 19 38 3 32 12 18 30 2 22 39 26 42 28 33 4 11 36 31 20 21 29 34 9 14 13 5 1 47 45 10 44 37 7 46 40 17 24 49 6 8 41 25 
44 34 29 49 20 38 6 39 46 26 2 7 33 37 12 48 17 40 14 45 5 1 27 8 43 25 30 41 16 36 35 42 18 24 3 9 21 32 22 15 31 11 28 13 47 10 23 19 4 
24 21 19 7 26 5 18 4 43 17 16 1 41 29 23 8 3 31 27 37 32 49 46 38 45 33 9 42 2 20 10 40 15 6 25 30 47 13 39 14 28 35 44 12 36 11 48 34 22 
1 2 46 40 32 31 4 22 49 23 11 34 35 5 24 6 18 38 47 36 9 19 26 37 13 28 44 10 8 39 45 30 41 33 17 12 25 16 48 43 29 27 3 7 20 14 21 42 15 
41 14 42 36 8 45 9 47 28 25 24 10 21 48 11 13 15 19 44 4 35 2 17 12 16 18 6 5 32 43 37 31 46 7 22 26 38 34 23 49 3 20 30 33 1 27 40 39 29 
11 47 33 13 39 28 10 45 40 42 20 31 44 14 41 43 21 46 34 25 30 15 7 22 32 3 24 35 49 27 12 23 29 4 48 17 8 18 6 36 19 1 9 38 37 16 26 2 5 
40 18 23 44 31 43 49 9 20 16 45 35 10 25 30 14 37 29 39 47 22 8 12 46 2 6 34 36 33 17 26 5 11 41 7 32 19 1 3 13 38 28 42 48 21 15 24 4 27 
47 17 7 39 21 37 45 6 42 15 30 36 32 27 40 46 2 12 26 10 43 5 4 24 38 16 1 11 19 49 8 35 9 13 23 34 18 14 44 25 48 31 20 3 22 41 28 29 33 
8 24 9 16 33 12 13 21 22 2 7 48 1 28 34 11 42 23 4 49 36 25 3 45 26 35 37 43 6 47 20 44 31 40 18 27 29 10 30 46 15 41 19 17 32 39 14 5 38 
5 6 38 4 46 41 42 40 31 8 26 13 34 33 15 19 44 1 25 48 20 28 10 17 18 47 29 32 24 2 27 39 14 3 16 36 7 23 43 45 22 21 37 9 35 30 49 12 11 
32 11 35 28 30 20 22 38 41 37 5 19 23 44 17 9 45 3 21 27 24 33 49 13 39 7 15 14 46 29 48 36 43 25 1 40 4 8 12 47 42 16 31 10 18 26 34 6 2 
15 26 27 25 10 34 48 29 14 39 47 18 49 3 6 16 7 8 38 33 28 22 41 9 44 21 31 19 4 45 42 37 32 30 12 20 24 11 35 2 5 17 13 36 43 40 1 23 46 
29 19 36 2 3 1 14 46 11 12 4 43 24 17 32 31 13 18 35 5 41 42 23 27 48 30 40 20 38 10 34 28 22 15 21 33 6 9 49 26 37 39 16 47 8 44 25 7 45 
14 28 30 6 49 8 21 32 3 1 41 20 29 34 4 39 43 35 31 9 15 45 44 18 33 37 46 48 12 16 11 19 36 22 26 10 2 27 24 5 23 13 47 25 42 7 38 40 17 
12 9 40 34 19 26 41 30 7 28 36 21 43 46 47 10 14 20 17 3 45 29 15 42 5 38 49 13 39 24 23 6 33 32 37 8 31 4 25 11 16 48 2 18 27 22 44 1 35 
13 7 10 20 11 16 1 31 25 45 22 15 12 40 21 33 5 37 24 2 42 36 39 32 17 23 4 26 44 8 46 49 38 35 27 19 34 47 18 28 30 3 6 41 29 43 9 14 48 
48 15 25 47 36 2 33 17 4 27 37 44 19 49 29 23 22 32 46 6 13 11 28 21 10 34 3 31 40 7 1 18 45 43 9 14 42 20 41 38 35 26 24 5 16 12 39 30 8 
31 43 32 27 23 4 24 16 2 47 18 42 39 38 25 26 40 11 1 8 44 35 14 20 9 19 12 30 28 5 15 48 13 29 41 7 17 36 45 22 6 33 49 34 10 21 37 46 3 
22 5 39 35 18 44 37 26 48 13 10 24 14 8 49 28 36 34 30 16 38 27 6 41 7 43 25 2 42 21 17 47 3 20 31 15 9 29 40 12 1 46 11 23 33 19 4 45 32 
45 46 3 38 42 29 17 23 33 5 6 11 9 35 27 12 19 41 48 7 18 47 24 16 40 8 22 1 25 4 30 14 2 10 34 43 49 37 21 39 32 44 15 28 26 31 13 20 36 
10 8 44 37 4 6 23 28 32 41 42 25 30 12 7 15 48 5 2 34 49 3 1 14 35 22 13 46 18 26 19 21 16 9 43 24 33 45 11 20 36 29 27 31 39 17 47 38 40 
42 41 5 9 17 40 27 34 15 18 48 2 11 7 3 1 33 43 37 30 23 26 19 6 20 44 45 21 47 14 4 25 10 36 38 28 35 49 31 8 39 22 29 32 24 46 16 13 12 
34 12 43 31 48 13 7 1 16 10 38 40 36 23 9 45 24 44 19 46 25 39 18 11 42 32 28 27 22 6 29 20 8 2 35 37 5 3 14 17 21 47 33 26 41 4 15 49 30 
2 25 18 32 29 22 39 43 35 20 9 14 45 21 38 27 47 17 11 31 4 10 16 34 24 5 33 37 30 12 49 1 28 48 13 46 44 40 42 41 26 15 36 6 3 23 7 8 19 
38 1 15 30 14 35 11 3 5 33 46 49 13 19 22 32 26 42 8 41 16 40 31 29 47 36 7 4 37 23 24 17 39 27 44 6 12 43 9 10 25 18 34 20 48 2 45 28 21 
19 33 47 21 16 24 46 44 29 4 39 17 26 22 36 20 6 14 28 35 12 38 30 25 23 49 2 8 3 15 41 45 40 31 5 13 27 48 1 34 7 32 18 37 9 42 43 11 10 
36 49 20 45 28 3 26 27 47 6 31 37 8 24 13 21 10 39 40 18 29 43 9 15 12 41 48 17 7 46 32 33 42 34 11 16 23 19 38 30 4 2 35 22 14 1 5 25 44 
################proper############## 

 average_time = 0.678268 

 success runs = 1 

 total average iters = 75544.000000 
