Success!!! 
 
 max_col = 
 49 
 
 run_time = 
 0.996470 
 
 once iters = 
 25135 
 
24 32 48 20 42 1 4 40 28 29 41 49 26 31 14 12 39 15 44 23 45 43 19 8 21 11 34 36 22 17 5 3 13 7 18 16 2 47 25 27 10 35 37 33 6 46 9 30 38 
29 18 8 10 30 13 11 4 6 21 5 22 14 48 35 38 40 17 43 19 31 15 25 9 47 39 49 3 33 26 27 1 37 46 20 42 44 45 41 24 12 23 34 36 32 16 2 7 28 
31 37 16 45 19 6 3 17 7 36 8 25 30 42 46 41 4 24 32 13 10 33 23 28 2 38 1 14 15 43 49 40 44 12 47 34 22 21 9 5 11 39 20 26 29 48 35 27 18 
23 22 47 7 14 36 12 2 45 19 3 39 34 10 21 1 28 33 27 20 18 44 46 30 35 24 16 37 41 9 42 8 38 6 29 48 13 40 49 17 26 32 15 25 4 31 11 5 43 
15 9 41 34 33 25 43 24 44 38 18 1 27 46 5 37 29 36 26 3 16 42 13 22 12 32 48 7 4 23 31 11 2 45 35 20 6 19 14 30 28 8 10 47 39 21 49 40 17 
27 21 46 26 35 44 5 12 11 13 15 16 43 32 2 47 9 30 49 8 22 20 17 6 18 40 31 45 19 34 28 25 39 48 10 36 38 29 33 37 7 4 24 42 41 1 14 23 3 
49 28 40 17 39 38 2 35 47 33 20 23 9 37 7 48 25 11 34 42 6 26 27 10 4 5 29 41 16 14 36 30 32 21 24 31 3 46 43 18 1 15 44 45 22 13 19 8 12 
11 40 14 41 21 15 7 43 9 44 33 34 35 36 1 28 23 6 38 12 46 39 18 17 30 19 47 27 24 8 32 42 29 13 45 4 25 16 10 31 20 26 3 2 49 37 5 22 48 
25 23 39 24 2 5 18 16 37 3 11 17 49 15 29 7 30 19 36 31 8 12 1 21 40 43 20 44 14 35 38 27 47 22 4 46 9 28 48 32 33 45 13 6 26 34 10 42 41 
3 8 44 13 26 34 10 14 29 48 6 18 47 21 17 40 20 37 11 24 32 31 45 46 33 4 22 2 49 28 16 36 9 1 39 35 42 30 12 41 38 5 43 7 25 27 23 15 19 
46 30 43 42 12 17 49 22 5 45 31 4 7 40 27 26 13 44 41 39 14 28 3 23 38 6 36 16 25 20 10 2 15 18 48 21 1 37 11 19 34 29 8 9 35 47 24 32 33 
35 38 32 29 37 27 19 46 12 1 10 20 24 2 15 49 3 42 47 16 21 48 14 26 9 8 25 5 30 6 34 17 33 11 41 18 7 23 13 22 44 43 40 4 31 28 36 45 39 
20 4 36 1 16 31 22 13 32 41 19 28 25 30 43 35 2 45 9 33 48 10 29 7 34 15 42 24 21 3 44 26 23 5 37 40 8 27 39 47 6 49 18 14 17 12 38 46 11 
28 6 45 48 47 9 33 42 23 26 27 8 38 39 18 4 5 22 10 34 25 32 37 13 49 35 41 11 46 7 12 19 31 40 43 2 17 3 24 15 36 14 21 1 44 30 20 16 29 
9 2 7 15 27 28 48 8 49 43 23 11 19 38 13 17 14 34 5 40 47 25 42 44 36 37 4 1 39 12 33 10 41 16 22 3 31 24 26 21 45 6 46 32 30 35 18 29 20 
45 35 24 22 36 14 20 28 31 47 2 41 21 5 4 33 27 26 42 25 15 8 43 18 11 16 30 12 17 37 7 46 6 9 32 49 48 34 29 1 39 13 23 38 40 19 3 10 44 
18 12 34 38 13 26 31 1 4 15 42 33 17 29 6 2 41 3 24 28 43 46 49 5 45 20 7 40 35 11 25 44 30 8 19 14 32 9 22 23 47 10 48 39 16 36 27 37 21 
37 19 3 25 32 46 16 10 24 14 34 13 6 7 11 39 44 18 48 1 30 21 41 31 22 2 38 23 20 42 47 49 40 29 27 12 43 35 36 4 5 17 9 28 45 8 15 33 26 
33 41 6 5 8 49 23 48 22 18 40 44 39 20 45 32 37 10 7 21 9 47 34 35 19 29 26 15 3 38 4 14 43 24 36 27 11 25 30 46 16 28 2 13 12 42 17 31 1 
10 44 17 43 4 47 40 26 30 37 16 9 36 12 19 8 31 29 23 46 35 27 48 32 3 14 28 39 1 5 2 13 45 34 21 7 15 33 18 38 42 20 11 49 24 25 41 6 22 
42 11 21 39 1 29 30 3 27 32 25 46 45 35 49 16 22 12 20 38 36 9 24 33 10 17 13 6 18 48 26 23 28 15 31 41 19 44 40 2 8 37 5 43 47 14 7 4 34 
19 47 1 28 48 7 44 5 26 12 30 42 37 43 24 20 45 8 22 11 33 35 40 38 27 3 39 34 6 4 17 31 18 25 14 10 23 32 21 29 46 41 49 15 36 9 13 2 16 
30 26 42 32 10 24 15 23 33 40 22 48 4 19 44 31 12 38 39 36 28 18 2 41 46 45 6 29 34 21 43 37 20 47 3 8 5 49 27 9 13 16 17 11 14 7 1 25 35 
34 16 5 11 40 45 38 29 13 10 44 3 32 8 41 23 18 25 35 15 27 17 31 42 37 48 33 22 12 49 9 28 46 2 1 43 36 4 7 20 14 24 6 19 21 39 47 26 30 
2 13 33 18 6 12 35 20 36 17 47 14 46 27 26 3 49 16 21 7 1 5 10 43 25 9 15 4 44 41 45 22 24 39 30 37 28 48 42 11 40 19 32 23 38 29 8 34 31 
14 36 4 23 46 43 21 39 35 16 49 24 28 25 37 6 48 9 40 2 29 7 44 20 13 12 11 30 32 19 8 5 42 38 26 15 47 1 17 3 31 34 22 18 27 10 33 41 45 
17 31 22 9 25 20 37 38 41 11 21 15 1 45 34 10 43 14 46 5 13 49 36 19 32 23 8 47 29 33 35 16 48 27 7 26 18 12 6 39 30 2 4 44 28 24 40 3 42 
41 39 29 8 49 3 27 34 18 9 7 2 31 6 32 30 42 47 19 17 4 14 28 16 26 1 24 21 11 13 40 15 36 10 23 33 45 22 38 25 35 44 12 20 5 43 37 48 46 
6 24 25 21 11 18 36 31 46 4 12 19 48 41 33 44 26 13 15 14 34 22 7 45 16 10 3 32 40 39 29 9 27 20 5 28 35 2 47 8 37 38 1 30 42 17 43 49 23 
7 48 10 16 17 39 34 33 38 24 36 5 11 23 28 27 6 35 1 47 2 30 4 25 15 31 18 8 26 45 14 43 22 49 42 9 40 13 19 44 3 21 29 41 37 20 46 12 32 
26 15 20 27 31 8 41 6 25 28 9 45 2 1 36 11 38 7 12 18 37 24 35 49 42 46 21 17 13 16 30 32 10 33 34 22 14 39 23 43 29 48 47 5 3 40 44 19 4 
4 43 35 44 23 33 42 37 8 27 17 10 13 49 9 46 21 31 3 30 39 40 6 29 28 34 14 48 38 15 41 47 19 36 12 1 20 5 16 26 32 7 25 24 11 45 22 18 2 
12 29 49 40 5 37 28 47 14 20 35 26 42 18 22 24 17 48 4 32 19 13 39 1 44 41 27 43 23 46 11 21 8 3 2 45 30 6 34 10 15 25 38 16 7 33 31 36 9 
13 1 38 2 3 22 46 32 15 30 39 40 29 34 16 25 8 23 45 43 20 11 33 12 5 47 9 19 37 44 18 7 35 4 6 17 49 41 31 36 24 42 28 48 10 26 21 14 27 
32 45 19 47 9 30 14 44 16 7 43 21 22 3 42 5 10 49 29 41 40 37 26 2 20 36 23 38 31 24 1 48 25 17 28 11 4 18 46 12 27 33 39 35 8 6 34 13 15 
16 10 13 33 34 11 45 19 20 25 38 43 3 24 8 9 15 21 18 4 5 29 22 40 39 26 44 31 47 27 48 41 1 35 49 23 12 14 2 6 17 36 42 37 46 32 30 28 7 
38 46 9 12 7 19 8 49 17 31 4 30 41 28 39 42 34 32 33 6 26 16 15 37 23 18 2 13 10 25 24 45 21 14 11 29 27 20 3 40 43 47 36 22 1 44 48 35 5 
43 17 18 36 41 42 6 27 39 5 26 12 23 22 30 14 11 40 16 35 3 45 38 24 1 49 32 25 28 31 37 29 7 19 9 44 34 15 8 48 21 46 33 10 20 2 4 47 13 
21 25 30 37 29 2 39 7 48 6 1 36 33 16 20 13 47 28 31 49 41 34 12 11 17 27 10 46 5 18 15 4 3 44 38 32 24 42 45 35 22 9 14 40 19 23 26 43 8 
44 3 23 49 24 40 32 11 34 46 29 35 15 47 38 43 36 2 37 10 12 4 30 48 14 21 19 33 8 22 20 6 16 42 13 39 26 7 5 28 41 1 27 31 9 18 45 17 25 
5 27 15 14 28 48 47 18 42 2 45 37 40 13 23 19 24 1 17 22 44 36 20 3 8 7 35 9 43 32 46 39 12 26 33 30 10 11 4 16 25 31 41 21 34 49 29 38 6 
1 20 31 4 22 35 26 21 10 8 14 32 44 9 48 45 46 27 25 29 7 6 5 47 41 28 43 42 2 36 23 34 17 30 40 13 33 38 37 49 19 18 16 3 15 11 12 39 24 
8 49 12 3 18 10 17 15 43 34 24 47 16 33 31 36 19 41 28 45 23 2 9 39 29 42 46 20 7 40 6 38 5 37 44 25 21 26 1 13 4 30 35 27 48 22 32 11 14 
48 34 2 31 15 4 24 36 40 39 46 29 18 44 47 21 7 43 13 26 42 41 32 27 6 22 37 49 45 30 3 20 11 23 25 5 16 17 35 14 9 12 19 8 33 38 28 1 10 
40 14 28 6 38 16 25 9 3 49 48 27 8 26 10 15 1 20 30 44 11 19 47 34 43 33 12 35 42 29 13 18 4 31 46 24 41 36 32 45 23 22 7 17 2 5 39 21 37 
47 33 11 35 43 41 9 30 21 22 32 6 5 14 25 18 16 39 2 37 24 23 8 4 7 44 45 26 36 1 19 12 49 28 17 38 46 10 15 34 48 27 31 29 13 3 42 20 40 
22 42 37 46 44 21 1 25 19 23 13 7 20 11 3 34 35 4 14 48 17 38 16 36 31 30 5 10 27 2 39 24 26 32 15 47 29 8 28 33 18 40 45 12 43 41 6 9 49 
39 5 26 19 20 32 29 45 2 42 28 31 10 17 12 22 33 46 8 27 38 1 11 15 48 13 40 18 9 47 21 35 14 41 16 6 37 43 44 7 49 3 30 34 23 4 25 24 36 
36 7 27 30 45 23 13 41 1 35 37 38 12 4 40 29 32 5 6 9 49 3 21 14 24 25 17 28 48 10 22 33 34 43 8 19 39 31 20 42 2 11 26 46 18 15 16 44 47 
################proper############## 

 average_time = 0.996470 

 success runs = 1 

 total average iters = 25135.000000 
