Success!!! 
 
 max_col = 
 49 
 
 run_time = 
 2.176646 
 
 once iters = 
 128833 
 
11 21 36 8 15 48 31 33 10 49 34 38 7 42 46 9 45 16 1 24 37 27 6 17 18 4 2 28 13 25 39 14 29 20 5 35 30 32 40 47 44 3 43 23 12 41 22 26 19 
46 33 20 41 7 37 17 2 39 48 19 15 43 22 36 8 25 21 49 26 11 32 35 38 30 5 40 31 27 16 34 47 3 44 23 18 4 45 12 42 1 28 24 9 29 6 13 10 14 
28 44 26 1 2 47 35 8 31 5 45 37 24 25 38 10 3 29 34 14 22 49 41 43 23 39 20 13 33 42 9 18 12 46 32 48 17 27 19 6 36 11 7 40 30 16 4 21 15 
10 23 19 22 5 49 12 14 29 13 4 27 18 30 31 32 48 2 40 6 15 26 8 7 9 16 46 21 45 11 24 41 37 28 36 39 38 25 43 20 33 34 3 42 47 17 35 1 44 
40 42 34 29 14 45 30 6 46 44 32 41 11 23 35 12 39 18 47 20 19 15 33 1 3 36 22 25 17 7 48 4 26 21 43 9 16 10 2 24 13 49 27 5 28 37 38 8 31 
25 3 39 24 43 18 9 12 20 17 16 28 40 26 33 27 23 4 42 5 13 47 14 19 10 34 37 44 22 6 30 35 15 38 1 8 31 46 21 7 29 41 45 32 2 11 48 36 49 
6 4 13 16 27 32 38 1 3 47 9 35 21 36 44 43 28 7 41 30 17 48 24 11 29 45 12 42 8 2 40 49 31 19 10 37 22 23 26 14 15 5 39 46 25 20 18 33 34 
34 32 16 40 49 14 39 36 41 25 10 17 47 44 21 26 18 33 7 37 35 3 5 30 12 38 29 8 1 19 46 15 23 45 6 24 13 28 4 43 27 42 9 20 31 2 11 22 48 
13 27 23 37 19 43 46 11 12 32 21 1 45 49 2 34 14 36 22 17 28 33 42 15 31 20 25 24 39 18 8 10 47 16 7 5 48 35 29 41 9 40 4 44 6 3 30 38 26 
21 8 24 48 47 17 6 42 18 15 30 16 14 5 10 4 46 38 25 43 1 7 9 36 19 2 34 27 28 26 41 3 13 22 20 11 32 39 44 31 37 45 23 35 33 49 12 40 29 
4 18 35 26 28 20 10 19 27 46 48 9 8 24 41 16 29 12 11 15 3 6 21 14 49 43 39 37 31 30 32 42 44 33 40 38 1 22 47 23 2 17 25 45 36 7 34 13 5 
5 22 38 12 29 44 2 3 7 39 35 4 33 40 27 20 47 6 19 23 31 13 46 45 11 48 17 26 34 37 21 9 25 24 14 30 18 8 49 36 10 15 42 43 16 1 32 28 41 
15 30 45 36 3 31 42 43 37 29 23 22 26 13 8 49 9 24 48 32 5 41 40 47 28 1 44 16 12 38 2 27 35 4 11 6 14 20 25 33 34 7 17 19 39 21 10 18 46 
7 9 41 33 1 25 11 20 6 2 38 31 28 34 30 42 40 45 44 13 39 10 4 32 22 18 35 23 43 5 36 48 17 49 29 46 12 21 16 3 26 19 15 27 8 47 24 14 37 
36 41 27 19 31 7 33 47 32 16 43 18 13 28 14 46 22 26 12 3 9 39 1 8 48 49 6 45 23 34 10 17 38 11 2 44 42 15 37 4 25 20 21 24 35 30 29 5 40 
23 29 18 14 9 22 47 17 21 45 3 39 30 1 49 35 16 5 37 4 44 19 2 25 36 15 24 33 40 31 12 26 27 7 41 13 10 34 46 48 28 6 20 8 11 32 42 43 38 
44 43 8 34 10 21 1 38 49 9 41 20 36 48 23 19 42 25 13 40 24 11 28 27 37 12 31 46 32 33 18 45 16 47 35 29 7 17 22 30 5 14 26 15 4 39 2 6 3 
32 39 5 6 17 2 16 35 4 24 11 7 12 46 45 38 10 43 8 48 36 34 23 3 13 26 47 29 30 20 42 37 21 15 28 41 9 19 27 49 40 1 44 25 22 14 33 31 18 
12 28 3 20 35 4 24 23 33 19 6 25 42 8 7 15 31 39 32 29 2 5 30 40 14 9 10 41 36 46 22 44 1 48 13 26 47 43 38 11 18 21 37 49 17 27 16 34 45 
49 40 30 11 25 42 45 34 15 10 26 29 37 2 28 18 17 41 27 33 47 38 20 44 32 21 4 22 14 24 6 43 8 5 19 31 39 3 36 35 16 12 46 1 9 48 7 23 13 
38 46 37 13 26 15 48 5 14 40 27 44 22 31 6 1 11 30 21 34 20 17 16 42 43 35 7 18 29 3 49 25 39 9 4 32 2 24 23 8 45 33 28 47 10 36 19 41 12 
20 19 40 45 16 6 3 9 25 31 49 21 32 10 17 13 37 35 2 47 42 24 22 12 46 8 14 38 44 29 28 11 30 41 26 34 15 5 48 39 4 36 33 7 1 18 23 27 43 
17 26 29 7 36 39 32 44 23 4 28 46 2 14 22 3 30 48 9 38 6 31 13 18 5 25 19 49 20 43 1 24 42 40 45 16 11 47 33 27 21 35 41 34 15 10 37 12 8 
18 14 43 30 12 23 37 41 8 7 33 48 16 15 24 44 49 19 5 31 25 29 10 20 47 27 9 34 4 36 17 6 22 35 21 42 3 2 1 40 38 13 32 11 45 26 39 46 28 
27 11 21 49 4 8 28 13 30 3 17 45 5 19 40 33 12 20 16 39 18 1 48 6 41 37 42 2 9 15 47 23 32 25 34 7 46 31 10 26 14 43 38 22 24 29 44 35 36 
48 31 47 35 42 5 44 29 1 38 40 24 6 37 34 11 15 28 36 45 4 43 26 39 7 23 33 30 2 10 27 16 14 3 46 12 41 18 8 9 22 32 13 17 49 19 21 20 25 
41 13 46 25 24 1 34 27 36 22 18 42 35 20 43 7 32 8 26 21 10 44 11 16 4 28 15 40 19 39 31 12 33 37 38 49 23 30 6 45 17 29 47 48 14 5 3 9 2 
9 38 10 2 22 33 15 39 47 26 12 11 34 43 29 14 1 46 23 41 27 35 45 21 17 32 3 36 7 48 13 5 49 8 18 28 44 37 24 19 20 25 31 30 42 40 6 16 4 
24 37 14 28 23 41 18 32 16 8 22 2 27 45 9 48 33 13 4 42 49 25 7 5 44 40 1 3 38 21 29 19 43 30 39 20 26 12 15 10 35 47 6 36 34 46 31 11 17 
39 25 44 15 21 19 27 18 11 34 5 30 9 47 20 41 38 3 43 46 8 37 31 33 16 10 28 32 24 45 4 1 40 12 22 36 6 49 17 29 23 48 2 26 13 35 14 42 7 
22 10 6 46 32 36 4 28 17 23 42 19 49 7 5 45 21 31 14 44 29 30 12 26 20 47 13 48 41 35 37 2 11 18 25 27 40 9 39 34 24 16 1 38 43 15 8 3 33 
47 1 7 5 8 11 26 40 44 41 37 43 39 3 32 25 34 27 6 22 16 14 38 29 35 46 36 4 49 9 23 13 10 17 15 33 21 42 31 18 19 2 30 12 48 28 45 24 20 
29 17 12 42 48 34 43 46 38 1 25 14 10 33 15 36 35 47 18 28 30 23 49 2 24 22 11 39 26 32 16 31 20 6 8 3 45 4 5 13 7 37 40 41 19 9 27 44 21 
45 20 31 9 33 38 13 15 35 12 24 6 4 29 26 2 7 37 17 11 40 18 27 34 21 42 41 19 3 14 5 28 48 36 44 43 8 1 30 25 32 46 10 16 23 22 49 39 47 
2 16 49 3 30 35 40 31 13 20 36 26 48 21 1 39 24 23 10 19 12 45 17 9 15 6 8 43 42 47 7 46 34 27 33 14 28 44 11 38 41 22 5 37 18 4 25 29 32 
31 6 4 21 13 10 20 24 5 11 14 49 44 18 48 28 43 42 35 8 7 16 34 46 40 41 38 1 25 17 15 29 19 2 12 45 37 26 9 22 3 30 36 39 27 33 47 32 23 
43 36 48 47 18 26 14 7 45 28 46 3 1 35 12 29 4 40 39 2 33 20 32 24 8 13 23 17 5 49 11 22 41 31 9 25 19 6 34 44 42 27 16 10 21 38 15 37 30 
16 2 15 17 11 28 8 48 43 21 20 34 23 41 47 30 27 10 46 25 26 12 19 22 42 33 45 6 18 44 14 40 36 1 37 4 49 29 13 32 39 38 35 31 3 24 5 7 9 
33 45 42 38 41 27 25 30 9 37 2 12 29 4 11 31 44 17 24 1 32 36 18 10 39 14 49 7 16 13 20 21 28 26 3 47 5 48 35 15 46 23 34 6 40 8 43 19 22 
30 24 1 44 40 29 7 25 42 27 39 32 15 16 13 37 19 22 20 9 34 4 3 28 26 31 48 5 6 8 35 38 46 23 47 21 36 33 14 2 43 10 12 18 41 45 17 49 11 
19 49 32 39 37 3 5 22 26 36 13 33 31 17 18 23 6 14 15 16 38 21 47 35 27 11 30 9 10 4 43 34 45 42 24 40 20 7 41 28 12 8 29 2 44 25 46 48 1 
35 34 9 23 46 12 22 10 40 6 47 8 19 38 3 5 41 49 45 36 21 2 44 37 25 29 43 15 48 27 33 39 7 32 30 1 24 16 18 17 11 31 14 28 26 13 20 4 42 
42 12 2 10 20 30 49 16 28 35 15 13 17 32 4 40 5 34 31 18 45 8 43 41 1 7 21 11 46 23 25 36 9 29 48 22 27 14 3 37 6 24 19 33 38 44 26 47 39 
3 5 33 43 38 13 41 26 22 18 44 23 25 27 39 24 20 32 29 49 48 42 37 4 45 17 16 12 47 40 19 8 6 14 31 2 35 36 28 46 30 9 11 21 7 34 1 15 10 
1 15 22 18 34 16 36 4 19 43 8 10 38 11 37 47 26 44 30 12 41 46 25 31 33 24 27 20 35 28 3 7 2 13 17 23 29 40 32 21 49 39 48 14 5 42 9 45 6 
14 7 11 27 6 9 29 37 48 42 1 36 46 12 25 17 2 15 38 35 23 40 39 13 34 44 26 47 21 22 45 33 24 10 49 19 43 41 20 5 8 4 18 3 32 31 28 30 16 
26 47 25 4 45 46 19 21 24 30 31 40 41 6 16 22 8 9 33 7 14 28 29 23 2 3 5 10 37 12 38 32 18 39 27 15 34 11 42 1 48 44 49 13 20 43 36 17 35 
37 48 28 32 39 24 21 45 2 14 29 47 20 9 42 6 36 1 3 10 43 22 15 49 38 19 18 35 11 41 44 30 5 34 16 17 33 13 7 12 31 26 8 4 46 23 40 25 27 
8 35 17 31 44 40 23 49 34 33 7 5 3 39 19 21 13 11 28 27 46 9 36 48 6 30 32 14 15 1 26 20 4 43 42 10 25 38 45 16 47 18 22 29 37 12 41 2 24 
################proper############## 

 average_time = 2.176646 

 success runs = 1 

 total average iters = 128833.000000 
