Success!!! 
 
 max_col = 
 49 
 
 run_time = 
 2.406694 
 
 once iters = 
 153117 
 
2 22 13 29 19 32 10 1 43 41 7 11 8 26 24 18 28 17 9 6 35 42 20 34 47 31 16 46 40 5 15 38 33 23 48 3 30 39 4 27 45 36 12 37 21 44 25 14 49 
40 17 5 24 3 43 36 35 20 23 28 47 13 9 4 33 31 26 1 27 22 30 38 11 14 45 2 41 12 46 37 25 21 44 6 8 42 18 7 16 49 10 48 34 15 39 32 19 29 
15 21 47 41 20 9 11 48 19 27 12 38 10 39 16 32 43 13 45 34 49 36 18 24 37 5 6 25 26 1 29 28 17 30 7 23 35 22 46 2 14 44 8 40 31 33 3 42 4 
38 45 37 4 18 33 7 3 32 34 6 2 42 36 25 40 20 11 12 39 10 21 19 17 27 22 28 44 8 31 47 14 41 35 49 5 9 24 48 15 26 29 23 1 30 46 43 16 13 
39 14 34 1 30 46 23 45 5 29 21 31 16 22 19 41 44 3 48 15 8 49 35 4 33 10 13 12 42 36 18 24 43 11 2 32 25 47 6 17 40 37 27 26 20 38 28 9 7 
42 16 8 26 6 49 12 44 17 25 14 37 15 18 21 7 47 23 30 46 2 39 40 1 48 3 29 43 22 9 13 32 27 4 19 33 11 38 31 28 20 34 24 41 5 35 36 10 45 
35 28 44 27 25 48 31 33 40 49 4 46 24 30 37 36 14 29 42 5 38 15 9 26 32 8 7 23 3 20 45 16 39 34 10 1 41 19 21 12 43 13 47 11 22 17 2 6 18 
25 49 23 6 8 24 33 10 45 7 19 34 3 5 20 47 15 43 46 2 14 1 44 39 12 13 31 11 17 48 27 18 35 26 28 37 36 9 16 42 21 40 32 22 4 30 41 29 38 
13 26 11 3 39 10 18 42 12 30 16 35 47 29 31 4 9 36 49 48 17 5 25 32 34 24 21 37 2 15 44 23 38 22 8 6 1 7 43 33 41 20 14 45 28 27 19 46 40 
45 48 2 22 1 20 19 40 36 13 38 14 9 46 27 35 12 21 6 32 23 7 17 47 43 4 49 29 37 30 41 42 16 33 31 26 18 28 15 8 24 25 39 5 10 11 34 3 44 
14 34 38 35 31 41 15 4 25 28 32 20 18 27 26 30 37 44 22 8 5 16 46 3 2 48 40 19 36 12 6 1 11 10 9 29 13 45 17 49 39 47 21 33 43 7 42 23 24 
29 40 46 5 36 42 27 11 49 17 22 41 21 31 1 3 18 19 7 24 16 33 45 28 23 30 26 15 34 32 4 39 13 43 47 48 2 14 44 10 38 35 20 9 37 25 6 12 8 
32 4 9 16 12 37 21 43 8 1 23 24 2 44 45 28 41 33 39 42 29 38 22 36 10 18 35 6 25 40 7 19 20 46 14 27 31 5 3 11 34 30 13 49 48 47 26 17 15 
47 43 17 44 28 7 30 37 33 39 48 26 6 15 38 10 25 40 13 11 34 41 27 42 20 14 9 8 21 29 3 45 49 24 5 46 12 23 32 4 19 22 2 31 35 16 18 1 36 
46 32 22 21 41 15 28 7 2 20 43 8 30 12 18 26 27 31 16 9 11 25 3 19 44 35 14 17 1 34 33 49 36 42 29 47 48 40 13 38 37 5 4 39 23 6 45 24 10 
11 33 10 8 9 17 25 26 23 31 39 36 4 38 7 15 22 41 29 12 48 37 47 30 24 49 42 20 16 6 2 13 5 45 35 19 3 43 1 44 18 21 34 32 14 40 27 28 46 
27 36 16 43 48 47 2 5 37 32 42 13 17 19 30 25 40 34 14 20 6 10 31 8 28 12 33 7 23 41 39 4 15 18 24 22 26 11 45 46 29 49 3 44 1 21 38 35 9 
18 35 1 40 23 3 5 25 46 48 44 15 45 34 2 21 33 8 17 49 43 11 16 38 6 32 4 26 9 28 20 31 10 47 30 14 24 36 39 41 27 42 19 13 29 22 37 7 12 
19 13 49 12 34 29 14 41 16 40 9 10 33 24 36 38 3 1 35 23 28 18 48 21 46 39 27 45 44 37 25 26 22 7 32 30 8 15 2 20 6 4 43 42 17 5 11 31 47 
20 24 7 42 37 4 6 27 22 47 1 28 29 11 39 5 46 10 19 44 45 2 34 23 41 15 43 13 48 14 21 3 12 40 38 17 16 33 9 35 32 31 30 8 36 18 49 26 25 
31 30 26 45 38 44 39 6 21 3 49 18 14 35 13 37 32 24 47 4 42 22 29 40 36 1 5 9 46 11 19 43 8 17 27 12 23 10 34 25 7 28 33 20 41 15 16 2 48 
4 44 36 7 47 40 32 46 34 14 17 29 22 48 9 8 11 30 23 33 24 45 26 12 31 27 18 3 15 19 49 20 6 2 39 38 5 35 25 21 1 43 37 28 13 42 10 41 16 
16 5 14 9 11 39 37 49 6 45 33 1 12 13 28 19 38 47 40 25 36 29 30 43 35 20 48 21 7 27 10 22 3 41 23 44 32 42 18 31 8 24 26 17 46 34 4 15 2 
3 29 12 28 17 26 43 2 7 24 27 32 31 42 41 44 21 16 20 35 13 46 15 22 4 47 34 10 38 45 8 11 25 5 33 40 37 48 36 39 23 14 18 6 49 19 9 30 1 
34 18 41 38 21 30 24 23 15 16 5 19 43 40 22 29 45 46 3 10 1 8 42 33 7 17 11 28 32 26 31 37 14 36 4 13 49 2 12 6 47 9 25 27 39 48 44 20 35 
49 10 25 48 2 22 45 30 28 38 35 44 41 21 15 17 39 42 37 14 31 9 23 6 13 19 32 40 29 43 16 12 18 1 34 4 46 20 26 3 33 27 11 36 47 24 7 8 5 
33 6 15 20 27 19 1 47 11 4 8 39 36 3 32 49 5 48 18 26 12 44 41 2 16 37 25 14 30 13 35 46 24 9 42 10 7 17 22 34 28 45 29 38 40 31 21 43 23 
8 46 31 13 42 23 35 20 10 18 26 9 37 25 43 34 4 6 2 7 27 24 49 5 1 38 36 39 47 21 40 44 28 48 17 16 15 41 29 30 11 19 45 12 3 14 33 32 22 
36 9 4 47 49 34 41 21 18 5 25 7 1 23 29 45 19 32 31 28 46 12 33 37 3 40 15 35 20 39 26 6 44 13 43 24 17 27 8 14 2 38 16 30 42 10 22 48 11 
5 27 19 23 10 11 29 8 44 12 31 49 48 41 17 42 35 9 38 47 3 26 2 16 39 28 22 1 24 4 32 21 7 25 37 45 34 46 30 18 15 6 36 14 33 43 40 13 20 
43 31 21 17 26 14 8 19 30 46 2 22 40 37 10 1 6 5 11 18 33 13 36 48 42 44 20 27 35 38 9 41 47 12 45 49 28 25 23 7 16 32 15 3 24 29 39 4 34 
28 7 20 18 40 2 44 32 24 11 3 42 35 6 34 13 8 39 27 21 37 43 5 14 38 23 45 30 49 22 1 10 29 15 16 9 33 4 47 48 36 26 17 46 12 41 31 25 19 
37 42 32 39 33 1 3 15 13 10 45 16 38 47 48 2 26 4 36 41 25 17 11 18 19 9 24 34 14 23 46 27 30 31 40 43 22 21 20 29 44 12 6 35 7 49 8 5 28 
48 12 45 30 24 38 46 17 29 26 36 33 28 43 40 14 16 49 15 22 20 6 7 10 25 21 47 4 19 42 5 8 34 3 18 41 39 31 37 13 35 11 9 23 32 2 1 44 27 
22 15 35 25 16 6 13 14 4 9 34 27 39 20 23 12 24 7 44 43 30 32 8 46 49 29 41 31 33 17 11 2 48 28 36 42 10 3 19 40 5 1 38 18 45 26 47 37 21 
24 41 18 46 32 5 34 16 27 33 10 43 49 45 11 48 30 20 8 40 26 4 13 15 22 6 3 47 28 44 12 9 19 37 25 7 14 1 35 36 42 39 31 21 2 23 29 38 17 
7 47 42 11 22 21 38 13 35 36 37 4 34 14 3 43 2 12 41 45 44 31 39 27 18 26 46 32 10 16 23 33 1 29 15 20 19 6 28 5 17 8 49 48 25 9 24 40 30 
26 39 48 31 13 12 17 18 1 21 11 30 20 8 42 24 36 28 32 16 7 34 43 35 9 33 37 5 6 2 38 47 40 49 3 15 4 29 10 23 25 46 22 19 44 45 14 27 41 
1 25 3 19 15 8 9 29 48 22 41 6 46 28 49 39 17 35 21 37 4 20 10 44 45 7 23 2 31 24 14 36 42 27 13 11 40 34 38 43 30 16 5 47 18 32 12 33 26 
6 37 29 10 14 35 40 38 26 19 24 25 5 32 47 31 23 27 33 13 18 48 21 41 17 42 1 36 11 7 30 34 4 20 22 2 44 12 49 45 9 3 46 16 8 28 15 39 43 
30 20 33 36 44 27 4 39 42 2 47 12 23 17 6 9 10 14 25 38 15 40 28 49 29 16 19 24 18 8 43 5 45 32 46 31 21 26 41 37 22 48 1 7 11 13 35 34 3 
23 2 28 49 43 45 16 9 31 15 40 3 44 7 5 46 29 22 34 1 19 14 12 25 30 11 8 38 41 35 48 17 26 39 21 18 27 32 24 47 13 33 42 10 6 4 20 36 37 
9 19 24 32 5 28 47 36 14 8 20 21 7 33 46 16 48 25 43 29 41 23 37 45 11 34 44 49 4 18 42 15 31 6 1 35 38 30 40 26 12 17 10 2 27 3 13 22 39 
44 38 43 2 29 18 26 22 39 35 46 17 11 10 8 6 7 15 4 36 21 19 1 13 5 41 12 42 27 25 28 48 9 14 20 34 47 49 33 32 3 23 40 24 16 37 30 45 31 
17 1 30 15 35 25 48 12 3 37 13 40 27 4 44 23 42 18 26 19 39 28 6 31 21 46 38 22 45 49 24 7 32 8 11 36 29 16 14 9 10 2 41 43 34 20 5 47 33 
21 3 6 34 4 13 20 31 47 44 18 5 19 16 12 22 49 45 24 17 32 35 14 9 40 2 30 33 39 10 36 29 23 38 41 28 43 37 27 1 48 15 7 25 26 8 46 11 42 
10 8 40 33 46 36 42 28 38 6 30 48 26 49 14 20 34 2 5 31 47 27 24 7 15 25 17 18 43 3 22 35 37 16 12 39 45 13 11 19 4 41 44 29 9 1 23 21 32 
12 11 39 14 45 16 49 24 41 42 15 23 25 2 33 27 1 37 28 30 9 3 32 29 8 43 10 48 13 47 34 40 46 19 26 21 20 44 5 22 31 7 35 4 38 36 17 18 6 
41 23 27 37 7 31 22 34 9 43 29 45 32 1 35 11 13 38 10 3 40 47 4 20 26 36 39 16 5 33 17 30 2 21 44 25 6 8 42 24 46 18 28 15 19 12 48 49 14 
################proper############## 

 average_time = 2.406694 

 success runs = 1 

 total average iters = 153117.000000 
