Success!!! 
 
 max_col = 
 49 
 
 run_time = 
 1.100257 
 
 once iters = 
 56233 
 
4 16 37 13 17 9 27 26 7 14 18 30 40 21 10 35 28 42 44 29 47 39 34 41 3 49 6 25 1 22 31 8 11 48 20 23 19 24 38 43 2 15 46 5 36 33 32 12 45 
20 10 8 26 45 29 2 5 47 32 28 35 19 13 6 40 9 41 16 24 31 43 18 33 36 22 1 17 23 15 4 27 44 12 34 3 7 46 14 25 37 39 38 30 49 11 21 42 48 
49 32 24 34 21 6 42 27 16 48 20 44 31 17 11 7 19 23 5 2 45 38 4 29 35 46 47 40 30 33 9 39 37 10 26 36 22 13 12 41 18 1 3 8 25 14 28 43 15 
31 19 41 38 18 5 28 2 36 10 46 43 34 9 1 37 25 49 14 33 8 15 44 11 23 12 42 30 17 35 13 40 45 3 7 21 32 4 16 48 29 20 27 26 24 39 47 6 22 
7 48 3 47 43 25 14 12 49 41 45 33 8 15 20 39 26 21 22 30 46 13 10 28 16 27 24 37 18 36 42 2 38 19 32 6 5 17 11 9 44 35 1 29 4 23 34 31 40 
15 12 33 1 22 46 23 6 38 39 11 3 37 25 13 27 36 43 32 4 48 21 7 2 45 31 19 14 24 16 5 47 28 29 41 8 40 34 49 42 26 30 20 17 44 10 18 9 35 
35 36 40 44 30 39 11 22 29 24 1 42 4 23 17 15 12 3 38 34 18 48 26 32 9 20 5 8 43 14 6 21 49 46 25 33 28 27 10 45 47 31 16 2 7 13 37 19 41 
38 7 1 48 3 43 33 19 23 47 13 49 18 45 29 26 44 11 35 9 30 5 25 36 31 41 22 24 6 8 20 37 21 17 27 40 16 42 39 2 14 28 10 32 46 34 15 4 12 
10 35 30 21 47 18 26 28 22 8 33 31 15 6 24 2 34 17 23 16 32 12 43 19 4 29 49 7 46 38 45 5 14 42 13 44 1 11 25 37 20 3 39 27 48 40 36 41 9 
6 11 9 27 14 31 32 41 37 1 40 5 43 4 8 38 22 15 48 21 20 30 45 34 47 17 3 2 39 25 19 18 36 16 29 7 35 12 46 26 24 10 28 49 13 42 44 23 33 
42 44 39 16 15 12 37 46 9 21 3 10 2 29 27 43 41 25 19 6 36 32 33 26 28 13 23 11 4 40 34 7 24 35 49 38 8 48 22 31 5 18 45 14 20 1 17 47 30 
2 34 45 24 28 13 22 20 30 16 38 17 12 35 47 49 42 18 7 31 33 14 9 46 6 40 27 39 15 48 44 1 32 11 10 41 4 36 43 23 19 29 37 25 21 26 3 8 5 
40 29 19 20 25 4 49 24 14 36 39 27 48 44 46 45 3 5 10 12 28 42 1 21 37 18 8 15 31 41 23 43 30 26 22 9 33 47 13 17 34 32 11 6 2 7 38 35 16 
46 5 36 8 41 23 17 32 26 34 25 11 42 7 37 13 1 14 4 39 40 35 48 10 20 16 44 38 12 47 3 28 33 2 9 27 49 30 21 15 45 6 22 24 43 18 31 29 19 
22 1 6 19 29 3 40 47 35 13 5 28 23 16 34 18 4 36 45 42 21 33 20 27 8 14 30 26 41 44 25 49 2 38 11 24 12 39 48 10 32 9 31 15 17 37 46 7 43 
45 26 14 5 13 2 15 33 44 9 27 1 46 3 31 23 40 7 28 11 29 18 22 48 25 10 38 43 32 37 12 4 39 8 30 19 17 6 47 21 41 34 42 16 35 36 20 24 49 
37 25 16 33 23 30 47 18 24 12 29 20 21 2 43 9 10 8 46 5 26 45 32 49 39 4 35 41 34 28 40 17 6 31 48 15 13 3 42 27 7 36 19 11 38 44 22 14 1 
39 38 21 31 10 36 18 49 11 6 41 48 25 43 19 16 32 37 33 17 22 46 13 44 42 23 2 34 14 9 24 15 3 7 35 26 20 5 29 4 1 40 30 12 8 28 27 45 47 
32 42 46 12 4 20 24 34 19 7 31 26 22 8 35 25 49 1 30 44 38 37 36 17 15 3 40 6 13 27 47 10 29 21 18 45 43 28 33 14 16 11 23 48 5 9 41 2 39 
9 17 48 35 7 34 43 4 42 40 15 38 32 14 2 41 20 12 27 47 39 29 16 1 11 24 28 31 36 46 26 45 23 5 19 22 30 18 8 44 49 37 13 3 33 21 6 10 25 
8 28 27 49 44 11 41 10 17 37 36 45 30 39 3 14 6 24 15 48 13 19 12 9 21 47 7 5 16 42 1 20 43 22 33 2 25 35 31 38 23 46 26 4 18 32 29 40 34 
27 45 17 30 42 38 36 1 48 31 22 29 14 49 28 3 21 35 11 43 37 25 6 12 34 9 16 4 44 23 2 13 10 15 8 18 26 41 19 47 33 24 40 20 39 5 7 46 32 
34 4 7 3 33 37 20 45 10 44 43 41 35 5 15 47 18 9 31 8 23 11 19 13 29 39 36 32 38 24 21 22 12 40 42 14 46 2 17 30 28 16 48 1 27 25 26 49 6 
44 9 23 14 8 26 13 30 18 15 34 40 39 38 16 4 29 6 20 25 2 28 5 43 27 37 48 42 33 45 46 11 17 47 31 49 36 32 7 1 3 21 12 41 19 35 10 22 24 
11 39 43 29 19 40 35 36 33 25 32 46 27 24 49 22 30 48 12 10 41 1 23 47 2 26 21 45 5 7 28 3 16 34 14 37 31 15 6 20 8 42 17 44 9 4 13 38 18 
18 41 47 46 1 24 6 23 12 2 19 37 3 42 45 17 7 33 40 26 44 8 38 31 14 30 10 20 27 29 32 9 35 49 4 11 48 22 5 39 25 13 36 28 34 15 43 16 21 
28 2 5 22 12 16 25 21 20 17 9 8 11 26 32 24 13 39 36 14 42 44 35 7 18 15 46 49 19 43 41 30 48 1 6 10 38 45 34 40 27 4 29 47 23 31 33 3 37 
48 49 10 15 31 32 21 13 4 28 6 16 7 47 38 46 5 19 34 1 27 3 41 24 40 33 17 22 26 20 37 25 18 36 39 43 29 9 23 35 12 44 14 42 11 2 45 30 8 
47 14 49 7 36 27 46 25 28 35 42 18 6 10 12 1 15 22 21 38 5 41 30 40 19 11 39 16 37 13 8 33 26 44 45 29 23 20 24 3 4 48 32 34 31 43 9 17 2 
16 20 15 40 38 35 19 43 5 22 2 14 17 11 30 28 31 29 26 36 25 24 37 3 32 48 13 9 10 18 49 34 47 6 21 42 39 7 27 8 46 45 44 23 41 12 1 33 4 
41 24 2 32 48 42 9 8 46 23 12 34 38 30 40 10 43 20 13 45 3 26 17 6 33 25 4 18 28 11 29 36 7 14 1 35 15 21 44 22 31 49 5 37 47 16 19 39 27 
30 21 11 28 39 45 10 31 1 3 37 47 44 41 7 33 8 32 24 35 19 49 27 15 5 2 34 46 48 4 16 38 40 43 23 17 14 25 9 12 36 26 6 13 22 20 42 18 29 
13 6 44 23 37 33 8 9 39 26 4 15 29 40 41 34 47 16 17 18 49 31 14 42 43 21 45 28 20 12 27 35 22 32 5 30 2 10 1 19 11 38 7 36 3 24 25 48 46 
5 31 18 4 26 17 3 48 13 19 7 21 24 20 42 44 23 27 39 37 6 47 29 22 1 35 12 36 9 2 15 41 25 30 46 28 34 43 32 16 40 33 8 38 10 45 49 11 14 
1 43 12 25 34 22 29 16 27 45 49 32 33 36 14 48 11 4 2 46 9 10 8 38 7 44 20 23 42 17 39 31 19 24 3 13 47 37 41 18 6 5 21 40 28 30 35 15 26 
43 23 25 10 5 19 7 44 8 11 35 36 16 22 33 29 2 26 3 40 12 34 15 39 48 42 41 21 49 6 30 46 13 18 24 4 37 1 28 32 17 27 47 9 45 38 14 20 31 
29 13 26 39 46 28 48 37 3 49 47 4 45 12 22 36 24 30 1 41 7 27 40 14 17 43 9 33 25 5 10 44 42 20 38 31 21 19 18 34 15 23 2 35 6 8 16 32 11 
12 15 4 2 6 14 45 39 41 33 10 24 13 31 44 42 16 34 43 27 17 20 49 18 30 38 32 3 40 1 22 23 9 37 36 47 11 26 35 46 48 8 25 21 29 19 5 28 7 
24 3 32 9 11 41 44 29 6 43 30 25 5 18 21 31 39 46 49 23 35 4 28 8 10 45 37 19 47 26 48 16 15 33 12 20 42 14 2 36 38 7 34 22 1 17 40 27 13 
33 37 31 17 40 1 16 14 15 42 21 2 26 34 48 8 38 10 6 20 11 22 47 23 24 7 29 13 3 32 35 19 27 41 28 25 9 49 45 5 43 12 4 18 30 46 39 36 44 
36 30 20 42 27 8 34 38 40 46 23 9 28 48 18 19 14 47 25 32 15 16 2 35 26 5 11 1 45 21 7 29 31 4 17 39 44 33 3 6 13 22 41 43 12 49 24 37 10 
21 22 35 18 49 47 38 7 32 20 17 19 1 27 9 5 45 13 37 28 4 6 46 25 12 36 31 44 2 34 11 14 8 39 43 16 24 40 30 29 10 41 15 33 42 3 48 26 23 
23 40 29 43 2 49 1 42 34 18 8 12 10 46 25 32 37 45 9 19 16 17 11 20 13 28 26 35 7 3 36 48 41 27 47 5 6 44 4 24 39 14 33 31 15 22 30 21 38 
14 47 28 6 32 10 30 17 2 4 48 13 20 19 26 21 46 31 41 7 34 36 3 37 38 1 33 27 22 49 43 24 5 45 15 12 18 8 40 11 9 25 35 39 16 29 23 44 42 
19 46 42 41 20 15 4 35 21 27 44 7 36 37 5 12 17 28 8 13 14 9 39 16 49 6 18 48 29 30 38 32 34 23 2 1 10 31 26 33 22 43 24 45 40 47 11 25 3 
26 8 13 45 24 21 39 40 43 29 14 23 41 33 4 30 27 44 18 49 1 7 42 5 22 32 15 10 11 31 17 12 46 25 16 48 3 38 36 28 35 47 9 19 37 6 2 34 20 
17 33 38 36 9 44 31 11 25 30 16 22 47 32 23 20 48 40 42 3 43 2 24 4 41 34 14 12 35 39 18 6 1 13 37 46 45 29 15 7 21 19 49 10 26 27 8 5 28 
3 18 34 37 16 48 5 15 31 38 26 6 49 28 39 11 35 2 47 22 24 40 21 45 46 19 25 29 8 10 33 42 4 9 44 32 27 23 20 13 30 17 43 7 14 41 12 1 36 
25 27 22 11 35 7 12 3 45 5 24 39 9 1 36 6 33 38 29 15 10 23 31 30 44 8 43 47 21 19 14 26 20 28 40 34 41 16 37 49 42 2 18 46 32 48 4 13 17 
################proper############## 

 average_time = 1.100257 

 success runs = 1 

 total average iters = 56233.000000 
