Success!!! 
 
 max_col = 
 49 
 
 run_time = 
 1.460068 
 
 once iters = 
 78180 
 
25 9 5 21 32 4 16 10 1 20 6 39 2 7 30 24 36 47 33 22 34 31 3 17 13 29 45 15 46 14 12 41 28 48 49 11 44 37 23 35 40 42 19 38 43 18 26 27 8 
33 38 10 46 27 30 7 17 8 14 21 23 45 36 12 19 28 29 15 20 31 44 24 47 18 49 11 41 4 35 37 16 5 13 22 26 43 3 2 1 39 34 9 6 48 40 25 42 32 
1 28 36 17 8 15 48 49 32 13 47 41 29 16 46 3 7 45 40 37 43 25 12 9 42 5 26 34 23 10 19 27 30 39 11 24 22 31 38 18 33 6 4 20 21 35 14 44 2 
42 12 37 35 6 39 44 3 11 15 38 5 9 31 49 2 25 8 18 13 41 32 48 7 28 43 20 1 47 17 24 21 40 34 26 4 19 45 30 16 27 14 29 36 33 46 10 23 22 
49 47 43 29 41 18 24 4 35 48 26 34 46 33 16 44 11 9 23 27 14 37 19 40 10 22 8 21 3 2 38 42 6 31 36 12 20 15 13 17 25 32 28 30 45 5 7 1 39 
26 23 14 34 40 3 2 12 19 44 24 30 37 22 38 42 10 32 4 1 21 33 35 39 27 36 16 6 29 25 20 8 18 43 45 47 5 28 48 9 7 46 41 15 13 11 49 31 17 
31 22 20 19 13 11 45 27 40 42 25 18 43 28 17 26 48 39 5 35 6 2 38 14 4 23 30 46 44 33 32 1 15 7 9 36 21 8 10 49 41 29 37 24 34 16 12 3 47 
17 30 35 16 22 14 18 24 44 26 46 43 11 40 42 15 31 27 34 47 1 8 41 49 12 48 36 3 39 45 23 28 32 20 37 9 13 4 6 10 21 7 38 5 2 19 33 25 29 
23 5 31 47 25 10 6 15 49 30 3 45 38 27 44 46 37 48 22 17 7 11 40 2 20 13 19 42 26 21 33 29 41 16 43 28 36 24 34 12 18 39 14 8 32 1 4 35 9 
11 44 24 27 15 26 37 9 14 22 19 12 48 1 6 20 16 41 43 30 2 28 33 5 25 32 4 10 35 7 36 31 13 8 47 46 3 38 29 40 42 23 39 21 18 49 17 45 34 
39 20 21 33 45 40 36 47 42 8 32 16 41 29 4 14 38 23 35 12 19 7 17 46 24 44 1 18 2 48 10 5 27 9 34 15 25 11 31 43 37 49 13 22 26 30 28 6 3 
2 1 49 9 29 42 19 6 33 10 7 37 34 18 25 32 3 40 21 28 13 16 43 35 26 15 47 39 12 11 44 4 46 38 30 27 45 22 5 8 14 17 48 41 23 31 36 20 24 
13 3 41 48 28 46 34 20 4 17 36 35 23 2 8 29 39 33 11 9 5 6 45 27 38 21 37 31 24 49 14 18 22 40 25 32 26 19 16 30 1 44 7 43 15 12 47 10 42 
38 7 8 4 43 12 32 25 28 31 39 21 5 13 10 36 18 49 26 45 24 9 29 34 23 30 14 22 42 19 1 17 3 6 15 2 47 35 41 48 20 33 40 11 27 44 46 16 37 
14 45 23 42 11 16 5 18 9 36 27 15 17 26 35 38 40 12 24 4 46 47 39 19 30 6 28 48 10 22 34 43 49 21 13 3 29 33 8 31 2 25 44 37 20 7 41 32 1 
32 24 38 3 20 17 29 13 6 23 37 44 1 5 21 33 9 30 41 16 49 43 36 10 14 7 40 8 31 28 45 35 47 25 12 19 42 27 46 15 34 26 22 39 11 48 2 4 18 
36 46 9 25 7 1 27 34 47 39 43 3 31 42 37 18 26 5 19 8 23 41 16 13 21 35 33 44 38 32 48 24 2 15 4 17 11 49 20 22 6 45 10 12 29 14 40 28 30 
19 18 13 26 44 48 31 8 21 40 16 25 28 10 2 47 42 34 20 32 22 38 37 23 9 17 15 27 6 5 29 11 36 46 7 1 39 14 4 41 30 12 45 3 35 24 43 33 49 
6 39 30 15 49 28 33 7 22 46 2 14 12 38 3 48 29 17 44 25 45 4 20 24 5 11 42 32 27 1 8 40 37 41 18 10 35 47 36 13 9 43 16 19 31 21 23 34 26 
22 21 4 8 47 2 35 48 30 11 33 19 20 41 31 43 27 1 10 7 28 12 26 18 29 34 49 45 16 39 17 23 14 42 3 5 38 32 37 24 44 40 36 25 9 13 15 46 6 
40 43 12 37 34 41 10 29 45 35 49 32 24 4 15 39 6 13 14 36 11 46 22 31 2 1 3 25 33 44 30 9 26 19 20 16 28 23 21 7 48 18 42 27 8 47 5 17 38 
12 11 22 2 1 33 39 32 13 9 10 36 7 6 18 37 15 26 42 19 3 21 49 28 45 14 23 5 8 20 4 38 35 27 31 30 34 17 44 29 43 48 46 16 41 25 24 47 40 
28 40 45 10 30 21 26 41 20 33 34 31 35 46 11 9 17 44 36 38 47 42 27 29 19 4 24 13 48 23 3 22 25 37 5 39 7 2 49 32 16 1 8 14 6 15 18 43 12 
35 16 27 20 36 7 9 43 18 2 1 40 49 47 34 21 4 31 12 6 30 26 46 33 17 41 48 38 19 15 13 32 39 45 42 8 14 25 24 37 5 22 3 10 28 23 44 29 11 
29 15 48 24 3 8 47 14 26 16 23 22 21 19 45 5 43 10 32 33 35 39 1 12 44 20 25 11 17 36 46 49 9 18 41 13 6 40 42 4 28 31 30 7 38 2 34 37 27 
5 4 44 31 14 6 17 39 25 3 8 38 42 48 40 7 23 46 16 41 27 30 15 22 34 2 18 37 1 29 28 47 43 24 10 35 33 20 11 26 12 19 32 13 36 9 21 49 45 
37 25 19 43 23 32 41 5 15 45 29 11 30 12 20 13 8 24 28 49 39 40 47 16 36 31 6 7 14 34 26 2 44 33 21 18 9 10 3 27 46 38 35 17 1 42 48 22 4 
18 42 34 13 38 49 46 44 37 24 28 4 27 17 22 25 1 14 29 2 48 35 32 3 8 10 9 43 30 12 40 6 7 11 16 45 23 36 47 21 15 41 26 33 19 20 39 5 31 
7 37 33 6 48 25 22 36 23 12 41 26 44 15 5 45 24 42 47 11 16 10 34 4 35 40 43 30 21 38 18 39 8 49 28 29 46 1 9 2 17 13 31 32 3 27 20 14 19 
45 49 16 40 39 20 14 46 48 43 31 17 6 21 26 1 35 36 13 18 9 27 8 37 33 47 41 2 32 4 25 30 19 3 44 23 10 42 22 28 24 5 12 29 7 34 38 11 15 
44 17 2 41 26 29 4 35 39 28 9 10 40 25 43 49 12 3 27 46 8 48 14 1 7 16 32 24 45 6 31 20 42 23 33 38 15 34 19 47 11 21 5 18 37 36 22 30 13 
27 8 18 30 9 34 15 33 5 29 11 1 13 45 28 31 2 22 37 23 40 19 21 38 6 3 44 49 7 43 47 46 17 26 14 20 32 48 12 39 35 36 24 42 25 4 16 41 10 
3 10 32 23 12 38 11 37 34 4 30 47 8 24 14 41 20 19 39 29 25 5 28 15 31 42 22 17 13 9 2 48 16 36 1 40 49 7 18 6 45 27 33 26 44 43 35 21 46 
47 19 46 36 42 5 43 16 38 27 22 7 18 49 48 10 32 4 17 21 15 20 25 45 39 26 13 9 11 24 41 34 29 12 35 37 31 44 14 33 3 30 2 23 40 6 1 8 28 
24 31 28 1 35 13 21 19 3 32 42 2 14 20 33 6 30 7 38 34 44 29 18 36 11 46 12 23 37 27 22 15 10 5 40 43 16 41 26 25 4 8 17 49 47 39 45 9 48 
20 34 1 18 24 43 30 22 17 47 5 46 10 39 32 28 21 38 8 44 12 23 2 42 3 25 31 33 41 40 15 19 45 29 6 14 48 16 27 36 26 4 11 9 49 37 13 7 35 
9 35 6 14 21 19 28 30 7 18 20 24 32 8 23 27 47 2 48 5 36 34 44 41 46 37 17 12 49 42 16 3 38 22 39 33 1 13 15 45 29 11 25 40 4 10 31 26 43 
46 48 40 11 33 36 8 2 31 6 14 28 4 23 39 35 22 37 25 26 10 45 9 30 1 27 29 16 34 13 21 7 20 44 32 42 41 18 43 38 49 24 15 47 17 3 19 12 5 
41 26 47 12 5 22 42 40 27 25 13 48 33 37 1 16 46 6 30 43 4 15 7 20 49 38 21 19 9 8 11 10 31 28 24 34 2 39 17 3 32 35 18 44 14 45 29 36 23 
10 32 7 49 31 23 13 38 43 21 12 29 15 3 19 40 14 11 45 24 20 18 4 26 48 8 5 47 25 30 35 36 33 1 17 44 37 6 28 46 22 9 34 2 42 41 27 39 16 
15 29 3 39 4 45 25 11 16 34 44 49 19 35 7 17 41 18 9 42 33 36 13 6 22 28 10 14 43 26 27 37 48 2 23 31 12 30 40 5 47 20 1 46 24 8 32 38 21 
16 2 17 44 37 27 38 26 41 1 45 42 36 9 13 34 49 15 3 31 29 24 11 32 43 39 35 40 18 47 5 12 4 14 46 7 8 21 25 23 19 10 20 28 30 22 6 48 33 
4 13 26 28 19 31 49 42 12 37 17 8 47 34 27 11 44 35 7 3 32 1 5 48 16 24 46 20 15 41 43 33 23 10 29 21 40 9 39 14 36 2 6 45 22 38 30 18 25 
8 33 29 7 10 9 20 45 2 5 35 27 22 43 41 12 34 25 31 40 37 17 23 21 32 18 38 4 36 46 6 44 11 30 19 49 24 26 1 42 13 16 47 48 39 28 3 15 14 
21 14 39 38 16 44 3 31 36 7 4 13 25 32 24 8 45 20 6 10 18 22 42 43 15 33 2 28 5 37 9 26 34 17 27 48 30 46 35 19 23 47 49 1 12 29 11 40 41 
34 36 25 45 46 35 12 28 24 19 40 20 26 30 47 23 13 16 49 39 38 3 10 44 41 9 27 29 22 18 42 14 1 4 48 6 17 43 33 11 8 15 21 31 5 32 37 2 7 
43 27 11 5 2 37 40 1 29 38 15 6 39 44 9 22 33 21 46 48 26 14 30 25 47 45 34 35 28 16 49 13 24 32 8 41 18 12 7 20 31 3 23 4 10 17 42 19 36 
48 41 15 22 17 47 1 23 46 49 18 33 3 11 29 30 19 43 2 14 42 13 6 8 37 12 39 36 40 31 7 45 21 35 38 25 4 5 32 44 10 28 27 34 16 26 9 24 20 
30 6 42 32 18 24 23 21 10 41 48 9 16 14 36 4 5 28 1 15 17 49 31 11 40 19 7 26 20 3 39 25 12 47 2 22 27 29 45 34 38 37 43 35 46 33 8 13 44 
################proper############## 

 average_time = 1.460068 

 success runs = 1 

 total average iters = 78180.000000 
