Success!!! 
 
 max_col = 
 49 
 
 run_time = 
 0.702557 
 
 once iters = 
 18241 
 
9 33 49 5 8 21 41 40 10 45 36 17 23 35 12 43 48 44 28 39 13 19 14 46 37 11 16 7 20 18 38 4 42 15 25 24 29 32 34 47 27 31 3 6 2 30 1 26 22 
16 22 47 30 25 45 37 38 41 43 39 2 44 6 29 24 17 49 46 14 1 18 23 40 48 32 35 26 33 3 31 10 5 21 9 4 12 36 8 19 20 7 42 34 13 27 15 11 28 
26 27 44 19 38 10 15 48 13 7 24 28 11 25 20 30 6 41 4 31 21 34 1 49 43 45 22 42 36 47 8 29 12 46 2 39 5 3 35 23 33 18 16 32 17 9 14 40 37 
39 29 46 20 31 35 40 22 47 33 27 32 30 3 23 11 34 25 10 19 7 2 21 12 13 8 6 38 48 14 16 28 43 24 1 15 42 37 26 41 17 9 18 4 5 49 45 44 36 
24 6 34 43 12 2 13 37 14 20 26 1 46 18 36 45 42 15 3 33 5 28 17 27 39 4 25 9 32 41 22 19 35 30 7 16 11 44 10 40 49 21 23 47 29 38 31 8 48 
48 18 28 4 1 23 42 9 49 29 12 16 15 5 8 32 47 27 40 26 35 31 10 36 33 41 30 3 39 17 44 37 34 13 11 22 38 45 14 2 43 6 20 19 25 46 24 7 21 
14 7 11 3 32 36 17 21 19 4 42 8 31 34 16 18 37 9 22 2 38 20 15 44 29 47 24 5 26 23 49 27 6 45 40 46 13 1 25 28 30 48 43 33 35 10 41 39 12 
29 2 23 48 5 20 16 15 43 1 34 36 19 21 38 14 3 30 12 4 11 37 42 47 45 24 18 40 25 6 41 9 7 22 13 10 33 8 49 31 39 46 26 28 44 17 27 35 32 
30 37 1 47 24 28 45 2 4 22 17 18 7 11 10 41 13 5 16 36 29 48 38 33 26 3 19 34 12 27 42 21 44 49 31 35 20 25 6 32 9 23 39 46 40 14 43 15 8 
3 31 12 21 35 43 6 24 42 46 13 37 25 32 1 15 33 45 23 44 39 27 41 8 49 2 17 11 28 20 4 26 29 14 34 48 7 18 40 30 47 16 22 10 38 19 36 5 9 
17 14 39 38 7 11 33 41 40 31 6 29 16 28 21 25 46 26 18 49 20 35 4 32 44 13 9 36 8 10 19 43 23 37 24 42 15 22 5 27 3 12 34 1 30 45 48 2 47 
49 13 9 15 36 42 25 45 3 47 8 38 26 27 31 40 2 48 17 35 28 10 22 5 20 23 43 6 1 30 33 18 46 39 32 34 37 19 21 11 44 14 7 29 4 16 12 24 41 
27 8 40 46 41 18 32 10 44 39 9 35 20 12 19 7 43 34 24 42 22 14 29 30 21 31 1 15 16 5 48 3 47 38 17 45 4 26 13 36 2 28 49 11 23 25 33 37 6 
10 4 26 44 34 19 22 14 48 30 33 49 5 23 37 9 27 47 6 32 8 16 46 25 7 39 28 12 15 2 35 11 40 36 45 17 1 29 38 43 24 41 31 20 21 18 3 13 42 
35 36 13 26 33 8 34 18 37 19 38 6 22 7 44 49 20 21 11 16 15 30 9 31 24 25 48 46 23 32 5 12 14 3 28 43 45 40 41 17 29 2 10 42 27 4 47 1 39 
22 39 32 18 45 47 38 1 2 34 30 11 33 48 9 3 8 37 14 27 12 21 28 17 40 35 13 19 10 46 26 42 20 43 44 36 6 49 4 16 5 24 25 15 41 31 29 23 7 
11 28 41 42 3 17 19 35 32 49 4 31 29 24 26 2 5 36 48 23 47 8 12 20 10 33 34 44 45 21 6 16 37 1 39 13 25 7 27 18 15 38 40 14 22 43 30 9 46 
4 15 20 16 30 7 49 44 39 25 46 14 27 13 6 42 22 1 38 24 40 41 11 45 23 43 32 29 2 19 34 17 31 35 48 8 9 28 33 10 26 47 36 5 37 3 21 12 18 
12 25 31 40 43 44 23 3 5 10 21 9 45 15 35 17 32 28 7 41 18 38 39 14 16 6 36 37 47 49 27 24 4 29 8 19 46 42 20 22 1 30 48 2 26 11 13 33 34 
1 46 37 24 27 14 29 26 20 36 40 12 28 17 45 19 39 10 30 43 33 7 47 42 15 5 4 2 9 22 13 25 41 18 38 31 48 23 11 3 21 34 44 49 16 8 6 32 35 
5 21 10 6 48 9 2 8 23 16 43 47 41 42 34 4 25 13 29 46 31 1 27 18 22 26 3 49 40 7 36 33 30 11 15 14 32 12 39 44 37 35 19 17 20 28 38 45 24 
47 9 22 29 49 26 4 42 15 18 37 3 12 16 7 27 36 17 34 30 43 46 32 39 6 40 5 13 11 45 28 44 38 10 20 23 2 14 19 1 41 8 24 21 31 35 25 48 33 
21 10 43 23 20 40 7 32 29 28 31 25 35 19 47 16 45 8 1 15 37 36 24 2 4 12 49 48 13 42 3 22 26 34 6 5 27 46 18 33 11 39 30 44 9 41 17 38 14 
38 24 25 1 11 15 35 46 22 44 23 20 49 9 18 12 14 31 33 5 48 42 34 19 41 10 47 28 43 16 37 30 21 17 27 3 40 13 29 26 7 4 45 39 32 36 8 6 2 
34 12 17 45 46 31 14 43 24 38 41 48 6 36 4 39 26 42 32 13 2 33 3 9 35 30 7 27 5 8 25 1 19 23 49 28 21 16 22 15 10 44 29 18 11 20 37 47 40 
8 32 19 37 28 6 48 7 30 13 10 45 40 2 25 38 24 3 20 29 23 22 16 1 11 21 44 43 14 33 18 31 39 41 4 47 35 34 17 9 36 42 15 26 46 12 49 27 5 
44 30 2 39 13 41 3 5 33 17 14 27 1 4 49 21 10 6 35 11 19 26 45 15 8 20 38 18 7 29 40 36 9 47 46 32 24 31 12 48 25 37 28 22 34 23 42 43 16 
36 16 33 27 42 5 18 47 8 21 11 39 34 26 22 46 44 40 9 28 41 17 37 23 31 29 14 25 24 35 15 2 48 32 12 38 30 20 43 45 6 49 4 13 19 7 10 3 1 
13 1 27 31 40 25 44 17 38 26 28 43 24 41 11 8 29 16 36 12 34 9 2 22 5 46 45 32 30 4 39 14 49 20 37 33 18 21 15 42 23 3 47 35 48 6 7 19 10 
18 38 24 36 14 34 21 16 7 48 3 19 4 29 28 13 1 22 27 40 46 25 26 37 12 49 23 41 35 9 2 15 10 33 47 44 8 11 30 6 32 5 17 45 39 42 20 31 43 
20 43 6 7 16 22 12 11 9 15 45 34 47 8 42 5 35 14 26 10 4 29 33 3 17 18 21 39 38 31 1 23 32 40 19 25 28 24 37 49 48 13 27 41 36 2 46 30 44 
23 26 3 32 9 33 8 30 27 37 1 42 21 46 17 20 19 18 39 25 49 4 31 28 36 48 40 10 6 44 43 13 11 7 22 41 47 38 2 12 35 45 14 16 15 24 5 34 29 
2 45 42 10 47 46 39 25 18 23 5 13 14 20 15 33 9 7 43 37 24 44 35 6 1 38 27 30 3 28 21 34 36 48 41 29 31 17 16 4 22 19 8 40 12 32 26 49 11 
19 49 30 35 29 4 5 31 12 2 32 40 10 22 48 47 41 23 44 3 6 43 13 7 14 15 11 16 17 24 46 45 8 42 26 9 36 39 1 20 34 27 21 38 33 37 18 28 25 
41 17 15 28 37 48 11 39 6 35 44 33 36 49 30 31 21 38 2 45 32 47 20 34 19 42 8 24 29 25 12 5 18 27 16 40 10 43 7 46 14 26 9 3 1 22 23 4 13 
28 47 48 22 18 12 9 29 31 6 49 15 17 43 2 44 11 46 13 34 25 23 5 35 3 37 42 33 41 40 10 8 45 26 36 30 19 4 24 7 16 32 38 27 14 1 39 21 20 
42 20 4 11 10 37 36 13 35 27 2 26 39 47 32 48 40 24 21 6 14 12 30 16 28 34 41 17 31 1 23 7 22 19 18 49 44 15 3 5 38 25 46 8 43 33 9 29 45 
6 40 21 41 15 3 30 20 36 42 22 4 18 10 27 28 16 33 31 1 17 45 43 38 46 7 26 8 37 34 9 35 24 44 5 11 14 2 48 39 12 29 32 23 47 13 19 25 49 
33 19 7 8 23 32 24 34 1 41 16 30 9 37 3 10 12 35 45 20 26 49 36 4 18 14 15 21 27 38 29 39 2 25 43 6 17 47 46 13 42 40 5 48 28 44 11 22 31 
46 5 45 49 2 13 31 28 11 24 25 21 8 38 41 37 7 43 15 47 9 39 19 48 32 44 29 22 42 12 30 20 16 4 14 27 26 33 23 35 18 1 6 36 10 40 34 17 3 
43 34 35 14 26 29 1 33 45 40 48 5 32 44 39 23 30 19 49 38 42 13 25 24 2 27 10 31 46 11 17 47 3 6 21 37 22 9 36 8 28 20 12 7 18 15 16 41 4 
25 44 38 17 39 16 27 23 46 12 19 7 3 14 5 29 18 4 8 22 36 6 40 11 47 9 20 1 49 13 32 48 15 28 33 21 41 10 45 34 31 43 2 37 24 26 35 42 30 
7 41 5 12 4 27 46 49 28 11 20 10 43 30 24 1 38 39 37 8 16 15 44 21 34 22 31 47 18 48 45 6 25 2 42 26 23 35 32 14 19 33 13 9 3 29 40 36 17 
15 23 8 13 44 1 43 19 17 32 29 22 37 40 33 26 49 20 47 21 10 24 6 41 30 16 2 35 4 39 7 46 27 31 3 18 34 5 9 25 45 36 11 12 42 48 28 14 38 
32 35 29 34 17 49 26 6 25 3 47 24 48 1 40 36 28 2 42 7 27 5 18 13 9 19 46 14 44 15 11 41 33 12 10 20 39 30 31 38 8 22 37 43 45 21 4 16 23 
31 3 14 2 19 30 20 27 16 8 35 44 38 33 13 34 4 32 5 18 45 11 49 26 42 36 12 23 21 37 47 40 1 9 29 7 43 48 28 24 46 17 41 25 6 39 22 10 15 
45 42 16 25 22 24 10 12 34 9 18 23 13 39 43 6 31 11 41 48 3 40 7 29 38 28 37 20 19 36 14 32 17 5 35 1 49 27 44 21 4 15 33 30 8 47 2 46 26 
37 48 36 9 21 39 28 4 26 14 7 41 42 31 46 22 15 12 19 17 30 32 8 10 25 1 33 45 34 43 20 38 13 16 23 2 3 6 47 29 40 11 35 24 49 5 44 18 27 
40 11 18 33 6 38 47 36 21 5 15 46 2 45 14 35 23 29 25 9 44 3 48 43 27 17 39 4 22 26 24 49 28 8 30 12 16 41 42 37 13 10 1 31 7 34 32 20 19 
################proper############## 

 average_time = 0.702557 

 success runs = 1 

 total average iters = 18241.000000 
