Success!!! 
 
 max_col = 
 49 
 
 run_time = 
 1.541226 
 
 once iters = 
 97744 
 
5 26 1 16 2 7 44 10 8 32 6 9 41 33 49 46 4 25 15 27 43 20 11 24 17 18 45 38 21 35 48 39 37 34 14 28 47 29 23 22 30 12 40 42 19 3 36 13 31 
34 35 15 12 10 24 49 20 14 31 39 22 42 26 5 19 18 11 38 17 36 43 25 30 32 48 6 7 28 2 41 33 16 29 46 21 1 3 40 8 13 44 23 4 27 9 37 45 47 
23 18 28 38 32 31 46 24 35 21 13 16 43 12 48 33 45 47 6 14 37 29 41 8 4 3 27 49 30 1 26 42 20 44 40 5 36 7 9 19 34 25 15 11 22 39 17 10 2 
17 6 40 30 37 45 13 29 3 28 5 25 1 11 31 22 10 7 42 44 24 12 33 35 19 34 2 36 47 32 23 9 38 4 43 18 27 16 48 49 39 15 26 8 46 14 21 20 41 
39 29 8 25 33 3 27 23 19 40 46 18 15 4 1 2 34 20 28 9 32 21 13 44 26 22 31 47 10 24 36 49 17 45 5 14 6 11 43 41 42 37 12 38 7 16 35 48 30 
22 11 4 43 36 9 21 47 48 2 37 27 49 38 23 3 41 8 35 30 29 5 16 14 46 42 39 40 13 19 12 7 31 18 15 17 10 45 24 32 20 26 44 25 1 34 28 33 6 
48 42 19 41 47 14 20 7 45 36 34 44 17 30 39 21 26 13 40 12 16 37 15 1 10 28 23 9 8 3 27 11 25 22 6 2 33 38 46 35 31 4 18 49 43 24 32 5 29 
24 22 46 21 17 10 15 27 2 11 32 31 6 7 4 41 37 23 43 8 1 16 49 48 3 9 26 30 35 5 13 38 19 36 25 12 42 44 34 28 33 45 29 47 20 18 39 40 14 
29 27 34 28 9 13 14 43 21 12 48 23 46 20 26 44 33 30 39 6 31 45 35 10 47 7 36 4 40 18 17 16 41 37 1 38 25 19 32 3 5 8 42 15 24 2 49 11 22 
35 33 38 7 11 36 40 37 10 8 30 5 28 16 19 42 25 9 14 29 49 41 12 22 44 24 17 39 48 4 2 32 23 47 45 15 18 20 26 1 46 27 13 3 31 6 34 21 43 
3 43 31 47 4 41 23 38 15 42 25 49 29 45 32 34 2 5 20 16 48 28 14 11 21 46 18 8 33 6 10 26 22 30 27 36 37 13 39 17 40 24 9 1 12 7 19 44 35 
20 16 44 5 48 32 39 26 47 13 18 1 24 14 17 12 27 35 36 15 22 25 19 31 34 40 43 37 3 29 9 8 11 7 42 41 30 2 49 21 6 10 38 33 45 4 46 23 28 
49 37 45 42 19 30 1 39 36 4 33 41 44 22 3 18 7 38 11 28 40 23 27 15 2 6 13 32 34 20 24 31 12 46 21 9 35 47 29 43 48 14 25 5 17 10 26 8 16 
2 25 26 6 18 8 12 3 9 19 35 17 40 34 46 47 21 24 45 10 13 42 20 33 38 1 29 5 43 49 15 44 28 14 39 31 22 23 4 7 16 11 48 36 37 32 30 41 27 
18 47 33 15 38 23 11 48 41 26 43 30 9 31 20 40 5 37 25 3 19 35 8 34 49 17 22 10 36 16 46 21 4 27 12 6 32 24 45 13 1 2 14 7 28 29 44 39 42 
7 20 5 1 8 4 26 12 13 6 38 2 16 47 36 23 35 39 46 45 10 32 40 27 25 44 19 24 41 14 29 37 30 43 48 33 17 9 21 11 28 42 49 18 3 22 31 15 34 
45 32 12 39 27 2 30 21 37 35 22 3 36 15 9 24 17 43 8 4 14 13 38 28 23 29 16 11 49 47 44 20 7 42 33 25 26 31 19 34 18 41 10 48 6 46 5 1 40 
42 28 49 31 34 25 37 17 5 45 44 24 33 18 47 29 32 6 21 22 12 3 1 20 41 14 7 48 38 13 39 35 10 40 9 8 16 4 36 46 15 30 27 43 11 26 23 2 19 
36 14 35 9 40 44 29 46 11 23 19 42 4 25 38 31 13 26 1 18 27 47 39 6 12 37 21 43 17 45 8 15 34 28 2 22 48 49 3 5 10 7 32 24 16 20 41 30 33 
16 24 3 19 22 17 10 1 34 7 28 39 8 27 41 30 49 44 48 42 2 4 45 18 15 33 46 31 32 23 11 25 5 6 26 43 29 40 14 20 35 38 21 37 9 36 47 12 13 
43 46 13 48 6 21 41 49 32 10 14 29 20 40 28 15 16 34 33 11 7 36 30 42 5 26 9 2 24 22 1 3 18 19 31 23 44 27 12 37 47 39 17 45 38 35 8 4 25 
28 1 11 24 29 49 6 41 40 20 27 33 35 46 45 43 36 14 9 25 15 30 47 23 31 8 5 18 26 44 3 4 32 2 38 48 39 17 10 16 7 19 37 22 13 21 42 34 12 
12 34 32 4 41 18 17 19 31 15 1 43 3 24 11 39 29 49 30 48 42 46 28 37 16 21 44 13 9 40 45 6 14 5 47 26 23 35 38 2 36 22 33 10 25 8 27 7 20 
8 38 48 26 45 46 22 44 29 9 2 7 23 21 18 1 28 3 13 33 47 27 34 4 6 15 41 19 16 31 20 10 36 39 35 24 14 37 42 12 25 32 30 17 40 5 11 43 49 
10 31 42 44 7 35 9 16 4 25 47 32 39 37 22 17 38 2 12 26 21 11 3 49 43 36 14 33 46 30 19 18 24 8 13 1 40 34 20 29 27 5 45 41 15 48 6 28 23 
15 30 27 23 20 47 16 14 26 5 11 36 10 49 35 4 44 41 37 7 6 1 48 17 45 12 40 22 29 21 33 43 42 25 34 46 28 18 31 9 8 13 39 32 2 38 24 19 3 
13 3 37 33 14 5 25 28 38 22 12 45 30 6 40 8 19 46 32 20 34 2 10 9 42 39 24 26 23 17 7 27 1 48 49 11 43 15 44 4 41 21 36 35 29 47 16 31 18 
40 39 36 2 21 19 43 18 17 34 8 48 13 42 27 16 24 10 31 5 23 7 32 38 20 35 25 29 37 11 22 28 15 12 41 49 45 6 30 33 3 47 46 26 44 1 4 14 9 
46 48 9 40 35 42 31 30 24 47 20 19 12 41 43 25 39 16 29 13 4 17 23 7 36 45 1 27 44 37 28 5 49 33 11 10 8 32 2 18 38 3 34 21 14 15 22 6 26 
11 2 7 32 44 38 8 34 49 14 16 40 37 17 10 26 48 33 47 19 35 18 6 5 22 41 12 28 31 25 42 29 21 20 4 27 46 39 13 15 43 36 1 9 23 30 3 24 45 
30 15 16 10 13 22 18 5 44 1 23 4 45 39 24 20 42 36 41 21 17 33 43 3 40 49 32 14 12 46 47 34 27 26 7 29 11 48 6 25 9 31 19 28 8 37 2 35 38 
6 23 20 45 12 1 3 15 27 29 10 8 22 48 14 11 40 31 44 49 5 26 37 13 35 2 47 21 18 38 30 41 43 9 36 42 34 28 17 24 19 16 7 39 32 33 25 46 4 
27 41 24 17 26 43 36 42 33 38 9 21 25 32 37 45 3 18 22 46 28 34 31 39 30 11 4 15 19 48 16 2 6 13 8 7 49 1 35 14 23 20 47 40 5 12 10 29 44 
14 19 29 37 49 33 47 13 43 18 3 6 11 28 8 7 1 12 34 2 30 24 9 25 48 10 38 46 45 15 35 23 39 32 22 4 21 5 41 44 26 40 31 27 36 42 20 16 17 
21 4 25 34 39 28 5 36 7 46 31 35 26 2 6 32 23 15 27 38 9 8 44 19 29 16 20 42 1 10 14 17 40 24 3 45 12 30 22 47 37 33 11 13 41 49 43 18 48 
4 9 10 35 42 26 38 25 30 24 45 47 32 8 2 28 15 1 49 23 41 40 29 12 27 19 33 16 5 39 31 22 46 17 44 34 13 21 7 6 11 48 3 20 18 43 14 37 36 
1 45 47 36 46 48 2 31 22 44 42 10 34 3 16 13 14 21 7 37 38 49 5 26 18 20 35 6 25 43 32 40 29 11 19 39 4 41 8 30 24 9 28 23 33 27 12 17 15 
31 5 14 18 30 39 34 35 6 49 41 20 21 1 42 9 46 40 26 36 8 48 24 45 7 43 28 3 15 12 38 13 33 10 16 19 2 22 37 27 17 23 4 44 47 25 29 32 11 
44 13 22 49 16 11 19 2 18 37 29 26 48 5 25 27 43 45 17 39 33 10 4 47 9 31 15 23 20 41 6 14 35 3 30 32 38 46 28 36 12 1 8 34 21 40 7 42 24 
25 40 41 20 3 27 32 33 39 43 15 11 7 23 30 10 12 22 24 35 18 14 17 46 37 13 8 34 2 36 4 48 26 21 28 44 5 42 47 31 45 29 16 6 49 19 9 38 1 
33 21 6 29 28 12 24 40 46 27 17 38 14 9 34 48 20 19 4 32 11 44 36 2 39 25 42 41 7 8 37 1 47 23 18 3 15 26 16 10 49 43 35 31 30 13 45 22 5 
37 17 23 8 43 15 7 4 12 16 36 28 19 13 44 6 47 29 5 31 3 38 22 21 11 32 30 1 27 42 34 45 9 49 24 35 20 25 33 40 14 18 2 46 39 41 48 26 10 
47 44 21 14 23 16 33 9 25 39 7 46 5 29 15 38 6 32 18 34 20 19 26 41 13 27 49 12 42 28 40 24 48 31 10 30 3 8 11 45 22 35 43 2 4 17 1 36 37 
19 7 2 13 5 29 45 8 23 17 40 34 38 43 12 36 9 4 16 24 46 6 42 32 28 30 48 44 11 27 18 47 3 1 37 20 41 10 15 26 21 49 22 14 35 31 33 25 39 
32 12 18 46 31 40 28 11 42 41 21 13 27 36 29 14 22 17 10 1 26 9 2 16 33 47 3 35 4 34 25 30 45 38 20 37 7 43 5 39 44 6 24 19 48 23 15 49 8 
9 49 39 11 1 20 48 6 16 30 24 37 18 44 21 35 8 42 3 41 25 31 7 36 14 23 34 17 22 26 43 46 2 15 29 13 19 33 27 38 4 28 5 12 10 45 40 47 32 
26 36 30 27 25 6 35 22 28 3 4 15 47 10 33 49 31 48 2 40 44 39 21 43 1 38 37 45 14 7 5 19 8 41 17 16 24 12 18 23 32 34 20 29 42 11 13 9 46 
38 10 43 22 24 34 4 45 20 48 49 12 31 19 13 37 30 27 23 47 39 15 46 29 8 5 11 25 6 33 21 36 44 35 32 40 9 14 1 42 2 17 41 16 26 28 18 3 7 
41 8 17 3 15 37 42 32 1 33 26 14 2 35 7 5 11 28 19 43 45 22 18 40 24 4 10 20 39 9 49 12 13 16 23 47 31 36 25 48 29 46 6 30 34 44 38 27 21 
################proper############## 

 average_time = 1.541226 

 success runs = 1 

 total average iters = 97744.000000 
