Success!!! 
 
 max_col = 
 49 
 
 run_time = 
 0.902108 
 
 once iters = 
 33547 
 
30 16 26 18 31 29 24 17 21 37 34 40 35 38 41 5 39 15 36 44 27 28 11 49 19 42 10 33 3 22 8 32 20 25 14 1 2 13 6 12 7 4 48 45 9 23 47 46 43 
9 35 44 40 23 42 27 32 2 29 12 13 46 19 7 26 21 6 11 33 16 45 34 15 37 47 3 8 43 24 41 36 39 18 1 48 5 38 10 49 25 28 20 4 14 30 17 22 31 
25 22 8 6 21 11 19 44 9 20 28 48 27 36 37 43 3 1 47 4 13 14 2 46 5 16 29 39 30 35 34 38 12 40 7 23 45 31 17 18 41 42 33 10 49 26 15 24 32 
39 15 33 13 10 20 2 1 14 49 8 4 22 25 38 17 28 12 46 45 30 32 7 26 6 35 24 18 9 23 48 44 27 31 11 36 21 16 47 40 3 43 19 29 41 42 5 34 37 
4 45 14 1 48 28 46 31 6 26 33 16 7 47 18 23 42 34 8 49 25 9 41 43 27 13 20 22 17 37 2 19 29 5 10 11 15 32 24 35 30 44 3 21 38 39 36 12 40 
41 47 17 7 49 3 38 24 11 15 10 5 43 39 29 32 20 19 48 2 40 31 30 23 25 36 4 12 45 21 42 6 28 33 16 9 26 22 34 46 14 37 18 44 1 27 8 13 35 
5 34 37 12 36 32 43 23 18 42 45 41 30 3 14 10 9 31 35 22 24 21 44 1 48 38 17 40 49 4 47 15 13 46 26 8 39 19 20 29 33 27 25 6 7 11 2 16 28 
47 37 13 22 29 46 42 35 10 2 19 44 23 41 25 6 36 26 7 40 1 16 27 20 34 24 8 32 12 5 30 3 49 9 39 45 4 17 15 28 38 21 14 31 11 33 48 43 18 
11 19 2 20 43 26 28 40 4 5 21 24 33 9 46 47 15 16 23 10 8 18 38 7 12 48 30 36 13 44 27 14 42 34 6 39 25 37 35 22 31 49 41 32 45 1 29 3 17 
36 4 12 21 5 16 45 22 46 14 27 29 28 13 2 34 33 20 9 35 11 15 10 39 17 3 1 6 31 18 37 26 19 24 23 41 7 48 43 8 32 40 47 25 30 44 38 42 49 
1 49 9 30 32 6 25 34 45 17 38 43 16 48 12 44 37 18 41 39 3 46 42 40 13 31 35 28 47 36 21 10 33 4 15 27 29 5 19 14 11 26 24 7 2 22 23 8 20 
48 31 10 38 41 8 23 7 39 1 3 36 32 37 24 13 45 17 4 30 21 44 49 33 9 14 25 19 28 43 29 46 22 11 2 34 12 47 18 20 42 16 15 35 26 5 27 40 6 
18 3 7 27 40 24 34 15 31 6 42 20 47 11 32 49 19 22 14 28 43 37 23 45 29 5 26 21 41 48 35 25 17 8 38 2 33 30 46 10 44 1 36 16 12 9 13 39 4 
17 44 35 33 14 15 39 30 26 12 25 8 49 18 42 29 5 27 38 48 31 22 43 11 41 4 47 2 40 45 20 7 16 1 32 3 24 6 23 9 36 13 46 28 19 34 10 37 21 
6 25 4 29 42 43 1 48 5 8 39 28 34 27 21 37 7 9 49 18 14 24 12 36 26 23 22 20 44 19 3 35 15 45 33 13 17 11 16 32 46 31 38 40 47 41 30 2 10 
8 26 31 46 15 10 17 49 13 36 14 35 25 45 27 20 2 24 32 23 41 43 21 5 16 9 48 44 1 11 39 4 30 12 34 6 40 29 33 38 47 7 37 18 22 3 42 28 19 
7 39 36 37 3 49 21 16 1 32 26 47 20 33 45 19 22 10 30 5 15 41 31 6 40 17 28 4 38 27 23 13 43 42 18 24 14 44 8 48 34 2 35 11 46 29 9 25 12 
16 41 28 5 45 9 32 29 43 40 23 19 11 30 35 3 34 44 33 13 4 42 1 2 47 10 38 15 26 17 31 21 6 14 46 18 36 12 22 25 37 39 8 27 20 24 7 49 48 
40 33 19 14 12 44 47 46 42 24 22 21 2 4 48 28 31 36 25 38 29 11 8 13 45 18 34 30 10 9 16 41 37 7 5 43 49 20 27 1 35 3 39 15 23 6 32 17 26 
24 18 30 35 20 13 11 41 3 10 44 7 38 31 16 12 17 47 6 46 42 29 37 25 32 27 39 14 8 2 40 22 36 48 49 15 28 26 4 23 9 19 1 43 5 21 33 45 34 
38 23 27 48 2 34 22 9 17 18 6 37 15 12 43 1 26 11 40 8 39 49 33 35 46 19 7 3 29 28 25 20 32 47 24 5 30 45 21 42 10 41 13 36 44 16 31 4 14 
32 42 16 15 13 36 26 37 38 21 48 2 40 1 3 4 12 30 43 25 44 20 45 27 8 41 46 23 14 34 7 11 10 6 19 33 18 28 9 39 22 29 49 47 17 31 24 35 5 
23 14 5 44 47 12 8 39 32 7 9 46 4 15 33 35 40 28 22 17 20 3 6 29 49 34 31 11 21 26 24 16 18 27 13 30 48 10 42 36 1 45 2 19 43 37 25 41 38 
20 43 3 34 46 27 49 13 19 44 18 6 8 24 39 31 32 7 2 47 45 12 17 42 36 15 37 48 23 30 33 29 4 35 22 25 38 41 26 11 16 5 10 1 28 14 40 21 9 
33 11 24 4 1 41 31 5 36 16 17 30 45 49 23 9 38 37 18 26 10 2 35 22 44 43 40 25 42 39 32 28 47 20 12 19 6 21 3 7 13 14 27 48 34 8 46 15 29 
22 40 39 17 28 25 18 26 12 27 35 34 29 14 11 21 1 46 24 6 49 7 19 10 4 33 5 16 48 41 38 45 9 15 36 37 43 8 31 44 2 47 23 42 32 20 3 30 13 
37 21 48 45 38 19 35 3 28 25 20 22 10 43 8 41 29 13 42 15 36 26 24 9 30 39 14 47 2 1 5 40 44 49 31 17 34 46 32 4 27 23 7 33 6 18 12 11 16 
29 30 6 10 9 2 7 33 23 31 47 11 41 42 34 16 27 48 19 14 5 13 32 21 28 1 18 38 46 25 43 17 3 37 8 40 20 15 49 24 12 35 26 22 4 45 39 44 36 
13 28 23 39 11 21 9 25 34 46 29 42 44 17 22 14 35 40 45 36 33 1 18 12 10 26 49 7 32 47 15 8 2 19 48 4 37 3 41 16 5 24 31 20 27 43 6 38 30 
44 12 22 2 4 33 30 20 49 43 13 27 3 10 15 42 46 41 37 34 32 38 16 19 14 25 23 45 24 6 9 5 31 28 29 26 47 36 1 21 48 17 11 8 40 35 18 7 39 
45 32 38 19 16 5 37 18 24 4 7 26 6 2 44 30 8 43 28 12 9 47 20 3 35 21 36 27 22 40 1 39 46 23 25 10 11 34 29 31 49 33 17 13 42 15 14 48 41 
42 27 40 25 18 48 3 21 15 33 31 32 19 35 20 2 16 38 10 1 23 5 28 41 22 11 43 37 4 49 12 34 26 36 17 7 8 14 30 13 39 6 9 24 29 46 44 47 45 
15 24 20 31 26 14 29 47 22 9 11 45 1 5 19 48 6 21 17 27 18 40 46 8 39 30 44 34 7 33 10 37 35 13 41 28 42 43 38 2 23 32 12 49 25 4 16 36 3 
46 8 43 36 17 47 6 14 37 41 40 39 12 28 13 25 24 49 5 29 7 4 48 31 33 32 2 9 11 3 44 30 38 16 42 20 22 35 45 27 15 18 34 23 10 19 21 26 1 
35 7 49 41 34 1 10 38 16 48 30 23 36 8 47 11 4 3 39 31 26 6 15 17 42 29 13 24 27 20 45 18 14 21 43 46 44 9 12 19 40 25 5 2 33 28 37 32 22 
10 48 11 9 25 35 15 28 40 39 24 1 5 29 6 27 49 4 21 7 47 36 26 37 31 2 16 43 33 14 17 23 45 22 3 12 41 42 44 30 20 38 32 34 8 13 19 18 46 
21 20 29 42 22 7 16 27 47 35 2 15 18 46 31 33 11 45 34 32 48 23 40 30 3 28 12 41 19 13 36 49 5 43 37 14 9 39 25 26 6 8 4 17 24 38 1 10 44 
27 2 47 8 30 45 33 6 20 38 32 31 48 26 40 24 14 25 44 16 46 35 39 34 21 22 19 17 15 29 4 1 7 41 28 49 13 23 5 3 18 10 43 37 36 12 11 9 42 
31 38 34 43 24 37 5 19 7 45 36 25 17 16 26 22 13 23 1 3 28 10 14 18 20 44 42 29 39 12 11 9 8 32 27 21 46 40 2 33 4 15 30 41 48 49 35 6 47 
3 13 41 32 39 18 12 10 44 11 4 49 9 34 5 36 30 8 20 19 38 27 25 47 7 45 15 46 35 42 6 24 48 26 21 29 16 1 37 17 43 22 40 14 31 2 28 33 23 
49 36 1 23 19 40 14 42 30 3 41 33 37 22 17 18 43 2 12 9 35 8 13 4 38 6 11 5 16 10 46 47 25 44 20 31 32 27 28 34 24 48 45 39 21 7 26 29 15 
26 17 46 28 6 4 44 12 8 13 43 14 21 23 10 39 41 29 15 42 37 33 9 48 24 49 32 1 34 31 18 2 40 38 30 35 19 7 36 47 45 11 16 5 3 25 22 20 27 
34 29 42 16 37 39 4 43 27 23 5 18 24 6 28 38 25 33 31 21 12 30 3 14 11 46 41 26 20 8 22 48 1 10 47 32 35 49 7 15 17 36 44 9 13 40 45 19 2 
43 46 21 49 27 38 48 2 25 22 37 17 14 40 9 7 10 5 3 41 19 34 36 16 1 8 33 35 18 32 26 42 11 39 45 44 31 4 13 6 28 12 29 30 15 47 20 23 24 
2 6 18 47 7 22 20 8 35 30 16 3 42 32 36 46 44 14 29 43 34 19 5 24 23 40 27 13 25 15 28 31 41 17 4 38 10 33 39 45 26 9 21 12 37 48 49 1 11 
14 9 15 24 44 31 41 4 33 19 46 10 26 20 1 40 23 32 13 37 17 48 22 28 2 7 45 42 5 16 49 12 21 29 35 47 3 18 11 43 8 30 6 38 39 36 34 27 25 
19 5 45 26 35 30 40 11 41 34 1 12 31 7 49 15 47 39 16 24 22 17 29 44 43 20 6 10 36 38 13 33 23 2 9 42 27 25 48 37 21 46 28 3 18 32 4 14 8 
12 1 25 3 33 17 36 45 29 28 15 38 13 21 4 8 48 42 27 11 2 39 47 32 18 37 9 49 6 46 14 43 34 30 44 16 23 24 40 5 19 20 22 26 35 10 41 31 7 
28 10 32 11 8 23 13 36 48 47 49 9 39 44 30 45 18 35 26 20 6 25 4 38 15 12 21 31 37 7 19 27 24 3 40 22 1 2 14 41 29 34 42 46 16 17 43 5 33 
################proper############## 

 average_time = 0.902108 

 success runs = 1 

 total average iters = 33547.000000 
