Success!!! 
 
 max_col = 
 49 
 
 run_time = 
 1.853211 
 
 once iters = 
 52013 
 
2 11 28 1 13 12 10 36 49 14 29 43 34 32 35 44 27 40 16 31 42 38 23 6 15 47 33 5 21 45 22 18 19 17 41 8 37 20 4 48 24 7 25 3 9 46 30 39 26 
31 4 17 45 47 15 8 19 23 13 18 11 35 24 20 10 36 29 14 5 48 21 37 3 27 41 40 30 2 42 28 44 46 26 9 32 39 38 43 49 25 34 7 33 22 16 6 1 12 
39 14 44 32 9 6 38 42 10 3 30 12 22 21 33 4 15 46 24 34 37 2 49 48 45 1 25 7 16 23 5 40 29 11 47 28 31 41 36 18 26 27 19 8 35 17 43 20 13 
23 3 41 24 49 29 37 5 28 6 8 44 45 47 32 38 39 26 13 17 25 43 9 18 20 4 46 34 35 10 31 7 33 12 14 22 1 2 16 30 40 19 15 36 21 48 11 27 42 
26 16 22 33 43 35 25 15 31 27 40 2 48 7 23 47 41 3 1 45 19 11 12 36 28 42 14 8 39 20 49 13 30 38 37 44 6 46 10 21 9 17 24 5 34 4 32 18 29 
36 19 21 30 5 27 42 1 46 26 9 17 25 20 22 28 7 11 43 12 18 13 10 39 32 16 29 44 48 6 3 4 8 34 24 45 33 47 14 23 15 35 41 2 40 49 31 38 37 
48 7 40 20 34 18 46 41 4 39 16 37 33 38 30 2 6 49 8 21 9 22 31 35 17 24 19 26 36 1 25 32 15 27 43 12 5 29 13 3 11 42 23 14 47 44 45 28 10 
49 9 30 11 20 4 48 33 16 19 46 31 2 43 8 45 25 42 22 28 47 29 40 34 38 3 41 10 1 36 7 6 35 23 44 24 18 5 15 12 17 13 26 32 27 39 37 21 14 
21 24 29 16 12 46 47 3 6 38 25 34 28 1 17 5 26 20 32 18 13 37 15 9 4 8 42 14 27 48 2 41 39 31 22 43 11 23 49 19 44 10 30 35 45 7 36 33 40 
38 45 5 14 1 34 13 44 18 23 4 47 42 30 39 35 19 43 27 15 40 36 28 24 22 26 49 12 25 8 33 17 21 32 10 16 7 9 29 37 6 46 3 20 31 11 2 48 41 
40 17 33 35 3 37 44 49 26 20 32 24 7 27 10 48 2 14 11 23 4 5 1 31 25 45 18 47 9 19 15 30 16 43 34 36 22 42 21 39 41 28 8 38 46 13 29 12 6 
25 23 39 31 19 42 27 14 8 15 5 22 21 37 41 1 44 6 7 29 36 33 16 30 43 32 17 35 12 13 45 11 38 18 46 3 48 34 2 26 20 40 28 49 4 24 10 47 9 
6 36 10 7 26 28 22 40 48 45 12 29 17 41 49 21 37 9 31 16 30 44 11 19 2 39 13 46 20 47 4 3 24 14 42 35 8 32 1 27 33 38 34 43 5 15 18 25 23 
43 32 2 8 15 41 18 35 11 36 39 9 10 13 12 24 46 33 34 38 3 27 7 21 6 23 20 48 37 26 40 29 5 28 49 4 14 25 47 31 45 30 16 22 44 19 1 42 17 
11 21 8 9 27 26 14 22 1 47 33 16 20 42 31 39 24 34 19 25 35 15 4 38 13 28 3 45 46 30 36 43 7 2 18 37 41 10 12 40 29 49 17 44 48 6 5 23 32 
29 22 13 43 2 16 45 39 24 40 14 25 49 15 37 30 38 8 3 1 28 42 27 26 9 6 35 36 44 34 41 10 17 5 48 19 21 18 33 32 47 23 12 11 7 31 46 4 20 
10 41 46 48 24 3 33 18 36 5 2 27 19 28 47 43 42 23 4 26 11 8 44 25 7 30 16 32 38 14 12 9 40 21 1 39 15 17 20 13 31 6 45 29 49 37 34 35 22 
28 44 42 18 35 1 17 26 30 4 23 32 37 9 48 49 10 41 46 14 15 12 33 43 29 20 34 21 19 39 6 47 45 3 31 38 2 22 5 16 7 11 13 24 36 27 8 40 25 
5 39 19 4 7 23 20 34 3 44 43 21 12 10 29 13 32 45 9 6 17 31 2 46 49 40 48 37 22 27 11 33 26 8 15 1 35 30 25 28 36 24 47 42 38 14 41 16 18 
30 25 49 6 36 38 12 8 7 35 41 45 11 31 27 40 16 44 33 20 22 14 17 47 18 5 23 1 4 29 24 37 28 13 32 46 26 43 9 34 42 48 10 21 3 2 39 19 15 
47 34 31 37 32 40 15 29 38 17 13 46 6 48 2 12 5 18 36 7 21 19 24 11 39 22 10 41 49 16 35 42 23 25 20 27 3 14 45 44 4 8 9 1 28 43 33 26 30 
33 40 24 10 16 44 11 7 17 9 28 15 3 45 26 29 49 13 20 43 6 35 5 23 19 27 31 38 47 21 37 36 18 42 39 2 30 48 34 8 46 32 4 12 41 25 14 22 1 
9 27 26 2 17 31 19 21 22 29 49 4 8 39 5 34 40 35 10 37 14 7 45 20 44 13 11 3 28 12 30 25 32 33 16 23 38 15 24 43 1 41 46 6 18 47 42 36 48 
42 15 4 21 45 22 34 37 35 48 47 23 14 6 1 7 28 12 25 8 31 17 41 10 30 46 36 39 40 2 26 19 43 49 27 33 13 44 11 5 16 18 20 9 32 38 3 29 24 
7 47 6 3 8 49 30 38 12 33 31 18 43 25 24 23 4 22 17 48 32 1 21 42 40 9 28 16 15 35 13 46 41 20 45 29 10 36 19 14 27 39 37 26 2 34 44 11 5 
14 12 23 5 41 32 43 13 40 11 1 36 16 46 9 18 45 19 42 33 38 47 48 37 24 2 8 25 3 44 10 34 4 29 6 31 28 7 26 22 35 20 27 30 39 21 17 15 49 
13 35 37 25 28 48 1 24 20 30 27 10 44 34 46 41 21 15 2 36 39 32 14 49 26 18 43 29 11 38 9 5 31 22 23 47 12 6 42 17 3 4 33 40 16 8 7 45 19 
20 18 38 29 46 36 39 2 42 32 19 26 41 5 16 11 3 47 44 30 27 4 34 33 12 15 22 6 14 7 17 48 1 24 8 21 9 40 37 45 49 25 35 13 10 28 23 43 31 
4 10 12 44 48 8 16 6 32 25 7 33 18 36 43 20 30 5 21 49 26 23 22 29 41 34 9 11 17 31 14 45 42 46 28 40 19 27 3 38 37 2 39 47 15 1 24 13 35 
1 28 43 36 37 5 9 31 44 2 42 49 24 4 18 16 14 39 29 46 34 25 47 17 48 19 38 20 7 3 32 35 12 30 26 15 45 13 41 11 23 33 22 10 6 40 27 8 21 
24 33 20 49 18 39 2 47 27 1 3 14 46 17 36 22 13 28 35 19 7 30 26 4 31 10 12 43 23 40 21 16 37 15 11 9 42 8 44 6 32 29 48 34 25 5 38 41 45 
35 38 32 40 22 19 23 10 21 34 26 8 9 16 42 31 11 17 48 3 12 45 6 14 36 44 27 15 24 49 20 1 13 41 4 25 43 39 30 7 5 47 18 46 29 33 28 37 2 
45 6 34 46 30 7 29 11 19 41 48 20 5 35 15 33 9 2 38 24 23 40 8 1 3 37 32 13 18 43 39 22 27 47 25 14 17 4 28 10 21 31 44 16 26 42 12 49 36 
41 31 27 13 11 21 26 23 39 37 15 30 38 40 44 25 47 32 45 4 1 28 42 16 5 35 2 49 6 33 34 8 10 48 29 18 20 24 22 46 12 36 14 7 43 9 19 17 3 
15 42 25 17 14 47 3 28 45 43 22 13 29 12 6 27 8 37 40 10 41 18 39 7 46 21 24 33 5 9 38 2 44 19 36 26 49 1 48 35 34 16 11 31 23 32 20 30 4 
46 20 18 15 25 17 49 43 33 42 10 6 36 44 40 19 31 27 30 39 8 16 13 22 21 38 37 23 29 24 47 12 48 9 7 11 32 3 35 2 14 45 5 4 1 41 26 34 28 
37 13 7 12 40 24 5 27 15 18 35 1 30 26 21 6 23 4 41 32 43 39 3 2 33 48 44 9 42 28 16 31 11 36 17 34 25 19 46 29 8 22 38 45 14 20 49 10 47 
34 43 14 42 23 9 32 20 5 8 37 7 31 3 28 36 35 38 12 2 16 49 19 45 47 25 4 18 10 22 1 15 6 40 30 17 44 33 27 41 13 26 21 39 11 29 48 24 46 
3 8 47 39 21 2 41 16 29 28 17 48 32 23 11 37 22 25 49 9 46 20 36 27 1 12 7 42 26 4 43 14 34 45 13 10 24 31 38 15 18 5 40 19 33 30 35 6 44 
19 29 48 26 44 11 28 45 34 49 38 40 13 22 14 17 20 10 15 42 33 41 46 8 35 31 30 24 32 5 27 21 2 39 3 6 47 16 23 4 43 1 36 18 37 12 25 9 7 
16 30 35 22 6 45 4 25 2 12 24 41 39 11 13 26 48 1 18 47 29 34 32 40 10 14 5 17 33 46 19 23 49 44 38 20 36 37 7 9 28 21 43 27 42 3 15 31 8 
27 1 36 38 33 10 31 9 47 46 21 19 4 14 7 3 34 24 5 44 45 26 43 15 11 29 6 28 41 18 8 20 25 37 35 48 40 49 39 42 30 12 2 17 13 23 22 32 16 
17 46 9 27 29 13 36 30 41 10 6 42 47 19 25 8 1 16 28 11 20 3 38 44 14 49 15 40 43 32 48 24 22 35 5 7 4 45 18 33 39 37 31 23 12 26 21 2 34 
44 37 3 23 10 20 40 4 9 7 11 5 27 8 19 15 29 31 6 35 2 48 18 12 42 17 39 22 13 41 46 26 36 1 21 30 34 28 32 47 38 43 49 25 24 45 16 14 33 
12 48 45 41 4 30 24 32 14 31 20 39 26 33 38 46 43 36 47 22 5 6 29 28 37 11 21 19 34 17 42 49 3 16 2 13 23 35 40 25 10 44 1 15 8 18 9 7 27 
8 26 15 47 42 25 7 48 43 22 44 38 1 2 34 32 18 21 39 27 24 46 35 5 16 33 45 4 30 37 23 28 9 10 40 49 29 12 31 20 19 14 6 41 17 36 13 3 11 
18 49 11 28 31 43 35 46 13 21 45 3 15 29 4 14 12 48 23 40 10 24 30 41 34 7 1 27 8 25 44 39 20 6 33 42 16 26 17 36 2 9 32 37 19 22 47 5 38 
22 5 1 19 39 14 21 17 25 16 34 35 23 49 45 42 33 7 37 13 44 9 20 32 8 36 26 2 31 15 18 38 47 4 12 41 27 11 6 24 48 3 29 28 30 10 40 46 43 
32 2 16 34 38 33 6 12 37 24 36 28 40 18 3 9 17 30 26 41 49 10 25 13 23 43 47 31 45 11 29 27 14 7 19 5 46 21 8 1 22 15 42 48 20 35 4 44 39 
################proper############## 

 average_time = 1.853211 

 success runs = 1 

 total average iters = 52013.000000 
