Success!!! 
 
 max_col = 
 25 
 
 run_time = 
 0.030648 
 
 once iters = 
 5263 
 
3 21 13 24 8 2 9 6 4 10 18 23 7 19 16 1 12 25 14 11 15 22 5 17 20 
4 5 14 15 10 13 20 12 19 16 22 3 1 25 8 9 2 21 17 24 11 23 7 6 18 
9 12 19 11 25 23 7 24 14 8 17 20 4 21 6 5 16 22 15 18 2 1 3 13 10 
2 23 22 18 16 5 3 15 1 17 12 24 13 9 11 6 4 7 20 10 14 25 19 8 21 
20 6 1 17 7 22 25 21 18 11 10 14 15 5 2 8 13 3 19 23 4 16 9 24 12 
8 14 15 16 23 24 10 1 17 5 20 9 11 13 7 18 21 6 12 22 25 19 4 2 3 
6 22 25 9 12 18 15 11 20 19 8 17 14 3 10 4 1 23 2 13 7 24 21 16 5 
24 11 17 4 1 9 2 3 22 6 21 19 25 16 5 20 8 10 7 15 23 12 18 14 13 
19 13 7 20 5 14 21 16 8 4 2 1 18 12 23 25 24 11 9 3 10 17 6 22 15 
21 3 10 2 18 7 12 13 25 23 4 15 6 22 24 17 14 19 16 5 1 20 8 11 9 
18 10 11 3 14 17 8 20 13 21 15 5 24 6 19 22 25 9 23 4 16 7 2 12 1 
25 20 8 19 9 4 22 7 15 3 1 16 12 10 18 2 17 24 11 14 13 5 23 21 6 
13 2 5 23 21 16 18 25 6 1 7 4 3 11 17 12 10 15 8 20 24 9 14 19 22 
15 1 24 22 4 19 5 14 12 9 13 2 20 23 25 7 18 16 21 6 17 3 11 10 8 
16 17 12 7 6 11 23 2 10 24 9 22 8 14 21 3 5 1 13 19 20 18 25 15 4 
23 19 21 14 2 15 24 22 3 13 25 10 17 8 4 16 6 5 1 9 18 11 12 20 7 
22 16 4 1 15 25 11 18 5 2 6 21 9 7 12 13 23 20 24 17 8 14 10 3 19 
12 18 3 8 24 6 16 10 21 20 19 13 23 2 14 11 22 4 25 7 9 15 1 5 17 
11 25 20 6 17 8 4 9 7 14 3 18 5 24 1 15 19 2 10 12 22 21 13 23 16 
10 7 9 5 13 1 17 19 23 12 16 11 22 20 15 21 3 14 18 8 6 2 24 4 25 
7 24 23 13 11 21 1 17 9 22 5 8 2 18 3 10 15 12 6 16 19 4 20 25 14 
5 9 2 25 22 20 6 4 24 18 14 7 16 15 13 19 11 8 3 21 12 10 17 1 23 
17 15 6 21 20 3 19 23 2 25 24 12 10 4 9 14 7 13 22 1 5 8 16 18 11 
14 8 18 10 3 12 13 5 16 15 11 25 19 1 20 23 9 17 4 2 21 6 22 7 24 
1 4 16 12 19 10 14 8 11 7 23 6 21 17 22 24 20 18 5 25 3 13 15 9 2 
################proper############## 

 average_time = 0.030648 

 success runs = 1 

 total average iters = 5263.000000 
