7
5 30 0 16 41 7 0 48 0 49 0 0 44 6 21 4 0 28 20 0 43 0 0 0 0 0 0 14 38 35 0 9 37 15 23 26 0 0 31 0 32 12 0 36 22 39 19 13 47 
0 0 0 17 2 14 26 20 0 31 10 27 0 15 0 29 0 0 46 25 0 22 43 0 32 48 45 0 21 19 0 33 0 36 11 0 1 30 24 40 13 7 23 0 0 0 0 28 8 
0 4 0 38 32 0 1 0 35 21 0 0 43 33 6 41 5 47 0 49 36 0 7 8 0 16 0 0 26 0 0 0 22 0 40 45 27 34 0 19 9 0 0 11 0 0 14 0 2 
43 23 0 45 0 8 13 0 36 0 0 0 0 0 0 22 0 7 42 32 0 0 41 0 37 21 44 47 0 0 3 0 0 4 14 18 49 39 48 17 28 0 26 0 0 0 27 0 24 
6 0 0 0 0 34 27 23 39 0 0 18 0 0 48 0 0 33 45 9 15 0 29 19 0 28 36 0 10 0 0 0 24 20 5 0 0 3 43 2 16 0 17 0 7 41 35 21 0 
49 11 19 0 18 0 0 26 0 32 0 16 0 7 24 0 0 8 0 30 13 38 0 15 0 2 25 40 0 17 0 46 42 0 0 0 0 6 10 23 20 21 0 0 1 3 34 0 48 
0 0 46 21 0 0 0 0 0 0 0 0 17 41 39 23 26 19 0 14 16 3 0 30 10 1 33 9 0 7 47 18 0 0 0 22 38 11 36 35 44 4 25 49 0 5 0 0 0 
32 24 0 0 40 18 0 27 7 0 0 6 15 16 4 0 0 23 48 0 8 44 0 11 45 0 29 30 0 5 0 0 0 0 0 0 37 0 0 0 0 26 0 17 20 10 39 0 43 
11 0 34 3 0 0 14 0 43 0 48 23 0 0 0 44 35 6 21 45 0 47 0 36 13 7 26 0 40 30 17 0 20 37 15 0 0 19 32 0 5 8 0 0 42 0 0 0 22 
35 0 0 47 26 6 16 0 0 8 32 0 28 0 19 43 0 0 15 0 49 1 0 22 0 0 0 0 7 0 0 11 0 0 0 9 0 0 0 0 0 0 0 0 31 0 40 4 0 
22 0 0 23 0 19 49 0 0 0 0 0 0 42 17 0 11 26 0 0 0 0 0 0 48 46 43 5 0 0 0 0 0 0 32 0 0 0 39 33 30 0 36 0 0 7 0 44 35 
20 43 7 0 0 0 0 45 0 26 0 49 0 14 22 12 0 13 36 24 39 10 40 31 35 8 0 37 3 4 0 41 21 2 0 0 0 0 0 25 6 27 0 33 0 0 23 11 0 
0 37 45 0 0 30 21 39 0 0 33 0 11 22 0 27 7 38 9 0 0 23 25 0 0 6 32 0 0 0 0 48 0 0 36 0 0 47 0 43 0 0 19 5 13 0 26 8 0 
2 0 29 0 8 10 0 3 0 19 36 30 0 35 46 47 1 5 0 0 0 0 14 33 0 0 24 0 0 0 43 26 28 0 0 31 22 0 4 0 23 11 0 0 0 16 0 0 0 
42 40 0 41 0 0 11 8 47 0 0 0 0 0 0 0 6 0 25 48 0 35 5 34 0 0 0 0 0 18 0 0 0 45 12 2 14 23 27 13 0 9 0 39 0 29 0 26 32 
7 0 0 35 0 0 3 0 13 0 0 0 0 0 27 0 0 0 0 17 26 0 0 28 23 10 42 0 41 14 0 47 0 0 0 0 39 0 0 0 0 0 0 18 0 22 31 0 0 
0 0 0 0 0 0 0 15 0 0 28 9 35 39 29 0 45 21 0 0 14 13 38 44 12 0 6 11 42 49 0 20 0 0 0 0 26 0 0 41 34 0 24 0 2 46 5 1 0 
46 0 0 0 34 2 0 17 29 5 0 21 20 0 30 0 24 0 0 0 47 25 33 0 19 0 0 1 0 16 0 35 0 0 0 0 0 38 0 0 36 0 0 0 27 0 44 6 13 
8 0 0 43 0 13 29 44 30 0 0 42 10 0 0 0 0 0 1 0 11 20 39 0 15 0 21 0 0 27 37 0 25 0 0 40 48 49 45 5 0 47 34 0 16 4 0 0 0 
16 1 25 44 36 17 37 0 34 46 49 0 33 27 0 39 23 0 0 13 0 0 48 29 18 0 22 3 0 0 0 0 9 38 0 28 7 31 6 24 35 0 42 0 0 21 0 0 0 
48 15 0 39 0 0 0 0 32 0 14 11 0 0 28 0 0 44 0 0 5 0 46 27 40 47 0 2 13 0 0 0 0 0 34 0 0 0 12 0 42 0 0 30 0 0 0 36 0 
33 36 32 2 29 49 15 10 40 20 0 0 23 46 1 0 22 43 6 0 7 0 47 38 0 0 0 26 0 3 39 4 18 25 30 48 24 27 28 16 0 19 0 41 21 14 0 0 44 
12 0 0 48 45 23 0 19 0 0 0 0 0 0 0 0 0 0 39 21 30 0 0 37 0 0 0 0 44 40 6 0 0 5 0 4 32 7 0 11 0 22 0 10 0 43 36 0 0 
10 0 11 0 20 0 0 43 49 35 0 7 0 21 44 24 0 3 13 0 0 9 0 0 25 0 0 19 16 41 2 0 0 32 38 0 0 5 0 0 39 1 33 8 40 37 30 48 0 
13 0 9 0 7 35 0 5 0 0 27 0 0 0 0 16 41 4 0 26 31 0 1 0 0 3 0 18 0 0 0 0 48 0 21 0 0 44 0 34 33 0 45 0 17 15 28 2 0 
0 16 27 0 0 0 34 0 8 4 11 0 0 0 45 20 2 0 0 42 48 21 15 0 46 30 0 0 0 23 0 0 1 0 31 0 29 18 0 9 10 0 0 0 0 0 12 0 49 
0 3 37 4 0 5 25 0 0 22 15 0 0 9 40 8 38 11 32 35 0 48 0 0 0 39 13 0 47 45 7 27 0 0 49 6 0 0 0 46 41 0 18 24 29 0 16 19 0 
40 0 28 22 21 44 43 18 26 16 13 48 31 0 0 0 0 0 0 5 23 32 0 12 24 0 41 0 17 11 20 29 15 0 0 0 0 0 30 0 0 0 6 0 47 0 4 0 0 
14 26 0 40 0 42 22 30 18 11 20 0 0 0 0 13 0 29 0 0 4 5 19 7 0 45 46 27 32 37 0 44 34 0 47 0 6 0 0 0 0 3 9 21 41 0 0 43 0 
38 0 15 0 23 37 7 36 19 14 16 10 25 17 11 45 0 0 0 34 0 18 35 0 0 40 0 28 0 29 0 42 0 0 0 27 30 0 8 4 43 33 1 44 0 0 0 0 12 
30 0 0 0 0 25 35 0 0 41 0 0 0 0 0 0 0 0 0 46 0 0 0 3 47 0 17 0 23 20 0 0 27 0 7 0 15 1 0 22 14 31 39 28 0 2 0 16 38 
0 0 0 29 10 0 0 46 0 0 40 15 13 0 3 0 0 31 44 19 0 2 23 6 1 41 0 0 0 39 0 0 0 14 0 36 34 0 0 0 0 45 5 0 0 33 0 0 0 
0 0 20 0 3 43 36 42 33 0 21 24 9 0 37 0 12 1 26 10 0 34 0 4 30 0 0 0 0 0 22 25 0 0 8 0 0 0 0 0 0 39 47 0 0 45 46 29 7 
0 19 1 18 49 33 47 0 0 0 3 43 32 8 0 0 48 16 27 28 0 26 0 0 0 12 0 0 0 0 35 2 40 11 46 0 13 0 0 0 21 0 31 20 0 0 10 0 17 
0 0 0 0 39 0 0 0 27 44 31 35 0 0 43 0 32 15 0 0 0 8 0 0 33 42 16 10 1 38 36 17 0 24 3 0 12 46 0 47 37 0 0 0 0 6 22 0 19 
0 9 0 0 0 0 38 25 0 0 0 0 0 5 0 1 0 32 49 0 0 0 0 0 27 19 31 22 11 0 23 0 0 17 0 34 0 0 7 0 29 35 16 47 0 0 0 0 36 
17 45 47 0 46 0 0 32 0 0 0 44 0 0 0 0 13 14 0 0 38 37 6 0 7 5 35 48 0 0 26 0 29 10 19 39 0 0 0 30 24 36 27 23 15 31 0 12 1 
0 13 35 0 30 20 0 2 41 47 0 3 21 0 42 9 46 40 0 0 29 49 44 0 34 15 0 43 33 0 38 0 32 0 16 19 0 22 37 27 45 48 4 25 0 18 17 14 11 
18 0 0 1 0 22 19 49 48 27 29 31 0 0 25 0 0 2 0 0 0 0 0 0 0 0 0 0 20 0 8 37 0 0 4 0 10 0 0 6 11 0 41 0 33 0 0 46 21 
25 0 0 0 0 0 32 33 15 43 22 0 16 0 26 0 0 0 0 7 18 0 30 46 4 0 1 12 2 28 0 0 39 21 9 44 0 40 0 0 17 42 0 6 0 19 0 37 3 
0 0 6 0 0 12 24 0 0 10 17 0 0 0 0 0 0 45 0 0 0 0 0 0 3 25 0 41 15 31 27 0 0 30 18 43 2 26 38 0 0 23 0 7 0 13 29 22 5 
0 44 23 8 0 0 40 4 12 30 35 13 36 0 0 0 0 0 5 31 3 16 0 21 0 0 20 0 22 0 0 0 0 0 0 0 0 0 1 14 25 0 2 0 0 0 48 0 0 
26 0 0 14 0 16 0 0 25 48 7 40 0 36 0 0 0 42 10 47 20 19 13 0 6 0 0 34 12 0 0 31 0 0 22 30 0 8 33 45 18 0 43 0 0 0 0 23 0 
0 7 2 20 0 29 45 0 0 18 0 34 4 32 0 0 27 0 0 6 46 0 42 9 0 24 0 0 0 21 15 38 0 1 43 16 28 0 0 0 0 0 8 14 0 0 33 40 0 
23 46 18 13 0 41 0 0 0 29 39 26 27 0 49 0 4 0 0 0 21 0 0 47 0 0 0 0 0 0 25 0 44 42 10 0 40 0 0 37 48 0 0 0 0 32 38 0 0 
0 49 17 28 0 40 0 0 20 15 24 0 6 3 34 32 0 0 16 0 25 29 31 1 14 0 37 46 45 0 18 36 33 0 13 12 0 0 0 21 0 0 0 0 0 11 0 47 0 
3 6 30 37 25 38 33 0 28 42 9 46 0 0 12 26 0 48 7 0 35 39 2 0 21 4 18 45 0 0 0 0 8 0 0 32 36 0 0 0 47 0 0 29 0 44 13 0 0 
39 34 0 0 0 1 0 0 0 0 23 12 5 19 13 37 0 0 29 0 33 0 16 48 0 38 0 0 6 47 0 0 0 0 20 7 0 0 0 42 27 17 28 0 26 0 18 0 41 
0 47 0 11 15 27 0 13 0 33 0 14 2 0 0 0 0 0 38 0 45 7 32 40 0 0 0 20 0 0 0 19 0 0 37 24 25 35 0 39 31 0 0 1 34 0 21 49 0 
