Success!!! 
 
 max_col = 
 49 
 
 run_time = 
 1.559390 
 
 once iters = 
 96364 
 
43 4 28 32 16 17 37 8 30 45 21 40 48 12 18 6 27 3 39 46 9 10 15 23 33 35 24 22 44 26 14 42 20 38 19 13 36 5 25 47 11 31 41 2 34 7 49 29 1 
21 12 41 20 5 18 11 39 46 2 15 43 26 28 19 42 30 22 13 47 29 1 49 38 9 37 8 7 27 34 36 10 32 40 25 17 23 24 33 44 16 48 45 31 35 4 3 6 14 
47 3 35 48 25 7 36 38 24 18 33 9 31 49 15 10 2 32 11 14 44 28 30 4 17 43 45 16 37 6 8 39 41 29 13 34 20 1 27 46 40 26 12 21 42 23 5 22 19 
42 33 45 6 26 31 2 37 10 47 20 4 35 19 34 38 1 7 8 23 49 3 11 40 21 39 41 27 17 12 22 46 5 16 48 29 30 28 43 32 14 18 44 9 15 24 25 13 36 
9 23 8 19 29 34 22 41 13 17 44 5 14 16 24 20 48 43 21 28 4 31 18 25 6 46 36 32 15 33 30 49 1 7 2 39 42 35 12 3 10 45 40 37 11 26 27 38 47 
13 1 30 40 15 24 14 34 7 27 42 22 23 29 16 41 17 31 37 36 25 26 5 19 47 48 12 44 45 43 3 35 4 28 11 6 38 21 9 49 2 8 10 32 20 18 33 39 46 
10 44 46 38 27 49 39 25 11 32 1 36 3 6 45 35 26 40 12 33 5 14 42 20 29 2 13 34 9 47 31 23 21 18 24 41 19 37 7 4 15 22 16 28 43 30 8 48 17 
33 46 29 28 35 22 41 31 3 43 14 27 4 17 25 32 23 11 15 7 36 39 10 21 1 18 16 2 24 19 45 12 8 37 34 49 6 13 26 38 48 40 9 5 30 20 42 47 44 
40 32 18 47 13 30 4 36 1 15 24 33 28 39 6 21 37 29 46 12 34 20 25 14 7 17 22 9 49 10 16 5 38 27 35 45 8 42 44 31 19 43 48 23 26 2 41 11 3 
34 6 23 31 11 8 42 45 44 35 25 38 21 46 2 9 4 26 49 20 39 27 28 32 19 5 43 13 41 48 15 17 30 14 7 37 22 3 47 12 1 24 29 33 18 36 10 16 40 
1 14 17 39 3 38 21 32 5 12 23 20 49 7 41 47 33 44 19 22 31 15 35 30 42 29 48 46 40 13 26 36 9 2 4 27 25 18 16 11 34 10 8 43 37 6 28 24 45 
36 5 26 27 44 12 24 2 48 34 19 30 13 40 8 28 16 18 3 10 43 23 6 45 11 47 37 41 32 1 42 21 31 33 22 35 9 20 39 17 29 4 25 7 46 38 14 49 15 
7 45 37 43 49 9 19 29 47 16 41 10 11 18 40 24 14 42 27 48 1 38 8 36 26 31 3 12 20 39 44 6 25 23 28 5 32 46 2 30 33 15 22 17 21 13 4 35 34 
15 10 20 2 48 25 16 26 42 22 37 6 8 9 38 5 13 17 35 30 45 44 24 33 40 34 4 49 18 46 43 11 29 47 3 7 14 36 21 28 23 41 31 39 32 12 1 19 27 
5 25 27 4 19 43 33 22 14 10 9 11 30 35 36 45 34 1 41 37 24 12 21 15 16 3 44 39 23 20 28 8 40 48 31 32 7 49 17 26 18 46 2 13 29 47 6 42 38 
29 26 7 46 23 11 45 3 21 38 27 37 20 41 28 43 42 8 48 2 16 18 40 22 25 13 14 33 35 4 1 9 49 15 12 24 31 47 34 5 30 6 36 19 39 17 32 44 10 
30 17 22 1 36 21 9 18 28 23 6 24 39 45 5 25 12 27 10 11 20 32 7 31 4 49 38 8 34 14 47 13 44 19 29 16 35 43 3 42 37 2 26 40 41 15 46 33 48 
38 42 49 8 39 6 13 16 12 25 32 2 40 31 44 46 29 19 22 26 17 47 48 11 30 10 35 1 7 41 37 43 24 3 5 33 28 27 15 21 45 36 14 20 23 9 18 34 4 
3 28 24 34 12 16 44 15 49 36 7 48 47 13 39 23 40 35 33 18 6 42 27 17 2 20 19 5 38 11 46 32 10 26 30 4 1 14 41 25 9 29 21 45 8 31 22 43 37 
2 15 14 41 47 10 40 43 17 33 34 19 44 26 3 49 32 4 31 21 7 29 46 9 37 36 23 45 39 25 18 22 27 6 42 38 13 48 11 20 8 12 1 24 5 16 35 28 30 
20 37 31 18 32 35 48 42 4 5 29 46 1 8 9 14 47 30 38 15 13 34 41 24 43 28 26 6 33 21 17 2 16 45 36 10 39 40 23 22 44 19 27 3 7 49 11 12 25 
46 48 6 7 21 44 5 9 29 41 35 1 19 24 32 18 11 14 42 40 12 45 39 49 3 8 25 37 31 38 33 34 23 20 47 30 2 15 4 36 26 13 28 10 22 27 43 17 16 
12 8 34 36 24 19 32 27 45 28 17 49 38 37 22 3 41 47 2 6 15 48 23 16 46 40 5 10 29 18 11 44 14 4 43 25 21 9 1 33 39 35 20 30 31 42 7 26 13 
14 49 10 45 1 41 29 7 20 30 26 25 2 11 23 36 44 9 16 24 46 17 4 43 31 22 6 35 42 27 5 48 13 21 15 40 47 8 37 19 28 34 33 38 3 32 39 18 12 
37 43 40 3 38 27 31 14 15 48 22 32 12 4 30 34 10 39 29 35 21 13 33 1 36 44 18 20 25 28 19 45 6 17 26 23 49 16 46 24 7 42 5 11 2 8 47 9 41 
23 11 33 26 28 42 18 47 34 44 36 21 16 3 43 7 49 13 5 31 8 30 19 2 15 41 9 38 1 35 40 24 46 22 39 20 12 17 10 29 32 27 4 25 45 48 37 14 6 
4 16 47 22 30 13 25 40 43 39 8 23 6 5 33 1 28 20 26 17 27 11 29 34 14 32 42 24 12 7 2 37 36 9 10 18 48 31 45 41 38 3 46 49 44 19 21 15 35 
17 20 2 35 9 39 15 46 33 13 31 18 42 10 37 48 38 45 25 4 19 7 47 27 12 26 28 21 16 30 49 41 3 8 32 43 11 22 14 6 5 44 34 29 24 1 40 36 23 
39 47 43 37 42 14 7 17 32 26 2 34 9 33 27 40 22 12 23 13 30 24 16 35 20 45 15 19 28 5 25 1 48 36 41 11 3 38 18 8 31 49 6 4 10 46 44 21 29 
16 27 44 25 8 45 23 13 22 40 10 14 43 21 20 4 18 48 28 49 38 33 37 41 32 12 7 47 30 15 6 26 34 11 9 42 46 29 5 1 35 17 24 36 19 3 2 31 39 
32 21 13 29 22 3 28 4 37 46 48 41 45 23 31 8 43 34 47 39 2 49 38 10 18 11 40 36 14 44 20 19 33 42 17 12 26 6 24 15 27 30 7 35 1 25 16 5 9 
11 19 48 17 18 46 20 35 16 3 5 15 7 42 14 29 6 24 9 45 26 4 34 13 27 1 30 25 8 31 21 47 39 10 38 44 37 33 28 2 36 32 43 12 49 40 23 41 22 
6 2 36 30 41 33 26 20 38 19 49 8 29 1 7 37 35 10 17 5 11 21 44 3 23 42 31 43 46 32 12 40 22 24 16 9 34 25 13 14 4 39 15 47 48 28 45 27 18 
24 9 5 10 34 4 38 30 25 31 12 28 27 44 1 16 15 21 36 19 33 2 26 46 22 6 39 29 3 37 23 18 35 43 49 47 45 7 40 48 41 20 13 42 14 11 17 32 8 
49 35 15 12 31 40 1 24 6 11 47 39 18 36 46 44 25 41 32 3 42 5 9 48 8 14 17 28 2 29 7 4 45 13 27 22 43 10 19 23 21 16 37 26 38 33 34 30 20 
31 29 3 33 17 36 34 28 9 42 46 35 5 48 12 15 45 37 30 43 23 16 32 44 13 7 20 18 21 22 41 38 2 25 14 1 24 26 8 39 6 47 11 27 40 10 19 4 49 
26 7 19 11 4 23 35 49 40 21 30 3 22 32 42 13 24 28 20 25 47 41 36 12 34 27 46 48 6 8 10 33 15 1 45 2 17 44 31 9 43 14 38 18 16 39 29 37 5 
28 41 12 24 45 48 10 23 2 6 39 17 34 47 49 19 9 38 40 16 18 25 22 26 5 21 1 30 4 3 13 7 11 31 44 46 29 32 35 27 20 37 42 14 36 43 15 8 33 
44 13 32 14 40 37 30 1 18 8 43 29 24 25 11 33 5 46 4 41 35 9 31 42 39 19 47 15 48 16 27 28 26 49 23 36 10 12 38 45 3 21 17 34 6 22 20 2 7 
22 38 42 16 6 47 27 11 31 4 13 26 41 14 10 39 3 36 34 29 48 37 45 8 49 23 2 40 43 17 35 20 18 12 46 15 33 19 30 7 25 5 32 44 9 21 24 1 28 
8 39 1 5 43 15 49 12 27 20 16 44 36 38 21 17 31 2 7 32 22 6 14 28 10 4 33 3 47 24 9 29 19 34 37 48 18 41 42 40 13 11 35 46 25 45 30 23 26 
25 18 9 21 20 2 46 33 19 37 45 7 10 15 26 27 8 6 44 1 14 35 43 29 38 24 11 17 5 36 39 30 42 32 40 28 4 34 49 16 22 23 47 48 13 41 12 3 31 
19 40 38 9 33 5 43 48 39 29 18 13 37 34 17 12 21 16 1 27 28 8 3 6 35 25 32 42 26 23 24 15 47 46 20 31 44 11 22 10 49 7 30 41 4 14 36 45 2 
18 24 25 42 37 32 6 5 26 9 28 12 15 2 29 22 36 23 14 44 10 46 13 7 41 16 49 4 11 45 38 27 43 30 33 19 40 39 48 34 17 1 3 8 47 35 31 20 21 
45 22 21 49 46 28 12 6 36 1 11 42 25 30 13 26 19 5 18 38 37 43 20 39 24 33 34 31 10 40 4 3 17 41 8 14 15 2 29 35 47 9 23 16 27 44 48 7 32 
35 36 11 44 10 20 47 21 23 24 40 31 17 43 4 2 7 15 45 8 41 19 1 18 48 38 27 26 13 49 34 14 28 5 6 3 16 30 32 37 12 25 39 22 33 29 9 46 42 
48 31 39 15 7 29 3 10 8 14 4 45 33 27 47 30 20 49 24 42 40 22 12 5 44 9 21 11 36 2 32 16 37 35 18 26 41 23 6 13 46 28 19 1 17 34 38 25 43 
27 34 4 23 2 26 8 19 41 49 3 16 46 20 35 31 39 33 6 9 32 40 17 47 28 30 29 14 22 42 48 25 7 44 1 21 5 45 36 43 24 38 18 15 12 37 13 10 11 
41 30 16 13 14 1 17 44 35 7 38 47 32 22 48 11 46 25 43 34 3 36 2 37 45 15 10 23 19 9 29 31 12 39 21 8 27 4 20 18 42 33 49 6 28 5 26 40 24 
################proper############## 

 average_time = 1.559390 

 success runs = 1 

 total average iters = 96364.000000 
