8
0 0 0 0 21 0 0 0 13 62 11 0 7 0 0 10 0 0 0 0 0 4 8 0 0 0 0 47 0 43 28 46 0 0 0 57 39 0 0 31 0 0 0 0 0 0 0 9 0 0 36 64 14 0 0 0 44 22 0 0 30 0 0 0 
0 0 0 0 0 0 0 43 0 45 0 0 0 0 0 55 0 44 0 0 0 0 0 0 0 50 0 0 0 59 0 60 0 0 0 0 0 8 0 10 0 0 0 56 0 0 0 0 54 0 0 0 26 41 0 0 0 0 0 0 0 0 0 0 
30 0 0 33 0 0 28 0 27 36 0 0 0 0 0 0 0 0 55 0 0 0 0 0 54 0 0 0 0 15 0 0 0 18 0 0 20 0 32 40 0 0 0 0 0 0 0 26 0 56 0 0 0 0 0 0 0 0 0 0 0 11 0 0 
6 20 0 0 48 0 0 0 0 0 0 0 0 0 14 0 0 0 0 0 0 0 0 22 0 0 0 0 0 0 31 0 9 0 0 0 56 34 0 7 50 0 52 62 33 59 0 43 0 0 25 10 0 55 29 51 0 0 41 8 0 24 0 0 
0 0 0 0 0 15 0 34 0 5 0 0 48 53 0 0 62 0 0 0 0 0 0 0 0 0 0 33 0 0 0 2 0 0 0 0 0 0 0 0 0 0 0 0 0 19 0 0 0 0 47 0 1 0 0 0 0 0 0 0 0 0 0 0 
9 0 0 0 10 51 52 0 0 0 0 23 0 0 0 33 0 0 0 41 59 17 0 0 0 0 22 0 21 0 61 4 0 0 0 38 0 0 0 0 54 0 14 0 57 0 0 0 0 0 0 0 0 5 62 0 0 20 0 0 0 27 0 0 
8 0 0 0 0 0 0 0 4 57 0 34 0 39 0 0 52 0 0 3 0 0 0 0 56 0 0 0 0 9 0 0 0 33 0 54 0 0 0 0 0 0 0 0 0 36 48 0 30 0 0 32 0 0 0 0 0 51 0 0 0 0 18 59 
31 22 0 0 0 16 0 0 0 56 0 50 0 0 0 0 35 0 0 0 0 0 0 0 0 20 0 37 0 0 10 0 0 0 0 0 0 62 3 0 53 0 0 0 0 0 0 46 0 33 0 0 0 0 0 0 0 0 0 39 55 0 0 13 
0 0 0 0 0 0 0 0 0 0 0 0 0 0 0 0 0 0 0 0 40 0 0 0 0 0 0 0 0 0 0 37 0 0 0 20 0 14 0 0 0 34 0 0 0 0 0 0 0 0 49 0 0 0 1 0 59 0 0 0 0 0 0 0 
0 11 0 0 0 0 41 64 57 0 0 0 54 42 0 26 0 0 0 0 0 0 0 0 0 34 0 0 0 0 0 24 0 0 0 2 0 0 0 0 46 0 48 8 20 0 40 0 0 0 15 0 0 0 0 0 0 0 0 28 0 9 0 0 
0 0 0 57 0 50 0 0 0 0 2 22 0 1 0 0 0 49 0 0 0 0 29 8 35 0 0 0 52 0 0 0 12 0 0 0 7 16 0 17 0 0 0 0 0 0 0 0 0 51 5 0 23 0 0 32 0 0 11 25 0 0 34 0 
0 0 12 0 0 0 0 22 6 0 0 14 0 0 0 0 0 0 38 0 0 0 0 0 45 0 0 0 0 0 0 0 0 0 62 21 0 0 47 0 2 0 0 0 0 50 0 59 0 0 0 9 0 0 0 0 0 0 8 0 0 0 0 48 
0 0 6 0 15 25 0 0 0 0 50 0 0 0 0 0 0 46 0 5 0 35 0 0 39 0 47 0 0 0 0 0 0 0 0 51 0 45 0 0 55 0 0 29 0 0 0 0 0 0 0 0 0 14 0 0 0 0 0 0 0 7 0 0 
0 49 0 0 0 4 0 0 0 0 0 15 0 0 0 0 17 0 0 44 0 0 0 0 0 0 0 0 0 50 0 8 32 0 0 0 0 0 0 25 0 0 0 18 0 0 0 0 0 11 0 60 0 0 0 48 0 36 0 5 0 0 53 29 
36 0 0 0 0 39 0 0 0 0 0 0 0 0 0 0 0 0 0 16 10 0 0 0 0 0 0 0 0 0 19 0 0 0 57 0 0 0 64 0 0 60 0 0 0 0 0 28 12 44 0 63 0 0 0 0 0 0 0 15 0 0 0 0 
0 0 0 26 23 0 0 0 0 32 35 0 0 0 29 0 0 0 0 47 0 0 0 0 0 43 0 21 0 0 16 63 0 0 18 0 0 0 0 0 15 0 17 0 0 62 10 12 0 0 64 0 0 0 0 0 0 0 0 0 0 0 0 0 
14 0 0 36 0 7 0 27 52 0 0 0 0 0 0 0 24 0 0 0 3 15 47 55 0 0 0 0 0 0 0 0 0 0 0 0 60 0 0 2 0 0 0 0 0 0 0 0 0 25 0 22 46 0 0 0 51 0 0 0 0 0 35 0 
29 0 0 0 0 0 0 44 14 18 0 0 59 0 0 46 0 30 48 22 0 0 27 0 36 53 0 0 0 60 41 0 0 40 15 0 0 0 0 0 63 0 56 0 0 0 0 0 61 0 0 0 0 0 0 0 0 0 32 11 0 0 0 0 
0 0 0 0 38 0 62 0 0 17 0 0 0 22 0 31 0 0 0 0 0 0 53 5 18 0 52 0 0 0 54 28 0 0 0 0 0 0 0 43 14 0 15 3 7 9 0 0 0 0 20 0 0 0 0 0 0 0 0 0 0 30 0 27 
0 0 0 0 0 0 0 0 0 0 0 0 0 0 44 0 0 0 51 0 0 0 56 0 40 0 17 0 0 0 0 50 0 0 0 0 0 22 18 0 0 0 49 19 1 0 0 0 0 0 48 0 0 31 0 0 0 0 0 0 0 29 0 12 
0 34 0 0 0 41 0 0 0 0 0 0 61 64 0 0 38 0 0 0 50 0 20 0 0 0 24 6 0 0 35 0 0 0 16 0 0 0 0 0 0 32 13 0 22 0 46 48 0 1 0 0 0 0 49 12 19 0 18 0 0 57 55 58 
0 59 0 0 13 63 0 0 0 23 8 24 0 45 0 0 54 0 0 0 0 36 33 0 0 0 0 20 0 0 34 0 0 0 64 0 0 4 58 0 0 40 0 0 51 25 11 0 0 57 0 0 60 0 52 0 47 0 0 0 0 0 0 0 
0 0 52 19 0 0 0 0 0 0 54 0 0 16 0 0 58 10 0 34 0 0 0 0 0 39 55 0 0 0 0 0 8 0 0 0 0 0 30 37 0 0 0 0 0 0 0 0 0 0 0 29 24 0 0 0 33 0 0 0 0 56 0 0 
0 0 48 0 33 46 0 35 41 0 25 0 0 0 0 0 0 6 0 0 0 57 0 0 0 0 0 62 0 22 0 9 0 0 0 0 0 0 0 0 0 0 10 0 0 0 0 0 0 27 0 40 3 0 0 0 61 17 39 0 20 0 0 0 
38 0 0 0 0 22 0 0 0 37 0 33 0 0 0 39 0 8 3 0 2 0 0 62 0 64 0 46 0 20 24 0 0 0 31 0 0 40 53 0 0 0 0 0 26 0 0 0 0 34 0 0 0 0 0 0 0 0 0 44 0 0 0 0 
0 33 10 62 0 23 0 0 0 0 0 0 0 14 0 0 0 0 45 0 0 20 0 0 0 0 0 0 0 0 0 0 0 0 0 0 0 0 0 0 0 0 0 0 18 16 22 0 0 0 0 0 0 0 0 46 30 0 0 0 0 0 60 21 
0 0 0 0 12 0 0 18 62 0 0 57 0 4 0 29 0 0 0 0 0 56 0 0 0 0 0 5 0 0 49 0 0 25 32 0 0 64 0 0 0 0 0 0 0 15 50 33 0 0 0 0 0 0 0 22 0 0 0 0 39 0 0 0 
0 0 0 0 0 0 45 59 8 0 64 0 0 7 0 51 0 0 0 11 0 0 0 44 0 0 26 0 0 18 32 0 0 0 0 0 0 0 0 39 0 0 0 43 0 0 0 0 0 21 60 0 0 0 0 0 12 0 0 0 0 0 23 0 
0 0 0 0 0 0 0 48 0 54 0 0 0 0 0 0 0 0 0 26 49 34 0 0 0 0 0 0 23 0 0 0 0 6 45 42 5 0 14 0 0 0 0 58 0 0 0 8 0 0 33 0 0 0 0 0 53 16 0 0 47 59 0 0 
0 0 0 0 53 0 0 0 0 0 18 21 0 0 1 0 22 51 0 0 0 0 0 19 8 2 16 54 0 0 0 0 0 0 34 0 38 0 0 63 0 0 11 0 0 27 0 0 10 0 0 28 0 0 0 0 0 0 0 32 0 0 0 55 
0 0 0 0 0 0 0 52 58 0 0 0 0 0 0 15 0 0 0 0 0 0 0 0 0 0 0 4 0 0 0 48 0 0 0 0 0 11 60 0 0 0 0 0 62 0 0 0 0 26 0 0 0 0 0 0 0 0 0 38 9 0 0 24 
0 0 58 0 64 14 60 0 0 38 0 55 0 2 0 0 31 0 0 0 0 0 4 25 42 0 36 0 7 0 33 0 0 43 0 10 62 0 0 0 0 0 0 0 0 40 23 0 48 0 0 0 11 0 0 15 0 0 13 27 18 51 0 0 
37 1 0 0 0 55 38 33 0 0 0 0 0 0 0 0 0 0 0 0 54 0 50 64 0 62 0 0 0 32 0 0 44 5 0 0 12 0 0 0 0 0 0 0 0 0 0 0 0 0 40 25 0 26 11 0 42 0 0 0 0 0 15 0 
0 46 0 0 0 0 0 0 44 8 0 0 13 0 59 0 3 2 0 48 27 0 0 0 0 1 0 0 0 0 0 0 0 0 28 0 0 0 34 0 12 0 0 4 0 0 32 0 22 0 0 0 42 0 38 54 0 0 0 36 0 55 0 0 
0 0 60 0 0 48 3 0 19 50 55 64 0 0 0 0 0 41 0 31 5 0 34 0 0 0 9 0 0 0 0 14 0 0 0 6 0 0 0 0 0 53 0 0 0 0 0 0 0 0 52 0 44 16 0 10 0 0 0 35 0 26 0 0 
0 0 0 4 0 0 0 0 0 0 15 42 0 0 34 0 0 22 62 49 0 0 38 0 51 0 0 0 0 0 57 0 0 0 0 0 27 36 21 0 0 23 0 50 0 0 0 0 0 0 0 6 7 0 20 0 0 0 0 0 0 0 0 0 
10 0 0 0 32 0 34 0 0 0 0 20 0 0 0 0 0 0 0 0 0 0 0 0 2 29 0 0 0 0 6 0 0 0 0 0 40 0 31 0 0 0 0 0 0 5 55 56 0 0 0 0 0 1 0 0 14 0 58 0 0 0 46 0 
0 14 0 6 0 29 0 0 25 0 31 0 33 0 0 0 0 0 0 0 44 0 63 0 0 27 0 24 4 0 0 0 0 62 0 0 0 3 0 0 10 0 20 0 9 0 0 0 0 15 55 61 37 30 23 0 0 0 0 56 0 0 0 0 
0 36 0 0 30 0 11 0 53 16 0 56 0 0 0 0 0 0 0 0 0 0 0 0 0 0 0 0 0 33 0 54 20 0 0 35 0 1 0 0 51 0 0 0 2 0 14 0 0 0 0 0 0 0 0 63 40 5 0 31 34 0 22 61 
0 0 0 0 0 0 0 0 0 0 6 0 37 0 0 0 0 59 0 0 0 13 0 7 43 0 0 36 0 25 46 0 0 0 30 0 0 0 52 0 0 0 38 0 0 0 0 0 0 0 0 0 0 0 0 0 0 0 0 0 0 0 51 47 
53 0 0 0 0 0 0 0 0 0 0 0 0 8 0 52 0 38 0 0 0 39 0 43 0 0 0 0 0 0 0 0 35 1 0 0 0 44 6 0 0 0 40 0 32 0 0 0 0 0 27 0 54 21 0 0 0 0 0 0 33 63 0 0 
0 0 0 51 0 0 0 9 0 0 60 47 0 0 0 0 0 0 0 57 0 0 0 46 0 6 5 0 0 0 45 0 7 0 0 0 37 0 0 4 0 0 61 53 0 0 20 0 0 0 0 0 49 0 0 0 48 0 0 13 0 0 0 0 
0 0 57 55 0 0 48 0 0 61 0 0 0 0 0 0 0 14 0 0 29 0 0 0 0 0 46 64 31 0 0 0 0 0 0 0 0 0 0 0 0 0 6 0 43 0 15 0 0 0 0 0 0 24 0 0 0 0 0 0 0 0 0 0 
21 0 13 0 0 0 63 0 46 0 0 27 0 0 3 50 0 0 52 0 0 0 22 0 26 0 0 0 0 0 0 0 45 0 0 0 0 0 0 0 62 0 9 0 0 0 0 0 36 0 18 0 0 35 0 23 16 40 0 0 0 8 12 0 
64 0 16 0 0 3 0 36 0 0 0 0 0 63 0 0 0 0 0 0 0 0 51 47 0 0 0 25 15 0 0 40 0 0 0 52 0 0 0 0 0 0 0 0 0 0 0 0 0 0 0 0 0 0 0 8 0 0 0 0 0 32 0 0 
0 0 0 0 0 2 8 0 0 0 22 0 39 0 43 0 48 0 0 0 0 41 0 0 32 52 0 0 0 0 9 0 18 0 25 0 64 17 38 0 0 0 0 0 58 0 5 10 19 0 0 0 55 0 0 34 0 0 0 0 0 0 0 0 
26 0 33 0 0 0 58 49 0 0 0 0 15 0 0 0 0 0 53 0 0 64 0 45 0 0 0 34 0 0 0 0 0 0 0 0 46 0 0 0 19 0 0 30 0 0 0 0 4 0 0 0 0 52 0 0 0 18 0 0 0 39 0 1 
60 10 42 1 0 32 0 0 0 34 0 0 0 23 0 0 0 0 0 0 0 0 0 0 0 18 39 61 0 47 0 0 3 0 0 31 0 24 0 0 0 51 0 0 0 0 0 0 0 0 0 0 0 0 0 0 0 21 38 0 15 0 0 0 
43 21 11 48 28 0 0 0 0 3 0 18 0 0 0 0 0 57 64 0 0 0 0 0 0 0 50 0 0 0 0 0 0 0 0 0 0 35 0 19 0 0 26 13 0 0 0 0 0 0 0 0 0 0 9 0 0 53 22 0 0 0 33 42 
0 0 0 10 0 8 0 47 0 25 0 0 0 0 0 44 0 11 0 0 0 0 0 0 0 0 0 0 9 0 0 0 37 0 0 3 0 0 0 0 0 41 0 23 0 64 43 0 18 0 0 17 0 0 0 0 20 0 1 55 0 0 7 40 
62 0 0 0 0 0 33 32 0 0 0 0 0 0 0 0 36 0 19 0 0 0 0 13 53 0 0 0 0 0 0 0 0 0 22 0 0 18 63 0 0 28 0 0 0 0 0 0 0 0 0 0 43 0 0 0 25 0 35 17 0 23 0 26 
0 0 0 22 0 0 0 0 0 0 37 0 0 0 0 0 16 50 0 0 0 0 0 0 0 0 0 18 0 0 36 0 0 0 0 0 0 10 0 21 47 0 0 0 0 57 6 0 23 0 0 0 0 0 30 13 15 0 0 3 0 0 0 0 
59 58 0 27 49 0 0 16 0 0 0 0 51 0 0 22 0 0 0 0 0 0 0 0 0 0 0 0 63 0 4 12 0 38 0 0 0 0 0 6 0 0 45 0 36 0 0 55 0 0 0 0 40 56 0 0 0 0 62 50 0 0 21 31 
19 0 51 0 4 0 0 0 0 0 0 17 58 0 0 41 0 0 0 0 0 22 32 1 0 0 29 52 0 11 3 0 0 0 36 0 0 0 0 0 49 0 0 0 0 0 0 0 0 0 0 16 6 0 0 0 0 0 0 18 0 0 39 44 
0 57 0 0 0 36 0 46 0 0 0 29 14 0 55 0 0 0 0 0 28 0 0 0 0 22 0 0 0 0 40 0 0 50 0 0 54 0 0 0 0 0 0 0 0 2 0 21 0 0 0 0 0 60 8 0 45 0 0 0 0 0 13 0 
0 0 0 0 0 35 0 3 0 0 0 0 0 40 0 0 0 45 4 0 56 31 5 34 0 0 1 0 0 0 0 0 0 0 13 39 0 0 0 0 18 0 0 0 0 0 53 0 0 28 0 0 0 0 0 0 0 0 0 0 0 0 59 0 
0 42 0 0 0 0 0 0 0 0 0 62 0 0 0 11 0 0 0 0 13 16 0 18 37 36 0 0 0 26 8 0 0 0 0 24 0 0 7 0 43 0 0 0 0 0 12 0 44 0 0 0 10 57 0 49 0 0 0 30 3 0 0 25 
47 0 50 0 0 0 0 0 29 0 0 0 0 0 0 0 37 0 0 0 0 0 0 32 0 49 0 0 0 0 0 0 0 0 0 0 30 0 5 0 1 18 0 2 0 0 27 0 31 0 13 0 48 43 0 0 4 0 0 0 0 0 0 0 
0 0 21 0 24 5 0 58 0 0 14 0 0 0 0 0 0 0 0 0 0 0 0 0 0 0 0 0 0 0 1 0 0 39 0 0 0 2 0 0 0 0 0 54 0 0 42 20 0 32 0 0 0 0 56 53 0 0 0 0 0 0 0 35 
33 0 0 0 0 0 16 23 17 0 0 0 0 0 0 0 0 0 8 14 0 2 39 0 0 0 0 0 0 0 0 0 4 0 0 0 53 0 0 48 0 0 0 7 0 0 0 0 0 0 0 0 0 0 28 0 0 6 0 0 0 0 0 0 
22 27 0 0 0 0 46 0 0 0 16 0 0 0 6 0 42 0 0 0 26 0 17 0 0 14 54 0 0 0 0 0 0 0 0 0 21 0 62 0 0 33 64 0 0 0 0 0 0 39 0 5 0 0 0 38 0 0 0 0 0 12 41 0 
0 0 0 2 0 0 0 0 0 0 0 35 0 13 0 0 0 0 0 0 55 0 0 0 0 0 0 0 0 0 0 64 57 0 27 0 25 0 0 0 23 4 0 0 17 0 0 32 0 60 0 0 0 29 0 0 0 0 0 37 38 20 40 8 
0 0 0 39 0 0 0 0 54 0 0 40 25 59 58 43 27 0 0 0 0 0 30 0 15 0 0 28 2 0 53 0 0 0 0 41 0 0 36 0 35 0 0 0 0 0 0 0 8 17 0 0 0 0 0 0 0 0 0 0 0 0 0 60 
0 0 0 8 62 0 0 28 22 0 0 0 0 0 0 0 0 0 0 61 0 0 0 0 60 0 0 0 0 48 0 0 0 0 0 0 0 0 37 58 0 0 0 0 40 53 0 0 0 46 0 0 0 45 0 0 39 64 0 0 0 0 32 0 
