Success!!! 
 
 max_col = 
 25 
 
 run_time = 
 0.000544 
 
 once iters = 
 1 
 
25 7 24 18 20 21 11 10 5 23 2 19 14 12 9 8 22 15 4 17 6 1 3 13 16 
8 10 4 19 3 22 16 7 12 2 15 13 23 18 17 20 11 1 21 6 9 14 25 24 5 
2 13 16 12 22 17 4 25 9 1 3 8 20 21 6 14 24 5 19 23 10 15 7 11 18 
14 15 11 23 21 20 8 18 6 3 1 5 7 24 10 16 25 9 13 2 17 4 22 12 19 
17 6 5 9 1 14 15 13 24 19 22 25 16 11 4 10 7 12 18 3 20 21 8 23 2 
10 9 12 22 15 11 21 3 8 4 13 16 18 1 23 7 14 24 6 20 19 25 2 5 17 
21 3 23 7 16 25 22 17 20 5 8 24 10 15 2 9 12 19 11 18 13 6 14 1 4 
24 20 18 25 19 2 23 1 7 6 4 9 22 5 14 17 3 13 15 21 8 10 11 16 12 
11 4 2 13 6 24 14 15 18 16 12 7 17 19 3 5 1 8 10 25 23 22 20 9 21 
5 14 1 17 8 10 19 12 13 9 6 21 25 20 11 2 16 22 23 4 24 3 15 18 7 
12 5 15 20 14 13 3 21 1 18 24 10 11 23 7 22 17 4 2 16 25 8 9 19 6 
4 23 7 21 17 5 2 16 25 10 18 20 15 9 1 13 8 6 14 19 22 11 12 3 24 
9 25 3 16 24 8 20 22 4 15 14 6 19 17 13 23 21 11 12 7 5 2 18 10 1 
13 22 10 8 2 19 6 24 11 17 25 12 21 3 16 15 9 18 5 1 7 20 23 4 14 
19 1 6 11 18 12 7 9 23 14 5 4 2 8 22 25 10 3 20 24 21 16 13 17 15 
18 11 19 4 23 15 10 20 17 25 21 22 9 16 8 6 13 2 7 12 1 5 24 14 3 
3 17 25 14 13 18 1 6 16 22 23 2 5 7 12 21 4 10 24 8 15 9 19 20 11 
16 24 21 10 7 23 9 2 3 12 11 18 1 14 20 19 5 17 22 15 4 13 6 8 25 
6 2 22 15 9 7 24 5 14 8 19 3 13 4 25 1 23 20 16 11 18 12 17 21 10 
1 8 20 5 12 4 13 19 21 11 17 15 6 10 24 3 18 14 25 9 2 7 16 22 23 
23 12 14 6 10 9 25 11 2 24 16 17 4 13 21 18 20 7 1 22 3 19 5 15 8 
20 21 8 24 4 6 5 23 19 13 10 11 3 2 18 12 15 25 9 14 16 17 1 7 22 
22 16 13 2 11 3 12 4 10 7 20 1 8 6 15 24 19 23 17 5 14 18 21 25 9 
7 19 17 1 25 16 18 8 15 20 9 14 24 22 5 11 6 21 3 10 12 23 4 2 13 
15 18 9 3 5 1 17 14 22 21 7 23 12 25 19 4 2 16 8 13 11 24 10 6 20 
################proper############## 

 average_time = 0.000544 

 success runs = 1 

 total average iters = 1.000000 
