9
70 0 51 0 0 0 55 5 0 0 0 9 41 49 74 0 16 0 0 73 20 0 0 0 0 76 0 47 21 0 6 56 65 44 39 0 38 52 0 0 57 0 0 24 0 4 0 0 0 0 27 0 0 0 0 0 0 0 17 29 53 43 0 26 0 0 50 0 40 35 0 32 8 60 0 58 18 10 54 15 0 
38 0 0 0 25 0 0 0 0 0 0 0 39 35 11 66 51 37 58 75 0 0 0 18 54 0 24 0 0 17 28 23 68 14 0 0 78 0 63 0 56 4 79 0 26 0 0 12 0 69 0 8 0 80 32 2 0 0 0 0 0 70 0 0 27 71 45 42 0 52 57 0 64 22 0 0 30 9 0 0 0 
35 74 0 57 68 0 28 0 0 0 0 0 26 6 0 72 0 64 34 0 10 80 25 81 27 0 49 0 0 40 15 0 32 36 46 8 0 9 0 0 19 66 43 41 0 0 0 0 59 0 0 29 0 17 69 0 0 0 0 78 0 51 63 0 54 1 3 0 16 0 75 21 79 0 0 4 61 70 23 14 0 
62 17 52 19 0 56 0 80 0 0 43 0 23 0 0 0 0 0 15 47 39 0 0 0 0 0 1 37 22 0 0 11 0 0 70 9 53 50 0 0 65 0 0 46 0 2 0 76 0 49 0 68 0 64 0 58 0 14 67 31 35 66 27 0 0 0 0 0 0 33 73 0 32 0 0 0 48 25 0 29 69 
0 4 0 0 0 64 0 58 30 0 0 0 5 0 34 0 3 32 9 0 0 14 0 7 0 70 0 76 0 80 0 0 12 72 81 0 0 0 0 40 0 0 0 0 60 0 21 0 0 0 46 28 79 0 0 0 8 45 0 0 1 0 61 55 0 0 0 53 29 0 13 0 2 0 49 27 0 51 0 0 67 
0 0 0 0 0 0 0 2 6 0 28 0 0 0 0 14 0 45 0 33 0 0 0 0 0 0 68 54 0 0 50 49 0 79 0 0 51 76 0 0 3 29 0 0 0 22 31 0 0 65 0 35 18 39 0 62 0 0 11 4 0 81 48 0 66 0 34 0 67 0 0 9 0 24 38 0 55 20 80 57 0 
0 76 0 0 0 3 69 0 21 81 0 0 0 1 0 0 50 56 0 52 0 0 0 0 55 0 12 5 0 41 0 62 58 0 0 30 0 10 0 18 0 39 71 80 0 60 0 0 43 9 37 0 15 75 0 42 0 0 28 25 0 16 19 0 0 7 0 11 72 0 64 0 0 0 0 26 0 77 34 0 0 
32 0 0 10 7 36 66 0 40 80 0 19 52 0 0 54 59 21 16 0 38 0 74 29 65 0 0 0 45 0 0 33 67 0 0 69 0 0 14 0 0 0 28 0 25 0 0 72 0 0 78 48 50 0 0 0 75 0 0 64 0 0 0 24 0 0 79 51 62 37 0 0 0 53 0 0 0 0 1 0 73 
48 29 0 0 50 79 0 22 65 0 63 0 4 0 18 0 67 0 59 0 23 0 62 26 0 61 0 0 64 1 16 60 0 0 0 27 35 21 11 81 72 44 42 0 5 0 0 70 10 0 0 24 0 71 0 73 0 0 0 54 0 0 15 0 38 0 0 8 58 80 39 30 40 0 0 0 66 19 0 28 0 
72 0 42 0 47 0 0 0 33 0 6 0 0 39 45 0 0 10 0 0 0 0 41 68 0 0 11 0 24 2 0 0 18 37 31 29 0 25 0 0 27 67 14 0 0 36 0 0 0 0 34 79 30 0 8 61 63 0 0 60 0 0 0 0 0 50 0 17 71 23 0 73 78 76 0 0 0 0 77 13 40 
0 44 0 54 0 0 61 13 3 31 0 17 69 0 76 27 73 0 48 0 24 0 0 49 21 59 0 0 0 0 0 9 0 32 0 0 0 0 78 6 47 75 45 60 0 0 10 5 67 0 0 72 0 43 0 0 0 0 0 2 0 0 0 79 0 52 0 0 42 66 33 35 81 63 39 0 11 0 0 8 15 
53 0 17 31 0 0 0 75 0 42 78 81 0 0 0 52 5 0 4 0 0 51 0 0 0 0 0 41 0 23 71 0 0 13 50 15 29 77 35 0 49 0 0 61 46 0 27 0 60 0 12 0 0 0 0 0 66 0 0 0 0 0 58 14 69 0 0 67 0 0 0 0 1 0 0 62 44 0 0 54 30 
0 56 57 0 0 0 0 77 34 32 0 60 0 0 2 12 0 63 0 19 16 61 0 0 0 0 75 0 0 0 14 0 0 26 47 66 0 0 0 0 23 74 0 0 1 0 24 9 0 0 0 70 0 20 0 0 0 0 0 0 67 0 17 0 0 10 11 0 27 0 78 62 37 35 4 0 0 22 68 64 0 
0 5 0 0 52 55 35 0 0 0 71 0 0 0 46 0 61 0 0 0 33 44 0 10 0 0 0 0 0 68 0 0 34 0 17 0 72 0 65 0 18 43 64 7 38 0 3 2 53 8 6 0 47 0 75 36 79 9 0 77 27 78 0 20 21 60 51 1 0 57 25 16 12 45 74 29 0 0 0 24 0 
12 0 26 79 0 0 62 0 0 40 0 0 0 53 13 0 66 0 43 5 0 0 0 0 0 38 0 0 0 0 0 48 33 0 6 73 0 42 15 0 2 57 37 51 56 0 14 0 0 11 35 17 39 0 0 0 0 0 0 0 49 65 0 0 0 0 0 68 0 0 81 36 0 0 19 0 0 7 0 16 0 
0 81 0 28 0 0 15 0 7 0 0 80 35 25 62 0 0 0 0 0 0 0 47 0 56 0 18 10 46 76 1 52 0 60 55 0 0 0 71 31 0 0 8 9 63 0 4 40 54 0 0 13 33 0 0 23 0 16 73 0 0 38 14 64 59 0 0 34 6 0 0 72 50 3 75 0 0 26 49 0 0 
0 50 0 25 0 0 0 0 29 0 75 24 0 0 0 55 58 0 0 0 0 0 35 0 71 0 0 27 11 0 0 0 61 49 67 42 0 17 26 0 0 76 59 40 0 0 0 16 18 1 56 69 0 0 0 0 6 48 0 15 0 54 0 70 0 74 46 19 8 39 12 0 0 43 0 0 14 33 0 0 0 
63 0 71 14 65 60 27 0 0 49 0 72 33 0 0 48 56 11 17 0 73 0 55 0 0 31 0 53 5 0 0 58 39 0 21 0 0 0 41 0 34 0 0 0 0 77 0 0 15 0 22 75 0 0 0 76 0 20 29 0 37 0 1 54 0 13 0 0 0 0 18 45 0 0 10 32 0 67 0 0 0 
19 2 0 32 0 0 22 0 27 10 0 0 0 63 0 0 0 28 0 0 26 0 0 0 0 0 16 0 0 9 0 1 0 46 58 0 0 71 40 0 79 65 0 0 14 15 0 64 70 33 0 41 0 44 0 0 42 43 0 0 47 36 0 37 12 0 0 31 23 60 0 59 35 0 0 6 0 0 7 0 24 
6 0 47 69 0 0 33 0 23 17 0 46 0 0 0 0 13 58 0 15 0 0 50 77 0 0 22 0 8 0 0 74 70 0 51 10 60 0 0 0 0 21 0 57 78 0 29 14 0 0 0 25 0 0 0 0 0 0 0 0 9 2 0 0 0 0 0 49 0 0 0 11 76 0 0 48 37 0 81 79 0 
13 43 0 35 42 0 0 0 0 30 0 14 0 0 0 0 37 59 10 0 0 0 0 0 73 0 0 0 23 0 0 38 28 12 76 6 0 0 0 72 0 0 0 0 34 0 75 68 0 0 17 18 0 63 0 0 0 0 0 16 22 0 50 0 0 0 0 45 19 81 0 33 0 61 0 0 0 41 27 20 54 
81 0 18 16 9 11 46 0 0 45 12 21 64 0 0 0 80 0 13 0 0 74 57 0 31 17 54 36 37 0 55 0 0 7 0 0 0 0 0 3 0 0 0 1 49 42 0 0 61 40 28 0 0 0 0 0 0 0 0 10 24 0 0 22 58 0 67 0 69 0 0 0 33 0 0 43 0 0 0 59 51 
7 49 65 0 0 48 58 0 0 0 0 18 42 0 0 0 0 78 46 66 5 29 61 0 37 0 32 0 30 0 0 0 56 77 13 79 64 0 24 0 44 0 16 0 0 0 54 4 0 67 71 0 6 0 11 20 26 0 76 0 33 0 0 0 0 0 0 9 10 0 0 14 0 0 0 68 50 28 25 34 0 
0 0 0 64 77 0 26 0 0 0 79 0 0 0 7 0 34 0 0 30 43 38 0 12 0 68 39 65 27 60 40 17 80 31 0 0 0 0 37 0 0 0 48 10 54 0 0 24 22 0 73 9 0 45 44 0 58 0 0 19 69 0 0 4 0 0 16 0 0 0 47 28 0 0 42 36 63 1 3 46 74 
0 59 41 0 0 0 0 0 36 72 0 20 15 32 0 43 11 0 53 80 0 48 63 47 60 25 79 50 0 33 0 0 0 0 49 0 27 81 9 0 67 0 0 0 0 0 0 0 0 0 21 0 0 46 7 12 0 0 0 0 0 62 35 0 75 0 70 40 0 8 0 0 0 57 66 77 0 0 31 0 0 
67 0 0 71 0 0 14 40 74 0 65 77 0 0 75 5 55 0 24 0 0 0 0 0 0 0 59 22 0 0 0 44 0 53 68 41 42 61 0 47 33 0 0 0 0 57 35 79 0 2 62 78 0 0 0 21 0 17 0 0 0 63 0 52 0 0 0 0 15 18 0 80 0 73 0 9 45 11 0 0 49 
0 0 0 0 0 0 80 0 37 0 0 0 9 0 1 0 0 53 0 23 0 19 81 36 0 14 0 63 0 35 0 75 21 0 0 0 58 0 0 0 8 0 15 0 0 51 0 48 16 10 0 43 56 0 74 41 0 0 77 49 46 27 0 57 0 3 76 25 61 6 0 0 4 0 18 12 0 0 30 40 44 
0 54 20 0 0 0 32 15 0 0 38 0 34 37 0 0 29 0 0 0 2 0 0 14 0 0 35 25 42 52 17 0 0 0 45 23 40 11 0 0 55 0 0 8 67 71 0 49 0 0 0 63 77 0 0 0 81 0 0 0 0 22 41 0 0 24 0 0 0 28 69 74 6 0 79 57 0 31 48 0 0 
44 0 0 0 0 35 0 25 10 22 32 11 0 0 0 51 0 14 0 0 0 0 0 67 75 0 38 6 79 0 0 24 66 55 0 0 13 0 29 19 28 69 36 27 43 8 41 0 9 30 0 0 0 50 60 0 3 71 0 39 73 5 21 77 40 0 56 0 0 34 42 52 62 0 0 64 0 0 72 78 46 
0 0 0 0 36 0 37 30 12 68 39 52 78 0 0 75 0 0 0 0 0 62 31 11 10 73 3 8 4 15 35 0 0 76 0 0 0 0 0 0 42 24 38 0 0 29 0 81 0 57 43 34 65 61 0 0 16 0 40 0 0 0 0 9 0 27 66 58 0 55 80 1 0 33 63 5 19 49 0 0 0 
0 23 5 0 0 0 42 33 0 0 0 67 2 4 0 0 0 50 52 0 74 0 18 70 0 39 66 0 0 77 0 0 0 11 16 0 41 49 0 46 26 0 81 0 0 35 32 31 68 62 3 21 0 15 78 0 76 38 12 37 30 6 0 43 73 0 71 59 14 10 72 54 0 1 0 0 0 0 0 58 0 
0 0 0 62 0 46 74 0 0 44 23 0 0 55 0 0 0 5 0 0 0 0 22 0 0 0 0 43 0 29 0 0 31 0 0 0 0 0 0 33 0 0 0 0 0 0 26 19 66 60 54 47 0 69 52 63 15 0 0 0 0 34 11 0 0 0 0 0 68 0 53 13 9 0 0 30 17 12 0 27 39 
0 0 24 4 76 0 70 0 0 0 58 26 12 71 0 1 25 0 30 0 63 0 0 9 0 36 0 0 14 0 78 0 0 68 0 67 0 0 73 21 0 15 0 31 0 28 72 0 0 0 0 53 0 0 0 54 19 32 59 61 0 77 0 29 11 0 0 0 22 0 17 60 0 0 56 0 23 35 75 0 0 
69 79 81 50 0 0 29 0 71 19 0 56 0 0 16 74 27 73 0 0 40 55 0 0 1 0 0 0 18 0 63 51 59 0 2 0 54 39 0 0 0 78 66 0 0 0 48 36 0 0 67 76 0 22 0 64 43 0 0 0 0 0 31 0 23 26 0 0 0 75 0 46 70 80 0 52 38 0 0 3 28 
0 31 67 0 0 52 0 0 0 0 76 10 0 0 80 15 79 0 0 27 0 0 0 0 49 24 28 0 0 58 46 32 48 38 0 0 0 35 72 65 77 60 50 0 51 0 0 20 42 17 0 0 0 0 0 29 0 0 0 0 0 0 0 0 57 2 0 0 0 44 0 0 13 36 11 81 22 0 0 0 16 
17 41 0 0 0 0 0 0 0 65 0 0 0 28 0 0 33 66 0 44 0 81 80 0 77 0 29 73 13 0 0 30 0 1 3 0 62 0 0 22 16 14 0 0 76 0 0 10 0 0 0 0 74 0 46 0 35 0 0 79 42 18 0 12 0 0 0 0 0 31 0 0 20 21 32 0 0 0 69 50 55 
0 0 19 53 2 0 38 0 0 0 0 0 20 60 12 13 68 0 0 0 0 27 3 0 41 0 0 0 0 4 25 21 0 0 42 0 0 0 36 80 1 0 0 0 23 0 51 0 0 0 75 57 52 40 76 0 0 0 0 0 0 0 44 0 48 0 0 14 33 0 16 47 0 0 6 0 0 0 32 81 0 
74 0 11 0 34 0 75 79 58 0 0 16 72 0 0 0 0 0 0 0 0 37 40 39 24 20 45 0 15 26 0 0 0 0 0 62 44 0 8 12 21 28 6 76 0 0 0 0 30 0 48 0 0 0 18 0 0 66 0 27 4 69 46 56 0 0 55 0 5 0 0 57 0 29 0 0 0 68 33 0 50 
22 0 0 29 0 0 25 0 47 58 46 69 55 40 65 79 0 0 64 35 0 0 0 0 33 53 0 0 48 0 0 0 3 74 0 0 0 0 62 0 0 0 0 59 0 0 77 67 0 13 63 10 72 0 34 14 50 21 0 68 75 39 12 0 0 8 0 18 0 42 0 61 0 0 0 76 0 0 0 4 2 
0 21 77 0 17 0 0 0 35 50 0 0 31 0 38 62 52 0 0 22 0 69 0 13 68 0 0 0 0 66 0 78 8 73 11 0 0 0 0 0 0 33 0 72 39 46 19 6 14 55 24 20 41 0 67 47 0 60 0 56 43 0 16 0 0 4 15 0 0 79 27 0 10 0 0 45 49 42 51 80 18 
57 66 10 0 0 72 5 0 0 75 0 0 43 27 0 0 0 0 0 31 47 63 0 71 26 0 25 32 7 67 53 22 0 50 0 0 0 0 46 41 0 34 0 52 42 70 0 0 58 81 23 0 60 0 0 8 0 0 80 36 19 11 13 0 0 0 0 64 0 21 59 0 65 12 0 69 0 38 78 0 14 
42 0 40 0 80 50 51 0 0 4 0 0 53 76 19 32 0 41 72 0 0 0 66 17 29 54 0 14 1 0 44 16 0 18 0 0 0 0 2 58 0 56 0 55 68 59 79 39 0 0 0 22 12 9 35 33 31 6 78 73 0 0 0 60 0 25 36 30 0 0 0 23 0 5 62 28 0 0 8 70 34 
9 0 0 27 0 0 71 14 0 0 0 47 0 0 33 77 45 0 0 0 12 0 23 80 81 0 0 34 0 0 0 0 0 0 0 2 18 0 38 75 69 0 78 65 0 0 0 0 56 0 0 32 0 35 0 74 51 26 63 3 52 0 0 0 0 70 58 0 11 46 44 53 57 0 0 0 36 0 17 67 0 
46 32 0 0 0 0 52 7 26 66 15 0 37 0 67 18 78 0 21 49 6 65 75 0 38 74 0 58 0 69 27 70 77 57 28 51 14 43 64 25 0 16 0 19 47 33 0 34 17 0 31 45 44 68 0 30 0 55 48 0 71 0 79 0 29 54 0 0 50 0 0 2 0 0 1 20 0 61 0 0 0 
20 0 0 0 33 4 16 76 8 0 0 0 10 56 24 17 0 0 0 0 9 0 0 0 48 0 0 79 0 81 0 0 46 63 12 68 45 73 0 0 61 31 51 11 35 53 0 3 64 18 0 27 54 47 49 57 0 0 41 22 40 0 0 69 78 67 77 52 0 0 0 0 66 39 25 75 0 0 0 21 0 
0 0 46 0 0 81 0 0 9 57 0 0 0 0 0 78 2 16 0 71 0 0 43 40 0 63 0 38 73 48 22 0 0 33 0 74 1 7 0 44 25 36 0 18 31 0 15 58 27 0 77 50 24 32 21 0 0 0 60 0 0 68 8 0 72 0 0 62 54 0 4 17 0 64 3 10 0 0 0 0 0 
0 0 0 0 0 0 0 11 0 76 54 0 0 0 0 60 32 0 0 0 0 0 0 0 39 12 72 0 0 18 0 59 0 0 53 46 63 0 0 67 0 0 0 35 27 0 74 0 40 48 0 0 0 8 0 0 0 3 16 52 58 0 29 0 0 79 23 0 0 0 68 51 77 0 37 33 62 0 0 7 0 
0 57 59 0 0 0 50 0 64 67 0 0 70 17 0 0 12 24 31 0 41 5 0 73 0 27 46 0 68 0 39 34 0 0 40 0 0 8 10 0 0 61 2 0 0 0 0 0 0 0 36 62 35 52 22 80 71 0 0 13 65 0 74 6 0 33 0 47 0 0 0 56 0 18 14 66 0 0 0 0 0 
43 62 0 24 63 0 65 74 61 36 0 44 0 0 0 47 72 0 18 25 0 9 0 75 0 48 0 15 0 0 0 13 0 0 19 50 17 0 80 42 0 0 26 0 0 68 0 0 79 0 64 0 21 0 0 0 0 0 14 0 70 37 0 0 0 0 0 0 41 0 0 34 0 52 22 46 0 0 59 0 58 
34 0 25 42 8 10 0 0 67 18 0 13 75 21 0 0 0 0 22 0 17 3 0 44 80 19 61 56 62 0 9 71 23 0 24 0 46 28 39 29 59 0 0 47 12 0 69 45 63 26 57 5 0 0 0 0 0 0 0 50 66 33 51 0 74 14 52 48 60 1 0 0 15 81 0 0 0 65 0 0 70 
0 33 0 0 0 0 0 17 19 0 9 45 0 14 0 49 81 0 0 0 67 26 68 0 13 0 20 0 75 7 12 0 1 0 63 0 50 0 0 0 4 72 24 0 74 0 0 18 31 3 70 56 22 76 0 35 0 0 43 0 0 53 39 0 44 0 0 16 46 58 40 37 28 54 41 34 6 0 0 0 8 
0 0 0 0 71 29 78 36 20 0 0 0 68 0 23 0 10 48 0 76 37 1 54 59 7 0 0 57 32 31 21 0 0 58 0 26 0 0 5 38 0 0 60 0 65 0 0 46 28 0 47 0 34 0 0 56 62 25 9 42 0 0 40 8 0 18 19 0 24 0 0 64 17 0 0 0 0 0 0 0 0 
54 7 22 0 0 0 3 47 70 29 0 0 46 59 66 0 43 0 0 0 0 0 32 0 0 30 64 60 35 44 37 8 49 0 27 55 52 16 76 11 0 0 0 0 0 0 0 23 0 53 51 0 80 0 79 34 24 18 1 0 15 0 4 67 0 63 81 57 26 2 5 0 0 0 0 0 0 21 0 0 9 
0 0 0 48 58 0 0 44 0 28 61 31 63 0 6 3 0 74 8 0 0 57 33 0 0 0 62 0 51 0 64 0 0 67 80 0 0 0 0 0 0 32 0 0 0 65 0 0 0 4 0 0 59 0 0 0 0 0 0 76 0 10 0 27 53 0 25 0 73 20 45 0 23 72 24 0 0 0 0 0 0 
50 0 0 43 59 0 0 57 0 0 0 0 0 29 0 0 4 0 40 26 65 0 0 0 0 8 0 0 33 0 76 35 0 0 72 0 0 79 56 54 0 0 0 6 0 0 53 7 41 74 32 55 0 34 39 13 0 0 0 0 0 0 3 18 0 0 0 69 0 0 23 0 30 28 0 78 0 0 61 0 0 
0 0 75 0 13 0 40 0 0 0 49 0 7 78 55 0 69 0 47 32 56 0 29 57 5 0 0 1 41 0 11 0 0 0 71 0 81 0 25 48 0 0 0 0 16 54 52 59 0 27 18 0 68 0 0 65 34 31 8 30 77 76 2 0 0 12 42 74 0 14 50 0 22 0 67 53 0 58 24 43 0 
0 35 0 39 0 0 0 16 5 14 41 62 0 0 0 34 0 0 25 1 19 54 67 63 0 75 0 0 0 0 51 27 0 0 60 0 0 68 0 8 50 0 0 44 24 37 33 22 23 0 2 0 61 79 45 0 0 0 0 0 0 42 0 31 0 78 0 56 13 64 0 81 7 46 59 72 0 66 0 0 57 
0 3 74 61 23 54 0 68 4 6 0 53 79 73 0 0 0 77 0 59 0 10 52 55 34 0 0 0 50 65 0 29 42 0 0 0 31 2 51 14 0 0 9 0 66 26 58 0 39 63 11 0 67 36 0 0 33 69 47 5 0 0 0 1 0 20 57 22 32 30 7 0 0 0 0 16 0 15 0 0 76 
36 80 0 30 0 25 47 41 0 0 0 57 0 51 0 0 8 2 0 50 7 0 46 0 0 58 43 0 0 0 4 0 0 0 22 0 0 60 0 78 13 40 0 42 52 3 1 69 19 12 65 38 70 0 81 37 0 62 49 0 54 0 71 0 0 9 0 39 0 67 0 0 27 17 0 0 77 23 11 0 5 
0 18 0 81 48 69 0 0 11 74 0 30 0 0 0 0 42 33 38 68 0 0 0 2 0 4 37 0 0 0 0 28 73 0 62 40 0 3 0 43 22 64 0 0 58 0 0 8 0 0 0 0 0 72 51 17 0 0 0 59 0 14 0 0 16 0 0 0 0 71 70 29 0 65 13 0 9 0 19 55 0 
0 0 32 0 62 12 0 0 17 0 13 0 25 54 0 31 0 52 3 24 0 0 0 0 0 0 71 16 0 57 0 0 0 5 69 0 0 55 0 0 0 0 41 38 0 0 0 0 6 0 0 0 66 4 80 0 48 0 75 0 0 50 78 68 2 0 0 44 0 27 0 0 34 0 26 0 0 0 29 0 45 
0 0 0 22 0 0 45 42 0 15 0 0 0 72 63 76 70 26 0 18 14 0 0 0 6 41 0 0 0 55 20 0 0 0 54 0 32 74 0 0 0 0 0 0 0 62 16 0 81 24 49 77 0 0 28 68 56 0 0 0 0 0 9 80 0 58 0 0 25 38 11 0 73 0 0 0 64 0 50 69 12 
52 0 0 0 0 0 0 46 31 1 0 64 0 0 0 0 0 18 0 42 30 0 0 74 0 0 81 24 19 0 59 26 63 0 48 0 11 72 0 71 12 0 0 0 0 5 0 50 0 0 29 44 9 51 73 0 0 0 0 0 16 79 67 33 0 61 0 76 65 0 0 41 0 14 80 54 0 0 38 25 68 
0 24 3 0 0 0 36 65 0 0 31 0 0 0 37 0 17 75 0 61 0 20 0 0 16 0 48 33 80 22 60 0 0 8 23 0 0 0 0 27 51 81 46 12 0 58 0 78 0 0 5 74 0 0 9 19 0 73 21 0 0 59 0 0 45 0 0 7 64 0 0 0 29 0 0 0 0 0 26 68 42 
33 14 8 0 72 42 0 0 48 59 60 0 3 61 0 0 0 0 63 39 13 75 10 0 0 80 0 66 0 0 0 20 17 0 0 81 56 0 0 35 0 0 0 0 0 0 0 57 37 0 0 0 0 0 0 15 11 36 0 0 31 0 0 50 52 0 74 28 12 65 51 0 54 9 0 0 0 30 6 73 38 
0 0 0 0 0 53 0 73 16 55 0 66 56 81 14 0 49 35 0 0 0 0 0 0 0 0 77 48 0 74 0 0 0 0 29 0 0 0 23 0 41 26 5 69 0 18 0 0 0 0 72 64 0 62 0 0 0 0 50 43 0 46 0 0 0 0 75 0 44 0 63 0 36 59 0 61 33 0 28 19 0 
2 27 39 68 0 0 11 0 57 46 36 0 0 0 0 45 1 13 0 0 54 50 0 64 0 71 0 51 63 0 0 0 0 16 65 0 0 59 0 0 0 8 61 0 0 0 60 52 0 0 0 19 0 25 40 0 0 4 55 0 0 0 69 0 0 56 47 29 37 0 20 3 0 41 0 0 80 0 0 0 0 
0 0 23 0 22 0 0 28 0 12 30 38 73 0 0 0 0 0 0 55 68 0 58 27 0 0 15 21 0 75 0 0 0 0 0 24 0 1 49 63 74 71 0 0 0 45 36 29 51 0 0 59 40 0 37 0 0 0 39 0 0 0 0 0 0 0 6 26 0 0 76 19 0 0 77 0 34 64 0 31 0 
0 64 44 9 69 20 0 0 32 34 0 0 40 0 21 0 62 51 28 0 0 66 0 0 43 35 0 0 0 0 0 3 0 0 4 25 0 0 18 0 0 58 13 0 15 17 0 0 0 0 39 61 0 0 0 38 74 12 79 0 0 80 60 11 0 57 2 73 49 54 0 70 45 0 0 0 16 55 76 0 0 
0 55 66 0 0 75 0 0 0 0 0 0 0 0 10 20 6 68 2 72 0 7 0 0 30 0 0 40 49 0 0 0 0 19 5 56 65 0 48 0 0 0 0 67 0 73 12 13 0 0 69 0 0 11 71 0 0 0 0 0 23 0 33 0 0 17 27 43 80 59 0 0 39 15 0 0 0 0 0 1 0 
15 0 49 5 0 61 0 81 0 0 52 0 0 57 0 0 18 19 74 0 46 67 0 0 69 0 8 55 53 39 0 77 0 0 14 47 0 30 0 0 0 25 73 45 2 0 71 0 26 20 76 42 0 0 0 0 29 0 0 75 56 24 0 0 36 0 48 79 0 0 0 10 0 58 51 0 0 0 4 0 0 
40 58 38 47 0 0 0 0 0 0 0 0 24 16 71 0 0 4 0 29 0 0 59 0 18 0 0 0 61 79 0 0 36 0 37 1 0 0 0 32 20 50 77 3 75 21 9 0 8 0 44 31 0 2 0 52 49 54 34 0 0 0 76 13 0 55 0 46 0 0 15 0 74 48 60 0 57 0 0 72 35 
0 39 7 0 14 80 23 0 43 0 24 0 0 0 77 0 0 76 0 64 0 18 0 0 0 0 5 81 0 0 0 0 0 22 0 0 0 46 79 0 40 1 0 0 32 0 17 0 36 0 15 0 62 0 0 0 53 0 0 48 59 49 0 0 0 47 0 38 0 0 0 0 0 8 29 0 0 4 0 12 75 
0 0 64 74 70 0 67 20 0 43 21 0 0 0 78 0 46 61 0 63 0 8 17 31 0 0 53 3 77 51 58 0 0 23 34 11 25 65 33 0 0 47 39 0 69 0 0 0 0 56 0 0 76 0 16 44 0 0 2 0 18 75 0 0 6 0 14 0 0 32 1 27 0 0 0 60 81 57 0 45 10 
0 0 48 0 0 5 13 27 72 0 0 70 0 0 0 0 64 81 0 0 77 68 0 0 14 0 40 62 0 10 8 18 0 0 78 0 0 53 19 0 45 42 57 0 0 0 67 61 0 25 58 3 71 0 20 11 80 0 69 0 79 0 55 0 39 75 54 0 0 76 0 0 0 0 44 73 32 36 0 49 17 
0 42 0 40 53 0 0 45 0 3 34 27 0 18 0 11 15 62 44 28 29 0 0 0 0 78 0 49 0 0 67 4 6 0 57 31 59 0 17 76 24 2 70 0 8 9 0 0 0 41 50 26 32 0 0 0 68 0 71 0 0 23 0 19 0 81 0 80 79 0 52 20 48 0 0 22 0 0 0 51 0 
0 11 0 2 3 0 54 32 0 52 42 0 0 0 0 53 9 0 0 70 79 24 39 0 0 47 74 46 0 27 69 0 0 59 1 0 0 44 0 55 66 48 0 75 10 12 5 60 4 38 45 16 0 23 0 0 0 19 30 0 76 0 64 62 25 0 0 0 57 0 28 0 0 0 0 0 7 0 0 63 0 
0 0 0 76 0 0 0 0 0 0 14 73 0 10 0 0 0 57 27 0 75 0 51 0 22 0 30 61 0 21 56 0 35 0 0 72 12 41 52 74 31 6 23 0 62 0 0 28 24 0 0 40 0 53 3 67 0 63 5 46 0 29 0 0 0 45 18 70 43 11 66 42 19 25 50 80 0 0 0 0 78 
16 9 62 21 56 0 0 0 79 71 19 25 0 75 49 44 40 7 23 20 66 0 0 38 0 0 67 0 43 50 0 12 5 80 0 0 0 4 58 0 78 0 0 54 0 0 57 0 65 0 0 11 69 18 0 10 0 61 0 51 14 0 0 0 0 0 0 72 63 0 29 0 0 77 0 70 2 0 0 35 0 
26 25 0 0 35 65 57 31 0 63 0 4 0 0 0 0 0 12 0 0 0 49 21 69 0 42 0 0 0 0 75 41 53 0 0 0 0 0 81 56 68 0 0 0 64 27 37 1 77 0 14 33 0 19 17 43 38 47 0 70 78 0 0 46 0 51 0 10 74 0 0 0 0 34 0 15 0 0 39 52 6 
61 19 0 51 0 33 0 0 46 54 55 0 0 0 0 0 39 72 0 58 0 0 0 6 3 10 0 0 17 0 47 0 79 0 20 0 0 0 60 0 0 0 0 22 11 0 64 0 52 0 0 49 75 0 57 0 0 81 0 34 0 32 0 36 65 40 0 77 2 0 30 0 14 0 0 59 27 0 0 0 0 
