9
0 0 1 22 0 5 74 0 39 53 0 4 0 0 0 0 33 36 0 0 0 0 68 81 52 23 0 0 44 65 0 79 15 66 0 0 27 29 59 41 0 0 57 76 0 51 47 0 12 0 67 0 0 28 49 0 58 31 42 64 0 0 61 35 0 70 0 56 0 40 62 34 0 0 0 73 0 0 0 46 0 
0 61 45 0 56 52 0 48 71 80 27 0 60 75 0 0 8 50 46 32 11 30 0 22 7 0 0 0 58 0 0 62 0 0 0 64 23 0 5 0 0 31 0 17 0 0 0 0 0 26 0 65 0 21 1 68 9 0 77 54 0 0 35 67 0 37 2 0 0 0 0 0 33 74 0 0 76 0 28 0 0 
0 0 0 64 50 38 77 68 0 22 0 69 0 0 0 0 79 41 0 0 0 1 27 0 0 0 0 0 0 0 0 0 13 0 0 33 30 0 12 0 36 62 0 0 11 56 0 25 0 71 66 76 18 0 47 60 0 63 0 19 0 0 53 39 51 0 0 48 15 26 0 0 6 0 0 10 0 14 65 0 40 
59 0 0 76 44 0 0 15 36 45 0 0 77 43 0 0 0 62 35 4 25 0 33 0 6 0 0 68 0 0 5 70 0 0 14 0 20 0 0 0 0 34 55 0 71 0 8 72 31 61 49 40 0 0 0 0 12 0 0 0 0 0 24 0 0 66 74 0 0 0 22 60 38 0 18 0 0 30 0 0 78 
0 0 0 66 0 0 0 0 11 0 25 10 0 0 51 0 74 32 29 0 0 0 0 5 31 59 0 50 0 0 27 0 9 42 0 0 0 38 26 0 0 78 0 33 72 0 0 22 34 17 0 0 23 16 0 20 0 0 28 67 56 39 0 81 54 0 4 0 0 80 69 0 0 77 43 0 0 0 3 0 21 
0 73 80 81 75 27 0 0 35 17 0 0 0 67 0 6 76 0 64 20 71 24 0 65 0 9 0 0 0 0 0 34 56 77 0 16 37 58 0 0 4 0 28 0 0 3 68 7 0 52 0 63 0 5 0 50 0 0 10 14 51 55 0 32 0 44 21 78 30 72 0 42 0 60 12 0 31 0 0 13 22 
51 0 0 0 0 0 18 0 33 42 0 0 0 0 0 0 30 0 0 0 0 66 0 0 0 53 58 21 0 0 7 0 0 57 45 0 22 0 0 43 0 0 0 3 10 62 0 46 64 0 2 54 0 0 0 76 0 0 26 0 0 34 44 24 11 0 23 0 31 0 0 0 67 61 0 0 0 19 0 36 0 
0 23 0 0 17 0 0 0 25 28 0 56 49 12 0 5 0 3 75 0 0 0 0 77 72 0 0 4 39 0 19 36 22 0 0 24 0 53 1 0 18 0 0 0 0 9 0 0 0 0 29 11 30 10 78 38 0 43 0 0 0 48 0 59 0 0 73 0 57 0 47 33 16 0 35 37 66 0 0 0 55 
0 46 0 0 29 0 32 49 0 21 26 0 34 66 0 0 0 47 0 0 69 0 39 14 0 56 70 38 0 0 0 0 0 17 0 63 77 0 67 0 61 48 0 0 16 6 0 55 73 37 74 59 0 24 0 0 0 0 0 0 0 0 22 0 0 0 50 0 0 0 45 0 0 0 57 0 0 0 58 68 0 
17 0 0 49 7 2 57 0 0 0 72 77 0 0 0 55 65 59 37 0 0 0 0 0 0 71 1 0 0 0 32 0 80 0 76 81 0 40 0 0 0 73 0 0 0 16 50 3 0 4 0 62 14 11 0 67 0 22 0 0 0 0 0 0 0 0 58 13 20 0 68 0 36 63 61 0 18 60 0 31 15 
63 0 0 54 65 59 0 26 0 0 68 0 38 11 14 0 0 57 0 0 0 0 0 0 0 0 0 43 31 25 0 0 71 3 0 23 55 0 0 48 10 0 0 67 0 0 74 0 0 39 47 8 0 0 0 0 0 0 75 0 0 61 30 0 0 0 0 4 17 0 7 66 73 0 0 28 33 0 0 0 0 
0 13 0 0 0 64 21 61 27 0 0 0 1 31 0 0 10 0 55 0 0 16 8 0 56 65 0 0 0 0 0 77 0 47 62 75 72 12 0 0 0 42 46 0 0 0 0 0 5 0 33 38 19 0 0 0 7 76 0 0 0 40 0 50 0 0 0 23 36 28 0 69 51 45 0 59 0 4 0 57 0 
43 28 0 0 0 0 0 62 19 66 0 0 16 0 0 42 0 0 39 0 0 73 44 0 0 60 81 78 0 0 0 0 0 0 0 0 36 76 4 0 69 0 13 0 0 0 0 63 0 0 10 37 0 64 0 0 0 0 0 49 65 21 0 46 0 79 0 1 41 0 31 0 0 0 67 0 0 0 0 29 0 
0 20 33 79 0 0 0 80 14 0 0 0 37 0 30 0 28 12 0 24 0 0 67 72 0 78 0 9 21 0 0 10 0 0 65 50 0 0 0 58 3 7 0 49 18 0 0 54 42 0 0 0 61 43 16 0 0 0 2 69 0 60 66 29 0 6 63 0 0 0 0 0 22 76 75 68 27 23 0 53 0 
18 11 0 0 30 0 78 16 50 20 0 7 43 36 9 0 0 0 69 63 23 35 3 0 66 31 0 67 0 0 0 27 40 0 56 45 0 0 0 0 62 80 0 0 26 0 71 0 59 6 34 0 49 53 72 0 0 0 0 0 0 51 0 0 37 5 0 0 0 61 32 0 0 44 46 0 0 52 0 0 0 
0 40 0 3 67 12 70 0 0 0 17 45 44 0 61 69 4 21 0 0 0 0 58 0 0 5 47 19 0 24 0 0 60 0 16 72 0 2 65 0 63 43 0 30 0 76 0 0 32 0 0 0 68 0 29 41 0 20 46 0 50 0 55 0 80 75 51 10 59 11 0 0 79 66 0 64 0 7 0 0 0 
23 5 0 0 4 0 0 52 0 60 0 0 0 0 0 53 0 0 7 61 0 0 41 36 0 62 0 0 64 0 0 63 0 59 58 15 21 44 27 31 1 0 0 0 0 65 0 56 78 55 12 77 0 26 6 45 0 0 32 10 0 0 0 0 0 0 19 70 0 0 16 76 69 0 0 0 80 0 0 8 0 
47 1 0 6 0 0 0 69 0 0 0 34 0 22 67 50 81 46 28 0 76 20 14 0 0 64 0 0 18 0 48 0 41 0 26 0 57 0 0 61 0 0 33 8 17 0 45 0 0 0 0 0 0 0 27 0 0 0 0 0 0 0 0 0 65 39 78 0 0 0 0 0 0 3 0 43 0 77 0 0 0 
64 12 75 18 0 0 68 33 59 51 0 65 0 38 0 0 0 22 15 0 55 0 47 0 43 63 53 0 0 71 25 0 54 81 72 0 0 14 0 28 57 0 36 0 35 39 23 0 60 0 30 0 0 0 19 48 0 0 0 3 8 0 13 0 62 41 42 0 27 5 11 9 0 1 0 0 40 0 0 0 0 
73 0 20 0 0 0 31 46 26 35 0 0 7 59 0 0 23 0 58 0 0 0 34 44 0 11 65 0 0 0 78 0 0 0 60 8 81 6 0 17 25 77 70 43 69 0 0 0 62 0 61 0 0 40 0 15 67 0 0 0 22 0 37 0 21 19 53 0 76 51 0 50 68 0 24 0 54 28 4 71 16 
0 0 0 0 45 21 0 0 0 0 69 68 0 0 0 0 0 58 0 56 0 40 18 29 20 0 33 0 0 26 0 0 0 79 0 4 52 0 0 0 78 0 2 0 0 0 72 76 50 81 36 0 54 0 0 0 49 0 1 73 0 0 47 0 16 0 22 61 67 59 23 31 66 19 32 0 12 44 51 14 0 
66 0 0 2 36 17 0 81 24 0 0 0 0 62 19 10 0 42 0 0 0 0 71 0 4 14 0 0 33 9 37 0 0 0 0 20 40 0 0 13 0 74 7 45 80 26 0 0 58 53 0 0 73 0 0 64 0 0 61 0 0 38 52 0 44 0 0 46 0 32 70 57 0 8 34 0 5 65 0 0 63 
0 0 15 0 53 76 39 0 72 0 0 0 70 30 0 0 11 0 9 0 0 0 6 7 67 42 59 57 0 44 0 0 65 0 0 66 0 24 56 50 0 0 3 0 33 8 0 1 0 0 0 0 29 0 0 2 27 46 63 0 60 31 32 36 71 0 64 28 0 0 26 0 35 78 22 62 0 0 0 43 0 
56 0 47 70 0 23 51 0 0 0 53 0 0 72 0 0 0 0 79 46 2 0 16 64 26 0 0 73 38 68 0 67 0 0 0 58 75 0 0 0 76 0 0 55 0 66 0 37 19 0 42 45 0 0 0 28 10 7 41 18 54 0 0 0 0 60 0 20 0 0 0 0 77 0 0 0 59 36 9 69 11 
38 29 0 0 78 0 0 60 16 0 64 76 17 2 0 80 50 0 0 0 0 54 0 61 13 77 32 0 10 49 0 48 0 0 0 53 73 66 0 0 0 72 0 0 4 7 0 67 70 9 0 0 0 25 20 0 0 56 11 26 75 0 14 0 40 0 1 0 33 0 37 68 0 0 0 41 15 39 31 79 0 
11 0 62 9 0 0 40 0 0 0 0 0 71 0 0 41 0 0 68 22 80 76 70 0 0 66 0 5 61 0 47 2 21 64 0 29 8 0 0 79 0 0 0 0 48 0 27 34 52 32 35 24 65 0 0 16 0 42 44 55 74 36 51 54 0 38 75 0 0 10 0 0 45 0 0 33 0 0 46 0 0 
0 80 41 0 71 42 30 0 32 4 20 31 14 0 6 26 49 0 1 81 0 0 19 0 37 0 62 0 7 0 16 0 0 52 0 0 10 59 54 38 65 0 0 0 29 0 0 68 0 2 0 57 0 0 0 0 72 0 39 0 0 0 0 43 0 0 35 79 24 78 77 0 60 0 50 0 0 18 0 73 27 
16 17 0 0 2 37 7 55 0 0 0 26 79 0 0 38 0 0 53 0 0 0 29 0 0 0 46 8 0 28 23 0 0 0 52 19 5 30 61 0 67 32 0 27 0 70 57 71 0 51 69 0 25 50 24 9 56 0 64 20 34 47 0 0 0 22 12 0 0 0 40 0 65 0 0 18 63 3 0 60 0 
0 0 0 0 60 0 0 0 4 1 0 0 25 0 0 0 0 76 0 64 9 39 0 80 0 0 5 74 63 2 0 0 48 31 0 0 19 62 0 20 0 0 56 78 68 0 61 0 38 0 52 0 0 0 0 21 0 73 0 0 0 53 8 3 0 34 26 67 54 0 30 79 72 0 37 55 45 0 66 22 58 
79 44 0 0 0 51 1 0 0 58 0 0 0 0 66 0 78 19 3 0 0 0 55 0 0 68 77 0 56 0 57 29 0 45 20 21 38 0 16 36 0 0 0 63 0 23 0 0 14 0 41 0 0 30 0 0 0 0 0 0 62 37 0 0 0 50 52 76 0 9 60 0 46 0 0 0 0 43 59 33 69 
42 0 0 0 9 48 14 36 45 0 74 0 0 53 31 0 22 5 41 0 37 0 63 0 0 0 0 80 0 72 54 59 70 49 0 67 71 43 0 0 35 0 51 7 77 34 0 62 0 78 0 0 60 18 57 0 0 0 0 0 28 25 0 15 13 32 65 11 0 0 0 0 0 24 0 0 79 0 0 0 29 
26 0 74 65 0 39 50 30 67 0 54 37 57 40 20 62 0 0 0 70 0 52 60 0 11 0 0 79 43 0 42 0 66 0 81 38 31 3 13 22 17 0 44 6 0 0 21 0 2 29 0 0 0 0 36 0 45 32 0 0 0 0 0 23 0 0 69 0 48 0 0 25 47 0 51 0 0 0 0 0 0 
78 19 68 11 0 0 0 0 47 52 77 17 21 70 0 0 29 28 32 0 0 23 48 0 71 0 79 12 65 0 0 18 76 9 53 0 60 0 69 75 33 58 0 81 0 1 0 0 0 0 0 4 0 0 35 5 2 0 13 50 14 0 0 0 27 45 55 0 61 0 57 43 0 0 80 25 67 40 10 0 0 
0 6 0 0 34 8 0 0 12 75 0 27 0 71 33 2 0 30 0 38 7 18 62 47 25 67 36 15 0 0 4 50 0 22 0 17 41 79 0 45 0 23 49 0 0 55 20 0 40 74 0 35 48 0 63 0 77 0 0 0 19 78 81 5 53 21 37 0 66 0 56 0 1 16 11 0 0 0 0 0 31 
41 38 0 46 0 32 71 23 0 0 0 49 0 0 0 0 0 0 40 0 59 0 0 51 22 0 0 0 37 73 3 64 0 0 0 30 0 26 25 0 0 70 4 0 42 36 54 5 77 8 0 53 63 47 75 29 0 0 68 0 10 58 0 0 0 0 0 31 0 0 0 0 81 0 9 34 61 57 76 6 39 
0 25 57 24 33 0 63 0 0 0 13 0 0 51 50 4 0 44 21 35 0 2 0 0 54 0 0 0 40 0 0 0 0 16 0 39 0 0 34 1 0 37 0 52 66 0 46 0 6 22 0 0 9 58 48 0 43 61 67 0 0 0 0 0 0 64 0 42 14 0 0 0 0 38 0 0 78 0 73 62 0 
12 9 13 0 0 0 0 0 0 0 0 79 48 17 72 0 5 18 0 0 0 19 22 35 0 44 24 76 0 0 0 25 0 80 0 43 0 8 0 14 0 33 0 0 0 42 70 0 0 58 60 0 41 0 0 0 0 0 15 0 40 0 50 11 0 67 49 30 0 0 39 0 0 0 31 4 36 0 0 38 73 
0 0 0 26 23 35 8 42 0 0 16 29 0 0 0 0 0 51 0 72 0 46 56 0 38 25 0 32 0 0 30 0 52 0 0 27 53 0 74 0 55 0 0 18 15 0 0 0 49 0 0 0 0 63 39 0 13 47 0 17 0 0 0 0 22 0 81 0 0 31 0 0 43 0 33 65 77 0 60 0 75 
80 47 55 14 0 0 48 0 61 0 7 0 74 4 35 66 45 0 0 0 33 0 0 54 5 52 0 41 20 64 0 42 37 68 78 0 0 0 0 26 34 0 0 0 21 53 0 43 30 15 11 0 0 0 0 81 0 18 0 0 67 0 0 0 0 16 38 27 0 0 0 0 0 17 0 0 23 22 1 0 0 
6 0 0 0 24 0 0 0 0 19 40 2 50 0 0 59 0 11 76 0 0 0 37 0 47 80 74 0 12 70 26 46 0 0 0 14 0 0 0 71 0 0 23 0 36 38 16 75 81 33 0 0 0 54 56 22 62 69 0 63 35 3 0 0 0 0 0 15 0 68 5 0 0 0 29 0 30 45 0 51 52 
33 69 5 17 18 43 0 0 0 0 0 0 22 0 70 0 1 0 61 0 0 0 65 34 39 0 0 0 0 4 0 7 10 0 63 79 68 0 0 0 64 0 0 58 2 0 0 0 28 59 0 0 6 74 53 72 0 0 0 80 16 26 42 78 60 0 76 54 37 57 41 0 11 47 0 19 3 0 0 24 67 
0 36 65 38 76 53 62 51 56 0 0 0 39 63 0 0 27 0 0 0 0 9 26 0 77 48 50 71 29 67 81 0 74 23 33 55 0 10 73 0 0 4 59 0 52 0 0 0 0 0 0 66 0 19 11 0 0 24 0 0 1 70 41 61 0 0 0 8 0 0 0 0 0 20 0 0 0 13 78 35 0 
74 0 10 77 0 3 0 0 57 26 80 42 52 65 0 73 31 55 67 0 0 63 1 8 0 27 0 0 60 0 0 13 0 0 0 28 11 46 41 47 0 38 0 0 0 37 24 0 61 23 62 50 78 0 76 25 0 0 0 43 0 30 5 6 0 0 59 0 75 53 79 0 54 0 0 0 0 0 34 44 0 
25 34 29 0 0 0 2 20 0 38 0 0 0 0 0 30 0 0 43 0 0 59 0 78 0 0 64 3 0 36 0 0 0 0 24 11 0 32 7 69 79 0 27 0 76 0 4 0 56 47 8 26 46 39 73 10 0 77 48 57 61 0 0 0 0 72 0 0 19 74 0 0 0 37 0 0 41 42 0 12 0 
30 78 11 68 79 0 75 19 0 41 0 0 24 46 0 8 57 0 0 7 0 49 10 0 58 0 0 0 0 31 0 0 61 73 22 0 3 0 0 80 0 1 0 0 0 35 0 0 55 34 51 0 13 32 23 0 0 52 27 29 2 0 38 0 33 0 45 44 12 0 0 0 56 70 0 0 0 0 0 64 0 
0 68 42 0 0 0 29 0 49 0 73 81 30 0 47 18 0 0 0 0 19 8 0 0 0 54 0 34 0 78 45 0 36 70 7 0 28 0 2 25 77 39 50 57 0 0 0 53 76 75 0 0 24 0 26 52 0 0 0 0 63 22 0 31 0 0 0 0 44 43 1 0 74 0 0 11 37 0 0 0 61 
0 52 0 30 14 0 25 0 20 37 0 35 51 0 60 29 0 0 73 0 31 58 4 0 0 0 0 42 8 0 0 0 0 0 0 57 49 0 0 76 0 0 0 26 34 0 64 12 0 0 70 0 0 0 77 24 17 1 0 46 0 16 28 0 0 0 32 21 0 54 0 11 0 67 0 6 56 0 0 0 0 
0 2 77 51 19 0 3 9 0 0 8 0 27 0 0 21 71 0 0 11 72 70 0 0 0 69 0 0 0 39 46 58 20 0 50 0 80 0 0 0 0 66 17 38 81 0 0 79 0 65 15 22 59 61 0 33 37 36 0 0 0 5 54 0 0 53 10 0 0 7 6 0 0 40 0 30 1 55 0 45 47 
65 32 0 39 1 0 0 64 79 0 76 54 0 0 0 0 0 67 0 0 0 0 0 0 0 51 0 0 0 0 12 0 63 0 38 77 6 23 18 40 0 13 0 0 0 74 0 0 0 0 0 19 0 62 0 0 0 0 50 75 0 20 11 0 0 36 61 52 0 0 66 0 28 0 70 35 25 17 0 0 33 
0 0 36 0 0 0 4 41 0 0 42 22 0 0 26 11 63 0 0 0 27 57 15 40 0 47 0 0 0 0 59 37 79 71 80 0 0 21 24 72 44 30 0 0 43 60 0 6 25 0 0 16 17 68 74 0 76 39 31 0 0 67 78 19 18 73 0 65 0 29 12 0 0 0 13 0 51 38 0 0 34 
0 21 60 0 48 61 0 0 75 5 24 0 0 77 28 0 25 0 20 0 63 0 43 56 0 0 38 72 32 0 31 0 0 10 0 73 0 22 0 0 0 0 67 0 7 14 0 51 35 0 0 0 11 0 0 13 65 71 19 0 0 49 0 0 0 33 0 0 8 0 0 0 27 0 0 54 29 46 39 0 0 
0 0 0 37 0 0 0 0 0 10 12 0 0 74 78 0 0 53 44 67 0 0 59 0 35 0 0 30 0 1 0 65 28 13 0 0 0 11 42 0 0 0 58 14 0 0 5 40 0 27 0 0 0 57 79 0 51 0 29 21 0 43 2 0 0 0 20 0 22 0 64 0 32 0 19 0 8 15 23 50 0 
35 0 6 58 0 11 72 17 0 65 50 43 0 0 15 0 36 0 0 0 60 48 77 0 53 0 68 64 27 14 0 40 0 21 66 54 74 0 8 19 46 71 0 0 12 0 78 39 0 13 32 0 37 9 0 0 70 0 0 38 0 0 0 56 0 0 67 0 5 0 51 30 0 0 0 0 22 0 20 0 3 
0 0 0 0 22 46 0 0 0 72 23 40 0 0 1 44 0 0 0 14 0 0 0 28 0 0 0 0 0 0 0 9 4 0 48 41 51 0 35 0 0 10 29 0 79 18 0 0 0 50 0 0 43 52 12 0 30 0 66 0 55 0 64 38 0 25 0 34 0 0 76 0 5 65 77 0 42 58 0 21 80 
37 0 24 0 0 0 0 0 10 0 0 0 0 16 0 51 0 1 63 0 0 0 0 0 49 21 56 55 80 23 72 81 32 74 0 0 79 0 0 9 22 68 0 44 0 0 17 0 26 25 0 0 50 67 0 0 0 0 43 0 0 33 19 0 0 61 0 0 0 20 0 0 0 0 0 78 48 34 0 18 7 
0 42 49 31 0 0 17 1 0 36 81 50 28 0 77 27 0 65 0 0 0 0 30 59 16 0 0 13 5 0 33 45 0 62 9 46 48 18 0 0 74 0 0 0 39 47 0 0 8 0 64 0 0 0 21 34 20 0 72 0 0 0 0 0 19 0 0 25 79 44 0 40 0 0 55 60 0 0 0 0 0 
14 0 0 0 0 26 0 0 0 30 57 33 0 0 38 0 0 7 0 0 1 37 0 0 44 19 72 0 0 0 0 66 43 8 0 31 2 0 0 0 0 60 78 0 0 58 34 0 0 40 76 0 15 77 32 70 69 28 0 0 47 63 0 73 0 74 36 0 0 0 0 0 9 0 54 0 65 0 29 0 0 
54 0 48 25 0 41 36 22 44 32 79 0 0 0 75 17 0 9 0 0 0 0 0 24 0 58 0 0 35 50 11 0 0 78 77 0 0 0 0 37 0 0 0 47 20 0 39 23 4 10 0 3 0 0 31 61 66 0 0 0 38 52 76 0 42 0 5 59 7 1 34 0 0 0 30 67 13 6 16 0 0 
77 27 78 45 0 30 0 0 2 29 0 71 0 19 46 24 0 0 0 0 35 55 0 0 15 0 0 0 0 57 0 28 0 0 0 47 1 34 0 33 0 59 26 0 0 0 0 18 0 0 0 7 0 0 22 0 40 0 0 0 11 65 67 0 58 0 8 0 32 0 0 0 80 0 20 0 43 49 0 56 81 
0 58 63 59 0 19 80 0 0 31 0 20 15 0 5 0 0 0 0 78 54 0 17 79 0 70 0 0 0 0 53 0 64 25 34 0 67 77 0 0 0 61 0 0 0 72 0 45 0 0 0 9 51 6 0 0 36 0 14 16 0 2 0 0 0 0 0 0 23 0 0 0 57 33 0 0 44 32 0 74 0 
0 76 0 0 0 74 0 0 0 0 61 0 0 3 54 25 0 72 0 0 0 32 0 18 0 39 7 59 36 6 56 0 0 0 2 0 29 63 31 0 81 27 0 0 0 0 12 0 0 0 0 0 0 0 0 0 41 0 17 51 0 0 0 0 0 69 66 0 53 35 33 65 0 0 45 0 0 50 0 0 0 
32 57 72 55 21 7 67 29 64 0 78 0 0 0 0 0 0 49 34 9 0 81 0 50 0 74 0 16 52 30 0 0 17 51 0 0 76 80 0 12 0 0 69 13 0 0 0 20 0 0 0 36 70 0 18 0 68 75 24 0 5 35 1 0 0 31 62 3 43 60 28 0 42 39 26 0 38 27 0 0 0 
20 0 61 33 15 34 0 0 65 8 0 0 55 52 74 22 0 2 45 0 47 77 0 0 3 46 0 0 75 54 0 14 42 0 4 0 0 0 0 49 0 0 0 0 5 48 0 66 13 21 0 29 38 0 10 26 0 0 62 0 59 0 0 63 0 11 6 0 0 0 0 72 0 0 0 0 0 0 0 0 0 
15 45 0 0 59 0 0 0 0 68 0 0 0 29 34 0 52 35 74 25 0 44 0 0 30 7 43 0 66 0 61 0 0 27 36 0 0 0 0 0 28 26 60 71 0 0 0 0 0 0 50 0 58 0 42 56 21 5 0 0 31 4 70 0 0 0 0 22 47 24 0 1 0 54 65 40 0 0 0 0 0 
1 60 0 0 0 18 0 28 6 0 4 36 0 0 0 0 75 48 0 65 67 12 0 38 41 0 73 52 0 0 80 0 35 0 0 9 0 64 0 0 0 20 54 0 53 11 0 0 24 0 0 68 0 0 69 51 0 0 0 0 0 50 0 71 31 0 0 0 21 66 0 0 0 56 23 0 16 25 0 5 0 
0 64 27 0 0 0 23 31 54 0 43 63 0 50 0 0 58 37 19 68 45 0 0 57 0 0 35 0 6 22 40 0 0 0 71 51 69 4 38 8 0 24 0 0 75 12 0 10 0 0 21 0 44 46 0 59 0 0 0 47 17 0 0 42 0 77 0 33 78 0 72 0 0 52 0 0 20 9 26 28 0 
50 0 25 29 0 36 24 0 0 54 0 0 32 79 76 0 0 31 56 33 0 0 0 0 0 0 63 0 0 7 0 55 14 0 64 68 43 0 0 0 0 57 0 0 37 0 0 80 74 0 0 51 0 8 66 46 22 0 38 0 3 0 0 0 0 17 0 0 11 65 0 0 0 48 0 27 6 47 69 0 0 
0 0 38 0 0 0 0 0 0 0 0 0 0 15 55 0 16 61 0 0 0 0 69 0 17 8 0 0 79 45 73 0 47 0 0 18 62 0 78 0 0 0 0 0 44 0 0 0 0 0 4 64 7 41 0 39 25 0 0 0 0 19 75 0 0 40 0 49 0 3 29 0 13 0 0 14 71 0 68 0 50 
0 0 43 0 0 0 0 0 0 40 0 0 0 7 0 0 0 0 66 0 46 64 0 0 0 0 0 0 59 77 38 0 44 0 70 48 42 56 14 0 0 0 0 50 0 31 29 0 9 49 0 81 0 0 0 0 63 79 12 0 0 0 60 62 30 0 0 0 0 0 0 28 0 80 17 0 0 0 19 0 0 
55 0 46 75 41 0 0 34 0 70 0 0 0 69 0 49 0 78 0 0 29 47 54 62 42 0 0 0 28 0 63 21 30 0 0 1 59 67 0 0 0 65 61 31 19 52 43 38 0 45 0 0 40 0 0 27 0 0 36 0 53 10 0 80 0 0 0 2 56 37 0 0 0 18 0 0 4 79 0 0 60 
19 0 0 44 0 56 0 65 0 23 14 59 66 0 11 0 0 26 0 0 0 78 0 60 70 3 9 81 13 75 10 0 0 0 0 74 0 0 0 0 0 0 0 40 0 0 6 16 0 0 37 0 22 0 0 71 0 0 18 68 52 0 20 0 0 0 7 50 69 0 0 61 0 0 53 77 73 1 0 0 0 
0 53 26 40 0 68 37 0 21 77 0 0 81 0 0 1 19 0 4 0 79 22 75 52 51 6 55 11 0 0 50 0 46 67 0 0 25 0 33 0 9 0 0 0 0 28 0 0 0 0 14 71 57 56 54 44 0 0 0 0 0 7 0 0 0 0 60 0 39 48 0 8 61 12 0 58 35 76 0 70 36 
75 31 17 53 25 0 15 0 0 0 0 0 36 57 7 0 51 0 0 0 34 56 21 0 0 22 0 35 0 0 0 0 0 54 29 0 0 69 0 0 0 52 66 59 50 20 0 0 67 0 38 74 0 72 0 0 0 0 47 0 0 0 63 60 68 0 0 6 0 39 0 0 19 0 0 0 0 37 41 0 13 
0 0 0 35 0 0 0 0 0 18 75 0 0 5 0 40 43 27 70 0 0 11 7 37 36 0 57 0 81 0 67 0 0 63 10 0 0 0 3 21 45 56 76 0 0 0 0 0 0 0 46 41 16 48 0 12 0 0 0 1 0 15 0 20 61 0 0 0 29 49 2 13 53 0 0 0 0 0 0 65 54 
0 0 0 0 0 0 0 5 0 0 0 74 78 0 0 0 0 6 10 0 26 3 0 13 69 0 0 0 9 38 0 0 0 0 0 44 12 19 57 0 0 14 48 0 0 0 0 30 0 0 0 23 2 0 65 36 0 0 0 0 0 0 0 0 50 43 0 62 71 4 21 7 70 22 42 20 32 0 0 63 0 
57 71 67 36 28 0 0 0 37 0 0 0 13 68 0 0 47 34 0 0 24 0 0 0 63 0 0 0 70 0 51 0 0 58 21 32 78 0 62 65 0 0 0 0 0 61 59 11 53 12 0 25 52 4 0 31 3 0 0 0 44 0 72 48 55 0 0 5 64 0 19 26 15 0 0 0 46 29 75 40 10 
0 0 0 0 0 0 0 21 0 0 0 30 54 0 0 0 53 66 0 0 16 0 0 25 0 0 0 23 0 27 64 56 0 2 0 34 0 0 29 7 68 79 0 75 0 43 0 0 0 0 0 0 0 71 60 8 28 0 55 0 0 74 0 58 36 9 0 32 0 0 78 18 52 0 38 0 50 0 81 0 0 
13 0 3 62 0 78 6 0 74 0 0 0 42 0 21 0 67 64 47 19 81 45 2 9 61 0 0 18 0 0 0 26 50 0 41 22 0 36 72 4 23 0 0 35 27 77 0 29 51 5 63 0 55 0 38 0 79 0 70 66 20 0 0 25 0 0 57 0 40 0 0 16 14 0 73 0 0 80 48 58 8 
0 0 0 0 0 40 81 0 0 0 0 0 0 0 58 0 72 0 0 54 0 0 80 41 0 43 60 31 4 59 74 0 0 0 15 0 63 49 0 0 32 0 64 0 0 78 35 0 0 0 0 0 26 76 0 37 48 0 5 13 0 75 0 79 38 1 3 0 70 0 52 0 39 0 44 7 57 0 0 47 71 
0 50 0 0 0 0 47 0 43 0 60 19 12 0 0 15 0 8 0 5 0 68 0 71 0 0 42 7 0 11 52 57 33 65 13 78 0 20 0 39 0 0 0 0 25 54 0 0 66 0 0 0 0 0 0 40 61 35 4 0 73 0 10 53 0 46 0 74 28 41 67 0 18 0 0 9 0 0 0 30 17 
0 0 0 42 0 0 38 0 0 50 46 24 26 0 0 52 37 23 0 49 6 74 53 58 0 28 0 0 0 0 55 39 0 0 1 36 0 0 11 77 0 40 0 0 0 0 0 0 0 60 0 70 0 73 0 54 59 0 0 0 80 29 71 0 72 0 44 0 45 76 0 0 25 0 0 0 34 21 64 0 4 
