Success! Time: 10.566857
21 14 23 7 3 25 2 15 18 17 5 11 4 6 24 10 8 12 9 20 1 19 16 13 22 
1 6 24 10 13 4 12 9 5 3 20 2 16 22 18 14 17 19 7 11 21 8 23 25 15 
11 5 17 15 12 6 7 16 23 24 21 9 19 8 14 1 22 25 13 4 3 2 18 20 10 
22 25 8 2 4 1 20 11 13 19 15 7 3 10 23 24 5 16 21 18 9 17 14 6 12 
18 20 9 16 19 14 8 22 21 10 17 25 13 1 12 2 15 6 23 3 5 24 4 11 7 
4 23 20 17 8 21 10 5 15 18 22 24 12 11 3 13 25 2 19 1 6 7 9 16 14 
16 18 15 3 14 2 17 12 8 22 19 1 9 25 4 11 24 7 6 5 10 23 20 21 13 
25 1 2 24 6 13 9 19 4 16 23 21 7 15 10 8 20 22 17 14 12 18 3 5 11 
5 12 21 19 22 11 6 7 24 14 2 13 8 20 16 3 10 23 18 9 4 25 17 15 1 
10 13 7 11 9 3 1 23 20 25 14 5 6 18 17 16 4 21 12 15 8 22 2 19 24 
19 24 10 20 23 12 15 6 11 8 7 18 17 2 9 21 3 1 16 25 13 4 22 14 5 
15 8 6 12 1 9 22 25 14 2 16 10 5 21 20 17 23 13 4 24 11 3 7 18 19 
2 9 5 4 25 19 13 21 7 1 3 8 23 24 22 18 12 11 14 6 17 16 15 10 20 
3 16 13 14 18 17 23 24 10 20 6 4 11 19 1 5 7 8 15 22 25 21 12 2 9 
7 11 22 21 17 18 3 4 16 5 13 14 25 12 15 9 2 10 20 19 23 1 6 24 8 
24 19 18 1 5 8 4 14 17 6 11 16 10 9 21 23 13 15 3 7 22 20 25 12 2 
8 7 3 22 2 10 16 20 1 9 25 17 15 14 13 6 21 4 24 12 19 11 5 23 18 
20 10 25 6 21 24 19 13 3 7 18 12 1 23 5 22 16 9 11 2 14 15 8 4 17 
13 4 16 23 11 15 5 2 25 12 24 20 22 3 8 19 18 14 10 17 7 6 1 9 21 
14 17 12 9 15 23 21 18 22 11 4 19 2 7 6 25 1 20 5 8 24 13 10 3 16 
23 15 14 8 16 20 24 17 9 21 12 6 18 4 25 7 11 5 1 13 2 10 19 22 3 
9 22 11 18 20 7 14 10 12 4 8 3 21 13 19 15 6 17 2 23 16 5 24 1 25 
17 3 19 25 7 16 11 1 6 15 10 23 20 5 2 12 9 24 22 21 18 14 13 8 4 
12 2 4 13 10 5 18 8 19 23 1 22 24 17 11 20 14 3 25 16 15 9 21 7 6 
6 21 1 5 24 22 25 3 2 13 9 15 14 16 7 4 19 18 8 10 20 12 11 17 23 
