Success! Time: 14.507841
7 22 3 6 14 1 8 5 13 25 18 11 10 19 15 4 20 12 9 23 17 2 16 24 21 
9 18 4 17 19 24 22 12 3 6 14 21 25 7 13 1 8 2 16 15 10 5 11 20 23 
20 13 1 16 12 10 7 2 21 11 23 6 5 8 9 14 24 18 3 17 25 19 22 15 4 
21 24 2 23 11 14 15 19 9 17 20 3 4 16 12 25 5 10 6 22 8 1 18 7 13 
10 5 15 25 8 4 18 16 23 20 24 1 2 22 17 21 19 7 11 13 9 3 14 6 12 
3 17 5 24 25 12 11 18 20 8 15 22 9 21 6 16 2 23 4 1 7 13 19 10 14 
11 6 16 20 21 5 19 9 4 13 8 23 3 24 2 10 18 14 7 12 1 25 15 22 17 
8 12 7 14 23 16 6 15 1 22 17 10 18 11 19 3 13 5 25 9 21 4 20 2 24 
13 15 9 1 18 2 17 3 25 10 7 14 16 20 4 6 21 22 24 19 5 8 12 23 11 
22 19 10 4 2 21 23 14 7 24 5 25 12 13 1 17 11 15 8 20 3 9 6 18 16 
16 7 20 12 3 18 10 25 19 9 1 8 13 6 22 2 23 21 15 14 4 24 17 11 5 
19 14 17 2 4 6 20 21 5 16 10 24 15 23 18 11 9 25 12 8 22 7 13 3 1 
24 21 22 5 6 17 1 11 8 23 4 20 14 9 25 7 3 13 19 18 12 10 2 16 15 
15 1 8 18 13 3 12 7 24 2 16 19 11 17 21 22 4 20 10 5 6 23 9 14 25 
23 25 11 10 9 15 4 13 22 14 12 5 7 2 3 24 1 6 17 16 18 21 8 19 20 
25 11 14 19 5 8 9 4 18 15 22 7 21 1 16 12 6 3 2 24 20 17 23 13 10 
2 16 23 3 17 7 24 20 10 12 13 15 6 4 11 18 22 8 5 21 19 14 25 1 9 
6 8 24 22 20 25 2 1 11 19 9 17 23 3 5 13 15 4 14 10 16 12 7 21 18 
18 4 13 7 15 22 3 23 16 21 25 12 20 14 10 9 17 19 1 11 24 6 5 8 2 
12 10 21 9 1 13 14 6 17 5 19 2 24 18 8 20 7 16 23 25 11 15 3 4 22 
4 2 12 8 10 19 21 22 6 18 11 16 17 25 24 23 14 9 13 7 15 20 1 5 3 
1 20 25 15 7 9 16 8 2 3 21 13 19 10 23 5 12 11 18 4 14 22 24 17 6 
17 23 19 11 22 20 13 24 12 4 3 18 8 5 14 15 25 1 21 6 2 16 10 9 7 
14 3 18 21 16 23 5 17 15 7 6 9 1 12 20 19 10 24 22 2 13 11 4 25 8 
5 9 6 13 24 11 25 10 14 1 2 4 22 15 7 8 16 17 20 3 23 18 21 12 19 
