Success!!! 
 
 max_col = 
 36 
 
 run_time = 
 37.942718 
 
 once iters = 
 7428278 
 
12 20 32 9 33 10 22 24 36 4 17 6 31 35 15 23 26 11 29 25 5 3 27 19 28 14 7 8 16 2 21 34 13 30 18 1 
1 19 30 16 31 14 8 26 23 21 34 20 28 32 9 22 27 2 13 12 10 33 35 24 15 36 5 6 18 3 17 4 29 7 25 11 
21 5 25 27 22 15 31 33 18 2 3 29 19 17 16 6 12 30 14 8 1 7 28 34 11 24 32 10 4 13 23 9 35 26 36 20 
11 8 3 17 35 36 30 5 13 1 9 10 7 4 29 25 21 24 18 15 2 23 31 26 20 22 27 34 33 12 14 16 6 32 19 28 
23 18 2 4 28 34 11 12 32 16 25 7 36 1 33 5 14 13 20 21 22 9 17 6 31 19 29 35 26 30 15 24 3 8 10 27 
13 29 7 24 26 6 14 15 27 28 19 35 18 8 3 20 34 10 4 30 36 16 32 11 23 25 9 21 1 17 22 5 2 33 12 31 
30 34 9 22 32 7 29 11 15 14 28 21 6 18 24 27 17 4 16 19 20 5 1 8 12 13 31 3 2 35 10 26 25 36 33 23 
20 3 12 8 17 23 2 34 35 36 10 27 25 13 22 11 1 5 24 26 4 15 29 18 14 6 33 19 7 32 16 21 31 9 28 30 
10 35 26 29 5 33 4 18 7 30 16 17 12 3 19 15 20 21 36 23 25 11 6 31 27 9 22 28 24 8 34 13 1 14 32 2 
6 31 24 14 1 27 9 22 20 19 33 23 8 10 26 29 16 32 34 13 28 35 3 2 30 15 17 36 25 21 7 11 5 12 4 18 
18 15 19 25 4 2 32 31 12 13 24 26 35 34 14 28 36 7 9 33 27 21 30 22 10 1 11 23 5 16 8 3 17 20 29 6 
16 28 11 36 13 21 6 3 8 25 1 5 33 2 30 31 9 23 32 17 12 10 14 7 4 29 20 26 34 18 27 15 24 19 35 22 
8 33 21 11 16 26 34 17 6 35 2 3 9 36 20 14 5 18 7 27 29 30 13 15 19 32 24 4 23 25 28 31 12 22 1 10 
25 30 5 34 23 32 19 8 29 18 11 12 1 24 6 4 7 15 33 10 31 28 2 20 13 35 26 22 21 36 3 27 16 17 14 9 
24 2 28 10 3 1 36 13 22 32 4 31 26 27 12 21 19 8 17 9 35 34 25 23 5 30 16 18 14 7 6 29 20 11 15 33 
17 6 31 15 27 18 16 21 26 7 14 9 29 25 13 2 3 28 19 36 8 12 22 5 34 10 1 20 11 33 30 23 4 35 24 32 
4 14 35 7 9 29 33 1 28 5 20 30 32 22 23 16 10 34 11 3 6 26 24 21 17 8 12 15 27 31 25 18 36 13 2 19 
22 13 36 20 12 19 10 27 24 15 23 25 17 30 31 35 11 33 1 14 18 32 4 16 29 3 2 9 28 6 26 8 34 21 5 7 
28 1 4 30 20 31 26 29 16 24 5 15 22 21 11 13 8 3 12 7 33 6 18 27 36 17 10 2 9 34 35 32 19 25 23 14 
14 22 34 2 11 13 20 10 9 31 6 33 30 16 27 24 18 1 35 28 32 29 19 36 25 23 3 7 8 5 4 12 26 15 17 21 
3 23 8 26 29 5 17 2 19 12 30 18 34 9 36 7 28 35 25 24 16 31 15 4 33 21 6 32 20 14 11 10 27 1 22 13 
32 9 16 19 10 17 1 36 14 23 7 8 2 29 25 26 33 12 3 20 11 22 21 13 35 27 4 24 31 15 18 28 30 34 6 5 
27 12 18 33 7 25 35 4 21 3 32 22 15 20 5 17 23 6 10 34 26 1 9 14 16 11 13 30 19 28 24 2 8 29 31 36 
15 24 6 21 36 35 25 28 11 27 13 34 14 31 10 32 4 19 23 2 30 8 5 17 1 26 18 12 29 22 9 20 33 16 7 3 
19 25 1 32 21 30 12 7 4 20 31 2 23 11 35 18 24 14 27 5 3 17 26 29 22 34 36 16 10 9 33 6 15 28 13 8 
2 27 33 12 15 28 23 16 17 9 18 11 3 6 34 19 30 31 22 1 14 36 8 10 24 4 25 13 35 26 20 7 32 5 21 29 
9 10 17 13 6 8 3 30 33 26 15 1 27 7 21 36 29 16 2 4 24 20 12 28 18 5 19 14 32 11 31 35 22 23 34 25 
35 26 29 5 24 3 13 6 34 10 22 14 4 33 28 8 2 17 31 32 23 19 16 25 7 20 21 1 15 27 36 30 9 18 11 12 
34 16 22 23 14 11 24 32 5 8 36 19 13 15 1 12 25 20 21 35 9 18 7 30 6 33 28 31 3 29 2 17 10 27 26 4 
7 36 20 31 18 4 27 35 25 29 21 28 10 5 32 9 22 26 6 11 15 13 34 33 8 2 30 17 12 23 19 1 14 24 3 16 
31 4 13 35 30 12 5 25 10 17 27 24 16 28 2 33 32 9 26 18 34 14 20 3 21 7 23 29 22 19 1 36 11 6 8 15 
29 21 14 3 8 22 7 20 2 11 12 16 5 26 17 34 6 36 28 31 19 27 10 1 32 18 15 25 30 24 13 33 23 4 9 35 
33 11 15 28 2 20 21 23 30 34 35 32 24 19 18 1 31 22 8 16 13 4 36 9 26 12 14 5 6 10 29 25 7 3 27 17 
5 7 23 6 25 24 18 9 1 22 26 13 21 14 4 10 35 27 15 29 17 2 11 32 3 16 8 33 36 20 12 19 28 31 30 34 
26 32 27 1 19 9 15 14 31 33 8 36 20 12 7 3 13 29 30 6 21 25 23 35 2 28 34 11 17 4 5 22 18 10 16 24 
36 17 10 18 34 16 28 19 3 6 29 4 11 23 8 30 15 25 5 22 7 24 33 12 9 31 35 27 13 1 32 14 21 2 20 26 
################proper############## 

 average_time = 37.942718 

 success runs = 1 

 total average iters = 7428278.000000 
