Success!!! 
 
 max_col = 
 36 
 
 run_time = 
 1.593666 
 
 once iters = 
 450053 
 
32 29 13 21 20 7 34 36 27 8 28 15 23 35 10 14 3 26 19 11 2 17 33 16 24 12 1 22 4 18 9 25 6 30 31 5 
35 12 4 14 5 2 23 18 31 26 6 22 16 7 19 34 21 25 9 27 15 20 1 24 36 32 17 30 11 29 3 28 10 33 13 8 
30 18 25 36 19 34 33 20 17 24 12 4 9 31 22 2 11 6 3 7 10 14 35 23 13 5 16 8 28 27 32 26 29 21 15 1 
17 26 27 33 3 28 21 5 35 1 16 14 36 29 4 12 15 32 31 25 8 6 30 13 2 9 10 19 23 34 18 22 20 7 24 11 
9 11 24 31 6 1 13 29 10 2 19 7 8 33 17 30 5 18 32 28 22 12 21 36 20 26 15 3 35 25 16 23 14 27 34 4 
15 23 10 16 22 8 3 25 11 32 9 30 24 20 27 1 13 28 4 29 34 18 26 5 21 6 33 7 14 31 19 2 12 36 17 35 
14 15 3 17 11 5 7 6 33 9 13 21 19 2 34 16 25 22 36 26 20 29 32 31 35 30 8 10 27 1 4 12 24 18 28 23 
18 30 16 23 29 20 1 28 5 17 3 31 14 6 36 15 4 12 8 19 35 11 25 10 7 13 24 21 9 32 22 34 26 2 33 27 
27 34 9 7 33 19 36 35 24 23 15 26 28 21 1 32 31 20 30 2 17 5 22 4 29 18 11 6 12 16 14 13 8 3 25 10 
24 32 26 13 12 31 16 11 30 18 10 8 3 27 5 33 35 17 28 9 23 34 14 6 15 25 36 4 22 2 20 21 7 19 1 29 
8 25 28 4 35 36 2 27 32 22 20 19 10 11 30 18 7 29 24 21 33 13 12 1 3 34 26 23 5 14 17 31 9 15 6 16 
6 2 1 22 10 21 4 12 25 14 29 34 13 8 23 24 26 9 7 18 27 15 16 3 19 17 31 28 33 20 36 32 11 5 35 30 
19 14 32 2 28 9 17 8 6 13 11 35 27 26 3 4 12 7 20 5 21 30 31 29 25 24 34 1 36 33 23 16 22 10 18 15 
29 4 20 24 18 13 30 9 16 33 14 32 1 23 28 36 2 8 26 15 19 10 34 22 6 35 27 5 3 21 31 7 17 11 12 25 
26 21 6 11 36 27 22 15 2 4 5 18 33 32 25 31 34 10 23 13 12 24 9 35 30 16 19 29 7 17 8 1 28 14 3 20 
5 8 31 15 17 23 10 1 3 27 7 20 21 30 11 22 29 13 16 4 25 36 6 18 26 14 28 9 2 12 24 35 32 34 19 33 
33 22 30 34 7 35 12 23 19 28 24 25 6 9 14 17 20 16 1 3 32 8 2 27 4 10 18 31 15 11 21 5 13 29 36 26 
1 3 12 10 25 16 26 31 21 29 34 36 5 18 15 35 19 24 17 33 14 28 11 7 22 20 23 32 13 8 30 6 4 9 27 2 
13 17 22 20 21 14 6 33 26 19 36 12 25 5 18 3 24 11 2 10 4 23 27 32 8 28 7 35 16 15 34 30 1 31 29 9 
16 10 33 18 34 26 24 7 1 3 25 23 29 14 2 19 22 4 12 17 28 21 15 30 9 11 5 13 31 6 27 36 35 8 20 32 
28 19 36 35 1 32 8 21 29 5 22 2 26 16 31 9 17 33 14 6 11 25 3 34 18 4 20 27 30 24 13 15 23 12 10 7 
23 9 15 5 27 29 35 16 18 10 31 11 30 34 8 7 28 36 22 24 26 1 13 20 12 21 32 25 17 3 2 19 33 6 4 14 
4 7 2 25 8 30 32 17 20 15 27 9 35 12 13 23 6 1 18 31 5 16 29 33 34 22 14 36 10 19 11 24 21 28 26 3 
3 31 11 6 24 12 14 34 13 30 4 28 32 15 20 27 10 21 35 8 9 7 36 19 23 2 29 33 1 26 25 18 16 17 5 22 
25 1 23 12 16 33 5 26 14 36 32 3 17 19 35 21 30 34 10 22 29 9 18 28 31 15 2 24 6 4 7 11 27 20 8 13 
34 5 17 27 15 6 19 4 23 7 35 10 20 1 29 13 16 2 21 12 30 31 8 26 33 36 3 11 32 22 28 9 25 24 14 18 
10 13 8 9 30 3 31 24 22 25 18 27 7 4 12 11 36 14 15 20 6 32 5 2 16 29 35 26 21 28 33 17 34 1 23 19 
2 20 7 29 26 11 28 30 15 34 21 17 22 24 6 10 9 3 33 35 1 19 23 25 14 27 12 18 8 13 5 4 31 16 32 36 
31 36 19 32 4 22 20 2 9 11 1 6 18 28 33 26 8 15 13 16 3 27 24 14 5 23 25 17 34 7 29 10 30 35 21 12 
21 35 18 28 14 24 29 13 8 12 33 16 31 25 32 5 27 23 11 34 36 4 7 17 10 1 30 20 19 9 26 3 15 22 2 6 
7 27 5 8 9 4 11 3 28 20 2 33 12 10 24 29 32 31 25 30 16 35 17 21 1 19 13 15 18 23 6 14 36 26 22 34 
20 28 35 19 2 25 18 14 34 16 8 13 15 36 9 6 23 27 5 1 31 26 4 11 17 33 22 12 24 30 10 29 3 32 7 21 
11 24 21 3 31 17 15 22 36 6 23 29 34 13 26 25 1 5 27 14 7 2 19 12 32 8 9 16 20 10 35 33 18 4 30 28 
22 16 29 30 13 18 27 32 12 31 26 1 4 3 21 8 14 19 34 36 24 33 10 9 28 7 6 2 25 35 15 20 5 23 11 17 
12 33 34 26 32 15 9 10 4 35 17 5 2 22 7 20 18 30 6 23 13 3 28 8 11 31 21 14 29 36 1 27 19 25 16 24 
36 6 14 1 23 10 25 19 7 21 30 24 11 17 16 28 33 35 29 32 18 22 20 15 27 3 4 34 26 5 12 8 2 13 9 31 
################proper############## 

 average_time = 1.593666 

 success runs = 1 

 total average iters = 450053.000000 
