Time: 2654.184420
26 19 10 17 22 35 9 16 33 28 29 34 6 31 20 36 4 13 21 27 11 24 1 3 23 8 7 5 15 25 32 30 12 2 18 14 
23 16 33 18 4 7 12 36 14 20 13 30 2 17 27 22 3 35 26 8 34 25 5 32 29 11 28 6 19 21 24 1 10 15 31 9 
24 14 6 5 28 13 35 25 1 18 19 21 26 32 8 9 34 23 4 29 22 15 30 31 10 17 27 2 12 3 36 33 16 20 11 7 
25 1 32 8 15 9 23 27 11 6 24 31 29 21 33 7 5 16 17 18 2 12 10 19 36 30 22 35 14 20 26 34 3 28 13 4 
3 27 31 2 34 29 22 32 17 5 15 10 28 11 18 12 30 24 16 20 36 6 7 14 33 9 1 26 13 4 23 25 21 19 35 8 
12 21 11 30 36 20 3 7 2 8 4 26 14 25 10 1 19 15 35 33 28 9 13 23 24 31 32 34 18 16 17 6 29 5 27 22 
27 9 18 35 19 34 33 1 13 32 28 5 3 10 15 23 8 6 30 24 20 31 25 29 21 26 12 11 2 22 7 36 4 16 14 17 
15 3 20 1 14 24 30 29 6 35 25 16 13 2 32 31 33 19 12 10 26 17 28 4 34 36 9 8 23 7 18 27 5 21 22 11 
8 12 2 22 21 26 15 10 27 31 11 14 25 7 29 24 28 17 36 34 32 5 23 16 19 35 4 18 3 13 33 9 20 30 6 1 
29 17 28 13 6 4 7 8 19 22 12 2 36 30 5 18 16 14 33 3 21 35 9 11 32 20 10 1 24 27 34 23 15 25 26 31 
11 5 7 32 16 10 20 23 4 17 36 9 27 22 21 26 1 34 18 14 8 19 6 15 28 25 31 29 33 30 12 3 2 13 24 35 
36 23 30 33 25 31 26 18 21 24 34 3 9 35 12 4 11 20 7 1 27 22 2 13 16 15 5 14 17 6 28 10 32 29 8 19 
21 35 9 7 10 30 18 2 8 26 17 27 15 14 11 19 29 1 5 32 4 13 3 36 25 33 34 22 20 31 16 28 6 12 23 24 
32 18 29 11 26 2 16 14 36 25 21 24 12 4 35 3 22 8 10 23 19 34 33 7 30 28 6 15 5 1 13 31 9 27 17 20 
4 6 36 31 23 14 34 15 20 3 9 13 30 28 2 27 7 25 22 35 16 29 26 18 12 10 24 32 11 17 8 19 33 1 5 21 
17 24 16 12 3 25 29 5 22 7 6 19 32 34 31 21 13 33 1 28 9 20 15 2 18 27 23 4 8 14 11 35 26 36 10 30 
19 22 5 27 33 8 31 28 35 12 23 1 18 24 16 20 9 10 14 30 6 11 17 25 7 13 29 21 26 36 3 32 34 4 2 15 
20 34 13 15 1 28 4 11 30 33 10 32 17 23 36 6 26 5 8 12 24 27 31 21 35 3 2 16 9 19 22 14 18 7 29 25 
7 32 17 28 5 19 25 20 3 27 16 4 11 29 34 15 10 18 9 13 33 8 36 12 14 6 30 23 22 35 31 26 1 24 21 2 
35 30 8 20 18 6 10 19 24 14 7 11 16 12 1 25 2 9 23 22 3 21 27 26 15 5 17 36 31 32 4 29 13 33 28 34 
13 36 22 10 29 16 21 35 18 30 31 17 24 5 4 28 23 3 11 2 7 14 19 34 1 12 26 33 27 8 6 20 25 9 15 32 
33 15 12 21 11 1 28 34 26 9 32 6 20 8 17 13 14 7 31 16 30 4 24 5 2 18 3 10 25 29 19 22 35 23 36 27 
14 2 23 34 9 27 8 33 29 13 1 12 22 26 6 35 36 31 25 15 10 32 18 20 4 24 19 7 21 28 30 16 17 11 3 5 
31 26 25 4 24 3 5 22 15 23 2 36 21 33 19 30 32 27 29 6 1 28 35 17 11 16 20 13 34 9 14 8 7 18 12 10 
2 8 24 6 35 32 19 13 5 10 26 28 1 18 25 33 17 30 34 7 14 23 12 22 9 4 11 31 16 15 29 21 27 3 20 36 
18 11 34 3 12 36 6 30 23 21 8 20 31 16 24 29 35 28 27 9 13 2 4 1 22 14 25 17 7 10 15 5 19 32 33 26 
10 25 27 19 17 15 2 4 34 36 35 22 5 3 7 32 20 11 24 26 18 33 29 8 6 21 13 28 30 23 9 12 31 14 1 16 
1 7 14 29 20 21 27 24 12 16 18 15 10 9 13 2 6 4 19 31 5 36 32 28 26 34 8 3 35 33 25 17 11 22 30 23 
9 33 4 23 31 5 17 3 32 11 14 7 19 36 22 8 27 26 15 21 25 30 16 10 20 1 18 24 29 12 35 2 28 6 34 13 
30 28 26 16 13 22 1 31 9 29 33 25 23 15 14 34 21 12 20 17 35 3 11 6 27 2 36 19 32 5 10 4 24 8 7 18 
28 20 35 25 8 23 14 21 16 1 30 33 34 6 9 11 31 2 3 4 12 26 22 24 13 32 15 27 10 18 5 7 36 17 19 29 
5 29 15 9 32 11 13 26 7 2 27 18 4 1 3 16 12 22 28 19 31 10 20 33 17 23 14 30 36 34 21 24 8 35 25 6 
16 10 21 14 7 12 24 9 31 15 3 8 33 19 23 17 25 36 32 11 29 18 34 27 5 22 35 20 6 2 1 13 30 26 4 28 
34 31 19 24 2 33 32 6 28 4 5 23 35 20 26 14 18 29 13 36 17 16 8 30 3 7 21 25 1 11 27 15 22 10 9 12 
22 4 1 26 27 18 36 17 25 19 20 35 8 13 30 10 15 32 6 5 23 7 21 9 31 29 33 12 28 24 2 11 14 34 16 3 
6 13 3 36 30 17 11 12 10 34 22 29 7 27 28 5 24 21 2 25 15 1 14 35 8 19 16 9 4 26 20 18 23 31 32 33 
