7
48 12 25 32 0 19 0 7 36 0 1 9 44 35 0 5 0 0 30 0 23 0 11 46 38 22 47 6 0 3 49 18 28 41 0 14 4 0 17 33 42 10 0 16 26 31 37 27 29 
24 3 27 28 21 26 0 0 13 19 22 0 48 49 1 0 6 29 37 14 0 0 0 41 36 0 31 33 23 4 17 34 10 8 16 39 43 32 0 12 0 15 46 35 0 40 0 5 11 
34 38 0 20 15 23 0 0 45 0 0 0 46 16 41 4 0 26 31 47 2 0 0 14 24 39 13 0 0 25 0 33 5 12 11 40 9 29 0 7 49 8 17 10 0 48 28 22 6 
0 0 31 0 0 8 37 0 39 18 0 26 10 0 0 43 28 25 17 22 0 0 5 48 3 0 34 0 27 0 0 36 42 0 0 1 16 44 2 6 23 47 7 20 0 0 33 38 0 
16 0 46 7 17 0 36 31 0 15 5 23 0 37 44 0 33 19 0 12 0 27 18 0 10 0 49 28 9 38 0 0 6 26 0 21 0 11 0 48 41 30 13 3 8 47 0 0 4 
0 41 0 39 33 47 13 6 40 8 0 27 4 29 0 46 35 38 0 49 0 45 0 9 1 16 26 0 0 7 43 31 44 0 21 3 19 0 20 37 22 5 0 32 25 0 18 0 14 
2 4 6 22 5 43 14 38 0 33 0 17 28 25 0 0 0 0 3 7 10 15 0 8 44 0 23 32 47 20 29 48 37 0 24 31 0 18 27 35 26 13 49 41 21 19 12 1 45 
33 0 12 0 32 42 38 45 15 0 29 0 39 0 0 0 0 3 19 43 48 18 24 0 7 0 4 0 36 0 0 37 21 25 17 0 41 0 1 26 0 6 44 0 0 5 0 40 20 
40 37 29 31 34 0 0 0 41 38 0 10 6 48 27 30 0 46 0 0 7 0 3 16 42 17 20 8 0 0 14 19 39 0 47 2 0 45 44 9 0 0 25 22 15 12 26 11 0 
28 18 0 19 0 15 30 0 42 0 26 7 35 36 0 44 0 8 47 0 14 40 32 5 21 0 6 0 4 10 16 0 0 22 0 24 0 37 31 43 0 23 41 48 34 9 0 0 13 
25 0 17 14 43 10 49 19 31 24 11 0 0 18 15 22 0 37 0 0 0 2 0 38 41 13 29 0 0 9 35 0 1 0 45 0 27 30 0 34 0 21 4 7 36 46 0 0 47 
13 0 26 16 1 5 0 34 0 49 23 0 0 40 35 21 36 42 25 24 0 43 28 0 15 0 9 0 3 0 20 0 0 33 12 10 29 4 19 22 0 0 0 0 18 6 8 17 39 
41 2 20 44 24 36 45 25 4 0 8 0 0 5 18 0 49 11 33 1 34 0 10 0 0 12 0 0 48 0 31 6 26 13 38 7 47 15 3 17 14 0 29 43 0 42 35 37 0 
0 9 0 35 47 0 0 43 16 44 46 3 0 2 0 38 17 39 0 40 45 1 0 37 31 36 25 0 34 32 0 8 15 29 0 0 13 42 5 28 18 48 0 30 14 27 10 0 21 
12 0 0 25 0 28 21 49 17 9 19 0 0 27 43 47 38 0 10 0 39 42 15 0 29 46 22 35 20 26 0 3 0 0 37 36 0 0 45 0 0 7 14 8 13 34 0 44 33 
7 34 16 10 4 14 31 26 24 0 0 39 36 46 40 23 13 0 1 0 19 0 0 21 6 8 0 0 0 22 0 0 18 42 44 33 37 25 15 0 32 12 0 0 45 49 11 0 0 
17 0 13 8 6 3 46 11 0 0 35 43 31 0 29 48 24 18 49 33 16 0 0 34 0 14 0 5 0 0 15 0 19 1 0 0 44 0 40 0 0 22 0 42 41 0 47 20 37 
0 0 47 11 37 44 24 16 0 22 0 48 41 0 0 14 31 12 8 21 0 13 38 18 39 1 33 45 0 30 27 29 0 35 0 46 0 34 43 3 0 4 0 19 7 36 6 0 23 
0 19 9 29 23 40 1 33 0 4 38 0 3 0 46 0 15 0 0 0 6 32 31 25 0 49 43 2 0 47 21 16 34 24 0 27 30 0 0 18 48 14 39 5 0 17 22 26 12 
36 0 35 0 22 2 0 14 12 0 30 21 15 6 25 9 0 7 45 0 44 26 48 19 4 0 10 0 39 49 0 13 17 0 5 28 11 0 0 41 47 42 0 18 31 29 46 32 40 
27 0 45 48 26 49 0 37 18 25 0 13 29 0 3 34 32 0 11 0 20 0 36 0 16 0 41 23 0 46 33 38 12 0 14 17 5 9 0 0 0 31 24 0 4 0 43 21 0 
8 14 11 36 18 46 0 23 47 6 0 5 7 1 22 41 40 0 34 0 29 33 16 13 0 26 0 15 21 0 37 32 0 10 0 0 28 2 0 42 0 0 0 4 17 43 20 49 0 
39 40 34 21 3 16 48 42 19 30 36 31 0 0 0 6 1 0 0 11 0 4 25 0 2 9 0 41 0 14 0 0 43 5 18 15 22 10 0 0 0 17 26 28 12 0 7 8 0 
0 47 1 5 28 30 27 0 0 40 0 0 32 0 0 8 14 24 43 36 21 46 0 42 22 18 35 49 12 0 0 17 16 7 34 44 25 0 0 20 31 0 37 0 39 3 9 13 0 
37 22 0 9 20 29 0 46 8 0 33 41 0 0 0 28 3 0 0 16 0 7 40 36 17 5 0 38 6 42 19 25 0 0 31 45 32 43 47 1 27 0 0 24 48 0 21 0 34 
32 23 10 6 7 0 35 9 43 20 16 0 13 14 33 18 0 17 48 39 4 24 0 31 0 0 11 47 8 2 3 44 49 28 27 37 0 19 26 40 0 41 45 46 1 22 15 0 42 
0 45 41 43 0 33 42 28 0 11 0 0 17 21 38 10 46 23 32 9 5 14 44 12 0 37 1 39 0 29 30 40 24 20 0 49 6 36 0 8 7 34 27 0 2 0 19 0 25 
44 24 38 49 19 17 0 0 27 37 48 35 22 34 42 7 2 15 26 31 0 10 0 23 8 6 28 20 0 13 36 1 0 47 33 16 3 21 14 0 39 9 5 0 0 11 0 30 18 
5 26 32 40 0 18 0 27 0 1 15 19 0 42 0 0 22 0 9 0 24 0 37 43 14 0 12 46 2 48 4 0 36 49 6 13 8 17 0 30 0 0 16 21 35 45 41 33 7 
45 1 48 13 42 0 20 8 23 0 0 6 0 12 5 49 16 0 0 32 0 30 0 15 0 25 44 18 40 17 39 46 22 0 28 0 14 0 7 31 11 0 47 34 24 10 36 0 0 
43 10 24 47 0 22 11 0 21 28 39 46 37 9 4 25 0 0 2 19 13 16 0 17 26 32 48 40 0 41 0 14 27 30 3 0 45 0 0 0 1 0 6 29 23 18 31 0 5 
0 21 0 23 14 25 44 22 33 35 0 0 18 32 0 29 48 0 0 41 0 8 7 4 28 24 39 31 0 16 34 0 38 0 43 6 0 5 0 47 12 3 1 49 20 13 0 19 26 
0 15 7 4 9 0 41 0 14 45 0 20 16 31 0 27 47 30 38 3 0 36 13 22 49 42 0 10 26 0 25 0 0 0 23 29 0 39 0 0 24 0 28 44 43 0 17 46 0 
49 0 0 0 0 39 3 10 26 48 13 24 30 47 0 0 18 0 7 0 1 38 33 6 20 23 19 21 31 5 44 0 0 45 42 41 2 40 22 27 34 43 8 11 0 0 0 15 0 
19 0 33 2 36 31 12 17 25 7 41 49 43 3 0 26 23 6 28 0 15 5 0 1 11 0 45 34 32 24 0 0 13 9 8 4 48 16 37 0 46 0 0 14 22 39 40 42 0 
0 17 8 1 0 0 0 13 35 46 49 2 0 0 0 33 7 0 0 28 31 34 0 26 0 19 0 29 14 23 10 43 47 16 36 30 42 20 48 21 44 37 0 12 11 0 0 0 22 
18 39 0 0 10 13 0 4 5 3 0 0 0 26 47 11 0 0 0 45 36 28 22 0 23 15 37 12 17 8 2 0 30 27 20 35 0 31 46 49 6 0 0 9 38 7 44 0 16 
30 0 23 0 29 37 28 18 0 36 0 16 19 20 10 2 0 48 14 34 3 39 4 49 46 44 21 1 33 0 13 24 25 0 22 47 0 41 0 45 9 38 15 0 0 0 5 43 35 
0 44 21 15 40 24 34 0 0 0 37 0 33 0 30 17 4 0 0 18 43 31 0 0 13 3 16 42 38 6 5 0 41 0 46 0 26 7 8 11 29 28 20 0 19 0 0 14 36 
9 46 0 41 48 20 2 0 44 32 0 29 0 22 16 19 0 5 0 13 0 0 0 30 25 11 36 7 49 39 12 0 35 3 1 34 0 14 18 0 0 0 0 33 37 4 0 0 10 
0 36 49 0 31 7 32 0 0 42 9 14 23 38 12 0 8 0 29 35 0 17 0 10 18 2 40 43 19 44 11 21 4 0 48 25 39 13 24 5 0 33 34 45 46 0 3 6 0 
42 0 22 0 0 38 0 0 0 0 25 11 8 17 24 37 39 20 44 23 46 41 0 33 0 48 0 0 28 34 26 15 0 18 29 43 36 3 10 2 4 19 21 13 0 32 1 31 49 
29 13 0 24 27 35 26 20 38 31 6 4 0 19 23 3 44 2 39 48 0 11 46 32 12 10 14 0 25 37 22 0 8 17 40 0 7 47 49 15 33 45 42 0 5 21 34 0 0 
23 33 0 0 2 6 47 0 46 13 17 18 5 11 8 16 19 0 0 25 0 0 34 20 40 38 0 0 29 0 45 0 48 31 10 42 35 0 0 4 0 32 0 15 49 0 0 7 0 
0 25 39 0 30 0 10 29 49 0 0 37 42 43 7 13 45 35 5 38 40 22 1 28 47 0 0 0 0 33 9 11 20 36 0 8 31 0 0 0 3 0 19 0 6 44 24 23 17 
1 16 15 0 44 45 0 36 9 0 0 28 25 30 32 24 0 0 6 26 12 19 39 7 33 35 18 13 5 0 0 49 0 34 0 20 10 0 11 38 17 29 22 0 0 41 48 0 46 
0 7 0 0 49 9 22 35 0 41 44 45 0 0 28 0 0 47 46 37 27 48 0 0 5 4 8 0 0 43 24 26 14 15 30 0 21 12 6 16 19 36 0 39 3 20 13 0 32 
4 20 5 0 11 0 17 0 48 12 21 0 24 7 34 0 29 14 18 0 49 37 23 3 43 0 27 26 16 19 0 28 32 46 35 9 1 0 30 44 13 40 10 0 33 38 0 0 2 
14 0 0 18 46 32 43 15 22 16 27 40 34 0 20 1 41 10 4 17 33 49 6 2 0 21 42 36 44 12 0 7 3 38 13 5 24 48 28 25 37 39 11 26 0 35 29 0 8 
