8
0 0 11 0 25 12 0 0 63 0 0 57 0 59 47 0 0 0 52 44 0 23 49 55 26 0 34 45 3 9 0 0 33 15 62 41 0 60 0 0 0 0 24 54 0 0 13 0 0 7 0 20 29 64 28 4 38 19 0 2 0 0 22 0 
0 0 64 27 0 0 0 5 0 0 56 45 0 4 8 16 39 41 0 0 26 9 33 31 44 0 30 0 40 15 0 0 0 24 18 25 50 0 0 0 0 0 63 58 0 0 0 28 10 48 0 22 0 42 23 0 0 0 7 0 0 0 0 0 
58 0 0 0 0 46 0 4 0 0 0 0 23 39 60 0 0 0 0 45 0 38 28 0 0 54 8 0 5 12 63 16 0 0 0 0 3 64 0 42 0 56 0 25 0 0 0 0 0 50 0 0 0 0 0 0 0 31 17 0 32 21 52 0 
62 0 43 24 0 0 29 55 52 7 0 0 9 20 58 0 5 8 0 11 0 0 0 60 0 0 48 0 0 56 57 47 0 59 63 32 19 0 0 21 0 0 0 0 41 23 6 0 31 35 0 0 0 0 25 0 61 0 12 0 0 0 26 49 
16 7 0 63 0 0 56 9 33 37 0 0 0 0 21 0 0 6 0 0 0 0 36 0 18 23 0 0 0 0 62 32 0 35 48 38 0 0 0 54 49 2 0 0 0 0 0 0 15 40 24 0 0 0 5 1 20 0 41 47 0 8 59 30 
0 61 0 33 30 21 44 15 46 0 0 5 0 32 0 0 20 0 56 7 0 24 59 0 49 25 0 0 0 0 0 50 36 8 0 13 39 10 16 0 0 0 0 0 0 0 26 9 45 0 6 0 0 0 0 3 0 0 0 0 48 63 57 40 
0 0 23 52 59 0 28 54 0 2 0 10 0 38 19 29 0 13 46 12 0 63 4 0 0 0 27 0 41 31 6 0 0 17 56 0 51 0 9 58 8 0 0 64 0 0 0 53 11 0 0 0 0 0 0 16 18 0 0 0 0 0 0 42 
41 0 19 26 0 13 0 0 18 27 0 54 42 64 15 35 0 29 48 0 53 0 0 0 52 0 0 28 24 0 38 0 0 0 0 37 23 0 0 4 0 0 0 61 0 0 46 0 0 0 63 56 62 0 0 0 33 9 0 0 5 6 10 11 
0 22 27 0 0 0 34 0 17 0 0 53 0 0 0 26 42 0 0 20 21 60 0 6 0 0 7 18 0 35 0 0 0 0 0 0 0 0 13 48 0 0 29 15 0 31 0 0 55 45 44 40 0 12 0 24 0 0 59 0 37 32 47 0 
31 0 3 0 0 0 0 60 20 0 44 59 51 1 0 9 25 28 16 0 57 0 0 29 56 47 0 0 11 38 0 48 43 0 0 8 27 4 42 0 0 0 12 53 0 45 63 0 0 14 34 0 10 17 33 0 35 0 5 24 21 0 6 52 
0 0 0 0 0 64 0 0 0 62 0 11 43 61 34 0 50 0 51 40 0 58 0 17 9 31 52 60 0 22 21 0 3 10 29 7 24 0 0 15 36 0 0 0 0 0 55 38 30 0 0 0 0 0 0 28 0 0 13 0 33 0 42 45 
0 37 51 21 0 5 45 23 0 0 0 0 7 0 0 10 0 12 54 9 0 52 61 33 6 0 0 42 28 0 0 0 0 11 0 0 47 30 0 0 0 27 59 62 60 0 1 0 0 0 29 0 0 35 0 15 0 0 0 0 8 0 64 57 
0 28 0 0 57 0 0 0 0 0 0 35 0 0 27 0 53 37 0 0 38 0 26 1 36 63 0 0 0 51 0 30 0 0 0 0 58 17 52 59 9 0 34 0 0 47 0 49 46 0 0 0 20 0 0 5 25 0 0 43 62 0 0 0 
36 38 62 43 33 17 35 8 0 0 0 24 0 37 23 45 59 0 0 2 0 0 55 0 15 5 32 58 0 0 0 0 0 0 0 0 0 31 21 0 14 0 54 6 4 30 11 18 61 3 9 0 0 0 0 52 0 0 0 40 12 10 0 0 
0 0 0 0 14 0 18 6 0 0 57 0 0 0 0 0 0 0 0 0 44 39 0 45 20 46 26 10 33 41 34 40 0 0 35 36 0 0 54 1 32 52 3 0 21 0 25 24 0 38 0 0 56 59 0 8 0 0 0 0 0 0 4 0 
46 0 0 39 0 0 41 26 5 8 0 38 0 36 6 4 19 0 0 0 0 0 56 0 59 57 16 0 0 0 37 54 34 0 53 40 62 12 33 0 23 0 0 0 0 35 0 0 0 0 0 0 25 0 50 32 31 0 11 0 20 9 0 0 
8 35 0 0 38 0 10 45 59 0 60 0 31 0 0 0 0 55 0 0 0 51 0 0 0 0 0 0 25 18 23 15 62 0 0 56 4 0 32 0 0 0 22 36 34 0 0 0 0 0 13 0 0 0 58 21 57 0 63 0 0 0 0 64 
0 6 37 18 0 0 3 21 45 0 0 0 25 27 44 36 10 1 17 0 48 2 58 0 0 30 24 0 38 0 0 49 0 46 54 23 0 0 57 35 29 0 0 0 53 33 43 0 47 5 0 60 8 0 40 9 15 62 0 11 0 0 13 26 
0 0 0 0 58 4 0 0 0 0 9 0 0 50 0 40 31 63 11 0 20 0 35 32 0 16 54 37 44 0 47 51 1 14 0 0 17 52 53 0 19 64 0 0 0 62 0 0 3 25 0 10 0 7 0 41 46 0 6 0 39 0 0 0 
51 27 0 50 0 16 25 0 0 20 32 0 0 53 0 0 0 0 5 0 0 0 0 43 58 55 0 39 0 0 17 34 0 49 0 47 11 0 0 13 48 0 30 0 9 0 21 0 44 0 0 0 0 0 0 22 0 12 0 29 0 52 19 60 
32 47 30 57 26 0 53 29 0 0 51 0 14 10 28 58 0 0 0 0 9 22 0 59 0 64 41 0 8 0 0 0 0 18 0 0 0 0 55 60 12 1 0 7 35 0 24 0 0 39 54 50 48 56 15 49 5 33 0 37 0 20 0 0 
0 15 0 46 43 11 0 0 0 24 42 0 16 19 0 0 54 45 0 0 4 0 0 12 5 13 3 0 0 33 0 21 2 48 58 0 0 7 20 0 18 0 0 50 44 14 60 0 17 0 64 23 0 0 29 0 0 0 0 0 0 41 0 0 
23 44 34 0 13 2 0 20 1 0 0 0 0 0 17 0 0 50 39 0 0 0 0 0 63 29 35 0 0 62 0 11 40 41 0 61 30 0 31 0 51 0 58 0 0 28 0 0 57 0 27 24 38 0 0 19 0 0 49 0 0 0 0 0 
0 0 0 0 24 0 0 1 0 0 0 0 55 34 30 3 7 60 29 37 0 0 0 0 50 0 59 0 53 46 14 0 0 64 26 0 0 0 8 0 0 61 16 57 0 0 0 0 0 0 0 0 6 0 0 31 48 0 0 44 51 35 0 0 
11 58 0 22 23 0 0 35 0 56 0 20 0 0 0 0 13 32 0 19 0 50 42 0 0 0 1 0 0 0 0 38 57 36 0 0 31 51 10 0 0 45 0 8 0 18 37 0 0 0 0 0 0 0 0 44 34 0 30 62 0 0 15 0 
15 56 0 55 0 0 0 41 58 0 0 0 0 0 46 0 27 0 28 0 34 16 44 0 0 9 0 0 62 48 42 63 39 0 59 0 0 19 0 0 0 0 40 2 33 22 0 0 0 53 49 52 47 10 0 0 0 0 0 0 0 0 0 0 
0 33 4 5 45 52 0 0 0 41 0 60 0 0 0 0 0 38 15 0 59 0 0 23 53 22 0 3 34 0 0 25 0 21 0 0 46 0 62 64 0 0 0 24 49 50 0 0 32 0 0 0 7 13 0 0 54 40 0 61 47 0 0 0 
0 60 29 16 0 18 38 47 30 0 0 50 57 62 51 61 0 0 0 5 0 26 0 0 0 0 10 0 46 0 4 0 0 0 0 49 32 0 0 3 0 44 36 0 56 48 0 55 14 58 40 0 0 19 0 17 0 0 0 0 6 23 2 0 
19 0 9 28 0 0 63 0 4 0 34 40 0 42 37 0 0 0 0 57 0 7 0 58 0 44 47 35 61 30 0 0 0 23 0 0 29 13 2 6 0 0 53 0 1 0 39 0 33 16 50 0 36 0 22 43 0 59 0 0 24 0 55 46 
0 12 0 0 10 0 0 0 32 36 7 33 0 0 9 0 0 0 0 49 0 0 0 0 19 56 0 24 0 0 59 0 41 0 0 35 18 0 34 11 0 28 0 0 0 0 0 0 4 62 25 57 26 0 0 48 52 42 8 0 31 51 17 44 
0 0 0 0 46 1 36 0 0 0 0 0 0 2 39 13 0 53 25 0 0 17 0 0 0 0 15 0 7 0 18 0 60 0 0 0 0 33 0 0 0 19 6 0 31 64 0 0 51 28 41 0 12 0 37 0 0 0 0 0 0 0 14 0 
48 62 50 0 53 14 24 0 55 59 27 16 19 0 0 0 0 0 10 54 45 0 0 64 0 0 0 51 2 43 0 57 58 40 38 44 61 47 0 52 0 23 41 0 0 25 12 0 0 15 0 0 5 0 1 0 39 0 0 49 0 0 21 0 
0 0 60 49 0 0 0 31 0 47 18 0 37 52 45 0 0 0 57 0 19 1 0 0 62 50 0 0 30 7 16 23 0 61 0 11 35 56 0 0 34 43 10 41 6 0 0 29 9 33 0 0 17 63 0 55 2 0 53 0 0 0 0 59 
0 0 0 36 0 35 0 0 53 26 0 0 0 0 0 0 0 22 0 0 0 61 45 0 42 37 2 0 0 63 13 9 0 0 0 0 33 49 39 12 0 25 0 4 0 0 47 0 0 0 0 59 19 5 0 60 62 32 54 48 0 28 0 14 
0 0 0 44 9 0 0 63 0 0 0 27 0 17 2 50 0 23 0 59 16 0 37 0 0 15 28 38 60 0 0 39 0 0 51 54 45 0 18 40 0 57 0 0 58 53 32 1 0 0 14 29 24 48 0 64 8 0 0 0 0 25 0 7 
0 0 32 45 52 62 50 18 0 19 0 4 0 0 38 0 46 49 0 0 25 56 2 0 54 0 44 0 0 0 0 0 0 57 0 0 0 53 0 29 63 21 0 11 0 0 48 0 0 0 0 28 31 0 51 7 0 16 0 0 60 0 0 0 
0 19 0 0 0 8 0 0 42 10 0 0 61 0 0 0 0 39 63 0 0 40 15 0 0 45 51 0 0 0 0 0 48 31 60 0 26 5 0 9 0 18 28 23 52 0 50 0 62 11 0 0 2 0 16 0 0 0 0 64 0 0 12 0 
0 11 7 56 6 0 0 0 0 0 58 3 0 43 0 0 0 30 41 0 0 0 0 5 32 0 55 0 14 34 0 17 0 0 36 0 0 0 0 28 0 0 35 33 0 0 0 39 0 57 15 18 53 54 0 50 0 0 46 21 19 4 9 0 
0 0 0 34 48 59 0 0 0 0 0 49 0 0 0 5 0 0 0 0 10 0 13 54 0 8 40 0 47 52 0 24 0 63 43 16 2 0 0 0 0 15 55 0 22 38 36 0 6 0 0 30 4 0 41 35 23 1 0 0 0 0 39 0 
0 0 22 0 55 25 0 0 0 0 48 0 32 12 14 44 0 58 53 8 0 0 43 0 0 3 18 59 0 0 0 26 4 34 52 50 7 0 41 0 0 0 46 0 0 9 0 0 21 49 36 45 0 1 0 37 6 0 0 0 0 11 0 0 
56 0 25 0 4 53 0 0 0 0 29 0 47 26 0 0 48 0 0 0 0 42 27 8 23 0 0 0 1 0 30 0 59 0 0 12 0 0 0 0 0 6 9 0 40 0 16 0 7 0 31 5 0 0 0 0 28 0 0 0 2 0 11 61 
52 0 16 0 0 6 33 62 19 54 37 0 0 51 20 2 61 31 44 0 0 28 0 26 0 0 0 0 0 0 0 0 50 58 27 21 60 0 36 0 0 35 0 18 0 0 0 0 0 0 4 0 0 55 17 39 9 0 25 0 40 15 63 0 
60 0 0 0 34 0 0 0 36 0 43 0 63 0 0 7 49 59 58 0 6 35 54 52 0 26 0 15 9 25 0 46 0 39 0 0 38 48 37 31 41 14 4 0 0 29 27 0 56 24 23 0 30 53 0 40 21 0 55 5 42 0 0 62 
30 9 0 29 0 0 0 0 0 46 35 0 17 15 50 0 0 0 0 0 43 5 0 16 0 19 0 34 0 0 61 62 55 0 32 0 64 25 0 56 0 0 48 0 26 60 0 0 28 42 52 0 14 11 20 0 36 6 0 41 57 44 38 0 
0 36 0 37 0 15 0 0 57 0 0 22 27 49 0 0 34 56 0 0 2 0 39 0 10 40 0 32 54 0 35 42 6 0 0 0 0 0 0 0 17 12 25 20 0 0 45 8 26 0 19 58 3 0 0 0 53 0 0 0 14 0 0 0 
54 0 42 31 8 10 0 19 34 0 53 0 0 40 0 0 0 57 0 24 55 0 0 63 27 48 0 0 59 0 44 0 15 0 0 9 49 0 0 0 56 5 0 1 38 51 0 2 50 36 0 32 60 37 43 25 0 0 39 0 0 3 35 0 
0 1 5 35 0 0 43 0 0 16 0 0 0 58 0 0 0 10 33 0 14 4 0 0 51 28 0 0 39 55 0 0 7 0 13 0 40 8 3 0 64 34 62 0 50 24 0 0 29 0 0 0 15 0 0 45 32 56 31 0 54 0 0 17 
55 45 0 0 0 23 14 0 44 32 0 25 3 33 0 0 0 9 22 0 0 0 38 51 0 43 0 52 31 53 0 60 0 28 0 0 54 0 0 24 46 63 39 0 36 21 19 58 0 0 16 8 35 2 6 61 0 26 0 0 4 34 49 0 
22 0 0 23 0 28 19 43 9 0 0 0 0 0 0 25 0 0 0 0 0 37 10 0 46 0 62 30 0 0 0 0 24 16 3 29 63 0 35 0 44 0 38 31 0 36 0 21 0 4 18 0 32 15 12 51 14 0 2 0 11 13 0 0 
0 52 44 25 0 0 39 42 12 49 2 36 30 57 32 0 63 21 34 55 24 29 0 7 0 0 13 0 18 0 10 0 0 0 22 27 1 0 0 0 3 40 0 60 0 46 0 11 37 0 28 53 45 0 0 0 0 0 0 0 0 62 0 16 
0 0 0 58 0 37 0 0 38 0 0 0 40 7 0 48 8 25 0 64 0 32 0 0 47 61 17 0 0 0 0 56 20 33 23 52 53 0 0 34 28 62 51 0 0 42 0 0 24 29 11 13 0 0 0 0 22 0 9 0 0 49 0 55 
0 0 10 0 17 33 62 0 15 18 26 37 0 0 59 0 11 54 0 0 0 13 0 49 34 35 0 21 63 0 9 8 44 60 5 0 43 41 40 0 0 0 0 47 0 58 0 6 0 0 48 0 0 0 64 0 0 0 0 56 0 0 46 28 
29 13 0 53 16 0 0 0 0 0 52 0 0 0 11 0 57 20 9 4 36 15 6 0 3 0 0 0 0 0 12 0 0 42 10 31 0 54 0 37 0 0 5 39 0 0 18 0 0 0 0 0 27 43 0 0 0 34 32 0 44 40 0 0 
20 0 0 54 0 0 9 32 0 0 10 42 0 0 29 0 0 33 45 0 0 46 48 0 14 60 39 4 0 40 11 0 0 6 0 58 0 59 38 2 0 0 0 52 16 37 41 0 25 22 5 55 23 57 0 0 0 0 0 51 1 7 50 0 
59 24 8 64 63 0 0 0 27 0 13 0 35 45 61 0 12 0 0 0 0 44 17 0 16 51 0 31 15 5 0 0 0 0 0 55 0 39 0 36 10 0 0 0 0 7 53 57 20 6 0 62 40 0 0 42 3 0 58 54 0 37 30 0 
14 40 0 0 11 0 0 0 51 0 0 0 54 56 0 0 23 5 59 1 58 19 0 53 0 0 42 0 0 0 33 0 0 47 28 0 0 0 50 0 4 24 0 0 25 32 0 13 0 0 0 0 0 34 0 26 0 0 0 0 0 17 31 0 
61 23 0 0 62 22 51 34 54 0 6 47 5 0 0 37 30 0 0 0 0 0 19 0 0 0 31 0 49 11 0 0 56 0 0 0 14 0 0 0 55 3 52 35 0 0 0 0 53 0 26 0 21 41 60 0 17 63 40 32 0 38 45 0 
0 0 20 0 0 41 0 0 2 0 59 0 48 18 0 0 0 44 55 0 27 0 53 0 0 38 4 57 51 50 40 0 11 1 0 0 0 63 0 0 0 0 0 34 0 0 0 43 64 0 0 0 16 0 0 10 24 0 28 14 61 47 54 36 
0 0 0 3 19 0 52 25 28 30 8 0 4 0 13 0 0 0 0 0 5 0 63 0 12 62 0 0 48 0 15 14 0 27 47 0 0 0 0 61 0 53 0 0 0 0 0 16 0 51 17 54 22 0 0 0 42 0 0 26 55 39 0 6 
0 0 36 0 37 0 16 0 43 21 0 0 38 0 0 0 0 0 1 0 0 0 57 0 60 6 53 8 0 54 0 13 5 0 0 0 0 20 0 0 47 9 45 0 0 4 31 0 0 61 35 0 0 0 30 29 0 46 15 7 0 0 0 58 
0 5 0 30 0 45 0 57 0 40 0 34 39 22 0 0 24 0 60 28 61 0 29 0 0 1 9 0 16 0 0 0 0 38 64 46 41 0 51 0 0 0 7 17 0 44 10 0 63 32 0 4 0 0 8 0 43 35 56 18 0 59 0 0 
33 48 0 0 0 0 0 0 0 29 0 61 44 0 0 51 35 0 49 0 54 0 0 40 0 18 0 5 36 24 0 0 13 2 55 6 57 22 0 0 1 32 0 42 8 0 58 50 38 0 39 0 59 0 52 0 0 0 62 12 0 0 0 0 
64 63 0 8 1 0 55 14 0 35 45 0 0 24 0 33 0 0 32 0 18 36 0 34 41 0 56 23 17 0 0 0 16 0 4 59 37 58 12 62 25 22 0 0 0 0 38 27 5 13 3 47 0 0 11 6 51 10 60 0 30 31 0 21 
17 0 54 4 0 0 11 0 0 3 0 0 0 0 36 12 0 62 13 22 7 0 47 0 35 0 0 25 55 26 0 58 0 0 30 53 42 0 0 10 37 46 0 51 0 0 61 0 43 27 57 48 33 0 0 14 41 8 0 19 49 2 44 0 
