8
1 12 36 38 21 0 32 8 4 0 2 37 25 23 0 24 0 31 0 33 15 60 0 0 0 0 20 0 47 16 0 45 0 51 9 0 58 13 30 62 35 55 42 64 41 0 0 0 0 54 0 0 44 40 0 0 0 0 0 27 7 34 49 0 
23 0 0 3 16 0 0 31 0 0 0 40 0 0 0 7 0 21 2 10 0 0 11 37 57 39 36 41 0 0 0 29 0 0 19 0 52 0 6 0 0 60 0 30 0 12 49 0 0 32 0 0 0 0 0 42 4 15 56 0 0 38 18 1 
59 10 17 0 33 63 7 0 0 0 0 29 26 3 0 0 64 4 40 0 56 52 0 41 2 23 42 49 54 0 0 0 45 57 15 12 16 48 0 24 27 0 0 0 0 0 0 0 55 0 0 0 60 0 62 31 0 0 5 0 0 0 20 0 
27 41 0 61 0 0 0 2 52 54 0 21 0 15 0 0 19 32 0 18 0 0 0 0 0 48 6 26 0 12 0 0 0 0 0 5 33 7 0 59 0 31 37 0 0 0 29 0 45 0 1 23 0 0 0 10 0 13 28 47 0 53 0 60 
0 0 5 0 4 25 26 18 42 46 0 0 11 0 13 41 0 0 0 47 8 20 30 38 58 60 28 0 24 14 0 0 1 43 63 40 0 0 10 34 0 0 0 0 33 54 9 19 0 3 35 7 0 0 36 0 55 23 0 0 0 17 0 0 
46 30 34 19 51 58 42 53 0 0 0 44 6 0 45 0 55 39 0 0 0 0 0 0 25 22 0 0 0 5 43 0 0 49 0 0 4 8 0 41 40 0 38 52 47 50 0 15 13 0 37 0 24 63 0 27 16 0 12 0 0 26 2 57 
6 44 0 35 0 0 0 0 34 0 27 12 0 19 0 62 0 0 50 51 0 0 54 36 7 55 0 0 0 61 0 0 0 0 2 46 21 0 26 42 5 45 4 23 48 0 0 0 0 0 0 0 16 20 0 28 0 0 41 24 0 0 0 9 
0 47 0 0 0 0 0 60 0 0 0 0 0 0 0 0 0 13 22 0 0 0 0 46 27 0 51 53 0 17 15 44 38 0 0 0 25 0 37 0 57 34 0 36 28 32 0 0 0 0 56 4 2 0 64 0 0 0 10 0 0 0 0 0 
0 0 0 0 0 55 0 35 0 2 45 0 9 0 51 0 0 0 0 0 0 21 0 20 0 8 0 0 0 0 12 46 62 0 0 0 0 53 31 0 50 63 0 0 30 0 13 0 56 11 64 0 0 0 26 49 0 0 0 0 0 0 0 0 
0 27 0 0 0 51 6 0 0 22 1 0 58 0 28 0 0 0 59 23 0 0 52 0 3 5 56 15 55 0 7 0 29 0 33 37 39 11 43 0 0 16 0 21 0 0 0 20 0 41 12 50 0 0 0 35 17 0 0 18 2 42 61 36 
53 31 0 23 0 0 0 19 25 5 39 0 46 55 59 0 10 30 0 0 40 47 0 8 0 0 2 1 41 52 0 11 0 4 45 22 0 50 0 0 51 27 6 49 12 57 56 42 0 0 0 0 37 0 0 32 62 38 26 20 0 0 24 0 
0 0 0 0 0 0 0 0 0 11 19 0 42 10 0 27 36 0 0 60 0 0 0 0 0 38 40 0 17 25 29 0 0 0 0 57 64 63 56 9 1 23 0 0 0 0 0 0 0 4 46 53 0 14 0 44 0 0 58 0 54 0 0 0 
0 11 0 50 12 0 2 0 17 57 18 0 0 0 23 0 0 15 1 39 0 27 0 32 43 0 0 4 0 58 0 14 0 0 0 0 5 0 55 28 0 0 0 0 0 0 44 61 3 0 0 42 0 7 59 0 0 46 0 0 63 0 0 0 
17 8 0 0 64 46 0 1 53 0 0 63 0 0 0 0 0 19 0 25 0 57 22 26 42 30 0 39 0 0 45 0 0 0 12 27 0 40 61 36 0 0 32 48 0 62 11 59 23 0 10 0 9 0 2 58 50 0 15 13 43 47 0 41 
39 22 9 0 14 10 0 4 16 37 0 0 13 0 0 35 0 12 42 0 0 28 33 0 47 0 60 31 50 0 0 27 0 0 0 26 17 0 20 0 0 0 36 0 0 5 0 54 8 0 0 6 45 57 15 38 0 40 0 0 0 64 0 0 
36 20 0 0 0 0 0 57 0 32 0 50 0 0 48 0 0 0 0 0 0 0 0 0 0 28 59 6 0 0 61 0 34 0 47 0 0 54 49 25 0 0 53 0 60 46 0 0 63 27 0 5 52 1 0 18 0 0 8 56 0 45 55 0 
21 0 0 0 0 0 0 20 0 0 0 55 56 0 0 63 38 18 36 49 0 0 12 57 0 25 4 37 0 3 0 0 0 29 62 47 0 0 23 52 0 58 54 0 16 0 0 24 19 53 30 0 0 0 0 41 60 17 13 39 0 35 0 26 
25 1 0 0 60 42 54 0 0 8 22 47 4 50 37 16 17 40 0 59 10 0 6 0 0 0 0 19 0 0 0 0 61 34 0 18 32 0 36 0 52 53 14 12 0 26 43 0 0 20 0 21 0 49 0 64 58 24 0 0 0 57 9 56 
4 0 0 41 0 0 0 0 0 0 0 35 52 7 26 0 60 5 0 0 54 61 63 44 0 0 0 17 0 0 0 0 0 0 43 38 40 0 0 14 0 42 0 0 57 0 0 30 0 18 62 15 0 0 12 25 0 55 0 37 0 0 0 20 
0 0 35 36 0 49 24 13 5 0 31 0 0 0 0 0 0 0 0 0 0 0 0 0 0 0 61 0 21 0 0 50 4 20 28 0 10 0 0 39 0 0 0 51 17 0 0 38 54 6 0 0 23 0 0 56 46 0 0 48 40 2 52 45 
0 0 52 0 3 0 18 0 0 30 0 0 0 46 64 0 7 0 0 42 0 1 28 0 0 0 0 0 10 56 0 60 0 0 0 0 59 37 22 0 44 0 47 61 0 25 0 0 16 17 39 14 57 33 0 0 23 0 49 0 0 51 0 62 
0 17 0 0 32 0 12 0 6 0 0 0 0 60 0 21 0 0 52 46 14 25 0 16 0 0 0 18 0 20 0 30 0 2 0 55 57 41 0 49 0 22 40 0 0 0 0 56 0 1 43 0 58 0 35 0 0 0 36 38 0 0 0 0 
7 37 0 0 0 64 53 58 0 48 25 28 0 0 44 13 0 41 19 62 0 11 24 51 0 2 22 0 38 0 0 40 35 6 0 0 0 0 0 31 46 0 5 0 49 1 45 27 29 0 9 61 0 36 55 0 0 0 18 0 4 0 0 12 
55 0 0 0 46 40 0 27 0 0 53 49 59 32 17 39 0 0 58 0 0 0 0 4 6 57 0 43 44 0 54 23 42 33 0 16 19 0 7 12 18 0 0 15 29 0 60 0 52 0 34 47 26 13 38 37 64 14 21 0 0 0 0 0 
0 0 0 40 59 50 16 62 0 0 4 0 0 30 0 12 0 0 39 1 19 0 38 0 0 0 27 22 52 11 0 36 0 0 0 0 14 24 2 57 0 28 0 29 0 42 37 0 41 0 0 0 0 44 0 0 0 0 9 58 64 13 0 0 
0 0 20 0 31 56 0 0 0 0 36 0 0 0 53 0 0 29 0 0 58 0 64 25 0 42 26 24 60 0 0 0 0 0 0 0 47 0 48 1 0 0 0 0 39 2 34 0 43 38 0 0 0 0 0 30 0 0 0 40 0 0 0 7 
14 36 42 0 0 0 0 0 11 60 48 31 15 1 32 6 0 0 0 30 61 0 0 0 18 64 0 0 5 59 3 0 0 63 10 0 0 0 9 0 0 47 0 0 0 0 38 49 28 0 51 40 12 0 24 0 0 8 20 2 0 23 0 52 
0 0 0 17 0 47 0 0 55 0 41 0 57 34 0 0 13 59 0 0 0 5 0 0 10 4 0 0 0 0 2 63 0 0 39 52 0 18 0 0 0 64 0 26 61 35 0 32 1 0 0 11 0 0 0 0 0 0 0 3 0 0 0 50 
29 0 24 33 0 53 0 52 0 0 47 19 0 0 0 42 32 11 0 48 31 0 2 15 0 0 8 0 56 0 0 0 0 64 0 59 12 0 0 27 30 0 21 0 0 0 50 0 26 10 0 0 0 34 0 7 0 18 61 36 0 62 0 0 
64 0 0 2 0 0 4 0 0 0 0 43 0 0 0 0 0 0 51 0 0 26 0 0 0 0 0 0 0 0 17 0 0 0 0 0 7 25 13 38 0 0 0 6 0 0 0 0 0 58 19 49 47 0 0 36 0 0 0 34 31 41 5 0 
51 0 19 0 0 0 0 0 0 0 0 39 0 0 0 50 0 0 47 0 20 18 44 0 0 0 16 29 0 0 0 21 0 11 58 0 0 0 5 60 0 0 12 1 14 59 27 0 0 0 0 8 63 0 0 0 54 0 24 0 0 0 4 0 
0 58 44 0 0 7 11 21 0 23 5 0 37 0 0 0 49 0 0 41 46 0 36 0 0 6 0 14 15 0 0 12 0 0 0 20 50 0 0 0 8 33 0 45 0 0 51 48 0 13 0 3 0 0 0 59 43 1 0 0 0 19 63 35 
31 0 0 4 48 36 0 55 32 0 26 20 8 53 19 0 41 0 56 0 33 0 27 12 0 0 9 0 0 15 0 0 0 58 52 0 0 0 0 0 0 0 0 0 22 37 39 16 0 0 50 24 59 5 1 57 40 0 0 0 21 10 0 13 
0 0 0 0 50 12 35 0 60 34 13 0 54 0 3 31 53 37 17 57 0 0 59 0 0 0 18 2 29 4 0 24 0 23 0 0 0 27 0 11 0 0 0 55 0 0 6 0 0 0 41 0 20 0 30 61 39 0 16 0 0 0 14 5 
47 0 0 0 6 0 27 0 37 0 0 0 10 2 0 57 23 0 0 15 30 0 55 0 0 0 50 35 12 0 14 0 7 0 0 0 0 49 39 0 0 0 0 0 0 40 31 28 4 0 0 0 0 0 18 33 26 0 38 0 3 54 22 43 
44 0 0 0 0 0 0 0 0 55 0 0 63 0 0 0 16 1 0 0 29 2 0 48 0 0 11 0 0 40 0 0 0 0 0 0 0 0 0 4 10 0 0 0 64 0 58 62 0 15 0 0 21 6 28 0 61 36 32 0 0 24 0 0 
0 39 2 16 10 32 0 26 0 0 0 0 1 0 0 30 0 0 49 0 52 19 0 21 45 0 0 0 0 0 25 6 0 0 0 0 0 28 64 53 33 0 0 34 4 0 0 3 27 40 0 54 0 17 47 8 42 35 0 0 0 56 0 55 
0 0 0 64 0 0 45 0 41 0 50 0 18 0 0 38 42 0 0 0 0 40 0 0 55 54 0 0 53 27 0 49 22 48 21 1 0 0 0 8 0 29 0 32 0 0 0 0 36 16 26 63 0 0 37 0 2 0 31 0 46 0 0 33 
22 21 51 0 0 62 33 14 61 0 40 0 28 17 6 0 0 0 0 24 34 0 8 54 1 0 63 0 43 0 0 7 0 47 3 9 35 59 0 0 0 0 0 53 46 0 0 0 12 31 0 0 0 55 0 0 0 0 0 49 0 0 64 37 
3 40 0 37 5 15 8 61 0 0 42 0 45 0 11 0 43 6 0 0 0 0 0 18 0 20 38 0 0 39 26 0 41 0 55 44 0 62 0 0 0 50 0 54 35 49 17 12 46 2 58 0 14 0 0 60 0 0 34 0 0 0 7 0 
63 35 0 29 17 0 0 59 0 26 58 0 32 28 0 11 0 0 34 0 0 0 0 53 30 14 0 0 0 6 49 0 10 52 0 0 0 5 0 37 24 0 1 0 50 44 21 0 0 25 0 0 0 15 0 0 41 64 0 0 0 0 0 0 
0 0 0 0 30 0 25 12 43 18 0 0 41 47 7 37 0 23 26 27 9 39 3 0 0 0 0 16 0 29 35 2 0 0 0 0 0 0 8 50 64 57 0 20 56 14 5 63 21 52 0 19 0 0 60 0 53 59 51 0 45 0 0 6 
28 0 23 9 0 13 0 0 0 56 8 0 0 0 0 0 0 35 15 43 0 10 41 0 20 45 0 0 0 0 0 26 46 0 0 0 0 29 51 58 25 0 34 37 53 0 0 0 30 0 3 0 0 38 16 0 19 0 0 44 17 21 40 0 
0 0 39 0 0 22 0 43 48 44 20 0 0 0 30 0 0 45 32 19 0 0 29 0 0 0 0 0 0 41 4 64 0 0 0 25 53 0 0 21 0 0 0 11 55 27 52 0 37 56 0 0 35 23 0 0 0 63 0 62 0 0 36 10 
18 0 0 42 0 19 0 40 0 63 54 0 0 0 0 0 0 38 0 0 37 8 1 0 0 0 62 0 0 44 0 0 57 17 64 0 0 15 0 32 0 48 46 0 51 0 0 4 11 7 0 41 0 26 6 0 0 0 0 0 33 0 0 25 
15 0 10 14 0 0 0 3 0 0 49 4 53 0 9 2 0 0 0 0 36 46 40 0 33 0 17 42 48 0 56 51 0 12 0 60 43 35 0 0 0 6 0 62 19 28 0 0 34 5 0 58 0 22 0 0 57 32 0 0 26 0 0 0 
5 0 0 0 0 60 0 0 0 0 0 0 3 51 0 52 28 25 44 54 0 31 0 30 21 18 0 0 0 0 39 0 0 0 0 0 56 19 11 26 0 0 61 40 0 0 42 35 33 59 0 0 0 45 0 0 49 43 37 0 13 8 0 0 
20 51 33 0 56 44 0 45 19 0 0 64 0 38 0 0 0 0 6 14 11 58 0 52 0 36 54 0 0 0 22 0 0 0 59 48 34 55 41 7 0 26 0 60 32 0 0 0 0 50 0 10 49 9 53 0 0 27 0 35 0 0 0 18 
0 15 0 0 36 0 1 0 0 0 0 0 0 26 29 0 21 0 11 0 55 0 0 0 0 0 19 38 0 0 0 56 40 0 0 2 63 10 28 0 0 4 0 42 5 0 0 0 0 64 60 0 25 0 0 0 18 0 0 0 59 0 57 0 
54 52 0 27 0 0 0 0 0 13 0 3 2 0 0 0 0 0 0 0 0 12 51 0 0 47 0 10 0 0 0 0 0 5 0 0 61 58 19 30 0 0 64 0 43 0 1 37 0 0 0 55 6 35 41 0 36 29 0 21 56 33 0 0 
0 0 60 0 55 3 0 0 30 0 59 33 0 0 21 44 26 10 0 53 0 0 19 35 17 0 13 0 27 0 16 0 6 0 0 14 0 0 0 0 12 0 0 0 7 0 18 0 5 62 0 0 8 0 0 0 0 0 0 0 22 4 0 0 
0 19 0 32 29 0 0 22 24 27 6 0 5 0 39 25 58 34 41 56 0 50 18 2 0 0 44 64 0 0 0 0 26 0 0 11 51 1 0 0 61 0 0 9 8 0 0 31 0 0 0 0 0 0 4 46 0 42 0 0 0 0 0 16 
42 18 12 63 9 0 64 0 54 0 0 51 55 0 0 60 0 28 0 20 0 0 0 0 0 34 35 0 0 0 0 0 21 15 37 0 38 0 46 0 62 14 0 0 0 16 0 17 57 0 23 43 53 0 0 26 47 0 6 0 50 25 0 0 
10 0 41 0 47 21 0 0 7 0 28 42 0 0 49 0 37 43 0 0 23 17 62 27 0 0 0 36 0 51 0 55 0 0 57 54 8 45 0 0 20 0 35 0 0 0 25 13 0 63 16 0 18 50 0 15 0 39 19 9 61 0 0 46 
0 49 50 0 2 20 0 0 10 62 0 8 0 0 16 0 1 36 61 3 60 0 46 0 0 0 0 40 0 45 58 42 0 0 18 0 22 32 0 43 0 0 28 0 0 29 15 0 38 30 31 0 0 0 54 0 11 7 0 0 35 0 0 0 
0 25 45 0 0 34 40 7 0 17 14 0 43 18 61 0 47 64 0 0 0 13 0 33 53 29 5 54 0 0 0 0 50 60 4 31 62 16 0 0 0 0 0 0 0 0 46 57 24 0 52 37 0 19 42 0 51 0 3 26 0 0 0 0 
2 0 0 57 61 26 60 0 0 0 30 23 14 8 47 53 0 54 0 0 17 0 0 1 4 0 7 0 62 33 18 43 0 22 49 0 0 0 38 15 6 51 0 31 42 0 0 36 0 37 0 0 11 24 3 50 0 0 46 45 0 0 59 40 
13 0 22 5 44 0 0 15 39 0 0 0 0 0 0 59 0 62 0 0 0 64 49 40 0 63 46 50 0 0 0 16 14 1 48 23 42 0 0 51 11 43 0 57 0 53 0 0 10 0 0 35 0 0 0 0 0 0 30 0 29 7 0 47 
9 0 64 46 34 8 51 0 58 0 0 18 0 0 0 43 2 63 24 50 0 0 0 0 39 0 0 0 0 30 0 0 0 54 0 0 11 57 0 6 0 0 16 35 1 48 47 0 15 0 0 62 27 59 0 0 44 12 60 0 42 31 37 21 
0 43 0 0 38 45 62 47 22 0 0 0 0 0 33 0 31 57 0 36 3 14 4 10 0 35 0 0 0 0 0 1 0 0 0 19 60 0 53 29 39 0 8 0 0 61 26 0 48 0 54 13 51 18 44 0 0 0 2 15 0 0 6 0 
11 56 3 54 0 6 0 41 27 0 0 0 0 36 0 0 18 0 45 29 59 30 0 0 0 0 0 51 28 53 19 0 24 0 20 0 46 21 0 40 0 0 0 4 0 0 62 14 39 57 33 31 0 0 8 43 13 0 0 0 0 0 0 0 
0 0 0 0 35 0 0 0 28 0 0 62 60 29 10 0 15 8 37 0 51 22 16 19 0 0 14 0 6 0 0 0 0 31 0 0 18 9 27 0 45 0 0 46 0 0 0 0 61 0 0 1 0 25 20 0 34 53 0 0 0 0 43 0 
50 0 53 20 37 31 0 17 1 0 51 0 0 40 0 0 0 9 0 0 39 41 26 60 15 0 0 12 0 0 0 54 0 8 0 0 3 0 47 16 28 59 52 5 58 0 0 55 0 0 0 38 0 0 21 23 0 0 33 11 0 18 0 24 
24 42 40 0 0 23 39 16 50 7 44 0 0 0 0 32 0 47 13 28 6 43 20 0 31 27 29 0 0 2 52 0 0 35 41 0 37 12 0 0 9 0 0 0 0 0 64 34 0 60 0 22 0 0 0 0 0 0 4 0 8 36 54 51 
