8
24 16 0 3 0 0 0 0 53 0 49 15 0 0 0 0 30 0 0 48 9 0 0 57 59 2 0 60 50 43 0 0 12 32 0 0 0 21 63 0 0 40 0 13 0 62 1 45 6 34 46 56 8 0 0 28 42 36 0 0 7 23 54 58 
36 34 0 0 0 0 7 57 28 12 0 0 0 0 0 0 0 0 45 0 0 0 11 0 58 49 62 13 0 20 0 0 26 52 59 0 50 0 9 54 0 0 55 46 25 0 5 0 47 60 0 0 42 0 0 22 48 0 17 0 8 0 15 30 
35 0 19 22 52 2 0 43 0 0 21 33 36 0 41 62 0 0 31 0 0 10 0 0 0 0 3 0 0 0 18 0 27 6 60 0 0 42 23 49 0 0 0 0 0 0 56 0 0 26 58 7 50 0 0 45 63 13 0 25 20 0 64 51 
8 0 20 60 0 37 0 56 0 26 0 0 17 14 25 0 0 24 0 0 0 0 0 47 0 0 0 0 53 0 31 22 41 11 0 0 0 61 0 0 0 0 39 19 0 0 48 10 0 0 0 0 1 15 49 0 0 52 44 55 34 16 2 45 
0 10 0 15 9 53 0 0 3 61 50 0 0 42 0 47 0 20 27 0 0 0 63 6 46 0 55 0 0 0 0 0 0 25 0 0 0 1 0 0 8 0 34 14 28 0 12 0 0 38 0 31 37 64 0 0 0 21 29 59 0 22 0 60 
0 42 39 21 0 0 0 50 0 58 46 0 0 0 0 32 0 26 0 0 54 62 0 0 45 1 8 0 0 52 61 0 37 7 0 18 57 0 48 0 27 15 31 0 0 41 20 29 2 0 19 0 55 51 25 17 0 12 0 0 9 56 47 0 
62 0 0 40 59 0 0 25 0 7 20 0 8 45 0 0 0 0 0 0 22 32 42 0 28 0 19 0 0 35 12 0 15 0 0 44 55 0 10 51 0 6 0 60 18 0 30 50 48 43 0 21 16 0 0 0 0 49 0 33 0 0 39 27 
13 0 0 0 0 0 0 32 56 0 52 24 1 60 9 10 0 43 21 0 7 59 0 0 15 11 0 23 0 0 0 63 0 0 0 53 0 0 31 28 4 16 0 22 0 0 35 64 39 14 0 61 0 18 0 36 0 0 40 50 62 26 57 0 
55 0 0 0 27 18 45 37 7 0 15 0 0 32 0 0 0 0 29 23 0 57 50 4 34 59 33 16 49 1 10 54 9 38 53 0 13 8 0 0 0 0 26 12 14 43 62 0 0 41 0 0 0 0 0 0 0 28 0 6 0 31 0 0 
32 0 0 0 0 63 0 62 57 4 0 9 12 0 21 0 38 0 0 0 0 5 31 0 0 19 41 52 37 0 24 0 33 0 0 39 0 14 0 0 54 59 30 2 0 23 16 55 1 0 48 58 0 8 0 0 0 0 0 7 50 0 0 0 
21 31 0 0 0 0 0 0 59 0 0 3 0 0 37 0 46 30 0 7 6 0 0 0 23 15 0 0 39 27 0 61 0 26 29 0 60 0 45 55 64 49 24 18 0 42 0 4 50 0 0 0 52 43 0 40 36 19 0 34 0 0 0 0 
4 0 44 1 0 9 15 0 50 0 61 51 0 0 52 40 0 56 0 0 24 36 62 54 0 0 0 12 48 32 0 58 31 0 7 0 30 0 11 41 10 21 0 6 19 35 63 0 37 0 13 14 25 26 28 0 0 0 20 57 5 0 53 23 
0 0 0 0 12 38 34 19 0 29 60 0 46 23 10 13 17 0 0 0 0 15 32 0 44 50 0 21 0 64 35 0 0 36 2 0 0 0 62 58 0 31 0 0 0 56 0 0 0 45 30 49 0 54 0 0 27 0 0 37 0 1 33 39 
59 3 50 0 0 0 0 23 45 2 0 0 0 6 5 48 0 63 14 33 0 43 0 49 0 7 0 0 0 8 0 55 0 0 0 54 0 10 28 15 0 46 0 36 58 34 22 0 0 44 39 20 12 0 62 24 18 0 0 16 47 0 0 0 
48 0 10 49 0 60 2 0 0 31 0 0 55 56 0 0 45 0 0 0 52 0 0 0 0 0 0 0 51 0 0 0 24 0 0 32 21 25 0 50 61 0 37 15 0 0 0 0 36 7 0 0 63 33 0 0 0 22 0 0 0 46 0 64 
0 0 0 0 0 0 56 0 25 14 33 49 0 0 0 64 28 27 61 10 0 0 19 60 0 0 36 20 40 0 29 9 23 34 0 0 0 63 0 48 52 0 41 32 0 0 0 0 3 18 2 0 0 22 57 31 0 44 0 0 0 0 0 55 
0 0 3 0 0 0 0 0 0 0 8 17 0 0 0 0 0 0 50 11 0 6 0 0 49 24 34 45 0 56 0 0 0 0 20 25 51 40 1 0 0 30 0 39 0 0 0 32 13 0 0 15 0 23 0 0 52 27 59 43 2 47 55 29 
0 38 21 0 32 11 0 0 0 0 0 13 40 58 0 0 63 0 0 0 0 0 52 59 0 0 17 25 36 48 55 0 60 62 0 0 0 18 57 0 0 37 0 0 0 7 47 0 0 0 35 46 49 0 0 0 64 0 42 51 0 6 0 61 
0 49 0 26 0 20 0 31 16 0 0 0 38 0 4 0 0 62 13 0 0 0 0 0 63 0 0 6 0 3 15 0 0 0 48 41 0 36 44 0 0 17 0 51 0 0 18 42 0 30 55 0 0 14 59 37 0 5 60 35 54 53 46 57 
0 2 40 0 0 0 63 0 0 0 18 0 53 47 33 20 0 0 0 39 16 0 25 0 13 0 57 58 0 44 51 0 0 0 32 11 0 0 17 0 1 0 50 0 0 64 0 19 60 0 0 52 0 5 34 0 0 0 0 0 0 15 7 0 
0 0 0 0 24 22 16 0 0 0 5 0 0 0 57 50 7 0 20 0 0 0 51 0 11 47 4 64 32 0 0 0 42 0 55 63 0 3 0 0 0 33 13 0 0 53 0 59 29 36 0 0 0 56 0 27 39 0 18 58 0 0 23 0 
56 17 12 0 0 0 51 0 0 0 42 55 0 43 0 61 34 19 15 21 8 0 18 0 0 35 59 54 0 22 0 0 45 0 0 64 38 0 0 0 23 58 20 0 9 36 57 0 0 6 0 48 3 0 44 0 0 26 0 0 40 49 50 0 
0 0 29 0 0 0 0 15 0 0 0 36 3 64 0 12 0 0 38 0 55 40 53 9 2 0 0 0 0 30 0 0 49 16 5 0 31 54 0 0 0 0 0 63 0 0 44 48 51 0 0 8 0 0 58 47 62 20 0 45 13 25 0 4 
0 53 33 13 43 0 23 0 0 24 0 62 0 51 28 56 0 48 0 57 0 37 49 32 8 0 40 0 60 0 0 41 0 47 0 0 35 0 29 0 0 4 5 55 61 6 0 0 17 21 11 25 9 12 42 54 16 3 0 0 0 0 22 31 
0 0 0 0 47 23 41 34 6 20 39 0 43 33 24 0 11 52 0 35 58 0 0 55 0 17 5 0 8 31 60 0 51 0 28 16 0 15 38 0 0 44 46 0 0 21 2 14 42 0 18 0 0 0 0 56 32 53 0 3 49 0 0 59 
22 0 0 61 21 0 0 0 49 0 57 0 18 0 0 28 0 44 54 31 33 27 26 14 25 36 39 37 24 11 0 7 0 23 10 0 34 60 0 0 0 0 47 0 4 9 45 63 52 51 32 13 35 0 8 6 0 0 0 0 0 29 5 56 
9 0 17 0 0 0 0 52 12 37 0 0 0 0 0 58 18 0 7 3 0 41 0 0 0 44 48 14 6 59 0 0 0 0 54 8 25 22 42 0 31 1 35 61 39 13 40 49 0 46 0 0 0 45 29 26 47 4 0 0 0 10 0 0 
38 0 0 28 0 25 64 46 15 36 32 30 7 9 0 3 0 61 0 51 0 0 24 42 22 23 0 50 63 10 0 1 0 33 0 0 49 0 0 0 48 0 8 0 26 0 0 0 0 47 0 39 19 60 31 2 20 54 6 0 37 0 14 18 
29 0 0 0 0 48 14 0 34 21 62 61 0 26 0 0 37 0 0 0 0 16 0 8 0 28 0 0 27 0 0 64 0 0 0 55 2 0 0 13 0 38 0 0 23 0 0 0 20 0 12 59 36 0 0 0 0 0 22 0 42 44 0 0 
19 0 0 7 0 0 0 2 0 11 0 8 0 0 0 0 50 0 0 49 21 0 0 56 4 58 0 46 0 0 32 0 18 0 0 0 27 17 14 6 16 0 42 5 30 0 0 0 0 0 0 44 40 0 54 33 0 0 0 23 0 0 0 0 
0 45 32 12 0 56 24 16 0 0 59 0 0 0 22 0 36 28 0 47 0 0 0 0 0 43 0 42 55 0 0 0 40 39 0 0 7 37 0 26 29 0 0 57 0 25 3 0 15 0 62 0 0 0 48 50 0 1 13 9 51 35 0 63 
40 0 42 31 30 0 6 35 0 0 16 25 63 46 51 44 9 59 0 0 0 2 0 0 54 52 0 0 13 49 0 34 50 20 0 56 0 0 3 1 0 0 0 0 22 33 0 0 7 11 53 0 0 55 0 0 0 48 0 0 0 0 12 0 
0 0 38 0 25 0 0 55 36 15 0 27 0 57 0 29 0 0 35 0 18 0 37 0 0 51 22 0 0 19 0 0 0 0 61 5 58 0 56 0 46 0 0 0 0 0 0 11 0 0 54 0 7 34 33 0 0 9 0 0 0 45 0 0 
0 11 0 56 0 13 0 0 0 46 2 0 32 17 6 35 0 34 62 0 0 30 0 7 52 12 0 0 0 0 59 0 0 1 0 38 40 48 0 0 0 39 54 24 63 0 0 0 0 0 0 51 0 31 61 25 43 0 0 22 23 21 8 42 
7 0 0 16 19 0 43 3 0 0 0 0 0 12 0 0 33 45 46 0 13 0 0 0 55 40 0 35 20 34 37 0 54 21 0 52 44 29 51 31 0 32 0 0 0 47 0 0 0 57 49 23 18 0 0 15 0 0 58 61 27 0 0 62 
0 12 0 0 0 58 0 10 31 3 0 0 0 0 50 33 44 22 51 40 0 20 2 0 0 0 0 0 46 24 0 0 53 49 9 0 0 0 15 0 35 0 0 0 0 0 0 0 8 0 43 11 0 0 0 1 55 0 0 29 38 39 0 36 
0 0 0 29 0 33 0 28 0 51 0 14 16 0 56 18 0 64 0 6 0 23 0 0 41 63 0 11 10 60 53 49 0 45 13 0 62 0 0 0 57 0 1 20 50 5 0 0 0 52 0 36 0 47 0 32 54 0 46 0 0 19 0 0 
0 0 49 0 0 44 36 0 0 0 48 0 0 8 0 5 4 14 0 26 0 0 10 0 0 9 0 0 0 0 23 0 55 0 0 0 0 0 0 11 30 0 60 64 0 40 25 21 27 0 56 0 6 0 0 62 0 0 0 15 0 57 59 50 
0 41 2 0 31 0 8 0 0 1 0 0 23 0 0 63 0 0 28 0 57 0 0 0 64 0 0 15 0 0 62 32 36 0 0 30 10 0 7 0 18 0 6 58 0 0 0 12 0 0 0 60 0 46 0 0 0 0 49 13 16 52 26 0 
0 64 0 32 17 0 57 0 0 0 24 10 34 0 55 19 0 0 0 0 0 0 0 0 6 0 0 0 58 16 8 0 2 14 25 50 23 0 46 0 13 52 0 0 0 0 0 31 12 0 26 37 53 0 0 0 44 7 51 0 35 0 28 0 
0 8 0 0 56 0 0 0 0 57 63 64 0 0 62 0 54 4 11 0 25 0 3 0 0 0 30 55 16 36 0 0 0 37 0 27 0 0 0 23 0 0 28 0 0 0 0 0 49 0 0 33 45 0 0 0 53 0 0 18 39 0 29 0 
0 44 0 37 0 64 0 40 18 42 0 0 0 1 0 9 0 49 60 0 0 0 0 51 31 0 0 34 0 0 45 0 0 10 0 0 24 0 0 30 0 0 0 0 5 50 0 0 41 0 0 53 13 7 36 35 0 43 0 0 14 11 19 38 
63 25 0 59 0 12 0 36 2 0 0 0 0 48 0 16 0 10 58 0 0 21 35 24 0 22 11 0 62 15 33 42 0 0 18 43 0 50 0 0 0 0 0 26 51 46 13 0 0 23 0 0 29 3 6 8 0 61 0 1 0 0 20 49 
57 0 0 38 0 32 0 0 11 0 0 21 0 3 0 0 0 0 55 18 50 0 7 43 12 0 49 0 0 0 1 0 20 0 33 36 5 2 0 22 0 0 0 54 0 0 6 0 58 0 0 0 34 0 0 0 0 15 0 60 52 0 0 0 
53 23 0 17 26 19 0 0 27 0 25 0 0 20 46 0 0 0 37 0 41 0 39 62 0 38 24 59 29 0 0 57 0 0 52 0 61 28 0 0 7 0 0 0 0 0 0 15 43 0 0 0 2 11 0 0 33 0 0 0 0 0 58 21 
0 0 43 0 0 3 0 47 0 40 0 45 0 55 29 0 52 17 0 0 1 0 0 0 53 0 0 0 25 0 0 0 14 44 51 34 48 0 0 0 0 56 22 42 41 0 31 0 0 0 50 16 27 0 0 18 2 23 7 8 36 5 6 26 
10 22 0 0 0 0 60 24 30 13 0 0 0 0 36 52 0 0 47 28 26 45 40 0 0 54 0 0 0 23 0 51 39 0 0 62 46 0 0 16 53 0 0 0 0 1 58 0 0 0 64 4 0 0 0 61 12 0 0 0 0 0 0 0 
61 39 0 0 18 54 0 6 8 0 0 58 0 0 23 0 27 0 0 36 0 31 44 0 26 32 47 0 0 7 0 20 3 35 42 57 0 11 21 60 0 12 0 52 62 16 0 38 22 56 15 0 0 0 1 0 0 64 10 0 4 0 0 0 
15 21 0 0 10 0 0 44 13 0 6 41 0 24 0 22 39 40 0 0 0 0 46 0 0 0 0 7 0 37 14 0 29 50 0 0 0 53 0 0 2 3 58 31 1 0 52 0 0 0 25 55 0 0 0 0 60 62 0 0 0 42 49 5 
0 32 0 0 0 0 0 0 0 56 0 0 0 0 30 42 0 16 0 0 0 0 41 26 19 55 54 0 0 0 0 0 59 0 0 0 0 0 0 0 0 23 12 38 0 27 0 13 11 37 31 43 0 24 0 0 1 0 52 2 0 8 10 53 
0 0 64 0 2 0 31 0 0 47 0 63 37 36 0 0 15 0 6 0 0 0 0 0 3 57 9 33 41 0 0 59 0 0 58 0 0 0 30 25 0 28 0 0 8 0 61 0 16 49 0 1 0 50 0 42 13 0 14 24 0 0 11 54 
41 0 0 4 14 34 25 0 51 0 0 0 0 0 3 59 32 0 18 2 0 0 54 0 0 60 21 0 0 0 52 47 22 31 62 26 16 46 8 0 5 0 43 50 0 57 42 0 0 61 0 0 48 0 7 0 0 58 0 0 0 33 0 0 
42 13 6 11 0 16 0 0 19 0 0 0 50 0 15 0 59 36 30 60 0 17 0 0 0 64 46 0 0 53 28 0 47 48 27 0 0 20 0 0 0 25 32 0 24 0 0 56 0 0 0 0 0 0 38 0 22 0 41 0 44 37 18 7 
0 50 0 30 0 29 17 59 0 33 43 0 9 0 0 0 24 0 0 53 42 3 0 64 61 0 16 56 0 62 48 27 0 54 1 15 36 52 2 0 0 0 0 0 45 20 0 0 0 28 14 41 0 0 0 0 23 0 0 0 0 40 0 32 
60 52 27 0 3 0 0 0 62 44 0 0 0 0 0 7 20 0 0 0 11 47 23 29 0 6 0 43 1 42 22 8 10 0 0 0 0 0 0 0 26 0 0 34 0 14 0 30 0 63 0 0 0 36 2 64 15 50 12 21 61 0 48 0 
0 37 5 0 1 0 0 0 0 38 53 32 57 0 8 0 14 50 44 0 28 0 0 48 0 4 29 0 0 0 0 35 13 0 23 61 0 0 55 0 0 60 0 0 36 18 11 33 46 40 0 26 0 6 12 3 59 0 39 63 45 0 31 16 
0 19 41 52 0 43 0 0 42 0 14 37 0 0 13 0 0 33 57 0 10 0 12 16 24 46 15 0 59 0 36 0 0 55 11 0 56 0 26 0 0 0 51 1 17 2 4 0 30 32 0 50 60 0 0 0 0 47 23 54 0 34 0 22 
17 0 34 0 0 1 0 13 0 0 0 0 5 0 0 57 0 6 0 24 0 61 0 0 48 0 0 0 0 55 58 56 62 15 0 14 0 45 47 35 0 0 52 0 54 0 0 36 0 64 0 0 0 0 0 0 51 8 0 0 0 0 0 0 
2 26 0 0 55 30 0 38 0 0 0 0 0 0 64 4 0 0 0 54 32 0 45 20 0 0 0 8 17 61 27 0 44 0 21 0 12 0 34 0 0 0 0 40 0 31 23 0 9 19 0 0 0 0 0 59 35 0 0 28 0 0 0 37 
0 0 23 33 40 36 0 7 0 0 45 0 0 0 48 8 0 0 0 37 17 11 0 18 0 0 0 0 4 0 50 0 38 30 0 0 54 0 0 3 14 0 0 27 20 0 32 26 0 0 0 0 15 16 47 0 0 0 0 0 0 2 42 0 
0 0 24 10 0 6 29 60 17 0 3 20 2 15 54 0 58 0 0 0 43 0 0 50 0 31 0 0 0 0 40 37 0 0 8 0 22 9 0 0 0 0 21 0 0 0 0 0 0 1 0 0 0 25 0 5 0 59 63 30 0 0 27 0 
5 15 8 45 0 0 50 0 32 41 0 56 21 29 11 0 31 0 39 63 44 13 0 0 9 0 14 19 23 0 34 26 28 2 16 1 0 4 33 36 0 0 0 0 0 12 55 43 0 27 24 6 0 0 0 0 58 40 61 17 57 60 52 0 
37 0 63 58 54 31 32 0 0 0 0 16 60 18 26 30 3 21 19 0 34 0 27 5 39 33 38 0 42 57 0 52 48 51 0 0 59 0 0 0 49 47 61 44 64 22 10 28 0 0 0 0 4 35 0 0 7 0 0 0 0 0 1 0 
0 0 0 0 57 49 0 0 0 0 0 0 27 0 61 0 0 0 52 46 0 0 14 36 51 30 0 0 45 0 0 0 0 5 41 0 6 64 32 0 0 0 0 0 0 0 24 0 40 55 0 0 0 0 43 0 0 0 0 19 0 0 0 13 
