5
2 5 0 23 0 17 12 9 0 10 22 8 13 16 7 19 21 0 6 15 0 4 20 14 18 
0 6 0 12 8 0 0 15 20 0 25 9 19 4 11 18 2 14 10 23 0 0 0 17 0 
20 10 19 9 14 0 24 23 13 0 17 21 18 0 15 1 3 0 22 7 2 11 0 16 0 
21 18 16 0 17 14 11 19 22 4 0 3 2 23 12 13 25 20 0 8 15 24 7 6 10 
0 4 0 13 22 21 8 2 18 6 10 14 24 0 0 5 11 0 12 17 23 19 0 25 3 
12 21 20 0 0 13 6 8 2 15 19 18 3 5 0 16 0 17 25 0 0 1 11 7 9 
24 8 2 5 15 4 0 12 10 19 9 0 25 0 0 20 18 13 7 1 14 23 6 3 0 
11 0 0 0 4 0 21 0 14 20 0 17 1 10 8 23 0 6 3 0 0 2 15 5 13 
13 17 9 18 0 5 0 3 0 1 0 6 20 14 0 0 22 15 4 11 8 12 0 21 0 
1 14 0 0 19 0 23 0 9 25 7 15 4 13 16 2 0 8 0 21 22 0 10 24 0 
5 19 23 0 0 1 7 0 17 14 3 0 22 9 10 21 0 12 15 0 16 13 0 0 8 
18 24 22 6 12 2 13 4 0 11 0 1 5 21 0 17 23 0 0 16 3 9 19 0 15 
25 9 4 2 7 3 19 0 8 0 13 16 15 12 18 14 1 10 0 0 21 6 0 0 0 
14 13 1 8 16 0 0 21 15 0 11 19 17 20 4 0 9 5 0 6 25 0 12 23 2 
17 15 0 10 21 12 0 16 5 9 0 23 0 24 25 8 13 19 18 2 0 14 0 22 4 
9 7 5 14 0 10 15 13 21 0 20 0 23 3 6 11 17 1 8 19 12 25 16 4 24 
10 11 0 19 0 0 9 25 0 3 0 13 21 8 17 4 0 2 14 20 0 18 22 15 1 
22 16 8 4 3 6 14 1 0 2 0 10 0 18 5 7 0 25 13 12 20 0 17 9 23 
23 1 18 21 25 0 5 17 4 8 15 12 14 7 19 22 24 0 0 3 13 10 0 11 0 
15 20 13 17 24 7 22 11 0 16 0 0 0 25 0 0 10 21 23 18 19 3 14 8 5 
16 3 10 20 0 0 18 0 11 0 0 0 0 15 0 12 0 22 2 0 17 5 0 13 14 
6 0 0 0 0 22 3 20 16 21 18 5 12 2 1 0 0 11 0 0 24 15 4 19 25 
4 12 21 15 0 9 25 10 1 17 14 20 16 0 0 0 0 23 0 13 6 8 18 2 22 
8 2 17 0 18 15 4 5 6 13 0 0 10 19 22 25 0 3 1 14 9 20 21 12 11 
0 22 11 25 9 0 2 0 0 0 4 24 0 17 13 15 0 18 0 5 0 16 0 0 0 
