5
13 21 12 0 25 19 23 2 18 8 14 22 7 0 0 20 5 24 4 1 6 0 9 10 0 
20 9 0 22 23 0 24 1 0 0 0 18 6 16 0 0 0 0 15 8 3 4 19 0 0 
0 17 2 7 0 20 6 9 0 13 24 0 19 4 0 0 0 0 0 14 8 12 18 25 11 
0 0 0 4 19 22 17 0 0 0 11 13 8 2 23 6 3 12 9 0 14 1 0 0 0 
6 1 14 16 8 3 0 12 0 10 0 9 0 5 20 17 0 0 0 7 0 23 2 22 24 
11 6 8 25 14 18 3 20 0 19 0 23 22 9 10 0 0 0 17 24 16 0 13 4 0 
0 13 15 3 20 1 21 0 8 24 5 0 0 0 11 18 10 23 16 19 22 0 25 12 14 
0 4 5 0 0 0 14 17 12 0 0 24 18 7 25 0 15 13 0 20 2 0 6 19 0 
0 16 9 10 0 25 0 0 13 0 0 0 20 0 15 21 0 0 14 6 0 0 11 24 0 
12 18 19 23 24 10 22 5 0 11 0 6 16 0 0 2 9 25 7 4 0 21 0 0 17 
1 0 21 20 10 0 4 8 3 17 12 15 11 0 13 0 0 6 18 23 7 25 22 0 2 
0 0 4 8 0 0 9 14 7 0 1 0 10 0 0 11 13 2 0 15 18 0 16 0 19 
16 2 17 0 0 0 13 22 1 0 23 25 5 19 6 7 21 0 24 12 4 15 0 3 8 
15 7 11 6 3 23 0 24 25 21 0 2 4 8 18 10 0 0 1 5 0 0 17 9 12 
0 12 24 13 18 0 0 0 0 20 16 7 14 3 9 8 4 17 0 25 11 0 1 23 21 
24 0 3 15 16 13 25 11 23 0 0 17 1 14 5 0 0 0 0 0 0 19 21 0 4 
0 22 0 0 12 5 0 21 19 1 4 11 25 18 0 14 8 10 6 0 23 2 15 0 3 
18 19 25 21 11 4 8 3 0 0 0 20 0 0 7 0 24 16 5 0 17 6 0 1 0 
4 10 0 0 1 0 18 7 0 14 0 3 15 22 16 19 0 21 20 0 25 8 12 0 5 
0 20 13 0 6 17 15 0 0 2 0 0 0 21 0 23 1 0 0 3 9 11 24 0 7 
21 15 0 0 7 8 12 4 20 9 0 1 23 25 22 13 6 3 2 11 24 14 5 0 10 
8 11 1 9 5 14 0 18 17 25 7 16 0 0 4 0 20 0 19 22 21 3 0 0 6 
23 0 20 18 0 0 0 13 11 22 19 5 3 0 2 24 17 9 10 21 12 16 8 0 25 
17 3 6 0 0 2 0 0 24 23 15 0 9 10 0 4 0 7 8 16 0 22 0 0 0 
10 0 22 24 2 6 16 15 0 3 20 12 17 11 8 5 14 0 23 0 0 13 4 0 0 
