Success!!! 
 
 max_col = 
 64 
 
 run_time = 
 2967.502627 
 
 once iters = 
 238630199 
 
36 23 46 14 21 9 12 8 28 35 5 40 59 3 7 56 39 4 53 37 50 16 22 2 62 25 63 17 61 18 51 55 15 47 45 44 32 64 43 42 58 41 60 19 13 48 29 38 54 52 24 6 49 20 10 33 1 31 57 30 11 26 27 34 
45 50 56 51 27 42 58 34 32 61 1 10 55 46 38 36 23 52 17 49 5 63 20 40 47 26 64 6 31 19 16 2 54 25 18 12 57 29 24 53 21 11 15 3 33 62 28 14 44 13 8 59 4 35 39 30 37 41 9 22 43 48 7 60 
37 41 61 38 25 19 60 49 8 39 4 33 43 17 21 13 18 32 31 35 45 6 14 3 54 22 44 11 20 59 28 50 1 27 36 30 10 2 5 58 53 7 63 47 52 46 64 24 26 12 34 55 48 56 9 57 16 40 29 62 23 15 42 51 
18 7 40 59 16 26 43 47 41 54 62 60 24 23 2 11 57 58 55 21 25 19 10 36 39 15 12 49 46 56 4 1 34 31 48 33 22 52 13 63 9 50 35 32 20 8 17 30 27 14 29 37 42 51 5 64 38 61 6 44 45 3 28 53 
63 55 64 31 53 24 22 44 27 18 26 25 15 58 6 52 12 51 43 28 1 13 48 60 23 38 36 30 29 9 41 21 35 16 20 50 3 39 7 8 42 37 61 34 4 45 10 57 40 17 47 62 19 11 2 46 32 59 49 5 14 33 56 54 
30 13 35 1 54 11 2 57 49 31 37 20 19 29 45 14 47 9 64 26 33 41 44 8 32 42 58 7 48 60 34 5 40 46 38 17 6 56 62 61 12 51 27 59 43 22 39 55 16 53 15 3 36 28 23 25 4 63 18 52 10 24 21 50 
32 4 17 5 3 33 52 15 50 22 42 51 48 34 12 63 24 7 62 61 30 11 38 29 35 8 57 40 53 27 10 37 23 19 28 59 9 55 49 14 26 54 6 16 44 56 2 1 60 43 31 45 18 41 58 21 39 20 46 47 64 36 13 25 
29 6 62 48 10 28 39 20 47 9 30 64 44 53 16 57 59 56 27 54 34 42 46 15 13 45 33 24 14 43 3 52 37 41 4 60 21 11 51 26 18 23 40 49 31 5 36 25 61 50 63 38 32 1 7 22 35 8 12 2 19 55 58 17 
26 60 19 13 24 54 37 23 63 42 3 27 1 25 9 47 40 21 8 20 58 17 35 57 6 64 49 44 59 14 36 7 4 39 32 38 28 43 29 2 15 16 56 41 5 61 51 10 31 46 50 53 11 55 62 48 52 34 33 12 22 30 45 18 
16 31 25 33 42 48 44 7 26 34 6 58 32 36 43 50 45 47 59 29 13 10 60 61 46 5 53 21 15 30 20 27 3 55 54 51 19 9 41 18 14 24 28 17 22 37 23 52 8 63 56 2 35 49 12 40 62 11 38 4 57 39 1 64 
34 27 20 57 58 40 29 18 12 30 39 7 21 33 4 8 52 22 24 46 37 55 3 38 1 28 60 63 10 2 9 45 56 11 61 49 62 53 14 35 19 31 47 26 32 13 59 50 6 64 23 41 16 43 15 54 36 48 42 17 51 44 25 5 
61 52 14 17 46 49 56 43 23 10 24 55 60 15 41 31 2 34 5 18 48 28 19 9 4 51 11 35 22 33 57 16 64 6 40 26 50 25 59 37 62 44 8 42 3 12 30 39 7 45 20 1 29 13 36 38 53 54 58 21 27 32 63 47 
41 30 47 12 6 53 45 64 35 38 16 61 11 54 52 49 32 25 1 14 36 33 23 42 31 29 13 3 34 62 50 48 27 8 17 5 58 63 46 21 60 43 18 20 57 55 40 4 10 39 44 51 22 9 19 26 56 15 7 59 2 28 37 24 
5 35 2 50 28 8 51 4 48 57 19 53 14 62 56 18 63 6 12 11 41 15 31 27 55 39 47 52 38 17 54 61 36 1 44 24 60 20 16 22 45 49 21 58 46 64 33 7 37 25 59 30 3 42 32 34 13 29 23 9 26 10 40 43 
21 36 63 62 38 15 59 11 29 44 40 22 28 64 13 45 43 30 50 16 49 4 51 39 58 19 32 56 37 42 18 26 7 48 12 10 23 34 52 57 54 6 9 1 35 2 25 53 5 33 14 60 27 24 17 47 31 55 20 46 41 61 3 8 
10 1 3 22 39 32 9 55 46 17 51 59 37 5 20 2 26 64 7 62 56 44 54 53 12 43 40 25 24 8 23 41 45 15 31 42 33 13 47 30 36 29 48 63 27 11 38 34 58 18 61 4 57 21 52 28 6 60 14 19 35 16 50 49 
3 56 42 43 31 34 57 13 36 20 61 4 17 9 28 10 51 55 21 7 12 60 64 58 26 32 18 50 19 1 6 24 47 45 35 25 46 48 27 39 30 2 22 52 53 49 41 11 62 23 16 63 40 38 33 59 8 44 5 14 37 54 29 15 
55 29 6 49 23 39 41 9 43 3 12 54 47 60 8 1 61 10 48 13 11 53 36 59 38 57 31 5 2 45 64 44 19 51 33 63 24 18 56 20 16 35 7 21 62 14 32 28 15 22 37 52 25 46 42 50 58 30 34 26 17 40 4 27 
14 5 36 19 8 44 35 33 40 26 49 50 58 27 46 38 31 37 41 32 42 34 9 45 43 20 23 51 39 25 15 54 28 30 29 64 2 59 57 7 24 56 3 60 10 17 61 63 18 48 53 21 13 4 55 1 22 47 52 11 12 6 62 16 
64 59 51 24 1 37 17 26 39 2 13 34 56 21 15 62 30 14 46 63 8 40 18 28 33 16 7 22 27 29 12 10 43 38 11 53 52 58 42 60 57 4 25 5 55 31 47 6 19 54 36 44 45 32 41 3 61 35 50 20 49 9 48 23 
28 18 7 30 20 60 38 32 31 19 57 41 42 22 23 5 15 26 47 6 16 56 29 52 14 21 61 55 17 58 59 35 50 44 13 4 49 62 40 34 48 36 54 37 39 27 45 43 11 8 10 64 9 2 24 12 51 3 25 53 46 63 33 1 
47 11 45 40 61 2 54 10 25 33 53 16 29 51 48 44 49 23 35 19 27 24 43 1 37 41 62 13 52 63 42 4 14 9 26 22 12 5 31 3 46 38 50 8 15 34 58 64 20 28 57 7 17 6 30 39 18 32 56 55 36 60 59 21 
53 58 16 15 4 62 25 50 55 7 11 52 18 63 59 37 22 3 57 17 39 54 2 20 40 46 48 47 60 49 30 56 8 32 41 36 61 21 23 6 51 9 42 33 12 44 1 13 34 29 43 27 26 14 35 5 19 64 31 28 24 38 10 45 
46 21 22 52 12 63 48 27 24 45 64 32 35 6 14 30 38 33 44 50 4 62 5 25 53 3 28 9 36 34 8 11 55 10 15 1 54 16 37 17 29 18 19 40 23 59 26 20 47 49 60 31 51 58 56 61 2 42 41 43 7 13 57 39 
24 20 8 29 64 22 62 28 13 25 58 49 54 47 44 15 53 38 4 34 31 27 45 63 48 60 16 36 26 46 21 23 30 2 51 6 11 35 39 40 17 59 5 61 9 10 43 56 32 19 33 42 7 52 14 41 50 57 37 3 55 1 18 12 
38 44 30 61 45 5 40 2 18 53 59 3 16 48 31 23 46 19 60 42 28 25 52 56 34 49 55 33 32 47 43 12 9 26 24 41 14 1 50 62 63 15 37 7 54 35 20 22 13 36 27 11 21 57 51 4 29 39 17 6 8 58 64 10 
4 57 41 46 49 59 7 37 45 14 35 28 20 40 5 17 50 11 10 33 55 12 6 21 27 52 42 54 64 31 53 3 48 58 25 29 43 19 18 32 44 26 16 13 2 1 8 51 63 30 62 39 24 60 34 15 9 22 47 38 61 23 36 56 
33 25 58 6 43 17 10 56 9 37 8 29 2 38 30 64 36 24 3 41 14 7 16 54 61 18 1 59 62 20 11 39 60 12 42 21 34 45 63 13 32 57 23 48 50 47 27 31 22 55 40 49 53 26 28 44 46 52 4 15 5 35 51 19 
15 16 55 9 26 52 13 19 51 21 22 43 62 12 11 39 64 35 61 58 23 2 1 5 10 30 41 14 7 6 63 17 44 36 57 54 8 38 20 31 25 60 4 53 40 24 49 42 56 47 18 46 50 29 3 37 45 28 27 48 59 34 32 33 
51 39 18 60 48 36 63 31 34 46 32 42 50 52 19 6 13 20 15 44 17 29 49 26 28 24 22 57 35 37 25 8 59 56 47 27 53 33 4 23 3 55 64 38 58 30 11 41 9 1 5 54 12 45 61 10 7 14 43 40 62 21 16 2 
35 53 50 42 14 47 1 3 57 27 7 56 10 26 55 41 62 43 51 30 59 39 32 18 44 40 9 19 4 38 58 15 22 5 46 37 17 61 28 64 52 33 34 29 36 21 12 45 25 20 48 16 2 23 8 6 54 49 24 63 60 31 11 13 
12 34 27 11 32 21 23 54 33 36 60 1 63 24 61 4 9 8 22 48 57 37 40 47 5 56 45 2 50 51 13 29 49 52 3 7 16 10 55 15 6 46 39 14 28 18 62 19 64 59 17 58 43 31 38 35 42 53 30 25 20 41 44 26 
50 47 57 21 36 58 6 45 42 15 18 35 49 16 37 46 19 31 40 53 62 32 11 30 22 48 51 26 8 55 1 38 5 59 23 56 7 4 33 9 13 39 10 12 24 54 34 27 17 2 25 20 63 64 60 29 44 43 61 41 28 52 14 3 
42 43 23 37 9 14 28 35 5 55 54 13 31 19 25 40 56 2 33 60 24 45 39 49 41 6 3 18 12 15 47 36 17 29 58 8 64 22 44 1 7 20 11 50 48 16 52 61 4 51 46 32 30 10 26 62 27 21 59 34 63 57 53 38 
54 8 52 56 29 7 34 5 11 59 33 47 22 30 27 26 44 18 38 55 10 51 63 14 60 61 37 23 40 64 62 57 24 13 16 2 39 32 21 46 41 3 53 35 17 43 4 49 12 58 42 48 28 19 31 36 25 9 1 45 15 50 6 20 
44 63 31 16 60 51 32 41 20 12 50 2 34 45 39 3 1 61 13 27 26 8 37 23 17 4 10 29 25 35 19 28 42 62 53 52 30 54 11 47 22 14 36 57 59 15 6 18 21 9 38 5 55 33 43 24 40 46 64 56 48 7 49 58 
49 3 24 4 59 1 27 39 38 32 10 44 53 57 60 48 42 5 58 15 20 22 12 41 63 33 52 43 56 11 2 9 18 14 50 45 35 31 61 51 40 64 46 28 29 25 21 8 23 37 6 34 54 47 16 7 55 19 36 13 30 17 26 62 
48 2 26 64 33 38 18 62 6 24 29 17 52 61 36 9 21 46 16 57 3 43 4 34 7 59 54 27 42 32 5 13 63 20 10 40 55 49 25 28 56 30 1 51 19 58 44 23 41 15 45 35 14 50 22 53 47 37 60 8 39 11 12 31 
13 17 53 55 22 46 19 12 62 1 28 8 23 41 58 43 29 59 54 25 6 64 50 7 20 44 30 34 16 21 24 14 57 60 37 15 48 36 3 38 47 45 26 9 63 42 31 33 49 56 39 40 61 27 11 52 10 4 2 35 18 51 5 32 
40 15 10 25 30 20 11 61 56 51 14 21 64 4 63 7 48 28 36 52 47 9 17 35 49 31 46 39 58 50 45 53 41 43 6 34 26 27 12 19 37 5 55 62 38 32 60 2 59 3 1 57 8 18 44 13 33 23 54 42 16 29 24 22 
6 37 33 45 44 64 61 1 60 28 63 5 38 42 62 27 58 57 29 59 54 21 24 22 50 10 19 4 13 26 31 25 20 17 34 55 56 3 32 11 23 53 14 39 30 9 35 16 43 41 7 8 47 40 48 2 15 18 51 49 52 12 46 36 
27 22 29 54 40 50 30 53 2 13 55 26 41 44 10 33 20 42 25 9 38 36 15 51 52 14 21 46 1 12 35 62 61 18 49 19 4 28 8 59 43 48 32 56 47 57 63 5 39 34 3 24 6 37 64 16 17 58 11 60 31 45 23 7 
58 14 34 35 56 13 26 36 52 8 43 39 30 49 22 51 4 17 32 47 40 61 28 16 24 23 15 60 54 53 27 64 29 33 1 48 38 46 10 45 20 42 12 6 7 41 37 21 57 44 11 18 31 62 63 19 5 25 55 50 3 2 9 59 
39 62 5 8 2 3 31 25 54 40 15 57 36 32 53 19 10 45 23 56 43 49 7 64 9 34 17 48 18 16 37 6 12 42 14 47 63 24 26 27 11 58 59 22 60 50 55 46 51 38 28 29 52 61 13 20 30 33 44 1 21 4 35 41 
11 38 28 41 51 10 55 63 21 64 20 46 25 7 18 12 6 48 37 31 60 3 33 19 30 58 43 61 44 40 39 49 13 53 52 16 5 23 22 54 4 8 2 36 1 29 24 62 50 42 35 15 59 17 45 9 34 26 32 57 56 27 47 14 
9 12 32 23 19 18 46 16 3 47 48 31 4 50 1 58 35 53 39 5 63 14 62 55 11 36 59 41 45 7 38 42 2 37 43 57 51 60 30 44 34 40 13 64 49 52 15 17 33 26 21 22 10 25 27 56 28 6 8 24 54 20 61 29 
17 48 49 20 52 4 21 60 37 11 9 24 6 14 29 59 34 50 26 12 2 46 8 13 51 47 56 28 5 57 33 22 39 7 64 62 41 15 35 25 31 61 38 27 45 3 18 44 36 32 58 23 1 30 54 55 63 16 40 10 53 43 19 42 
59 24 43 47 7 57 15 42 16 23 17 45 61 56 34 35 11 27 30 1 18 52 41 44 29 63 2 8 55 3 32 20 21 40 9 58 31 6 36 50 33 28 51 10 25 19 54 26 14 5 4 12 46 53 49 60 64 38 48 39 13 62 22 37 
52 49 60 63 47 55 16 29 64 50 41 62 8 10 33 34 28 12 45 4 15 23 30 37 3 7 26 58 11 44 17 40 51 61 21 9 25 14 38 48 59 27 43 24 42 36 22 32 2 35 19 56 20 39 1 18 57 13 53 31 6 5 54 46 
43 42 11 26 62 56 8 6 58 48 25 14 3 20 35 28 33 63 34 39 46 59 53 32 15 50 24 16 51 41 22 47 10 4 7 23 1 57 45 55 5 17 44 2 18 40 9 60 38 31 30 13 37 54 21 49 12 36 19 27 29 64 52 61 
57 9 21 34 50 45 36 51 17 6 38 19 39 31 24 22 54 44 49 3 64 47 27 11 18 62 25 42 30 28 61 46 32 35 56 13 59 41 15 16 10 12 52 4 14 20 53 58 29 60 26 33 5 7 40 23 48 2 63 37 1 8 43 55 
31 54 44 28 17 30 64 22 1 56 45 18 51 59 47 42 5 16 20 36 19 26 61 48 57 35 29 32 23 4 14 43 62 49 2 3 27 40 34 52 38 13 41 55 11 63 46 37 24 6 12 10 58 15 53 8 21 7 39 33 50 25 60 9 
25 33 15 2 5 12 53 58 4 49 52 23 13 55 57 61 14 40 42 24 51 1 21 6 8 27 38 37 9 10 48 63 46 54 60 43 20 30 19 29 64 47 45 31 56 39 7 35 3 16 32 36 44 22 50 17 26 62 28 18 34 59 41 11 
19 10 38 39 35 41 4 48 7 5 44 63 12 11 26 60 25 29 18 2 9 50 13 17 56 1 34 53 49 54 55 33 31 22 8 28 36 37 6 24 61 21 57 30 51 23 3 15 52 27 64 43 62 59 46 42 14 45 16 32 58 47 20 40 
1 40 37 3 18 27 20 24 30 16 36 9 46 2 32 21 41 60 56 10 7 38 57 43 59 12 5 64 6 13 52 31 58 63 39 11 44 47 53 33 8 19 62 54 26 28 50 29 55 61 51 14 34 48 25 45 49 17 35 23 42 22 15 4 
23 32 59 7 13 61 14 46 53 43 27 15 40 37 54 29 8 62 52 22 35 58 55 31 36 2 20 45 21 39 60 19 26 64 5 18 42 50 17 12 49 1 33 25 34 6 16 48 28 4 9 47 41 63 57 11 24 10 3 51 44 56 38 30 
8 61 9 53 63 31 49 40 14 52 21 6 26 18 50 54 16 15 19 38 22 35 34 62 45 11 4 20 41 48 56 30 33 28 59 46 47 44 2 10 27 25 24 23 37 51 5 36 1 7 55 17 64 3 29 43 60 12 13 58 32 42 39 57 
7 51 39 27 55 6 47 38 19 58 46 30 45 13 3 20 37 54 14 40 21 48 56 50 2 53 8 12 63 52 26 32 11 57 22 61 15 17 64 5 28 10 29 43 41 60 42 59 35 24 49 25 33 16 4 31 23 1 62 36 9 18 34 44 
60 45 4 32 15 29 3 14 10 41 2 36 57 43 42 24 17 39 63 51 53 5 26 33 25 13 27 1 28 61 40 18 16 34 55 20 37 12 9 49 35 22 30 44 64 38 19 54 48 62 52 50 23 8 59 58 11 56 21 7 47 46 31 6 
22 64 54 36 11 35 5 59 44 60 47 38 7 8 40 55 27 13 28 43 61 18 25 12 19 17 6 31 57 24 46 58 53 23 62 14 45 51 48 41 1 32 20 15 16 4 56 9 42 21 2 26 39 34 37 63 3 50 10 29 33 49 30 52 
2 26 48 58 41 25 24 30 61 63 34 37 9 1 51 16 55 49 6 23 44 57 42 10 21 54 50 62 43 22 29 59 38 3 19 32 18 7 60 36 39 52 31 45 8 33 14 40 46 11 13 28 56 12 47 27 20 5 15 64 4 53 17 35 
62 46 13 18 57 43 33 52 22 29 31 12 5 28 17 25 7 36 2 64 32 30 59 4 16 9 39 15 3 23 49 51 6 50 27 35 40 42 1 56 55 34 58 11 21 26 48 47 53 10 54 19 60 44 20 14 41 24 45 61 38 37 8 63 
56 19 12 10 37 16 42 21 59 62 23 48 27 39 49 53 60 1 11 8 29 20 47 46 64 55 35 38 33 36 44 34 52 24 30 31 13 26 58 4 50 63 17 18 61 7 57 3 45 40 41 9 15 5 6 32 43 51 22 54 25 14 2 28 
20 28 1 44 34 23 50 17 15 4 56 11 33 35 64 32 3 41 9 45 52 31 58 24 42 37 14 10 47 5 7 60 25 21 63 39 29 8 54 43 2 62 49 46 6 53 13 12 30 57 22 61 38 36 18 51 59 27 26 16 40 19 55 48 
################proper############## 

 average_time = 2967.502627 

 success runs = 1 

 total average iters = 238630199.000000 
