Success!!! 
 
 max_col = 
 64 
 
 run_time = 
 3218.233426 
 
 once iters = 
 233181086 
 
40 58 61 24 55 50 13 60 12 38 11 36 57 29 26 64 15 35 49 21 63 56 46 59 37 34 44 48 28 20 8 43 9 27 7 4 47 32 45 52 1 53 17 31 14 6 39 18 54 3 2 33 16 23 41 51 30 62 19 22 10 5 25 42 
39 22 19 36 12 28 59 4 10 31 49 24 14 53 52 32 9 18 34 17 13 54 37 27 47 60 41 30 23 46 7 29 16 5 35 40 55 1 43 6 63 50 58 57 2 25 8 64 62 38 45 20 15 42 48 26 3 51 11 21 56 33 44 61 
26 11 33 44 17 30 43 31 27 21 45 48 19 54 46 20 42 8 41 32 3 16 2 7 58 55 24 52 14 18 1 36 51 62 63 56 60 49 39 64 28 40 22 4 29 5 59 61 9 25 10 57 12 6 35 34 23 15 37 38 47 53 50 13 
18 14 54 46 29 21 35 34 23 58 43 5 15 62 56 42 47 22 52 51 55 19 38 4 59 39 25 63 40 2 53 6 10 8 48 50 57 33 30 41 3 7 11 16 45 26 13 24 61 49 64 37 32 44 31 27 1 20 9 12 36 17 60 28 
25 48 42 56 49 47 3 7 50 28 30 44 6 51 22 41 10 45 31 53 1 12 57 43 54 33 35 64 26 38 11 17 20 18 21 23 61 37 14 15 52 34 9 32 62 60 36 19 40 24 58 5 63 39 13 46 27 59 8 55 2 16 29 4 
5 57 23 64 27 20 53 32 4 1 40 13 47 2 39 9 24 60 30 28 62 33 44 50 49 22 61 16 45 51 31 12 3 59 36 38 26 25 29 19 48 54 56 10 37 15 46 42 17 55 52 8 14 7 21 11 6 35 63 18 58 43 41 34 
9 37 63 6 2 16 10 41 55 3 60 18 35 8 61 59 25 26 36 14 39 58 5 48 15 27 4 62 50 21 32 13 42 12 34 54 31 11 17 28 43 20 38 49 51 44 33 23 19 47 30 1 22 29 56 53 7 24 40 64 52 46 57 45 
1 8 45 51 62 38 52 15 7 37 25 17 16 34 33 63 29 40 64 20 6 61 23 11 56 19 3 5 57 9 10 42 46 2 58 22 13 44 53 24 30 21 41 55 35 27 12 47 36 50 43 18 28 4 60 59 54 32 48 14 26 49 39 31 
29 17 53 11 52 34 40 47 1 10 32 4 33 61 60 22 18 55 59 49 50 24 43 37 28 21 62 23 64 63 45 41 54 38 42 5 20 36 9 13 27 8 39 51 6 58 16 56 44 30 57 2 26 31 14 25 19 46 12 3 35 7 15 48 
62 20 60 2 37 33 38 51 8 46 59 56 29 45 24 43 19 48 16 7 57 36 47 32 4 44 14 50 27 49 15 40 31 23 17 6 3 12 63 25 54 42 13 22 28 64 26 55 1 41 18 61 21 35 58 10 11 34 53 30 39 52 5 9 
55 30 10 8 15 44 1 12 48 36 26 62 3 47 2 31 58 41 39 25 54 34 61 23 24 13 6 37 20 5 35 59 56 46 14 29 7 16 18 57 40 32 19 11 53 4 21 45 50 27 49 9 42 17 38 52 43 64 51 33 60 63 28 22 
23 61 13 59 41 42 54 39 19 18 63 35 21 50 57 53 14 20 51 3 64 52 9 12 22 46 2 11 56 55 36 10 27 30 32 26 28 60 1 34 5 48 15 7 17 43 38 25 4 45 37 47 62 40 24 33 29 44 31 58 49 8 6 16 
32 16 14 25 19 35 27 64 9 40 12 11 13 44 5 49 26 6 17 8 42 38 1 63 34 30 18 31 39 60 3 7 41 48 45 51 58 50 52 22 57 10 37 46 47 29 2 33 15 20 36 59 53 54 43 28 55 56 21 62 61 24 4 23 
4 26 58 57 18 7 48 45 42 34 6 54 23 15 51 14 33 5 10 62 22 28 11 40 53 17 52 25 9 61 12 38 2 43 55 59 35 19 21 49 60 44 24 50 63 30 3 31 13 64 56 46 39 16 8 29 37 41 1 47 27 32 36 20 
28 24 31 49 63 22 6 21 52 41 58 64 37 38 7 27 53 56 2 30 45 46 60 29 16 42 26 51 43 19 57 33 44 15 47 8 62 39 10 4 20 9 36 23 1 35 61 14 34 5 3 55 48 11 12 32 18 54 25 13 59 40 17 50 
50 43 56 3 9 5 46 36 17 55 20 25 28 16 30 39 21 27 13 35 15 44 4 31 1 29 48 32 58 47 54 8 33 53 61 11 24 40 64 37 49 52 59 18 12 34 62 41 60 6 7 23 51 63 22 19 42 57 2 26 38 45 10 14 
2 41 7 22 61 54 8 20 51 39 37 34 31 3 11 17 36 58 29 56 12 1 52 47 18 57 45 15 44 23 33 46 43 26 10 13 53 62 49 60 24 64 40 63 27 50 19 9 5 48 38 25 6 55 16 42 14 28 4 35 21 59 30 32 
13 46 26 58 32 59 18 63 38 23 62 16 9 22 27 15 5 14 33 61 11 53 49 54 52 43 30 8 60 10 51 50 19 4 40 44 2 56 48 45 39 31 6 37 55 47 28 36 12 21 34 29 64 20 17 35 25 1 42 24 57 41 3 7 
44 51 40 38 4 55 28 9 60 64 10 53 25 56 45 35 6 34 26 31 23 43 16 42 21 47 37 22 13 39 19 58 15 24 1 18 41 29 3 14 2 59 46 54 52 57 17 32 30 7 8 36 27 50 61 49 33 63 5 11 62 20 48 12 
57 47 39 1 60 43 23 19 40 50 24 21 20 48 42 54 37 25 38 18 10 41 28 17 29 7 49 4 31 12 59 64 30 22 6 55 52 63 32 33 58 56 61 35 5 8 45 26 51 62 9 11 3 2 44 14 16 27 36 46 53 34 13 15 
36 12 62 48 21 64 17 16 43 32 57 30 18 26 6 7 3 59 8 39 46 9 63 15 40 35 53 54 41 11 25 27 58 42 37 28 51 5 20 61 44 1 34 33 60 14 49 38 22 4 13 45 47 10 19 24 2 23 56 29 50 31 52 55 
30 5 35 45 25 14 34 24 44 4 29 33 41 36 12 1 32 62 40 50 48 64 55 19 2 3 63 9 38 6 17 16 59 31 23 47 8 7 46 27 11 15 21 53 42 51 20 13 26 28 54 56 52 60 39 57 49 18 10 61 43 58 22 37 
53 31 50 27 3 6 49 10 28 52 47 46 55 58 14 13 45 51 7 22 20 30 21 2 61 5 1 56 24 42 62 32 57 34 64 36 11 54 35 39 25 16 4 43 48 12 18 29 23 37 63 15 40 33 59 41 26 60 17 8 19 38 9 44 
37 15 11 29 42 52 33 56 5 19 8 59 61 63 49 2 13 44 35 27 4 57 24 60 36 14 28 26 55 48 20 34 17 16 25 9 38 21 50 12 7 22 3 62 41 23 30 10 58 53 32 31 18 43 46 1 45 6 39 40 64 54 51 47 
35 19 28 31 5 40 12 59 20 15 36 32 34 55 44 3 4 43 47 63 61 22 39 62 60 56 29 14 53 30 6 37 38 57 50 42 1 27 25 46 16 49 52 9 13 41 24 11 64 10 33 21 17 48 45 18 58 26 7 23 54 51 8 2 
38 64 51 63 54 46 24 22 56 25 19 26 39 28 4 58 7 50 1 29 16 14 15 10 45 8 57 35 61 36 18 49 32 21 20 12 23 6 40 11 17 27 33 47 30 31 48 62 42 59 44 41 5 37 52 2 13 55 43 60 9 3 34 53 
27 53 57 15 20 18 30 37 33 61 46 6 2 10 13 16 59 49 19 34 52 32 42 26 17 51 21 38 7 44 23 24 4 9 41 14 43 8 55 47 12 58 64 3 56 39 54 40 11 1 35 62 60 36 63 50 31 22 28 48 25 29 45 5 
11 6 2 4 13 45 36 43 59 8 9 50 52 17 37 23 27 38 12 60 21 35 64 25 33 40 16 39 62 58 48 54 29 61 31 3 18 28 7 26 42 5 53 1 34 32 44 15 24 22 47 51 55 57 30 20 56 14 49 41 63 10 46 19 
42 52 17 50 56 1 44 58 29 30 14 49 43 41 21 40 51 54 57 2 31 3 45 13 19 9 59 28 22 27 4 47 5 10 15 62 36 34 24 48 35 55 60 20 8 37 23 63 46 39 53 26 38 25 7 61 12 16 6 32 18 11 64 33 
60 62 49 41 8 32 14 3 54 35 38 47 11 1 48 57 44 53 5 9 56 18 20 30 46 31 15 10 25 43 2 55 52 63 59 33 45 64 19 51 50 36 26 29 61 22 7 28 6 34 16 12 13 58 23 4 39 37 27 17 42 21 40 24 
21 10 29 34 23 9 47 55 53 7 64 63 60 42 62 24 48 33 11 36 37 6 40 28 3 26 5 41 12 32 50 52 22 44 39 58 49 13 16 17 45 18 51 2 25 59 43 46 56 31 27 14 8 19 54 15 61 30 57 20 1 4 35 38 
7 25 48 26 33 39 16 61 31 22 5 45 51 27 18 12 17 46 23 41 24 55 8 58 42 20 34 1 11 64 13 63 60 35 30 53 37 2 56 54 38 19 14 6 57 10 4 21 28 9 29 49 43 32 3 40 62 36 52 50 44 15 47 59 
51 33 46 40 43 25 15 26 36 17 13 58 30 21 16 44 35 1 62 24 7 42 48 5 50 41 47 34 2 59 27 9 55 29 56 45 22 57 28 3 6 60 63 38 64 11 14 12 39 61 19 54 4 52 18 8 10 31 32 53 20 23 37 49 
16 36 27 13 24 23 42 53 45 2 56 7 26 20 3 8 41 31 14 52 30 25 17 49 35 48 32 61 63 33 55 18 64 60 4 21 5 47 38 43 22 28 62 19 15 46 58 54 10 29 51 34 9 59 40 37 57 50 44 1 11 39 12 6 
17 4 52 55 59 19 61 11 46 48 34 28 54 25 35 18 50 39 43 58 27 51 33 22 64 49 36 12 30 40 29 21 37 14 9 16 63 24 13 10 26 23 32 56 3 42 57 1 20 2 62 6 31 53 47 44 41 38 45 5 15 60 7 8 
10 1 8 39 64 49 29 2 62 14 4 27 53 31 38 50 28 12 3 19 60 15 56 20 26 24 43 57 6 16 44 25 40 11 33 30 46 18 54 32 37 45 5 21 9 48 35 52 63 36 22 58 23 41 42 7 34 13 47 59 17 61 55 51 
22 45 9 47 7 57 31 38 32 60 39 15 24 37 41 51 34 23 63 55 40 13 36 16 14 28 10 42 52 62 5 56 35 17 49 2 12 61 6 58 29 4 20 8 44 53 50 59 27 33 25 43 11 1 26 48 46 3 54 19 30 18 21 64 
3 44 41 30 35 12 63 28 57 47 22 23 42 59 29 33 11 9 61 64 18 4 6 38 20 37 54 19 46 31 60 45 8 25 53 48 39 15 62 1 34 51 7 24 43 2 10 16 55 32 17 13 50 21 49 5 40 52 26 36 14 56 58 27 
48 60 18 21 34 37 20 14 61 5 1 55 10 64 63 6 54 57 32 47 29 2 59 53 23 11 51 13 4 8 58 3 50 19 52 27 44 26 41 7 36 30 49 39 31 33 40 17 45 56 46 38 35 24 15 12 9 43 22 28 16 25 42 62 
58 56 32 54 50 62 5 6 49 12 52 9 40 11 43 19 8 37 21 45 44 10 26 46 7 1 39 53 17 15 38 22 34 36 51 20 42 59 23 31 41 61 25 13 18 55 47 27 16 60 14 64 57 30 28 3 48 29 24 4 33 2 63 35 
6 9 12 60 26 27 50 35 2 24 54 39 49 5 40 37 1 42 15 4 14 45 19 64 44 36 33 29 21 7 61 31 18 28 8 57 32 58 59 16 56 13 23 52 11 20 25 34 41 43 55 22 46 47 10 62 51 53 30 63 3 48 38 17 
54 55 5 10 58 13 7 52 63 29 35 12 38 43 23 25 39 28 22 33 32 21 31 6 11 64 17 45 34 4 14 20 61 47 62 60 30 51 2 50 53 26 48 15 24 36 37 49 3 44 1 42 19 18 27 16 59 8 46 9 40 57 56 41 
61 28 44 23 51 24 11 57 47 9 42 1 59 13 53 10 52 63 48 26 8 27 58 35 5 15 60 2 16 41 46 30 14 3 19 25 56 4 31 38 62 43 55 45 54 40 32 50 21 12 39 17 37 49 34 36 22 33 18 6 7 64 20 29 
59 29 34 42 38 3 62 46 18 51 15 14 32 30 20 48 40 13 54 10 49 11 7 56 12 23 55 6 47 25 63 26 24 41 5 43 27 45 37 53 64 57 8 17 21 1 22 60 35 52 61 50 33 28 9 31 44 19 58 16 4 36 2 39 
8 32 21 53 1 17 56 25 34 27 33 60 50 46 36 62 43 61 9 12 51 37 41 3 38 59 13 49 35 54 52 57 7 40 29 10 15 20 22 63 18 39 44 42 19 16 6 58 2 14 11 48 30 5 4 64 28 45 55 31 24 47 23 26 
41 49 22 16 47 2 37 18 64 6 44 8 17 57 19 21 23 29 53 38 59 5 50 36 27 62 42 40 10 1 9 48 26 39 46 52 54 35 33 55 61 3 31 12 4 28 51 30 7 58 24 32 56 45 20 63 60 25 13 15 34 14 11 43 
15 63 4 43 40 36 45 48 58 56 55 61 22 52 31 26 20 30 18 16 47 17 25 44 39 32 19 24 8 3 37 28 11 64 12 1 34 23 42 9 46 14 2 41 33 38 29 7 57 13 60 53 59 51 6 54 50 49 35 10 5 62 27 21 
20 39 64 33 14 31 19 30 16 45 41 3 7 4 28 11 62 24 55 46 2 60 34 57 43 18 56 58 51 50 22 53 49 6 13 17 21 48 44 36 59 47 35 27 10 63 9 5 8 23 26 40 25 15 29 38 52 12 61 37 32 42 1 54 
19 3 37 14 22 63 64 8 15 42 17 40 45 39 32 46 57 21 25 13 34 47 30 33 55 2 58 7 49 53 16 51 62 1 44 35 48 43 60 23 4 12 50 36 20 24 52 6 38 26 59 10 29 27 11 56 5 61 41 54 28 9 31 18 
34 13 43 17 36 60 21 50 25 54 53 19 5 18 55 52 64 16 24 37 38 39 62 51 48 63 9 3 33 26 28 61 45 56 11 31 29 46 4 20 10 41 57 58 22 7 42 2 47 8 15 44 49 14 1 6 35 40 59 27 23 12 32 30 
33 35 15 20 57 48 41 62 24 63 28 29 27 12 64 61 60 4 58 44 26 50 10 14 31 52 40 59 37 56 21 23 36 32 2 7 17 55 47 18 9 38 45 5 46 49 1 51 43 19 42 30 54 34 53 22 8 39 3 25 6 13 16 11 
24 23 30 7 46 53 4 49 26 13 21 20 62 14 1 38 56 11 6 48 36 31 29 9 25 45 12 43 5 35 42 39 63 37 27 34 50 3 51 40 47 33 28 60 59 54 55 8 52 18 41 16 2 61 32 17 64 58 15 57 22 44 19 10 
56 2 47 52 16 11 26 54 6 59 51 37 36 7 9 30 61 3 45 43 35 40 22 1 32 10 20 17 18 34 24 60 25 33 38 64 19 41 8 5 14 62 27 44 39 21 15 53 31 57 23 28 58 12 55 13 63 4 29 42 48 50 49 46 
45 38 1 32 10 61 25 5 3 57 16 2 4 49 58 60 12 17 27 42 28 59 53 55 8 54 22 44 19 29 41 11 6 13 24 39 14 30 15 21 31 63 18 40 23 56 34 37 48 46 20 35 36 64 50 9 47 7 33 43 51 26 62 52 
31 27 6 9 39 29 58 42 41 44 48 43 8 33 10 34 49 7 46 23 5 63 54 18 13 50 38 47 1 14 64 15 28 52 57 61 16 22 12 59 19 35 30 26 32 17 11 3 25 40 4 60 45 62 51 21 53 2 20 56 55 37 24 36 
12 40 59 18 28 51 55 44 22 11 23 31 56 35 50 47 2 19 20 15 41 8 32 52 6 4 27 46 36 57 30 62 53 58 54 49 10 9 26 42 13 29 43 25 16 61 64 48 33 63 5 7 24 3 37 39 21 17 38 34 45 1 14 60 
14 7 38 62 53 4 9 33 11 43 2 42 46 32 59 45 55 10 50 40 19 49 13 61 63 25 64 60 48 37 39 35 21 51 28 41 6 52 5 56 15 17 54 34 58 18 27 57 29 16 12 24 1 8 36 30 20 47 23 44 31 22 26 3 
64 54 20 28 48 15 39 40 35 53 27 10 1 60 47 4 63 2 37 5 58 26 18 24 51 16 11 21 59 52 49 14 12 55 22 19 9 31 36 30 8 46 29 61 7 62 56 43 32 17 50 3 44 13 57 23 38 42 34 45 41 6 33 25 
63 50 16 37 45 58 57 13 14 20 3 51 64 40 54 28 31 32 44 11 25 23 12 39 62 61 46 33 29 24 47 19 48 49 18 15 4 17 34 35 21 2 1 30 26 9 41 22 53 42 6 27 7 38 5 43 36 10 60 52 8 55 59 56 
52 18 3 12 6 26 60 17 21 16 31 57 63 23 8 36 38 64 28 54 9 29 27 34 30 58 7 20 15 45 56 2 39 50 43 32 25 42 11 62 55 37 10 59 40 13 53 44 49 35 48 4 41 22 33 47 24 5 14 51 46 19 61 1 
49 34 24 5 11 10 32 27 30 26 7 52 12 9 17 56 22 36 42 59 43 20 14 41 57 6 23 55 54 13 40 44 1 45 16 37 33 38 58 8 51 25 47 48 50 3 31 39 18 15 28 19 61 46 64 60 4 21 62 2 29 35 53 63 
46 21 36 35 30 41 2 23 13 33 18 38 44 24 25 55 16 52 4 57 17 48 3 8 9 53 31 27 42 22 26 1 47 54 60 63 64 10 61 29 32 6 12 14 49 19 5 20 59 51 40 39 34 56 62 45 15 11 50 7 37 28 43 58 
47 59 55 61 44 56 51 1 39 62 50 22 48 19 34 29 46 15 60 6 53 7 35 21 41 12 8 36 32 28 43 5 23 20 3 24 40 14 27 2 33 11 42 64 38 45 63 4 37 54 31 52 10 26 25 58 17 9 16 49 13 30 18 57 
43 42 25 19 31 8 22 29 37 49 61 41 58 6 15 5 30 47 56 1 33 62 51 45 10 38 50 18 3 17 34 4 13 7 26 46 59 53 57 44 23 24 16 28 36 52 60 35 14 11 21 63 20 9 2 55 32 48 64 39 12 27 54 40 
################proper############## 

 average_time = 3218.233426 

 success runs = 1 

 total average iters = 233181086.000000 
