Success!!! 
 
 max_col = 
 64 
 
 run_time = 
 814.853471 
 
 once iters = 
 30051973 
 
54 17 29 26 5 6 60 61 1 41 58 13 32 53 59 33 37 36 43 42 48 35 39 19 15 3 46 51 16 56 44 11 28 18 30 10 23 45 2 62 21 47 49 25 22 27 64 14 12 4 8 20 52 50 9 24 38 7 55 63 57 31 34 40 
46 53 19 31 59 33 1 22 27 9 30 2 29 12 54 15 4 50 32 25 11 63 51 56 36 34 47 13 41 20 10 14 38 42 24 57 16 7 58 39 35 6 55 40 37 45 26 8 17 3 21 18 28 43 61 60 5 64 23 62 44 49 52 48 
38 45 49 7 35 63 9 37 43 47 50 31 22 57 16 21 23 54 15 24 12 62 52 40 8 53 42 61 39 1 59 28 14 26 32 4 41 60 3 25 48 30 36 20 13 11 10 56 34 44 6 19 29 55 64 5 46 33 58 2 27 17 51 18 
39 30 57 16 42 51 32 40 25 37 20 64 10 3 14 11 46 13 2 6 55 9 5 45 49 60 38 23 18 43 27 22 44 33 59 34 52 17 35 19 31 28 58 61 24 29 12 54 1 26 53 63 62 48 41 7 50 36 4 21 15 47 56 8 
36 41 15 11 12 10 44 13 55 4 51 39 18 52 5 63 38 8 64 30 20 14 53 59 17 35 45 40 6 58 24 33 48 47 49 31 21 50 43 9 2 3 19 42 62 7 34 60 23 25 37 57 56 54 27 46 29 16 1 61 22 26 32 28 
58 2 55 34 28 48 23 14 42 24 46 44 35 62 8 45 22 3 26 60 49 33 41 1 57 21 37 30 63 7 4 19 27 36 40 56 29 5 61 64 52 16 18 17 53 50 39 59 11 38 31 15 13 51 32 47 10 12 54 20 6 43 9 25 
8 18 64 20 56 27 47 4 38 36 7 40 17 48 49 60 28 61 34 16 44 21 29 31 52 5 2 62 9 25 50 26 63 55 53 6 46 13 54 12 51 57 43 41 15 32 1 23 35 59 10 45 22 33 58 42 14 11 30 39 19 3 37 24 
24 25 50 3 62 43 52 21 23 28 34 6 61 19 26 56 27 18 10 58 57 17 47 7 48 29 64 54 31 12 32 55 37 22 20 11 1 8 15 51 4 9 63 44 46 5 33 38 30 40 39 16 36 49 14 2 60 41 45 35 59 13 53 42 
33 35 58 52 14 31 15 28 22 19 11 27 6 24 39 48 41 53 61 49 7 1 21 4 40 57 12 43 38 34 30 63 17 23 3 9 26 62 45 44 29 42 32 8 20 47 56 51 18 2 59 50 10 13 46 55 64 37 60 5 25 16 36 54 
21 27 39 46 1 47 12 3 57 23 52 16 51 37 25 9 42 44 60 36 8 43 64 63 54 19 4 5 2 49 33 20 56 14 31 30 38 55 50 15 34 61 26 11 28 6 17 13 48 7 32 53 45 40 22 35 58 18 29 41 24 62 59 10 
56 50 54 48 11 20 64 45 26 61 53 33 2 59 36 32 62 10 12 18 22 38 19 57 44 27 6 3 47 21 8 31 24 39 5 41 43 29 25 7 16 46 23 58 49 1 40 9 52 14 42 30 60 17 34 37 28 4 35 13 55 51 63 15 
23 43 44 51 34 24 26 59 20 38 4 30 63 21 28 40 39 56 48 47 25 13 31 29 16 1 32 9 17 64 7 35 8 60 10 22 53 2 37 36 33 55 57 50 18 62 52 3 6 15 58 54 61 41 5 27 42 19 46 45 12 14 49 11 
18 49 10 37 13 29 6 19 47 45 64 17 5 41 31 7 51 24 52 50 9 20 58 35 28 39 62 48 42 55 15 25 46 61 57 63 11 59 34 1 60 54 12 14 30 21 4 27 16 56 26 23 44 38 36 3 33 32 2 8 40 53 22 43 
2 60 53 17 32 57 55 16 56 54 42 46 14 43 58 18 40 15 30 59 5 3 11 37 41 61 13 29 52 36 26 51 6 28 35 27 12 20 49 48 45 24 25 38 10 63 44 22 19 33 62 39 64 8 4 31 21 47 9 1 23 50 7 34 
41 5 8 22 63 61 42 9 12 3 15 34 44 55 62 29 17 46 23 32 28 16 45 2 11 50 24 56 60 14 18 10 52 58 4 54 40 19 33 13 59 7 64 37 35 53 48 36 43 51 47 49 20 1 21 25 39 6 31 57 26 30 27 38 
30 40 4 62 38 25 7 36 8 13 49 60 1 50 10 35 26 6 33 34 14 27 54 55 59 23 22 45 46 53 58 37 16 21 42 47 32 64 51 18 19 31 41 5 2 39 43 15 63 28 57 9 11 24 29 12 56 52 44 17 61 48 3 20 
44 9 32 64 19 52 25 30 28 11 45 58 62 33 3 14 56 2 24 29 13 47 7 23 27 46 21 34 53 42 37 60 5 49 63 16 6 12 1 22 17 18 40 26 59 35 50 41 10 43 4 55 57 20 39 8 31 48 61 15 51 54 38 36 
34 42 12 1 18 26 46 24 59 20 9 38 36 35 53 10 63 39 31 55 3 41 22 49 58 62 61 2 33 50 54 6 25 15 37 44 47 51 29 45 11 21 8 30 60 56 32 16 13 27 48 5 23 52 28 40 17 57 43 7 14 64 4 19 
35 22 33 5 10 36 54 23 52 57 16 56 64 49 13 47 8 42 38 62 27 34 6 14 20 12 9 4 26 41 25 15 53 31 43 48 17 46 39 21 55 1 3 28 19 51 37 29 61 30 63 7 58 32 18 59 11 44 40 24 2 60 45 50 
57 29 47 58 60 53 31 48 34 40 32 15 43 23 41 5 25 21 37 26 17 52 33 18 7 49 11 28 51 10 22 56 36 27 8 64 4 38 55 3 12 13 20 63 6 24 45 61 50 46 14 44 54 62 2 19 59 9 39 30 1 42 16 35 
62 3 11 43 8 39 13 56 63 55 6 1 19 27 18 31 44 51 58 61 30 57 59 15 32 16 17 14 48 38 64 45 50 20 52 40 42 28 24 60 7 22 5 54 23 4 2 46 53 9 36 47 37 35 26 21 25 34 10 29 49 12 41 33 
16 63 51 27 21 49 40 20 2 7 17 8 48 61 60 44 1 4 35 54 64 28 12 50 23 47 29 59 5 19 43 52 18 11 13 26 14 30 41 10 36 39 31 34 58 42 9 57 15 45 25 33 38 3 24 6 62 46 37 22 53 56 55 32 
61 4 38 6 41 2 59 15 51 26 21 37 12 46 50 30 16 20 45 53 10 5 43 11 24 36 55 31 3 39 1 40 32 57 54 19 35 9 7 23 49 44 14 48 27 25 62 33 29 22 56 64 34 60 42 17 13 28 8 52 58 63 18 47 
14 7 17 28 37 45 50 55 24 25 22 54 39 29 4 42 60 48 9 19 46 36 40 32 18 63 35 57 30 44 13 8 58 34 62 2 61 33 59 56 47 53 52 10 64 38 15 43 31 49 16 11 1 12 51 41 27 26 20 23 3 5 21 6 
64 19 21 2 51 16 8 27 58 42 28 29 33 18 63 36 3 11 25 52 32 55 48 26 10 20 44 46 4 30 39 34 22 1 7 60 45 61 40 47 23 38 13 9 14 31 54 6 37 41 15 12 17 53 59 43 57 56 5 49 50 35 24 62 
11 33 63 12 45 42 10 57 48 51 23 3 59 38 55 50 14 43 56 13 1 60 34 5 37 17 16 19 8 27 2 7 4 9 29 58 44 15 30 41 62 26 39 24 32 28 36 53 20 52 35 61 31 6 47 49 40 25 22 54 46 18 64 21 
43 62 34 29 25 5 36 26 37 8 44 20 7 13 30 2 18 45 54 22 15 58 23 21 42 9 50 24 1 3 49 38 10 16 46 12 31 48 52 63 41 59 4 19 17 57 35 55 51 32 64 14 40 39 56 11 47 61 6 53 60 33 28 27 
9 61 7 23 31 41 56 58 4 6 27 53 46 5 47 22 50 49 62 17 51 10 20 12 29 59 54 15 25 35 21 48 39 32 14 33 8 57 11 42 64 52 1 16 40 43 18 30 3 34 24 60 26 44 13 28 36 55 19 37 38 45 2 63 
4 48 59 44 6 3 30 46 60 35 26 43 57 40 45 54 53 64 29 2 36 39 8 24 22 31 14 41 11 52 12 47 55 50 25 49 18 56 28 38 15 51 37 21 61 33 42 5 9 58 1 62 63 27 19 10 23 20 32 34 16 7 13 17 
53 54 20 40 39 37 24 60 16 64 31 10 15 56 19 52 33 30 63 57 47 6 38 9 61 55 51 26 58 32 28 62 35 5 34 17 36 3 13 59 27 25 2 45 29 46 49 50 42 8 18 21 4 7 23 22 48 1 12 43 11 41 44 14 
32 13 52 15 17 18 28 35 39 14 12 49 21 11 34 1 61 41 19 40 4 44 37 42 5 45 53 33 64 23 60 57 2 6 27 43 62 24 26 54 22 48 56 3 63 20 47 7 46 16 30 38 25 36 55 50 9 31 59 51 8 29 10 58 
49 55 22 38 50 1 14 47 61 32 41 9 25 17 24 62 7 27 59 28 35 31 46 16 6 56 43 18 36 40 63 13 19 51 64 21 37 23 20 53 58 8 34 12 11 10 60 44 54 48 2 29 5 45 33 57 15 39 26 4 42 52 30 3 
22 20 6 35 55 15 29 53 19 34 33 59 9 44 56 64 47 1 51 8 63 30 14 25 2 26 52 39 24 62 17 61 54 4 41 7 27 10 46 16 40 11 42 32 36 60 3 49 5 12 38 13 48 28 50 18 43 23 57 58 45 21 31 37 
17 52 31 61 3 50 2 33 62 46 36 55 13 63 40 4 32 9 44 45 34 54 28 64 60 51 5 10 7 22 41 30 26 43 58 23 49 39 56 37 25 12 24 57 16 8 20 21 27 6 19 35 47 15 11 1 53 42 14 38 18 59 48 29 
42 64 23 49 9 8 18 7 45 12 37 21 11 1 6 41 19 33 27 20 60 4 50 17 14 38 3 36 28 57 48 46 61 62 15 13 22 34 31 55 53 35 47 43 5 59 30 58 40 54 52 10 32 16 63 29 2 24 25 56 39 44 26 51 
27 28 41 21 4 44 16 25 7 18 3 26 49 8 2 43 55 5 6 48 58 59 62 61 63 37 40 11 50 31 45 53 42 52 47 29 24 1 9 32 38 19 17 56 39 54 14 64 57 20 33 36 51 23 30 34 12 60 13 10 35 46 15 22 
47 14 24 36 48 60 57 54 53 30 29 25 52 20 38 28 31 22 21 3 41 56 26 10 64 13 23 16 27 15 19 59 12 2 18 35 51 11 17 5 61 63 45 46 50 44 6 1 7 39 43 4 8 42 37 58 49 62 33 32 34 55 40 9 
51 1 45 56 46 40 39 63 32 31 5 50 58 10 61 23 36 29 16 35 43 37 57 13 47 25 49 21 12 18 42 4 59 53 38 14 33 6 48 8 26 34 15 7 55 9 22 28 44 62 60 24 41 2 17 64 54 3 27 19 30 20 11 52 
37 34 43 13 58 30 19 32 15 27 60 51 42 14 22 39 49 12 53 11 23 40 24 38 33 6 1 8 35 29 20 54 45 25 50 36 64 63 44 57 18 62 10 2 41 52 31 48 21 55 46 59 9 56 3 26 4 17 16 47 5 28 61 7 
59 12 62 10 26 38 5 11 35 48 47 57 54 16 17 24 52 7 42 46 2 18 15 39 43 58 34 44 56 9 55 32 20 30 21 3 60 40 19 28 37 23 29 51 33 13 27 4 14 31 49 25 53 22 45 61 8 63 41 50 64 36 6 1 
19 58 46 4 36 11 43 12 13 56 18 24 26 39 9 51 45 60 20 33 52 25 17 8 30 40 59 53 61 2 31 41 57 10 23 5 15 42 47 6 44 32 48 49 1 14 28 34 62 50 27 3 55 21 7 54 63 35 38 64 37 22 29 16 
5 23 30 47 49 13 45 39 21 17 59 4 37 7 27 8 35 28 3 31 26 12 61 51 1 22 20 50 14 46 52 9 43 24 48 62 25 44 60 29 57 2 38 15 54 58 11 19 41 18 34 40 33 64 16 63 6 53 56 36 10 32 42 55 
6 10 9 53 16 35 63 41 33 62 43 19 40 54 23 3 29 34 5 44 21 32 55 58 38 7 60 49 15 24 47 64 13 56 39 37 28 22 36 27 8 4 59 18 51 17 61 26 2 1 12 42 46 30 31 52 20 14 11 25 48 57 50 45 
7 51 48 32 33 17 37 52 14 15 35 36 50 25 12 55 10 16 22 9 38 24 1 43 13 8 19 27 57 45 29 42 34 54 2 61 63 53 64 31 56 20 60 47 3 30 21 62 49 23 11 6 59 58 44 39 41 5 28 18 4 40 46 26 
3 8 56 50 54 59 62 1 11 44 38 5 53 2 42 58 64 57 46 63 19 15 4 47 51 18 48 6 55 16 23 36 9 17 26 45 30 49 32 40 43 27 7 29 31 22 41 10 24 35 20 28 14 37 25 13 52 21 34 60 33 39 12 61 
40 21 2 18 57 55 34 31 29 22 61 28 60 30 52 49 6 14 11 56 62 50 42 41 39 10 26 17 54 63 3 44 1 7 51 8 20 16 38 4 46 37 33 35 25 64 23 12 36 5 45 32 15 9 48 53 19 58 24 59 43 27 47 13 
26 38 25 60 15 64 61 42 6 1 63 41 45 47 48 20 59 40 18 27 54 2 13 30 21 28 58 32 34 37 62 5 33 12 19 46 3 35 14 11 39 50 16 55 52 36 53 24 4 29 22 8 43 57 10 56 7 51 49 44 17 9 23 31 
28 24 27 14 44 22 20 29 46 16 10 32 34 31 64 57 48 37 7 23 39 53 49 36 35 4 56 25 43 33 11 12 21 41 55 59 58 52 18 50 63 45 6 13 9 40 5 42 26 60 61 17 19 47 38 51 1 15 62 3 54 2 8 30 
29 56 13 42 61 58 38 6 36 21 39 35 24 60 7 59 34 55 41 37 18 8 27 33 45 54 15 64 10 47 40 3 51 19 12 20 9 4 57 26 30 5 53 22 48 16 46 11 32 63 17 1 49 14 52 62 44 43 50 28 31 23 25 2 
12 11 1 19 30 46 3 17 31 50 54 23 8 6 32 27 9 47 14 43 40 22 10 62 53 52 25 35 21 13 56 18 60 38 28 24 48 58 63 34 20 49 61 64 45 55 57 39 33 37 44 2 42 59 15 36 26 29 51 16 7 4 5 41 
50 26 37 24 20 32 4 43 3 33 14 63 38 15 51 53 12 25 39 1 29 23 2 46 9 48 36 60 19 11 61 17 62 59 44 52 10 54 5 30 42 56 28 31 7 41 58 40 45 64 55 27 21 34 35 16 18 22 47 6 13 8 57 49 
52 16 18 59 47 9 33 2 41 49 19 11 55 42 29 26 30 35 57 7 31 45 3 44 62 14 63 22 23 6 5 24 64 37 36 39 13 32 8 17 50 43 51 1 21 15 38 25 28 10 54 58 12 46 60 4 34 27 48 40 56 61 20 53 
55 44 14 63 64 21 27 51 18 2 48 12 20 9 57 17 24 58 36 15 42 49 60 53 26 30 28 37 29 4 16 43 47 45 6 25 56 31 22 61 54 33 62 23 8 34 13 32 39 19 7 41 50 5 40 38 35 10 3 46 52 11 1 59 
25 15 5 41 22 23 49 10 30 58 40 45 16 28 44 34 13 52 17 38 61 11 56 6 12 2 39 55 20 59 57 50 3 46 1 42 7 43 21 35 9 14 27 4 26 18 19 63 8 47 29 51 24 31 53 48 32 54 64 33 36 37 62 60 
31 57 60 45 7 28 53 8 64 5 62 61 47 22 1 13 54 19 4 21 50 26 32 48 34 44 33 42 49 51 46 27 41 40 16 15 55 18 23 2 10 36 35 59 12 37 29 52 56 11 3 43 30 25 6 20 24 38 17 9 63 58 14 39 
48 39 36 54 40 34 35 62 10 43 25 52 56 4 46 37 5 63 28 64 59 51 16 20 31 41 7 58 32 8 38 1 49 29 11 53 50 14 27 33 6 17 44 60 47 3 24 2 22 13 9 26 18 61 57 23 45 30 42 55 21 15 19 12 
63 46 3 25 43 19 11 5 50 52 13 14 30 58 35 12 20 17 8 4 16 42 36 60 55 32 31 47 37 54 53 21 40 48 9 38 34 26 10 49 1 29 22 33 44 2 51 45 64 57 41 56 6 18 62 15 61 59 7 27 28 24 39 23 
1 47 28 33 27 4 58 49 9 63 56 48 41 32 11 61 43 26 40 5 53 46 18 54 25 15 57 38 45 17 51 29 30 44 22 55 2 36 6 20 3 60 50 39 42 19 7 31 59 24 23 52 16 10 8 14 37 13 21 12 62 34 35 64 
60 36 40 57 2 7 41 38 5 29 24 18 3 64 43 16 58 31 47 39 37 19 9 27 56 33 30 52 62 26 34 49 15 8 61 28 59 21 12 46 13 10 54 6 4 23 63 20 55 42 51 48 35 11 1 45 22 50 53 14 32 25 17 44 
10 37 26 55 23 62 21 44 40 53 8 47 4 51 15 6 57 38 49 41 56 64 30 34 50 11 18 12 22 28 14 2 7 13 17 32 54 27 16 52 24 58 9 36 43 48 59 35 25 61 5 31 39 19 20 33 3 45 63 42 29 1 60 46 
13 32 35 9 53 12 51 34 17 10 57 62 31 45 33 25 2 23 50 14 24 29 44 28 19 64 41 63 59 60 36 58 11 3 56 1 39 37 42 43 5 15 46 27 38 61 55 18 47 21 40 22 7 26 49 30 16 8 52 48 20 6 54 4 
45 59 61 30 52 54 48 64 49 39 1 42 28 34 21 46 15 62 13 12 6 7 63 22 3 24 10 20 40 5 9 16 23 35 60 51 19 25 4 14 32 41 11 53 57 26 8 17 58 36 50 37 27 29 43 44 55 2 18 31 47 38 33 56 
15 6 42 39 29 56 22 50 44 59 2 7 27 26 20 38 21 32 55 10 45 61 25 52 4 43 8 1 13 48 35 23 31 64 33 18 5 47 53 24 14 40 30 62 34 12 16 37 60 17 28 46 3 63 54 9 51 49 36 11 41 19 58 57 
20 31 16 8 24 14 17 18 54 60 55 22 23 36 37 19 11 59 1 51 33 48 35 3 46 42 27 7 44 61 6 39 29 63 45 50 57 41 62 58 28 64 21 52 56 49 25 47 38 53 13 34 2 4 12 32 30 40 15 26 9 10 43 5 
################proper############## 

 average_time = 814.853471 

 success runs = 1 

 total average iters = 30051973.000000 
