Success!!! 
 
 max_col = 
 64 
 
 run_time = 
 1773.119689 
 
 once iters = 
 112328015 
 
26 47 62 48 55 13 56 10 53 7 61 57 46 49 5 34 8 45 19 14 25 41 32 1 27 37 2 22 21 54 6 50 64 39 16 18 60 52 12 24 59 33 9 58 42 23 36 35 63 43 3 38 17 20 51 40 29 4 15 31 30 11 44 28 
31 53 36 8 39 27 38 57 43 54 20 41 48 52 21 23 16 40 9 2 51 42 35 13 15 47 61 5 60 17 59 4 26 37 28 46 11 63 55 45 12 50 32 1 3 10 25 64 14 29 30 19 18 24 44 34 49 33 58 22 6 56 62 7 
37 1 5 25 63 3 44 46 35 31 40 19 6 60 62 24 52 36 43 4 58 55 29 28 42 51 45 23 38 7 56 33 2 32 50 13 30 54 49 17 41 48 18 47 26 15 34 11 21 64 57 22 53 61 8 16 14 59 10 27 20 12 39 9 
16 6 40 20 49 21 28 59 11 13 30 33 32 39 50 14 23 37 10 7 27 31 17 38 43 9 24 35 57 3 44 34 47 41 48 61 29 5 25 15 4 62 53 51 2 45 22 8 55 42 56 12 52 36 58 46 64 63 18 19 54 26 1 60 
42 61 12 41 14 17 7 30 22 16 47 37 26 4 58 59 54 64 34 53 3 33 63 5 62 10 11 32 31 18 28 48 27 57 20 51 44 1 9 8 29 49 60 24 56 55 19 52 23 39 13 15 45 6 2 25 36 50 35 43 46 38 40 21 
11 43 60 52 2 54 32 50 55 44 64 29 18 56 51 17 39 46 49 47 22 15 12 20 53 14 41 1 16 36 63 26 23 33 59 19 58 34 4 42 7 38 21 37 30 40 31 6 35 48 10 9 28 27 5 62 8 61 57 24 3 45 13 25 
45 35 64 19 24 34 33 15 25 9 42 2 28 36 63 38 18 57 60 6 62 44 11 48 46 12 58 8 29 30 40 39 53 31 56 10 43 3 22 21 54 61 13 17 27 14 16 20 26 4 50 59 1 7 41 49 32 5 51 55 47 52 23 37 
22 58 18 23 51 29 4 9 10 3 15 8 12 27 45 1 50 59 30 26 56 21 61 24 52 55 20 25 13 64 49 19 62 38 40 35 14 6 7 36 63 46 39 28 5 44 57 43 11 37 31 32 60 47 33 54 41 48 17 2 16 34 42 53 
63 49 4 46 19 6 9 32 59 56 60 1 7 5 20 13 61 14 15 62 37 51 39 23 44 30 35 17 10 53 29 40 55 28 36 41 8 58 11 26 21 47 43 42 38 18 54 25 2 52 45 57 12 50 64 3 33 34 31 48 24 22 16 27 
57 60 22 40 52 55 26 34 29 11 50 45 53 21 27 47 58 63 35 16 5 56 9 25 32 8 4 43 15 39 36 24 33 18 30 37 23 46 48 1 6 59 12 44 62 31 2 17 41 61 7 51 20 19 14 38 3 42 28 54 13 10 64 49 
8 21 7 59 54 42 13 58 49 62 18 55 3 48 2 9 64 17 31 34 41 36 24 29 63 27 28 56 45 19 20 46 15 16 57 4 35 12 32 39 33 1 30 52 51 26 10 60 22 40 37 6 47 25 53 23 38 44 11 5 14 43 50 61 
18 24 35 50 41 36 30 25 54 26 33 28 15 38 14 22 11 1 40 48 46 32 53 12 61 7 57 62 23 60 31 51 9 64 13 3 42 43 6 2 58 56 20 16 34 39 63 5 29 49 17 4 10 44 21 27 47 37 19 52 45 59 55 8 
56 31 45 37 62 53 12 47 44 39 51 63 52 10 42 32 7 50 59 27 38 20 49 8 25 34 16 3 14 22 64 6 17 40 5 29 21 19 61 54 13 41 46 4 55 48 35 24 9 26 28 43 33 11 18 30 60 15 36 23 2 57 58 1 
14 28 33 43 3 11 27 29 24 36 35 46 31 61 17 12 44 52 57 22 10 6 30 47 2 5 18 48 42 1 41 54 7 50 34 38 59 51 62 53 19 64 15 23 9 49 45 37 8 16 58 55 13 39 60 63 40 21 56 20 26 4 25 32 
64 17 61 1 10 16 51 23 6 41 25 40 43 8 34 19 21 2 18 13 26 28 45 4 47 52 37 33 58 38 12 55 14 63 44 60 20 49 31 56 50 27 57 32 36 3 11 22 48 15 59 5 54 42 62 24 39 35 53 30 7 9 46 29 
20 39 2 44 48 5 15 38 58 23 57 30 37 64 16 4 55 43 3 42 33 54 19 60 26 21 50 13 11 49 9 59 22 27 45 47 25 24 10 52 61 29 7 40 53 8 14 28 32 56 35 36 46 34 31 1 18 62 41 6 12 17 51 63 
41 48 34 15 6 18 60 49 12 53 7 3 62 17 35 45 46 21 37 55 23 63 31 33 14 36 39 16 24 27 5 58 54 20 26 40 9 61 29 64 25 11 56 30 44 2 52 57 59 22 43 28 51 1 19 4 10 47 13 8 50 32 38 42 
7 27 1 24 43 44 36 8 64 19 32 25 58 40 61 41 14 11 54 49 59 13 42 34 38 28 22 51 46 48 26 12 56 3 15 30 10 53 63 57 5 21 33 60 37 9 50 4 62 31 29 20 39 35 55 47 17 16 45 18 23 6 2 52 
4 33 47 28 64 56 62 31 1 34 22 43 8 46 15 36 29 61 6 10 60 17 57 3 40 35 49 21 59 63 54 30 58 11 38 2 12 48 19 50 18 16 51 7 39 42 24 45 13 14 26 25 23 52 9 32 53 55 20 37 41 44 27 5 
53 10 54 12 45 46 37 22 48 52 9 38 21 42 57 18 47 30 32 8 20 35 64 51 55 25 6 44 50 23 11 62 28 5 41 34 13 17 39 31 43 14 58 49 29 19 59 40 27 33 16 56 3 63 61 2 26 1 7 36 15 60 24 4 
61 2 13 16 30 26 57 39 50 63 49 23 11 20 4 60 43 56 27 45 53 19 22 41 9 29 52 18 47 15 1 64 24 36 42 14 55 44 51 25 34 32 3 35 8 54 28 38 6 5 12 17 7 21 37 10 48 31 40 46 62 33 59 58 
3 52 29 17 40 59 23 20 31 2 55 24 47 28 30 54 12 5 25 36 7 9 38 58 34 56 33 57 4 10 61 13 6 43 62 16 22 35 37 32 27 15 41 48 64 1 53 26 45 18 46 8 42 60 50 44 19 51 14 21 63 49 11 39 
5 55 58 42 32 38 63 11 13 14 6 39 51 44 33 16 4 24 28 15 40 26 2 50 17 19 31 45 43 8 37 7 52 49 1 21 18 59 60 27 23 22 47 10 46 20 61 62 57 53 41 34 48 30 36 64 12 54 9 25 29 3 35 56 
19 51 14 9 35 50 25 21 27 29 59 5 10 26 56 37 48 16 44 18 39 1 52 62 3 42 53 60 20 2 32 41 8 45 47 33 7 4 23 46 17 12 6 31 63 36 55 13 38 54 24 40 58 49 15 11 43 22 61 34 28 64 30 57 
25 29 37 22 58 7 55 14 33 4 45 9 5 3 44 26 1 23 24 46 48 61 27 39 20 41 63 47 52 35 53 32 34 60 21 36 54 18 59 40 11 10 16 13 57 43 38 51 15 62 6 2 64 8 28 42 56 17 30 49 19 50 12 31 
52 9 16 18 23 20 53 28 15 60 48 56 41 13 12 29 19 8 2 38 55 10 54 17 30 31 36 37 40 25 62 11 5 35 7 27 64 22 57 51 42 63 50 21 45 6 39 61 49 1 14 26 4 46 59 43 44 32 33 58 34 24 47 3 
34 63 15 26 31 30 10 6 36 21 16 47 19 24 55 64 49 41 20 57 32 52 44 59 13 2 5 27 54 9 60 38 25 53 58 50 1 8 43 12 14 17 23 18 4 35 7 48 33 3 22 39 11 37 56 45 42 40 46 62 61 28 29 51 
38 12 57 33 36 4 49 56 42 8 37 50 63 22 6 43 34 51 62 25 64 14 47 31 45 24 17 39 28 58 7 23 3 10 19 20 41 15 26 16 2 60 29 46 52 59 44 27 40 30 54 61 55 13 32 53 11 9 21 1 48 18 5 35 
48 41 17 45 21 19 5 61 62 38 58 59 25 53 1 2 60 29 16 3 30 18 36 6 56 46 42 64 26 12 34 43 11 4 32 55 49 37 33 44 40 24 8 9 15 28 47 31 52 20 23 7 50 10 35 51 13 14 63 39 22 27 57 54 
62 8 46 27 47 60 2 51 32 40 54 31 57 7 49 39 26 35 53 11 43 22 15 42 33 59 10 50 19 14 3 18 13 9 23 17 48 28 24 61 64 58 1 20 12 56 37 30 44 21 34 29 63 5 38 41 6 25 4 45 52 55 36 16 
24 54 11 32 59 40 50 13 23 20 52 14 17 35 18 61 45 58 12 5 28 7 21 63 51 4 44 29 1 57 48 8 30 62 46 6 56 39 42 47 22 55 34 3 49 33 26 53 19 27 60 31 9 16 25 36 37 43 38 64 10 41 15 2 
39 3 43 35 44 1 42 64 28 51 10 27 34 30 11 46 9 33 13 56 50 37 4 40 16 6 55 61 49 21 22 15 45 29 63 52 2 31 38 14 32 25 54 62 19 5 41 36 17 47 18 48 24 58 12 57 23 60 8 53 59 20 7 26 
44 34 27 30 8 62 20 36 4 6 3 52 33 58 64 35 31 54 7 28 21 16 48 19 11 63 46 42 37 29 39 17 57 23 22 56 61 2 13 38 55 45 24 50 60 25 5 49 1 12 32 18 15 53 47 26 51 10 59 40 9 14 41 43 
54 22 56 47 46 61 3 40 19 5 39 44 29 62 28 51 17 32 42 35 49 8 26 55 23 45 25 7 48 20 57 14 50 24 31 63 52 27 53 41 16 13 36 38 18 21 43 34 30 58 64 37 6 9 10 59 4 11 1 12 33 2 60 15 
12 45 28 58 33 2 35 52 17 27 13 54 59 37 9 49 63 47 11 41 1 43 10 30 60 50 40 15 18 16 21 31 44 6 55 39 46 25 14 4 57 42 62 22 32 61 20 29 24 51 19 23 36 56 3 5 34 26 64 7 8 53 48 38 
17 11 19 13 26 23 21 16 57 47 24 42 60 15 10 48 62 3 51 20 4 25 40 9 12 54 1 2 56 59 38 5 49 8 43 64 45 30 18 29 46 53 14 6 58 7 33 39 50 41 27 52 34 28 22 61 55 36 37 63 35 31 32 44 
29 37 38 64 1 57 6 5 46 18 63 11 40 32 43 25 59 13 14 24 12 53 34 27 41 49 47 28 55 44 4 9 42 48 33 26 36 21 15 20 31 2 52 19 35 30 51 10 60 17 8 62 16 54 45 7 50 3 39 61 58 23 56 22 
10 59 32 63 9 14 31 41 30 1 2 7 55 23 38 21 5 39 64 33 15 58 50 46 22 53 13 34 61 6 52 36 51 19 37 12 3 16 47 60 26 8 48 27 28 17 4 56 42 11 40 44 29 43 49 35 62 20 24 57 25 54 18 45 
55 15 50 4 60 51 18 7 61 22 53 26 14 16 36 20 6 44 23 29 57 45 56 37 8 33 43 30 62 32 24 35 59 34 10 58 40 9 1 28 47 54 63 64 41 11 3 12 25 2 48 21 31 38 39 13 46 27 52 17 5 42 49 19 
49 42 24 39 53 25 48 43 41 45 56 12 50 34 31 8 36 22 38 52 2 60 18 61 19 64 27 58 3 26 51 10 32 7 35 5 17 62 54 11 9 44 59 15 40 37 1 23 4 46 33 63 57 14 20 55 30 6 16 13 21 29 28 47 
60 4 52 51 13 43 40 17 20 25 12 32 54 50 46 10 41 62 56 39 16 57 58 18 37 38 7 24 2 33 35 29 21 14 49 9 5 11 45 59 28 36 42 61 6 34 23 63 31 44 15 27 8 55 48 19 22 30 26 3 1 47 53 64 
27 62 42 7 61 10 45 33 18 57 26 48 49 6 41 30 35 55 17 19 34 38 8 44 54 11 14 52 9 13 47 25 16 1 39 28 53 20 56 63 51 31 64 12 59 22 40 2 46 24 36 3 21 32 4 58 15 23 29 60 43 5 37 50 
1 16 49 14 20 58 22 37 63 15 29 64 24 45 8 40 13 53 52 50 42 23 59 26 39 61 3 36 27 56 19 60 41 12 25 62 47 32 30 35 44 43 55 5 21 57 48 18 51 38 9 54 2 33 34 17 7 28 6 4 31 46 10 11 
32 46 25 57 29 28 39 19 16 42 38 35 61 9 7 11 15 49 4 12 45 64 3 43 5 40 26 6 63 62 10 44 36 58 51 31 27 55 8 34 20 30 17 33 24 50 60 14 37 23 47 53 41 22 1 56 21 2 54 59 18 48 52 13 
9 26 41 5 12 48 11 54 39 59 23 22 56 2 47 3 10 28 21 1 29 40 46 32 18 43 64 31 8 51 15 45 4 61 6 44 19 60 17 33 53 52 37 25 13 38 27 58 7 63 42 50 62 57 30 14 24 49 34 35 36 16 20 55 
36 30 63 56 34 47 64 18 51 55 21 17 44 33 60 58 24 27 22 31 9 11 37 54 1 48 23 12 53 4 50 28 10 42 52 43 15 26 2 3 45 19 49 8 7 16 46 32 5 13 25 35 59 29 6 20 57 39 62 38 40 61 14 41 
6 44 3 2 38 8 24 53 37 43 34 62 27 1 19 31 20 25 48 51 14 5 60 36 49 22 59 55 30 46 17 21 18 13 29 7 50 57 40 23 56 39 35 41 47 4 15 54 61 28 11 10 26 64 16 52 9 45 12 32 42 58 63 33 
35 50 23 21 15 31 59 55 5 28 36 4 13 14 52 53 33 7 61 30 63 47 6 2 57 32 34 20 41 42 58 16 48 46 24 54 37 38 64 22 1 3 11 26 10 62 29 9 18 45 49 60 40 12 43 39 25 19 44 56 27 51 8 17 
58 20 53 31 28 64 29 12 26 49 14 6 22 25 59 63 30 10 36 32 19 48 7 16 35 62 56 11 51 24 2 57 40 52 4 23 34 50 41 18 3 37 44 55 43 13 21 1 54 60 38 42 5 45 17 9 61 8 27 47 39 15 33 46 
59 13 21 10 5 33 47 27 34 32 43 60 23 12 39 62 42 18 26 17 54 29 55 49 6 15 19 46 7 50 45 22 61 51 2 24 57 14 36 30 38 4 31 63 20 64 8 41 28 35 1 11 44 48 52 37 58 53 3 16 56 25 9 40 
46 32 30 60 57 45 16 1 7 58 5 15 2 19 53 55 38 9 41 23 61 12 51 11 64 20 21 4 39 34 27 47 43 56 17 49 63 33 3 48 35 18 22 36 14 52 6 59 10 8 62 13 25 40 26 31 28 29 42 50 44 37 54 24 
50 18 39 61 56 63 34 26 9 64 31 51 1 47 24 44 57 15 46 21 52 62 25 53 48 16 8 59 33 41 30 3 38 54 27 22 32 42 28 37 49 40 19 2 11 58 17 7 20 36 55 14 43 4 29 12 5 13 23 10 60 35 45 6 
51 23 44 49 37 22 19 42 38 35 17 10 16 41 54 33 28 4 63 40 24 39 13 45 31 60 12 26 32 5 43 61 1 47 8 25 6 29 58 9 62 57 27 34 48 46 30 50 3 59 53 64 56 18 7 15 2 52 55 14 11 36 21 20 
43 7 55 6 11 35 14 3 56 46 28 36 30 18 40 52 27 31 47 60 8 59 33 64 10 13 29 9 25 37 23 42 39 44 12 15 26 45 20 62 24 51 5 54 61 53 32 16 58 57 21 49 22 2 63 50 1 38 48 41 17 19 4 34 
15 38 8 36 4 24 52 2 45 48 11 21 20 29 13 27 3 6 58 37 35 50 1 14 28 44 54 49 17 40 18 63 46 55 64 53 31 7 5 10 39 9 26 56 25 60 42 47 16 34 61 30 19 41 23 33 59 57 22 51 32 62 43 12 
40 25 48 54 17 9 41 62 8 37 4 61 42 57 3 50 22 34 5 43 44 2 20 56 58 1 38 14 36 52 55 53 35 59 60 11 16 13 21 19 15 28 10 45 23 29 12 33 47 32 39 46 27 51 24 6 63 18 49 26 64 7 31 30 
2 14 6 3 18 52 61 4 60 50 27 13 36 11 29 56 40 19 45 44 31 30 41 15 7 26 62 54 22 47 46 37 63 25 9 57 39 23 35 49 8 34 38 43 33 24 64 21 12 55 51 16 32 59 42 48 20 58 5 28 53 1 17 10 
23 64 31 38 50 41 58 60 21 10 8 16 9 63 37 42 32 48 55 59 47 46 5 35 29 18 15 53 6 61 33 20 12 17 54 45 24 36 44 7 52 26 40 39 22 51 49 19 43 25 4 1 14 3 13 28 27 56 2 11 57 30 34 62 
13 56 20 53 22 49 43 44 14 33 19 18 64 51 48 7 25 12 29 54 11 34 62 57 4 17 9 41 5 45 8 1 37 2 61 32 38 40 52 6 36 35 28 59 31 27 58 42 39 10 63 47 30 26 46 60 16 24 50 15 55 21 3 23 
30 5 26 11 42 12 1 35 52 61 62 34 38 31 25 6 51 60 8 9 36 24 16 22 59 57 32 40 44 43 13 56 20 15 3 48 28 64 27 55 10 23 4 29 50 63 18 46 53 7 2 58 49 17 54 21 45 41 47 33 37 39 19 14 
21 36 9 62 25 39 8 48 3 24 44 20 45 54 22 57 37 42 33 58 13 27 28 10 50 23 51 63 34 55 16 49 60 26 53 1 4 47 46 5 30 7 2 14 17 32 56 15 64 19 52 41 61 31 11 18 35 12 43 29 38 40 6 59 
28 40 10 34 7 32 17 63 47 30 1 58 35 59 26 5 53 38 39 64 6 49 23 52 24 3 60 19 12 31 14 2 29 21 11 8 51 56 50 43 48 20 45 57 16 41 62 55 36 9 44 33 37 15 27 22 54 46 25 42 4 13 61 18 
33 19 59 55 16 15 46 45 40 12 41 49 39 43 32 28 2 20 1 63 17 4 14 21 36 58 30 38 64 11 25 27 31 22 18 42 62 10 34 13 37 6 61 53 54 47 9 3 56 50 5 24 35 23 57 29 52 7 60 44 51 8 26 48 
47 57 51 29 27 37 54 24 2 17 46 53 4 55 23 15 56 26 50 61 18 3 43 7 21 39 48 10 35 28 42 52 19 30 14 59 33 41 16 58 60 5 25 11 1 12 13 44 34 6 20 45 38 62 40 8 31 64 32 9 49 63 22 36 
################proper############## 

 average_time = 1773.119689 

 success runs = 1 

 total average iters = 112328015.000000 
