Success!!! 
 
 max_col = 
 49 
 
 run_time = 
 545.183740 
 
 once iters = 
 49650662 
 
12 33 44 43 48 45 41 1 37 42 29 38 27 34 4 19 17 20 47 15 24 13 21 2 6 7 9 18 3 14 16 22 49 35 25 28 30 5 11 36 23 26 40 10 31 8 46 39 32 
5 4 20 2 39 24 14 18 47 41 16 40 3 25 48 31 44 43 30 36 11 27 34 32 49 38 26 35 33 23 1 46 19 7 8 45 37 22 15 29 21 10 9 17 12 13 6 28 42 
30 19 35 34 27 15 7 28 43 26 8 13 23 44 39 46 10 42 3 40 22 1 31 47 4 16 14 41 36 9 45 29 5 12 37 49 6 48 2 32 20 17 24 25 11 18 21 33 38 
37 26 6 10 17 21 22 12 2 14 35 24 31 19 41 28 18 49 13 5 34 25 45 30 46 44 42 33 32 20 27 11 39 47 40 16 1 9 8 7 38 43 36 48 29 15 23 4 3 
46 23 47 11 32 8 28 20 6 4 9 21 36 49 1 38 33 29 45 12 26 10 40 43 22 48 39 3 44 24 30 17 2 15 31 42 19 14 13 27 18 25 5 34 35 7 16 37 41 
29 42 40 25 49 16 1 33 11 5 17 46 10 39 14 32 2 9 6 7 27 15 19 8 24 36 37 23 13 43 21 18 48 38 28 41 3 34 4 12 35 31 45 20 22 47 30 26 44 
13 9 3 36 31 38 18 48 30 22 15 7 45 32 25 23 35 21 16 37 8 20 12 29 28 11 5 17 6 41 34 10 42 4 26 39 46 40 44 33 47 24 27 14 1 43 49 19 2 
25 35 5 30 21 31 42 2 29 11 32 3 48 47 7 34 38 45 49 24 36 16 41 1 40 46 19 4 22 44 20 43 12 9 23 26 15 33 10 18 6 37 17 27 13 39 28 8 14 
45 39 41 20 34 6 10 40 14 23 27 4 33 15 16 17 46 2 44 11 47 49 29 36 12 37 25 31 18 30 8 5 35 13 32 9 38 28 43 24 48 22 26 42 21 19 3 1 7 
47 44 36 27 22 2 24 46 25 13 21 26 12 38 15 4 20 40 28 30 48 43 8 14 7 9 34 39 19 6 37 42 10 29 11 31 16 1 17 3 5 35 33 32 41 49 45 18 23 
40 3 1 18 38 29 4 30 5 49 19 17 7 9 26 27 43 25 8 39 32 23 24 45 47 2 28 11 15 48 33 41 46 16 36 20 34 42 21 14 13 12 6 31 37 35 44 10 22 
33 7 15 19 23 37 43 24 34 45 1 8 44 41 18 29 42 6 35 14 9 30 20 38 13 10 17 22 21 28 31 26 3 40 27 32 25 47 49 39 46 11 12 5 2 16 4 48 36 
26 13 46 16 8 49 48 39 36 20 22 43 42 28 3 37 12 33 10 21 31 5 32 15 18 6 35 27 17 38 47 25 14 45 1 7 2 23 19 4 41 44 11 24 9 29 40 34 30 
9 14 28 32 11 12 17 10 35 18 31 37 6 16 23 22 19 13 5 41 1 48 26 42 33 3 44 21 34 49 4 7 24 2 39 29 8 27 30 45 40 36 43 15 46 38 47 20 25 
41 38 39 7 16 43 11 32 22 48 28 14 4 24 34 13 1 10 37 31 17 45 44 49 36 5 20 30 12 40 6 9 33 18 21 2 23 3 47 8 15 46 35 26 19 42 25 27 29 
27 15 22 4 30 23 21 6 41 35 12 11 47 3 5 25 48 14 40 38 46 18 9 16 37 34 32 42 28 2 19 1 36 39 44 17 13 7 29 10 26 20 8 43 33 31 24 45 49 
32 28 14 5 47 19 12 36 1 31 45 33 18 37 21 41 29 44 26 23 3 11 27 40 2 4 48 43 7 8 35 13 15 46 22 25 24 39 38 42 49 6 30 16 20 10 17 9 34 
1 45 24 31 9 33 46 43 20 29 23 49 19 5 8 42 27 12 39 16 2 14 22 10 35 17 6 13 48 26 25 3 37 30 4 34 21 41 18 28 32 40 44 7 38 36 15 47 11 
35 2 37 3 18 42 26 38 17 8 44 10 40 30 49 36 7 15 4 22 6 12 25 46 41 19 1 47 11 45 43 34 29 20 24 48 33 31 5 9 16 27 14 13 23 32 39 21 28 
44 6 10 48 20 25 49 9 42 15 13 34 2 7 35 18 28 19 24 47 33 26 3 39 29 23 21 8 27 16 32 31 38 5 17 37 43 11 45 30 36 14 22 41 4 40 1 46 12 
34 29 13 8 36 17 40 27 16 21 39 25 26 46 9 11 32 30 43 45 20 31 7 28 15 33 38 24 10 42 14 49 47 23 41 12 22 44 1 35 19 4 48 6 18 2 37 3 5 
36 16 2 28 45 3 33 44 40 9 46 27 41 17 20 8 23 11 19 34 43 29 18 5 48 35 24 32 47 25 7 30 21 49 38 10 42 13 12 6 39 15 31 37 26 1 14 22 4 
23 43 34 39 35 41 37 22 7 19 49 2 29 14 40 47 3 32 1 44 18 42 13 4 20 26 12 38 45 15 11 27 6 24 10 33 36 17 48 31 25 21 16 46 5 28 8 30 9 
31 8 32 14 7 30 13 15 26 39 10 35 20 21 37 9 16 48 38 6 12 22 28 19 11 49 33 25 4 46 18 40 1 34 42 24 44 2 41 5 45 29 47 3 27 23 43 36 17 
49 17 27 29 19 22 47 45 31 1 42 23 16 12 24 33 4 35 25 28 13 3 46 6 39 30 8 10 43 5 48 44 41 36 20 40 9 26 37 34 14 18 2 38 32 21 11 7 15 
10 25 11 15 4 46 6 37 32 34 48 5 8 18 42 39 41 26 29 17 45 44 36 31 21 1 47 7 2 3 23 14 9 28 19 38 27 16 22 49 43 30 20 12 40 24 33 35 13 
20 18 21 44 26 5 38 25 24 33 3 28 30 36 31 49 14 27 22 2 15 9 43 37 23 40 41 16 8 32 29 39 13 17 12 1 11 35 46 47 4 7 10 19 42 34 48 6 45 
24 12 48 42 40 1 9 4 13 38 47 6 11 43 36 10 5 7 21 46 30 34 2 17 14 15 27 45 31 22 26 35 16 37 33 8 32 20 28 23 3 19 41 29 49 44 18 25 39 
8 48 7 17 25 26 30 11 49 43 20 19 35 22 47 24 37 5 46 13 39 4 38 18 27 12 3 14 29 33 28 2 23 10 34 15 45 36 31 16 42 32 21 40 6 41 9 44 1 
11 27 43 38 5 13 15 31 18 24 30 32 21 33 6 44 22 36 42 35 19 40 49 9 26 20 23 28 16 39 12 4 45 3 7 14 41 46 25 2 29 1 34 8 47 37 10 17 48 
22 46 31 24 44 32 39 47 4 25 26 12 28 6 30 14 34 41 23 49 29 2 17 33 42 45 10 36 5 35 9 15 8 1 13 21 48 37 40 19 7 3 38 11 43 27 20 16 18 
21 49 29 33 2 10 20 16 9 44 5 41 17 42 32 7 45 18 12 26 40 35 15 48 1 31 43 34 30 47 24 37 11 25 46 6 39 8 23 38 27 28 4 36 3 14 22 13 19 
6 47 19 12 14 34 35 23 46 7 2 15 1 48 27 43 8 3 11 20 10 32 37 44 16 39 22 5 41 31 36 38 40 21 18 13 17 4 9 26 24 49 25 28 30 45 29 42 33 
3 1 9 23 41 18 36 8 45 40 37 29 14 13 17 16 15 38 48 4 28 46 47 24 25 21 30 19 42 27 44 32 20 43 6 5 35 10 34 11 22 33 7 49 39 26 2 12 31 
42 37 16 40 28 4 45 3 27 36 38 39 34 10 33 1 9 31 2 25 21 41 6 7 8 13 11 29 26 17 49 19 22 48 14 30 12 18 20 43 44 47 46 23 15 5 32 24 35 
43 22 8 21 3 14 16 34 10 17 41 44 13 23 45 40 36 1 15 9 49 38 42 35 5 24 4 20 25 7 2 6 28 11 47 19 29 12 27 37 33 39 18 30 48 46 31 32 26 
28 5 30 1 46 44 25 19 48 3 40 36 9 35 12 6 24 37 34 33 4 7 39 26 17 8 45 2 38 21 15 20 18 27 29 22 10 32 42 13 31 23 49 47 16 11 41 14 43 
15 32 33 49 6 7 34 21 39 27 25 20 22 29 2 48 26 28 17 43 38 36 30 11 9 18 40 46 37 19 13 45 31 14 5 3 47 24 16 44 1 41 42 4 8 12 35 23 10 
4 24 23 45 29 35 19 42 28 46 18 30 37 2 44 3 47 39 31 32 5 6 33 25 10 27 13 12 49 1 41 16 43 22 48 36 14 38 26 21 11 8 15 9 7 17 34 40 20 
17 36 42 47 12 9 27 5 38 16 24 31 43 8 29 21 11 23 18 10 7 19 14 22 32 41 15 44 39 34 40 33 30 26 35 4 20 49 6 46 28 48 1 45 25 3 13 2 37 
39 40 38 13 10 20 2 26 33 6 11 47 49 4 46 35 30 16 14 42 41 37 1 3 43 28 31 48 23 36 17 12 32 8 9 18 5 25 7 15 34 45 19 44 24 22 27 29 21 
18 11 26 41 37 48 31 14 15 12 7 1 32 45 19 20 13 22 27 8 25 21 16 23 34 47 29 49 46 10 42 24 4 44 3 43 40 30 35 17 9 2 28 39 36 33 38 5 6 
16 31 17 26 33 39 8 41 21 37 43 48 15 27 22 5 40 24 20 19 23 28 35 34 30 42 46 1 9 29 38 36 7 32 2 11 4 45 14 25 10 13 3 18 44 6 12 49 47 
7 41 45 6 15 47 23 29 3 2 33 22 25 1 28 12 21 8 32 18 44 17 4 27 31 14 16 26 24 11 5 48 34 42 43 46 49 19 39 20 37 9 13 35 10 30 36 38 40 
38 10 25 35 1 36 5 13 44 28 14 42 39 26 11 45 49 4 9 27 37 24 23 41 3 32 18 6 40 12 22 21 17 19 30 47 31 43 33 48 8 16 29 2 34 20 7 15 46 
14 30 18 22 43 28 3 35 23 32 36 45 46 40 13 26 31 34 33 48 42 8 5 21 44 29 2 37 20 4 10 47 25 6 49 27 7 15 24 41 12 38 39 1 17 9 19 11 16 
19 21 49 46 42 11 44 17 8 10 34 9 38 20 43 30 6 47 7 3 16 33 48 12 45 25 36 40 35 13 39 28 27 41 15 23 18 29 32 1 2 5 37 22 14 4 26 31 24 
2 34 12 37 13 40 32 49 19 47 4 16 24 31 10 15 25 17 36 29 14 39 11 20 38 43 7 9 1 18 46 8 44 33 45 35 26 6 3 22 30 42 23 21 28 48 5 41 27 
48 20 4 9 24 27 29 7 12 30 6 18 5 11 38 2 39 46 41 1 35 47 10 13 19 22 49 15 14 37 3 23 26 31 16 44 28 21 36 40 17 34 32 33 45 25 42 43 8 
################proper############## 

 average_time = 545.183740 

 success runs = 1 

 total average iters = 49650662.000000 
