Success!!! 
 
 max_col = 
 49 
 
 run_time = 
 999.792985 
 
 once iters = 
 97524004 
 
9 42 32 43 5 6 38 3 19 39 36 26 44 47 12 23 14 13 10 31 24 41 40 16 8 46 35 1 27 37 22 7 28 11 33 21 48 17 2 45 20 29 15 49 25 18 30 4 34 
28 13 44 41 21 36 7 9 35 32 29 11 40 15 42 6 2 25 3 17 43 12 19 30 4 24 14 22 23 34 39 48 1 46 49 37 33 18 27 16 47 8 45 20 10 5 31 38 26 
49 1 20 17 24 18 31 48 37 16 6 27 28 25 26 36 32 38 15 46 30 2 13 10 34 9 45 33 5 44 41 42 14 19 47 4 11 39 23 3 35 12 8 40 43 22 29 21 7 
2 35 4 23 25 30 47 33 12 18 38 21 8 20 39 28 5 27 48 19 29 44 37 7 36 15 49 43 31 32 17 10 45 26 6 9 22 24 42 40 46 34 13 1 3 11 16 14 41 
29 34 39 16 37 19 11 1 31 46 49 41 42 45 44 22 40 33 4 7 47 23 18 3 48 27 5 17 21 13 25 20 35 43 8 38 10 26 6 15 14 30 12 28 36 2 9 24 32 
46 40 10 15 27 22 8 14 13 7 30 23 17 4 18 41 35 45 16 11 34 32 25 21 20 26 29 42 9 38 3 36 24 2 12 49 1 19 31 43 28 5 48 33 39 44 6 37 47 
26 3 33 12 45 48 14 10 5 22 43 24 2 34 1 20 8 9 49 37 21 11 47 31 6 28 39 38 30 29 4 15 40 16 18 32 36 7 44 13 41 25 23 46 35 17 27 19 42 
42 18 24 30 16 43 29 40 11 1 21 49 15 6 27 4 7 41 33 39 35 26 17 23 10 34 36 48 32 20 45 12 22 9 38 47 14 46 19 28 3 2 5 31 13 37 8 44 25 
21 36 13 47 23 10 12 2 8 17 20 39 48 16 9 25 31 32 18 15 40 22 35 44 30 7 19 3 29 33 11 4 6 28 43 45 5 41 38 42 24 37 14 27 1 46 34 26 49 
39 49 27 8 2 38 19 24 10 35 3 29 4 9 34 48 28 23 46 20 37 25 12 1 13 47 15 45 36 14 18 41 5 31 16 40 17 32 26 30 44 7 22 21 33 43 11 42 6 
35 37 15 5 20 26 25 45 28 47 19 22 27 41 8 1 16 14 21 13 6 33 11 43 46 29 4 24 49 42 40 30 23 44 7 12 9 10 18 31 34 36 39 2 38 48 32 17 3 
32 4 28 22 11 3 40 38 44 26 25 46 31 18 2 24 29 47 45 10 19 6 42 37 9 14 20 5 17 1 13 34 21 8 39 48 15 35 33 49 27 43 41 16 30 36 12 7 23 
33 44 1 46 9 7 34 42 30 23 14 43 37 36 38 17 49 3 5 12 11 28 32 41 16 39 31 27 10 25 2 24 48 15 26 13 6 20 22 21 8 4 35 47 19 29 45 40 18 
6 48 45 14 41 31 17 13 32 34 33 5 7 12 43 44 36 22 30 26 42 21 8 49 40 38 18 2 19 35 27 47 3 37 46 1 25 11 16 29 23 39 10 4 28 20 15 9 24 
30 16 2 19 47 23 27 5 41 36 18 45 20 32 40 37 9 34 11 24 48 38 26 28 42 4 25 44 7 8 49 14 39 12 10 31 13 43 35 17 22 21 46 29 6 1 3 33 15 
25 20 17 1 34 12 35 47 6 24 27 3 22 2 33 19 26 36 44 43 31 16 41 46 5 11 8 40 48 15 42 18 13 21 29 10 30 38 9 4 45 23 28 39 7 49 14 32 37 
37 39 48 9 42 21 41 7 46 28 13 15 14 40 16 45 18 4 29 5 23 31 1 12 49 35 27 20 43 2 6 3 32 30 25 11 34 44 47 33 19 24 38 17 22 10 26 36 8 
4 26 40 24 29 33 32 19 48 10 34 37 9 8 49 3 20 30 27 21 22 17 2 18 15 23 43 7 44 47 46 1 38 45 5 28 16 42 36 6 39 14 25 35 12 31 13 41 11 
18 14 8 13 7 15 44 49 17 38 1 33 23 26 10 32 47 12 25 35 28 34 24 36 39 45 3 6 4 11 31 16 19 22 41 29 46 2 20 27 37 40 21 5 9 30 42 48 43 
43 38 11 36 22 49 5 4 16 44 31 35 39 30 14 46 6 1 2 42 7 10 21 29 19 13 32 37 40 17 9 28 26 33 20 41 12 25 8 48 15 3 27 24 23 34 47 18 45 
10 31 3 28 6 45 46 29 21 25 42 12 43 11 13 39 17 15 41 38 8 14 22 9 33 48 30 47 24 23 34 27 36 35 37 18 32 5 7 26 1 49 4 19 44 40 20 2 16 
47 30 22 10 19 25 15 20 24 9 44 6 18 13 48 29 37 49 26 14 32 42 27 40 28 17 11 23 2 12 21 39 34 38 3 5 41 45 4 35 16 1 33 43 31 7 46 8 36 
34 27 16 48 44 13 9 43 38 29 17 32 26 31 3 33 41 19 23 28 39 46 36 22 1 20 10 15 8 7 37 45 30 40 4 25 49 21 12 47 2 18 42 11 5 6 24 35 14 
17 24 49 21 12 28 6 41 23 19 4 7 1 37 22 8 27 40 31 45 5 47 34 48 43 25 13 30 26 36 35 29 18 42 14 33 39 15 46 32 11 38 9 44 2 16 10 3 20 
11 32 37 26 40 35 18 36 27 48 47 8 45 5 17 42 30 20 12 6 2 49 29 38 7 33 24 4 15 16 10 46 25 13 9 44 3 28 43 14 31 19 1 34 41 23 21 39 22 
31 2 46 33 1 14 4 22 40 42 11 34 16 39 35 43 21 10 24 36 18 5 45 26 37 3 44 8 20 6 47 49 41 32 19 30 23 9 48 7 29 27 17 38 15 13 28 25 12 
41 23 42 45 8 39 36 46 25 33 12 2 21 3 47 38 15 7 13 44 1 9 14 35 18 6 16 19 11 43 28 5 31 17 22 26 40 34 37 24 10 20 32 30 29 27 4 49 48 
20 7 38 29 43 5 3 30 49 15 35 28 10 14 4 11 46 16 34 25 9 39 31 2 32 21 41 12 1 48 33 23 44 24 27 17 8 22 13 36 42 6 40 26 37 45 18 47 19 
44 29 23 32 13 37 49 17 15 43 8 47 38 21 24 16 25 2 9 3 20 45 46 39 22 5 6 14 33 30 12 31 7 41 28 36 26 1 34 11 18 10 19 48 4 42 35 27 40 
24 19 7 38 10 42 21 6 26 27 40 20 12 46 32 30 34 37 47 4 44 8 28 11 29 16 9 49 39 22 36 43 17 18 1 14 35 3 15 25 48 31 2 13 45 41 23 5 33 
8 47 18 11 26 9 48 37 22 31 23 10 3 28 41 5 42 21 7 27 36 15 33 4 2 30 1 13 35 45 24 44 20 34 40 46 29 16 39 19 43 32 6 14 49 25 17 12 38 
5 22 43 25 46 40 33 11 4 13 41 36 34 1 45 14 12 26 35 48 15 18 10 17 31 42 21 32 16 19 29 8 27 6 2 7 24 23 49 44 38 47 37 9 20 3 39 28 30 
15 6 35 2 30 20 45 32 9 14 5 19 49 44 11 10 39 28 43 29 17 24 3 47 38 41 37 34 46 4 23 13 42 25 48 22 27 8 40 12 21 33 7 36 18 26 1 16 31 
27 41 12 39 31 34 28 16 29 2 7 18 25 42 6 13 23 8 1 33 38 43 48 19 44 36 40 35 14 49 26 37 47 3 32 20 45 4 30 9 5 17 24 15 11 21 22 10 46 
1 17 36 3 14 4 16 35 39 30 45 48 24 33 46 31 19 18 40 22 49 20 23 27 26 12 7 25 38 10 15 11 9 5 21 42 37 13 28 2 6 41 44 32 8 47 43 34 29 
14 28 26 6 32 46 39 25 3 49 2 16 29 27 21 34 13 35 36 9 10 40 5 20 45 37 23 41 12 18 48 19 43 1 30 8 44 47 24 22 33 11 31 7 42 4 38 15 17 
12 9 41 34 38 11 22 26 7 5 10 4 36 43 19 40 45 39 17 49 33 29 15 42 21 2 28 31 13 27 20 6 37 47 23 16 18 14 25 1 32 48 3 8 46 24 44 30 35 
13 45 25 4 35 16 24 18 20 8 15 40 46 48 23 47 43 29 42 30 3 36 39 32 27 10 38 26 22 21 44 33 2 14 31 19 7 37 17 5 12 28 11 41 34 9 49 6 1 
23 21 30 20 36 8 43 12 14 45 37 44 11 17 5 15 22 31 32 1 27 4 7 33 25 18 34 9 28 39 16 35 46 49 24 3 42 6 41 38 40 26 47 10 48 19 2 29 13 
3 10 19 27 33 2 1 31 42 6 28 9 47 22 25 7 44 11 38 8 46 48 49 24 35 43 12 16 41 5 32 40 15 29 17 34 4 30 45 20 36 13 26 18 21 14 37 23 39 
48 5 31 7 49 17 37 39 34 21 32 1 13 38 20 18 24 6 28 16 41 30 44 14 3 19 47 46 42 26 8 25 11 4 45 15 2 29 10 23 9 35 36 22 40 12 33 43 27 
40 15 47 44 18 29 42 23 33 41 24 30 19 35 37 12 4 48 14 2 26 1 6 13 17 8 22 11 3 9 7 38 10 36 34 43 31 27 21 39 49 46 16 45 32 28 25 20 5 
22 46 21 37 4 32 23 28 36 40 39 25 30 49 7 26 48 5 6 34 13 3 43 8 14 31 42 10 45 41 38 2 29 27 35 24 47 33 11 18 17 44 20 12 16 15 19 1 9 
16 11 5 40 39 41 26 34 18 3 48 31 35 10 28 9 33 43 37 23 45 19 38 6 12 1 17 21 47 24 30 32 4 7 15 2 20 49 14 46 13 42 29 25 27 8 36 22 44 
45 12 9 18 3 44 10 21 1 11 22 13 6 7 15 2 38 46 19 47 25 27 20 5 24 32 33 36 34 28 14 17 8 39 42 23 43 40 29 41 30 16 49 37 26 35 48 31 4 
7 25 14 31 15 1 2 8 43 20 16 42 41 24 36 27 10 17 22 40 4 35 30 34 11 44 46 29 6 3 19 21 49 48 13 39 38 12 32 37 26 9 18 23 47 33 5 45 28 
38 8 34 35 48 27 30 15 2 12 46 14 32 19 29 49 1 24 20 41 16 13 4 45 47 40 26 18 37 31 5 9 33 23 44 6 28 36 3 10 25 22 43 42 17 39 7 11 21 
19 33 6 49 28 47 13 44 45 4 9 17 5 29 31 35 11 42 8 32 14 37 16 25 23 22 2 39 18 40 43 26 12 20 36 27 21 48 1 34 7 15 30 3 24 38 41 46 10 
36 43 29 42 17 24 20 27 47 37 26 38 33 23 30 21 3 44 39 18 12 7 9 15 41 49 48 28 25 46 1 22 16 10 11 35 19 31 5 8 4 45 34 6 14 32 40 13 2 
################proper############## 

 average_time = 999.792985 

 success runs = 1 

 total average iters = 97524004.000000 
