Success!!! 
 
 max_col = 
 49 
 
 run_time = 
 293.004703 
 
 once iters = 
 30520422 
 
42 18 39 34 48 32 47 36 8 16 28 40 26 29 12 45 15 25 13 7 6 21 31 44 5 41 11 14 9 30 33 17 38 24 10 35 49 37 19 3 20 27 46 1 22 2 4 43 23 
13 41 36 1 25 9 24 10 39 34 35 47 46 7 22 21 37 43 17 16 5 6 42 30 3 18 4 20 27 23 15 2 44 48 31 38 40 28 29 45 12 11 33 49 32 19 8 14 26 
11 5 44 14 19 4 12 33 9 20 3 17 45 13 2 27 18 34 39 49 38 37 8 28 46 7 32 48 22 41 1 26 29 6 47 43 30 23 25 16 36 10 15 24 21 35 31 42 40 
15 27 7 38 16 43 49 42 19 48 24 44 25 14 30 28 10 31 40 1 32 23 17 47 9 2 12 26 34 11 36 13 18 8 35 4 21 46 33 6 41 22 37 45 39 5 20 29 3 
3 8 22 20 6 10 21 27 5 11 30 49 38 4 14 35 41 36 29 46 23 43 19 33 1 15 40 13 42 37 16 32 45 12 39 9 24 31 34 26 48 2 25 28 44 18 47 17 7 
45 37 46 28 29 26 33 41 23 31 21 43 2 18 24 3 9 20 42 11 44 10 22 35 16 25 34 39 7 40 49 19 4 5 14 47 15 1 8 32 13 17 27 48 12 30 6 36 38 
23 40 17 35 2 31 30 37 6 15 32 1 22 12 8 26 4 33 19 48 47 49 36 45 27 29 24 38 28 20 3 25 21 43 46 44 42 18 7 39 5 14 34 9 41 13 10 11 16 
7 39 43 37 32 38 13 28 36 12 10 2 24 35 29 11 3 4 14 41 42 20 33 31 45 47 25 40 15 6 17 30 19 23 18 21 8 22 49 48 27 44 16 46 5 9 34 26 1 
19 21 8 44 31 15 36 16 43 30 17 13 47 32 38 33 45 48 24 9 18 12 11 46 42 4 14 7 26 27 35 49 28 3 34 20 1 6 39 23 29 5 10 22 40 25 41 2 37 
30 20 40 10 28 12 29 31 34 6 11 27 21 3 16 37 19 32 26 36 25 9 13 22 23 49 17 41 47 2 39 38 5 1 48 45 43 4 46 7 14 18 8 44 42 15 24 35 33 
47 6 25 42 27 34 16 18 49 8 45 33 23 20 46 15 1 22 31 10 30 32 38 26 21 5 28 44 29 14 41 11 7 4 9 37 36 35 40 12 2 24 3 13 19 17 43 39 48 
4 46 35 23 26 48 17 15 1 14 19 7 41 40 47 6 2 5 44 21 28 29 39 27 10 8 37 18 12 31 24 43 16 33 22 42 3 25 13 38 34 9 11 36 45 32 30 20 49 
18 3 41 2 9 22 11 4 25 44 37 5 42 48 34 40 49 8 7 12 39 30 15 43 35 24 1 16 13 32 45 21 46 36 20 31 19 33 17 28 10 26 6 38 27 23 29 47 14 
14 33 45 24 5 49 1 46 26 39 22 38 29 9 35 23 17 27 20 43 13 48 34 2 36 6 19 3 8 44 42 40 10 37 25 15 16 41 11 47 32 30 31 7 28 21 12 18 4 
9 15 2 49 20 39 46 8 38 42 1 3 7 23 25 13 24 35 37 34 40 26 32 16 14 36 18 31 19 47 28 45 48 21 6 33 5 27 22 4 44 12 43 41 29 10 11 30 17 
29 10 28 31 45 16 6 30 37 43 2 26 12 47 5 14 7 46 41 38 49 3 21 17 44 19 22 1 40 24 34 8 25 39 23 18 32 20 9 15 11 48 35 42 33 4 27 13 36 
43 19 42 13 36 33 27 24 44 4 48 14 5 15 32 10 20 28 3 6 17 40 7 49 34 23 35 8 1 16 29 37 41 11 12 2 47 39 30 31 21 46 45 18 26 38 22 9 25 
37 44 1 26 22 14 5 45 21 40 41 9 34 10 4 47 8 11 2 18 33 15 29 12 25 30 6 27 3 17 31 36 42 20 32 7 35 43 38 13 49 23 48 16 24 46 19 28 39 
32 25 12 21 41 3 7 19 35 22 18 29 39 28 23 42 48 44 43 30 27 46 47 11 4 13 33 45 49 5 38 10 15 9 2 24 17 8 36 34 26 16 40 20 1 14 37 6 31 
35 23 38 8 11 24 4 6 13 17 33 36 31 27 9 16 29 12 22 45 1 2 5 39 48 28 20 10 18 46 43 14 30 7 26 3 37 40 41 25 42 19 32 34 47 49 44 15 21 
34 17 48 30 40 47 18 32 16 49 46 11 20 25 21 19 39 15 36 31 26 42 43 38 37 9 41 24 33 13 4 22 27 35 44 14 29 45 10 1 28 6 2 23 7 12 3 5 8 
5 34 16 47 39 17 32 11 33 25 49 22 48 1 31 12 27 10 35 23 3 45 40 8 15 38 9 30 41 26 19 20 13 2 29 36 44 14 24 42 18 28 4 6 46 37 7 21 43 
12 42 29 46 8 37 2 43 47 38 31 19 35 6 44 22 40 30 16 33 21 25 10 41 49 14 13 17 4 28 18 7 34 15 11 1 20 26 48 27 23 32 39 3 36 45 5 24 9 
27 13 20 36 14 18 23 9 12 41 40 16 30 42 45 32 11 1 47 37 15 7 48 21 24 43 2 28 31 49 46 33 39 44 3 8 6 5 4 29 17 35 26 19 34 22 25 38 10 
33 22 21 43 3 41 38 29 32 45 15 10 17 24 36 4 13 26 25 20 7 5 1 42 18 34 46 23 16 9 8 48 6 47 40 19 11 12 2 37 31 39 44 14 49 28 35 27 30 
28 9 19 4 30 44 26 7 2 13 20 23 3 36 17 48 43 42 34 29 8 31 6 37 12 33 39 35 5 38 10 24 32 14 27 49 25 47 45 46 22 21 18 11 15 40 16 1 41 
31 35 15 25 10 1 45 14 46 27 5 39 28 44 49 9 6 38 18 2 24 22 4 3 29 11 26 19 37 12 21 23 43 17 36 41 34 30 16 40 7 33 20 47 13 8 42 48 32 
48 24 49 11 7 6 40 26 18 37 4 34 8 21 41 46 5 14 28 39 19 36 27 20 47 16 44 32 30 25 22 35 1 42 45 10 13 15 3 9 38 43 17 29 31 33 23 12 2 
46 11 31 12 49 2 9 25 27 35 13 20 37 8 33 34 38 16 10 5 48 24 45 40 22 32 30 36 14 15 47 6 17 29 1 28 39 42 23 41 43 3 19 21 18 7 26 4 44 
39 48 34 7 38 20 19 2 4 26 23 28 43 11 15 25 21 47 27 35 31 18 41 9 6 17 49 29 45 33 32 42 22 46 37 30 12 13 44 14 16 36 24 8 10 1 40 3 5 
1 32 37 5 15 36 42 3 30 10 6 12 16 22 19 29 26 41 9 13 43 44 2 23 31 46 27 4 24 7 11 39 40 28 49 25 18 34 35 21 8 38 14 33 17 20 48 45 47 
10 45 30 18 13 40 8 21 24 5 36 15 44 31 6 49 28 7 1 32 22 19 20 14 33 39 42 43 38 3 23 16 12 41 4 26 48 11 27 17 37 47 9 2 35 34 46 25 29 
41 43 26 33 44 23 22 48 42 32 29 45 1 17 40 30 14 18 46 4 20 16 25 15 8 35 3 47 36 34 27 31 2 19 21 6 10 49 5 24 9 7 28 12 11 39 38 37 13 
6 47 24 29 21 27 25 38 40 33 9 41 14 46 42 39 23 17 11 3 12 28 37 7 13 10 5 34 48 35 26 44 8 18 43 32 4 19 20 2 45 1 36 30 16 31 15 49 22 
17 16 14 3 4 28 35 39 7 47 34 18 49 19 37 36 44 45 8 24 2 1 26 48 11 21 38 12 25 10 20 5 9 13 30 40 22 29 15 33 46 31 42 27 23 43 32 41 6 
24 2 27 6 1 29 10 20 22 23 16 48 19 43 26 7 31 49 32 8 11 14 18 34 41 42 47 21 46 39 9 15 33 30 38 12 45 17 28 5 40 37 13 25 4 3 36 44 35 
20 30 3 41 46 25 28 40 29 2 14 21 11 5 39 43 33 19 12 44 34 8 35 1 32 31 23 9 17 42 37 18 49 26 13 48 38 24 47 36 4 15 22 10 6 16 45 7 27 
21 31 47 16 18 35 14 13 17 46 25 32 33 30 10 38 42 3 23 40 36 11 49 4 19 48 29 2 20 45 5 27 24 34 7 22 9 44 6 43 39 41 12 15 37 26 1 8 28 
38 4 9 15 23 5 43 44 10 3 42 8 18 39 28 20 35 37 21 22 45 13 12 25 26 27 36 33 11 48 6 1 31 16 41 46 14 7 32 49 19 34 29 17 30 47 2 40 24 
26 36 13 40 17 19 44 34 28 1 7 6 15 37 48 41 46 29 5 47 14 38 16 24 30 3 45 22 43 4 2 12 23 32 8 27 33 10 21 18 35 25 49 39 20 11 9 31 42 
8 12 11 22 37 45 34 49 41 9 47 35 36 38 1 17 25 24 4 27 16 39 28 5 7 44 15 6 21 29 40 3 14 10 19 13 26 2 31 20 30 42 23 32 43 48 18 33 46 
49 7 32 48 33 42 39 12 31 24 26 4 27 45 13 18 30 2 6 15 9 17 46 10 40 20 43 37 35 22 44 47 36 25 28 29 23 16 1 11 3 8 38 5 14 41 21 19 34 
36 1 33 27 47 13 48 23 14 18 38 31 9 49 7 2 22 39 45 19 46 41 30 6 20 37 10 15 44 43 12 34 3 40 42 5 28 32 26 35 25 29 21 4 8 24 17 16 11 
40 49 10 17 34 46 31 22 3 21 12 42 32 33 27 8 47 6 48 25 35 4 44 29 38 26 7 11 39 1 30 28 20 45 15 16 41 9 43 19 24 13 5 37 2 36 14 23 18 
25 38 4 9 24 7 41 35 11 19 8 37 6 34 20 31 36 40 15 17 10 33 3 13 39 1 16 42 32 18 14 29 26 22 5 23 2 21 12 44 47 49 30 43 48 27 28 46 45 
2 26 23 39 42 11 20 17 15 36 44 46 4 16 43 5 32 9 30 14 37 35 24 19 28 22 31 25 6 21 48 41 47 49 33 34 27 3 18 8 1 45 7 40 38 29 13 10 12 
44 29 6 32 43 21 15 5 45 7 27 30 40 26 3 24 16 13 38 28 41 47 23 18 2 12 8 49 10 36 25 4 37 31 17 11 46 48 14 22 33 20 1 35 9 42 39 34 19 
16 14 18 45 12 8 37 47 20 28 39 25 10 2 11 1 34 21 33 26 29 27 9 32 43 40 48 5 23 19 13 46 35 38 24 17 7 36 42 30 6 4 41 31 3 44 49 22 15 
22 28 5 19 35 30 3 1 48 29 43 24 13 41 18 44 12 23 49 42 4 34 14 36 17 45 21 46 2 8 7 9 11 27 16 39 31 38 37 10 15 40 47 26 25 6 33 32 20 
################proper############## 

 average_time = 293.004703 

 success runs = 1 

 total average iters = 30520422.000000 
