Success!!! 
 
 max_col = 
 49 
 
 run_time = 
 620.730432 
 
 once iters = 
 64048838 
 
28 6 36 44 37 39 16 49 12 19 33 29 46 41 23 22 1 8 40 7 9 15 3 20 27 21 5 47 17 45 34 32 4 2 26 25 42 30 10 14 24 48 38 43 18 13 31 35 11 
2 17 22 19 30 21 49 1 20 10 5 37 27 15 28 18 25 44 38 11 35 43 6 48 42 14 36 26 31 39 7 47 41 46 23 29 8 32 13 16 33 40 3 9 12 34 45 24 4 
34 23 46 12 35 43 40 28 16 25 18 26 31 7 4 27 15 32 36 14 17 37 29 33 45 10 19 2 30 42 13 48 1 9 24 47 49 3 11 38 41 20 22 39 5 8 6 44 21 
1 3 20 5 41 14 8 11 43 2 36 17 4 48 26 47 21 29 45 10 46 24 40 16 12 9 13 32 38 6 28 44 33 22 37 39 19 18 31 7 34 35 25 27 30 49 42 23 15 
24 42 15 29 38 47 26 21 9 30 3 39 34 44 31 6 16 33 13 12 43 23 22 7 49 18 11 1 25 19 40 5 35 8 10 4 27 46 45 28 17 2 48 14 36 20 41 37 32 
45 9 11 4 48 13 31 24 14 22 32 38 35 8 2 19 20 37 3 41 42 30 25 17 46 44 39 34 18 43 27 12 49 16 29 21 36 15 6 26 5 23 28 40 33 1 7 10 47 
7 33 27 18 32 25 10 47 40 13 42 45 6 23 34 24 30 48 5 49 39 35 38 8 31 41 28 4 14 20 15 3 36 11 21 12 9 22 37 1 44 43 19 46 26 29 2 16 17 
21 29 40 36 6 48 7 42 49 32 13 31 17 27 10 1 43 18 14 9 34 47 20 5 39 2 15 45 22 33 25 23 24 44 35 28 38 11 30 4 46 37 41 16 3 26 8 19 12 
49 13 35 46 14 11 39 12 34 8 10 18 28 24 41 26 23 2 27 42 45 48 16 43 6 38 7 37 15 47 31 20 19 30 3 33 40 5 17 22 21 1 32 25 4 9 29 36 44 
41 12 26 28 3 1 4 6 46 40 25 22 23 47 36 8 7 19 48 39 15 27 49 10 33 31 29 13 37 16 21 17 14 5 42 18 32 45 35 44 20 9 34 2 38 43 30 11 24 
9 18 5 32 19 16 47 41 7 35 29 14 38 20 3 37 28 46 31 24 22 42 30 11 44 25 21 12 49 34 1 4 6 40 8 10 2 26 36 23 43 13 33 17 48 15 39 45 27 
33 38 37 30 45 15 23 48 2 11 26 3 44 16 47 13 12 17 29 20 5 22 32 1 35 8 4 41 28 10 9 36 46 39 43 6 31 19 24 25 27 34 21 49 14 42 40 7 18 
27 22 25 2 43 10 34 30 36 45 37 9 39 19 32 4 44 49 21 35 33 3 24 40 28 23 26 17 7 41 18 38 13 29 11 14 48 8 42 12 15 16 46 20 47 6 5 31 1 
44 20 42 8 31 24 17 5 21 4 15 1 43 33 40 16 11 30 6 38 25 36 46 34 9 19 14 18 48 26 12 45 32 27 2 3 39 29 49 41 7 47 23 13 22 10 35 28 37 
10 27 2 17 8 19 36 31 25 34 16 13 21 22 44 5 26 38 11 18 28 33 43 32 41 42 48 7 45 14 20 46 12 24 9 1 35 37 3 49 40 4 30 47 6 23 15 39 29 
30 1 34 49 25 33 43 38 45 17 48 5 10 29 16 41 6 13 12 37 7 44 26 9 47 22 40 21 35 31 23 8 39 3 28 24 15 36 20 46 11 42 27 18 32 4 19 2 14 
16 37 21 11 20 6 45 7 33 12 4 36 42 18 49 15 31 22 39 48 32 46 27 30 24 35 10 38 29 2 19 40 5 47 1 9 26 14 41 8 23 44 13 3 28 25 17 43 34 
46 41 28 3 47 12 9 23 37 44 27 35 2 40 29 43 17 36 4 30 8 39 14 45 13 11 1 6 10 32 26 7 22 42 15 38 33 34 25 48 18 19 49 21 31 16 24 20 5 
40 44 29 39 15 26 32 14 1 24 43 28 20 30 46 42 10 3 19 45 21 12 34 37 23 49 16 36 13 4 33 27 18 25 38 31 5 47 2 17 6 22 7 8 9 35 11 41 48 
42 14 7 48 13 22 35 15 19 26 8 49 41 3 9 2 47 1 24 23 27 31 4 28 5 20 18 25 11 30 17 37 34 36 6 16 21 43 29 39 32 10 45 38 44 33 12 40 46 
23 31 4 38 24 18 5 9 6 39 47 46 11 32 33 40 35 20 25 34 14 19 15 3 2 29 17 8 44 49 43 21 48 41 16 27 12 13 7 30 28 45 37 22 1 36 26 42 10 
11 39 10 40 36 41 14 45 3 31 30 27 25 9 43 48 5 23 37 33 13 7 44 18 29 15 42 24 19 12 46 2 8 28 47 34 17 49 26 20 1 21 4 32 35 22 38 6 16 
15 24 49 21 4 20 37 16 28 36 46 7 18 26 42 35 19 12 17 8 3 1 47 38 25 48 27 22 33 5 30 41 29 23 45 40 10 44 39 6 2 32 31 11 34 14 43 13 9 
48 30 17 6 2 44 25 29 47 41 49 8 5 43 38 7 46 28 15 22 20 4 9 31 10 3 45 11 26 35 36 34 37 18 32 13 16 27 14 42 19 24 12 1 39 40 21 33 23 
12 5 16 45 18 46 38 34 24 42 19 20 32 1 11 29 4 31 10 21 44 2 28 26 40 17 33 14 9 22 6 13 27 43 39 8 25 48 23 3 35 41 47 36 15 7 37 30 49 
3 32 19 47 23 34 42 44 11 48 35 12 15 17 6 39 24 14 41 25 26 49 13 21 30 37 46 43 16 1 10 31 7 4 40 5 22 38 33 9 36 18 2 45 29 28 27 8 20 
29 43 1 7 26 35 22 33 10 14 21 23 13 39 27 32 36 9 47 40 2 5 12 6 16 34 8 20 42 15 3 49 11 38 44 37 45 4 28 31 30 46 17 41 24 18 25 48 19 
8 28 13 31 33 9 27 22 38 37 2 4 40 6 18 30 34 45 16 1 49 41 36 19 32 39 23 35 21 17 24 25 20 14 48 7 43 12 15 29 47 11 42 5 10 46 44 3 26 
17 4 14 24 40 3 30 46 27 29 9 42 37 21 39 36 32 5 43 15 12 18 10 41 8 26 2 33 23 13 35 16 47 48 19 49 6 28 22 11 38 7 1 44 45 31 20 34 25 
25 36 45 16 46 8 21 39 22 6 41 10 12 2 1 31 33 11 30 19 40 14 23 4 37 47 20 44 32 38 49 29 9 7 5 42 24 35 48 34 26 3 15 28 13 27 18 17 43 
20 11 31 41 34 38 28 13 30 18 44 40 1 14 24 46 42 26 23 17 47 45 7 49 48 36 6 9 3 8 2 15 43 12 22 32 29 10 5 27 39 25 16 37 21 19 33 4 35 
47 48 23 9 5 2 18 32 35 7 31 19 16 25 22 45 3 21 20 27 6 34 17 15 43 28 12 46 1 24 39 42 10 37 4 36 41 33 44 40 13 8 29 30 49 11 14 26 38 
39 19 33 10 12 7 1 36 8 23 38 11 48 49 25 44 29 41 35 16 4 32 5 24 21 13 22 31 34 27 45 28 30 26 18 20 46 17 43 37 14 15 40 6 2 3 47 9 42 
35 49 43 22 29 32 13 20 15 3 24 33 26 45 37 14 2 34 9 28 10 16 42 27 19 1 38 39 41 11 44 6 40 17 25 30 18 23 21 47 4 31 8 48 46 5 36 12 7 
37 15 6 26 27 42 44 17 4 43 28 34 47 5 8 49 48 7 18 13 38 40 35 25 11 30 3 29 46 36 14 33 21 20 31 19 1 2 9 45 16 12 10 24 23 41 22 32 39 
14 45 48 37 21 23 29 25 42 49 12 44 19 28 17 3 41 27 32 47 16 8 33 36 4 24 31 10 6 18 11 35 26 15 7 22 20 39 1 43 9 38 5 34 40 2 13 46 30 
26 7 38 42 11 17 2 43 18 21 22 6 33 46 19 23 40 24 34 29 31 28 1 12 15 5 49 30 27 3 48 9 44 13 20 35 37 41 4 32 8 36 39 10 25 47 16 14 45 
32 40 3 15 9 31 46 10 26 1 11 41 24 4 13 12 39 25 22 2 18 20 48 35 14 16 43 27 36 37 8 19 17 45 30 23 47 6 34 5 29 49 44 7 42 21 28 38 33 
18 47 44 33 49 27 6 35 32 16 40 48 7 13 15 20 38 43 26 5 30 9 2 39 17 45 34 42 12 21 22 1 23 10 41 11 28 31 46 19 25 14 36 4 37 24 3 29 8 
5 10 39 34 22 30 19 27 17 9 45 15 3 37 7 28 14 6 8 4 36 25 21 47 38 32 44 23 24 40 29 43 16 31 46 2 13 42 18 33 12 26 20 35 11 48 1 49 41 
43 25 12 35 16 36 20 8 23 38 34 47 14 31 45 10 37 42 1 46 48 29 11 13 18 7 41 40 4 28 5 39 2 49 33 15 44 24 27 21 3 30 9 26 19 17 32 22 6 
4 8 24 13 1 28 41 2 5 20 39 30 29 36 21 33 9 35 49 44 11 6 19 22 26 46 37 3 47 25 42 14 38 32 34 48 7 16 40 10 45 17 18 15 43 12 23 27 31 
13 34 47 27 39 49 11 3 29 28 1 21 22 42 14 25 18 40 44 26 19 38 8 23 36 33 9 48 43 46 41 30 31 6 17 45 4 20 16 35 37 5 24 12 7 32 10 15 2 
19 35 18 14 17 5 24 4 31 15 7 43 36 12 20 21 13 47 28 32 29 10 41 42 34 6 30 16 40 9 37 11 45 33 27 46 3 25 38 2 49 39 26 23 8 44 48 1 22 
31 26 41 20 10 37 15 18 13 33 6 2 8 38 30 9 27 16 42 36 23 21 45 46 7 4 35 49 5 44 32 22 28 1 12 43 11 40 47 24 48 29 14 19 17 39 34 25 3 
6 46 30 1 44 40 12 37 39 5 14 32 45 34 48 17 22 4 33 43 41 11 31 29 20 27 25 15 2 7 47 24 3 19 13 26 23 9 8 18 10 28 35 42 16 38 49 21 36 
36 2 9 43 28 29 48 40 41 47 20 25 49 11 35 38 45 39 46 3 37 26 18 44 1 12 24 19 8 23 16 10 42 21 14 17 34 7 32 15 22 33 6 31 27 30 4 5 13 
38 16 32 23 7 45 3 19 48 27 17 24 9 10 5 34 8 15 2 31 1 13 39 14 22 43 47 28 20 29 4 26 25 35 49 44 30 21 12 36 42 6 11 33 41 37 46 18 40 
22 21 8 25 42 4 33 26 44 46 23 16 30 35 12 11 49 10 7 6 24 17 37 2 3 40 32 5 39 48 38 18 15 34 36 41 14 1 19 13 31 27 43 29 20 45 9 47 28 
################proper############## 

 average_time = 620.730432 

 success runs = 1 

 total average iters = 64048838.000000 
