Success!!! 
 
 max_col = 
 49 
 
 run_time = 
 277.356167 
 
 once iters = 
 30809098 
 
16 2 13 12 19 32 36 1 47 41 15 28 18 10 43 45 20 39 3 6 35 31 26 34 22 40 29 49 44 5 33 38 42 7 14 48 30 23 4 27 9 24 17 37 21 8 25 46 11 
25 1 22 24 14 10 43 40 20 23 42 5 8 6 44 2 31 9 30 27 7 38 17 16 33 32 13 12 45 46 15 28 36 26 21 41 47 18 35 49 11 37 48 29 3 39 34 19 4 
48 45 26 41 39 9 5 7 37 49 31 21 38 11 16 32 47 13 12 28 15 30 18 3 20 23 35 25 17 2 34 19 8 4 6 14 43 29 1 44 46 10 27 40 22 33 24 42 36 
30 38 20 34 18 17 33 27 35 48 2 12 14 46 4 41 10 11 40 49 19 6 45 21 37 15 28 7 25 39 31 29 43 9 24 3 22 36 42 16 8 32 26 1 5 44 13 47 23 
42 4 44 27 3 46 23 19 25 26 45 30 9 22 34 8 14 36 48 21 29 47 24 11 2 10 41 43 18 32 37 1 12 49 16 33 5 39 6 17 40 13 7 28 20 38 15 35 31 
15 6 8 29 49 21 37 44 17 24 36 3 13 16 25 33 18 23 26 46 38 19 5 1 48 39 4 42 22 11 40 30 27 47 35 34 7 12 31 28 20 2 43 41 32 14 9 10 45 
35 47 40 28 11 31 7 39 4 43 33 32 29 34 37 22 1 17 42 5 24 14 27 8 36 46 44 9 3 20 13 23 48 41 10 15 45 38 21 25 19 26 12 49 30 16 2 6 18 
44 49 6 25 4 1 24 26 27 39 41 34 45 33 31 47 36 12 46 38 5 23 2 18 28 16 8 11 43 48 14 7 35 37 19 21 15 9 17 30 42 40 20 22 10 13 32 29 3 
10 31 11 16 2 29 26 30 38 18 9 46 47 32 41 6 42 33 49 23 39 35 25 37 34 36 21 17 40 27 44 3 20 22 8 13 1 7 24 19 12 48 14 45 28 15 4 5 43 
9 48 12 22 42 20 15 14 36 13 44 40 25 7 27 28 43 35 1 32 10 29 3 47 49 5 31 38 2 21 41 6 46 17 4 11 37 45 23 33 26 34 39 16 19 18 8 30 24 
19 34 38 17 35 41 47 4 42 5 11 20 31 24 3 15 37 30 22 29 8 32 14 10 43 48 40 45 16 26 12 13 49 1 9 18 25 27 28 6 39 36 21 33 46 2 23 7 44 
32 40 46 18 36 30 27 10 12 3 17 23 22 29 20 14 11 2 21 24 16 1 33 15 13 7 26 19 34 31 28 45 39 42 5 47 38 4 44 8 43 35 37 9 41 25 6 48 49 
8 13 3 37 45 33 21 48 16 1 28 43 2 15 9 40 25 7 4 19 44 39 20 24 46 42 6 27 11 38 23 18 30 10 32 29 14 5 49 41 22 31 34 12 35 36 47 17 26 
7 43 23 14 5 28 39 49 21 35 19 37 6 8 45 17 26 18 13 48 34 41 44 9 12 4 30 22 33 15 36 25 24 29 47 46 32 10 16 20 2 3 38 31 40 1 42 11 27 
46 27 41 2 43 15 12 25 26 14 22 8 21 20 13 37 19 10 18 3 40 45 4 35 44 9 17 36 1 6 47 49 31 48 29 30 16 28 33 34 32 5 42 39 23 11 38 24 7 
29 33 10 4 9 8 45 6 13 32 39 44 19 38 35 11 22 41 36 12 48 16 47 30 1 14 15 24 42 7 2 17 5 28 18 23 3 25 20 43 27 21 49 26 31 40 37 34 46 
47 28 16 36 23 39 40 5 30 17 29 27 35 12 49 25 7 14 34 15 6 10 31 19 26 8 46 48 9 41 4 32 33 11 38 22 13 37 45 42 24 18 3 44 1 21 43 2 20 
5 35 18 1 30 13 32 41 46 36 23 9 37 48 2 29 28 8 45 4 43 11 42 38 25 49 3 20 26 40 27 24 21 34 39 6 19 44 14 31 7 17 16 47 33 22 10 12 15 
20 25 49 19 31 22 3 42 45 40 16 15 34 2 24 26 23 1 33 9 46 18 29 43 41 21 7 39 12 37 10 8 13 44 30 38 35 47 36 11 48 4 32 6 17 5 14 27 28 
38 24 7 42 37 6 14 11 1 28 10 47 43 31 21 5 27 20 17 44 30 13 34 32 23 12 33 2 35 45 25 16 22 15 3 39 9 41 40 26 49 46 19 48 36 4 18 8 29 
21 44 17 11 26 34 48 24 33 7 49 18 3 4 38 31 32 16 47 39 42 5 22 28 6 27 37 40 46 43 19 14 23 36 20 1 10 8 2 12 15 29 35 13 9 30 45 41 25 
1 32 34 7 8 47 44 16 43 19 37 29 5 41 30 48 46 31 10 11 23 28 12 33 39 17 24 3 36 25 49 20 6 38 27 2 21 35 22 14 45 9 18 4 13 42 26 15 40 
11 42 36 9 24 45 6 32 49 33 8 1 12 13 15 19 38 26 27 7 47 44 35 4 31 34 48 21 10 28 29 40 14 43 23 20 46 30 18 5 37 16 25 17 39 41 3 22 2 
33 12 30 21 16 37 28 2 7 11 25 17 24 39 14 44 8 4 20 18 13 46 41 29 27 45 43 10 15 9 35 22 47 5 48 26 49 40 32 3 23 42 36 34 6 19 31 38 1 
31 18 39 20 41 23 4 46 28 27 38 14 44 40 22 9 21 42 29 45 17 15 19 13 7 26 25 8 32 1 3 2 11 12 33 10 24 34 43 36 47 6 30 5 49 48 35 16 37 
49 26 5 40 27 14 29 47 34 22 20 35 48 21 36 3 41 43 37 25 2 9 30 23 38 1 32 6 8 17 16 42 18 46 7 4 33 15 39 13 31 19 28 11 45 24 12 44 10 
17 10 15 38 22 3 2 18 23 31 6 36 4 9 32 49 39 24 35 33 12 37 40 5 16 20 42 14 30 13 45 26 34 19 41 25 8 1 11 48 28 44 29 46 7 27 21 43 47 
13 46 25 43 48 19 35 45 10 30 26 42 15 3 1 34 6 40 5 16 28 49 11 22 47 2 36 18 24 4 21 44 37 39 31 12 27 17 7 38 29 41 8 23 14 32 33 20 9 
36 29 4 47 34 43 41 28 18 9 5 33 39 35 19 30 48 46 31 42 25 27 49 40 3 38 11 44 21 23 26 37 15 6 45 24 17 14 8 10 16 20 1 32 2 7 22 13 12 
24 21 42 6 46 44 25 43 11 12 32 19 17 30 29 18 16 38 8 41 9 26 36 39 15 28 22 37 14 3 1 27 7 31 49 35 23 2 13 47 4 45 33 20 48 10 5 40 34 
26 17 35 31 33 12 38 3 2 45 48 25 40 37 10 13 5 28 11 43 32 21 1 42 19 24 20 34 47 36 9 41 44 16 46 49 6 22 27 7 18 30 15 8 29 23 39 4 14 
28 8 27 39 40 2 49 21 24 44 46 26 10 36 47 1 12 6 7 34 37 33 23 14 32 13 45 35 20 22 11 4 29 18 17 9 48 42 3 15 5 38 41 43 16 31 30 25 19 
37 14 32 30 20 7 19 15 31 38 47 41 1 27 23 4 2 22 39 26 45 17 6 25 10 18 9 16 48 33 8 5 28 13 40 43 34 21 46 29 44 12 11 35 24 49 36 3 42 
18 16 45 5 10 48 22 20 29 8 13 49 42 23 40 21 33 3 15 14 27 4 7 2 30 43 47 41 19 35 24 12 25 32 34 37 39 31 26 1 36 11 46 38 44 28 17 9 6 
3 23 9 15 1 11 13 22 6 4 34 7 16 14 17 20 24 49 44 35 36 12 48 46 8 29 5 31 38 30 43 39 10 2 42 28 41 32 19 40 33 25 45 18 26 47 27 37 21 
4 41 29 35 21 24 34 8 22 20 7 10 23 45 11 36 30 44 38 40 3 2 43 26 42 6 14 47 28 49 32 9 19 25 13 5 12 33 48 37 1 39 31 27 15 46 16 18 17 
43 36 31 44 7 49 46 37 32 15 35 4 28 42 5 12 45 34 14 22 26 20 39 27 18 3 38 30 29 16 48 21 41 33 1 19 11 6 47 2 17 8 24 10 25 9 40 23 13 
22 37 1 48 13 26 18 36 5 21 27 11 30 17 42 43 35 32 24 20 4 34 8 7 9 33 16 46 6 14 38 47 2 40 15 31 28 3 10 23 25 49 44 19 12 45 29 39 41 
23 19 2 3 15 25 9 13 48 6 14 16 46 43 28 39 17 37 41 47 21 40 10 44 45 22 1 5 31 24 18 11 26 27 12 32 36 20 29 35 30 7 4 42 38 34 49 33 8 
6 39 47 10 17 42 11 38 19 29 24 2 49 44 33 23 15 27 25 13 18 36 21 41 35 31 12 32 7 8 30 46 4 20 22 16 40 43 9 45 34 14 5 3 37 26 28 1 48 
40 30 33 45 32 38 20 12 3 34 1 39 26 47 6 46 9 48 16 8 31 25 13 49 29 37 19 28 23 42 5 10 17 35 36 44 4 24 15 18 41 27 2 21 11 43 7 14 22 
14 5 28 8 12 27 16 9 41 25 40 31 33 18 7 10 29 19 2 1 49 24 15 48 17 11 23 4 37 44 39 34 45 3 43 42 26 46 38 21 13 22 6 36 47 35 20 32 30 
39 20 19 49 6 36 17 29 14 46 43 22 7 5 48 16 44 25 23 37 41 8 9 45 24 47 34 13 4 18 42 15 38 30 28 40 31 11 12 32 21 33 10 2 27 3 1 26 35 
34 7 48 32 29 18 8 33 40 47 21 38 11 49 46 35 4 15 9 10 20 22 28 17 5 25 2 26 27 12 6 31 1 14 44 36 42 19 30 39 3 23 13 24 43 37 41 45 16 
27 15 24 13 44 4 42 17 39 37 12 6 36 25 18 7 40 21 43 2 22 3 38 31 14 35 49 1 41 19 46 48 32 45 26 8 29 16 5 9 10 47 23 30 34 20 11 28 33 
41 3 21 46 38 5 1 31 44 16 18 13 20 28 26 24 49 47 6 17 14 42 37 12 40 30 27 33 39 10 7 43 9 23 11 45 2 48 34 4 35 15 22 25 8 29 19 36 32 
45 9 37 33 25 40 10 23 8 42 30 48 27 26 12 38 34 5 32 31 1 43 16 36 11 19 18 15 49 29 22 35 3 24 2 17 20 13 41 46 14 28 47 7 4 6 44 21 39 
12 11 43 23 47 16 31 35 15 2 4 24 41 19 39 27 3 45 28 30 33 48 32 6 21 44 10 29 13 34 20 36 40 8 37 7 18 26 25 22 38 1 9 14 42 17 46 49 5 
2 22 14 26 28 35 30 34 9 10 3 45 32 1 8 42 13 29 19 36 11 7 46 20 4 41 39 23 5 47 17 33 16 21 25 27 44 49 37 24 6 43 40 15 18 12 48 31 38 
################proper############## 

 average_time = 277.356167 

 success runs = 1 

 total average iters = 30809098.000000 
