Success!!! 
 
 max_col = 
 49 
 
 run_time = 
 416.839193 
 
 once iters = 
 37183892 
 
28 15 18 44 37 39 16 49 32 19 33 23 46 41 1 22 7 12 40 6 9 47 3 20 27 21 2 29 17 11 34 45 4 5 26 25 42 10 24 14 30 48 38 43 13 36 31 35 8 
24 17 29 19 30 22 49 1 20 10 5 37 27 15 28 18 25 44 38 34 35 43 6 33 42 14 36 26 31 39 7 47 41 2 23 9 8 46 13 16 21 40 3 48 12 32 45 11 4 
35 23 46 12 2 43 40 28 39 25 18 26 31 29 36 15 8 32 4 14 17 37 10 45 5 16 19 7 30 13 42 48 1 9 24 47 49 3 11 38 41 20 22 44 33 34 6 27 21 
1 27 20 3 41 14 36 11 43 2 16 35 4 48 26 47 21 29 45 10 46 24 40 8 12 9 13 32 38 18 28 44 33 22 37 39 19 6 31 5 17 34 25 42 30 49 7 23 15 
48 42 21 6 38 47 26 17 9 30 3 7 34 44 31 20 16 33 13 27 43 23 22 15 46 18 11 1 25 49 40 32 35 8 10 4 36 29 45 28 12 2 39 5 19 37 41 24 14 
45 9 11 4 5 13 31 24 14 22 36 38 21 8 3 49 2 37 19 41 42 30 25 17 48 44 39 34 6 43 27 15 12 16 29 35 32 33 7 26 18 23 20 40 46 1 28 10 47 
7 33 34 8 32 25 10 47 12 13 42 45 6 40 23 48 30 11 5 24 39 35 38 49 31 41 28 4 14 20 19 3 36 46 21 15 27 22 37 1 44 43 18 9 26 29 2 16 17 
21 29 40 28 6 7 34 42 49 8 47 31 13 27 11 1 43 10 9 25 14 36 20 5 39 12 15 2 22 33 44 18 24 23 35 32 38 48 30 4 46 37 41 17 3 26 16 19 45 
49 13 35 46 14 44 39 12 40 4 10 11 28 24 41 26 23 31 27 42 45 48 16 43 6 38 7 37 15 47 21 20 19 30 3 33 2 5 17 22 34 1 32 25 36 9 29 8 18 
41 12 36 5 3 24 1 33 46 6 25 32 22 20 8 19 18 47 48 39 15 27 49 10 23 31 26 13 4 16 29 17 14 37 42 21 44 45 35 7 28 9 34 2 38 40 30 43 11 
22 18 25 16 19 17 4 39 7 3 38 14 41 9 32 37 28 46 12 2 24 42 30 11 44 47 29 21 49 34 1 8 5 40 45 10 20 26 36 23 43 13 33 6 48 15 35 31 27 
33 38 37 30 45 15 23 48 2 35 26 18 44 16 40 13 3 17 29 20 5 22 32 1 28 8 34 41 7 10 9 36 46 39 43 11 31 19 6 25 27 47 21 4 14 42 12 49 24 
27 26 32 2 43 10 48 30 36 45 37 29 23 34 22 4 44 49 21 35 33 3 24 40 9 19 18 17 28 41 31 38 25 11 6 14 39 8 42 12 15 16 46 20 47 13 5 7 1 
8 20 42 9 31 11 47 5 21 17 15 1 43 19 7 16 36 30 6 38 34 46 4 35 33 25 14 45 48 26 13 12 32 27 2 3 40 24 49 41 29 18 44 39 22 10 23 28 37 
10 46 2 49 21 19 43 29 25 34 40 13 16 22 44 28 26 38 11 18 12 33 27 32 41 42 17 48 45 14 24 5 8 20 9 1 35 30 3 37 7 4 47 31 6 23 15 39 36 
30 1 14 29 8 12 17 21 38 33 48 49 10 47 16 41 6 13 37 7 36 44 34 9 45 22 40 5 35 31 46 23 39 3 28 24 15 25 20 43 11 42 27 18 32 4 19 2 26 
16 37 22 11 25 33 44 45 19 31 4 36 42 18 49 5 15 27 46 48 32 20 35 30 24 23 10 38 29 2 12 40 7 47 1 26 21 14 41 8 39 6 28 3 9 43 17 13 34 
34 6 4 38 47 41 45 23 37 44 27 17 2 7 29 43 35 9 31 22 8 39 14 3 13 11 1 18 10 32 26 21 16 42 15 28 48 36 33 46 40 19 49 30 25 12 24 20 5 
40 3 27 32 15 26 9 14 1 24 43 28 20 30 10 42 39 19 34 45 21 12 46 6 47 49 16 36 37 4 33 13 18 25 38 31 5 23 2 17 22 44 7 8 29 35 11 41 48 
42 39 7 48 13 35 20 41 15 26 8 5 12 3 24 2 47 4 1 23 30 31 21 28 19 37 43 25 11 6 17 27 34 36 22 16 9 18 29 49 32 10 45 14 44 33 38 40 46 
23 31 28 36 24 18 5 9 6 39 35 46 11 32 33 40 17 20 14 3 25 26 15 7 2 29 4 8 44 30 43 19 48 41 49 38 12 13 34 27 47 45 37 22 1 16 21 42 10 
11 41 10 40 35 27 14 38 3 46 30 9 25 31 43 8 5 48 36 33 13 7 44 37 29 15 42 24 19 12 23 2 45 28 47 34 17 49 26 20 1 21 4 32 18 22 39 6 16 
15 24 49 21 4 46 37 7 28 36 13 16 18 26 42 35 19 45 17 9 23 1 12 47 25 2 27 22 20 5 3 41 29 48 8 40 10 44 39 30 6 32 31 11 34 14 43 33 38 
2 30 17 39 44 6 25 43 47 41 49 20 48 33 38 7 46 40 28 29 22 4 9 31 10 3 45 11 21 35 36 34 37 18 32 13 16 27 14 42 19 24 12 1 5 8 26 15 23 
12 5 13 45 20 48 38 34 24 42 29 27 32 1 18 11 31 15 16 4 44 19 28 26 40 17 21 14 33 22 6 46 9 43 39 8 25 47 23 3 2 41 35 36 10 7 37 30 49 
3 32 19 47 23 36 42 44 11 15 14 8 5 17 37 6 24 25 41 12 26 49 13 34 30 39 46 43 16 1 10 7 31 4 40 18 22 38 48 9 35 33 2 45 28 21 27 29 20 
29 43 1 7 26 34 22 19 10 12 21 39 35 23 27 32 20 3 47 30 2 5 18 38 16 33 8 6 42 15 14 49 11 24 44 37 45 4 28 31 36 46 13 41 17 25 40 48 9 
18 28 16 31 33 9 8 22 45 37 2 4 40 6 39 14 34 21 10 1 49 41 36 48 32 20 23 35 13 17 30 26 27 38 25 7 43 12 15 29 5 11 42 47 24 46 44 3 19 
17 4 31 24 40 3 30 46 27 29 44 42 47 21 34 36 32 14 39 15 37 18 2 41 43 26 22 33 23 9 35 16 10 12 19 49 6 28 5 48 38 7 1 13 11 20 8 45 25 
25 36 45 15 46 8 21 16 22 11 41 12 39 2 9 31 33 1 30 19 40 14 23 27 37 10 20 47 32 38 49 6 13 7 5 42 24 35 44 34 26 3 29 28 4 48 18 17 43 
20 11 5 41 34 38 28 13 30 18 31 40 1 14 47 46 42 26 49 17 27 15 7 36 8 45 6 9 3 24 2 4 43 44 48 22 29 32 10 39 23 25 16 37 21 19 33 12 35 
9 48 23 10 16 2 18 32 35 7 24 19 15 25 5 45 22 41 20 43 6 34 17 4 49 28 12 46 1 27 39 42 47 29 11 36 33 37 21 40 13 8 30 38 31 3 14 26 44 
39 19 33 22 12 1 7 36 4 23 17 10 38 49 25 44 29 8 35 16 3 32 5 24 21 13 48 31 34 28 45 37 30 26 18 20 46 41 43 11 14 15 40 27 2 6 47 9 42 
44 49 43 37 29 32 13 6 33 48 9 3 26 45 21 12 11 24 2 28 10 16 42 19 35 1 38 39 41 8 25 22 40 14 20 30 18 17 27 47 4 31 23 46 15 5 36 34 7 
47 14 6 26 27 42 35 20 8 43 28 34 37 5 4 23 48 7 18 13 38 40 29 25 11 30 3 44 46 36 15 33 21 17 31 19 1 2 9 45 16 12 10 24 49 41 22 32 39 
14 45 48 43 36 21 29 25 23 49 12 44 19 28 17 3 41 18 32 47 16 8 33 22 4 24 31 10 26 42 11 35 20 15 7 27 37 39 1 6 9 38 5 34 40 2 13 46 30 
26 7 38 17 11 23 2 8 18 21 22 6 33 46 19 39 37 34 25 40 31 28 43 12 15 35 49 30 27 3 48 1 44 13 16 5 41 42 4 32 24 36 9 10 45 47 20 14 29 
32 40 3 42 18 31 15 10 26 1 11 41 24 4 13 29 12 6 22 21 20 2 48 16 14 36 5 27 9 37 8 43 17 45 30 23 47 34 46 44 49 35 19 7 39 28 25 38 33 
46 47 44 33 49 30 6 35 42 40 32 48 7 13 15 27 38 43 26 5 28 45 1 39 17 34 9 20 12 21 18 29 23 10 41 2 11 31 25 19 8 14 36 16 37 24 3 4 22 
5 10 39 34 22 16 19 27 17 9 45 15 3 37 2 30 14 36 8 49 7 25 47 42 38 32 44 23 24 40 4 28 6 31 46 29 13 43 18 33 20 26 48 12 35 11 1 21 41 
37 25 12 35 9 20 27 31 16 38 34 47 14 43 45 10 1 42 24 46 4 29 11 13 18 7 41 40 36 19 5 39 2 49 33 48 28 15 22 21 3 30 8 26 23 17 32 44 6 
4 8 24 13 1 28 41 2 5 20 39 30 29 36 48 33 9 35 23 44 11 6 19 21 26 46 37 3 47 25 22 14 38 32 34 12 7 16 40 10 45 17 15 49 43 27 42 18 31 
13 34 47 27 39 49 11 3 29 32 1 21 9 42 14 25 40 28 44 31 19 38 8 23 36 48 33 12 43 46 41 30 26 6 17 45 4 20 16 35 37 5 24 15 7 18 10 22 2 
19 35 15 14 17 45 24 4 31 16 7 43 36 12 20 21 10 5 42 32 47 13 41 18 34 6 30 49 40 29 37 9 22 33 27 46 3 11 38 2 25 39 26 23 8 44 48 1 28 
31 22 41 20 10 37 33 18 13 14 6 2 8 38 30 9 27 23 15 36 29 21 45 46 7 4 35 42 5 44 32 11 28 1 12 43 26 40 47 24 48 49 17 19 16 39 34 25 3 
43 44 30 1 48 40 32 37 34 5 46 22 45 39 35 17 4 16 33 26 41 11 31 29 20 27 25 15 2 7 47 24 3 19 13 6 23 9 8 18 10 28 14 21 42 38 49 36 12 
36 2 9 18 28 29 12 40 41 47 20 25 49 11 46 38 45 39 3 37 48 10 26 44 1 43 24 19 8 23 16 31 42 21 14 17 34 7 32 15 33 22 6 35 27 30 4 5 13 
38 16 26 23 7 5 3 15 48 27 19 24 17 10 6 34 13 2 43 8 1 9 39 14 22 40 47 28 18 45 20 25 49 35 4 44 30 21 12 36 42 29 11 33 41 31 46 37 32 
6 21 8 25 42 4 46 26 44 28 23 33 30 35 12 24 49 22 7 11 18 17 37 2 3 5 32 16 39 48 38 10 15 34 36 41 14 1 19 13 31 27 43 29 20 45 9 47 40 
################proper############## 

 average_time = 416.839193 

 success runs = 1 

 total average iters = 37183892.000000 
