Success!!! 
 
 max_col = 
 49 
 
 run_time = 
 1436.895794 
 
 once iters = 
 138327035 
 
6 41 10 5 25 27 17 1 12 34 39 32 3 23 48 21 42 24 8 18 44 2 14 36 46 16 49 28 37 45 38 4 43 30 47 29 13 9 11 31 19 40 33 7 35 22 20 15 26 
16 24 47 28 37 49 19 38 4 43 31 46 44 6 39 26 17 40 3 15 1 18 23 33 27 11 35 30 42 14 9 48 5 21 29 32 12 36 22 25 20 7 8 34 41 2 45 10 13 
26 44 45 7 21 23 15 11 13 48 24 10 30 25 28 46 38 41 9 31 43 34 19 32 1 20 22 42 2 33 8 49 12 36 35 37 5 3 39 47 6 18 40 4 17 27 29 16 14 
18 11 46 20 31 35 40 29 45 33 27 2 14 36 23 30 34 25 10 19 47 48 3 4 8 12 6 38 13 22 24 16 28 7 1 15 26 21 43 41 42 17 37 32 5 49 9 44 39 
9 29 34 12 39 43 30 28 42 20 40 26 22 18 37 45 35 6 33 2 5 17 44 41 13 21 15 7 46 27 19 32 31 23 3 4 16 24 10 8 14 49 38 47 11 36 25 48 1 
13 4 22 48 1 2 42 47 49 8 9 16 15 5 36 27 29 7 12 14 32 31 10 25 40 43 37 26 39 17 41 20 18 34 11 35 38 45 30 44 33 23 19 3 6 24 28 46 21 
14 33 32 3 8 36 38 21 19 17 35 37 7 41 16 11 13 4 22 20 49 45 39 5 29 47 24 9 26 10 25 40 6 44 15 46 1 2 34 28 27 48 18 31 23 30 43 42 12 
23 21 12 33 5 37 1 15 40 46 32 49 18 38 14 43 3 10 30 7 29 24 26 47 20 36 34 27 8 16 11 9 13 25 48 45 42 19 6 4 35 41 2 28 44 31 39 17 22 
39 35 2 27 34 28 45 4 24 7 30 41 42 31 38 8 18 5 16 36 6 13 22 19 3 17 11 40 12 23 29 21 44 20 33 47 49 25 37 26 1 9 15 10 46 14 32 43 48 
46 31 40 47 44 11 14 12 25 23 21 34 17 8 49 39 33 45 28 48 19 37 9 1 4 2 43 10 27 7 15 26 35 3 38 22 24 16 13 30 32 5 42 41 18 20 36 29 6 
3 22 4 38 7 48 16 43 10 27 6 29 11 28 13 25 9 1 20 37 23 35 5 14 44 45 32 46 18 41 36 19 34 42 24 8 31 33 17 2 15 39 21 49 30 12 26 40 47 
49 6 9 15 36 42 25 22 3 47 37 1 13 26 11 40 46 27 17 12 35 33 38 7 30 28 29 41 45 2 31 10 32 39 4 44 20 48 21 18 43 14 5 19 34 16 23 24 8 
8 10 19 17 43 18 32 9 39 35 44 36 20 2 31 41 24 34 42 26 22 25 16 48 21 6 23 15 40 5 49 30 47 1 14 11 27 7 12 46 28 29 3 13 4 37 33 45 38 
41 30 26 13 20 29 24 45 48 16 33 19 5 14 44 15 4 47 2 32 21 42 31 49 12 39 8 18 22 6 28 37 46 43 17 40 23 10 36 38 34 3 7 11 9 25 1 27 35 
45 7 44 26 22 8 13 10 34 19 48 38 6 49 32 31 20 35 11 23 37 30 46 24 17 25 47 3 1 15 5 18 14 33 28 39 36 27 16 12 29 2 41 43 40 4 21 9 42 
37 39 14 18 16 32 23 30 33 28 29 11 2 22 9 4 8 26 34 1 27 21 45 12 31 35 48 19 17 46 10 42 36 49 20 6 41 5 40 43 3 24 25 15 47 44 38 13 7 
11 36 41 42 3 47 33 35 32 4 26 44 37 24 15 18 5 29 48 45 40 8 28 39 14 7 16 13 43 21 6 2 27 31 9 10 25 17 20 23 30 38 12 1 22 19 34 49 46 
4 2 20 43 30 21 46 8 7 25 1 14 27 12 10 24 39 22 6 17 42 36 11 15 9 18 41 44 23 19 40 38 29 35 34 13 33 28 49 48 26 47 45 5 37 3 16 32 31 
12 17 31 40 10 38 27 18 41 39 36 9 45 15 46 28 25 21 13 49 2 5 6 29 43 34 20 37 47 32 26 3 4 16 8 19 11 1 42 22 7 44 35 33 48 23 24 14 30 
1 49 25 24 28 19 29 40 20 5 46 31 47 17 12 7 16 33 44 43 3 32 42 26 38 23 4 2 30 48 13 45 41 22 37 9 35 14 8 15 21 34 10 36 27 39 6 11 18 
35 15 5 34 48 9 6 3 23 13 43 21 16 42 30 19 47 14 36 41 38 1 40 10 33 22 27 49 25 12 44 39 24 11 7 31 37 18 4 32 46 45 26 17 20 28 8 2 29 
31 18 29 46 12 26 4 39 43 30 13 3 23 11 25 17 14 36 45 28 15 20 24 8 6 27 42 16 5 40 34 44 38 10 22 49 9 32 19 1 47 37 48 21 2 35 7 41 33 
10 32 1 23 19 40 41 44 6 15 17 25 35 37 4 16 7 8 47 21 31 9 36 2 39 49 5 48 28 42 3 12 26 14 27 43 34 46 29 33 11 22 30 24 13 45 18 38 20 
15 42 28 2 35 14 8 46 21 22 38 20 29 9 18 12 43 49 27 5 33 3 34 11 41 10 31 1 24 25 45 36 7 17 30 48 40 13 26 39 23 4 16 37 32 47 44 6 19 
34 47 17 45 9 44 11 24 36 14 19 48 33 16 20 42 26 38 32 46 39 12 4 43 35 30 7 25 6 13 18 1 15 37 49 28 2 41 3 21 10 8 22 27 31 29 5 23 40 
36 20 21 37 38 6 48 7 47 49 10 45 40 4 19 34 2 3 23 35 13 22 15 46 28 32 17 29 33 9 43 31 39 41 16 42 18 44 5 27 24 30 1 26 14 8 11 12 25 
27 25 43 22 33 7 3 5 8 26 2 12 1 32 24 29 10 30 37 44 41 38 18 40 45 13 19 47 48 35 21 11 23 4 46 17 15 31 14 6 16 20 28 42 39 34 49 36 9 
5 16 49 30 24 13 39 27 28 31 18 42 41 34 1 22 11 9 40 6 48 14 37 23 26 33 44 21 19 8 20 29 2 47 32 36 7 35 38 45 12 25 4 46 15 17 10 3 43 
29 1 35 31 27 25 44 23 38 6 28 7 24 21 5 49 40 2 43 13 12 46 48 18 22 19 14 17 11 4 30 33 20 32 45 26 47 34 15 3 37 36 9 8 16 42 41 39 10 
47 38 24 36 14 34 21 25 30 41 15 43 4 29 6 9 44 20 1 10 46 27 2 37 7 5 28 11 35 39 17 23 16 48 12 33 8 42 18 40 22 19 13 45 26 32 3 31 49 
43 28 6 39 40 10 22 34 9 37 45 47 49 27 42 32 30 23 26 25 4 29 33 3 16 41 12 24 38 31 1 15 8 18 19 7 44 11 2 5 48 13 17 20 21 46 14 35 36 
33 26 3 49 15 12 37 31 5 11 8 22 36 1 45 14 19 16 39 47 18 6 35 9 23 4 30 32 10 24 7 43 42 13 25 41 21 38 28 20 17 46 44 2 29 48 40 34 27 
42 45 23 4 41 46 7 17 35 3 20 13 48 39 22 33 37 15 38 29 24 26 21 44 10 8 1 36 9 28 27 34 40 6 2 25 32 30 31 14 49 16 43 18 12 5 47 19 11 
20 9 48 16 11 30 5 42 18 2 12 40 32 19 7 35 41 17 21 8 36 43 25 34 47 15 13 31 44 49 22 14 3 46 26 1 10 39 23 29 45 27 24 38 33 6 4 37 28 
19 13 8 32 18 17 2 26 14 10 16 33 46 44 34 3 48 28 31 27 11 40 20 45 49 42 38 39 36 47 37 5 21 29 41 24 6 43 9 35 4 12 23 22 1 7 30 25 15 
22 8 13 6 32 33 43 37 29 18 49 28 31 46 47 44 1 39 15 30 34 23 7 17 2 48 25 4 41 3 42 35 45 26 36 14 19 20 24 16 40 10 27 9 38 11 12 21 5 
21 3 42 41 49 1 36 2 27 38 47 35 39 43 29 48 6 13 24 40 20 28 30 16 5 37 45 22 31 34 23 7 25 19 18 12 4 15 32 11 9 26 46 14 10 33 17 8 44 
24 40 15 29 45 39 47 20 44 42 22 6 8 10 27 36 32 18 35 3 14 41 43 31 11 46 26 12 4 38 16 17 1 9 5 21 28 37 48 7 2 33 49 23 25 13 19 30 34 
2 48 7 11 4 31 12 36 1 21 23 30 19 3 33 10 45 42 25 22 8 47 49 35 34 9 18 20 14 44 32 27 37 40 43 38 17 29 46 13 5 6 39 16 28 41 15 26 24 
30 19 38 9 23 5 34 14 11 45 25 17 26 7 41 37 31 43 4 16 28 15 32 13 24 44 21 33 29 20 46 8 22 12 10 27 39 49 35 42 18 1 6 48 36 40 2 47 3 
44 46 18 14 26 20 28 33 16 40 41 5 34 13 17 23 12 19 49 38 9 39 29 27 42 3 10 6 15 11 2 47 48 24 21 30 22 8 45 36 25 31 32 35 7 43 37 1 4 
25 27 37 10 17 16 35 32 15 12 4 24 9 48 2 5 21 46 7 11 26 19 1 38 36 14 40 8 49 30 39 13 33 28 6 23 3 47 41 34 44 43 20 29 42 18 31 22 45 
17 12 39 21 29 15 18 49 31 44 3 8 38 30 35 13 22 48 5 24 7 10 27 20 19 40 33 23 34 43 47 25 11 2 42 16 14 4 1 9 41 32 36 6 45 26 46 28 37 
7 23 11 8 42 22 20 13 46 32 14 15 43 40 26 1 49 37 29 39 10 44 41 6 25 24 9 35 16 18 48 28 19 5 31 34 45 12 33 17 36 21 47 30 3 38 27 4 2 
32 43 27 19 6 45 26 48 2 24 11 23 12 47 8 20 36 31 18 34 17 7 13 28 37 38 46 14 3 1 4 41 9 15 40 5 30 22 25 10 39 42 29 44 49 21 35 33 16 
48 5 16 1 2 3 9 6 37 29 42 4 28 20 40 47 15 44 14 33 25 11 17 30 32 31 36 45 21 26 12 46 49 38 13 18 43 23 27 24 8 35 34 39 19 10 22 7 41 
38 37 33 25 46 24 31 16 17 9 34 18 10 35 3 6 28 32 41 4 45 49 47 21 48 26 2 43 7 36 14 22 30 27 39 20 29 40 44 19 13 15 11 12 8 1 42 5 23 
28 34 36 44 13 4 10 41 26 1 7 39 25 33 21 38 27 12 19 42 30 16 8 22 15 29 3 5 20 37 35 24 17 45 23 2 46 6 47 49 31 11 14 40 43 9 48 18 32 
40 14 30 35 47 41 49 19 22 36 5 27 21 45 43 2 23 11 46 9 16 4 12 42 18 1 39 34 32 29 33 6 10 8 44 3 48 26 7 37 38 28 31 25 24 15 13 20 17 
################proper############## 

 average_time = 1436.895794 

 success runs = 1 

 total average iters = 138327035.000000 
