Success!!! 
 
 max_col = 
 49 
 
 run_time = 
 689.478339 
 
 once iters = 
 77740229 
 
39 2 20 24 1 33 31 48 12 18 4 13 40 44 16 35 29 26 27 14 34 42 9 8 43 28 17 47 3 45 10 5 36 7 6 41 25 46 32 23 21 38 30 11 22 19 15 49 37 
45 15 29 21 26 49 16 36 25 9 34 5 17 42 20 6 41 38 10 22 1 18 32 19 24 33 13 11 12 37 44 31 30 35 43 28 2 3 14 4 27 7 8 39 46 23 47 40 48 
41 30 4 34 6 9 44 29 26 7 16 1 3 49 23 5 45 48 8 25 47 36 46 2 20 37 12 31 32 14 15 22 11 42 27 17 19 33 18 13 39 40 28 38 43 24 35 21 10 
27 36 32 3 48 18 47 30 39 31 22 21 46 14 28 40 4 42 43 11 2 15 49 6 16 35 45 29 17 13 23 33 34 19 38 24 9 8 37 10 12 44 26 7 20 1 41 25 5 
12 19 22 42 43 11 8 10 27 20 15 23 35 38 32 37 7 17 36 30 33 40 25 21 44 41 3 14 28 46 24 18 39 29 49 26 1 5 48 34 31 47 4 45 2 16 6 9 13 
46 38 14 23 7 25 35 19 28 37 33 6 47 2 44 24 13 21 12 39 9 48 34 5 30 10 27 26 8 4 1 41 40 20 16 43 11 22 45 49 15 36 32 3 42 31 18 17 29 
5 13 37 40 10 17 28 41 24 32 8 43 11 45 49 15 31 46 19 3 18 7 23 39 4 22 38 1 21 25 2 48 9 47 26 16 6 30 20 35 42 29 44 27 34 12 33 14 36 
38 25 16 5 41 43 46 11 37 26 10 2 22 39 42 33 27 28 29 31 21 19 17 49 8 3 47 44 1 9 32 35 45 6 7 12 24 23 13 30 18 34 40 48 4 20 14 36 15 
13 24 35 15 17 32 7 44 14 19 42 25 29 47 22 2 38 8 39 4 10 43 27 45 48 6 5 23 40 3 31 34 20 26 21 49 36 37 16 41 11 1 9 46 30 33 28 12 18 
33 1 44 30 42 34 12 16 35 27 40 8 28 31 37 46 23 20 49 18 36 41 4 38 9 32 26 24 48 22 25 2 5 15 17 7 10 14 21 39 45 43 29 47 3 13 11 19 6 
21 10 11 28 40 39 14 45 18 3 48 7 6 17 12 47 30 43 13 15 19 16 22 1 25 34 36 20 24 49 38 37 33 23 44 35 46 31 5 9 29 4 42 32 8 2 27 26 41 
48 31 3 27 8 23 19 34 41 33 5 36 21 46 25 17 6 16 9 44 35 2 10 14 37 40 29 12 18 30 11 4 13 43 39 20 15 28 47 32 26 42 38 1 45 49 7 22 24 
20 37 9 36 45 2 4 49 23 1 32 30 24 13 5 26 3 7 34 48 41 46 28 11 33 18 15 21 19 29 14 42 8 12 47 38 22 27 44 6 40 17 31 43 35 10 39 16 25 
26 18 49 29 22 47 6 43 15 12 38 9 4 20 40 14 1 32 24 45 11 31 7 13 35 42 39 30 36 27 16 46 28 10 41 8 48 19 33 3 2 25 5 37 17 44 23 34 21 
2 29 34 8 15 38 17 28 42 48 3 49 5 19 39 13 43 40 20 7 37 32 11 30 26 23 22 27 6 1 18 44 35 9 4 47 45 25 31 21 24 33 16 12 10 41 36 46 14 
11 48 13 39 9 27 22 12 45 16 25 14 7 40 36 21 24 18 15 19 44 28 35 10 6 29 41 2 34 31 43 30 23 32 33 37 8 49 17 42 20 46 1 4 5 3 26 47 38 
32 47 6 37 18 20 41 15 1 34 26 46 38 22 45 27 35 49 5 12 25 33 44 4 42 48 31 19 29 28 36 8 17 21 2 30 14 16 9 43 10 3 24 40 23 11 13 7 39 
42 49 40 31 19 12 10 32 9 23 24 29 27 8 30 11 46 2 4 38 3 45 20 16 1 21 18 17 47 41 39 26 15 25 14 48 7 36 34 5 13 22 33 6 37 28 43 35 44 
7 44 26 25 33 21 23 17 6 41 30 37 43 4 31 34 14 29 48 16 8 5 12 36 46 47 9 13 20 38 3 49 10 22 24 32 28 1 11 40 35 39 15 19 27 18 45 2 42 
35 5 46 14 3 36 43 39 44 2 13 33 10 21 47 22 17 41 32 1 28 8 24 7 34 15 37 40 42 12 45 19 27 16 11 29 23 6 26 38 4 18 20 25 49 48 9 31 30 
4 28 45 16 24 30 1 35 36 47 18 20 31 11 33 10 9 6 23 26 42 25 39 3 38 14 43 49 46 40 37 13 7 5 48 19 44 12 15 27 41 2 34 17 21 8 32 29 22 
6 32 10 45 23 40 33 21 38 24 46 47 8 12 35 7 16 31 17 34 48 29 43 20 36 9 14 18 41 42 26 25 49 39 15 22 37 13 27 19 30 11 3 44 28 4 5 1 2 
15 9 8 7 2 16 37 26 10 22 35 4 13 32 24 28 40 45 38 49 43 39 41 46 47 11 19 42 31 5 27 1 29 44 36 6 34 21 12 48 3 23 17 14 18 30 25 20 33 
1 11 38 47 28 3 48 20 43 29 37 19 18 41 46 36 44 23 25 32 14 24 15 12 40 4 10 45 22 6 34 7 21 17 30 9 26 35 2 16 33 5 39 8 31 42 49 13 27 
24 39 17 26 27 19 36 42 40 14 7 48 25 3 1 8 5 4 21 9 22 37 30 32 31 2 34 33 16 11 13 28 38 18 45 44 41 20 10 47 43 49 12 35 29 15 46 6 23 
44 46 30 41 34 22 42 31 5 28 2 27 23 15 6 19 11 3 18 33 26 38 13 35 17 7 49 48 9 20 12 24 4 8 37 1 39 29 40 25 32 14 45 36 47 21 16 10 43 
49 4 5 12 29 35 18 1 11 39 9 17 16 34 2 41 20 13 30 37 27 21 3 25 28 44 23 6 10 43 48 14 47 33 46 31 42 7 36 45 8 15 19 22 24 32 40 38 26 
43 21 31 20 14 13 25 33 49 45 36 44 30 6 15 29 10 39 47 42 12 1 26 22 5 27 16 8 35 32 40 23 2 3 19 18 38 4 28 17 46 24 7 41 11 34 48 37 9 
37 26 19 13 46 6 29 4 8 35 21 24 45 5 48 3 42 1 11 27 15 17 16 33 2 30 7 36 44 47 9 10 25 40 28 23 20 39 22 12 49 41 43 18 14 38 34 32 31 
14 43 36 35 32 44 30 3 2 49 31 42 37 16 9 12 22 33 46 17 40 10 45 48 19 13 4 34 23 21 6 20 26 11 1 25 27 18 38 24 28 8 41 5 15 47 29 39 7 
34 8 28 2 20 45 27 6 7 38 44 39 9 33 19 16 49 5 31 21 24 11 47 37 29 43 46 35 13 48 41 15 18 4 12 42 3 17 1 14 36 32 25 23 26 22 10 30 40 
40 33 47 11 16 7 9 46 20 15 41 22 34 36 29 25 18 37 45 13 4 49 38 27 23 1 21 32 14 39 30 3 42 31 5 2 43 10 19 26 48 35 6 28 44 17 24 8 12 
10 12 18 4 5 42 39 47 19 43 17 11 32 1 26 23 28 14 7 36 30 44 40 9 22 25 24 41 2 8 46 38 16 45 34 13 31 15 6 29 37 21 35 20 48 27 3 33 49 
31 22 48 17 21 15 3 23 30 25 27 10 12 18 41 32 34 44 2 8 38 6 5 26 14 20 28 39 43 19 49 29 37 24 35 40 47 11 7 33 9 45 36 13 16 46 4 42 1 
23 41 24 49 25 1 38 40 48 13 14 28 26 29 10 43 39 47 35 20 6 3 18 42 12 31 8 15 33 17 7 27 32 36 22 46 4 34 30 44 5 16 21 2 9 45 37 11 19 
25 3 1 19 44 14 32 7 16 11 23 35 36 28 38 20 21 9 42 41 5 12 29 31 45 49 33 37 27 24 17 43 22 30 8 4 40 26 46 18 47 48 13 10 39 6 2 15 34 
16 45 43 38 39 5 34 2 4 30 19 12 20 26 8 44 15 25 37 23 49 35 48 47 27 24 1 46 7 18 21 36 3 41 10 33 13 9 42 11 14 6 22 29 32 40 31 28 17 
28 23 33 46 4 29 21 27 34 8 1 38 49 37 7 18 47 11 6 40 39 30 36 43 10 5 2 3 26 44 19 9 14 13 32 15 17 41 24 22 16 31 48 42 25 35 12 45 20 
18 35 2 10 49 37 11 22 31 17 6 40 15 25 3 48 32 24 33 28 46 13 14 44 41 38 42 9 5 16 20 45 12 34 29 21 30 43 39 8 23 19 47 26 36 7 1 27 4 
30 42 15 22 47 24 20 14 13 5 29 32 33 48 43 1 19 27 26 10 17 34 21 40 18 39 25 28 49 35 4 11 6 38 31 36 12 45 3 2 7 37 46 16 41 9 44 23 8 
36 7 41 6 13 8 40 9 21 46 45 3 39 24 14 31 12 34 16 2 29 22 19 17 15 26 32 4 37 23 28 47 1 48 42 10 35 38 25 20 44 27 18 49 33 5 30 43 11 
9 17 27 48 12 31 26 18 47 42 43 41 44 10 4 45 36 30 22 35 13 20 6 23 7 8 11 16 39 15 33 40 46 2 25 5 49 32 29 1 34 28 14 21 38 37 19 24 3 
29 6 12 1 31 46 5 13 33 36 49 45 2 30 17 42 48 10 3 24 7 14 8 34 32 16 20 25 11 26 47 39 19 37 18 27 21 44 4 28 38 9 23 15 40 43 22 41 35 
22 34 23 44 37 4 13 5 46 40 28 18 1 27 21 39 26 15 14 47 32 9 31 24 11 19 35 10 38 36 8 12 43 49 3 45 33 42 41 7 25 20 2 30 6 29 17 48 16 
17 27 7 18 38 26 15 8 22 6 47 16 42 35 13 49 33 12 44 43 31 4 2 28 39 36 40 5 25 34 29 21 41 46 9 11 32 48 23 37 19 30 10 24 1 14 20 3 45 
47 14 21 43 30 28 24 25 3 4 20 15 19 7 11 9 37 35 40 5 16 26 33 41 49 17 48 22 45 10 42 32 44 1 23 39 29 2 8 31 6 12 27 34 13 36 38 18 46 
19 20 39 32 36 48 49 37 17 44 12 31 14 9 34 4 25 22 41 29 23 47 42 15 21 45 6 38 30 2 35 16 24 27 13 3 18 40 43 46 1 10 11 33 7 26 8 5 28 
8 16 25 9 35 10 45 24 29 21 11 26 41 43 27 38 2 36 28 46 20 23 1 18 3 12 30 7 4 33 22 6 48 14 40 34 5 47 49 15 17 13 37 31 19 39 42 44 32 
3 40 42 33 11 41 2 38 32 10 39 34 48 23 18 30 8 19 1 6 45 27 37 29 13 46 44 43 15 7 5 17 31 28 20 14 16 24 35 36 22 26 49 9 12 25 21 4 47 
################proper############## 

 average_time = 689.478339 

 success runs = 1 

 total average iters = 77740229.000000 
