Success!!! 
 
 max_col = 
 49 
 
 run_time = 
 3143.182565 
 
 once iters = 
 359029103 
 
23 10 27 30 25 35 21 3 24 8 2 1 41 29 38 11 46 44 40 4 45 19 20 26 6 33 31 48 7 18 13 34 28 37 39 47 5 43 12 49 22 42 32 9 17 36 15 14 16 
24 43 18 36 37 44 9 4 40 35 49 30 11 42 48 26 32 13 7 8 47 34 16 25 2 29 39 22 1 46 12 17 23 21 15 27 33 45 14 19 10 38 31 28 6 3 5 20 41 
3 1 34 12 14 22 41 10 27 48 23 38 17 21 33 19 25 31 2 43 30 32 45 9 47 7 36 42 16 49 5 26 20 11 35 6 18 4 28 39 15 46 8 13 37 40 29 44 24 
16 40 42 45 38 7 11 39 37 19 18 20 28 25 17 22 15 27 34 49 1 14 10 4 30 12 3 5 8 43 44 6 24 9 33 36 26 32 41 31 29 13 35 46 48 2 23 21 47 
13 5 15 33 31 39 47 36 45 6 43 9 46 34 20 29 23 37 14 41 24 35 18 49 8 38 28 21 30 48 27 3 40 32 22 25 44 17 2 7 16 1 42 10 11 19 12 4 26 
19 28 46 8 17 32 49 16 26 31 5 15 14 7 36 3 6 39 42 21 12 13 23 24 37 41 44 40 25 29 4 47 2 38 10 34 30 48 11 35 9 20 1 22 45 43 18 27 33 
4 2 29 20 48 6 26 32 44 22 13 33 12 47 28 5 18 35 9 10 16 27 1 11 43 15 17 46 45 42 14 41 36 19 31 23 8 24 37 21 40 3 38 39 7 49 25 34 30 
27 25 3 31 26 11 14 49 42 5 36 4 21 24 47 28 40 33 12 46 44 22 13 38 20 19 9 17 29 15 23 1 35 45 18 8 16 10 39 48 2 32 37 30 43 41 7 6 34 
38 37 16 46 12 42 30 44 23 3 47 35 1 17 7 25 9 15 29 31 2 4 28 21 11 18 33 34 48 41 32 27 22 43 6 45 20 5 36 24 49 40 19 14 26 8 10 13 39 
21 20 32 43 39 2 22 19 41 46 26 10 31 18 1 34 35 16 36 48 13 12 14 8 5 3 6 49 40 7 25 37 11 17 38 28 42 33 23 30 4 29 44 24 15 47 9 45 27 
6 23 40 5 34 9 18 2 8 11 20 29 43 39 10 17 38 14 27 26 22 7 48 36 45 24 37 32 44 19 33 16 4 42 30 12 41 25 13 15 47 35 49 3 21 31 46 1 28 
47 29 36 7 15 19 28 45 33 13 38 25 22 27 4 43 24 30 49 3 37 16 41 40 42 2 26 23 21 10 9 39 46 34 8 17 6 14 1 44 31 18 12 5 32 48 20 35 11 
35 45 49 44 4 48 1 6 15 12 9 34 30 16 41 8 5 32 11 42 21 10 39 46 29 31 27 47 20 14 24 13 3 36 28 38 7 22 19 43 37 26 23 33 40 18 17 25 2 
33 24 17 10 41 13 8 40 48 37 7 14 32 28 6 18 45 20 19 23 39 25 44 15 1 43 30 35 31 2 47 5 12 49 26 3 11 9 27 46 21 34 22 4 38 29 16 36 42 
2 35 43 38 47 8 3 7 17 40 4 18 36 6 27 12 11 5 24 1 29 15 33 10 31 23 16 41 14 20 49 42 19 13 37 44 32 39 25 34 28 30 9 45 46 26 48 22 21 
48 9 30 15 13 36 42 33 21 45 44 39 34 31 14 41 2 26 10 7 28 29 5 12 19 20 24 27 6 1 22 38 17 16 32 37 46 35 4 40 18 23 25 43 47 11 8 3 49 
32 46 6 25 19 23 45 5 16 1 37 49 9 15 39 36 4 22 38 40 8 26 42 44 3 21 13 18 41 30 34 28 47 33 43 48 10 29 24 17 11 14 7 12 35 20 27 2 31 
37 31 44 49 20 4 33 46 12 10 22 32 42 41 18 21 43 6 16 45 23 36 40 35 9 25 11 39 15 8 3 7 29 2 48 13 1 47 26 27 5 19 28 17 34 30 24 38 14 
14 18 12 26 5 1 39 20 11 43 29 8 27 23 32 13 30 49 35 15 42 2 34 47 17 48 7 28 4 44 45 9 25 24 46 21 22 31 38 41 3 16 10 37 33 6 19 40 36 
17 22 24 41 27 21 29 47 2 28 35 3 48 26 46 44 19 9 33 25 34 37 30 6 38 45 14 8 36 39 11 31 10 5 40 43 12 15 49 42 20 7 18 32 16 4 1 23 13 
7 34 10 11 40 28 16 30 38 24 14 19 25 13 3 31 48 47 37 17 20 49 22 43 46 32 4 1 35 23 21 18 27 26 12 33 36 6 9 2 45 8 41 44 42 15 39 5 29 
49 14 26 47 45 18 44 37 1 23 25 6 8 33 30 2 7 29 32 20 35 40 31 19 15 22 41 38 24 4 16 12 9 10 11 46 27 42 17 13 36 39 48 34 5 21 3 28 43 
22 13 23 39 43 40 17 24 4 32 11 31 47 12 26 10 21 34 45 16 41 5 27 28 44 8 48 25 46 37 38 36 18 35 42 9 15 20 3 6 14 33 29 49 2 1 30 7 19 
36 6 20 32 42 31 25 9 34 29 16 21 38 49 23 48 12 46 8 19 11 30 3 39 33 26 35 24 2 22 15 44 5 28 45 4 47 7 40 18 1 43 17 27 14 37 13 41 10 
8 27 5 19 16 24 37 48 46 26 30 13 7 43 40 39 22 3 31 33 9 42 21 20 32 36 10 14 17 47 29 49 6 1 34 41 35 2 45 12 38 28 15 11 25 23 4 18 44 
41 4 48 9 28 10 35 22 20 27 39 45 15 3 5 49 42 38 44 13 36 17 6 2 18 37 1 43 32 25 30 23 33 14 7 11 21 19 34 29 24 31 40 26 8 46 47 16 12 
15 3 11 34 29 33 2 18 19 14 28 36 40 44 37 47 1 25 17 24 4 9 46 13 12 16 49 7 39 26 43 21 41 20 27 10 23 8 30 5 48 22 6 35 31 42 45 32 38 
46 30 7 21 1 38 12 35 5 41 17 42 2 10 43 15 14 18 28 6 27 45 4 34 23 11 47 29 3 40 19 48 31 8 13 16 49 44 32 25 26 37 24 36 39 22 33 9 20 
44 48 31 40 9 34 46 23 35 21 33 27 49 19 16 30 3 2 39 47 7 18 24 14 28 17 20 37 22 45 36 10 26 29 5 42 38 13 43 1 32 25 11 6 4 12 41 8 15 
45 7 13 2 8 27 4 42 9 47 40 11 44 46 25 37 28 12 1 38 43 33 29 16 49 6 15 26 34 21 48 20 14 39 19 22 31 41 35 23 30 24 3 18 36 5 32 10 17 
29 17 39 18 21 14 19 31 30 38 48 5 3 22 44 33 36 4 26 27 32 41 47 45 10 40 8 13 12 35 1 24 42 25 49 20 28 34 15 11 46 6 16 2 9 7 37 43 23 
30 32 41 35 23 25 36 13 10 17 34 24 45 1 15 6 20 11 18 9 14 21 2 22 7 27 19 31 28 16 8 4 43 46 3 49 37 12 48 47 39 5 26 29 44 38 42 33 40 
1 11 47 22 33 20 38 14 7 25 8 26 16 32 24 23 13 42 5 35 10 43 12 48 36 30 34 44 27 6 41 15 37 40 9 2 29 18 21 3 17 4 45 31 49 39 28 19 46 
12 15 37 24 49 16 10 41 28 39 6 43 20 36 8 46 31 48 22 29 40 3 32 5 25 1 42 4 38 17 2 11 13 18 23 7 19 26 44 45 33 9 21 47 27 34 14 30 35 
42 26 28 6 3 43 5 12 29 18 15 37 4 2 21 45 17 19 41 34 49 38 11 23 35 39 46 9 33 32 31 30 7 47 44 40 14 27 10 16 8 36 13 1 20 25 22 24 48 
25 16 45 37 46 17 34 38 31 49 21 23 26 48 35 9 29 24 15 11 18 47 36 30 41 44 32 12 10 5 20 40 8 27 14 19 13 3 6 28 7 2 4 42 1 33 43 39 22 
20 38 14 29 32 47 43 25 18 44 41 16 39 8 22 27 37 17 6 12 46 23 49 3 48 4 45 10 13 31 35 33 15 30 1 24 34 36 5 9 42 11 2 21 19 28 40 26 7 
11 39 8 23 35 26 27 28 14 2 3 40 10 20 13 4 33 7 21 30 25 31 19 29 34 46 38 16 47 36 42 43 48 22 24 1 45 37 18 32 44 41 5 15 12 9 49 17 6 
10 19 2 42 7 41 40 34 32 4 24 22 37 11 49 14 8 28 20 44 31 1 9 33 21 5 43 15 18 12 26 45 16 6 17 39 48 46 29 38 25 27 30 23 13 35 36 47 3 
31 33 1 48 22 12 15 17 36 9 27 47 6 45 19 40 10 41 43 39 5 11 35 37 13 42 25 2 49 3 28 32 34 7 29 26 4 30 20 8 23 21 14 16 24 44 38 46 18 
5 36 21 4 6 3 24 29 13 15 19 7 35 30 2 42 47 1 48 32 38 39 26 17 40 28 18 20 9 11 46 25 44 23 41 14 43 16 33 22 12 49 27 8 10 45 34 31 37 
18 44 9 28 30 49 13 1 43 42 12 46 33 5 45 16 34 23 3 36 26 8 7 27 24 14 22 6 19 38 37 2 39 4 21 15 17 40 31 10 35 47 20 48 41 32 11 29 25 
40 41 19 14 44 37 7 43 49 33 10 28 18 4 29 35 39 8 13 5 15 48 38 1 16 47 2 45 11 34 17 22 30 3 20 32 24 21 46 26 6 12 36 25 23 27 31 42 9 
43 47 35 1 11 30 48 26 22 7 31 12 24 38 34 20 41 21 25 28 3 46 15 18 4 49 40 36 42 27 39 8 32 44 2 5 9 23 16 14 13 10 33 19 29 17 6 37 45 
26 42 4 16 36 5 23 15 25 30 32 17 13 37 9 7 49 10 46 18 6 20 8 41 39 35 29 3 43 24 40 19 21 48 47 31 2 11 22 33 27 45 34 38 28 14 44 12 1 
9 21 22 3 24 29 31 27 47 36 45 44 19 35 42 1 16 40 4 37 48 6 17 32 14 10 23 33 26 28 7 46 38 12 25 18 39 49 8 20 34 15 43 41 30 13 2 11 5 
34 12 38 27 2 15 32 21 3 16 46 48 23 40 11 24 26 45 47 14 33 44 43 7 22 13 5 19 37 9 6 29 1 31 36 30 25 28 42 4 41 17 39 20 18 10 35 49 8 
28 8 25 13 10 45 6 11 39 20 42 2 29 9 12 38 44 43 23 22 17 24 37 31 27 34 21 30 5 33 18 14 49 41 4 35 40 1 47 36 19 48 46 7 3 16 26 15 32 
39 49 33 17 18 46 20 8 6 34 1 41 5 14 31 32 27 36 30 2 19 28 25 42 26 9 12 11 23 13 10 35 45 15 16 29 3 38 7 37 43 44 47 40 22 24 21 48 4 
################proper############## 

 average_time = 3143.182565 

 success runs = 1 

 total average iters = 359029103.000000 
