Success!!! 
 
 max_col = 
 49 
 
 run_time = 
 417.105497 
 
 once iters = 
 39971130 
 
20 46 16 23 40 36 41 21 25 19 35 22 30 33 43 42 28 8 48 12 11 34 10 44 15 47 32 4 37 6 9 14 29 27 24 5 31 13 1 39 3 17 7 2 18 38 45 26 49 
31 29 42 44 21 37 32 45 38 41 47 34 6 4 16 36 3 14 22 35 10 39 20 1 46 27 12 17 26 23 40 13 15 18 30 24 7 19 49 25 9 2 5 33 8 48 28 43 11 
15 13 18 26 1 11 17 28 37 5 20 7 24 8 41 39 25 44 47 32 19 29 36 30 49 6 23 35 22 21 33 2 38 16 34 46 14 45 43 48 40 12 9 42 27 4 10 3 31 
48 12 9 43 35 39 22 42 16 27 10 40 14 31 21 7 24 26 20 6 29 45 19 8 38 37 11 2 25 49 3 5 4 1 28 18 44 41 33 23 34 15 36 13 46 32 30 17 47 
47 3 7 24 4 30 10 43 36 39 46 2 15 29 1 33 13 49 5 38 17 14 21 9 22 18 26 41 20 8 48 19 45 31 42 11 28 27 32 16 6 37 44 35 40 34 23 25 12 
6 2 28 5 49 45 33 17 32 11 9 48 26 18 23 37 27 40 34 30 15 31 3 24 25 13 43 7 36 41 12 46 39 44 47 20 35 8 38 42 4 10 16 1 29 19 22 21 14 
25 19 14 8 38 27 34 3 49 44 12 23 1 13 18 46 4 45 9 2 31 42 40 5 16 33 28 48 11 32 7 35 17 10 43 22 30 29 21 36 26 47 6 24 15 20 39 37 41 
26 8 44 22 12 42 21 48 30 2 27 13 45 1 6 47 19 16 7 31 32 28 25 34 41 15 35 23 46 43 38 39 3 24 20 40 49 33 17 4 18 11 37 36 5 10 14 29 9 
23 34 30 38 31 29 9 14 46 40 7 28 3 5 48 41 39 42 27 4 25 17 49 16 33 21 6 45 32 44 11 26 1 36 18 13 8 37 2 24 10 43 22 47 20 15 12 19 35 
11 36 27 49 45 19 3 33 9 24 22 16 34 35 26 38 23 18 29 37 8 2 30 10 7 48 40 43 47 4 15 12 6 13 14 1 46 20 25 32 44 5 21 31 41 28 17 42 39 
37 15 41 16 5 48 28 6 29 32 43 26 44 11 10 24 40 20 13 22 49 18 12 42 9 31 1 36 2 33 19 8 35 21 17 38 23 47 27 45 14 39 34 4 3 30 7 46 25 
7 40 13 32 20 6 25 10 41 17 8 47 18 49 36 11 15 34 33 9 5 4 38 29 14 46 39 19 27 48 45 37 28 42 31 21 16 12 3 22 35 30 43 44 26 2 1 23 24 
1 35 46 10 24 4 43 36 39 37 19 15 38 12 17 2 14 21 45 28 3 47 32 27 20 44 22 5 7 16 49 30 34 25 23 31 29 26 41 6 42 9 13 8 48 11 33 18 40 
33 14 39 17 18 2 47 4 42 21 31 25 20 23 12 44 43 46 30 1 35 13 37 3 11 26 24 8 5 40 29 41 22 9 10 48 34 7 19 15 28 36 38 45 16 27 49 32 6 
34 23 31 15 41 5 11 32 44 6 3 29 40 19 24 26 37 12 1 36 9 48 47 2 43 7 42 33 8 46 35 38 30 45 4 27 20 21 28 18 17 49 25 14 39 22 13 16 10 
22 9 48 36 39 38 30 47 1 12 41 24 17 26 3 25 7 10 8 43 16 21 27 35 44 45 20 40 29 42 2 18 14 32 13 15 33 11 23 31 46 19 28 37 49 5 34 6 4 
42 17 43 45 28 26 35 49 18 20 23 8 21 10 40 32 2 13 39 47 46 25 1 31 4 14 38 29 9 34 37 15 33 11 48 6 12 22 5 3 16 24 30 41 44 7 36 27 19 
12 24 40 27 13 18 4 37 31 15 38 45 46 36 49 5 34 30 14 20 42 10 11 6 39 28 19 26 23 22 16 25 21 41 1 32 9 44 7 29 47 48 8 3 43 17 2 35 33 
2 1 47 7 8 16 19 11 43 30 25 14 33 22 27 45 21 17 6 29 23 5 9 13 24 49 15 34 44 3 31 28 36 20 39 37 10 4 35 40 41 26 42 46 32 12 48 38 18 
46 33 6 20 29 49 14 9 7 16 42 4 48 2 35 31 22 38 28 18 44 32 23 12 36 3 41 37 10 19 43 24 5 17 27 39 25 34 8 13 30 1 26 11 45 21 47 40 15 
10 37 21 3 25 32 44 5 27 13 34 35 39 28 33 48 11 41 19 15 4 46 22 17 8 16 30 18 12 26 6 49 7 47 40 45 38 14 36 2 43 42 20 9 23 24 29 31 1 
36 28 8 34 42 41 39 22 35 18 11 33 9 16 30 21 44 29 37 19 26 38 45 14 27 5 46 47 13 31 25 23 2 3 6 10 15 49 12 1 48 32 4 17 24 40 43 20 7 
35 7 22 4 17 3 45 1 48 38 49 44 31 20 47 23 12 43 2 5 24 9 39 25 32 30 10 15 42 29 34 21 41 14 16 33 40 18 6 8 11 27 46 28 36 26 19 13 37 
40 5 1 14 23 31 12 2 4 43 26 19 37 45 8 6 10 9 32 42 34 35 24 7 3 36 16 11 49 18 44 48 46 15 22 17 13 25 20 30 21 28 41 29 33 39 38 47 27 
19 10 32 37 26 20 2 23 13 8 24 27 36 21 46 35 16 4 41 3 18 33 6 28 17 12 48 44 40 47 30 9 11 38 7 43 42 5 14 34 39 29 49 25 1 31 15 45 22 
13 30 49 11 46 47 27 7 5 28 39 42 29 15 14 17 33 48 31 25 38 41 2 21 34 40 8 20 35 24 1 45 43 4 19 3 26 9 22 37 36 44 10 32 6 18 16 12 23 
16 25 24 9 48 15 6 40 14 10 30 12 41 32 22 20 49 11 36 39 13 23 42 19 18 43 29 1 33 5 28 17 27 26 37 47 45 31 4 7 38 46 2 21 34 3 35 44 8 
38 21 29 33 43 44 18 46 17 34 6 3 25 47 15 28 45 27 40 7 1 37 31 4 26 22 13 49 39 36 10 32 20 8 12 35 2 16 24 19 23 41 14 48 9 42 11 30 5 
28 18 3 2 33 8 37 20 10 48 15 41 12 17 19 14 6 5 49 24 40 22 7 38 42 4 34 46 45 39 21 11 13 29 25 16 27 1 47 44 32 23 31 43 35 9 26 36 30 
30 49 20 40 11 9 31 25 23 7 29 6 22 24 34 1 8 36 38 13 47 16 44 43 48 17 21 28 41 10 18 33 26 37 35 42 4 2 39 12 5 45 15 27 19 46 32 14 3 
21 42 5 29 34 43 38 35 2 14 44 32 11 40 7 27 9 31 4 17 30 3 41 20 19 10 37 39 28 12 46 1 16 48 15 36 22 24 13 26 49 8 18 23 47 6 25 33 45 
17 22 25 41 7 14 36 31 47 45 21 1 4 46 32 43 42 3 23 26 48 27 8 11 30 29 33 13 24 38 5 40 9 49 44 19 18 10 34 35 15 6 39 12 28 37 20 2 16 
4 32 15 35 16 12 24 30 26 3 13 9 27 39 37 10 20 22 21 41 2 40 18 36 31 1 45 14 6 7 23 34 47 19 8 29 43 46 48 28 33 25 11 49 17 44 42 5 38 
27 26 23 39 10 1 48 34 19 36 33 38 28 42 45 18 46 25 16 44 12 6 15 47 5 35 49 9 17 2 14 20 32 43 3 41 37 30 11 21 7 31 29 40 4 8 24 22 13 
45 47 19 6 44 13 46 18 8 49 5 43 16 37 11 29 35 39 15 33 28 24 26 32 12 23 2 25 31 30 4 27 42 22 36 14 17 40 9 38 20 3 48 34 7 1 41 10 21 
14 38 17 42 2 28 7 39 11 26 37 36 10 27 13 30 41 35 3 23 43 8 4 46 21 9 25 6 19 20 24 29 18 12 33 49 32 15 44 5 1 22 47 16 31 45 40 34 48 
41 11 4 46 36 22 1 8 6 47 48 18 23 43 38 34 29 37 24 10 39 15 33 49 45 32 31 12 16 13 26 42 44 7 9 30 21 3 40 14 2 20 19 5 25 35 27 28 17 
32 20 10 31 15 24 16 19 3 33 28 17 2 34 25 8 47 6 44 21 36 7 13 40 1 42 14 38 43 45 27 4 48 39 5 23 11 35 29 41 37 18 12 22 30 49 46 9 26 
43 6 26 47 19 40 49 44 12 4 16 31 7 9 2 15 1 32 46 48 22 20 35 37 23 34 5 3 14 11 17 10 25 30 21 28 24 39 42 27 45 38 33 18 13 36 8 41 29 
5 48 37 13 9 34 23 24 15 22 45 46 49 38 42 16 26 7 12 14 27 44 17 18 29 41 36 30 3 35 47 31 40 28 32 25 19 6 10 33 8 4 1 20 11 43 21 39 2 
39 44 35 12 30 33 8 29 20 42 14 21 5 25 4 9 31 28 18 40 45 19 48 22 2 11 27 24 38 1 41 36 49 34 46 7 47 43 26 17 13 16 3 10 37 23 6 15 32 
18 27 45 25 3 21 29 13 40 35 1 30 32 41 5 19 17 33 11 49 20 43 16 26 28 39 47 10 15 37 22 6 8 23 2 9 48 36 31 46 12 34 24 7 38 14 44 4 42 
3 4 33 19 47 7 42 41 34 46 2 49 8 14 28 22 32 23 35 11 37 12 29 45 6 20 9 16 48 15 39 43 31 40 26 44 1 38 18 10 27 13 17 30 21 25 5 24 36 
49 43 11 21 22 35 13 38 24 29 18 37 47 6 20 4 36 15 10 27 14 1 28 48 40 25 44 31 30 17 32 16 12 5 41 2 39 23 46 9 19 7 45 26 42 33 3 8 34 
44 16 36 1 6 23 26 12 33 25 40 39 43 7 9 49 48 2 17 34 41 30 14 15 10 24 4 42 18 28 13 3 19 35 29 8 5 32 45 20 31 21 27 38 22 47 37 11 46 
8 45 34 18 32 10 5 15 28 9 36 11 13 48 29 3 30 19 25 46 21 26 43 33 35 2 17 27 1 14 20 7 24 6 38 4 41 42 37 47 22 40 23 39 12 16 31 49 44 
9 39 38 48 14 25 40 16 22 1 17 10 35 30 31 13 5 24 26 45 6 49 34 23 47 8 3 21 4 27 42 44 37 46 11 12 36 28 15 43 29 33 32 19 2 41 18 7 20 
24 31 2 30 37 46 15 27 21 23 32 20 42 44 39 12 38 1 43 8 7 11 5 41 13 19 18 22 34 9 36 47 10 33 45 26 3 17 16 49 25 35 40 6 14 29 4 48 28 
29 41 12 28 27 17 20 26 45 31 4 5 19 3 44 40 18 47 42 16 33 36 46 39 37 38 7 32 21 25 8 22 23 2 49 34 6 48 30 11 24 14 35 15 10 13 9 1 43 
################proper############## 

 average_time = 417.105497 

 success runs = 1 

 total average iters = 39971130.000000 
