Success!!! 
 
 max_col = 
 49 
 
 run_time = 
 593.329315 
 
 once iters = 
 58844892 
 
42 18 39 34 48 28 47 36 8 44 30 40 26 29 12 45 15 25 13 7 6 21 31 33 5 41 38 14 17 22 23 32 10 24 49 35 11 16 19 3 20 37 9 1 46 27 4 43 2 
13 41 36 1 25 9 23 10 39 14 35 11 46 7 48 21 37 5 22 16 4 6 42 30 3 18 24 20 27 34 15 31 44 8 43 38 40 28 29 45 12 2 33 49 32 19 47 17 26 
21 5 44 14 19 4 8 33 9 20 3 17 45 12 2 27 18 34 39 28 38 37 43 48 46 7 32 11 16 41 1 26 29 6 47 49 30 15 25 13 36 10 35 23 22 24 31 42 40 
15 38 7 12 17 30 10 49 19 16 24 48 25 43 41 44 23 31 40 1 32 8 28 47 9 2 34 26 13 11 36 39 18 42 35 4 21 46 33 6 22 27 37 45 3 5 14 29 20 
3 32 26 49 6 11 16 27 22 42 21 18 38 4 14 43 46 36 29 20 47 17 19 35 1 15 40 13 9 37 33 2 45 12 30 23 24 5 34 41 48 31 25 28 44 7 39 10 8 
45 37 46 35 29 27 20 41 23 31 28 34 2 13 24 3 9 33 42 11 49 10 22 44 16 25 12 39 7 40 4 19 38 5 14 43 26 1 8 32 47 17 15 18 21 30 6 36 48 
43 40 22 33 2 31 24 37 6 15 32 1 5 47 30 26 10 35 19 8 17 49 36 45 23 29 27 4 28 20 3 25 21 48 46 44 42 18 7 39 9 14 34 12 41 13 38 11 16 
11 13 5 43 14 38 39 28 26 12 10 36 31 20 29 2 3 4 1 41 42 47 33 7 45 24 25 40 15 6 17 30 19 23 37 21 8 22 49 48 32 44 16 46 27 9 34 18 35 
19 21 8 31 16 41 36 30 44 43 17 13 47 32 38 33 45 7 24 9 18 12 48 46 42 4 14 15 26 27 35 49 28 3 34 20 1 6 39 23 10 5 22 29 40 25 11 2 37 
30 34 40 10 28 12 29 16 14 6 11 23 21 3 36 37 19 32 26 27 25 9 13 22 35 49 31 41 47 2 39 38 5 1 48 45 43 4 46 7 17 18 8 44 42 15 20 24 33 
47 42 25 44 27 20 6 18 49 34 45 33 48 15 46 5 16 22 8 10 30 28 21 26 32 23 2 38 29 31 41 11 7 4 9 37 36 35 40 12 14 24 3 13 19 17 43 39 1 
17 48 35 23 26 15 2 46 1 8 19 7 41 40 47 6 11 20 31 21 28 29 39 27 37 44 5 18 12 14 24 43 16 33 22 42 3 25 13 38 34 9 10 30 45 32 36 4 49 
18 9 3 24 7 22 46 4 25 37 42 5 35 27 34 40 49 39 15 12 44 30 17 43 11 8 1 16 10 32 45 21 13 36 20 28 19 33 31 2 29 26 6 38 23 41 48 47 14 
4 33 45 37 32 49 1 24 38 39 22 2 29 9 35 23 17 48 14 43 13 20 34 3 36 6 19 10 8 44 42 40 46 18 25 15 16 41 11 47 27 30 31 7 28 21 12 26 5 
9 23 2 45 15 43 49 42 47 11 1 3 39 33 25 13 24 8 17 34 40 26 7 16 20 5 18 31 19 46 28 22 48 21 6 14 37 27 36 4 44 12 32 41 35 10 29 30 38 
29 10 41 6 40 16 31 5 37 30 2 26 12 24 21 14 7 46 20 38 1 3 44 49 27 19 22 28 25 35 34 17 4 39 23 18 32 43 9 15 11 48 45 42 33 47 8 13 36 
35 19 42 27 36 33 25 29 18 4 31 14 7 44 32 10 5 28 3 6 2 40 23 12 34 13 17 8 1 24 20 37 41 11 45 30 47 39 38 49 21 46 43 16 26 48 22 15 9 
14 44 1 8 30 26 5 45 32 40 41 9 13 23 4 11 48 18 49 47 19 15 29 25 6 21 37 43 3 16 31 42 12 38 36 7 35 20 10 34 33 22 27 17 24 46 2 28 39 
32 39 12 21 18 3 7 34 35 22 48 38 19 28 23 42 41 44 43 30 27 46 47 11 4 36 33 45 49 5 29 10 15 9 2 24 13 8 17 31 26 16 40 20 1 14 37 6 25 
20 22 28 46 13 24 4 6 36 17 27 8 15 10 9 16 29 12 37 45 33 2 32 39 48 38 35 1 18 47 43 14 30 7 26 3 5 40 41 25 42 19 11 34 31 49 44 23 21 
34 17 48 38 37 47 11 21 16 49 46 43 20 25 22 35 39 15 36 31 26 42 30 41 14 9 10 24 33 13 32 8 27 40 44 2 29 45 23 1 28 6 18 4 7 12 19 5 3 
5 46 47 19 39 17 32 11 33 25 37 22 42 1 16 12 27 10 35 23 3 45 40 8 15 34 9 48 41 26 21 20 49 2 31 36 18 14 24 30 13 28 4 6 29 44 7 38 43 
12 43 29 42 8 35 37 19 5 38 47 24 23 6 31 22 40 30 44 33 21 25 41 2 49 14 13 17 4 28 18 7 34 15 11 10 20 26 48 27 1 32 39 3 36 45 9 16 46 
27 36 20 11 22 18 26 9 12 41 40 16 30 14 8 32 13 1 47 37 15 7 38 28 24 43 6 19 45 33 46 23 39 44 3 17 49 29 4 42 5 35 2 48 34 31 25 21 10 
7 31 21 13 3 34 38 43 4 32 15 10 17 36 11 41 20 26 25 29 45 5 1 42 18 33 46 23 24 9 16 48 8 47 40 19 44 12 6 37 2 39 28 14 49 22 35 27 30 
23 4 16 30 9 44 33 7 2 13 20 49 28 18 17 48 43 42 34 19 36 31 27 37 12 39 3 35 5 38 10 6 32 14 29 22 25 47 45 46 8 21 26 11 15 40 24 1 41 
28 14 15 25 10 1 45 31 46 48 44 39 3 35 49 9 6 38 18 2 24 22 26 21 29 11 4 30 36 12 19 13 43 17 27 41 34 23 16 40 7 33 20 47 5 8 42 37 32 
48 24 49 2 41 6 40 26 34 27 29 45 8 21 5 46 4 14 28 39 7 36 10 20 47 16 44 32 30 25 22 35 1 37 42 11 15 31 3 9 38 43 17 19 12 18 23 33 13 
46 11 31 3 49 2 9 25 27 35 13 20 37 8 42 24 38 16 10 5 48 4 45 40 22 32 41 36 14 15 47 33 17 29 1 6 39 30 44 28 43 23 19 21 18 34 26 12 7 
39 45 19 7 38 32 13 2 21 26 23 4 43 11 15 34 44 47 27 35 31 48 5 9 33 17 49 29 37 30 6 16 22 46 18 25 12 42 20 14 41 36 24 8 10 1 40 3 28 
25 15 37 5 33 36 42 3 30 10 6 12 16 22 1 29 26 41 9 13 43 44 2 23 19 46 11 27 31 49 7 24 40 28 4 8 48 34 35 21 18 38 14 39 47 20 32 45 17 
10 8 30 18 34 40 21 48 24 5 36 15 44 31 33 49 28 19 23 32 22 43 6 14 39 1 16 7 38 3 11 45 20 41 12 9 17 13 27 26 37 47 42 2 4 35 46 25 29 
41 12 43 28 44 14 27 39 42 45 18 29 1 17 40 30 21 6 46 4 20 38 25 15 8 35 47 3 34 23 26 36 2 19 32 31 10 49 5 24 16 7 48 33 11 37 13 9 22 
6 47 24 26 20 48 22 38 40 33 9 41 14 46 7 39 8 17 11 3 12 18 37 10 13 30 28 34 42 43 27 44 25 35 21 32 4 19 2 29 45 1 36 5 16 23 15 49 31 
1 16 17 29 4 23 35 32 7 47 34 28 49 19 37 36 25 45 2 18 14 24 20 31 21 42 26 12 48 10 8 5 9 13 39 40 22 3 15 33 46 11 44 27 38 43 30 41 6 
24 2 27 47 42 29 44 20 43 23 16 19 22 48 26 7 31 49 32 36 11 1 18 34 41 10 45 21 46 39 9 15 33 30 38 12 6 37 28 5 40 8 13 25 14 3 17 35 4 
8 3 14 41 1 25 28 40 29 2 49 21 11 5 19 20 33 43 12 44 34 32 35 4 17 31 30 9 22 42 37 18 23 26 13 48 38 24 47 36 39 15 46 10 6 16 45 7 27 
36 35 4 16 21 39 18 13 17 46 14 32 33 30 10 38 42 3 6 40 23 11 49 24 25 48 29 2 20 45 5 27 31 34 7 26 9 44 22 43 19 41 12 15 37 28 1 8 47 
38 20 9 15 23 45 43 44 10 3 4 47 18 39 28 25 35 37 21 22 8 13 12 19 26 27 42 33 11 48 49 1 6 16 41 46 14 7 32 17 31 34 29 36 30 2 5 40 24 
26 30 13 40 46 19 17 15 28 1 7 6 34 37 45 47 14 29 5 48 39 23 16 38 44 3 36 22 43 4 2 12 24 32 8 27 33 10 21 18 35 25 49 9 20 11 41 31 42 
33 6 11 22 31 37 34 12 41 9 25 35 36 38 27 17 1 24 4 46 16 39 8 5 7 28 15 47 21 29 40 3 14 10 19 13 45 2 30 20 49 42 23 32 43 26 18 48 44 
49 7 32 48 5 10 12 8 31 24 26 42 27 45 13 18 30 2 41 15 9 14 46 6 40 20 43 37 35 17 44 47 36 25 28 29 23 11 1 16 3 4 38 22 39 33 21 19 34 
40 1 10 36 47 42 48 23 13 18 38 31 9 49 6 19 22 27 45 14 46 41 15 17 2 37 39 25 44 7 12 34 3 43 33 5 28 32 26 35 30 29 21 24 8 4 16 20 11 
31 49 33 17 45 46 14 22 3 21 12 27 32 42 39 8 47 23 48 25 35 34 4 29 38 26 7 6 40 1 30 28 11 20 15 16 41 9 43 19 24 13 5 37 2 36 10 44 18 
37 27 38 9 24 7 41 35 11 19 8 25 6 34 20 15 36 40 16 17 10 33 3 13 31 47 23 42 32 18 14 29 26 22 5 1 2 21 12 44 4 49 30 43 48 39 28 46 45 
2 26 23 39 11 5 19 17 15 36 33 46 4 16 43 31 32 9 30 42 37 35 24 1 28 22 20 44 6 21 48 41 47 49 10 34 27 38 18 8 25 45 7 40 13 29 3 14 12 
44 29 6 32 43 21 15 47 45 7 5 30 40 26 3 28 2 13 38 24 41 16 11 18 10 12 8 49 39 36 25 4 37 31 17 33 46 48 14 22 23 20 1 35 9 42 27 34 19 
16 25 18 4 12 8 30 14 20 28 39 37 10 2 44 1 34 21 33 26 29 27 9 32 43 40 48 5 23 19 13 46 35 45 24 47 7 36 42 11 6 3 41 31 17 38 49 22 15 
22 28 34 20 35 13 3 1 48 29 43 44 24 41 18 4 12 11 7 49 5 19 14 36 30 45 21 46 2 8 38 9 42 27 16 39 31 17 37 10 15 40 47 26 25 6 33 32 23 
################proper############## 

 average_time = 593.329315 

 success runs = 1 

 total average iters = 58844892.000000 
