Success!!! 
 
 max_col = 
 49 
 
 run_time = 
 357.536364 
 
 once iters = 
 36200670 
 
18 4 2 40 45 17 26 41 16 11 47 43 34 46 1 12 19 24 36 28 44 27 38 9 13 30 6 14 37 15 20 25 23 31 7 8 3 29 10 49 5 35 42 39 48 22 21 32 33 
48 37 15 43 25 35 44 7 17 28 31 6 12 24 47 33 27 32 9 13 39 34 10 8 1 46 23 4 21 3 30 41 26 40 5 14 20 16 38 36 42 22 45 49 18 29 2 11 19 
7 3 6 41 10 47 9 33 15 38 4 14 39 44 5 11 43 21 31 20 37 2 22 29 42 16 36 12 49 13 24 1 48 32 17 19 18 28 25 45 27 46 26 8 34 35 23 30 40 
27 20 46 38 8 23 14 5 32 13 9 3 45 48 25 7 10 2 4 42 22 26 33 49 44 24 18 21 11 29 36 35 28 34 19 39 30 40 37 31 17 6 41 16 47 43 15 12 1 
13 49 1 11 39 29 31 42 22 23 26 25 20 36 46 18 30 35 8 16 48 15 37 28 19 40 17 43 45 9 47 44 2 12 6 33 34 41 7 21 4 32 27 38 10 14 3 24 5 
30 33 19 28 5 36 34 18 8 40 2 29 21 1 14 6 15 38 3 49 23 41 32 11 45 25 7 35 39 42 16 27 10 22 43 26 47 12 24 9 48 13 4 44 46 20 31 17 37 
32 42 22 12 21 16 24 30 27 35 19 10 49 37 41 29 34 26 45 17 40 5 47 39 31 48 20 3 46 18 4 38 33 14 8 23 2 11 44 15 1 43 25 9 7 28 13 36 6 
49 31 44 8 37 10 20 25 43 2 42 32 40 30 12 16 38 48 19 41 18 47 3 5 11 6 9 27 24 7 33 14 22 13 39 29 1 36 15 4 26 34 35 28 23 46 17 45 21 
26 11 7 17 36 48 27 19 45 1 23 49 31 6 40 25 13 9 42 5 34 46 41 24 39 22 21 18 35 32 15 16 3 4 12 37 33 38 20 28 14 2 8 30 29 47 44 10 43 
45 5 21 22 19 46 18 48 37 10 24 39 29 35 7 17 23 36 1 15 4 12 28 43 14 42 8 30 38 31 49 6 40 2 20 44 9 32 3 47 11 27 16 26 41 13 25 33 34 
2 1 29 6 14 39 38 15 46 26 17 20 47 12 24 22 33 10 21 8 27 37 16 31 35 44 34 32 25 30 23 36 9 48 28 43 42 7 40 41 13 45 19 18 11 49 5 4 3 
43 35 33 24 40 3 16 9 34 41 14 28 36 4 11 47 31 44 26 46 30 13 20 23 7 29 38 49 8 21 42 10 5 45 1 17 12 22 19 25 18 48 15 27 39 6 32 37 2 
42 34 13 23 41 4 15 8 21 3 38 22 11 18 43 2 49 29 39 32 28 25 1 33 36 10 40 45 26 47 44 17 27 19 37 24 46 5 6 35 16 30 12 31 14 9 7 20 48 
9 28 30 32 47 25 12 27 5 44 16 33 7 13 45 14 20 6 37 3 35 19 2 4 17 15 48 26 18 46 11 43 34 29 41 21 39 10 31 23 8 49 38 40 24 36 1 42 22 
8 13 35 3 1 33 19 24 47 12 41 21 9 28 23 4 29 37 38 34 16 22 45 40 27 43 44 6 31 25 10 42 46 5 48 2 26 17 18 20 7 39 14 15 36 11 30 49 32 
38 23 25 42 26 49 43 14 18 48 30 7 3 32 39 24 6 11 22 10 31 33 34 17 46 20 16 2 29 45 35 21 15 36 9 12 41 13 47 8 40 5 28 1 27 37 4 19 44 
15 48 32 4 22 41 46 45 36 16 5 26 23 10 19 40 35 13 44 9 17 39 7 42 28 14 12 8 1 6 3 37 18 11 2 27 24 30 49 33 21 38 47 29 31 34 43 25 20 
47 17 34 10 24 44 7 11 20 27 46 37 15 33 28 26 21 5 41 1 2 31 18 19 30 35 29 36 40 12 38 49 4 39 32 9 25 3 22 14 43 23 48 6 13 16 45 8 42 
5 27 31 2 9 6 37 34 4 19 1 44 22 39 48 32 8 30 15 36 20 3 11 21 25 47 49 38 14 43 28 13 17 41 26 10 16 46 45 29 35 42 7 24 12 40 33 23 18 
40 45 36 30 16 18 21 2 25 17 6 42 8 29 49 43 12 7 14 47 3 48 13 41 4 32 26 37 22 24 19 33 20 27 23 15 28 1 34 11 44 31 5 46 35 10 39 38 9 
11 29 20 39 12 14 28 40 31 43 13 38 35 49 27 46 45 42 25 18 33 1 9 10 23 5 15 24 30 16 7 34 44 8 47 32 19 6 48 37 36 4 21 2 22 3 41 26 17 
14 25 47 33 17 5 30 38 41 6 49 35 24 34 37 36 9 40 2 12 26 29 15 48 43 23 27 11 4 28 8 31 32 20 46 42 22 44 1 18 10 16 13 3 21 45 19 7 39 
20 10 26 34 28 37 4 44 12 47 7 5 48 2 18 23 46 27 35 29 42 16 17 14 49 1 41 33 13 19 45 39 36 21 25 11 6 31 9 3 32 8 43 22 15 24 38 40 30 
12 46 45 35 7 22 6 1 13 32 33 17 28 23 8 20 47 14 48 38 21 24 26 44 9 31 3 40 34 10 18 29 42 37 30 5 15 43 2 39 25 19 36 41 49 4 11 27 16 
24 2 3 36 49 31 1 39 14 22 40 15 18 42 6 45 11 28 33 30 19 38 8 25 5 13 32 20 16 48 43 7 12 17 35 46 4 21 29 27 37 41 9 10 44 23 26 34 47 
29 21 43 18 48 8 42 36 19 30 20 9 27 11 44 1 25 16 5 24 15 10 46 45 47 4 39 7 23 40 41 2 6 3 22 35 38 49 26 13 34 12 32 37 33 17 14 28 31 
41 15 9 44 27 38 23 31 29 4 43 45 46 16 10 13 3 34 7 39 32 18 19 35 2 21 37 22 47 33 14 26 49 24 11 30 17 48 28 40 20 36 6 25 8 5 42 1 12 
39 40 16 19 11 13 32 21 26 25 10 8 37 3 4 31 41 49 17 22 43 30 36 6 12 34 28 42 44 27 1 5 38 9 15 47 7 45 14 24 23 33 20 35 2 18 29 48 46 
4 8 17 29 30 34 36 37 48 39 45 1 41 7 38 10 28 47 32 40 6 23 27 2 21 11 22 44 43 5 9 24 35 16 31 18 49 25 12 19 3 20 33 42 26 15 46 13 14 
31 14 41 26 38 28 10 3 2 33 44 34 19 27 16 8 39 43 30 21 11 49 5 12 6 36 45 1 20 22 46 48 47 15 18 4 13 9 42 32 24 17 37 23 40 7 35 29 25 
6 19 11 9 18 45 25 32 23 14 35 31 5 15 17 49 4 46 24 44 29 43 40 47 3 37 42 13 2 34 12 28 7 10 33 1 27 8 41 48 30 26 22 36 16 39 20 21 38 
33 22 40 5 42 24 3 43 38 18 21 13 30 20 15 19 7 31 34 37 25 17 4 26 41 8 10 9 27 1 29 32 39 49 14 16 36 23 35 6 46 11 44 48 45 12 47 2 28 
21 32 49 27 15 1 39 28 10 29 36 16 26 8 20 5 42 22 12 2 45 35 31 34 48 33 46 19 6 11 13 40 25 23 3 38 44 14 43 7 47 37 17 4 30 41 18 9 24 
16 7 37 20 13 12 48 49 42 46 11 47 25 22 3 35 14 1 23 26 9 28 30 18 32 39 24 29 36 44 17 45 41 38 4 40 10 15 33 34 2 21 31 5 19 8 6 43 27 
46 44 23 47 35 43 2 6 24 9 12 4 17 40 33 48 36 18 13 27 41 20 25 38 16 7 14 15 19 26 37 8 21 30 42 31 45 39 5 22 28 29 10 11 1 32 34 3 49 
25 9 27 37 31 7 47 29 35 20 15 19 14 45 32 21 18 4 11 48 46 6 23 1 38 17 13 41 28 36 26 12 30 43 34 22 40 2 39 5 49 24 3 33 42 44 8 16 10 
10 39 14 15 20 30 13 26 9 49 37 48 32 5 22 28 1 12 27 23 8 42 29 46 18 19 31 34 33 38 25 11 45 44 21 3 43 35 16 17 41 47 24 7 4 2 40 6 36 
44 16 42 1 32 11 5 4 7 31 3 41 38 17 26 9 2 25 6 45 24 8 39 30 37 49 33 28 15 35 27 22 14 47 40 36 48 34 13 46 19 10 23 43 20 21 12 18 29 
3 43 4 46 6 19 8 23 1 36 22 2 16 21 31 41 44 33 40 35 47 9 14 15 26 12 25 48 10 37 39 20 13 7 24 45 32 42 27 30 29 18 34 17 28 38 49 5 11 
23 12 28 45 33 21 35 46 40 24 34 11 10 47 30 42 16 3 29 43 38 7 44 36 22 2 4 5 41 17 48 18 19 6 49 25 37 20 8 26 9 14 39 13 32 1 27 31 15 
22 24 38 48 2 26 29 13 44 42 18 27 33 25 34 39 17 20 49 7 36 40 21 3 10 45 43 47 32 8 5 23 1 46 16 28 31 4 11 12 6 15 30 14 37 19 9 35 41 
36 41 18 49 34 40 17 12 39 8 28 30 6 43 13 37 5 15 10 19 14 11 24 32 20 27 35 16 9 4 2 3 31 42 29 7 21 33 23 1 38 44 46 45 25 48 22 47 26 
17 18 5 16 46 9 33 22 3 45 8 40 43 31 36 30 48 23 47 25 10 21 12 13 29 41 2 39 7 49 34 19 11 26 38 20 14 24 4 42 15 28 1 32 6 27 37 44 35 
34 26 48 21 29 15 45 47 49 5 27 18 44 14 9 38 22 39 28 33 7 32 35 37 40 3 11 31 42 41 6 4 24 1 36 13 23 19 17 16 12 25 2 20 43 30 10 46 8 
35 30 8 7 3 27 40 17 33 21 32 46 2 26 42 15 37 45 43 6 13 14 48 16 24 38 19 23 12 20 22 47 29 25 10 49 5 18 36 44 39 1 11 34 9 31 28 41 4 
28 47 10 13 4 2 41 20 11 37 25 24 1 19 29 3 26 8 16 31 49 44 6 7 15 9 5 46 48 39 32 30 43 33 45 34 35 27 21 38 22 40 18 12 17 42 36 14 23 
37 6 39 25 23 32 11 10 28 7 29 36 42 9 2 44 24 19 46 4 12 45 49 20 34 18 1 17 5 14 21 15 16 35 27 41 8 26 30 43 31 3 40 47 38 33 48 22 13 
1 36 24 14 43 20 22 35 30 15 48 12 13 38 21 34 40 41 18 11 5 4 42 27 33 26 47 10 17 23 31 46 8 28 44 6 29 37 32 2 45 9 49 19 3 25 16 39 7 
19 38 12 31 44 42 49 16 6 34 39 23 4 41 35 27 32 17 20 14 1 36 43 22 8 28 30 25 3 2 40 9 37 18 13 48 11 47 46 10 33 7 29 21 5 26 24 15 45 
################proper############## 

 average_time = 357.536364 

 success runs = 1 

 total average iters = 36200670.000000 
