Success!!! 
 
 max_col = 
 49 
 
 run_time = 
 523.130413 
 
 once iters = 
 47672655 
 
38 14 37 30 44 24 17 5 28 40 31 46 16 43 34 19 9 7 13 12 20 4 49 23 26 39 41 27 42 15 36 45 18 11 21 3 35 29 8 33 48 25 32 1 47 2 22 10 6 
12 34 4 29 18 16 25 22 7 6 27 37 36 15 35 31 45 10 1 23 30 46 28 17 42 24 3 9 47 20 38 48 8 39 2 5 32 26 14 41 44 43 21 11 33 13 40 49 19 
33 9 11 41 13 15 7 35 49 12 3 1 23 21 32 18 46 47 29 22 5 48 25 20 2 14 38 10 27 37 17 16 26 43 44 34 40 19 39 6 24 36 28 42 45 8 31 4 30 
49 27 21 28 1 8 5 32 18 47 45 19 14 41 42 16 24 2 36 17 48 34 35 11 22 31 29 13 33 30 6 40 23 4 25 10 20 15 12 37 7 9 39 46 38 3 26 43 44 
48 23 3 43 39 40 19 44 11 26 10 20 2 17 33 25 4 41 14 15 6 36 47 7 30 32 18 8 31 13 5 1 46 28 29 42 21 22 45 49 16 38 12 35 24 9 37 27 34 
31 36 10 22 6 26 46 48 30 33 34 42 25 4 8 37 21 40 49 39 38 1 45 43 19 15 16 44 41 12 35 24 9 32 3 47 13 11 17 28 2 27 5 23 14 18 20 29 7 
32 42 45 47 20 2 35 39 9 13 29 8 38 24 26 43 11 3 44 28 27 33 37 5 12 6 40 21 7 34 14 22 10 49 19 46 1 30 4 31 18 23 16 25 48 15 41 36 17 
21 19 18 23 24 3 30 37 46 22 13 14 10 32 9 42 28 16 31 35 40 45 20 47 11 44 6 36 43 2 27 7 48 25 33 12 4 17 29 1 8 49 34 38 26 5 39 15 41 
27 16 28 37 32 34 20 40 41 36 1 38 15 11 3 26 14 30 12 47 39 10 2 33 7 25 42 24 29 5 22 4 6 8 46 9 45 44 31 23 21 48 43 13 49 17 35 19 18 
43 38 8 5 25 36 2 12 21 49 4 30 29 45 1 20 33 37 11 46 34 3 22 48 15 28 39 40 44 35 24 19 41 17 31 18 16 14 26 13 27 32 47 7 6 10 23 42 9 
11 48 44 49 33 39 26 16 8 5 2 31 42 20 4 24 17 13 45 38 18 32 43 34 23 37 9 29 40 21 10 30 47 1 28 7 19 6 36 35 41 15 46 12 3 27 14 25 22 
1 6 41 31 12 10 22 25 34 23 44 18 3 35 43 48 32 5 2 7 29 17 19 49 21 27 26 30 15 38 16 9 14 13 42 40 39 46 11 47 37 33 36 45 8 28 4 20 24 
35 17 15 14 9 4 42 28 19 24 26 33 47 7 25 6 27 21 41 49 44 13 46 38 18 16 8 12 36 45 39 32 37 3 23 20 34 43 30 22 5 10 29 48 11 1 2 40 31 
40 47 29 46 7 45 13 43 17 39 6 27 48 9 10 15 36 23 8 19 22 41 14 31 1 35 5 4 20 49 18 11 34 26 12 28 25 3 24 38 42 2 37 32 21 44 30 33 16 
24 30 25 39 37 46 27 36 29 9 8 44 18 19 12 2 10 31 33 4 7 26 41 16 28 5 21 15 23 48 40 20 42 38 43 1 3 49 22 34 35 14 11 6 13 32 47 17 45 
28 29 1 36 22 31 4 30 42 41 5 24 33 48 21 11 44 25 40 13 14 43 3 35 27 2 37 6 49 18 19 34 16 47 32 45 17 12 38 9 20 26 15 39 23 46 8 7 10 
34 20 6 26 10 41 47 17 1 43 37 4 13 16 48 39 35 46 23 3 28 40 31 12 29 19 32 14 45 9 30 8 22 15 7 24 2 18 44 27 11 42 38 33 5 36 49 21 25 
13 5 19 7 14 11 48 27 31 2 21 10 49 47 15 9 16 34 38 42 17 8 24 22 25 33 23 45 3 6 26 12 29 36 41 30 43 4 32 39 46 37 35 40 18 20 28 44 1 
17 40 35 44 2 12 16 6 32 38 15 11 34 26 45 5 18 36 27 20 49 42 9 4 48 47 30 46 28 31 1 25 13 33 39 21 8 10 7 29 23 19 14 3 43 22 24 41 37 
42 21 9 15 3 38 23 20 35 45 14 12 39 25 41 22 37 8 32 43 24 44 36 1 13 18 7 49 46 11 2 5 27 10 17 16 33 28 47 40 31 6 30 29 34 48 19 26 4 
18 45 32 33 43 49 8 7 23 46 28 3 40 22 47 30 29 1 19 6 26 38 11 39 34 10 20 17 4 14 37 44 35 21 24 36 41 5 48 25 15 13 2 16 42 31 12 9 27 
47 15 22 16 34 30 31 10 3 21 19 13 24 33 17 45 39 38 7 36 43 18 29 46 14 8 28 35 26 27 41 6 5 42 9 48 44 37 20 4 49 40 23 2 12 25 1 32 11 
2 4 33 45 38 32 1 23 20 25 11 22 6 8 31 27 26 28 35 21 9 15 10 44 24 30 17 19 39 16 46 49 40 48 34 29 5 41 43 7 13 12 3 37 36 42 18 14 47 
8 26 36 10 19 21 9 34 4 30 49 7 12 46 6 13 5 22 18 33 2 16 42 25 40 48 47 1 35 43 44 37 15 14 11 31 23 38 3 24 32 45 20 27 29 41 17 28 39 
25 13 49 3 23 35 24 41 48 27 38 32 43 40 14 44 1 29 34 8 16 20 6 37 5 4 2 39 18 33 28 47 7 12 45 11 10 9 42 30 36 17 22 19 46 26 21 31 15 
29 7 14 18 28 17 37 26 44 15 39 9 31 42 46 3 20 12 24 25 41 27 33 36 45 11 49 43 13 32 21 23 30 19 10 35 6 2 1 8 22 47 48 5 40 4 16 34 38 
46 44 39 48 40 5 12 14 16 29 18 47 37 1 11 10 49 4 42 30 32 23 34 3 31 41 13 26 22 36 8 38 17 2 20 15 27 25 33 19 28 21 24 43 9 45 7 6 35 
41 43 20 6 27 42 11 45 36 35 17 2 5 28 37 23 15 19 48 40 47 12 38 32 9 21 22 7 1 29 25 3 24 31 4 26 14 16 18 46 34 39 10 49 30 33 44 13 8 
26 2 42 38 30 18 29 49 10 3 12 35 21 27 7 4 47 48 6 11 37 28 44 45 17 43 15 32 8 46 13 36 25 34 5 39 31 24 16 20 40 1 9 41 19 14 33 22 23 
37 10 34 9 41 48 33 11 13 32 47 45 8 44 19 14 38 43 46 26 23 22 12 18 39 40 24 20 2 7 31 27 3 35 15 6 29 21 28 17 25 4 42 36 1 30 5 16 49 
36 12 31 17 21 27 45 24 15 7 30 5 1 29 18 8 25 9 39 16 10 6 48 14 35 23 33 3 38 44 49 43 19 40 47 22 37 32 41 42 26 11 13 4 28 34 46 2 20 
6 49 13 4 16 7 40 9 22 19 43 26 41 39 20 12 30 32 17 2 15 25 21 8 47 34 31 5 37 42 29 28 1 45 18 14 36 23 35 48 33 46 27 44 10 24 38 11 3 
14 22 24 1 5 25 44 33 38 42 40 17 20 23 27 34 13 35 28 31 36 19 30 2 37 46 10 41 32 4 11 26 39 16 48 43 49 47 9 3 45 18 7 8 15 29 6 12 21 
3 8 46 19 35 20 39 4 37 14 25 6 28 18 24 1 40 49 22 44 45 7 13 29 16 36 11 42 21 23 9 10 33 41 30 2 38 27 15 5 12 34 17 47 31 43 32 48 26 
23 28 43 32 11 47 15 31 2 34 48 16 46 36 5 41 3 33 21 29 42 49 1 26 4 9 27 38 14 24 12 17 20 22 6 19 7 8 13 10 30 44 45 18 37 39 25 35 40 
44 24 47 40 45 14 49 38 39 37 9 36 4 34 28 29 42 15 26 48 8 21 5 10 6 3 35 31 11 25 32 41 43 23 1 13 12 7 46 2 17 30 19 22 20 16 27 18 33 
19 33 23 13 17 9 41 46 6 18 24 25 35 30 2 36 31 20 3 37 1 47 32 28 38 22 12 11 5 10 4 39 21 7 16 49 48 45 27 43 14 29 26 15 44 40 34 8 42 
5 39 38 21 31 29 43 13 12 8 16 48 7 49 22 46 23 17 9 24 33 14 27 42 41 20 34 37 19 3 15 2 44 18 36 4 26 1 40 11 47 35 25 10 32 6 45 30 28 
30 25 2 12 15 37 36 1 40 28 33 23 44 10 39 47 7 11 43 45 21 24 4 13 46 17 19 18 6 8 34 14 31 27 26 32 22 42 5 16 3 20 49 9 41 35 29 38 48 
7 32 26 35 48 1 18 47 45 11 41 21 19 31 13 40 6 14 5 27 25 2 16 15 8 29 44 33 9 22 20 42 49 30 37 23 28 34 10 36 38 24 4 17 39 12 3 46 43 
22 3 27 42 4 28 10 15 14 20 32 29 26 5 30 38 41 18 16 34 19 39 7 40 43 49 1 25 48 17 45 35 12 46 13 37 9 33 21 44 6 8 31 24 2 23 11 47 36 
20 11 16 8 46 6 34 3 27 17 42 43 22 2 49 32 12 44 4 10 35 30 26 9 36 45 48 23 24 28 47 33 38 29 40 25 15 31 19 18 39 41 1 21 7 37 13 5 14 
10 35 30 27 29 44 38 19 25 1 46 28 9 14 40 21 2 39 15 18 11 5 17 24 49 26 4 34 12 41 42 31 36 6 22 33 47 13 37 45 43 3 8 20 16 7 48 23 32 
45 31 12 24 49 22 6 2 5 4 20 41 32 3 29 28 43 26 47 14 13 37 15 19 44 1 25 16 34 40 48 18 11 9 27 8 42 35 23 21 10 7 33 30 17 38 36 39 46 
15 46 7 25 8 19 28 18 43 10 22 39 17 12 36 33 48 6 30 1 4 9 40 41 3 38 14 47 16 26 23 13 45 24 49 27 11 20 34 32 29 5 44 31 35 21 42 37 2 
16 37 48 11 47 13 21 8 33 44 7 34 27 6 38 49 22 24 20 32 46 29 23 30 10 42 45 2 17 39 43 15 28 5 35 41 18 36 25 14 1 31 40 26 4 19 9 3 12 
9 18 17 34 42 43 3 29 24 48 23 15 11 38 16 35 19 45 37 5 12 31 39 27 32 7 36 28 30 47 33 21 2 20 8 44 46 40 6 26 4 22 41 14 25 49 10 1 13 
4 1 40 20 36 23 14 42 26 16 35 49 45 13 44 7 8 27 10 41 31 11 18 21 33 12 46 48 25 19 3 29 32 37 38 17 30 39 2 15 9 28 6 34 22 47 43 24 5 
39 41 5 2 26 33 32 21 47 31 36 40 30 37 23 17 34 42 25 9 3 35 8 6 20 13 43 22 10 1 7 46 4 44 14 38 24 48 49 12 19 16 18 28 27 11 15 45 29 
################proper############## 

 average_time = 523.130413 

 success runs = 1 

 total average iters = 47672655.000000 
