Success!!! 
 
 max_col = 
 49 
 
 run_time = 
 1841.349648 
 
 once iters = 
 197965216 
 
12 16 21 13 48 19 46 36 47 7 1 9 25 35 44 5 6 34 30 45 23 20 11 22 38 39 2 8 49 3 28 18 4 41 15 14 32 24 17 33 42 10 43 40 26 31 37 27 29 
24 49 25 28 15 26 3 14 23 19 22 32 48 2 1 43 18 29 37 31 21 42 41 9 36 7 6 33 27 34 17 8 10 47 20 39 4 13 38 12 45 40 46 35 44 16 30 5 11 
34 38 44 20 32 23 18 30 45 43 16 42 46 33 41 4 27 26 35 47 2 21 19 40 24 14 31 37 13 25 1 39 5 12 11 8 9 29 36 7 49 15 17 10 6 48 28 22 3 
37 4 27 30 35 8 31 49 39 18 12 26 10 41 11 40 28 25 17 22 32 29 5 48 34 3 43 13 23 45 46 36 42 14 19 1 16 44 2 6 21 47 7 20 9 15 33 38 24 
40 29 14 7 17 1 36 31 20 15 13 44 5 37 24 33 46 19 3 49 42 27 18 35 10 32 47 28 9 38 16 22 6 26 2 43 34 11 25 48 41 30 21 45 8 23 12 39 4 
11 41 42 33 10 47 9 6 40 8 24 27 4 29 13 48 39 38 14 12 15 45 49 46 1 16 26 17 30 7 43 31 44 35 21 3 22 28 20 37 23 5 36 32 25 2 18 34 19 
2 39 6 22 5 43 45 21 11 34 3 17 28 38 36 7 9 16 8 10 20 25 12 15 44 30 23 4 32 40 29 48 37 33 24 31 19 18 46 35 26 27 49 41 42 14 13 1 47 
33 27 12 16 46 42 38 25 41 14 44 30 15 13 9 19 10 3 45 43 48 18 24 31 7 34 4 22 36 28 8 37 21 39 17 11 47 35 1 26 29 6 32 2 23 5 49 40 20 
47 37 29 31 34 21 14 39 2 38 8 10 6 48 27 32 35 46 13 7 49 5 3 16 30 17 20 19 24 18 40 15 23 43 1 4 33 45 44 9 36 42 25 22 28 12 26 11 41 
28 18 48 19 39 15 30 5 1 42 11 7 35 36 2 24 12 8 20 29 14 40 26 47 21 33 49 43 4 6 32 27 46 22 16 10 41 37 31 17 25 23 44 3 34 9 38 45 13 
25 3 17 23 43 11 49 45 31 24 21 33 12 18 15 22 30 37 16 6 28 2 10 38 41 13 29 48 42 9 35 5 26 44 47 32 27 20 39 34 40 8 4 7 36 19 46 14 1 
13 7 26 32 1 5 10 17 37 27 23 29 3 40 34 38 36 4 25 42 41 35 28 44 15 45 9 14 33 11 49 30 2 20 12 46 43 16 19 22 24 21 48 31 47 6 8 18 39 
41 8 20 44 24 36 40 47 4 26 28 22 9 34 5 21 33 1 31 18 11 23 32 39 6 12 46 27 48 10 19 45 13 25 38 7 30 15 3 2 14 49 29 43 16 42 35 37 17 
22 35 4 2 45 9 6 32 49 16 46 43 20 19 26 44 17 39 23 40 47 1 42 37 8 36 25 11 34 31 41 3 14 29 7 12 13 38 5 28 18 48 33 30 15 27 10 24 21 
16 30 31 25 37 28 7 1 17 9 19 39 40 27 43 47 21 42 10 5 26 49 15 11 29 46 22 35 20 41 23 38 18 48 32 36 24 6 45 3 2 12 14 8 13 34 4 44 33 
46 34 18 10 4 14 39 26 24 5 20 38 31 28 40 23 13 41 48 30 19 47 9 21 3 8 17 6 43 22 2 1 16 42 44 33 37 25 15 29 32 7 35 36 45 49 11 12 27 
17 32 2 29 6 3 8 11 13 23 35 48 36 10 33 46 24 18 49 1 16 12 30 14 27 43 7 5 45 26 4 34 31 15 25 21 44 42 40 38 39 22 19 9 41 28 47 20 37 
15 19 47 11 21 44 24 16 32 22 42 3 41 6 17 14 31 12 38 8 37 13 40 33 39 1 18 45 10 36 27 29 35 28 9 26 49 34 43 30 20 4 2 5 7 46 48 25 23 
20 9 5 12 23 40 1 33 7 4 49 45 44 43 29 35 15 28 36 34 6 32 31 42 37 25 10 2 3 47 21 11 19 24 30 27 46 8 13 41 48 14 39 16 18 17 22 26 38 
36 43 35 38 22 41 33 34 15 12 30 21 14 46 25 9 44 7 2 27 45 26 48 19 4 20 24 23 39 49 37 13 17 8 5 28 11 1 47 31 16 18 3 42 10 29 6 32 40 
27 42 45 48 26 49 13 37 18 2 47 25 29 8 3 20 32 22 11 4 39 44 36 34 16 28 41 38 7 46 33 40 12 6 14 17 5 23 35 19 10 9 24 1 31 30 43 21 15 
8 20 11 36 28 2 25 23 43 6 45 5 47 1 46 41 37 27 34 44 29 33 16 13 42 26 3 15 21 35 10 19 40 32 39 48 38 9 14 18 30 24 12 4 17 22 7 49 31 
39 40 34 21 3 16 48 42 19 32 36 31 49 24 18 6 47 45 7 11 22 4 25 27 2 9 1 41 46 14 38 23 43 5 37 15 20 10 12 13 35 17 26 28 30 33 29 8 44 
26 47 1 5 33 30 27 2 29 20 10 16 39 21 19 8 14 23 43 36 25 46 45 18 22 40 35 49 12 15 48 17 24 7 34 44 28 32 4 42 31 11 37 6 38 3 41 13 9 
4 22 43 14 18 29 15 46 8 37 33 41 13 44 49 28 3 17 12 16 35 7 38 36 19 5 30 32 6 20 42 25 11 9 31 47 39 2 26 1 27 45 23 24 48 40 21 10 34 
32 23 10 9 7 12 35 28 30 25 38 34 26 14 48 31 20 13 33 39 4 24 21 8 17 29 11 47 22 2 3 44 49 18 27 37 6 19 16 40 5 41 45 46 1 43 15 36 42 
31 45 41 6 13 46 42 9 3 11 18 15 17 4 38 10 40 24 32 21 5 14 44 12 48 37 34 39 8 29 30 16 28 1 26 49 23 36 22 43 7 33 27 47 2 20 19 35 25 
44 24 38 49 19 17 37 12 27 40 48 35 22 7 42 30 2 15 26 9 1 10 43 23 31 6 28 20 47 13 36 41 45 4 33 34 3 21 29 46 8 25 5 39 14 11 32 16 18 
5 26 3 40 38 18 29 7 34 1 15 19 11 42 37 39 22 44 27 33 24 41 35 43 14 47 12 46 2 48 31 20 36 49 6 25 8 17 23 32 28 13 16 21 4 45 9 30 10 
45 15 13 41 42 27 20 8 35 29 5 6 38 12 31 49 16 43 1 32 10 30 37 25 9 18 44 3 40 17 39 46 22 21 28 19 14 48 33 4 11 26 47 34 24 36 23 2 7 
43 10 24 47 8 22 12 44 21 28 41 46 37 9 35 25 34 11 4 19 13 16 2 17 26 23 48 40 15 32 7 14 27 30 3 38 45 49 42 36 1 20 6 33 39 18 31 29 5 
35 21 30 46 14 25 44 22 33 36 2 23 18 32 45 29 48 40 42 41 17 8 7 4 28 24 39 31 37 16 34 10 38 11 43 6 15 5 9 47 12 3 1 49 20 13 27 19 26 
6 2 7 4 9 34 11 27 14 45 40 20 16 31 47 26 38 30 15 3 8 36 13 5 49 42 32 10 41 1 25 12 33 19 23 29 18 39 21 24 22 35 28 44 43 37 17 46 48 
49 1 37 17 16 48 28 10 26 13 39 24 30 47 14 2 23 36 9 46 18 38 33 6 20 22 19 21 35 5 44 4 29 45 42 41 40 31 7 27 34 43 8 11 32 25 3 15 12 
19 33 32 39 36 31 23 48 25 17 4 49 43 3 21 12 5 6 28 20 7 15 29 1 11 27 45 34 26 24 18 47 9 13 8 16 2 30 37 10 46 44 38 14 22 41 40 42 35 
3 17 8 1 25 4 5 13 46 49 34 2 45 15 6 18 7 9 40 28 31 43 27 26 32 19 38 29 14 23 20 35 47 16 36 30 42 33 48 21 44 37 10 12 11 24 39 41 22 
18 14 49 43 31 13 19 4 5 3 9 47 21 26 22 11 25 32 41 2 36 39 20 24 23 15 33 12 17 8 6 42 30 27 46 35 29 40 10 45 38 1 34 48 37 7 44 28 16 
30 11 23 26 29 38 21 18 6 48 7 36 19 20 10 27 42 33 47 14 3 28 34 49 46 4 37 1 31 44 13 24 25 40 22 2 12 41 32 39 9 16 15 17 35 8 5 43 45 
48 44 16 15 40 24 34 29 28 33 37 12 32 39 30 17 1 49 19 35 43 31 14 45 13 2 21 42 38 4 5 9 41 10 18 22 26 7 8 11 6 46 20 23 27 47 25 3 36 
9 46 28 35 47 37 2 24 44 10 31 1 27 22 16 45 4 5 21 13 38 6 8 30 25 41 36 7 11 39 12 43 32 3 48 23 17 14 18 20 15 34 40 29 19 26 42 33 49 
7 36 33 27 20 39 32 41 42 35 43 14 23 17 12 15 8 48 29 24 34 11 22 10 18 44 40 16 19 21 26 49 1 37 45 13 25 3 28 5 47 31 9 38 46 4 2 6 30 
42 6 22 45 12 10 41 40 38 30 25 11 8 16 39 37 26 20 44 23 46 17 47 3 35 48 5 9 28 33 15 2 7 34 29 24 36 43 27 49 4 19 18 13 21 32 1 31 14 
29 13 40 24 27 35 16 20 9 31 6 4 1 11 28 3 45 2 39 48 44 34 46 32 12 10 14 30 25 37 22 26 8 17 41 18 7 47 49 15 33 38 42 19 5 21 36 23 43 
23 12 46 37 11 6 47 3 22 39 17 18 2 5 8 36 19 21 24 25 30 9 4 20 40 38 16 44 29 27 45 33 48 31 10 42 35 26 41 14 43 32 13 15 49 1 34 7 28 
21 48 39 8 30 33 26 43 16 44 29 37 42 25 7 13 11 35 5 38 40 22 1 28 47 49 15 24 18 19 9 32 20 36 4 45 31 46 34 23 3 2 41 27 12 10 14 17 6 
1 25 15 3 2 45 4 38 36 47 14 28 7 30 32 16 43 31 6 26 12 19 39 41 33 35 13 18 5 42 24 21 34 23 49 9 10 27 11 8 17 29 22 37 40 44 20 48 46 
38 28 9 34 44 7 22 35 10 41 26 13 33 45 23 42 49 47 46 37 27 48 17 29 5 11 8 25 1 43 14 6 15 2 40 20 21 12 30 16 19 36 31 18 3 39 24 4 32 
10 5 36 42 41 20 17 19 48 21 32 8 24 49 4 34 29 14 18 15 9 37 23 7 43 31 27 26 16 12 11 28 3 46 35 40 1 22 6 44 13 39 30 25 33 38 45 47 2 
14 31 19 18 49 32 43 15 12 46 27 40 34 23 20 1 41 10 22 17 33 3 6 2 45 21 42 36 44 30 47 7 39 38 13 5 48 4 24 25 37 28 11 26 29 35 16 9 8 
################proper############## 

 average_time = 1841.349648 

 success runs = 1 

 total average iters = 197965216.000000 
