Success!!! 
 
 max_col = 
 49 
 
 run_time = 
 1111.148785 
 
 once iters = 
 118402188 
 
9 42 4 43 5 23 38 19 32 3 36 26 44 47 12 24 6 48 10 31 13 41 40 16 8 46 35 1 27 37 22 7 28 11 33 21 14 17 2 45 20 29 15 49 25 18 39 30 34 
46 13 20 41 21 36 7 9 25 8 29 11 40 15 42 47 32 27 3 17 2 12 19 30 4 24 14 22 43 18 39 34 49 6 1 33 16 44 35 48 37 28 45 23 10 5 31 38 26 
49 1 17 31 24 18 22 48 37 16 6 27 28 39 35 36 25 38 15 46 30 2 13 10 34 9 45 33 5 44 41 14 26 19 47 32 11 42 23 3 8 12 43 40 29 20 4 21 7 
45 35 6 47 25 30 2 33 12 7 21 49 38 20 39 28 5 26 4 19 29 44 37 23 36 15 32 43 31 3 17 46 42 10 48 9 22 24 18 40 27 34 13 1 16 11 8 14 41 
29 34 39 16 37 19 11 30 31 46 1 41 42 45 44 23 40 33 14 22 43 17 18 3 48 27 5 49 21 13 25 20 35 4 8 26 10 15 6 7 38 47 28 12 36 2 9 24 32 
32 40 10 15 27 28 8 14 13 22 35 23 17 4 18 41 7 45 16 11 34 42 25 21 20 26 29 39 9 38 30 36 24 2 12 49 1 19 31 43 46 5 48 33 44 3 6 37 47 
26 3 44 12 33 48 14 10 5 18 43 24 2 34 1 20 8 9 49 37 21 11 47 31 6 28 7 38 45 23 29 15 40 16 32 4 36 39 30 13 41 25 22 46 35 17 27 19 42 
42 4 24 30 14 43 29 40 11 1 17 21 15 6 27 2 23 41 33 39 7 26 16 49 10 34 36 48 32 12 45 35 22 9 20 38 47 46 19 28 3 18 5 31 13 37 44 8 25 
21 48 47 23 15 38 12 29 27 2 20 39 8 16 9 25 31 36 18 40 19 22 35 44 30 7 3 17 10 33 11 4 6 28 43 45 5 41 13 42 24 37 14 32 1 46 34 26 49 
39 49 27 8 2 10 19 24 30 35 3 31 4 9 34 48 28 32 46 20 37 25 12 1 13 47 15 23 36 29 42 16 5 38 18 44 17 26 40 21 14 7 41 45 33 43 11 22 6 
35 37 13 5 20 26 25 45 28 47 19 22 48 18 8 1 16 14 21 43 6 27 11 33 46 29 4 24 49 7 40 30 23 44 41 12 9 10 36 31 34 32 39 2 38 15 42 17 3 
16 18 28 22 11 3 40 38 44 26 25 46 32 41 13 4 29 47 45 24 10 6 42 37 9 14 20 5 17 1 34 31 21 8 39 48 15 35 33 49 2 43 19 27 30 36 12 7 23 
33 44 1 46 9 7 34 42 10 23 14 43 37 36 38 17 49 3 5 12 11 32 31 41 39 19 28 45 13 25 2 24 48 15 26 8 6 20 22 27 30 4 35 21 40 29 47 16 18 
6 36 45 32 41 31 17 13 49 34 33 5 7 12 26 44 35 22 30 15 42 21 8 43 40 38 18 2 19 14 27 47 3 37 46 1 25 11 16 29 23 39 10 4 28 48 24 9 20 
37 24 2 19 16 47 27 5 23 36 30 45 20 32 40 22 9 4 11 1 48 38 26 28 42 3 25 44 7 8 49 21 39 12 10 31 13 43 34 17 35 14 46 29 6 33 18 41 15 
25 20 30 21 34 12 35 47 6 24 27 29 22 2 33 19 18 13 44 7 3 16 41 46 5 11 39 40 48 15 31 43 1 26 9 37 28 38 10 4 45 36 42 17 14 49 23 32 8 
44 39 48 9 23 33 41 4 46 28 13 15 14 40 32 45 43 34 6 26 5 31 17 35 49 18 27 8 29 42 20 3 2 30 25 11 24 16 47 19 12 21 38 22 7 10 1 36 37 
4 26 40 17 29 1 32 3 19 10 34 37 39 8 49 14 36 16 27 21 24 48 2 7 15 23 43 20 44 47 46 41 38 45 5 42 30 33 9 6 18 22 25 35 12 28 13 31 11 
18 14 8 36 7 15 42 49 17 38 16 33 41 26 10 12 47 31 25 35 28 34 24 22 37 45 1 6 4 11 23 27 32 13 19 29 46 2 20 44 39 40 21 5 9 30 3 48 43 
43 38 11 13 22 49 5 7 18 44 31 35 9 1 37 46 20 30 2 42 23 4 21 29 19 12 10 36 40 17 6 28 14 33 16 41 48 25 8 32 15 3 26 34 39 47 45 27 24 
10 31 3 28 6 45 46 25 21 48 42 12 43 11 41 39 17 15 29 38 8 14 32 9 33 13 30 47 24 34 18 22 36 35 37 23 27 5 7 26 1 49 4 19 2 40 20 44 16 
47 7 34 10 39 25 15 20 24 9 49 6 35 13 48 29 2 19 22 14 32 23 27 40 1 42 11 37 26 28 21 12 44 17 3 5 41 45 4 30 16 38 33 43 31 8 46 18 36 
3 27 19 48 44 14 9 17 38 42 47 32 23 25 16 33 41 7 36 28 39 46 22 12 18 20 8 15 34 2 37 45 30 40 4 43 49 21 26 1 31 13 11 24 5 6 10 35 29 
17 32 49 33 28 5 6 41 1 19 45 7 31 37 24 8 27 21 26 47 40 10 34 48 43 25 13 30 20 36 35 29 18 42 38 22 39 12 46 15 11 2 9 44 4 23 16 3 14 
11 30 37 26 40 13 18 36 43 29 4 8 27 5 17 42 45 23 12 6 31 49 3 38 2 33 24 9 25 16 10 48 15 46 7 47 35 28 44 14 32 19 1 20 41 34 21 39 22 
31 2 46 24 1 21 4 22 40 39 11 34 16 30 3 43 37 10 20 5 35 28 45 26 7 36 44 19 8 6 47 49 41 32 14 18 23 9 48 33 29 27 17 38 15 13 25 42 12 
41 23 42 45 8 35 36 46 26 33 12 2 21 3 30 38 15 18 13 44 1 29 14 6 16 31 17 4 11 43 9 5 19 39 22 25 40 34 37 24 10 20 32 7 47 27 49 28 48 
20 16 38 29 12 22 43 18 48 15 44 28 10 14 4 11 46 49 34 25 9 39 5 47 32 21 41 35 1 27 33 23 13 24 31 17 8 7 3 36 42 6 40 26 37 45 30 2 19 
5 29 23 44 13 37 49 43 8 17 15 47 26 24 25 18 34 2 9 3 20 45 7 39 22 6 46 14 33 30 12 42 31 41 28 36 32 1 38 11 19 10 27 48 21 16 35 4 40 
24 19 7 38 10 42 21 6 2 27 40 20 45 46 47 30 26 37 43 49 44 8 1 11 29 16 9 34 39 4 36 32 17 18 35 14 12 22 15 25 48 31 23 28 3 41 5 13 33 
8 47 18 11 26 9 48 37 22 31 23 10 3 21 7 32 42 24 41 27 36 15 33 4 28 5 19 13 6 45 1 44 20 34 40 35 29 30 39 46 43 16 2 14 49 25 17 12 38 
12 22 43 25 46 40 33 11 4 13 38 36 34 28 45 5 14 39 35 48 15 18 10 17 31 32 21 42 16 19 24 8 27 3 2 7 26 23 49 47 44 41 37 9 20 1 29 6 30 
27 6 35 14 30 20 45 32 9 12 5 19 1 44 11 10 4 28 23 16 17 24 49 36 38 41 37 3 46 48 15 13 43 25 29 40 34 8 42 2 21 33 7 39 18 26 22 47 31 
2 41 15 39 31 34 28 16 29 30 7 18 25 42 6 13 21 8 1 33 38 43 48 20 44 35 40 12 14 22 26 37 47 49 23 3 45 4 27 9 5 17 24 36 11 19 32 10 46 
1 17 36 3 32 4 16 35 39 14 41 48 49 33 46 31 19 12 40 29 22 47 23 27 26 30 2 25 38 10 7 11 9 5 21 20 37 13 28 18 6 24 44 15 8 42 43 34 45 
14 28 26 6 43 46 39 8 3 25 2 16 29 27 21 34 13 35 48 9 49 5 36 18 45 37 23 41 12 20 4 19 7 1 15 10 44 47 24 22 33 11 31 30 42 32 38 40 17 
22 9 41 34 38 11 1 26 7 5 10 4 36 43 19 40 39 46 17 30 33 20 28 42 21 2 49 31 23 35 32 6 37 47 27 16 18 3 25 12 13 48 29 8 45 24 14 15 44 
13 45 25 4 35 16 47 15 20 49 24 40 46 48 23 3 12 29 42 36 18 33 39 32 27 10 38 26 22 21 44 2 11 14 30 19 31 37 17 5 7 8 6 41 34 9 28 43 1 
23 21 33 20 36 8 3 12 14 45 37 44 19 17 5 15 22 1 32 4 27 9 29 13 25 43 34 11 28 39 16 18 46 31 24 30 42 6 41 38 40 26 47 10 48 7 2 49 35 
30 10 32 27 49 2 24 31 42 6 28 9 47 22 43 7 44 11 38 8 26 40 15 19 35 48 12 16 41 5 13 25 33 29 17 34 4 14 45 20 36 1 3 18 46 21 37 23 39 
48 5 31 7 19 17 37 39 34 21 18 1 13 38 20 16 24 6 28 45 41 30 44 14 3 4 47 46 42 26 8 40 10 43 49 15 2 32 29 23 9 35 36 11 22 12 33 25 27 
40 15 12 18 42 29 44 23 33 41 32 30 11 35 14 37 10 25 31 2 47 1 6 24 17 8 22 7 3 9 48 38 45 36 34 28 43 27 21 39 49 46 16 13 19 4 26 20 5 
34 46 21 37 4 32 23 28 36 11 39 25 30 49 2 26 48 5 47 13 45 3 43 8 14 40 42 10 15 41 38 1 29 27 6 24 7 18 12 35 22 44 20 16 17 31 19 33 9 
15 11 5 40 18 41 26 34 35 32 48 3 6 31 22 9 33 43 37 23 46 19 38 2 12 1 16 21 47 24 28 10 4 7 45 39 20 49 14 8 17 42 30 25 27 44 36 29 13 
28 12 9 2 3 44 10 1 16 43 22 13 18 7 15 6 38 40 19 34 25 36 20 5 24 39 31 27 30 32 14 17 8 21 42 46 33 29 11 41 47 23 49 37 26 35 48 45 4 
7 25 14 1 45 6 31 21 41 20 8 42 24 23 36 27 3 17 39 10 4 35 46 34 11 44 33 29 18 49 19 9 16 48 13 2 38 40 32 37 26 30 12 47 43 22 15 5 28 
38 8 22 35 48 27 30 2 15 40 46 14 12 19 29 49 1 20 24 41 16 13 4 45 47 17 26 28 37 31 5 33 34 23 44 6 3 36 43 10 25 9 18 42 32 39 7 11 21 
19 33 16 49 47 39 13 44 45 4 9 17 5 29 31 35 11 42 7 32 14 37 30 25 23 22 6 18 2 40 43 26 12 20 36 27 21 48 1 34 28 15 8 3 24 38 41 46 10 
36 43 29 42 17 24 20 27 47 37 26 38 33 10 28 21 30 44 8 18 12 7 9 15 41 49 48 32 35 46 3 39 25 22 11 13 19 31 5 16 4 45 34 6 23 14 40 1 2 
################proper############## 

 average_time = 1111.148785 

 success runs = 1 

 total average iters = 118402188.000000 
