Success!!! 
 
 max_col = 
 49 
 
 run_time = 
 631.040171 
 
 once iters = 
 68435509 
 
23 45 48 46 33 2 15 8 26 31 41 24 37 35 17 20 34 40 42 22 5 13 27 47 19 28 38 3 44 21 14 43 39 12 32 10 30 9 16 4 29 36 6 7 1 18 49 25 11 
7 28 31 18 8 16 40 32 4 44 46 20 47 34 13 49 19 10 25 23 2 17 26 30 45 22 29 12 11 36 9 33 5 3 6 15 39 37 21 27 14 1 41 42 43 24 38 35 48 
26 12 37 21 34 6 32 1 3 15 43 22 18 30 47 36 16 39 4 9 38 20 40 49 25 8 33 10 28 42 7 48 17 13 24 11 44 35 41 5 31 45 14 23 29 46 27 19 2 
24 41 43 47 25 5 38 16 10 29 23 49 21 19 3 15 11 32 48 14 7 34 9 44 31 6 46 36 20 2 37 1 35 30 27 18 28 42 8 26 22 17 4 33 45 12 13 40 39 
22 44 17 39 27 42 49 11 33 12 25 38 36 9 37 8 31 6 43 29 1 14 2 21 48 24 35 16 45 46 18 41 15 4 34 20 23 13 7 19 47 40 10 3 26 30 5 28 32 
29 13 30 36 3 11 9 39 45 7 5 17 2 14 44 28 35 12 18 27 26 1 23 4 42 37 41 32 10 40 25 19 49 38 47 43 6 33 46 24 34 48 21 22 31 20 8 15 16 
4 20 35 14 1 19 10 13 40 28 48 6 42 27 21 41 24 30 45 46 33 18 7 15 39 5 11 43 22 29 31 16 23 26 8 25 49 2 12 3 38 32 9 36 37 34 44 47 17 
5 23 8 15 26 30 19 31 17 2 1 12 13 36 39 25 7 20 49 24 16 6 22 14 28 9 3 21 40 41 35 38 27 10 4 37 34 18 11 47 44 42 33 45 46 48 43 32 29 
3 49 22 31 43 40 14 44 25 45 18 21 19 39 33 9 38 5 1 41 29 8 36 48 47 15 32 4 16 26 24 28 34 46 13 30 2 7 17 10 20 35 42 12 11 23 37 27 6 
1 16 28 38 2 4 35 34 15 10 20 5 27 49 6 19 40 23 37 8 21 24 25 43 46 17 18 30 32 47 39 9 42 11 14 48 41 29 33 45 12 3 44 26 13 31 36 22 7 
41 29 47 13 9 12 20 48 28 6 37 14 11 22 46 35 26 44 2 3 32 5 42 27 33 45 19 23 31 18 21 7 43 25 30 24 40 36 4 38 39 49 16 17 34 1 15 8 10 
36 21 18 37 39 34 42 41 43 3 35 32 33 38 27 48 13 17 47 45 22 7 16 10 11 40 2 1 15 44 12 49 19 29 23 46 26 8 25 6 5 31 30 20 24 28 4 14 9 
46 25 44 10 24 7 27 47 8 4 9 30 40 16 36 12 42 34 11 28 15 26 29 20 37 31 49 38 48 3 17 6 45 5 33 14 13 22 23 1 32 43 39 2 19 41 21 18 35 
48 32 6 45 11 17 33 23 42 24 26 7 29 46 10 18 4 43 14 31 30 44 35 12 34 41 39 13 37 1 2 8 22 36 20 9 19 15 28 21 27 16 3 40 38 47 25 5 49 
20 48 34 28 41 23 46 24 6 30 39 13 1 11 25 31 45 47 16 7 9 49 8 35 14 12 36 22 38 19 10 37 29 42 40 17 18 3 5 15 43 33 32 4 27 44 2 21 26 
39 9 21 12 30 1 29 17 27 48 2 23 16 3 35 44 33 36 32 38 49 37 28 46 24 26 25 47 34 8 4 11 18 43 15 22 20 19 45 14 42 10 7 41 5 40 6 13 31 
18 24 45 6 16 8 4 22 36 33 21 40 15 43 23 11 29 13 26 39 10 19 3 5 20 2 7 31 9 28 27 46 47 32 49 41 48 38 44 37 1 12 25 35 42 14 34 17 30 
25 35 42 40 38 36 3 46 20 5 34 29 8 28 41 4 6 37 17 30 24 45 11 18 44 10 21 27 1 14 13 26 12 2 22 23 31 39 32 9 49 7 15 16 48 43 19 33 47 
17 47 11 19 32 49 43 9 38 26 31 18 25 44 22 5 8 14 46 12 42 41 33 34 15 13 16 39 7 20 45 24 48 21 35 36 27 30 40 2 4 6 37 1 23 3 10 29 28 
10 27 2 5 31 37 13 7 14 49 12 35 32 4 15 21 3 1 34 20 19 42 17 23 29 43 48 40 6 33 30 44 16 41 36 47 8 25 26 11 24 28 18 39 22 45 46 9 38 
33 26 15 7 22 14 44 42 41 19 10 47 45 37 43 2 28 48 40 18 27 4 1 38 32 30 6 9 17 23 5 25 31 39 3 35 46 21 29 13 16 34 8 11 36 49 12 20 24 
43 46 38 1 48 32 34 49 18 23 33 31 44 10 19 16 36 7 41 11 8 28 13 3 17 14 26 25 21 6 29 30 2 22 5 40 4 27 24 42 45 37 20 15 47 9 35 39 12 
12 31 13 11 23 25 8 6 29 14 45 34 35 5 26 46 43 2 24 37 17 27 39 22 9 49 4 20 19 38 3 18 1 7 28 32 33 16 15 44 21 47 36 30 41 10 48 42 40 
30 3 14 27 29 10 24 4 9 8 22 28 41 1 48 23 44 38 15 13 20 2 18 45 21 47 42 34 25 32 43 12 26 40 17 6 35 46 39 7 36 5 31 49 33 11 16 37 19 
49 19 16 2 44 33 17 21 30 40 47 15 43 20 45 27 5 4 31 10 34 12 37 24 6 32 1 35 36 48 8 42 41 9 39 28 22 11 13 25 23 29 46 14 7 26 3 38 18 
42 4 40 20 18 39 21 25 37 17 11 27 7 13 32 14 9 28 33 47 3 38 46 36 23 16 8 15 24 31 49 34 10 35 44 26 12 48 1 30 41 19 2 5 6 22 29 43 45 
45 7 5 26 6 35 47 3 2 36 38 42 12 48 1 39 22 25 30 40 18 33 41 11 10 19 43 29 13 37 23 20 46 15 16 34 17 14 31 49 8 9 27 24 21 32 28 4 44 
15 37 9 41 36 28 22 19 46 32 24 16 39 26 12 42 21 29 35 49 6 48 31 40 30 44 5 7 47 45 33 27 4 14 11 3 38 20 43 18 10 2 17 8 25 13 1 23 34 
2 15 27 32 28 43 37 10 47 21 8 46 48 12 4 26 18 42 29 33 39 11 19 17 35 34 13 6 41 24 22 3 36 44 31 45 9 23 49 40 30 38 5 25 14 7 20 16 1 
21 34 3 42 17 24 12 35 31 18 29 44 20 23 49 1 47 27 10 19 37 16 30 28 43 36 22 5 46 9 11 14 6 8 7 13 25 41 2 32 48 4 26 38 15 39 40 45 33 
19 39 29 35 14 44 23 30 7 25 4 33 22 2 34 43 41 21 13 16 12 15 20 9 49 46 31 8 42 27 40 45 38 1 18 5 10 24 47 17 3 26 11 48 28 36 32 6 37 
13 10 46 30 40 26 25 38 32 1 16 36 24 41 5 6 14 9 7 35 28 39 45 29 12 42 44 2 23 49 15 21 20 48 37 33 11 43 22 8 19 18 34 27 4 17 47 31 3 
6 36 33 4 47 31 48 14 11 37 3 43 5 17 24 22 30 45 20 15 40 32 38 41 7 21 23 18 26 39 28 13 25 34 2 1 16 44 42 29 35 27 12 10 49 19 9 46 8 
38 1 20 16 5 9 11 26 49 39 15 45 34 42 31 32 17 46 8 2 25 40 24 33 27 3 37 48 4 35 47 10 30 19 43 21 36 12 6 28 7 14 23 44 18 29 22 41 13 
8 18 49 22 7 45 41 27 13 9 6 19 28 40 11 38 23 3 36 44 48 47 10 25 4 1 14 26 12 16 32 5 33 17 29 39 37 31 20 34 46 15 35 43 2 21 30 24 42 
9 38 10 23 19 47 26 43 44 16 40 2 30 21 14 45 25 15 12 5 13 35 48 37 36 39 24 17 33 4 20 29 7 6 41 49 42 1 3 46 18 8 28 34 32 27 31 11 22 
16 2 32 49 21 18 30 45 19 42 17 11 38 47 7 3 48 8 22 6 43 46 34 1 41 20 27 33 39 25 36 31 14 37 12 29 15 28 35 23 26 13 40 9 44 5 24 10 4 
11 42 12 8 4 3 5 18 23 27 14 37 31 25 2 30 20 35 21 1 36 22 47 13 40 29 28 19 49 34 44 32 24 45 46 16 43 10 38 41 9 39 48 6 17 33 7 26 15 
37 17 39 44 13 48 45 12 1 20 36 9 4 7 29 33 46 18 38 34 41 3 5 8 2 23 15 49 27 10 42 40 11 28 26 31 24 32 19 22 6 21 43 47 35 16 14 30 25 
34 6 24 33 46 20 7 5 39 22 28 41 49 8 9 40 10 16 23 26 31 25 43 32 18 4 12 45 30 15 1 35 13 47 38 44 14 17 27 48 37 11 29 19 3 2 42 36 21 
14 43 1 25 15 27 31 33 24 35 32 26 46 29 28 47 49 19 44 17 4 10 6 42 16 38 30 11 3 5 48 22 21 23 9 2 7 45 34 36 40 20 13 37 39 8 18 12 41 
40 22 36 29 35 41 28 15 48 34 13 3 10 6 42 37 27 24 39 32 11 21 44 31 26 7 9 14 43 17 16 2 8 18 19 4 5 47 30 12 33 25 1 46 20 38 45 49 23 
28 40 25 24 42 22 6 36 16 41 49 1 3 32 30 17 15 31 9 4 47 43 14 19 8 48 20 44 2 12 26 39 37 27 45 7 29 5 18 33 13 23 38 21 10 35 11 34 46 
31 5 19 3 20 21 18 37 34 43 44 25 17 33 38 10 12 49 28 42 35 30 32 6 13 11 47 41 14 7 46 4 40 16 1 8 45 26 36 39 2 22 24 29 9 15 23 48 27 
27 8 26 17 49 13 2 40 35 47 42 39 6 15 16 24 32 22 19 48 23 29 21 7 1 18 34 46 5 11 41 36 9 31 10 38 3 4 14 43 25 30 45 28 12 37 33 44 20 
47 14 4 9 45 38 1 2 21 11 27 10 23 31 18 29 37 41 3 25 46 36 12 26 5 35 40 28 8 30 34 15 44 33 42 19 32 49 48 20 17 24 22 13 16 6 39 7 43 
44 30 23 48 12 15 36 28 22 38 7 8 26 45 20 34 39 33 27 43 14 31 49 16 3 25 10 37 29 13 19 17 32 24 21 42 1 6 9 35 11 46 47 18 40 4 41 2 5 
32 33 41 34 37 46 39 29 5 13 19 48 14 18 8 7 1 11 6 21 45 9 4 2 22 27 17 24 35 43 38 23 28 20 25 12 47 40 10 16 15 44 49 31 30 42 26 3 36 
35 11 7 43 10 29 16 20 12 46 30 4 9 24 40 13 2 26 5 36 44 23 15 39 38 33 45 42 18 22 6 47 3 49 48 27 21 34 37 31 28 41 19 32 8 25 17 1 14 
################proper############## 

 average_time = 631.040171 

 success runs = 1 

 total average iters = 68435509.000000 
