Success!!! 
 
 max_col = 
 49 
 
 run_time = 
 60.371464 
 
 once iters = 
 5353987 
 
9 15 12 28 4 48 39 1 31 20 30 29 7 3 36 47 8 34 2 37 21 35 17 11 23 42 46 14 13 5 38 18 6 45 22 33 41 10 32 24 16 49 25 26 44 40 27 43 19 
47 11 2 25 29 49 1 14 23 45 46 41 36 48 35 43 18 38 4 22 12 44 31 21 34 26 13 24 16 27 7 40 19 42 8 5 37 20 30 9 15 28 17 32 6 39 3 10 33 
16 14 17 23 19 36 40 39 9 2 42 26 24 43 25 29 6 48 33 7 5 49 3 8 32 10 1 20 15 21 31 37 44 11 30 35 46 47 27 4 22 38 13 41 28 34 18 45 12 
24 26 37 46 38 10 31 34 22 33 5 16 44 32 14 1 42 49 20 41 11 27 25 7 47 45 12 4 9 23 28 29 17 35 3 6 43 18 39 13 40 19 21 36 48 8 15 2 30 
18 32 7 20 5 22 33 13 40 21 35 12 8 49 46 30 44 19 27 16 10 6 15 29 28 38 37 48 25 47 43 41 39 1 36 26 23 2 17 3 34 45 31 9 4 14 42 11 24 
35 45 6 43 21 41 27 37 4 47 19 15 25 18 24 3 31 17 28 26 13 22 9 2 40 39 33 30 46 12 48 10 20 34 32 42 14 29 11 8 44 36 38 7 49 23 5 1 16 
44 42 8 34 13 3 30 10 11 27 38 17 6 28 9 45 15 23 39 40 32 16 36 5 18 19 43 41 4 24 49 2 33 26 14 48 7 1 12 25 31 21 29 35 37 20 22 47 46 
49 30 9 48 20 46 12 18 19 44 6 7 4 29 23 16 1 21 42 35 2 8 22 36 24 47 39 25 37 41 27 5 34 15 45 31 38 13 28 40 26 17 3 10 14 11 43 33 32 
14 44 45 26 42 40 29 8 21 12 37 22 30 20 38 49 17 31 5 32 3 9 35 48 41 2 34 33 18 7 6 23 1 36 46 11 10 25 16 43 47 15 19 13 39 28 4 24 27 
27 41 25 15 6 4 19 17 46 13 49 2 11 1 22 37 10 8 34 24 18 30 21 45 42 43 44 5 39 35 12 48 9 31 28 14 3 32 7 33 29 23 26 47 20 36 16 38 40 
10 17 43 11 31 39 22 38 16 42 45 23 27 36 20 4 33 40 26 15 9 28 1 19 49 6 32 29 14 8 24 3 13 21 47 41 34 35 48 5 2 37 30 46 25 18 12 44 7 
32 5 13 2 18 47 28 40 3 10 24 43 35 31 41 14 36 39 30 19 7 12 27 17 16 15 38 46 26 33 25 4 11 20 49 44 42 45 1 6 8 22 37 23 21 29 9 34 48 
21 8 35 37 23 1 7 33 32 28 34 5 47 25 29 11 45 43 48 12 27 14 10 3 26 40 4 13 38 2 19 30 16 17 44 46 36 9 20 18 24 39 6 42 41 31 49 22 15 
36 33 38 16 34 24 3 15 41 39 48 9 14 26 28 25 13 6 44 46 47 7 11 37 20 23 18 31 10 22 32 42 29 40 43 27 49 19 21 30 12 4 8 1 45 5 2 35 17 
29 24 39 33 11 2 43 45 30 38 26 28 15 8 6 10 34 13 47 25 4 31 40 16 48 7 21 18 36 19 5 17 22 23 9 49 27 14 3 37 32 20 35 12 1 46 41 42 44 
3 12 19 10 8 44 13 2 1 32 14 37 9 5 18 15 39 16 35 20 31 47 43 4 30 11 25 23 27 28 34 46 41 29 38 40 45 33 26 42 17 7 36 22 24 48 6 21 49 
23 22 48 4 35 5 15 3 18 17 29 25 31 12 8 36 30 7 37 49 19 38 41 20 1 33 45 27 6 10 42 14 40 39 13 43 21 34 24 44 46 16 32 2 47 9 11 26 28 
38 36 14 31 7 6 26 46 20 40 22 49 48 34 45 12 2 32 41 44 17 37 5 42 29 9 3 15 8 11 47 16 35 24 21 1 13 30 23 19 28 18 43 39 27 25 33 4 10 
45 34 32 40 30 27 25 7 36 19 44 4 41 33 1 23 46 5 21 14 42 24 28 26 17 13 10 6 43 49 37 12 2 48 31 47 11 39 8 22 35 9 20 18 3 16 29 15 38 
42 37 18 21 1 20 16 27 39 43 47 35 13 10 3 48 24 28 11 9 40 34 44 22 46 49 19 2 33 15 4 45 32 25 26 12 29 41 38 36 5 6 7 8 23 17 30 14 31 
17 28 46 47 41 9 49 6 24 11 23 21 42 16 33 26 43 22 29 27 38 39 32 35 8 12 14 36 44 1 18 7 3 30 20 4 2 15 25 31 10 48 40 34 13 19 45 37 5 
8 10 27 38 25 16 48 20 43 14 7 46 17 45 2 24 49 26 9 13 6 40 42 12 19 30 15 3 31 44 29 22 23 37 35 36 47 4 18 41 33 34 28 5 32 1 21 39 11 
20 23 24 6 28 11 5 22 48 41 1 38 37 13 15 40 7 12 31 33 36 17 16 10 2 4 8 32 42 34 45 25 26 14 27 21 9 46 35 39 3 30 44 43 29 49 19 18 47 
4 18 40 45 39 19 46 36 42 34 25 8 32 44 37 20 3 29 23 10 16 13 26 9 35 24 41 11 21 30 15 47 43 28 1 38 48 5 49 17 14 12 33 27 2 7 31 6 22 
12 7 41 36 49 15 2 30 33 5 31 24 3 21 44 8 19 47 25 42 22 18 46 43 27 1 23 28 32 4 17 9 48 6 39 29 16 11 45 26 20 13 14 37 35 10 38 40 34 
31 13 22 44 37 43 34 16 28 23 11 6 10 47 4 17 21 27 18 1 35 48 39 33 7 14 29 49 5 3 46 20 38 2 41 15 19 8 40 32 25 42 45 24 9 12 36 30 26 
33 35 3 9 17 14 21 26 15 29 12 19 40 4 43 38 5 30 32 39 28 36 20 34 22 31 47 45 49 18 13 8 24 7 11 37 1 44 10 2 6 27 46 48 16 41 23 25 42 
30 47 29 1 26 42 32 49 2 35 39 27 18 9 11 34 41 46 45 48 14 25 38 6 37 21 5 44 19 40 36 33 12 16 10 22 31 28 43 7 23 24 4 3 17 15 8 20 13 
46 40 49 30 10 18 47 41 44 48 43 31 20 17 12 21 26 36 1 11 15 32 8 27 25 29 35 19 34 6 39 28 4 38 23 2 22 16 5 14 9 33 24 45 42 37 13 7 3 
43 20 26 17 3 8 35 11 34 9 27 45 19 42 32 18 28 2 24 6 48 10 14 40 44 5 49 22 29 37 1 21 46 33 25 13 15 7 36 12 4 47 16 38 31 30 39 41 23 
6 2 1 39 32 28 14 24 7 8 15 40 23 37 19 27 25 10 13 47 29 3 4 30 33 34 9 17 35 42 41 49 31 5 16 45 18 26 44 20 38 11 48 21 22 43 46 12 36 
25 27 15 19 24 29 44 35 6 46 36 1 21 22 49 5 9 3 43 4 41 42 45 47 38 16 7 12 11 48 20 13 30 8 18 28 32 31 37 23 39 40 34 33 10 2 26 17 14 
41 9 34 5 48 31 42 12 13 3 18 14 28 38 16 7 35 33 40 30 23 11 6 46 39 37 20 21 24 36 44 26 45 22 2 17 25 49 29 10 1 43 15 19 8 27 47 32 4 
37 38 11 22 36 33 23 32 49 4 16 10 5 39 31 44 20 45 8 17 34 41 13 24 15 48 2 26 12 14 9 43 47 27 7 3 30 21 19 35 42 46 18 25 40 6 1 28 29 
7 21 16 13 12 45 4 29 47 25 2 33 26 30 42 39 22 37 14 38 46 1 18 23 31 36 28 43 40 32 3 19 15 10 17 8 24 6 34 48 27 41 49 20 11 35 44 5 9 
34 29 47 42 16 17 45 48 8 18 32 39 49 7 26 13 40 24 46 21 1 5 19 15 9 25 6 38 3 31 23 27 10 41 37 20 33 43 22 28 11 35 12 44 30 4 14 36 2 
26 1 4 24 2 12 41 28 14 30 9 11 38 15 47 22 48 35 10 43 45 20 37 18 36 8 40 16 7 39 33 32 42 49 34 25 6 23 31 46 19 44 27 29 5 3 17 13 21 
19 31 23 7 44 35 38 47 10 16 41 42 43 27 34 32 37 14 36 5 33 2 48 49 12 28 24 39 30 17 40 15 18 13 6 9 26 3 4 45 21 29 1 11 46 22 25 8 20 
15 6 5 3 33 21 9 44 29 37 17 36 2 40 27 28 11 25 16 18 20 4 34 32 13 46 42 1 22 45 35 24 8 19 48 30 39 12 41 49 7 14 47 31 38 26 10 23 43 
11 48 20 49 40 25 36 19 5 26 4 3 22 35 39 9 12 41 38 8 44 21 23 31 45 27 30 7 47 43 14 1 28 46 29 10 17 24 13 15 37 2 42 6 33 32 34 16 18 
13 39 28 18 27 32 8 23 12 1 21 20 45 46 17 6 29 42 19 31 30 26 33 14 43 3 22 10 2 9 11 38 25 44 4 34 40 48 47 16 36 5 41 15 7 24 35 49 37 
22 46 30 14 43 37 10 31 25 6 13 34 33 24 7 2 23 4 15 3 49 29 47 44 11 41 17 35 20 16 26 36 21 12 5 32 8 38 42 27 18 1 9 28 19 45 40 48 39 
40 49 42 27 45 30 37 43 38 31 3 44 1 41 10 19 16 15 17 2 25 23 29 13 14 18 26 9 28 20 22 39 5 32 33 7 12 36 6 21 48 8 11 4 34 47 24 46 35 
2 19 36 12 22 38 18 21 27 49 33 32 46 14 5 41 47 1 6 45 24 15 7 28 4 20 11 8 23 13 16 31 37 3 42 39 35 40 9 34 30 26 10 17 43 44 48 29 25 
48 4 33 29 47 34 20 5 26 24 10 13 16 6 30 46 27 9 22 28 39 43 49 41 3 35 31 42 17 25 8 11 36 18 15 23 44 37 14 38 45 32 2 40 12 21 7 19 1 
39 25 31 41 9 7 17 42 45 15 28 47 34 23 21 35 32 11 12 29 37 46 2 38 10 44 36 40 48 26 30 6 14 43 19 24 4 22 33 1 49 3 5 16 18 13 20 27 8 
28 43 21 35 15 13 6 9 37 36 40 30 29 11 48 31 14 18 7 23 8 33 12 39 5 17 16 34 1 46 10 44 27 4 24 19 20 42 2 47 41 25 22 49 26 38 32 3 45 
5 16 44 32 14 23 11 25 35 7 8 48 12 19 13 33 4 20 3 36 26 45 24 1 21 22 27 47 41 38 2 34 49 9 40 18 28 17 46 29 43 10 39 30 15 42 37 31 6 
1 3 10 8 46 26 24 4 17 22 20 18 39 2 40 42 38 44 49 34 43 19 30 25 6 32 48 37 45 29 21 35 7 47 12 16 5 27 15 11 13 31 23 14 36 33 28 9 41 
################proper############## 

 average_time = 60.371464 

 success runs = 1 

 total average iters = 5353987.000000 
