Success!!! 
 
 max_col = 
 49 
 
 run_time = 
 904.933436 
 
 once iters = 
 89582872 
 
4 21 26 45 25 49 48 39 43 8 27 31 40 17 46 7 41 42 44 9 38 14 19 15 13 36 47 23 16 32 20 35 37 5 3 2 18 24 29 1 12 22 6 30 11 34 10 33 28 
32 24 2 38 1 16 37 9 46 5 33 3 28 20 13 4 27 19 47 23 12 40 26 41 44 48 17 34 6 14 18 7 22 30 43 21 49 10 31 45 15 11 35 36 8 25 39 29 42 
9 47 35 28 14 41 31 48 19 34 10 21 36 15 6 49 17 30 25 22 33 5 32 24 18 29 8 39 42 13 2 11 23 1 27 43 37 46 38 26 7 40 44 3 45 20 4 16 12 
23 11 3 7 33 29 34 47 41 25 18 22 42 12 5 10 14 48 15 36 43 2 35 30 28 37 45 31 40 21 46 49 8 4 39 16 44 6 9 32 27 20 19 13 17 38 24 26 1 
5 43 40 39 12 30 15 32 44 2 38 26 13 6 28 37 3 16 21 45 1 49 25 9 22 46 20 11 29 24 10 33 36 19 17 4 48 8 14 35 42 34 23 41 18 7 27 31 47 
36 6 27 18 22 13 8 23 4 14 7 37 24 30 11 35 2 29 20 26 39 42 12 38 16 1 10 33 31 48 15 34 44 41 45 25 3 47 17 19 28 5 9 43 32 49 21 40 46 
17 46 19 10 42 20 44 49 1 11 45 16 35 29 8 18 31 32 40 24 34 3 6 4 43 27 7 21 9 38 47 26 25 12 28 41 30 39 33 23 13 36 5 48 14 22 37 2 15 
37 9 48 19 15 31 42 12 13 28 1 41 29 5 2 40 32 17 45 3 6 8 20 35 4 11 39 25 49 34 30 24 10 46 26 33 43 38 21 18 22 27 16 14 7 36 47 23 44 
1 14 34 25 18 26 16 43 9 20 37 38 2 10 33 47 4 15 31 29 23 12 36 42 3 21 49 13 41 22 35 28 39 7 32 6 11 5 44 46 40 48 27 45 24 19 30 8 17 
41 32 43 30 24 12 23 36 39 48 17 11 4 7 37 44 26 27 49 34 8 46 31 18 47 40 2 16 20 29 13 19 3 21 14 28 45 35 1 10 25 9 38 5 33 15 42 22 6 
29 5 7 4 38 22 27 42 21 33 40 25 49 35 1 30 10 43 16 20 13 28 44 48 17 9 6 14 11 47 36 37 45 23 31 24 19 2 15 34 8 26 46 18 12 32 3 41 39 
6 49 13 40 21 36 10 45 16 27 26 15 30 3 35 38 9 46 19 14 24 23 41 22 37 33 5 1 44 42 4 18 2 17 8 39 12 7 32 47 20 29 34 25 43 28 11 48 31 
46 45 28 44 8 33 17 24 32 31 23 47 14 34 22 5 48 18 39 25 11 27 7 26 19 30 43 10 15 40 16 6 9 38 12 36 42 49 41 37 3 4 1 29 20 21 2 13 35 
39 2 20 35 47 3 11 22 18 19 8 6 46 44 41 28 21 7 36 12 42 32 24 29 38 34 15 45 27 5 43 25 48 33 1 31 23 17 13 14 16 30 37 4 9 40 26 10 49 
10 34 12 8 16 9 32 1 25 30 2 45 31 48 42 36 11 47 13 35 40 6 43 39 24 28 19 22 7 27 3 41 26 29 44 5 14 20 37 38 4 18 17 15 46 23 33 49 21 
42 19 41 29 17 44 6 37 38 40 9 43 21 13 48 32 28 23 2 33 10 30 46 45 8 7 4 15 34 16 22 20 35 31 25 3 47 12 27 49 39 24 26 11 36 5 14 1 18 
15 25 24 13 5 27 22 3 35 36 28 49 11 19 20 41 7 4 1 39 14 31 16 37 29 44 34 47 46 18 21 2 17 43 48 42 26 45 23 9 10 33 8 40 30 6 38 12 32 
11 3 33 43 48 4 14 15 20 39 34 32 23 18 27 21 29 31 8 38 44 17 5 13 10 26 12 40 30 1 49 9 28 24 47 46 7 36 25 6 41 19 22 37 2 45 35 42 16 
28 39 46 36 49 47 18 7 10 17 14 8 33 16 9 34 30 12 6 5 26 25 2 21 35 42 3 20 45 19 23 15 38 32 37 1 40 11 48 22 29 43 41 24 31 44 13 27 4 
20 1 21 31 37 38 26 44 27 12 4 29 5 24 17 22 45 25 43 46 16 9 18 33 23 41 36 49 10 11 39 40 6 14 42 32 35 13 8 15 30 2 47 19 3 48 28 7 34 
45 7 30 2 23 40 35 26 6 22 47 42 41 46 15 3 18 24 37 19 49 1 27 14 11 38 32 48 5 8 33 36 12 13 4 34 17 44 28 16 21 31 20 10 39 29 9 25 43 
27 41 44 17 20 14 13 6 26 24 16 34 48 22 4 19 35 49 29 15 3 11 28 32 12 5 33 46 37 23 9 30 18 10 21 40 8 43 2 31 38 25 39 47 42 1 7 36 45 
2 26 8 15 40 24 43 27 37 23 25 39 20 1 14 6 12 45 30 48 22 21 10 19 31 3 13 4 47 7 41 44 46 42 5 35 36 9 34 17 49 16 29 38 28 18 32 11 33 
34 23 18 33 31 11 3 35 36 21 41 2 43 38 10 39 47 44 42 37 7 22 29 49 9 17 16 6 32 28 1 45 4 25 13 15 24 27 19 30 48 46 40 8 5 14 12 20 26 
7 12 4 21 45 37 46 28 8 10 29 14 19 33 32 9 1 38 27 40 31 39 15 36 34 25 35 2 22 26 24 43 49 3 6 20 5 18 47 44 11 42 13 23 41 16 17 30 48 
47 29 42 49 6 1 36 17 7 9 32 46 44 11 16 2 20 5 33 18 41 24 30 27 40 14 48 26 12 39 38 31 15 8 34 23 22 28 4 13 37 45 43 21 35 3 25 19 10 
35 10 38 48 30 25 39 5 42 15 31 18 45 49 34 13 24 36 17 21 28 37 8 47 7 43 23 41 33 20 11 27 16 40 19 29 32 14 3 12 26 1 4 46 6 2 22 44 9 
16 28 22 32 19 5 9 13 12 47 30 4 3 40 23 46 43 8 26 11 25 20 38 1 45 18 44 42 36 17 48 29 14 2 35 7 41 21 6 39 33 10 49 27 34 37 31 15 24 
24 48 39 46 2 15 47 19 28 26 3 36 32 21 30 25 6 22 5 41 27 4 9 20 49 45 18 8 43 35 40 14 13 44 33 38 16 23 7 11 17 12 42 1 10 31 34 37 29 
38 27 37 42 32 23 19 16 33 13 46 1 34 14 29 43 49 3 48 7 2 26 21 44 6 10 31 35 39 36 12 8 47 15 30 45 25 4 20 41 9 28 18 17 40 11 5 24 22 
43 33 25 6 4 34 49 8 31 38 35 23 7 37 36 16 42 40 14 13 46 29 1 12 48 22 11 27 17 41 45 5 32 28 9 18 10 19 39 24 2 3 15 26 21 30 44 47 20 
14 8 5 41 11 10 12 18 49 6 44 9 39 43 26 17 34 21 28 31 19 33 40 16 32 15 37 30 24 3 29 23 7 20 22 48 13 1 42 36 46 47 25 35 4 27 45 38 2 
13 16 45 3 44 17 1 30 15 29 20 48 10 2 39 8 37 33 35 47 9 38 34 5 36 24 41 28 19 49 25 4 42 11 18 26 27 40 22 21 31 14 32 12 23 43 46 6 7 
21 18 36 20 26 35 28 40 22 42 12 5 25 47 45 24 23 1 11 44 4 7 13 17 39 2 14 19 38 37 27 10 31 34 46 49 15 30 43 29 6 32 48 9 16 33 8 3 41 
30 31 9 22 29 7 40 4 11 45 24 17 27 41 18 12 15 10 38 32 20 43 23 25 46 47 42 3 1 2 6 48 21 26 16 37 33 34 35 5 44 8 28 39 49 13 19 14 36 
40 37 31 47 46 48 5 25 24 18 49 7 17 4 44 11 19 35 9 8 21 41 14 43 20 12 1 38 13 15 26 39 27 16 36 30 28 29 10 2 32 6 45 33 22 42 23 34 3 
33 20 10 14 43 6 4 46 34 3 39 35 8 42 49 27 16 37 12 30 5 44 48 31 26 23 29 7 21 45 19 17 11 22 24 47 1 15 18 40 36 13 2 32 25 9 41 28 38 
49 17 29 11 13 28 24 38 45 32 21 19 1 27 7 20 46 6 10 2 48 16 22 40 42 35 30 36 25 33 14 47 41 37 23 9 34 3 12 8 43 39 31 44 15 26 18 4 5 
44 35 32 26 9 8 2 33 29 43 6 40 22 31 25 15 39 14 23 17 47 34 3 11 21 13 28 37 48 4 5 1 20 18 10 19 38 41 16 42 45 49 12 7 27 24 36 46 30 
18 22 1 27 36 39 21 20 14 41 5 10 15 28 40 26 33 13 4 42 29 47 45 2 25 8 9 32 3 6 34 12 30 49 38 17 46 31 24 7 23 44 11 16 19 35 48 43 37 
12 38 15 34 3 19 7 11 48 16 13 30 9 23 31 45 22 41 32 28 36 10 39 46 33 4 24 18 8 43 44 42 29 35 2 27 21 25 26 20 5 37 14 49 1 47 6 17 40 
25 42 23 16 41 45 30 2 47 44 36 12 37 26 24 1 38 34 3 43 18 19 17 6 15 49 27 5 28 46 31 32 40 9 7 22 4 48 11 33 14 35 10 20 13 39 29 21 8 
3 30 11 5 10 18 25 29 17 1 43 24 6 45 38 23 36 20 7 49 15 48 42 8 2 32 21 44 35 31 37 22 19 27 40 13 9 26 46 4 34 41 33 28 47 12 16 39 14 
22 15 17 12 35 21 33 31 40 7 11 27 26 8 19 48 44 2 18 10 32 36 37 34 1 20 25 24 4 9 42 46 5 39 49 14 29 16 30 28 47 23 3 6 38 41 43 45 13 
19 13 49 24 39 42 41 21 3 46 22 20 12 25 47 29 5 28 34 6 45 35 33 7 14 16 26 9 23 44 8 38 43 36 15 10 2 37 40 27 18 17 30 31 48 4 1 32 11 
48 36 6 37 28 2 29 14 23 49 42 44 16 32 12 33 8 39 41 1 30 13 4 3 5 19 40 43 18 10 17 21 24 47 20 11 31 22 45 25 35 38 7 34 26 46 15 9 27 
31 4 16 9 7 46 45 34 30 37 19 28 47 36 43 14 40 26 24 27 35 18 11 10 41 6 38 17 2 25 32 13 33 48 29 12 39 42 49 3 1 15 21 22 44 8 20 5 23 
8 40 14 23 34 32 20 10 2 35 48 13 38 9 3 31 25 11 46 4 37 15 47 28 27 39 22 12 26 30 7 16 1 45 41 44 6 33 5 43 24 21 36 42 29 17 49 18 19 
26 44 47 1 27 43 38 41 5 4 15 33 18 39 21 42 13 9 22 16 17 45 49 23 30 31 46 29 14 12 28 3 34 6 11 8 20 32 36 48 19 7 24 2 37 10 40 35 25 
################proper############## 

 average_time = 904.933436 

 success runs = 1 

 total average iters = 89582872.000000 
