Success!!! 
 
 max_col = 
 49 
 
 run_time = 
 300.402015 
 
 once iters = 
 28685298 
 
5 30 3 16 32 7 36 48 47 49 43 25 44 6 21 4 17 28 20 27 39 22 18 24 42 11 34 1 38 35 45 9 37 15 23 26 33 29 31 8 46 12 40 14 10 2 19 13 41 
44 35 39 17 1 14 26 20 3 31 10 27 42 15 38 8 18 34 46 25 12 43 37 6 32 48 45 49 21 19 41 33 16 36 11 47 2 30 24 40 13 7 23 4 22 9 5 28 29 
29 4 48 24 8 38 49 35 2 21 30 28 46 33 6 41 5 47 45 1 43 12 7 25 20 16 23 17 26 13 31 39 22 44 40 32 27 34 14 19 9 10 15 11 18 36 37 3 42 
43 23 40 45 11 31 13 29 36 9 5 38 19 1 2 22 10 7 42 32 16 15 41 35 39 21 33 47 30 25 3 34 8 4 14 18 49 6 48 17 28 37 44 26 46 12 27 20 24 
46 22 12 25 47 34 37 41 39 40 24 18 8 4 14 23 11 44 48 9 15 31 29 19 26 28 27 13 10 32 1 49 2 20 5 38 45 3 43 36 16 42 17 6 33 7 35 21 30 
20 33 19 10 18 6 28 26 11 32 14 16 22 7 24 31 37 30 3 35 13 38 4 9 36 44 2 40 43 17 12 46 42 29 27 5 21 39 15 23 41 25 45 47 1 49 48 34 8 
15 42 2 21 41 27 9 12 45 13 34 23 17 37 33 40 26 19 29 49 36 3 46 30 14 10 8 5 47 7 24 18 28 48 6 1 20 4 22 35 44 11 25 38 43 39 32 31 16 
32 24 36 20 33 18 31 27 10 15 1 6 21 16 41 11 14 22 35 40 8 44 49 45 23 9 17 30 48 5 13 47 19 34 25 28 37 42 3 2 12 26 46 7 39 4 29 38 43 
11 14 9 3 29 39 34 23 43 12 46 22 26 24 19 33 44 6 7 45 28 47 32 36 13 31 4 21 40 30 35 16 20 17 15 49 18 48 38 10 5 8 41 37 42 27 1 25 2 
28 17 6 47 26 30 46 45 35 8 19 5 2 13 4 43 39 48 15 29 49 1 3 22 41 27 38 25 7 33 10 37 23 18 42 9 44 36 16 32 11 20 21 12 31 24 40 14 34 
1 27 13 23 4 22 41 37 9 7 25 47 29 42 17 34 21 26 2 16 18 28 12 20 5 46 43 48 14 6 11 8 38 31 32 30 40 45 39 33 19 24 36 49 3 10 15 44 35 
10 43 7 5 16 48 8 31 38 28 44 49 18 14 25 12 42 13 36 30 24 39 40 26 35 29 19 37 3 4 9 41 21 2 45 15 17 1 34 46 6 27 32 33 20 47 23 11 22 
40 37 45 15 44 49 21 39 4 17 33 20 48 32 31 27 23 38 9 3 10 34 6 16 2 7 11 42 28 24 22 12 1 46 36 41 35 47 29 25 43 14 8 5 13 30 26 19 18 
2 25 42 12 19 35 38 3 41 11 36 30 40 34 46 47 1 5 37 20 32 10 14 33 8 18 24 15 49 44 39 43 26 27 29 31 22 13 4 7 23 21 48 9 45 16 6 17 28 
42 40 33 41 38 4 45 32 14 19 8 15 24 31 20 48 6 37 25 18 11 35 5 34 49 17 30 16 36 12 44 3 46 43 39 2 9 23 27 13 1 47 10 22 28 29 7 26 21 
35 20 5 26 13 19 3 16 7 6 38 2 43 25 27 36 22 33 34 17 31 45 24 10 28 40 47 8 41 14 23 48 30 11 1 21 46 37 44 29 42 4 49 18 12 32 39 15 9 
47 10 22 31 27 32 30 17 37 36 3 9 20 39 15 2 45 21 8 23 14 13 38 11 12 43 6 4 42 49 16 29 25 7 18 33 26 19 28 41 34 35 24 48 5 46 44 1 40 
7 34 49 9 12 2 39 18 22 5 48 21 28 26 30 3 24 29 41 44 47 25 33 46 19 37 1 23 45 20 4 35 10 40 31 11 16 38 17 15 36 32 14 43 27 42 8 6 13 
8 18 25 11 14 17 29 44 30 23 47 42 10 12 7 35 16 46 1 38 9 20 39 32 15 26 21 36 13 27 37 6 24 28 2 40 48 49 45 5 22 43 34 3 19 31 41 4 33 
16 28 46 37 36 1 44 40 34 35 49 4 33 27 32 39 12 42 43 13 19 41 48 29 18 3 22 7 5 8 38 15 9 21 26 25 14 31 6 24 10 30 11 17 2 23 47 45 20 
48 15 24 43 6 21 23 1 13 46 29 11 41 45 28 49 40 10 4 26 5 14 31 27 44 42 9 2 34 22 47 32 17 19 33 3 39 8 12 20 7 18 37 30 38 35 16 36 25 
33 36 32 2 49 44 15 10 40 20 12 45 23 46 26 17 9 43 6 37 7 42 47 38 31 1 5 35 22 3 29 4 18 25 30 8 24 27 21 28 48 19 13 16 34 41 11 39 14 
34 31 8 48 45 23 17 33 1 18 41 19 38 2 40 46 47 49 39 21 30 27 28 37 16 6 29 12 20 11 14 13 43 42 35 4 32 7 10 26 15 22 3 25 24 5 36 9 44 
21 11 27 14 10 46 18 43 49 16 6 35 47 36 44 24 29 3 13 15 1 9 34 4 25 22 20 19 32 41 2 28 7 26 38 17 23 5 42 12 39 45 33 8 40 37 30 48 31 
13 9 26 30 7 47 6 5 42 25 32 31 39 29 36 16 35 4 12 22 27 11 2 49 43 45 14 3 46 1 19 24 48 8 21 37 41 44 20 34 33 40 18 15 17 38 28 10 23 
41 16 43 19 42 5 24 14 8 4 11 34 3 21 45 20 38 25 28 2 48 17 15 44 46 36 40 26 37 23 33 31 39 47 10 35 29 18 1 9 30 13 7 32 6 22 12 27 49 
3 1 38 4 35 37 25 28 24 22 15 17 30 9 18 42 41 8 32 5 34 48 10 23 7 39 13 33 44 45 36 27 40 12 49 6 31 11 46 47 14 16 19 21 29 20 43 2 26 
12 39 28 22 40 29 20 13 26 37 27 48 7 44 10 19 33 31 14 11 23 30 21 8 24 32 41 18 17 16 6 5 15 9 34 43 36 25 49 38 3 2 42 45 47 1 4 35 46 
14 26 31 40 17 42 22 49 18 39 20 29 12 28 35 13 36 23 21 47 4 46 19 5 45 34 16 27 1 37 30 11 44 33 7 10 6 24 25 48 38 3 9 41 32 8 2 43 15 
38 2 15 46 23 11 7 36 19 14 26 10 25 17 43 45 20 9 31 34 6 18 35 13 37 47 39 28 16 29 49 42 5 22 41 27 30 32 40 4 8 33 1 44 48 21 3 24 12 
30 12 44 6 34 25 35 15 5 41 4 24 45 48 8 14 2 18 33 46 29 21 43 3 1 49 7 32 23 40 20 10 27 13 9 36 47 17 19 22 37 31 39 28 11 26 42 16 38 
24 8 21 32 9 10 43 46 27 30 40 1 13 47 3 38 7 11 44 19 42 2 23 17 22 41 48 6 18 39 28 36 31 14 12 45 15 20 26 16 29 34 5 35 49 33 25 37 4 
27 41 20 36 3 13 16 2 33 38 21 43 9 22 37 5 49 12 26 10 17 4 11 15 30 24 42 31 19 48 34 25 6 32 8 23 1 28 35 44 18 39 47 40 14 45 46 29 7 
49 19 1 18 37 33 47 6 23 42 35 8 32 3 39 28 48 16 27 24 22 26 44 40 29 12 25 9 4 15 43 2 45 38 46 7 13 14 41 11 21 5 31 20 36 34 10 30 17 
45 48 4 29 39 28 5 7 16 44 31 37 34 11 1 25 32 15 30 41 40 8 20 14 33 38 36 10 35 26 21 17 47 24 3 42 12 46 9 43 2 49 27 13 23 6 22 18 19 
4 38 23 33 48 26 27 25 6 24 18 39 37 8 12 1 28 20 49 7 41 40 45 2 47 19 31 22 11 46 17 14 13 10 44 34 5 21 32 3 35 15 16 29 30 43 9 42 36 
17 45 47 49 46 9 2 34 32 1 42 44 11 20 16 21 13 14 22 8 38 37 27 18 48 5 35 43 25 28 26 40 29 23 19 39 4 41 33 30 24 36 6 10 7 15 31 12 3 
31 13 35 7 30 20 10 19 29 47 28 3 5 38 42 9 46 40 23 36 2 49 1 12 34 15 26 14 39 43 32 21 41 6 16 44 8 22 37 27 45 48 4 24 25 18 17 33 11 
18 5 14 1 43 24 19 21 48 27 2 33 31 41 11 30 15 32 17 39 25 23 36 7 10 20 44 29 9 38 8 22 35 3 4 16 42 12 13 6 49 28 26 34 37 40 45 46 47 
25 3 41 39 21 36 32 30 15 43 22 7 16 49 29 10 34 35 5 33 26 6 9 42 4 13 28 24 2 18 48 45 12 37 20 46 11 40 47 31 17 1 38 23 44 19 14 8 27 
6 29 16 42 28 12 11 9 46 10 17 36 14 40 48 44 43 45 24 4 37 33 8 39 3 25 32 41 15 31 27 7 34 30 47 19 38 26 2 18 20 23 35 1 21 13 49 22 5 
37 44 34 8 22 15 40 4 12 26 45 13 35 23 47 6 19 27 18 31 3 16 17 21 11 30 46 38 33 42 5 1 36 49 24 29 43 10 7 14 25 9 2 39 41 28 20 32 48 
26 32 37 35 2 16 42 38 25 3 7 40 15 5 9 29 8 36 10 14 20 19 13 41 6 23 49 34 12 21 18 44 11 39 22 48 28 33 30 45 31 46 43 27 4 17 24 47 1 
22 21 29 34 20 45 14 47 31 2 37 32 4 30 23 18 27 17 11 6 46 36 42 48 9 8 12 44 24 10 15 38 3 1 43 13 7 16 5 49 26 41 28 19 35 25 33 40 39 
23 46 18 13 31 41 1 11 44 29 16 26 27 43 49 15 4 24 19 48 21 32 22 47 17 35 3 39 8 34 25 30 33 5 28 20 10 2 36 37 40 6 12 42 9 14 38 7 45 
9 49 17 28 5 40 48 24 20 34 39 41 6 35 22 32 3 2 16 42 44 29 25 1 27 33 37 46 31 47 7 26 14 45 13 12 19 43 8 21 4 38 30 36 15 11 18 23 10 
19 6 30 38 25 8 33 22 28 48 9 46 49 10 34 7 31 39 40 12 35 24 26 43 21 4 18 45 27 36 42 23 32 41 17 14 3 15 11 1 47 29 20 2 16 44 13 5 37 
39 7 10 44 24 43 4 8 21 45 23 12 36 19 13 37 30 1 47 28 33 5 16 31 38 14 15 11 6 2 40 20 49 35 48 22 25 9 18 42 27 17 29 46 26 3 34 41 32 
36 47 11 27 15 3 12 42 17 33 13 14 1 18 5 26 25 41 38 43 45 7 30 28 40 2 10 20 29 9 46 19 4 16 37 24 34 35 23 39 32 44 22 31 8 48 21 49 6 
################proper############## 

 average_time = 300.402015 

 success runs = 1 

 total average iters = 28685298.000000 
