Success!!! 
 
 max_col = 
 49 
 
 run_time = 
 652.389697 
 
 once iters = 
 66018755 
 
42 17 7 48 26 35 21 3 24 8 22 29 25 16 38 11 46 37 49 10 1 23 45 4 6 30 31 13 18 43 28 39 44 33 34 47 5 40 41 2 27 20 15 9 32 19 12 14 36 
19 10 18 22 37 44 46 48 40 35 49 9 11 42 27 7 32 13 4 8 5 34 16 43 28 29 39 17 24 15 12 47 21 23 2 1 36 45 14 33 30 38 31 26 6 3 25 20 41 
45 1 34 36 14 3 15 12 27 6 5 20 17 38 2 19 25 23 31 33 30 32 9 22 47 7 26 42 11 49 4 41 40 16 35 44 18 48 28 39 21 46 8 10 13 43 29 37 24 
24 12 47 11 38 28 32 1 4 19 39 37 30 34 17 43 15 22 40 41 45 14 10 18 33 48 20 5 8 36 46 6 7 9 42 25 26 3 49 31 29 13 44 35 27 2 23 21 16 
13 16 33 5 31 39 41 10 45 36 43 18 2 21 26 34 20 28 9 29 44 12 1 49 8 38 46 19 27 48 14 3 37 32 25 24 6 15 7 17 23 35 47 42 11 40 22 4 30 
43 8 30 27 25 6 49 23 26 31 14 7 28 41 36 3 47 39 42 21 12 40 35 24 37 15 44 2 5 29 13 17 20 22 10 34 19 32 11 4 9 16 1 46 45 48 18 38 33 
40 2 4 20 9 29 23 32 44 47 13 33 15 46 6 16 18 35 14 24 48 27 41 11 36 3 25 21 30 45 19 26 1 38 31 43 8 10 37 12 22 42 7 39 34 49 17 5 28 
27 25 3 31 24 17 20 49 28 2 38 13 21 12 1 35 43 33 26 36 42 6 22 46 5 14 9 15 44 41 10 7 34 19 18 8 29 11 39 48 16 32 23 30 40 47 37 45 4 
38 41 46 37 12 32 28 44 23 33 42 35 1 47 7 40 9 15 29 31 19 16 34 21 11 25 17 18 48 39 8 27 24 43 22 45 30 5 36 6 49 4 26 14 3 20 10 13 2 
21 14 29 43 36 2 22 19 41 46 26 4 31 18 47 25 30 16 39 45 13 49 20 8 40 12 3 10 1 5 32 37 11 17 38 28 42 33 23 44 35 34 48 24 15 7 9 6 27 
9 23 8 34 10 45 26 11 3 5 20 16 43 39 4 17 38 14 27 12 22 47 48 36 7 24 37 32 29 6 33 35 28 42 30 19 13 25 2 15 41 40 49 44 21 31 46 1 18 
16 6 11 7 15 19 30 45 8 22 24 14 29 27 3 28 49 48 44 2 37 39 42 26 1 4 41 23 21 25 9 13 46 36 40 17 38 47 10 20 31 18 32 5 33 12 43 35 34 
35 47 49 44 4 48 18 6 17 30 40 34 10 9 41 32 11 5 8 46 21 33 19 13 2 28 27 31 20 14 23 15 3 45 12 7 24 22 1 43 37 26 29 16 42 38 36 25 39 
5 42 40 33 1 13 39 36 25 48 7 15 32 37 34 18 24 20 10 23 6 38 44 45 29 43 30 35 31 16 47 2 4 49 26 3 21 9 27 46 12 14 19 11 17 28 41 22 8 
32 35 45 23 39 8 3 4 11 40 27 46 14 13 29 42 10 6 38 7 28 43 30 48 31 20 18 41 26 9 49 12 19 2 37 36 22 1 5 34 17 25 24 15 47 16 44 33 21 
20 9 42 30 13 34 11 39 31 45 44 19 12 2 32 41 5 26 35 14 47 29 33 10 21 27 16 1 6 46 22 38 17 24 7 18 15 43 4 28 40 23 25 37 48 36 8 3 49 
18 46 31 25 19 38 10 5 16 1 37 49 33 15 39 36 45 30 34 40 17 4 26 6 3 23 7 8 13 42 43 28 47 11 41 48 32 14 24 21 44 29 20 12 22 35 27 2 9 
37 36 44 21 6 4 48 7 38 10 17 43 41 25 22 31 33 9 12 3 23 28 47 5 24 49 11 39 15 40 27 1 29 34 8 13 20 16 26 35 2 19 18 32 46 30 45 42 14 
14 28 22 26 40 1 47 20 48 18 29 8 42 23 49 27 16 24 15 13 43 2 32 9 17 35 36 37 4 44 45 30 25 21 33 12 46 39 38 41 3 11 10 7 5 6 19 34 31 
12 33 24 15 27 41 29 30 21 28 35 3 22 26 18 44 19 1 2 48 8 46 40 25 38 45 14 34 16 20 36 31 10 5 32 49 7 37 47 42 6 9 4 17 43 11 39 23 13 
2 5 43 17 49 7 16 47 36 24 9 32 34 6 46 21 4 25 37 11 20 19 12 44 15 42 13 22 14 23 3 48 35 18 39 27 33 31 30 10 45 8 38 28 29 41 26 40 1 
49 45 5 47 43 18 37 26 1 23 25 21 13 33 30 8 7 29 32 20 35 41 38 16 19 31 48 40 17 4 44 34 6 10 36 46 27 2 15 9 24 39 12 22 14 42 3 28 11 
22 39 23 29 42 40 1 24 15 32 11 47 9 31 21 10 2 34 48 26 41 36 6 28 44 8 5 27 46 37 38 45 13 35 3 16 14 20 12 18 25 33 17 43 49 4 30 7 19 
34 24 20 14 17 31 44 37 19 39 16 6 38 49 13 12 3 46 11 25 4 30 18 35 23 26 33 29 2 22 15 42 5 28 9 32 47 7 40 36 1 43 41 27 8 45 21 48 10 
8 4 27 19 11 26 35 2 12 17 30 36 7 43 40 39 22 31 6 15 33 24 3 20 32 9 42 14 49 47 29 16 48 1 21 10 34 41 45 13 38 28 37 23 25 46 5 18 44 
41 7 48 6 28 10 25 22 20 27 46 45 8 3 5 49 42 38 24 9 36 17 13 2 12 37 1 43 32 18 30 23 33 14 11 21 44 19 35 29 4 31 40 34 39 26 47 16 15 
36 3 21 9 30 33 2 35 34 14 18 28 40 44 37 47 1 45 17 19 16 10 46 15 4 39 49 7 12 26 25 43 41 20 27 11 23 8 42 5 48 22 6 13 24 29 31 32 38 
46 38 32 13 16 15 12 29 5 41 4 42 48 10 43 23 14 18 28 44 27 45 21 34 22 11 47 25 39 7 24 40 31 8 19 37 49 6 17 3 26 30 35 36 2 1 33 9 20 
44 43 13 45 41 22 14 40 35 21 23 25 49 19 16 48 31 2 20 47 7 18 27 1 10 17 12 33 36 32 39 24 26 46 5 42 9 38 34 30 15 3 11 6 4 37 28 8 29 
4 15 28 2 8 27 7 42 9 13 33 11 44 30 12 6 40 10 1 38 39 26 29 37 49 16 22 46 34 21 48 20 14 25 45 41 31 35 19 23 43 24 3 18 36 5 32 47 17 
10 29 39 46 34 24 9 41 37 38 48 17 27 22 44 33 36 3 45 30 25 42 5 31 14 40 8 47 35 19 1 18 12 13 49 6 28 4 32 11 20 7 16 2 23 21 15 43 26 
30 31 6 35 32 25 36 46 10 12 15 24 45 1 9 13 17 11 18 34 14 21 2 38 20 41 28 48 3 8 16 4 43 29 23 22 37 26 44 47 39 5 27 49 7 33 42 19 40 
1 11 17 18 33 20 38 14 47 3 8 26 16 28 24 37 29 42 5 4 32 7 43 23 13 19 34 36 22 30 41 9 15 40 6 2 25 27 21 49 46 48 45 31 10 39 35 44 12 
48 40 37 49 21 16 19 31 2 43 6 5 20 36 8 26 23 27 22 35 15 3 4 39 25 32 24 44 38 17 7 11 42 47 28 29 1 18 33 45 10 12 13 41 9 34 14 30 46 
23 26 12 42 3 47 5 18 29 7 34 39 4 32 28 46 21 19 41 43 49 15 11 30 35 6 45 9 33 2 31 10 27 37 44 40 16 17 13 14 8 36 22 1 38 25 20 24 48 
17 30 15 1 48 21 45 38 46 29 47 23 26 40 35 9 28 49 25 16 24 11 36 14 41 44 32 12 10 31 20 5 8 27 43 33 3 34 6 19 7 2 42 4 37 18 13 39 22 
6 27 16 10 5 14 43 33 18 44 12 48 39 8 23 20 37 47 36 1 11 13 31 3 9 22 4 38 41 24 34 49 2 30 29 15 17 46 25 40 42 21 28 45 19 32 7 26 35 
11 37 26 38 35 23 33 28 14 4 3 31 19 20 10 30 8 17 43 42 46 25 39 29 34 2 40 16 47 1 21 44 22 7 15 9 45 24 18 32 13 41 5 48 12 27 49 36 6 
25 19 2 40 7 42 8 34 32 49 41 22 37 11 14 15 13 4 33 18 31 1 23 17 45 5 43 26 28 12 35 36 16 6 46 39 48 44 29 38 47 27 30 21 20 9 24 10 3 
31 18 36 39 22 12 34 25 7 9 1 10 6 45 19 2 27 41 21 5 29 35 49 47 30 46 15 24 40 3 42 32 23 48 13 26 4 28 20 8 11 37 14 33 16 44 38 17 43 
3 44 41 4 29 46 24 16 13 15 21 27 5 35 48 38 6 12 7 32 40 37 28 42 18 33 19 20 45 11 26 25 9 39 17 14 10 30 43 22 36 49 2 8 1 23 34 31 47 
47 32 9 28 20 49 13 17 43 42 2 30 36 24 45 22 34 44 3 39 26 8 7 27 48 21 10 6 19 38 37 33 18 4 14 23 35 12 31 16 5 1 46 40 41 15 11 29 25 
15 21 19 16 44 37 40 43 49 11 28 38 18 4 31 14 39 8 13 27 9 48 17 33 42 47 2 45 7 34 5 22 30 3 24 20 12 29 46 26 32 6 36 25 35 10 1 41 23 
29 34 14 32 47 43 42 13 22 25 31 12 35 7 20 1 41 21 30 28 3 9 15 40 46 36 38 4 37 27 2 8 39 26 48 5 11 23 16 24 18 10 33 19 44 17 6 49 45 
26 22 25 24 23 5 31 15 30 37 32 1 46 17 33 29 12 7 16 6 10 20 8 41 39 18 21 3 43 35 40 19 36 44 47 4 2 49 9 27 14 45 34 38 28 13 48 11 42 
33 13 1 41 45 36 4 27 6 26 19 44 47 48 42 5 35 40 46 37 18 22 24 32 16 10 23 49 9 28 11 29 38 12 20 31 39 21 8 25 34 17 43 3 30 14 2 15 7 
7 49 38 3 2 9 17 21 33 16 45 40 23 29 15 24 26 36 19 22 34 44 14 12 43 13 35 11 25 10 6 46 32 31 1 30 41 42 48 37 28 47 39 20 18 8 4 27 5 
28 48 10 8 46 11 6 9 39 20 36 2 24 5 25 45 44 43 23 17 38 31 37 7 27 34 29 30 42 33 18 14 49 41 4 35 40 13 3 1 19 15 21 47 26 22 16 12 32 
39 20 35 12 18 30 27 8 42 34 10 41 3 14 11 4 48 32 47 49 2 5 25 19 26 1 6 28 23 13 17 21 45 15 16 38 43 36 22 7 33 44 9 29 31 24 40 46 37 
################proper############## 

 average_time = 652.389697 

 success runs = 1 

 total average iters = 66018755.000000 
