Success!!! 
 
 max_col = 
 49 
 
 run_time = 
 376.313966 
 
 once iters = 
 40358995 
 
45 33 2 39 16 17 4 10 37 47 6 12 1 30 48 24 31 49 32 8 34 20 3 11 18 22 26 15 36 14 19 21 28 25 41 5 42 46 38 27 40 23 9 29 13 44 35 43 7 
11 23 22 46 38 43 15 26 2 19 41 29 20 31 35 25 30 47 3 18 33 24 8 7 10 5 4 16 9 13 37 40 27 49 48 39 44 12 45 17 28 34 14 6 21 1 36 42 32 
26 27 48 29 6 10 25 42 13 23 49 17 45 33 37 38 7 21 16 14 44 32 47 9 40 28 34 2 46 24 15 39 30 22 35 43 36 8 41 1 19 11 31 20 4 5 3 12 18 
42 28 47 36 37 12 8 4 46 44 38 9 22 21 23 2 11 13 20 39 43 31 45 14 41 6 17 49 7 26 1 16 5 34 3 32 15 24 48 18 35 29 19 30 25 33 10 27 40 
49 41 18 14 1 9 24 5 39 8 34 11 7 35 15 36 40 45 12 27 29 13 19 43 44 21 25 23 47 4 32 42 33 31 10 26 2 20 3 30 37 6 28 17 48 46 16 22 38 
21 5 44 35 30 34 40 48 32 24 3 28 16 15 19 42 9 17 4 46 22 33 36 39 27 38 12 1 18 6 20 8 29 43 45 47 25 13 7 31 10 14 49 26 41 37 11 23 2 
31 32 20 7 13 3 19 14 40 27 25 18 43 36 41 26 1 5 10 28 6 42 48 46 37 29 30 35 44 23 12 2 17 11 38 33 21 22 4 9 16 49 24 8 34 45 47 15 39 
19 30 4 11 48 14 18 24 44 26 35 31 15 22 42 16 46 27 45 9 5 41 43 49 12 1 20 3 39 36 23 47 8 13 37 34 10 6 40 28 21 25 38 32 7 2 33 17 29 
24 13 23 44 3 15 43 38 49 2 8 45 5 34 29 30 37 6 48 17 7 9 40 27 21 35 19 42 26 10 33 20 41 1 11 46 16 31 32 12 18 36 22 28 47 39 4 14 25 
2 49 17 27 5 26 36 19 16 40 23 47 48 42 28 13 24 14 43 35 21 22 33 44 25 32 37 10 12 7 6 34 31 45 9 8 30 38 29 39 41 4 3 11 1 18 20 46 15 
28 20 25 6 45 46 22 12 29 21 4 14 41 3 32 33 38 10 19 31 47 7 18 26 24 36 23 39 2 48 49 35 16 40 17 15 27 11 42 43 1 37 44 34 30 9 5 13 8 
32 1 39 10 29 42 34 7 33 37 9 43 36 18 25 49 20 40 2 44 15 8 16 4 11 17 47 6 21 5 28 27 46 38 30 13 22 3 24 45 14 19 48 35 23 26 12 41 31 
16 7 33 47 21 40 41 20 30 17 46 32 27 1 12 11 39 8 34 3 36 28 15 2 38 13 14 31 4 29 25 43 22 18 24 9 26 35 23 44 48 5 10 49 37 19 45 6 42 
38 31 8 37 12 35 9 25 28 6 39 10 11 13 22 4 18 23 1 41 26 48 29 34 45 30 5 46 42 19 14 15 3 44 32 17 47 49 2 7 20 33 40 24 27 36 21 16 43 
1 8 16 42 33 11 14 41 25 36 18 23 17 5 27 46 47 38 44 4 32 10 49 19 30 26 22 48 45 3 40 12 21 6 34 28 29 15 31 13 2 35 39 43 24 7 37 9 20 
10 2 38 3 47 28 29 35 1 42 37 44 14 24 45 40 22 33 13 16 23 36 11 5 4 12 43 8 31 41 26 18 39 7 20 19 49 27 6 25 30 9 21 46 15 48 32 34 17 
27 36 9 25 49 20 7 6 47 39 43 16 31 19 34 18 26 24 35 5 2 15 44 17 1 23 33 45 38 37 48 11 32 4 13 3 8 42 21 22 46 40 30 12 29 14 41 28 10 
39 6 13 15 17 48 31 8 27 38 26 7 3 10 21 43 42 30 11 37 20 18 28 25 9 16 40 47 19 2 29 24 36 46 1 41 5 14 33 32 34 12 45 4 35 49 23 44 22 
5 21 30 18 44 23 37 29 34 46 22 20 12 2 3 48 25 36 14 49 9 35 24 41 7 42 6 32 28 33 8 10 47 27 15 4 17 26 43 38 45 39 11 19 16 13 31 40 1 
22 19 32 4 46 41 35 45 21 11 33 49 40 28 31 15 10 7 8 12 39 14 38 13 29 34 3 20 30 9 17 23 43 42 5 37 24 1 18 48 44 16 36 25 26 47 27 2 6 
40 26 43 45 34 24 12 30 48 9 32 15 13 4 17 29 6 19 41 1 28 46 37 31 2 39 27 21 16 44 22 49 14 35 25 36 11 23 20 10 47 7 42 3 8 38 18 5 33 
12 47 15 2 11 33 44 32 24 45 7 48 30 6 18 5 27 26 42 19 13 3 14 36 23 49 28 29 8 21 4 38 34 10 40 22 20 17 37 16 43 31 46 39 9 25 1 35 41 
41 10 45 9 22 16 32 36 26 35 28 5 37 46 7 3 34 44 24 38 14 21 27 40 15 4 42 43 33 20 31 17 25 39 19 29 18 2 49 23 11 1 47 13 6 30 8 48 12 
35 38 36 20 27 7 23 40 18 43 1 22 49 39 4 47 21 31 17 6 12 26 34 48 33 41 9 25 37 30 13 5 45 2 16 14 19 32 8 24 42 46 15 10 28 3 44 29 11 
13 42 19 24 31 8 17 23 4 33 47 3 21 29 10 37 41 15 49 25 30 6 1 12 5 45 35 11 32 43 46 28 9 36 26 48 7 40 44 34 39 38 2 18 22 16 14 20 27 
43 4 21 48 14 37 6 31 41 25 10 38 9 27 40 45 23 20 29 22 16 19 39 8 46 2 18 13 11 49 3 44 1 47 42 12 33 30 28 35 15 26 7 5 36 17 24 32 34 
29 3 26 28 40 25 30 11 19 15 44 2 34 12 8 9 32 1 39 43 46 37 20 16 17 47 31 7 14 35 18 41 48 24 22 21 6 10 13 5 36 27 23 45 33 42 38 49 4 
18 34 46 49 39 5 1 16 20 14 13 42 8 17 33 35 2 48 28 36 11 44 32 30 22 10 24 38 23 15 27 29 6 12 7 45 3 25 9 47 4 41 26 21 31 40 43 37 19 
14 43 41 23 20 22 21 13 5 12 24 6 25 16 9 39 8 42 47 11 49 30 31 33 35 40 1 44 10 45 2 46 15 37 29 7 28 36 19 4 17 18 32 38 3 27 34 26 48 
6 16 10 19 32 13 48 46 8 4 31 27 28 7 44 1 35 22 36 2 17 39 42 37 47 3 49 41 25 11 21 26 18 30 14 23 38 33 34 15 5 43 12 9 40 20 29 45 24 
37 17 42 40 7 29 39 1 15 49 19 41 23 47 38 6 12 43 27 45 24 11 26 32 48 8 21 4 13 28 34 33 20 3 36 16 46 44 10 2 9 30 25 14 18 35 22 31 5 
3 18 34 30 25 36 28 9 14 29 11 33 44 45 26 10 16 32 37 23 31 27 5 15 6 43 38 22 40 17 24 19 4 41 47 20 1 39 35 49 12 48 13 42 2 21 7 8 46 
46 11 12 5 8 38 45 37 10 3 17 40 42 26 14 41 29 34 15 20 25 2 9 23 28 18 7 36 1 27 35 32 44 48 49 24 31 47 22 6 13 21 33 16 19 43 39 4 30 
33 44 49 31 26 27 47 2 35 30 36 39 18 48 5 19 13 4 46 21 40 25 17 45 20 24 16 34 22 12 43 7 38 9 8 11 32 29 14 37 3 42 41 23 10 6 15 1 28 
9 15 24 1 35 4 2 22 43 20 21 34 38 32 30 7 28 3 33 48 18 29 12 10 19 46 13 14 6 42 16 31 23 5 39 27 45 41 26 40 25 8 17 36 44 11 49 47 37 
20 46 14 17 24 39 3 43 7 22 5 26 10 9 2 28 15 12 38 13 4 23 21 47 31 25 8 33 41 40 11 45 42 32 18 1 48 16 27 36 6 44 29 37 49 34 19 30 35 
23 35 1 33 4 47 26 44 12 48 2 25 32 8 20 21 14 46 30 7 45 34 41 42 3 37 39 28 27 38 5 9 24 16 31 40 43 19 15 29 49 17 18 22 11 10 6 36 13 
44 48 37 43 36 32 10 28 42 13 14 4 6 23 39 31 19 29 25 40 35 16 22 20 49 27 11 9 34 1 30 3 2 21 33 38 41 18 12 8 24 45 5 47 17 15 46 7 26 
30 40 5 21 2 49 42 39 38 18 45 46 33 37 1 27 43 41 22 26 10 17 7 6 36 14 29 12 15 8 47 48 19 28 4 35 9 34 11 3 32 13 16 44 20 31 25 24 23 
25 9 7 8 18 45 13 15 31 16 27 21 35 20 6 34 44 11 23 24 3 38 4 1 26 19 32 30 17 22 10 36 49 29 12 2 37 28 5 46 33 47 43 48 42 41 40 39 14 
15 29 27 12 41 6 11 47 3 34 40 36 19 49 16 17 33 18 9 42 48 45 46 24 13 44 10 5 43 25 7 37 35 26 23 31 39 4 30 14 22 20 1 2 32 8 28 38 21 
34 22 28 16 19 31 38 17 11 1 29 30 24 41 49 32 36 37 5 47 8 40 2 35 43 15 48 18 20 39 44 6 13 14 46 42 23 7 25 21 26 10 4 27 45 12 9 33 3 
36 25 31 38 43 19 27 18 17 32 42 8 47 11 46 20 4 35 7 33 1 12 13 3 16 48 45 24 5 34 41 22 37 23 21 44 40 9 39 26 29 2 6 15 14 28 30 10 49 
7 24 35 32 10 30 20 3 6 5 16 19 2 14 36 12 45 25 31 29 38 43 23 18 34 33 44 40 48 46 9 1 11 15 28 49 13 37 17 42 8 22 27 41 39 4 26 21 47 
47 14 6 26 42 21 46 33 9 7 15 13 39 43 24 44 3 28 18 10 41 5 35 22 8 11 2 37 49 31 38 4 40 17 27 30 34 45 36 19 23 32 20 1 12 29 48 25 16 
8 12 29 13 28 18 33 49 22 41 20 1 26 25 43 23 17 16 40 30 37 4 10 21 39 9 36 27 24 47 42 14 7 19 44 6 35 48 46 11 38 15 34 31 5 32 2 3 45 
4 39 11 41 15 2 5 34 23 10 30 24 29 44 47 8 48 9 6 32 27 49 25 28 14 31 46 17 35 16 45 13 26 20 43 18 12 21 1 33 7 3 37 40 38 22 42 19 36 
48 37 40 22 23 44 16 21 45 31 12 35 46 38 13 14 49 39 26 34 42 1 6 29 32 20 15 19 3 18 36 30 10 33 2 25 4 5 47 41 27 28 8 7 43 24 17 11 9 
17 45 3 34 9 1 49 27 36 28 48 37 4 40 11 22 5 2 21 15 19 47 30 38 42 7 41 26 29 32 39 25 12 8 6 10 14 43 16 20 31 24 35 33 46 23 13 18 44 
################proper############## 

 average_time = 376.313966 

 success runs = 1 

 total average iters = 40358995.000000 
