Success!!! 
 
 max_col = 
 49 
 
 run_time = 
 315.352263 
 
 once iters = 
 25138084 
 
33 42 25 9 5 32 8 19 1 3 18 26 31 47 36 10 35 48 14 4 24 41 40 46 7 23 17 34 27 38 22 2 28 11 30 21 37 39 20 6 29 45 15 49 12 44 43 16 13 
49 13 21 41 43 7 38 9 29 15 6 11 35 8 34 23 40 27 3 17 47 12 19 30 4 24 14 22 20 42 39 37 1 36 45 33 32 16 2 48 44 28 25 46 10 5 31 18 26 
46 1 20 16 24 6 31 48 37 22 36 27 28 39 18 29 38 25 43 15 30 2 13 5 49 9 10 32 35 44 41 14 47 19 33 42 17 8 26 3 11 12 23 40 34 4 45 21 7 
45 35 4 23 48 30 47 33 12 7 25 21 20 13 39 49 5 42 2 19 46 44 36 43 37 15 16 11 31 18 17 32 26 10 6 9 22 24 27 40 38 34 28 1 29 3 8 14 41 
34 29 39 17 37 19 11 16 49 46 38 41 42 45 44 22 28 33 31 26 7 1 18 8 48 27 35 3 21 13 25 40 43 5 12 4 10 15 14 23 47 30 24 20 36 2 9 6 32 
36 18 10 15 27 22 2 14 44 40 30 23 17 4 13 12 32 45 6 41 16 20 25 21 28 26 29 42 9 34 3 7 24 46 8 49 1 19 31 43 35 5 48 33 39 38 11 37 47 
28 3 14 12 26 40 44 10 5 32 43 24 2 34 1 20 8 9 37 11 21 6 47 31 33 39 45 38 23 48 16 15 4 49 29 18 36 7 46 41 13 25 30 22 35 17 27 19 42 
42 4 24 30 23 43 7 40 18 1 12 39 15 6 25 17 20 41 33 27 2 29 9 16 10 21 36 48 32 46 45 34 22 26 35 47 11 38 19 28 3 14 37 31 13 49 5 44 8 
21 47 13 1 41 18 12 2 28 25 20 49 27 16 6 46 48 36 45 40 19 22 17 44 34 7 3 23 29 33 11 4 31 38 43 8 5 32 42 9 24 37 14 15 30 10 39 26 35 
39 49 48 8 29 10 19 46 17 35 3 30 4 9 38 47 23 32 18 31 37 25 27 1 13 43 15 24 36 2 28 5 41 16 14 44 21 20 40 26 12 7 11 45 42 33 34 22 6 
9 27 37 32 20 26 25 29 24 47 8 22 48 41 28 1 16 7 21 39 14 35 11 12 46 5 4 33 49 6 40 30 23 44 42 45 15 10 13 31 34 36 18 2 3 43 19 17 38 
16 40 28 22 11 3 5 38 45 44 19 32 26 31 8 4 29 13 15 10 34 14 42 37 6 47 20 30 17 1 9 24 21 18 39 43 46 35 33 2 49 48 41 27 25 36 12 7 23 
35 44 38 46 2 33 34 42 10 23 14 43 37 36 26 9 49 3 5 12 11 45 32 41 39 31 19 28 13 25 8 48 20 15 7 30 6 18 22 27 17 4 47 21 40 16 24 29 1 
6 36 45 14 15 31 17 13 11 34 33 5 21 7 35 44 43 22 30 24 42 26 8 49 40 38 18 2 19 12 27 47 3 37 10 1 25 41 23 29 39 16 46 9 28 48 32 4 20 
37 16 2 21 47 35 27 5 19 36 23 45 39 32 40 3 22 20 11 33 48 15 28 10 42 4 25 44 7 8 49 43 29 12 9 46 30 26 34 13 14 24 31 38 6 18 41 1 17 
25 30 26 36 34 1 10 7 6 24 35 3 22 18 9 19 17 47 23 43 49 16 41 33 5 11 8 40 48 15 42 39 13 4 28 12 31 29 38 21 45 27 32 44 2 20 14 46 37 
29 39 17 38 9 48 41 44 46 28 13 15 14 40 12 18 2 5 4 7 31 21 26 35 1 45 27 20 25 22 6 3 37 30 47 11 16 33 10 19 43 32 49 34 23 8 42 36 24 
4 20 40 33 44 15 32 8 31 10 34 47 29 1 14 26 30 16 27 21 6 19 24 23 3 49 43 37 11 17 46 41 38 2 5 22 48 42 36 39 18 9 12 35 45 7 13 25 28 
18 12 8 43 7 13 42 49 4 38 16 33 9 11 10 45 37 46 25 35 28 34 14 17 36 48 39 6 24 26 32 20 19 31 1 15 41 2 47 44 23 40 21 5 22 30 3 27 29 
22 28 11 19 49 5 24 30 48 17 27 37 41 2 42 36 13 34 44 38 1 18 7 29 31 46 32 12 40 23 14 21 33 45 16 20 35 25 8 4 6 3 26 39 15 47 10 43 9 
14 31 3 45 6 23 46 25 21 26 42 12 43 20 32 39 24 15 41 29 8 38 22 9 2 13 30 47 44 10 34 27 36 35 18 37 28 5 7 17 1 49 4 11 33 19 40 48 16 
43 37 27 10 19 25 15 20 13 9 17 29 6 30 48 38 18 49 7 32 3 47 12 40 8 42 11 5 26 39 21 23 44 28 41 35 24 45 4 22 16 1 33 14 31 34 46 2 36 
11 32 16 48 45 29 36 12 35 42 47 46 23 25 30 33 41 26 1 28 27 39 3 19 18 2 44 15 34 14 37 10 40 9 4 13 49 21 43 7 31 17 8 24 5 6 38 20 22 
17 24 44 47 33 28 49 41 26 19 31 14 7 37 16 8 21 40 22 45 5 4 34 48 20 25 13 10 18 36 35 1 6 42 38 39 27 11 12 15 46 2 9 30 32 29 23 3 43 
3 34 30 26 35 38 18 36 32 48 4 8 45 5 17 42 6 31 12 9 23 49 37 22 43 33 24 7 2 16 20 46 15 29 27 25 47 28 44 14 10 19 1 13 41 11 21 39 40 
31 2 46 6 1 14 4 22 40 39 21 34 16 44 24 43 36 10 47 20 25 17 29 27 30 28 26 45 8 11 7 49 32 13 3 5 23 9 48 38 41 33 35 19 18 37 15 42 12 
41 23 42 5 8 39 9 24 38 33 49 2 11 3 29 14 15 19 13 44 35 46 21 32 16 36 6 1 45 43 31 12 25 17 22 26 40 34 30 18 37 20 10 7 4 27 47 28 48 
20 7 22 13 12 21 40 15 27 43 1 28 18 10 4 11 46 2 34 37 39 9 31 38 23 14 41 35 5 47 33 19 30 24 48 29 8 36 3 32 42 6 17 26 44 45 16 49 25 
26 11 23 44 13 37 29 47 25 16 45 31 38 42 43 40 27 4 32 49 20 8 46 36 22 6 34 14 33 30 12 28 7 41 2 17 9 1 18 24 19 10 39 48 21 15 35 5 3 
24 19 7 40 10 42 21 6 20 27 15 36 8 46 47 30 12 37 26 13 22 5 45 11 29 41 9 43 3 4 18 35 17 39 23 14 34 44 49 25 48 31 2 32 16 1 28 38 33 
8 38 18 20 32 9 48 37 22 2 29 4 3 28 41 5 7 21 24 23 36 31 33 47 26 35 1 13 6 45 10 44 46 34 40 27 39 30 16 42 15 11 19 43 49 25 17 12 14 
5 6 43 25 46 49 33 11 39 13 41 10 34 24 45 2 44 1 35 48 15 28 4 3 32 12 21 17 16 19 47 8 27 14 31 7 26 23 37 36 22 38 42 29 20 40 30 9 18 
15 22 35 2 30 47 45 32 9 14 44 19 1 26 11 16 34 28 39 42 17 27 10 18 38 20 37 49 43 29 48 13 5 25 36 40 3 12 6 33 21 46 7 23 8 41 4 24 31 
27 41 12 39 31 34 28 21 23 30 7 18 49 17 33 25 14 8 9 3 38 24 48 2 44 16 40 19 15 37 1 26 42 22 20 32 29 4 35 47 5 43 45 36 11 13 6 10 46 
1 17 36 3 14 4 16 35 43 5 40 48 12 33 46 31 19 18 10 6 29 42 23 39 15 30 7 25 38 49 24 11 9 32 21 2 45 13 28 8 20 41 44 47 37 26 22 34 27 
47 26 49 28 38 46 39 4 3 8 2 16 19 27 21 41 9 35 36 34 43 48 5 7 45 37 23 18 12 31 30 29 14 1 32 10 44 6 24 11 33 22 13 25 17 42 20 40 15 
12 9 41 34 3 11 22 26 7 45 32 1 36 43 19 13 4 14 17 30 33 40 15 42 21 10 49 31 46 27 23 6 39 47 37 16 18 48 25 20 28 29 5 8 38 24 44 35 2 
13 45 1 4 25 20 35 18 15 12 24 40 46 48 23 32 47 29 42 2 10 36 39 28 27 3 38 26 22 7 44 16 11 21 49 19 14 31 17 5 30 8 6 41 43 9 37 33 34 
23 21 31 27 16 8 6 17 14 29 37 44 30 49 5 15 3 39 46 22 45 11 2 13 25 34 33 9 28 20 4 18 35 43 24 38 42 47 41 1 40 26 36 10 48 12 7 32 19 
30 10 32 24 40 2 14 31 42 6 28 9 47 22 27 7 26 11 38 8 44 43 1 20 35 19 12 16 41 5 15 25 48 33 17 34 4 37 45 49 36 13 3 18 46 21 29 23 39 
48 5 33 7 18 17 37 39 34 21 10 13 25 38 20 24 31 6 28 16 40 32 44 14 41 29 47 46 42 3 26 36 45 8 19 23 2 43 15 12 9 35 27 4 1 22 49 30 11 
44 15 19 29 42 36 43 23 33 41 11 20 5 35 49 37 25 12 48 1 18 30 6 24 17 8 22 4 10 9 13 38 2 40 34 3 7 27 21 46 32 39 16 28 14 31 26 47 45 
2 48 34 37 4 45 23 27 36 49 39 6 10 12 7 21 42 30 29 47 9 3 43 26 14 40 28 8 1 41 38 31 18 20 46 24 13 17 11 35 25 44 22 16 19 32 33 15 5 
19 25 5 11 22 41 26 34 30 37 9 35 13 14 3 48 33 43 49 18 32 23 38 4 12 1 46 21 47 24 2 45 10 7 15 6 20 40 39 16 8 42 29 17 27 28 36 31 44 
10 14 9 31 36 44 3 1 16 11 22 25 32 23 15 28 39 38 19 46 12 33 20 34 24 18 42 27 30 21 5 17 8 6 26 41 43 49 29 45 2 47 40 37 7 35 48 13 4 
7 46 6 18 39 27 1 43 41 20 5 42 24 15 22 34 45 17 40 36 4 10 16 25 11 44 31 29 14 35 19 9 49 48 13 28 33 3 32 37 26 21 38 12 47 23 2 8 30 
38 8 15 35 17 16 30 3 2 31 46 7 40 19 37 6 1 24 20 14 41 13 49 45 47 32 5 36 4 28 29 33 34 23 44 48 12 22 9 10 27 18 43 42 26 39 25 11 21 
32 33 47 49 21 24 13 28 8 4 48 17 44 29 31 35 11 23 16 5 26 37 30 6 19 22 2 41 39 40 43 42 12 27 25 36 38 14 1 34 7 15 20 3 9 46 18 45 10 
40 43 29 42 28 12 20 45 47 18 26 38 33 21 2 27 10 44 8 25 13 7 35 15 9 17 48 39 37 32 36 22 16 3 11 31 19 46 5 30 4 23 34 6 24 14 1 41 49 
################proper############## 

 average_time = 315.352263 

 success runs = 1 

 total average iters = 25138084.000000 
