Success!!! 
 
 max_col = 
 49 
 
 run_time = 
 343.328186 
 
 once iters = 
 27701770 
 
7 5 39 34 4 11 37 12 31 20 9 19 15 10 36 47 8 16 2 35 41 42 17 48 3 38 1 28 13 18 14 40 6 45 22 33 21 26 27 24 29 49 25 32 44 23 46 43 30 
14 15 2 25 35 49 1 29 22 26 36 45 23 48 6 39 10 38 4 18 12 44 32 21 46 19 13 11 16 27 24 33 7 42 8 5 43 20 30 41 9 28 17 47 31 34 3 37 40 
9 41 17 23 19 36 47 39 14 3 42 30 27 43 48 29 25 21 33 7 24 49 31 8 34 10 22 20 15 5 11 37 44 1 32 6 46 2 40 4 16 38 13 26 28 35 18 45 12 
24 26 8 46 38 40 31 2 34 11 5 18 44 13 14 1 42 49 20 22 30 16 41 7 43 15 12 4 9 23 28 29 39 17 47 45 37 32 25 3 35 19 10 36 48 6 27 21 33 
18 20 48 28 12 10 33 1 21 16 49 35 8 32 40 27 44 19 3 46 15 6 45 29 47 26 37 5 30 2 43 31 38 25 36 22 23 39 17 7 34 13 9 41 4 14 42 11 24 
32 43 6 30 22 3 27 37 4 47 33 46 25 41 5 45 31 17 28 26 13 24 9 2 40 39 35 23 21 12 48 10 19 20 34 42 14 18 11 8 44 36 38 7 49 15 16 1 29 
16 13 45 21 44 29 42 28 24 40 38 17 6 7 9 43 37 23 11 34 32 27 36 30 18 33 14 25 4 3 46 35 41 26 49 48 10 1 12 31 47 15 8 2 39 20 22 5 19 
34 31 9 26 32 16 13 18 19 44 6 25 4 29 23 17 40 7 42 37 39 33 22 36 10 45 28 24 11 47 1 15 20 46 27 41 38 21 48 49 14 5 12 3 2 8 43 30 35 
42 44 33 47 17 43 29 8 11 49 37 20 30 22 1 32 14 31 5 12 3 4 6 27 41 34 9 48 18 7 21 2 40 38 35 46 39 25 16 15 36 10 19 13 23 28 45 24 26 
41 11 35 15 6 4 19 42 46 13 31 1 17 24 10 25 30 22 34 45 33 39 3 14 2 43 44 47 49 32 12 48 9 37 28 7 26 8 29 40 18 23 21 27 20 36 5 38 16 
10 14 38 20 45 39 7 9 28 43 21 23 12 36 15 4 24 8 26 49 27 1 5 19 13 40 32 42 41 22 6 3 16 29 17 37 34 35 47 33 2 30 11 46 25 18 48 44 31 
8 23 30 2 49 48 5 40 3 35 45 7 14 27 18 46 36 20 21 19 9 12 15 17 16 11 38 29 26 33 25 43 24 4 39 44 42 13 31 1 28 22 37 10 32 47 41 34 6 
21 12 27 37 28 1 40 33 32 2 34 5 47 38 29 35 16 43 48 41 11 25 46 23 26 31 18 8 44 10 19 13 36 14 30 9 17 45 20 6 24 3 7 42 15 4 49 22 39 
36 46 25 22 18 24 3 15 41 39 48 16 10 26 28 38 13 6 44 47 2 7 35 37 20 30 49 21 5 34 23 8 42 31 45 27 19 11 32 43 12 4 29 1 40 9 14 33 17 
39 28 19 33 11 2 43 24 44 41 8 15 49 25 30 10 6 13 23 4 18 26 40 16 21 7 31 27 36 38 5 47 17 48 9 35 3 14 34 37 32 20 45 12 1 22 29 42 46 
3 17 12 10 8 44 38 32 40 42 47 37 18 5 21 15 39 2 35 20 16 14 43 28 11 49 24 22 27 19 34 46 13 30 1 29 45 33 26 9 25 7 36 31 41 48 4 6 23 
47 9 15 29 23 5 18 46 2 17 30 14 39 12 8 36 19 34 49 24 7 38 1 4 48 20 45 33 28 42 41 25 32 21 10 40 22 6 43 44 31 16 27 35 3 37 11 26 13 
48 36 42 4 7 6 26 20 16 28 22 38 34 33 43 12 47 40 31 44 17 37 25 41 29 9 3 15 45 11 8 24 35 23 14 1 13 30 46 27 49 18 32 39 19 21 2 10 5 
45 34 32 27 30 22 21 7 9 36 11 4 29 3 41 26 28 5 14 1 25 35 42 6 17 13 10 46 43 37 31 12 2 49 40 47 24 23 8 19 48 39 20 18 33 16 44 15 38 
35 24 40 14 1 20 16 45 10 27 23 43 13 31 3 48 22 46 37 9 42 30 44 47 32 18 19 2 33 15 4 39 29 6 26 12 11 38 41 36 5 21 49 8 7 17 34 25 28 
13 25 37 31 41 46 49 26 35 19 1 21 48 6 33 11 45 32 29 27 38 23 39 34 8 12 5 36 22 16 18 7 3 44 20 4 2 15 28 42 10 17 43 40 14 30 24 47 9 
17 10 34 16 42 8 4 38 43 14 7 2 31 1 11 23 49 26 9 13 6 40 30 20 33 3 15 18 46 24 27 22 48 35 41 36 47 29 37 25 45 44 28 5 21 19 12 39 32 
20 27 36 6 5 41 28 22 48 18 24 10 3 21 7 34 15 29 32 33 1 17 16 12 37 4 8 31 25 30 45 42 26 39 38 11 49 19 35 14 23 40 44 43 9 46 13 2 47 
43 40 23 45 39 19 46 4 42 8 25 27 20 44 38 22 3 12 16 10 36 13 34 9 35 24 41 6 32 14 7 21 47 28 37 2 48 5 18 30 1 26 33 15 17 29 31 49 11 
49 7 24 18 48 15 12 30 33 46 26 11 41 45 42 8 5 47 25 2 20 19 28 39 27 1 23 32 29 4 17 9 31 36 44 43 16 3 22 21 13 6 14 37 35 10 38 40 34 
31 22 13 44 37 9 11 16 17 23 19 6 28 47 4 21 43 27 18 40 35 48 38 46 36 14 29 49 1 8 10 34 33 2 5 15 41 12 39 32 20 42 26 24 45 25 30 7 3 
33 21 3 38 25 14 35 5 37 9 29 32 40 15 44 24 46 30 19 39 28 2 26 11 7 42 47 45 6 49 13 20 43 16 12 34 4 27 10 17 8 31 1 48 36 41 23 18 22 
30 32 29 1 26 47 2 49 36 12 39 13 35 34 45 37 41 48 17 31 14 43 10 5 22 21 25 44 19 40 3 23 18 11 15 38 28 9 7 46 33 24 4 16 6 27 8 20 42 
29 19 49 43 10 18 34 3 1 48 44 31 7 17 12 5 26 36 39 11 47 32 8 22 25 23 2 30 37 6 20 28 4 13 46 14 9 16 21 35 15 33 24 45 42 38 40 27 41 
4 2 26 17 20 21 15 11 30 10 16 9 43 8 32 18 35 37 27 42 48 28 49 24 19 5 34 14 40 25 38 41 45 33 3 13 1 7 44 12 6 47 23 22 29 31 39 46 36 
6 8 1 48 47 28 39 27 23 45 15 24 46 37 2 33 4 10 13 25 19 18 7 35 42 41 26 17 14 29 44 32 11 5 31 3 36 40 38 20 22 34 30 21 16 43 9 12 49 
25 45 7 36 24 42 44 35 6 22 4 40 19 49 31 20 29 15 41 28 21 9 27 38 1 16 46 12 10 48 47 30 23 43 18 8 32 37 5 2 39 11 34 33 13 3 26 17 14 
46 35 41 12 27 31 14 21 13 38 18 28 5 20 16 7 9 3 40 30 23 29 37 33 6 48 11 39 24 36 42 26 34 22 2 17 25 49 45 10 4 43 15 19 8 1 47 32 44 
5 38 11 40 13 33 23 14 29 34 32 41 36 39 24 44 1 45 8 6 22 21 20 3 15 47 4 43 7 9 49 17 12 27 16 28 30 31 19 26 42 46 18 25 37 2 35 48 10 
22 37 16 9 3 32 30 47 12 25 2 33 26 42 34 49 17 14 43 38 46 31 13 45 44 36 40 10 35 1 39 19 15 8 21 18 29 24 23 48 27 41 6 20 11 5 7 28 4 
38 29 14 42 16 17 45 48 8 32 12 39 24 40 22 28 7 33 46 21 34 5 19 15 9 25 6 13 47 20 37 27 10 41 23 49 31 43 36 18 26 35 3 44 30 11 1 4 2 
1 47 4 24 2 12 9 10 15 21 14 26 38 30 37 31 32 35 36 43 45 20 23 40 28 8 27 34 39 44 33 16 46 18 11 25 6 41 3 22 19 48 42 29 5 49 17 13 7 
44 18 28 3 34 35 22 31 47 37 41 42 11 16 19 13 23 24 1 5 10 36 33 49 12 2 43 26 38 17 40 14 30 7 6 39 15 46 4 45 21 29 48 9 27 32 25 8 20 
15 6 5 39 21 27 41 44 18 29 17 36 2 9 20 40 11 25 47 16 26 22 4 32 38 46 42 1 3 45 35 49 8 19 48 30 7 28 24 13 37 14 31 34 10 12 33 23 43 
23 48 20 49 40 25 8 19 5 4 13 3 22 35 39 9 12 41 38 14 44 11 21 31 45 37 30 7 42 43 32 1 28 24 29 10 27 34 33 16 17 2 47 6 46 26 15 36 18 
19 33 46 13 43 26 32 23 7 1 27 49 45 28 17 6 18 42 30 8 29 3 14 10 24 44 48 16 2 31 15 36 25 34 4 20 40 47 9 5 11 12 41 38 22 39 37 35 21 
11 30 31 7 36 37 10 25 20 6 43 34 33 46 27 2 48 4 15 3 49 41 47 18 39 29 17 35 12 21 26 5 22 9 13 32 8 44 42 23 38 1 16 28 24 40 19 14 45 
40 42 47 32 15 30 48 43 38 31 3 44 1 18 25 16 2 9 45 17 37 46 29 13 23 6 21 41 20 28 22 11 5 10 33 26 12 4 14 39 7 8 35 49 34 24 36 19 27 
2 49 22 19 33 38 36 17 27 7 46 12 9 14 47 41 20 1 24 48 5 15 11 43 4 28 39 3 8 13 16 18 37 32 42 31 35 10 6 34 30 45 40 23 26 44 21 29 25 
27 4 18 5 29 34 25 13 26 24 10 8 16 19 46 14 33 39 22 32 40 47 12 42 30 35 20 9 17 41 36 45 21 15 43 23 44 48 49 28 3 37 2 11 38 7 6 31 1 
37 39 43 41 9 7 17 34 45 15 28 47 42 23 35 19 21 11 12 29 31 10 2 44 49 27 36 40 48 26 30 6 14 3 25 24 33 22 1 38 46 32 5 4 18 13 20 16 8 
28 1 21 35 31 13 6 36 39 33 40 29 32 11 49 30 34 18 7 15 4 8 48 26 5 17 16 38 23 46 9 44 27 12 24 19 20 42 2 47 41 25 22 14 43 45 10 3 37 
12 16 44 11 14 23 20 6 25 5 35 48 37 4 26 3 27 28 10 36 8 45 24 1 31 22 33 19 34 39 2 38 49 40 7 21 18 17 13 29 43 9 46 30 47 42 32 41 15 
26 3 10 8 46 45 24 41 49 30 20 22 21 2 13 42 38 44 6 23 43 34 18 25 14 32 7 37 31 35 29 4 1 47 19 16 5 36 15 11 40 27 39 17 12 33 28 9 48 
################proper############## 

 average_time = 343.328186 

 success runs = 1 

 total average iters = 27701770.000000 
