Success!!! 
 
 max_col = 
 49 
 
 run_time = 
 616.760621 
 
 once iters = 
 60396183 
 
48 21 27 33 25 49 15 39 4 31 45 12 40 17 46 7 26 18 44 42 38 10 14 19 13 29 47 11 41 32 37 35 23 5 3 2 43 8 9 1 20 22 6 24 30 34 16 36 28 
19 37 2 24 22 26 38 48 46 5 33 3 28 6 23 4 1 10 47 36 27 40 30 41 9 17 45 16 13 14 18 7 34 42 43 21 49 15 31 44 12 11 35 29 25 8 39 20 32 
9 47 35 20 39 13 12 32 19 34 27 21 43 15 6 22 41 30 25 40 17 48 5 24 42 8 18 36 1 28 16 11 2 10 29 26 37 46 38 45 7 23 44 3 33 49 4 14 31 
36 11 30 7 45 29 34 25 41 9 20 18 47 22 33 28 2 48 19 12 43 3 35 44 26 37 15 31 40 21 46 49 8 39 4 24 16 6 14 32 27 42 5 13 17 38 10 23 1 
5 43 32 1 23 40 31 30 44 10 8 26 13 42 20 9 37 16 15 45 14 22 21 49 2 46 25 39 38 6 24 33 36 19 17 4 48 28 29 35 3 34 11 41 18 7 27 12 47 
41 6 4 18 8 16 14 23 1 24 7 37 36 2 11 3 49 29 35 13 39 34 12 33 28 38 20 32 31 48 15 27 44 22 45 25 30 5 47 19 17 10 9 43 26 42 21 40 46 
17 46 3 10 42 28 44 49 38 29 14 35 11 16 5 8 31 32 21 24 34 1 6 4 7 27 43 23 9 25 47 26 30 12 20 41 40 39 33 18 13 36 19 48 45 22 37 2 15 
14 9 28 35 15 31 48 12 5 32 1 41 46 30 2 47 8 24 45 19 40 25 20 13 23 11 39 6 49 18 34 16 43 3 26 33 17 38 44 10 22 27 29 7 21 36 42 37 4 
1 8 11 45 18 43 5 34 25 20 37 38 9 10 17 49 32 7 31 29 21 12 36 42 46 4 16 15 24 41 13 19 39 48 47 6 3 40 26 14 28 30 33 22 2 23 44 27 35 
37 12 13 30 19 41 29 36 39 7 17 11 49 8 25 44 34 27 26 9 42 45 31 47 14 33 2 48 20 22 10 1 4 28 32 18 23 35 21 43 24 46 38 5 40 15 3 6 16 
6 22 26 4 47 46 27 40 48 33 42 31 2 14 1 35 10 43 16 20 3 28 7 38 17 9 49 21 11 29 36 44 37 23 30 45 8 25 15 34 5 19 13 18 12 32 24 41 39 
21 42 20 40 33 36 10 43 16 27 26 15 3 4 39 18 30 38 23 14 13 19 24 22 37 5 44 1 45 35 9 46 17 6 2 32 41 7 12 47 49 29 31 25 34 28 11 48 8 
49 32 16 25 44 38 3 24 21 23 29 47 35 13 22 5 48 33 28 11 6 27 10 26 41 30 34 18 8 40 7 31 14 15 12 36 9 4 42 37 39 2 1 19 43 20 45 46 17 
39 2 24 17 34 7 23 45 22 28 18 6 19 44 41 37 4 15 36 46 12 32 29 8 43 3 40 35 27 5 42 25 21 33 38 1 31 11 13 48 16 20 30 14 9 47 26 10 49 
10 34 12 9 16 37 8 1 26 30 2 39 31 48 42 46 11 47 13 35 36 15 43 6 24 28 29 22 5 38 27 40 45 41 44 20 14 32 7 23 4 18 17 49 19 3 33 25 21 
42 41 29 38 49 44 6 9 40 17 13 43 21 35 27 32 28 23 2 22 1 47 19 36 8 48 7 30 34 16 26 20 3 31 25 11 45 37 39 15 33 24 12 10 5 46 14 4 18 
15 25 33 13 5 27 22 3 45 36 28 16 23 11 7 41 18 19 39 17 20 21 46 2 34 44 31 37 43 4 35 29 12 14 48 30 42 49 1 9 10 38 47 40 32 6 8 26 24 
11 4 19 48 3 14 36 15 20 25 34 32 18 7 21 30 29 31 8 44 33 38 39 1 10 26 17 40 23 47 49 9 24 37 13 46 5 12 2 6 41 43 22 45 28 27 35 16 42 
28 18 43 46 17 47 39 37 10 38 12 8 33 49 24 34 9 25 6 5 16 4 45 14 35 42 3 20 2 11 19 15 32 30 7 40 26 36 27 22 29 21 41 23 31 44 13 1 48 
20 1 21 31 32 30 26 44 27 22 4 29 5 24 14 40 45 12 48 43 10 11 23 9 49 41 33 25 28 46 39 18 6 17 42 19 35 13 3 16 8 47 15 37 36 2 38 7 34 
45 7 40 2 24 23 35 6 14 19 47 42 41 46 15 38 3 26 37 4 49 5 16 12 27 18 32 13 21 8 33 36 10 1 22 34 25 44 28 17 48 31 43 20 39 29 9 30 11 
27 3 41 39 20 10 13 11 30 26 16 22 48 9 4 19 35 6 29 15 18 46 17 45 12 43 5 8 37 36 23 24 49 44 14 28 33 2 32 31 38 40 34 47 42 1 7 21 25 
2 26 8 15 14 24 43 27 37 12 25 45 29 1 44 23 40 3 30 48 22 20 11 21 31 34 13 4 47 7 28 10 46 18 5 35 36 17 41 42 6 9 16 38 49 19 32 39 33 
34 49 44 21 31 11 33 35 15 4 41 17 38 20 10 36 24 5 42 37 7 9 28 48 22 23 6 47 32 1 40 45 16 13 27 39 46 43 19 30 25 3 18 12 8 14 2 29 26 
47 45 7 37 48 9 46 28 43 21 10 14 24 33 32 1 39 49 27 8 31 36 15 16 40 19 42 2 29 30 3 12 38 25 6 5 44 18 34 4 11 26 23 35 41 13 22 17 20 
12 29 42 36 6 1 17 46 7 3 32 40 44 19 16 2 20 34 33 38 9 24 49 25 18 14 35 26 39 31 8 41 15 4 21 10 22 47 23 13 37 45 27 30 48 5 28 11 43 
35 16 38 23 30 25 18 5 42 2 49 34 39 31 47 13 14 28 17 21 41 37 32 29 44 7 10 3 33 26 11 43 22 20 19 48 24 27 8 12 15 1 4 46 6 40 36 45 9 
4 28 22 32 40 5 19 13 6 47 23 36 8 18 12 26 43 11 46 25 45 39 38 27 30 1 41 33 42 17 48 34 9 2 35 7 20 21 16 29 14 49 24 15 3 37 31 44 10 
24 5 36 44 37 19 40 17 28 15 3 48 25 21 34 10 6 2 49 41 26 31 27 20 47 45 4 9 46 12 43 14 13 7 33 16 11 1 35 38 23 32 39 8 22 18 30 42 29 
7 31 23 49 4 42 2 22 33 8 46 1 14 12 36 43 27 35 5 3 48 26 13 30 6 21 37 19 16 44 38 32 47 40 15 29 18 45 20 39 9 28 25 17 10 11 34 24 41 
43 27 25 3 21 34 32 19 31 39 38 23 37 41 28 16 42 20 14 7 46 29 1 18 48 22 11 44 17 45 30 4 35 8 9 15 10 24 6 2 40 33 49 26 13 12 5 47 36 
8 14 39 41 11 20 9 26 49 6 44 7 34 43 18 17 22 21 1 31 30 33 40 32 16 15 12 5 10 3 29 23 25 24 28 47 13 42 48 36 46 4 37 27 35 45 19 38 2 
38 48 45 6 12 17 16 47 9 13 30 4 10 29 37 25 15 8 40 33 44 49 34 35 39 24 36 28 19 20 2 5 42 11 18 3 27 41 22 26 21 14 32 1 23 43 46 31 7 
13 33 46 47 26 15 28 18 35 42 36 5 20 32 29 24 23 45 11 39 4 7 8 17 38 2 14 10 22 27 41 37 31 34 1 12 19 30 43 49 44 25 48 9 16 21 40 3 6 
30 10 18 22 29 35 1 16 11 45 24 2 27 40 9 12 47 13 38 32 19 43 41 46 3 25 23 42 36 49 6 48 26 21 39 37 7 34 17 5 31 8 28 4 14 33 20 15 44 
40 35 5 11 46 48 42 7 47 18 39 49 17 37 30 15 19 44 9 26 24 8 2 43 20 10 1 41 12 13 14 38 27 16 36 22 28 29 25 21 32 6 45 33 4 31 23 34 3 
33 20 10 28 43 6 4 2 29 41 35 25 15 3 40 27 16 17 12 34 5 44 48 31 21 49 19 7 30 24 22 39 18 26 11 23 1 14 45 46 36 13 42 32 37 9 47 8 38 
32 17 31 29 13 12 45 38 24 11 21 19 1 27 48 20 46 42 10 2 8 16 22 37 36 35 30 34 25 33 4 6 41 49 23 9 47 3 40 7 43 39 14 44 15 26 18 28 5 
44 24 37 26 9 8 49 33 36 14 40 46 22 34 35 39 7 41 32 23 47 42 3 11 45 12 28 29 48 15 21 17 1 43 10 38 4 31 18 20 19 5 2 16 27 25 6 13 30 
18 19 14 27 36 39 30 31 12 48 5 10 42 28 49 11 33 1 4 6 29 23 26 40 25 13 9 38 3 37 45 47 20 32 34 17 15 16 24 8 2 44 7 21 46 35 41 43 22 
22 38 15 34 2 3 7 4 13 16 6 9 32 23 31 45 21 36 43 28 25 14 18 39 33 47 24 46 44 19 5 42 29 35 8 27 12 10 30 41 26 37 20 11 1 17 48 49 40 
25 23 1 16 41 21 47 20 8 44 43 30 45 26 13 14 38 22 3 18 37 6 4 5 15 32 27 17 7 2 31 28 40 9 46 49 34 48 11 33 42 35 10 36 24 39 29 19 12 
3 39 34 5 10 18 37 29 17 1 9 24 6 45 38 21 25 14 7 49 23 41 44 15 32 36 8 12 35 42 20 22 19 27 40 31 2 26 4 11 30 48 46 28 47 16 43 33 13 
16 15 48 43 35 45 20 8 2 40 11 27 26 36 19 42 44 46 18 30 32 17 33 34 1 31 21 24 4 23 12 13 5 29 49 14 39 9 10 28 47 7 3 6 38 41 25 22 37 
23 13 49 42 38 33 41 10 3 46 15 20 12 25 8 29 5 4 34 47 2 35 9 7 19 16 26 45 6 39 44 30 28 36 24 43 21 22 37 27 18 17 40 31 11 48 1 32 14 
26 36 6 19 28 2 24 14 32 49 22 44 4 5 45 33 12 39 41 1 11 13 37 3 29 40 48 43 18 10 17 21 7 47 31 42 38 23 46 25 35 16 8 34 20 30 15 9 27 
31 30 17 8 1 22 21 42 34 37 19 28 7 47 43 48 36 40 24 27 35 18 25 10 11 6 38 14 15 9 32 2 33 46 16 13 29 20 49 3 45 41 26 39 44 4 12 5 23 
46 40 9 14 7 32 25 21 23 35 48 13 30 38 3 31 17 37 20 16 15 2 47 28 4 39 22 27 26 43 1 8 11 45 41 44 6 33 5 24 34 12 36 42 29 10 49 18 19 
29 44 47 12 27 4 11 41 18 43 31 33 16 39 26 6 13 9 22 10 28 30 42 23 5 20 46 49 14 34 25 3 48 38 37 8 32 19 36 40 1 15 21 2 7 24 17 35 45 
################proper############## 

 average_time = 616.760621 

 success runs = 1 

 total average iters = 60396183.000000 
