Success!!! 
 
 max_col = 
 49 
 
 run_time = 
 167.705358 
 
 once iters = 
 13687190 
 
29 3 14 10 47 34 21 30 19 43 25 15 32 41 22 37 4 1 27 40 23 5 46 13 6 45 16 2 42 35 44 33 17 24 9 11 48 49 31 26 20 18 38 36 8 7 28 39 12 
45 18 8 43 49 48 23 4 31 14 22 39 7 17 20 3 34 9 44 24 25 36 28 15 12 38 40 33 2 41 6 32 46 29 47 10 27 5 1 19 37 42 11 30 21 16 26 35 13 
39 12 24 32 42 38 30 33 26 45 44 13 5 29 17 28 47 36 11 18 21 43 49 25 14 8 31 48 22 15 4 7 10 40 19 16 46 6 41 2 3 35 9 20 34 1 23 27 37 
2 44 9 36 7 20 5 28 6 10 37 18 3 16 33 26 15 31 41 48 13 23 1 21 42 35 11 4 38 30 45 49 27 12 39 34 24 43 14 32 8 40 22 47 25 46 17 29 19 
27 16 15 35 4 28 37 40 1 47 12 46 2 38 5 43 49 29 14 39 32 34 20 19 17 10 24 22 26 11 25 13 31 36 8 23 21 30 7 45 9 33 42 41 3 18 48 6 44 
17 26 40 46 11 6 13 35 36 34 23 27 24 9 7 16 42 8 19 2 10 30 29 44 41 18 39 3 1 20 28 21 37 14 48 12 38 25 47 22 15 4 33 43 49 5 31 32 45 
25 22 33 31 19 1 41 49 20 42 48 11 21 8 35 30 12 45 38 46 6 37 47 9 26 7 27 32 3 5 16 23 43 18 34 44 17 13 29 36 39 28 24 2 10 4 14 40 15 
5 23 47 20 33 21 4 15 38 25 40 43 12 37 46 18 39 41 7 10 26 1 8 27 45 29 34 16 11 48 31 3 6 22 2 17 42 14 28 9 44 49 30 32 36 19 13 24 35 
7 30 35 13 28 29 27 47 44 5 9 33 6 22 19 36 3 23 17 11 4 24 18 49 39 15 20 12 34 42 40 26 25 45 46 43 41 32 37 1 16 48 14 38 2 31 21 10 8 
16 8 42 17 45 40 43 20 41 7 14 48 36 10 31 38 27 49 6 35 9 44 21 11 46 25 33 37 30 28 19 4 32 39 24 2 47 26 23 5 22 13 1 29 12 3 15 34 18 
10 34 26 41 2 18 1 19 24 4 28 49 13 39 44 45 37 20 43 14 42 22 32 30 35 9 47 23 27 17 36 29 38 8 33 31 3 21 15 7 12 6 40 5 48 11 16 25 46 
48 11 25 3 15 19 46 23 35 16 2 45 31 26 47 22 40 32 12 29 24 42 38 4 28 5 7 10 21 49 14 43 18 13 1 20 8 39 36 27 30 34 37 44 6 9 33 17 41 
49 38 31 9 44 36 39 18 32 30 3 42 34 21 28 1 25 48 13 8 33 40 14 41 2 43 6 17 37 16 35 12 5 10 15 4 11 45 46 24 29 19 7 26 27 23 47 22 20 
14 37 22 6 24 12 32 1 46 17 11 29 8 27 21 15 2 5 30 16 34 3 48 31 19 13 26 36 41 9 7 44 23 47 20 40 33 18 35 38 25 10 45 4 42 43 39 49 28 
11 10 19 7 5 13 24 44 29 37 8 17 49 25 23 9 30 2 35 21 41 27 40 12 18 31 22 34 43 45 26 48 3 46 14 33 36 16 6 20 42 38 39 28 47 15 1 4 32 
35 2 37 16 3 26 18 48 34 15 38 41 39 32 4 20 33 25 47 12 28 45 19 1 30 17 43 49 23 24 29 6 42 5 21 22 13 46 11 31 40 27 36 9 14 10 44 8 7 
46 17 20 27 1 41 45 13 33 24 30 16 47 23 42 40 5 7 36 43 8 15 11 6 21 3 28 26 12 38 10 9 35 19 44 25 4 2 48 39 14 32 34 37 18 29 49 31 22 
36 15 12 29 31 32 22 6 21 40 19 9 42 43 37 27 14 3 45 34 49 4 39 10 23 47 2 20 33 18 30 1 11 17 25 7 5 8 26 28 24 44 48 35 46 41 38 13 16 
4 43 44 47 30 33 40 11 27 1 46 22 28 35 26 32 31 10 48 6 39 7 36 8 38 16 5 14 15 2 20 37 49 41 13 19 9 3 18 23 34 29 21 25 17 42 45 12 24 
42 6 28 38 14 49 34 7 12 36 26 10 20 31 18 17 22 19 24 44 16 48 37 29 9 46 25 13 32 8 39 47 40 27 4 41 45 35 43 21 1 15 23 3 30 2 11 33 5 
21 9 48 23 39 25 8 5 3 2 18 14 4 45 29 11 1 46 15 13 38 41 33 35 24 32 42 44 28 22 34 36 16 31 7 37 10 17 30 49 47 12 19 6 20 27 43 26 40 
19 47 23 39 22 24 38 32 28 21 45 1 9 14 6 8 10 35 2 3 36 46 12 17 15 37 30 29 40 7 42 20 13 34 5 27 25 4 16 41 26 11 44 49 31 33 18 43 48 
12 31 45 37 16 14 25 34 23 8 13 35 33 11 43 5 9 42 26 41 27 21 4 18 44 24 49 7 48 19 2 46 36 6 32 38 40 22 20 15 17 39 3 10 1 30 29 28 47 
34 32 17 44 29 30 28 37 10 6 4 7 15 20 25 33 46 22 16 19 18 31 2 26 47 48 35 40 45 39 41 11 1 21 3 24 49 23 42 12 43 9 27 14 13 36 8 5 38 
26 1 36 18 21 5 35 29 25 12 43 19 46 3 48 49 38 47 40 7 44 20 22 16 34 39 14 42 9 4 27 10 33 23 37 30 28 31 8 13 2 45 15 24 32 17 6 41 11 
41 49 3 48 8 4 9 22 42 39 5 31 16 40 14 24 11 12 28 32 20 38 27 33 25 6 13 1 18 47 43 17 15 44 30 36 35 7 21 29 10 37 26 46 23 34 19 45 2 
43 13 7 15 6 10 42 2 49 18 27 36 26 24 1 4 21 30 34 17 45 28 5 3 11 41 23 9 14 29 38 31 8 16 22 48 19 33 44 46 32 47 35 12 39 37 40 20 25 
20 46 2 33 40 27 11 17 48 41 47 30 38 44 39 13 23 15 31 37 29 10 43 36 32 19 45 8 25 12 49 35 24 28 26 3 34 1 5 18 6 14 4 16 22 21 7 42 9 
15 25 34 42 41 11 3 24 18 46 6 47 40 36 16 44 29 4 49 5 2 12 23 39 20 26 48 19 7 1 32 38 30 37 10 13 31 28 45 17 33 8 43 21 9 35 22 14 27 
40 33 49 21 48 2 26 41 11 27 39 23 45 1 38 42 36 6 20 47 12 35 31 22 13 14 9 30 24 25 8 15 29 3 18 46 43 44 34 16 4 5 28 19 37 32 10 7 17 
22 27 16 1 46 31 36 8 7 26 29 25 30 19 41 14 35 34 3 15 17 32 10 24 33 21 44 28 13 40 48 42 9 43 45 47 12 38 49 37 11 23 6 18 4 20 5 2 39 
47 14 13 28 43 23 44 31 22 9 34 20 35 5 40 25 24 26 32 45 46 16 17 42 1 11 37 38 49 33 21 27 4 2 6 18 30 19 39 10 36 7 12 48 29 8 41 15 3 
37 35 5 4 17 45 10 42 15 32 16 12 44 28 8 31 43 21 18 9 22 47 41 7 29 49 3 27 36 26 46 19 39 20 23 6 2 24 40 14 48 1 25 13 11 38 34 30 33 
8 24 18 19 32 7 29 3 13 33 21 38 43 48 11 10 28 39 23 30 37 6 34 2 4 36 15 5 16 31 17 22 14 35 12 9 20 27 25 42 41 26 47 40 45 49 46 44 1 
6 39 38 30 12 9 20 10 14 49 17 2 37 4 27 7 19 13 1 33 48 25 45 46 43 40 8 18 5 44 47 34 41 11 28 15 32 29 22 3 35 21 16 31 26 24 42 36 23 
28 7 4 8 27 15 31 26 5 20 32 40 14 33 34 39 48 24 21 25 19 13 35 38 49 1 29 43 46 6 11 41 2 9 16 45 37 42 3 47 18 36 17 22 44 12 30 23 10 
1 41 39 25 34 16 17 9 45 22 7 21 11 47 10 6 20 38 8 28 35 18 42 23 36 12 46 31 4 14 24 5 44 48 27 26 29 15 32 40 49 30 2 33 19 13 3 37 43 
24 48 10 45 26 35 6 43 39 31 41 37 23 18 9 46 44 33 42 36 11 19 15 14 5 27 17 25 29 13 3 30 12 1 40 8 22 20 2 4 38 16 49 7 28 47 32 21 34 
30 42 29 49 38 37 2 12 8 3 10 4 19 46 45 23 41 43 5 27 1 33 24 20 7 28 32 6 17 34 22 18 47 15 36 14 39 48 13 44 21 25 31 11 16 40 35 9 26 
23 40 43 12 20 44 19 36 30 29 42 34 48 15 13 2 18 16 4 49 3 9 26 45 37 22 41 47 39 21 33 28 7 32 31 1 6 11 10 35 46 17 8 27 5 25 24 38 14 
33 36 11 22 9 46 47 27 2 38 49 28 17 13 32 12 7 14 29 31 30 8 16 40 3 44 4 21 35 10 37 45 26 25 42 5 23 41 24 34 19 43 18 39 15 48 20 1 6 
13 21 32 5 18 3 14 25 16 35 24 44 1 6 15 47 26 17 37 22 40 39 30 34 48 2 10 11 20 43 23 8 19 38 49 28 7 9 12 33 27 31 29 42 41 45 36 46 4 
32 45 1 11 13 47 33 14 43 23 20 26 10 2 3 35 6 28 46 4 5 29 9 48 40 42 36 39 8 37 18 25 34 7 17 49 16 12 38 30 31 22 41 15 24 44 27 19 21 
31 4 30 2 23 17 7 39 40 19 1 8 27 34 12 21 32 18 10 20 47 11 44 43 16 33 38 41 6 3 15 24 22 26 29 42 14 36 9 25 5 46 13 45 35 28 37 48 49 
3 19 27 40 10 39 12 46 9 13 31 32 22 30 49 41 17 44 25 38 14 26 7 28 8 34 21 15 47 36 5 2 45 42 11 35 18 37 33 48 23 24 20 1 43 6 4 16 29 
9 28 6 26 25 43 15 45 37 44 33 5 41 42 30 48 16 11 22 23 31 17 3 47 27 4 12 24 10 32 13 14 21 49 35 29 1 40 19 8 7 20 46 34 38 39 2 18 36 
38 20 46 24 37 42 49 21 17 28 15 6 29 12 36 34 45 40 33 26 43 14 25 5 10 30 18 35 19 23 1 16 48 4 41 39 44 47 27 11 13 2 32 8 7 22 9 3 31 
44 29 41 34 35 8 48 16 4 11 36 24 18 7 2 19 13 37 9 42 15 49 6 32 22 20 1 46 31 27 12 39 28 33 38 21 26 10 17 43 45 3 5 23 40 14 25 47 30 
18 5 21 14 36 22 16 38 47 48 35 3 25 49 24 29 8 27 39 1 7 2 13 37 31 23 19 45 44 46 9 40 20 30 43 32 15 34 4 6 28 41 10 17 33 26 12 11 42 
################proper############## 

 average_time = 167.705358 

 success runs = 1 

 total average iters = 13687190.000000 
