Success!!! 
 
 max_col = 
 49 
 
 run_time = 
 463.533659 
 
 once iters = 
 48793748 
 
25 4 17 10 42 19 18 32 30 23 45 27 5 35 43 11 14 20 15 31 22 7 3 1 16 34 39 36 12 6 33 28 24 47 40 46 49 44 2 48 21 13 9 8 29 41 26 37 38 
23 27 43 32 47 26 28 34 48 46 31 22 10 44 3 19 16 35 12 33 21 41 25 5 49 8 2 40 38 39 17 42 9 29 37 4 24 20 1 14 30 45 18 11 15 7 13 6 36 
39 35 40 11 46 33 44 8 47 18 24 37 42 1 7 36 17 38 9 28 25 13 26 4 48 6 15 31 14 32 34 2 30 20 41 5 12 29 19 10 43 3 27 22 49 23 45 21 16 
16 9 34 1 49 41 15 4 25 21 39 6 36 20 42 13 8 40 29 26 10 45 32 19 17 24 30 11 5 22 3 46 35 44 48 37 38 7 18 23 27 31 12 33 43 14 28 47 2 
30 14 48 36 13 24 37 26 9 15 29 33 19 2 34 49 39 6 18 1 45 12 23 22 21 38 42 35 31 11 7 4 16 43 27 47 17 40 8 28 25 41 46 32 44 20 10 3 5 
45 5 38 7 2 6 3 17 28 13 41 49 40 12 32 48 47 30 37 44 23 46 29 43 14 10 20 27 19 25 26 15 8 21 18 33 16 9 36 11 39 22 42 35 4 34 24 1 31 
22 8 21 31 29 12 20 3 38 43 16 7 14 11 27 46 24 41 5 4 2 44 47 37 28 9 33 18 49 1 45 10 13 23 36 35 6 42 15 32 26 34 19 40 17 25 30 48 39 
43 26 35 30 18 29 19 27 45 10 42 5 9 48 23 12 11 22 17 13 6 39 37 33 38 4 3 16 21 24 46 14 25 36 32 8 15 28 47 1 31 20 44 7 2 40 41 34 49 
17 39 3 20 4 14 23 24 33 44 7 30 32 38 41 47 46 28 31 8 36 2 9 25 34 12 48 15 22 35 27 43 6 10 13 45 40 49 5 21 16 42 11 29 1 18 37 19 26 
28 48 36 42 11 25 45 1 22 17 34 13 41 46 40 4 15 37 26 29 44 23 8 47 10 27 7 49 16 33 2 20 3 30 31 38 18 19 6 9 24 32 39 43 35 21 14 5 12 
21 41 6 13 9 47 1 15 16 49 20 14 23 31 33 32 48 42 39 45 34 35 44 26 22 19 5 43 17 37 4 29 18 40 38 30 2 46 27 12 11 7 8 25 24 36 3 28 10 
37 15 16 24 40 5 12 28 39 6 43 35 4 29 25 1 2 27 49 20 30 14 36 45 46 18 11 21 44 42 19 41 7 8 34 10 23 3 17 26 22 48 47 9 38 13 32 31 33 
33 7 2 38 31 10 27 36 37 3 26 18 8 19 5 16 43 21 35 24 9 1 28 17 13 40 6 32 47 23 12 39 15 49 11 41 25 4 14 44 34 29 20 48 46 30 42 22 45 
32 34 46 44 8 22 49 21 2 11 12 40 25 47 38 14 10 18 7 19 3 29 30 31 24 20 41 42 28 9 5 48 26 1 45 43 36 35 13 33 37 39 15 17 16 27 6 23 4 
40 44 42 17 37 18 30 43 35 2 25 12 21 13 26 15 49 34 3 48 7 31 41 16 11 28 14 19 1 8 39 27 33 4 9 20 10 23 38 45 5 6 24 36 47 32 22 46 29 
14 47 8 12 36 46 39 18 31 20 6 38 49 3 30 21 27 1 32 9 43 5 45 42 33 48 40 2 29 7 22 25 10 28 24 19 37 41 44 15 13 16 26 23 11 35 17 4 34 
19 16 25 28 34 43 2 40 27 26 10 42 7 32 14 23 41 47 13 36 11 15 39 46 29 22 12 3 30 20 31 18 38 17 44 49 9 8 21 35 4 24 33 6 37 5 1 45 48 
48 31 24 23 32 49 33 29 5 45 4 11 17 39 18 35 28 46 16 22 42 25 7 13 9 47 10 8 6 21 15 40 37 26 43 14 1 2 34 30 36 12 41 38 20 3 44 27 19 
5 11 27 6 15 38 10 48 14 9 28 19 34 41 37 8 20 44 40 25 31 24 1 49 23 30 4 26 46 36 32 35 45 3 47 22 29 33 39 42 18 17 2 16 13 43 12 7 21 
13 22 29 4 35 1 26 30 8 16 47 23 24 37 6 45 33 19 2 5 39 17 21 38 36 44 27 20 41 49 42 11 14 34 12 32 7 48 31 43 3 46 25 28 18 10 40 15 9 
20 3 7 9 45 21 41 44 36 22 33 46 1 15 12 17 29 10 24 38 4 32 6 34 18 43 35 37 23 16 13 19 2 48 5 27 11 47 26 25 40 28 30 31 14 49 39 8 42 
27 20 33 2 14 37 9 42 26 4 22 45 48 7 47 41 21 25 44 40 46 18 34 29 12 13 43 23 8 28 30 16 39 15 10 6 19 17 3 5 1 36 35 24 31 11 49 38 32 
34 19 28 22 10 7 13 38 49 37 35 47 3 36 8 24 23 17 45 32 5 27 20 6 40 21 26 44 11 14 18 1 43 9 25 48 31 30 29 4 42 2 16 12 41 33 15 39 46 
4 49 18 8 3 42 31 11 1 34 27 25 46 14 28 37 13 33 20 12 48 10 17 15 19 41 24 30 26 29 36 38 23 32 6 39 35 16 45 22 9 40 21 44 7 47 5 2 43 
41 38 44 25 26 48 5 12 10 32 19 17 29 21 4 6 30 43 36 39 15 16 35 11 45 46 28 22 20 31 37 49 27 7 2 24 14 34 23 47 33 18 3 13 42 8 9 40 1 
46 24 39 40 16 17 32 23 18 41 2 8 33 28 29 9 34 14 11 49 27 37 42 3 1 36 31 7 13 47 35 5 48 19 22 44 43 21 12 20 38 15 45 4 26 6 25 10 30 
15 29 30 47 21 23 6 5 44 24 13 39 31 43 1 7 38 16 22 10 35 49 2 32 25 33 9 4 34 17 40 45 42 12 3 28 8 37 11 41 46 26 14 18 19 48 36 20 27 
35 12 45 43 1 11 36 20 15 30 40 16 6 9 31 18 19 3 42 2 26 8 14 48 39 5 38 47 24 4 41 44 46 33 21 25 13 32 49 7 10 27 29 34 28 22 23 17 37 
9 2 22 45 23 16 17 35 46 47 11 48 18 25 15 30 26 39 1 3 8 21 5 36 7 49 13 6 40 12 38 34 20 14 33 31 41 24 10 19 28 37 4 27 32 42 29 43 44 
38 25 12 26 19 30 29 10 40 1 36 2 13 42 11 27 37 5 21 6 20 3 4 23 31 39 32 24 43 18 44 7 41 35 8 16 45 15 22 34 47 14 28 49 33 46 48 9 17 
11 1 13 5 48 3 7 22 21 33 38 4 20 16 49 42 12 45 43 46 14 9 19 30 8 29 18 41 2 10 47 31 28 6 39 23 44 36 32 27 17 25 34 26 40 37 35 24 15 
31 10 37 39 24 27 46 6 41 19 49 32 44 26 36 29 18 48 28 34 38 40 33 20 43 15 16 25 9 30 11 22 21 45 17 7 42 1 4 2 35 5 13 3 8 12 47 14 23 
8 32 47 34 6 36 42 14 12 27 15 43 45 30 13 10 22 9 41 35 24 26 38 44 37 17 1 28 3 19 48 23 49 5 4 18 46 11 40 29 20 33 31 2 21 39 16 25 7 
44 33 15 41 20 28 35 31 23 8 3 34 37 24 19 25 40 4 47 7 17 22 11 2 27 45 46 14 32 26 16 36 29 13 42 9 21 12 43 39 48 49 38 10 5 1 18 30 6 
49 40 14 18 43 4 21 7 29 39 5 9 28 17 2 31 44 23 33 16 32 34 48 10 42 35 47 12 15 27 24 37 1 25 46 13 3 26 30 38 6 8 36 41 45 19 20 11 22 
29 36 31 33 17 45 14 2 24 38 1 20 15 40 16 5 6 7 23 41 28 42 18 35 32 3 34 10 27 46 21 8 4 37 30 26 48 39 25 49 44 11 43 47 22 9 19 12 13 
12 23 4 49 27 32 8 37 11 31 18 29 16 33 44 3 1 24 10 42 40 19 13 21 30 7 25 9 48 38 14 6 17 22 26 2 47 45 20 46 41 43 5 39 36 15 34 35 28 
18 46 9 37 5 44 24 47 43 28 17 3 39 45 22 33 4 32 34 15 19 20 16 8 2 14 49 48 36 41 25 13 40 31 1 29 30 10 42 6 12 35 7 21 23 38 27 26 11 
7 30 26 21 39 35 47 41 32 14 8 10 12 22 17 43 9 2 48 37 13 6 31 27 5 23 36 38 45 15 20 33 34 11 49 40 28 18 24 16 19 4 1 42 25 29 46 44 3 
2 42 11 16 28 40 22 19 6 7 48 36 26 34 45 39 25 49 8 14 29 43 12 41 44 1 37 46 10 5 23 3 47 18 35 21 27 13 9 31 15 38 17 20 30 4 33 32 24 
10 43 19 15 25 13 38 49 42 5 46 21 27 23 35 20 36 11 30 47 12 33 24 40 4 26 17 29 39 44 28 9 32 2 16 3 34 22 37 8 7 1 48 14 6 45 31 18 41 
1 6 20 3 41 34 48 9 13 25 30 44 35 4 21 38 31 26 46 27 18 47 22 28 15 11 45 39 42 43 29 12 19 24 7 17 5 14 33 36 32 23 40 37 10 16 2 49 8 
47 13 32 48 30 8 4 25 3 36 23 31 38 49 9 44 42 15 19 11 16 28 46 7 20 2 21 17 37 40 1 24 12 27 29 34 33 6 35 18 45 10 22 5 39 26 43 41 14 
36 17 1 29 44 15 11 39 7 40 32 24 30 6 48 26 3 31 14 43 37 38 10 18 47 42 8 5 35 45 9 21 22 41 28 12 20 27 16 13 49 19 23 46 34 2 4 33 25 
26 45 49 19 7 39 43 16 17 35 44 15 2 10 24 34 32 36 4 18 41 11 27 12 6 25 29 1 33 3 8 47 5 46 23 42 22 31 48 40 14 21 37 30 9 28 38 13 20 
3 28 5 46 12 9 16 13 34 42 21 41 22 18 10 2 45 8 6 23 1 4 43 14 35 37 44 33 25 48 49 30 31 39 20 15 26 38 7 24 29 47 32 19 27 17 11 36 40 
6 18 10 14 38 2 25 45 20 29 9 26 47 8 46 22 7 12 27 17 33 48 40 24 41 31 19 34 4 13 43 32 11 16 15 36 39 5 28 37 23 30 49 1 3 44 21 42 35 
24 37 41 27 22 20 40 33 4 12 14 1 43 5 39 28 35 13 38 21 47 30 49 9 26 16 23 45 7 34 6 17 36 42 19 11 32 25 46 3 2 44 10 15 48 31 8 29 18 
42 21 23 35 33 31 34 46 19 48 37 28 11 27 20 40 5 29 25 30 49 36 15 39 3 32 22 13 18 2 10 26 44 38 14 1 4 43 41 17 8 9 6 45 12 24 7 16 47 
################proper############## 

 average_time = 463.533659 

 success runs = 1 

 total average iters = 48793748.000000 
