Success!!! 
 
 max_col = 
 49 
 
 run_time = 
 432.927846 
 
 once iters = 
 46479793 
 
22 43 25 13 18 31 28 12 19 9 8 10 1 20 4 40 42 23 45 24 46 33 47 44 16 17 26 48 11 27 39 3 5 34 7 21 49 32 36 41 14 29 6 2 37 15 35 30 38 
29 33 20 8 9 17 15 45 34 28 2 16 32 43 49 39 27 38 25 11 36 12 41 6 4 5 14 42 19 18 37 23 21 1 30 10 35 40 26 44 22 46 47 13 48 24 3 31 7 
39 3 45 37 40 11 42 48 24 7 31 13 44 26 34 17 8 9 16 6 22 10 23 46 32 28 29 2 49 14 38 47 41 33 35 5 18 30 15 25 4 12 20 36 1 21 43 19 27 
49 6 30 44 23 32 16 27 5 41 21 15 4 46 48 43 37 10 19 29 2 40 25 36 35 3 24 39 12 8 13 20 28 22 26 38 34 33 31 1 47 7 18 45 9 17 42 11 14 
26 47 5 14 38 2 36 39 29 49 30 6 3 11 28 35 1 31 33 18 41 15 19 21 9 45 7 34 4 40 16 44 43 42 17 13 48 27 37 20 24 8 32 46 23 12 25 10 22 
4 34 7 19 12 10 1 22 35 17 38 36 14 47 21 20 44 5 30 32 15 8 43 13 18 37 27 49 24 31 48 2 6 46 25 23 42 28 11 3 45 9 33 26 40 39 29 16 41 
41 46 24 21 27 35 48 18 23 40 33 37 42 25 7 3 47 14 13 26 12 31 1 20 38 30 11 22 36 10 29 9 45 32 15 43 2 6 19 16 17 39 34 28 8 5 44 49 4 
40 32 12 4 37 27 6 25 15 31 7 18 26 16 41 44 35 47 28 33 39 24 2 14 1 46 21 30 23 38 11 10 13 49 19 9 22 45 42 43 3 17 36 48 29 20 5 8 34 
20 1 36 9 49 7 13 35 45 34 3 2 38 19 23 22 30 6 32 5 29 16 39 41 33 10 44 31 47 17 14 21 42 8 43 28 4 46 48 15 26 18 11 37 25 27 12 40 24 
3 29 16 18 15 44 33 36 46 21 41 49 10 12 8 31 2 25 9 40 27 42 4 37 26 35 45 11 48 22 28 34 39 30 6 47 7 5 24 38 13 20 23 17 43 14 1 32 19 
21 45 38 30 24 25 31 43 32 8 6 23 17 27 46 12 36 16 49 1 20 48 13 7 19 15 18 9 35 4 3 5 29 26 33 14 40 37 44 2 34 11 39 41 10 22 28 42 47 
5 14 42 35 10 47 2 4 40 11 24 39 22 48 38 21 43 13 34 17 37 20 36 32 23 49 28 8 27 1 7 12 25 45 18 31 41 16 29 19 30 33 15 3 44 6 9 26 46 
11 39 34 48 26 22 46 42 28 29 13 9 33 5 10 7 24 19 15 4 14 43 40 25 17 12 3 47 31 44 2 41 37 36 20 32 6 21 23 8 27 1 30 35 16 38 49 45 18 
43 19 28 17 41 8 23 37 1 47 14 20 30 44 45 11 18 48 26 3 42 22 6 34 29 27 5 38 16 15 9 40 46 24 32 35 39 12 25 10 49 36 2 31 21 33 7 4 13 
25 41 21 20 8 24 17 16 10 37 45 27 7 14 2 29 28 40 5 30 34 9 22 23 43 48 4 36 15 39 26 46 35 44 31 49 12 42 13 32 38 6 1 33 18 19 47 3 11 
37 49 6 1 45 34 39 13 31 5 22 26 18 8 36 33 9 15 35 41 7 2 12 38 11 25 40 16 42 43 23 27 32 19 47 3 10 24 4 30 46 28 21 29 14 44 20 48 17 
27 42 47 3 46 30 9 2 11 4 36 12 20 23 32 10 21 45 48 13 8 1 44 35 34 7 19 29 14 24 6 17 40 16 22 33 25 41 43 18 39 5 37 49 15 26 31 38 28 
36 38 11 2 44 33 5 28 48 25 40 47 39 29 22 19 14 20 37 27 31 26 15 18 46 13 6 21 41 34 49 7 4 3 8 1 23 17 9 35 16 45 10 12 30 42 32 24 43 
19 48 23 26 31 13 40 49 6 15 44 1 46 32 18 24 4 12 39 43 17 5 8 33 3 42 47 45 20 11 30 28 10 38 21 36 27 14 34 7 29 37 22 16 2 25 41 35 9 
32 7 10 29 43 28 22 33 9 38 42 19 35 34 6 23 16 44 3 25 47 41 49 17 20 14 30 24 2 5 12 1 36 18 37 15 11 26 21 31 40 48 4 8 27 46 13 39 45 
18 16 14 12 35 15 4 30 3 24 43 21 41 17 26 1 11 49 42 46 38 39 37 28 27 31 10 32 25 13 45 29 33 48 9 44 47 2 8 22 20 19 7 6 5 34 23 36 40 
35 12 32 10 7 6 8 15 44 45 5 14 9 31 30 38 48 28 23 39 21 27 34 2 41 18 16 19 46 37 20 11 47 29 4 22 3 1 33 36 25 43 42 40 24 49 17 13 26 
24 2 41 45 34 20 44 26 38 22 17 28 19 7 16 49 5 36 47 14 13 46 9 31 21 11 43 40 6 42 10 30 3 12 48 18 15 4 27 29 23 32 8 25 33 1 39 37 35 
15 13 18 23 22 48 37 8 36 1 25 35 43 10 17 9 41 46 4 20 33 3 28 30 24 29 42 44 26 45 27 39 31 21 2 12 19 7 40 49 5 16 14 38 47 11 6 34 32 
9 30 4 42 3 16 19 47 37 13 20 32 27 24 11 6 26 8 31 44 43 45 17 49 14 39 22 23 18 33 40 38 1 25 36 41 28 34 2 21 35 10 48 15 12 7 46 5 29 
47 27 29 5 1 36 43 23 41 46 18 33 40 21 3 45 34 42 12 2 35 25 7 8 48 32 38 4 17 28 22 49 24 15 13 39 26 11 6 37 44 14 31 30 19 10 16 9 20 
46 31 39 40 33 21 11 34 4 16 49 30 2 42 29 25 19 32 1 37 18 6 26 12 47 20 15 10 43 35 41 8 7 14 5 17 38 9 45 24 48 13 28 23 22 3 36 27 44 
28 17 49 25 14 38 26 3 12 39 48 11 29 6 24 15 10 22 27 7 40 13 5 1 37 36 33 35 34 9 32 19 44 23 16 46 30 20 47 42 8 31 43 21 4 45 18 41 2 
1 18 31 49 20 19 30 9 13 32 4 8 34 33 39 28 23 35 29 42 48 36 45 16 15 6 17 46 38 47 21 37 14 5 41 27 44 43 22 12 11 26 40 10 3 2 24 7 25 
33 40 27 34 16 4 14 5 22 12 37 44 45 30 43 26 38 21 2 19 32 29 10 11 42 8 9 20 7 46 31 6 17 28 3 25 24 36 18 23 41 49 13 39 35 48 15 47 1 
45 10 43 24 39 37 35 1 7 26 19 41 15 36 20 13 40 18 46 9 3 30 14 47 31 38 49 28 22 2 25 42 48 27 12 29 33 8 32 5 6 34 17 4 11 23 21 44 16 
38 22 48 6 36 42 47 20 21 43 27 25 11 3 14 5 49 17 10 31 4 19 33 26 44 34 23 12 1 16 18 24 15 39 29 7 13 35 30 9 2 40 45 32 46 41 37 28 8 
44 26 17 7 21 46 41 31 42 23 29 24 47 2 15 37 45 33 11 8 16 4 18 22 25 40 39 13 32 30 36 35 20 43 10 48 1 38 28 14 19 3 12 5 34 9 27 6 49 
12 9 3 28 2 23 32 46 14 10 16 40 6 39 1 47 25 30 36 34 24 35 48 27 5 43 41 7 13 49 33 26 8 11 44 37 45 15 17 4 31 21 19 20 38 18 22 29 42 
8 5 15 11 13 29 25 38 18 48 28 17 49 35 44 27 7 41 22 12 6 21 32 24 2 1 37 3 40 23 19 45 9 4 34 20 46 47 16 39 10 42 26 43 36 30 33 14 31 
6 24 2 15 47 49 38 7 8 14 35 22 28 1 27 48 39 4 43 23 5 17 3 29 40 26 13 41 30 20 42 36 18 9 11 19 16 31 12 46 37 44 25 34 45 32 10 33 21 
7 21 33 39 42 40 3 6 20 30 12 38 23 18 9 8 31 2 17 22 19 34 35 48 10 44 1 37 45 29 15 25 16 13 46 4 32 49 41 11 28 27 24 47 26 36 14 43 5 
23 35 13 36 25 12 29 17 33 19 34 43 16 41 42 46 15 7 44 47 11 14 20 4 39 22 8 6 10 26 5 32 27 2 38 45 21 48 3 40 9 24 49 1 31 28 30 18 37 
16 20 8 43 17 9 45 24 47 2 46 31 25 4 40 18 29 37 6 28 49 38 11 19 36 21 32 27 39 3 44 14 34 7 1 26 5 10 35 33 15 30 41 22 42 13 48 12 23 
30 44 37 22 32 5 27 10 49 36 11 42 21 45 12 34 13 26 14 35 1 47 24 15 7 16 31 18 33 19 4 48 23 41 28 2 17 29 39 6 43 25 38 9 20 8 40 46 3 
48 28 1 46 19 41 18 40 26 27 9 29 5 13 25 36 32 3 38 21 10 23 30 42 45 33 2 43 37 12 35 31 49 6 24 8 20 22 14 34 7 47 44 11 39 16 4 17 15 
10 4 26 31 11 14 34 32 39 44 15 3 48 37 33 30 20 24 41 16 45 28 46 5 49 9 12 25 8 21 17 43 22 47 40 42 36 18 38 13 1 23 35 27 7 29 19 2 6 
31 15 46 41 30 43 10 44 2 6 39 34 24 40 47 42 3 11 7 36 9 18 21 45 28 23 20 14 29 48 8 22 12 35 49 16 37 13 1 27 32 38 5 19 17 4 26 25 33 
42 11 19 33 6 3 49 41 17 20 10 4 8 38 37 16 22 29 21 45 25 32 31 9 12 47 48 26 5 7 1 18 30 40 23 24 43 44 46 28 36 2 27 14 13 35 34 15 39 
13 8 44 27 28 1 7 29 25 35 47 5 12 22 31 32 33 34 24 15 23 49 38 40 6 2 46 17 3 36 43 16 19 20 45 30 14 39 10 26 18 4 9 42 41 37 11 21 48 
34 36 22 32 48 26 21 14 43 18 23 46 37 15 19 2 17 39 40 49 30 7 42 10 8 4 35 5 9 25 24 13 11 31 27 6 29 3 20 45 33 41 16 44 28 47 38 1 12 
2 23 35 16 29 45 12 19 30 42 1 7 36 28 5 4 46 43 18 48 26 11 27 39 13 41 34 15 44 6 47 33 38 37 14 40 9 25 49 17 21 22 3 24 32 31 8 20 10 
14 25 40 38 5 39 20 21 16 33 26 48 13 9 35 41 6 27 8 10 44 37 29 3 22 24 36 1 28 32 34 4 2 17 42 11 31 19 7 47 12 15 46 18 49 43 45 23 30 
17 37 9 47 4 18 24 11 27 3 32 45 31 49 13 14 12 1 20 38 28 44 16 43 30 19 25 33 21 41 46 15 26 10 39 34 8 23 5 48 42 35 29 7 6 40 2 22 36 
################proper############## 

 average_time = 432.927846 

 success runs = 1 

 total average iters = 46479793.000000 
