Success!!! 
 
 max_col = 
 49 
 
 run_time = 
 183.409035 
 
 once iters = 
 15942016 
 
42 4 48 49 3 35 19 5 28 45 16 26 27 31 17 12 24 32 44 37 7 46 18 30 13 9 29 11 33 20 14 25 43 23 40 1 2 39 22 41 10 6 34 38 21 47 15 8 36 
34 7 8 10 5 13 11 2 40 43 12 36 9 48 33 23 41 19 46 30 1 25 22 4 20 31 49 3 16 26 27 47 21 28 39 42 44 38 35 24 18 15 14 17 32 29 45 6 37 
47 14 38 45 33 37 36 17 6 44 20 25 3 42 22 43 4 48 21 9 10 35 40 7 19 39 1 23 15 41 49 46 13 2 24 5 34 32 8 16 26 29 30 27 31 28 12 11 18 
23 30 25 31 44 2 17 22 11 14 1 39 21 32 8 45 16 29 27 20 18 47 15 12 36 24 34 37 3 9 5 35 38 6 19 28 7 40 33 13 49 46 4 48 41 26 42 10 43 
27 6 41 9 20 21 43 4 38 34 29 24 7 10 15 13 47 36 28 26 40 42 16 5 14 32 2 33 18 22 31 37 44 45 8 3 48 19 17 30 12 11 1 39 23 46 49 35 25 
32 29 40 12 26 16 22 19 30 13 15 41 46 18 14 38 31 35 49 39 3 21 28 43 8 6 44 45 42 1 17 11 34 48 10 23 37 47 4 36 27 25 20 24 2 7 5 9 33 
39 28 15 46 18 1 24 35 47 49 33 23 37 8 5 25 2 11 34 42 6 26 27 10 17 38 48 41 29 4 36 32 7 30 12 31 21 9 14 20 43 45 44 16 22 13 19 40 3 
11 40 14 27 21 15 33 13 9 20 35 34 26 36 32 39 3 45 6 23 46 28 17 41 30 19 47 2 24 8 1 10 29 22 44 38 18 12 42 31 25 5 16 43 49 37 48 4 7 
25 22 39 41 17 46 13 29 37 19 8 38 49 15 36 26 7 2 30 31 16 44 1 6 33 40 14 43 5 28 18 27 47 35 32 4 9 34 48 23 20 21 3 11 45 12 10 42 24 
10 38 44 3 37 45 12 42 43 16 32 18 47 21 25 48 14 33 22 34 27 31 36 24 7 5 4 29 11 19 9 26 39 46 20 35 13 30 2 49 6 1 15 28 8 41 23 17 40 
7 23 24 42 35 30 49 33 5 46 17 40 44 1 43 41 13 12 37 4 29 45 39 20 38 16 18 26 25 36 21 2 15 34 48 8 22 11 10 19 28 3 27 31 47 6 9 32 14 
9 5 32 34 19 20 26 31 12 4 28 22 24 7 11 42 10 38 47 40 49 48 23 15 46 21 3 8 17 6 16 30 33 13 41 29 14 27 44 45 37 43 25 2 35 1 36 18 39 
8 43 36 1 16 18 29 6 45 48 3 14 25 2 35 20 21 24 9 28 15 27 10 42 34 22 11 12 49 37 38 4 23 7 31 40 17 33 39 47 32 41 13 19 5 30 26 46 44 
28 31 2 48 47 6 4 41 23 11 27 30 10 39 44 19 18 17 8 1 5 32 49 13 37 35 9 25 45 14 12 42 40 3 43 46 36 16 24 15 7 26 21 34 38 33 20 22 29 
49 35 7 38 8 27 15 36 25 31 23 19 11 29 4 17 48 26 12 47 43 24 45 18 16 37 28 1 39 5 32 13 42 41 22 34 6 3 9 21 2 30 46 40 10 14 33 44 20 
13 36 46 22 40 14 2 28 26 47 38 4 18 43 21 16 27 15 23 24 25 8 3 44 49 33 12 10 7 48 37 17 6 9 29 11 35 31 19 1 45 20 41 42 30 32 39 5 34 
18 19 34 28 39 31 9 10 14 24 42 33 1 30 6 2 45 41 32 36 38 5 7 22 21 27 46 40 8 43 3 44 20 25 23 17 15 26 12 29 47 48 11 49 16 4 13 37 35 
24 3 12 32 23 10 16 45 7 41 34 17 39 46 40 28 44 20 11 18 37 6 29 19 48 2 38 15 47 35 26 49 30 33 27 13 42 14 43 4 5 36 9 25 1 22 8 21 31 
37 41 6 26 42 47 1 48 22 5 49 15 8 20 19 31 39 10 7 3 9 34 11 35 25 13 36 30 21 40 4 14 46 24 18 44 33 23 27 32 16 28 2 45 43 38 17 29 12 
20 44 17 43 45 33 5 16 21 37 9 27 12 40 29 8 30 14 13 46 35 23 41 39 47 4 42 32 28 11 2 19 31 1 34 7 25 10 49 22 24 38 26 3 18 36 6 15 48 
30 11 21 4 48 29 25 3 2 32 6 44 13 35 49 1 5 34 42 22 33 20 9 14 43 17 26 31 12 16 15 36 10 38 45 41 40 18 46 37 8 39 19 23 24 27 7 47 28 
4 47 45 44 10 7 46 26 13 12 5 42 29 37 18 15 43 8 25 21 32 40 19 38 39 23 33 34 6 24 22 28 17 31 11 48 20 36 41 27 30 16 49 35 3 9 2 14 1 
48 18 42 15 14 24 40 34 19 8 10 1 4 22 38 36 12 9 20 29 28 37 30 25 27 45 6 35 41 39 43 16 3 47 2 49 23 13 5 33 44 32 17 21 26 31 46 7 11 
19 2 9 23 28 3 38 49 32 15 25 48 17 6 39 46 42 37 41 14 47 13 31 8 4 44 10 22 1 21 20 18 45 36 7 43 26 35 29 11 34 24 33 5 27 16 40 12 30 
41 13 31 20 12 34 35 30 36 23 43 3 33 27 2 5 1 22 45 7 26 29 48 49 24 11 16 47 44 46 19 15 4 32 9 14 28 21 37 17 40 10 6 18 39 8 38 25 42 
33 21 29 6 32 43 30 40 44 39 46 16 28 11 24 27 17 23 48 35 19 9 14 2 1 12 20 7 34 49 8 5 25 37 26 15 31 22 18 3 38 42 36 47 13 10 4 45 41 
22 26 1 11 25 5 37 47 41 38 21 20 2 45 34 49 40 16 10 13 31 18 46 3 32 43 17 36 14 30 35 33 48 27 42 12 4 7 6 8 39 9 29 15 28 44 24 19 23 
17 49 16 8 36 39 27 14 18 9 7 35 31 24 3 30 11 6 33 44 4 15 5 28 26 42 41 21 13 29 40 23 12 10 38 2 45 1 47 25 46 19 22 20 37 34 43 48 32 
6 45 43 21 11 8 20 7 35 1 36 46 42 5 48 24 26 13 15 12 22 49 37 34 3 47 32 14 40 31 29 9 27 18 28 10 19 4 16 38 41 2 39 30 25 23 44 33 17 
26 24 23 16 34 44 7 25 15 27 19 12 38 14 28 10 6 21 1 32 2 11 4 36 31 20 30 17 35 45 46 43 22 42 33 9 8 48 40 39 13 37 47 41 29 18 3 49 5 
5 15 33 2 31 40 18 24 10 28 41 45 32 9 47 37 20 7 3 43 36 39 35 27 42 8 21 44 26 13 30 34 11 17 16 22 1 25 23 46 29 49 12 6 4 48 14 38 19 
1 42 35 30 27 41 48 39 8 17 37 13 23 49 9 44 46 25 31 33 34 16 6 29 40 18 15 28 38 12 24 7 19 4 21 47 32 5 20 26 3 14 43 36 11 45 22 2 10 
12 39 49 17 46 36 28 20 16 29 31 2 43 26 27 18 38 30 4 19 45 22 24 48 10 41 25 13 23 47 44 3 8 5 14 21 11 6 34 42 15 33 40 32 7 35 37 1 9 
3 25 4 13 29 38 10 18 48 40 30 47 22 34 41 14 23 42 35 5 11 43 33 46 9 26 7 19 32 2 39 1 37 49 6 24 12 45 31 44 36 17 28 8 15 20 21 16 27 
14 37 19 47 9 22 32 44 4 33 11 21 6 3 16 40 29 49 17 8 39 12 38 45 2 1 23 5 20 10 25 48 41 15 36 18 27 28 30 43 35 7 42 26 34 24 31 13 46 
16 10 13 33 4 28 23 11 20 3 2 7 19 12 45 9 15 31 29 17 24 30 25 40 41 34 27 46 43 18 48 22 1 21 47 26 49 44 36 6 14 8 35 37 42 5 32 39 38 
21 32 18 24 49 19 42 46 31 36 44 5 48 33 26 4 34 43 16 11 13 1 2 37 15 14 39 38 10 7 23 45 28 12 35 20 29 41 25 40 9 27 8 22 6 17 30 3 47 
15 46 27 36 38 48 6 1 39 30 26 8 14 47 42 32 22 40 18 41 12 33 44 31 45 49 5 16 4 25 11 29 9 19 3 37 10 17 28 35 21 23 24 7 20 2 34 43 13 
43 1 30 37 7 26 39 38 29 6 18 9 35 16 20 47 8 28 19 49 21 17 12 11 23 10 13 48 31 15 33 40 24 44 46 32 5 42 3 2 22 34 45 14 36 25 41 27 4 
44 9 5 35 41 11 34 27 24 25 22 28 15 17 30 33 36 3 38 2 48 4 8 21 18 29 19 6 37 32 42 20 16 14 49 39 47 43 45 7 31 13 10 46 12 40 1 23 26 
31 12 47 14 2 25 8 43 49 42 45 37 40 13 23 7 35 1 39 10 44 36 20 32 22 3 24 9 27 34 6 41 5 26 17 16 30 46 38 48 11 4 18 33 19 21 29 28 15 
40 20 3 29 22 17 45 21 34 10 4 32 41 23 46 6 37 27 5 25 14 7 26 47 35 28 43 42 2 38 13 39 36 8 30 33 24 15 1 12 19 18 48 9 44 11 16 31 49 
46 17 20 18 1 32 41 12 33 21 14 49 16 25 31 35 19 5 43 45 23 2 47 9 29 36 8 24 22 3 28 38 26 11 15 30 39 37 13 10 4 40 7 44 48 42 27 34 6 
2 48 10 40 15 4 31 8 17 18 47 43 34 44 7 3 9 39 24 38 42 41 32 26 6 46 37 49 30 23 45 21 35 20 25 27 16 29 11 14 1 12 5 13 33 19 28 36 22 
29 27 28 5 24 12 44 9 3 26 48 31 36 19 13 21 25 18 2 16 41 10 42 1 11 15 35 20 46 33 7 6 14 39 37 45 38 49 32 34 17 22 23 4 40 43 47 30 8 
35 8 11 39 43 42 14 32 46 22 40 6 5 38 37 34 33 44 26 15 30 19 13 23 28 7 45 4 36 27 10 12 49 16 1 25 41 24 21 9 48 47 31 29 17 3 18 20 2 
45 33 37 25 6 49 3 15 1 7 13 29 20 4 10 11 28 46 14 48 17 38 34 16 44 30 22 27 19 42 47 24 2 40 5 36 43 8 26 18 23 31 32 12 9 39 35 41 21 
38 16 26 19 13 9 21 23 42 2 39 10 30 41 12 22 49 47 36 27 8 14 43 17 5 25 40 18 48 44 34 31 32 29 4 6 3 20 7 28 33 35 37 1 46 15 11 24 45 
36 34 22 7 30 23 47 37 27 35 24 11 45 28 1 29 32 4 40 6 20 3 21 33 12 48 31 39 9 17 41 8 18 43 13 19 46 2 15 5 42 44 38 10 14 49 25 26 16 
################proper############## 

 average_time = 183.409035 

 success runs = 1 

 total average iters = 15942016.000000 
