Success!!! 
 
 max_col = 
 49 
 
 run_time = 
 361.193587 
 
 once iters = 
 37471815 
 
33 41 2 39 43 17 32 10 37 47 6 14 1 30 48 24 31 45 49 8 34 20 3 11 4 22 26 15 12 35 19 18 28 25 16 5 23 46 38 27 40 42 9 29 13 21 44 36 7 
11 27 22 46 30 34 4 41 15 31 2 29 21 36 26 25 23 9 3 18 33 12 8 7 10 5 38 16 47 13 37 40 17 49 48 39 14 20 45 44 28 43 24 6 19 1 35 42 32 
26 37 48 29 9 10 25 42 13 23 49 17 45 33 35 38 7 21 16 28 44 32 47 18 40 6 34 2 46 24 4 39 30 22 15 41 36 8 12 1 19 11 27 20 43 5 3 31 14 
42 28 47 36 6 12 8 19 46 44 38 9 5 34 20 2 11 13 22 39 43 31 45 14 41 17 37 49 7 26 1 21 29 27 3 32 15 24 48 16 35 18 4 30 25 33 10 23 40 
49 40 18 14 1 16 24 4 39 8 20 11 7 35 15 36 29 5 12 27 37 48 19 43 44 13 21 23 9 42 32 41 33 31 10 26 2 3 34 30 25 6 28 17 45 46 47 22 38 
21 5 44 23 38 35 15 48 32 24 3 28 16 12 19 42 40 17 4 46 30 33 36 39 9 27 25 1 11 6 20 8 14 43 45 47 10 13 7 31 22 29 49 26 41 37 34 18 2 
31 7 20 19 13 3 45 26 40 27 25 18 43 22 41 14 1 47 10 32 6 24 28 46 42 29 30 35 44 23 34 2 5 36 38 33 21 37 4 9 17 49 12 8 48 16 15 11 39 
9 10 19 4 48 14 18 24 44 26 41 47 15 31 42 16 46 27 45 36 5 28 43 49 12 1 20 3 39 32 23 17 8 40 37 34 13 22 6 35 21 25 38 11 7 2 33 30 29 
24 13 23 6 5 15 22 3 34 21 8 45 38 2 49 30 37 29 14 17 7 9 40 27 11 35 19 42 26 10 33 20 41 1 18 46 16 31 32 12 48 36 44 28 47 39 4 25 43 
2 31 11 27 42 26 16 6 49 35 23 32 14 5 28 3 24 19 43 20 21 22 33 4 25 8 48 10 36 7 12 34 47 45 9 40 30 38 29 39 41 44 18 37 1 13 17 46 15 
28 33 17 7 45 46 36 12 29 30 4 19 22 40 32 6 38 10 41 31 47 39 18 26 24 16 23 44 2 48 49 35 27 13 25 15 3 11 42 43 1 37 14 34 20 9 5 21 8 
32 1 39 20 29 49 34 43 33 42 9 16 36 18 25 26 8 40 2 44 15 17 13 41 37 7 47 6 21 5 28 11 46 38 30 27 45 4 24 10 14 19 48 35 23 31 12 3 22 
25 30 35 47 21 40 41 20 1 17 46 37 27 7 13 11 39 33 34 12 48 14 15 2 38 32 36 31 4 29 16 3 22 44 43 28 26 18 23 8 9 5 10 49 24 19 45 6 42 
38 3 8 37 12 43 44 25 28 10 39 48 11 13 22 4 18 23 1 35 9 21 29 34 45 30 5 46 42 19 14 15 31 24 6 17 47 49 2 7 20 33 40 32 27 36 26 16 41 
1 12 16 42 8 41 14 5 25 36 18 23 17 28 27 15 34 43 32 4 46 10 49 19 30 44 22 48 45 3 40 47 39 6 35 38 29 33 31 13 2 21 11 24 26 7 37 9 20 
10 2 38 3 49 28 29 35 6 40 37 44 24 1 45 9 22 14 13 16 23 36 11 5 39 12 43 8 31 41 15 33 18 7 20 19 42 27 30 25 47 26 21 46 4 48 32 34 17 
27 36 9 25 44 11 7 34 47 39 43 42 31 19 21 18 26 49 35 5 2 15 16 17 13 23 33 45 38 37 48 1 24 4 32 3 8 6 20 22 46 40 30 12 29 14 41 28 10 
39 6 4 18 17 48 31 8 14 38 22 7 3 10 37 20 42 24 19 30 11 1 21 25 27 41 40 47 49 2 29 26 36 46 28 9 5 16 15 32 34 12 45 43 35 44 23 13 33 
5 21 30 15 47 23 37 29 27 46 33 26 12 20 3 48 25 36 44 41 38 42 24 9 7 28 6 32 13 34 22 10 43 11 8 4 17 35 14 18 45 39 31 19 16 49 2 40 1 
22 19 13 26 46 32 35 45 21 11 16 49 2 41 31 40 10 7 8 33 39 4 38 3 29 34 14 20 30 9 17 12 23 42 5 37 43 1 28 48 44 24 36 25 18 47 27 15 6 
40 20 43 45 34 24 33 30 48 9 32 15 13 4 17 29 6 12 47 1 28 46 35 31 2 26 18 37 25 44 21 27 16 19 14 36 11 23 41 49 10 7 42 22 8 38 39 5 3 
12 47 15 2 11 33 6 32 24 45 35 21 30 39 18 5 48 26 42 19 13 3 41 36 23 14 28 29 8 4 7 49 34 10 40 22 20 17 37 38 43 31 46 27 9 25 1 44 16 
13 32 45 28 3 9 39 36 26 33 34 5 37 46 10 49 27 44 11 38 14 40 22 35 15 4 24 43 17 20 31 16 25 48 19 29 18 2 21 23 42 1 47 7 6 30 8 41 12 
35 34 46 44 27 7 23 40 18 43 1 22 49 16 4 47 21 15 17 6 12 26 37 48 33 38 9 25 3 39 13 42 45 2 41 30 19 32 8 24 36 14 5 10 28 20 31 29 11 
43 42 10 24 31 20 17 27 4 19 47 3 41 29 7 37 30 16 23 25 32 45 1 12 5 49 8 39 28 36 46 38 9 33 26 48 6 40 44 34 11 35 13 21 22 15 14 2 18 
19 4 21 48 14 37 49 31 23 25 10 38 28 42 40 45 41 20 29 22 8 18 32 6 46 2 27 13 5 43 30 44 1 47 11 12 33 7 9 26 15 16 39 3 36 17 24 35 34 
29 8 26 41 40 5 30 11 9 6 44 12 48 15 43 46 2 1 39 34 36 19 20 16 17 47 31 7 14 21 35 24 37 18 22 13 25 10 3 28 49 27 23 45 33 42 38 32 4 
18 38 36 16 22 25 1 2 7 14 13 20 8 17 33 35 9 31 28 3 24 44 34 30 21 10 42 11 23 15 27 29 6 32 12 45 46 39 5 47 4 41 26 48 49 40 43 37 19 
14 43 41 34 20 22 21 46 5 12 28 6 25 26 9 39 35 42 24 11 49 2 44 33 47 40 1 38 18 45 10 23 15 37 29 7 32 36 17 4 30 48 19 13 3 27 16 8 31 
6 16 25 9 39 13 19 7 8 4 31 10 29 27 44 1 47 22 36 2 17 30 14 37 35 3 49 41 33 11 26 43 48 34 21 23 28 42 18 15 5 46 32 38 40 12 20 45 24 
37 17 42 31 7 29 40 1 41 15 19 30 23 47 8 43 12 6 27 45 3 11 26 32 48 39 4 24 16 28 38 46 20 9 36 21 49 44 13 2 33 34 25 18 10 35 22 14 5 
3 49 24 30 36 18 28 13 38 22 11 33 44 45 29 10 16 32 37 23 31 27 5 15 6 43 12 21 40 17 8 19 4 41 47 20 1 25 35 14 39 9 34 42 2 26 7 48 46 
46 11 12 5 23 38 48 37 2 3 17 40 42 32 14 41 20 34 15 26 25 8 9 10 28 18 7 36 1 27 44 22 49 35 13 24 31 47 19 6 16 45 33 39 21 43 29 4 30 
8 44 33 10 26 27 47 14 35 49 36 39 18 48 5 19 13 4 46 21 40 25 17 45 20 31 16 34 24 30 2 7 32 12 42 11 22 29 43 37 3 38 41 23 15 6 9 1 28 
45 15 32 1 35 4 2 9 43 16 21 34 20 24 38 7 28 30 33 48 18 29 42 23 19 46 13 22 6 14 25 31 3 5 39 10 27 41 26 40 12 8 17 36 44 11 49 47 37 
20 46 14 43 24 1 3 16 12 18 5 4 10 21 2 28 15 8 38 13 26 23 30 47 31 25 29 33 41 40 11 32 44 39 7 42 48 34 27 36 6 17 22 9 37 45 19 49 35 
23 35 49 40 4 39 26 44 22 48 24 25 32 8 12 21 36 46 30 7 45 34 2 42 3 37 17 28 27 31 5 9 38 16 1 43 41 19 33 29 18 47 15 14 11 10 6 20 13 
44 48 37 8 32 36 10 28 42 13 14 43 6 23 39 31 19 18 25 40 35 16 27 20 49 45 11 9 34 12 3 30 2 21 33 1 7 15 22 5 24 4 29 47 17 41 46 38 26 
30 25 5 21 2 45 42 38 17 29 26 46 33 37 1 27 49 41 20 43 22 6 7 40 36 19 39 12 15 8 47 48 10 28 4 35 9 14 11 3 32 13 16 44 31 34 18 24 23 
16 9 7 33 18 47 13 15 31 20 27 41 35 3 6 34 44 11 48 24 10 38 4 1 26 21 32 14 19 22 45 36 42 29 17 2 37 12 49 46 8 23 43 5 30 28 40 39 25 
15 29 27 12 41 6 11 47 30 34 7 36 19 49 16 17 14 3 9 42 4 13 46 44 22 24 10 5 43 25 18 37 35 26 23 31 39 28 40 45 38 20 1 2 32 8 48 33 21 
34 22 28 17 19 31 38 39 11 1 45 2 40 9 23 33 32 37 5 47 29 41 48 8 43 15 35 18 20 49 24 6 13 14 46 16 44 30 25 21 26 10 7 4 42 3 36 12 27 
41 26 31 38 25 19 27 22 45 28 42 8 47 11 46 13 17 35 7 29 1 49 12 24 16 48 3 4 32 33 43 5 21 23 34 44 40 9 39 20 37 2 6 15 14 18 30 10 36 
7 18 34 32 10 30 20 17 19 5 29 35 9 14 36 12 45 25 31 37 16 43 23 38 8 33 44 40 48 46 6 28 11 15 2 49 24 26 1 42 13 22 3 41 39 4 21 27 47 
47 14 6 35 33 42 46 49 16 7 15 13 39 43 24 44 3 28 21 10 41 5 31 22 18 11 2 30 37 38 9 4 40 17 27 8 34 45 36 19 23 32 20 1 12 29 25 26 48 
17 24 29 13 16 8 12 33 10 41 40 1 26 25 30 23 4 38 18 9 20 37 39 21 34 36 45 27 22 47 42 14 19 3 44 6 35 48 46 11 7 15 2 31 5 32 28 43 49 
4 39 1 11 15 2 5 23 36 32 30 24 34 44 47 8 43 48 6 49 27 7 25 28 14 9 46 17 35 16 41 13 26 20 31 18 12 21 10 33 29 3 37 40 38 22 42 19 45 
48 23 40 22 37 44 43 21 3 2 12 27 46 38 11 32 33 39 26 14 42 35 6 29 1 20 15 19 10 18 36 45 7 30 49 25 4 5 47 41 31 28 8 16 34 24 13 17 9 
36 45 3 49 28 21 9 18 20 37 48 31 4 6 34 22 5 2 40 15 19 47 10 13 32 42 41 26 29 1 39 25 12 8 24 14 38 43 16 17 27 30 35 33 46 23 11 7 44 
################proper############## 

 average_time = 361.193587 

 success runs = 1 

 total average iters = 37471815.000000 
