Success!!! 
 
 max_col = 
 49 
 
 run_time = 
 307.911434 
 
 once iters = 
 25715499 
 
3 42 18 29 2 39 15 46 25 19 16 12 5 17 1 35 43 44 6 23 30 33 41 37 31 48 20 36 22 28 8 14 26 7 13 40 10 11 9 27 38 34 45 24 32 49 21 4 47 
36 12 49 33 19 17 24 44 40 13 20 37 43 32 18 34 25 14 29 16 9 28 4 7 11 45 23 10 3 15 39 27 21 6 2 47 22 46 31 41 5 35 42 26 8 30 38 1 48 
6 43 25 34 26 38 45 1 36 21 35 23 11 39 41 32 27 47 8 3 7 9 18 24 14 2 17 16 31 10 12 4 20 48 29 49 42 44 33 28 15 30 19 5 13 46 40 22 37 
32 9 48 1 11 22 41 7 27 2 45 4 6 18 24 31 5 40 15 12 17 30 3 13 34 47 21 38 49 42 33 46 43 44 35 37 25 39 8 19 26 14 28 20 10 36 16 23 29 
35 44 23 27 47 20 30 41 10 3 42 31 14 38 49 28 33 11 39 37 19 40 46 8 29 32 26 22 5 18 25 17 36 24 1 16 21 45 13 48 4 43 34 7 12 2 15 6 9 
21 14 16 37 10 4 40 15 30 22 8 33 28 24 38 36 26 13 48 42 46 6 5 1 27 39 49 43 23 41 47 19 34 9 45 7 29 2 20 3 32 12 17 11 31 35 18 44 25 
28 13 46 8 7 31 5 48 47 26 34 29 49 9 45 10 4 21 2 20 22 35 19 42 12 44 25 15 16 37 32 38 40 30 11 36 24 23 17 18 6 1 3 14 41 43 39 33 27 
9 2 33 45 37 15 12 20 3 17 49 5 41 27 26 16 13 28 19 25 1 43 38 23 40 34 32 47 18 4 6 44 29 21 8 22 46 48 39 14 30 11 24 36 42 7 31 35 10 
49 3 39 5 31 24 13 2 35 47 29 43 15 25 10 46 21 9 33 6 4 48 11 36 18 22 45 28 30 26 7 37 32 20 16 42 44 40 19 23 41 17 8 1 38 27 12 34 14 
20 47 11 48 29 16 28 10 38 32 30 45 19 40 7 17 8 23 41 31 34 2 49 5 26 1 35 25 13 36 14 43 42 27 22 18 12 24 37 4 9 3 33 44 21 15 46 39 6 
43 30 19 46 4 34 42 31 9 39 18 1 44 16 3 5 47 27 20 32 15 37 14 21 24 12 6 41 10 48 28 2 35 17 33 38 13 36 29 8 7 49 23 40 26 45 22 25 11 
1 40 27 18 23 25 14 21 13 6 36 22 7 26 35 48 42 38 24 11 2 8 33 19 4 16 10 44 46 47 31 41 39 12 49 34 45 28 15 32 43 20 30 3 17 29 37 9 5 
38 32 36 44 6 26 7 12 34 8 4 14 24 11 30 39 37 49 22 18 40 29 13 31 46 42 9 17 19 3 15 25 23 45 5 27 33 21 35 1 10 16 20 43 47 48 28 41 2 
10 22 21 41 8 35 17 28 46 33 37 48 23 42 14 43 44 12 36 45 29 3 20 15 39 27 7 30 1 9 40 34 38 11 24 6 47 31 26 25 2 5 32 19 16 13 4 49 18 
40 49 41 24 20 45 48 19 17 18 33 21 37 47 29 38 34 42 23 46 44 31 7 30 28 4 11 27 25 32 2 16 13 15 12 26 1 5 43 10 8 9 36 22 39 14 6 3 35 
16 15 22 32 27 18 39 34 26 38 1 10 4 7 28 40 9 6 43 17 20 49 42 41 5 8 33 2 48 11 36 29 30 35 37 3 31 13 24 45 14 25 12 21 23 44 19 47 46 
14 38 4 11 13 47 19 43 8 29 23 27 22 49 25 30 48 33 3 39 45 12 1 32 10 9 36 21 24 31 44 40 28 41 6 35 37 15 46 42 16 7 2 17 34 5 26 18 20 
26 6 37 28 34 29 25 24 15 16 13 39 30 3 32 8 11 1 7 14 35 47 23 45 17 20 43 40 42 19 46 22 49 5 21 44 2 12 41 36 18 4 10 31 48 9 27 38 33 
31 23 5 3 46 10 44 9 20 35 14 41 42 12 2 37 19 4 18 36 27 34 15 22 6 26 29 24 39 38 45 7 47 33 17 21 28 49 48 30 11 40 43 32 1 25 8 16 13 
17 7 30 9 12 43 33 25 28 36 44 11 2 45 31 21 16 22 5 26 13 46 48 39 19 3 37 35 14 27 18 10 1 8 20 32 6 29 38 34 23 47 41 42 40 4 49 24 15 
2 8 35 42 36 1 21 32 6 5 40 46 48 31 12 47 41 15 49 10 24 38 25 44 13 14 16 18 4 23 3 26 9 43 34 19 39 17 22 33 20 27 29 45 7 37 30 11 28 
18 39 20 17 33 41 37 23 12 31 46 47 21 48 22 24 1 10 44 49 8 27 2 43 42 15 30 14 38 6 35 3 7 13 4 45 26 32 25 29 19 36 5 16 11 28 9 40 34 
46 25 29 2 28 32 16 22 24 30 15 3 35 13 34 19 23 7 40 9 18 45 8 20 36 37 1 12 43 14 48 5 11 31 10 41 27 38 4 49 42 39 21 33 6 17 47 26 44 
12 5 7 36 9 49 35 17 18 28 19 25 33 41 16 3 38 37 31 43 26 39 29 11 23 13 48 46 20 21 1 42 45 40 44 10 30 6 34 22 47 15 27 4 14 32 2 8 24 
11 10 42 21 24 40 43 14 39 20 38 8 27 4 17 13 28 30 45 41 48 19 22 25 33 6 47 5 2 16 34 15 18 26 32 23 35 1 44 9 31 46 37 49 29 12 36 7 3 
30 4 13 19 44 8 34 37 32 40 10 49 16 6 42 33 20 29 14 5 36 17 26 18 21 35 31 9 27 24 23 47 22 28 41 43 11 7 3 12 48 2 1 46 45 39 25 15 38 
15 45 47 23 38 6 31 29 1 11 5 44 26 34 4 25 2 39 12 27 32 41 10 49 7 24 28 3 9 46 37 33 17 19 36 13 18 8 14 16 40 21 35 30 43 42 20 48 22 
22 1 14 26 3 48 27 36 42 45 43 7 9 2 46 11 6 35 47 15 21 16 34 40 44 38 4 32 12 29 49 30 8 25 39 33 20 37 5 24 17 28 13 10 18 31 41 19 23 
37 24 28 35 48 9 4 26 21 10 6 15 25 30 44 29 45 16 46 7 23 11 36 3 49 43 18 19 41 13 17 32 31 34 27 8 40 22 47 5 12 42 14 38 20 1 33 2 39 
23 36 15 6 45 2 20 38 49 24 32 18 34 44 39 12 17 31 4 47 42 14 16 48 35 21 27 26 8 22 30 28 33 1 3 11 7 9 10 37 13 41 46 25 5 40 43 29 19 
29 21 17 14 49 46 22 3 31 9 48 2 39 1 33 15 30 32 35 19 5 20 28 6 41 40 42 7 26 45 11 18 24 38 47 4 23 25 27 43 36 44 16 12 37 10 34 13 8 
41 31 1 43 32 19 18 40 45 14 27 35 12 20 13 49 22 3 11 8 37 23 17 34 9 10 5 39 21 25 42 36 16 46 7 28 38 33 2 26 29 48 6 15 44 47 24 30 4 
34 26 38 13 42 7 8 5 4 23 41 16 47 36 27 18 40 48 10 21 25 44 12 46 45 33 15 37 35 20 19 6 2 29 43 24 32 14 30 39 1 31 11 9 3 22 17 28 49 
5 16 3 12 30 33 47 11 19 37 7 42 13 8 43 9 14 36 34 2 28 32 24 38 25 29 22 1 15 39 10 48 44 4 40 17 49 20 18 46 35 6 31 41 27 26 23 45 21 
44 11 40 39 25 27 10 33 22 46 28 17 29 43 20 26 24 41 38 1 6 4 30 2 47 31 13 8 37 12 5 49 14 23 9 15 19 3 16 21 34 45 7 48 36 18 35 42 32 
33 27 44 30 43 37 36 13 23 1 39 40 46 22 9 41 15 17 26 34 11 5 31 4 8 18 12 6 28 49 38 21 3 42 25 29 16 19 32 20 45 10 47 35 2 24 48 14 7 
19 17 6 31 15 12 9 42 44 41 3 32 18 35 36 20 46 24 28 29 33 22 43 26 2 25 38 48 45 34 4 11 10 14 23 39 8 30 7 47 37 13 40 27 49 16 5 21 1 
42 29 32 20 21 11 3 8 48 34 31 19 45 14 47 44 39 5 25 22 16 13 27 35 1 46 40 49 17 7 26 24 41 37 30 9 36 4 6 2 28 23 15 18 33 38 10 12 43 
25 48 2 22 14 13 1 47 7 12 11 9 36 28 40 45 10 19 27 38 31 24 21 33 37 41 3 29 44 43 16 39 6 18 15 5 34 35 49 17 46 26 4 23 30 8 32 20 42 
39 46 8 10 40 28 26 49 33 27 24 6 17 21 23 14 35 18 37 4 43 36 9 16 30 7 19 11 32 2 29 20 5 47 48 12 41 42 1 15 44 38 25 34 22 3 13 31 45 
24 35 45 47 16 5 38 4 2 43 26 30 10 29 21 7 32 8 42 48 49 15 39 14 20 17 34 23 33 1 13 31 12 36 19 25 3 27 11 40 22 18 9 28 46 6 44 37 41 
4 41 34 7 18 23 49 16 5 15 25 38 20 37 6 1 12 2 30 13 3 10 45 47 32 28 44 42 40 35 9 8 27 22 46 14 48 43 21 31 24 33 26 39 19 11 29 36 17 
13 37 31 25 39 30 11 27 41 4 2 28 38 15 19 42 36 43 9 33 14 1 35 29 3 23 8 34 7 44 20 12 46 10 18 48 17 16 40 6 49 32 22 47 24 21 45 5 26 
48 34 24 38 17 36 46 30 14 25 21 26 40 10 5 2 29 45 1 44 47 7 37 28 15 49 39 31 6 8 43 23 19 32 42 20 4 41 12 35 3 22 18 13 9 33 11 27 16 
7 33 9 4 35 3 32 6 29 42 47 36 31 23 11 27 49 25 21 24 10 26 40 17 16 19 46 20 34 5 22 13 48 2 28 30 14 18 45 38 39 37 44 8 15 41 1 43 12 
47 18 10 40 1 21 23 35 16 49 22 20 8 46 37 4 7 26 13 30 39 25 32 12 38 5 41 45 11 33 24 9 15 3 14 2 43 34 36 44 27 29 48 6 28 19 42 17 31 
45 28 43 15 5 14 6 39 11 44 17 34 32 19 8 22 18 20 16 35 12 21 47 27 48 30 2 13 29 40 41 1 4 49 26 31 9 10 42 7 33 24 38 37 25 23 3 46 36 
8 20 26 16 22 44 29 18 37 48 12 24 3 33 15 23 31 46 32 40 41 42 6 9 43 11 14 4 36 17 27 45 25 39 38 1 5 47 28 13 21 19 49 2 35 34 7 10 30 
27 19 12 49 41 42 2 45 43 7 9 13 1 5 48 6 3 34 17 28 38 18 44 10 22 36 24 33 47 30 21 35 37 16 31 46 15 26 23 11 25 8 39 29 4 20 14 32 40 
################proper############## 

 average_time = 307.911434 

 success runs = 1 

 total average iters = 25715499.000000 
