Success!!! 
 
 max_col = 
 49 
 
 run_time = 
 419.745080 
 
 once iters = 
 42144394 
 
9 42 16 43 5 6 38 17 19 32 36 26 44 47 12 23 4 48 10 31 35 41 40 3 8 46 1 34 27 37 22 7 28 11 33 39 21 14 2 45 20 29 15 49 25 18 30 13 24 
45 13 44 41 21 36 7 9 16 40 29 11 49 15 42 47 6 25 3 17 43 12 19 30 4 24 14 22 23 20 39 1 34 2 18 33 27 32 37 48 35 28 8 46 10 5 31 38 26 
32 1 20 49 24 18 31 48 37 8 6 27 28 25 14 36 38 46 15 29 30 2 13 10 39 9 35 33 5 44 41 43 42 19 47 23 4 11 26 3 17 12 22 40 34 16 45 21 7 
23 35 4 2 25 30 47 33 12 3 18 21 38 20 39 32 5 27 7 19 13 44 37 45 36 15 16 49 31 48 17 46 10 26 6 9 22 24 42 40 8 34 43 1 29 11 28 14 41 
29 34 39 17 37 19 11 30 31 46 1 41 42 45 44 22 40 33 28 26 24 27 18 23 48 20 5 43 21 13 25 14 35 49 8 38 10 15 6 47 7 16 3 12 36 4 9 2 32 
46 40 10 15 27 28 8 14 13 22 35 23 39 4 18 41 2 45 16 11 34 17 25 21 7 26 29 42 9 38 32 36 24 3 12 49 1 19 31 43 30 5 48 33 44 20 6 37 47 
22 3 48 12 26 33 14 10 5 7 43 24 2 34 1 20 8 9 49 37 21 11 47 31 6 28 32 38 45 4 30 15 40 16 29 18 36 44 46 13 41 25 23 39 35 17 27 19 42 
42 4 24 30 23 43 29 40 18 1 12 49 15 6 27 2 26 41 33 39 7 9 21 16 10 17 36 48 32 35 45 34 22 38 20 46 11 8 19 28 3 14 5 31 13 37 44 47 25 
21 41 32 47 19 38 12 3 10 17 20 39 48 16 9 25 31 36 18 13 40 22 35 44 28 7 45 23 29 33 11 4 6 8 43 2 5 30 27 42 24 37 14 15 1 46 34 26 49 
39 49 27 8 2 10 22 24 44 35 30 29 4 9 34 48 23 19 46 20 37 25 12 1 13 47 15 3 36 42 28 16 5 31 14 45 17 26 18 38 32 7 41 21 40 33 11 43 6 
35 48 37 5 20 26 25 45 27 47 41 22 32 8 28 1 16 14 21 15 6 33 11 43 46 29 4 24 49 18 40 30 23 44 7 12 9 10 36 31 34 13 39 2 38 42 19 17 3 
16 18 28 13 11 3 40 38 2 26 19 46 25 31 8 4 32 47 45 10 29 6 42 37 34 14 20 5 17 1 24 41 21 9 39 48 15 35 44 33 49 43 27 22 30 36 12 7 23 
33 44 1 46 9 7 34 42 28 23 14 43 37 36 38 17 49 3 5 12 11 32 31 41 30 19 39 27 13 25 2 10 48 15 26 40 6 20 22 21 47 4 35 24 45 29 8 16 18 
6 36 45 14 15 31 17 13 11 34 33 5 7 21 35 44 43 22 30 24 42 26 8 49 40 38 18 2 19 12 27 47 3 37 46 1 25 41 16 29 23 39 10 4 28 48 32 9 20 
30 24 2 19 47 13 27 5 1 36 3 45 23 32 40 6 9 34 11 4 48 38 26 28 42 39 25 44 7 8 49 20 16 12 10 31 35 43 21 17 37 22 46 29 33 14 18 41 15 
25 20 17 1 34 12 35 7 6 24 27 37 22 2 33 19 30 26 44 43 18 16 41 46 5 11 31 40 48 15 29 21 14 39 9 10 13 38 23 4 45 36 28 47 3 49 42 32 8 
44 39 31 9 33 48 41 4 46 28 13 15 14 40 49 5 45 7 29 16 23 21 22 18 20 35 27 8 43 2 1 3 26 30 25 11 24 42 47 19 12 32 38 17 6 34 10 36 37 
4 26 40 16 29 15 32 19 8 10 34 47 41 30 22 3 20 24 27 21 1 48 2 36 49 23 43 37 44 17 46 42 38 45 5 28 14 33 9 6 39 18 25 35 12 7 13 31 11 
18 14 8 36 7 23 42 49 17 38 16 33 9 26 10 37 47 13 25 35 28 1 24 12 15 45 3 6 4 11 34 31 41 32 19 29 46 2 20 27 44 40 21 5 39 30 22 48 43 
43 38 11 21 22 49 5 39 25 44 31 35 20 18 32 46 36 12 14 42 2 34 17 29 19 4 10 7 40 47 13 28 33 6 37 41 16 48 8 30 15 3 45 27 23 26 1 24 9 
10 37 3 28 6 45 46 29 21 48 42 12 43 11 41 39 17 15 31 38 8 14 32 9 33 13 30 47 24 22 18 27 36 35 23 25 34 5 7 26 1 49 4 19 2 40 20 44 16 
47 7 34 10 28 25 15 20 24 9 44 6 35 13 48 29 18 1 22 14 32 23 27 40 37 42 11 19 26 39 21 12 30 17 3 5 41 45 4 49 16 38 33 43 31 2 46 8 36 
11 27 19 48 44 24 9 1 38 42 17 32 31 12 36 33 41 23 26 28 39 46 7 22 16 10 8 15 34 14 37 45 2 40 4 3 47 21 43 25 18 30 29 20 5 6 49 35 13 
17 22 49 45 12 21 6 41 23 19 4 7 26 37 2 8 27 16 47 40 5 28 34 48 43 25 13 30 20 36 35 29 18 42 38 32 39 46 33 15 31 1 9 44 11 10 24 3 14 
37 30 13 26 40 32 18 36 43 29 47 8 27 5 17 42 35 20 12 6 3 49 45 38 9 33 24 4 25 16 10 48 31 46 15 44 7 28 11 14 2 19 1 34 41 23 21 39 22 
31 2 46 33 1 14 4 22 40 45 11 34 16 39 30 43 21 10 24 7 19 36 3 26 18 5 44 20 8 6 47 49 13 41 32 37 23 9 48 35 29 27 17 38 15 28 25 42 12 
41 23 42 29 8 39 36 46 30 33 25 2 21 3 37 38 15 49 13 44 45 47 14 35 1 31 6 17 11 43 9 5 19 28 22 26 40 34 12 24 10 20 32 7 16 27 4 18 48 
20 16 38 35 43 5 3 18 48 15 49 28 10 14 4 11 46 31 34 25 9 39 29 2 32 21 41 12 1 7 33 23 44 24 27 17 8 22 13 36 42 6 40 26 37 45 47 30 19 
5 17 23 44 13 37 49 16 26 25 21 31 45 41 47 18 29 2 9 3 20 8 46 39 22 6 34 14 33 30 12 24 7 4 28 36 32 1 38 11 19 10 42 48 43 15 35 27 40 
24 19 7 38 10 42 21 6 49 27 40 20 8 46 26 30 34 37 4 22 44 45 5 11 29 16 9 35 39 3 36 32 17 43 1 14 12 25 15 18 48 31 2 13 47 41 23 28 33 
8 47 18 11 41 9 48 37 22 30 23 10 3 28 7 24 42 21 1 5 36 15 33 4 26 32 19 13 35 45 31 44 20 34 40 27 29 16 39 46 43 2 6 14 49 25 17 12 38 
26 29 43 25 46 40 33 47 4 13 38 36 34 24 45 14 11 39 35 48 15 42 10 17 31 12 21 28 16 19 6 8 27 18 2 7 3 23 49 44 22 41 37 9 20 32 5 1 30 
2 6 35 22 30 20 45 32 9 14 5 19 11 44 16 10 12 28 43 27 17 24 49 47 38 41 37 1 46 29 23 13 15 25 48 42 26 40 34 8 21 33 7 36 18 3 39 4 31 
27 32 15 39 31 34 28 2 29 12 7 18 1 42 6 13 25 8 23 33 38 43 48 20 44 3 40 36 14 41 26 37 47 22 49 35 45 4 30 9 5 17 24 11 19 21 16 10 46 
1 12 36 3 14 4 16 35 39 43 15 48 17 33 46 31 19 32 40 49 41 18 23 27 2 30 7 25 38 10 42 11 9 5 21 47 37 13 28 20 6 24 44 45 8 22 26 34 29 
14 28 26 6 49 46 39 8 3 18 2 16 29 27 21 34 13 35 17 9 10 40 36 7 45 37 23 41 12 32 48 19 4 1 31 20 44 47 24 22 33 11 30 25 42 43 38 15 5 
34 9 41 23 38 11 44 26 7 5 45 4 36 43 19 40 14 30 39 46 33 20 28 42 21 2 49 31 10 27 15 6 37 47 35 16 18 29 25 32 13 48 12 8 17 24 3 22 1 
13 45 25 4 35 16 43 15 20 49 24 40 46 48 23 12 3 29 42 1 47 10 39 32 27 18 38 26 22 21 44 2 11 14 30 19 31 37 17 5 28 8 36 41 7 9 33 6 34 
40 21 30 20 36 8 1 11 14 39 37 44 12 17 5 15 22 4 32 45 27 29 6 19 25 34 33 9 28 23 16 18 46 13 24 43 42 3 41 7 38 26 47 10 48 31 2 49 35 
3 10 33 27 32 2 19 31 42 6 28 9 47 22 43 7 44 11 38 8 49 4 15 24 35 48 12 16 41 5 20 40 25 29 17 34 30 36 45 1 14 21 26 18 46 13 37 23 39 
48 5 22 7 18 17 37 25 34 21 32 1 13 38 20 16 24 6 41 36 31 30 44 14 3 43 47 46 42 26 8 39 49 33 45 15 2 12 10 23 9 35 11 28 4 19 29 40 27 
12 15 47 31 42 29 24 23 33 41 10 30 19 35 25 28 37 18 48 2 26 5 1 13 17 8 22 11 3 9 7 38 43 36 34 4 49 6 40 39 27 46 16 32 21 44 14 20 45 
19 31 21 37 4 1 23 28 36 11 39 25 30 7 13 26 48 5 6 34 22 3 43 8 14 40 42 10 2 49 38 9 29 27 41 24 33 18 35 12 46 44 20 16 32 47 15 45 17 
28 11 5 32 39 41 26 34 35 31 48 3 18 10 15 9 33 43 37 23 46 19 38 6 12 1 17 21 47 24 4 25 45 7 16 22 20 49 14 2 40 42 13 30 27 8 36 29 44 
15 46 9 34 3 44 10 12 32 16 22 13 40 1 11 45 39 38 19 47 25 31 20 5 24 27 2 18 6 28 14 17 8 21 42 30 43 7 29 41 36 23 49 37 26 35 48 33 4 
7 25 14 40 45 22 2 21 41 20 9 42 6 49 3 27 10 17 36 30 4 35 16 34 11 44 46 29 15 31 19 33 1 48 13 8 38 39 32 37 26 47 18 23 24 12 43 5 28 
38 8 12 18 48 27 30 43 15 2 46 14 24 19 29 49 1 40 20 41 16 13 4 33 47 36 26 45 37 34 5 35 32 23 44 6 28 17 3 10 25 9 31 42 22 39 7 11 21 
49 33 6 24 16 47 13 44 45 4 8 17 5 29 31 35 7 42 2 32 14 37 30 25 23 22 28 39 18 40 43 26 12 20 36 21 48 27 1 34 11 15 19 3 9 38 41 46 10 
36 43 29 42 17 35 20 27 47 37 26 38 33 23 24 21 28 44 8 18 12 7 9 15 41 49 48 32 30 46 3 22 39 10 11 13 19 31 5 16 4 45 34 6 14 1 40 25 2 
################proper############## 

 average_time = 419.745080 

 success runs = 1 

 total average iters = 42144394.000000 
