Success!!! 
 
 max_col = 
 49 
 
 run_time = 
 536.872857 
 
 once iters = 
 47647590 
 
38 14 37 28 44 8 17 5 46 40 31 30 16 43 34 19 39 7 13 12 20 32 49 23 26 24 27 9 42 15 36 45 18 11 21 3 35 29 41 33 25 48 4 10 47 2 22 1 6 
12 42 4 29 18 34 25 15 7 6 27 37 23 24 35 31 16 46 36 40 30 5 28 1 19 43 41 22 47 20 38 48 10 39 2 8 32 21 14 45 44 26 17 11 33 13 9 49 3 
33 7 3 41 13 15 35 22 49 12 4 1 36 21 32 18 6 47 11 9 5 48 29 20 2 14 38 10 27 37 17 16 26 43 44 34 40 19 39 23 24 46 25 42 45 8 31 28 30 
48 27 21 2 1 16 5 32 18 47 45 19 14 41 8 10 24 28 22 17 42 34 35 11 37 31 3 4 33 30 6 40 23 49 25 43 20 15 12 13 36 9 39 46 38 7 26 29 44 
9 23 10 43 39 40 19 44 11 26 20 3 2 17 33 41 4 45 14 15 48 36 13 47 30 7 18 25 31 28 8 1 46 12 29 42 49 22 5 6 16 38 32 35 24 21 37 27 34 
31 36 22 30 6 26 45 48 9 33 34 42 25 10 29 37 21 43 49 1 38 12 39 44 46 15 16 8 41 13 35 24 7 32 3 4 47 11 17 28 2 27 5 23 14 40 20 18 19 
49 11 24 47 20 32 46 39 28 13 29 8 38 35 26 25 23 3 44 2 27 33 6 17 45 42 40 21 5 34 14 22 4 9 19 10 1 30 37 7 18 31 16 43 48 15 41 36 12 
39 19 13 23 24 3 47 37 21 30 46 22 10 32 9 42 28 16 31 35 40 45 20 18 11 44 6 36 43 2 27 7 14 25 33 12 4 17 29 1 8 49 34 48 26 5 38 15 41 
27 16 28 7 32 2 20 12 41 36 1 38 15 49 3 26 14 30 37 21 18 10 4 33 47 25 42 24 44 5 22 6 34 48 8 9 45 13 31 40 46 23 43 29 11 17 35 19 39 
43 49 8 37 25 36 30 9 42 11 13 14 29 45 1 20 33 12 38 46 34 3 22 48 15 19 39 40 35 21 24 4 41 17 31 16 5 44 26 2 27 32 47 7 6 10 18 23 28 
11 48 44 18 21 4 26 16 8 5 25 31 40 20 27 24 17 13 45 39 15 2 43 34 23 37 9 32 29 46 10 30 47 1 28 7 38 6 36 35 41 19 42 12 3 49 14 33 22 
1 31 41 40 12 10 22 35 34 23 44 18 3 6 43 48 32 5 2 47 29 28 17 49 7 27 26 30 15 38 16 9 19 13 42 20 21 33 11 37 39 14 36 45 8 25 4 46 24 
35 17 15 14 9 5 42 28 19 24 26 33 47 7 25 6 11 41 4 49 44 29 46 38 21 16 8 12 36 45 39 32 37 3 23 48 34 43 18 22 30 10 13 20 1 27 2 40 31 
6 34 29 46 33 45 38 43 17 39 2 27 4 48 10 7 36 23 8 19 22 41 14 31 1 35 5 13 40 49 18 11 20 26 12 28 25 3 24 47 42 15 37 32 21 44 30 9 16 
24 30 25 39 37 12 27 36 29 9 8 44 18 19 46 2 10 31 33 4 7 26 41 16 28 5 21 14 23 48 40 20 42 15 43 1 3 49 38 34 22 35 11 6 13 32 47 17 45 
28 29 1 36 4 17 48 27 23 41 5 11 33 22 21 38 44 25 40 13 14 43 3 35 42 2 37 6 49 12 30 18 16 47 32 46 9 45 19 26 20 8 15 39 34 31 24 7 10 
20 47 6 26 31 41 10 17 30 43 14 4 13 37 48 39 35 42 23 3 28 40 32 12 34 1 46 15 45 9 19 8 22 29 7 24 16 18 44 27 11 2 38 33 5 36 49 21 25 
13 9 19 22 14 11 7 49 31 2 21 10 48 47 15 16 27 34 12 32 17 8 45 24 25 33 23 20 3 6 26 36 5 38 41 30 43 4 40 39 37 42 35 1 18 46 28 44 29 
44 40 35 15 2 46 34 6 32 38 16 24 42 26 45 5 18 36 9 20 49 11 19 4 48 47 30 27 28 31 1 25 13 33 39 21 10 12 7 29 23 17 14 3 43 22 8 41 37 
42 21 16 5 3 38 23 20 35 45 15 12 39 25 41 22 37 8 1 43 24 44 36 7 13 18 49 29 46 11 2 34 27 10 17 6 33 14 47 32 31 28 30 40 9 48 19 26 4 
18 45 32 33 43 49 8 7 1 46 3 40 34 28 47 30 29 26 19 6 11 31 9 39 38 10 22 17 4 14 37 44 35 21 24 36 41 5 48 25 15 13 23 16 42 20 12 2 27 
47 2 30 6 34 31 16 26 3 10 19 21 28 33 17 45 22 38 18 36 43 15 8 46 12 29 7 35 13 27 25 41 9 42 48 5 14 37 20 4 49 40 24 44 23 39 1 32 11 
5 32 33 45 38 22 1 23 20 25 11 49 6 15 31 27 26 4 7 8 9 18 30 36 24 21 17 19 39 16 46 3 40 2 34 29 44 10 43 41 13 12 28 37 35 14 42 48 47 
8 26 9 10 19 21 28 34 4 29 37 7 12 46 6 13 5 2 3 33 39 16 42 25 40 48 47 1 30 44 11 49 15 14 35 31 23 38 22 24 32 45 20 27 36 41 17 43 18 
17 13 12 3 23 25 24 41 48 27 38 32 43 40 14 44 1 29 35 34 16 20 10 37 5 4 2 49 18 33 28 47 8 36 45 11 39 9 42 30 7 6 22 19 46 26 21 31 15 
29 15 36 11 7 18 37 30 44 22 39 13 31 42 20 12 46 40 24 25 41 27 33 14 9 28 45 43 26 32 21 23 6 19 10 35 17 2 1 8 48 47 3 5 49 4 16 34 38 
46 44 39 48 40 35 4 14 16 8 18 47 24 1 11 21 49 10 42 30 32 23 34 3 31 41 13 26 22 43 5 38 17 37 20 15 27 25 33 19 28 36 12 2 29 45 7 6 9 
14 43 20 49 27 42 41 45 36 35 17 2 5 9 37 23 15 19 48 28 47 6 11 32 22 38 44 39 1 24 7 12 29 31 4 18 26 16 3 46 34 21 10 25 30 33 40 13 8 
26 28 42 24 30 14 29 25 10 3 12 9 21 27 7 1 47 35 6 11 19 4 44 45 20 23 15 48 8 36 13 17 32 34 5 39 31 46 16 49 38 43 2 41 37 18 33 22 40 
37 10 34 21 41 48 33 11 13 32 47 45 8 44 12 40 38 14 46 42 26 22 25 43 27 6 24 18 2 7 31 19 3 35 15 23 29 20 28 17 1 4 9 36 39 30 5 16 49 
45 12 31 19 36 6 9 24 15 7 30 5 41 29 18 8 25 17 39 16 10 13 37 26 35 34 33 3 38 1 49 43 48 40 47 22 2 32 27 42 21 11 44 4 28 23 46 14 20 
2 38 18 4 16 7 40 19 22 49 43 26 20 39 23 15 30 32 41 44 37 17 12 8 14 36 31 5 21 42 29 28 25 45 46 47 6 35 9 48 33 34 27 13 10 24 3 11 1 
25 22 49 1 5 27 44 33 38 42 48 17 35 23 13 43 9 20 28 31 36 19 47 2 32 40 10 46 37 4 41 26 39 16 11 14 7 24 30 3 45 18 29 8 15 34 6 12 21 
3 8 46 17 35 47 13 4 37 14 28 6 1 18 24 34 2 49 27 22 45 7 21 29 16 39 11 42 20 23 9 10 33 44 30 40 36 41 15 5 12 25 48 31 19 43 32 38 26 
23 20 43 32 11 39 15 31 2 34 40 16 46 36 5 4 3 48 21 29 33 49 1 30 41 9 28 38 14 18 12 27 24 22 6 19 37 8 13 10 26 44 45 47 17 42 25 35 7 
41 24 14 44 45 37 49 38 39 28 9 36 17 34 4 29 42 15 26 48 8 21 5 10 6 3 35 31 11 47 32 2 43 23 1 13 12 7 46 18 40 30 19 22 20 16 27 25 33 
32 5 23 13 17 9 31 46 6 37 24 25 11 30 19 36 40 1 20 38 35 47 2 28 39 22 12 41 7 10 45 33 21 18 16 49 48 27 4 43 14 29 26 15 44 3 34 8 42 
40 39 38 16 10 29 43 13 12 15 49 48 7 8 2 46 31 11 17 24 23 14 27 42 4 20 34 37 19 25 3 5 44 41 36 26 22 1 21 9 47 33 6 18 32 28 45 30 35 
21 25 2 12 15 30 36 1 40 4 33 35 44 16 39 47 7 22 43 37 3 46 24 13 18 17 19 11 6 8 34 14 31 27 26 32 28 42 45 38 5 20 49 9 41 29 23 10 48 
7 6 26 35 48 1 18 47 45 21 41 23 19 31 28 14 13 33 5 27 25 38 16 15 8 32 29 44 9 22 20 42 49 30 37 2 11 34 10 36 3 24 46 17 40 12 39 4 43 
34 4 27 42 22 28 3 10 14 20 32 29 26 5 30 9 41 18 16 45 21 25 7 40 43 49 1 33 48 17 15 35 12 46 13 37 19 23 8 44 6 39 31 24 2 38 11 47 36 
19 33 47 8 46 20 11 3 27 18 42 43 22 2 49 32 12 44 34 10 6 30 26 9 36 45 48 23 24 29 4 39 38 28 40 25 15 31 35 16 17 41 1 21 7 37 13 5 14 
10 35 45 27 29 44 2 40 25 19 7 28 9 14 36 11 20 39 15 18 1 24 38 5 17 46 4 34 12 41 42 21 30 6 22 33 13 26 32 31 43 3 8 49 16 47 48 37 23 
4 18 11 38 49 24 6 2 5 17 22 41 32 3 42 28 43 9 29 14 13 37 15 19 44 26 25 16 34 40 48 31 1 20 27 45 8 47 23 21 10 7 33 30 12 35 36 39 46 
15 46 7 25 8 19 12 18 43 1 10 39 37 4 22 33 48 6 32 26 2 9 40 41 3 30 14 47 16 35 23 13 36 24 49 27 42 28 34 20 29 5 21 38 31 11 44 45 17 
16 37 48 31 47 13 21 8 33 44 6 34 27 12 38 49 45 24 30 7 46 42 23 22 10 11 20 2 17 39 43 15 28 5 9 41 18 36 25 14 35 1 40 26 4 19 29 3 32 
30 3 17 34 42 43 39 29 24 48 23 15 45 38 16 35 19 21 47 5 12 1 31 27 49 8 36 28 32 26 33 37 2 7 18 44 46 40 6 11 4 22 41 14 25 9 10 20 13 
36 1 40 20 28 23 14 42 26 16 35 46 49 13 44 3 8 27 10 41 31 39 18 21 33 12 32 45 25 19 47 29 11 4 38 17 30 48 2 15 9 37 7 34 22 6 43 24 5 
22 41 5 9 26 33 32 21 47 31 36 20 30 11 40 17 34 37 25 23 4 35 48 6 29 13 43 7 10 3 44 46 45 8 14 38 24 39 49 12 19 16 18 28 27 1 15 42 2 
################proper############## 

 average_time = 536.872857 

 success runs = 1 

 total average iters = 47647590.000000 
