Success!!! 
 
 max_col = 
 49 
 
 run_time = 
 121.817549 
 
 once iters = 
 10904549 
 
43 18 42 38 16 44 37 26 32 4 31 8 48 12 24 10 3 14 25 46 49 5 15 9 27 13 23 22 30 21 1 20 39 47 19 40 29 36 6 17 11 33 41 2 34 7 35 45 28 
21 12 1 19 11 49 39 37 47 43 15 40 22 3 33 2 28 31 13 27 29 26 6 45 17 20 7 34 41 35 36 32 16 18 25 4 48 9 46 8 10 24 23 44 38 30 5 42 14 
35 3 48 23 7 40 15 18 5 49 46 9 20 24 17 44 38 36 11 32 43 33 14 4 16 28 21 42 37 2 45 26 6 10 13 34 41 1 12 22 31 30 27 25 47 8 39 29 19 
45 9 25 32 26 5 33 42 10 21 23 36 38 44 20 16 34 19 48 41 37 8 35 40 30 39 1 3 29 12 22 46 7 17 11 2 14 28 27 43 47 18 49 4 13 24 31 6 15 
22 17 8 47 29 2 6 41 13 7 14 28 16 1 5 45 40 12 30 18 4 31 10 25 44 19 46 32 27 34 48 15 49 38 24 26 35 39 42 20 23 3 37 21 43 11 33 9 36 
14 20 4 31 13 24 41 34 17 27 30 33 2 29 6 7 1 15 39 35 21 36 11 12 47 48 38 37 8 9 3 42 23 28 43 45 25 44 16 5 19 49 10 32 18 26 22 40 46 
10 36 46 28 27 34 30 25 19 45 35 11 39 6 47 42 8 22 26 23 9 49 2 41 18 29 24 43 40 44 31 4 33 14 5 38 32 37 7 21 13 15 20 3 16 12 48 1 17 
23 4 38 29 14 12 46 32 27 22 8 31 43 45 25 9 47 37 2 7 18 39 24 5 1 26 35 41 44 19 13 11 42 6 34 30 21 10 48 36 33 40 3 28 15 20 17 49 16 
27 32 11 2 10 41 3 48 15 47 36 39 14 46 13 29 33 5 24 31 12 20 45 19 7 37 22 9 18 23 16 28 38 43 8 42 6 26 44 49 34 17 35 30 21 4 1 25 40 
19 6 7 18 5 8 1 24 21 44 25 26 3 33 41 32 16 23 49 38 20 11 28 10 42 47 4 31 17 45 35 22 30 40 9 15 2 46 39 12 37 43 48 29 14 34 36 13 27 
33 34 13 45 21 31 36 20 30 5 40 35 28 2 19 39 48 44 46 22 11 3 27 32 12 23 29 17 15 41 26 14 25 7 49 47 9 24 1 38 16 4 6 43 37 42 18 8 10 
47 39 40 42 44 43 17 4 7 23 41 37 13 18 8 28 27 34 3 10 26 15 48 30 6 25 49 16 21 5 12 36 32 33 1 35 31 20 45 14 29 11 22 19 46 38 24 2 9 
37 15 9 26 30 35 22 29 49 16 10 38 19 17 40 1 14 42 6 43 36 2 44 21 33 34 18 8 20 4 47 24 48 46 27 23 3 13 28 7 25 32 45 39 31 5 11 41 12 
49 24 28 48 20 25 16 9 11 12 34 1 6 42 4 21 45 17 35 30 15 46 36 38 40 14 43 13 10 29 39 31 2 37 3 8 22 5 18 19 27 41 44 7 32 33 47 23 26 
8 25 41 24 32 22 11 36 37 10 39 23 30 15 45 14 6 1 4 16 38 12 33 26 9 18 34 21 49 47 28 19 40 48 31 20 27 2 17 44 35 46 42 13 29 3 43 7 5 
48 7 10 4 23 21 31 3 20 18 32 17 27 11 9 43 25 8 40 33 19 29 38 28 13 5 14 2 42 15 30 12 41 1 46 22 34 47 49 37 24 6 26 45 39 36 16 44 35 
6 35 49 36 3 29 44 40 28 38 1 16 46 5 7 11 12 18 10 37 24 32 30 23 39 17 27 19 22 14 25 21 45 34 4 31 8 43 9 42 26 13 2 47 41 15 20 33 48 
38 5 39 17 43 28 19 21 24 13 33 49 9 31 44 27 42 30 32 26 48 47 41 3 20 11 40 1 7 8 37 29 35 36 2 10 23 16 15 25 45 12 4 6 22 14 46 34 18 
9 27 33 13 47 16 40 45 48 25 6 12 41 7 39 36 23 2 15 20 34 35 4 46 31 22 42 44 3 43 18 5 10 26 38 28 1 14 32 30 21 29 24 17 8 19 49 11 37 
2 14 12 46 18 45 34 43 42 19 47 22 44 26 3 49 13 41 31 29 35 25 16 15 37 36 8 10 9 24 17 6 27 39 20 7 38 33 11 4 5 48 1 40 23 32 21 28 30 
42 30 37 15 1 20 26 2 35 34 29 14 4 8 28 46 21 47 22 5 17 48 7 24 43 6 45 49 33 32 11 23 13 16 44 41 18 40 36 39 3 19 31 27 9 10 38 12 25 
15 21 24 16 35 1 5 30 29 41 9 25 12 47 43 18 11 3 19 40 22 45 42 36 26 49 2 38 31 39 10 8 14 32 6 48 28 7 23 46 20 37 13 33 44 27 4 17 34 
11 44 22 34 49 18 32 27 43 8 38 20 45 13 1 31 10 9 14 6 2 40 29 16 21 7 12 28 47 26 46 48 17 4 42 5 36 41 3 33 39 25 30 35 19 23 37 15 24 
40 8 29 12 25 19 28 7 31 37 26 32 42 49 48 41 39 24 16 34 13 17 5 22 4 35 6 23 36 30 27 33 18 21 15 9 47 45 14 11 2 44 38 20 3 1 10 46 43 
46 43 27 20 36 30 23 14 18 48 17 6 34 4 12 37 29 25 47 28 7 13 1 33 11 9 19 39 24 16 38 45 3 44 40 49 15 21 26 35 42 10 5 31 2 22 8 32 41 
26 41 31 7 48 33 38 46 44 3 11 2 36 39 21 23 49 35 27 4 42 30 32 20 15 8 10 24 25 37 9 1 5 22 28 43 19 17 13 6 40 34 29 18 12 16 14 47 45 
4 42 6 3 45 10 47 1 22 33 24 15 40 23 36 26 30 20 44 17 5 14 46 34 25 41 37 27 12 13 2 43 19 11 35 18 16 31 29 32 38 8 21 49 7 9 28 48 39 
17 37 2 14 9 39 13 19 16 28 21 5 35 10 38 8 32 45 33 15 46 18 47 43 3 31 44 48 23 20 49 41 34 29 7 24 12 22 4 27 30 1 40 26 11 6 25 36 42 
39 47 26 27 33 14 7 11 40 42 48 34 17 20 29 25 22 6 23 13 8 24 3 2 32 45 15 5 43 31 41 35 36 30 37 46 49 38 10 1 28 9 16 12 4 18 44 19 21 
16 19 44 25 41 38 9 10 23 14 12 46 26 21 34 30 18 48 28 49 27 7 37 13 22 43 20 33 11 6 24 39 4 3 47 17 42 29 5 15 8 45 32 36 40 35 2 31 1 
32 13 45 1 22 46 49 8 4 15 2 41 18 28 37 47 35 43 36 39 33 27 31 29 19 40 16 25 34 48 20 38 44 42 12 11 30 23 24 26 7 21 14 9 10 17 3 5 6 
18 31 35 21 12 48 20 13 6 39 5 43 7 37 16 38 15 32 9 45 41 4 34 47 46 1 30 11 26 28 14 17 8 19 10 44 33 27 40 3 36 2 25 42 49 29 23 24 22 
30 2 17 43 8 6 4 44 3 32 49 24 29 38 11 20 26 10 42 19 1 21 9 35 23 12 41 36 5 46 33 40 22 45 16 37 39 25 34 31 18 14 28 15 48 13 7 27 47 
24 11 5 40 34 36 10 22 25 31 16 19 33 9 14 4 17 21 7 2 3 28 26 42 49 44 39 6 1 27 29 18 15 13 23 32 20 12 41 47 48 35 46 37 45 43 30 38 8 
28 23 15 37 42 3 29 35 1 30 45 27 47 36 46 12 31 40 5 24 44 10 18 48 8 38 17 14 2 25 21 7 9 49 32 13 43 6 19 16 4 22 33 11 26 41 34 39 20 
12 29 18 33 38 13 2 5 9 46 37 47 21 48 32 15 43 7 41 14 23 16 39 44 36 24 31 26 35 22 42 3 20 25 30 1 17 34 8 45 6 28 11 10 27 40 19 4 49 
7 16 14 11 19 23 45 15 2 35 43 3 49 32 42 6 20 28 8 36 30 41 22 27 5 21 25 4 48 33 40 10 47 9 17 12 26 18 31 24 46 39 34 38 1 44 29 37 13 
1 22 36 10 17 27 24 39 41 6 42 30 23 25 49 35 9 38 21 3 45 43 19 8 28 46 48 18 4 7 44 34 11 31 26 29 13 32 37 40 14 47 12 5 20 2 15 16 33 
31 46 32 41 40 37 43 28 8 26 4 29 11 27 10 13 44 16 1 12 39 9 20 14 34 30 47 35 19 49 6 2 21 24 45 33 5 48 38 23 15 7 17 22 36 25 42 18 3 
44 49 20 39 4 47 35 16 45 17 22 10 1 14 27 33 5 29 34 48 31 42 23 37 38 15 3 40 28 18 32 13 46 12 41 25 11 19 30 2 43 36 8 24 6 21 9 26 7 
34 48 30 5 28 9 21 12 38 20 13 18 31 40 26 19 24 4 17 47 25 6 49 11 29 2 33 7 39 1 8 16 37 15 36 27 10 3 22 41 44 42 43 46 35 45 32 14 23 
25 26 3 8 6 15 42 33 34 36 44 7 24 19 18 22 2 46 37 11 40 1 13 17 45 10 32 12 14 38 23 27 43 5 29 16 4 35 21 9 49 20 47 48 28 39 41 30 31 
20 10 16 9 46 32 8 23 39 29 18 13 37 34 30 3 41 49 38 42 28 19 12 7 35 4 5 47 6 40 43 25 24 27 14 36 44 11 33 48 22 26 15 1 17 31 45 21 2 
36 38 43 6 37 42 14 31 26 2 28 4 15 16 35 24 7 11 18 25 10 22 21 1 41 32 13 45 46 3 5 9 29 8 33 19 40 49 47 34 17 27 39 23 30 48 12 20 44 
3 45 34 49 31 11 12 17 36 1 27 42 5 30 22 48 19 13 20 21 6 37 25 18 2 33 28 15 38 10 4 44 26 41 39 14 46 8 35 29 9 23 7 16 24 47 40 43 32 
29 40 19 44 15 17 18 38 33 24 7 21 25 43 31 5 36 39 45 1 14 23 8 49 48 27 26 20 32 11 34 47 28 35 22 3 37 30 2 13 12 16 9 41 42 46 6 10 4 
13 33 21 35 2 4 48 6 12 9 20 45 10 41 15 40 37 26 29 8 47 44 17 31 14 3 11 46 16 36 7 30 1 23 18 39 24 42 43 28 32 5 19 34 25 49 27 22 38 
41 28 23 30 39 26 27 47 46 40 3 44 8 22 2 17 4 33 12 9 32 34 43 6 24 16 36 29 45 42 19 49 31 20 48 21 7 15 25 10 1 38 18 14 5 37 13 35 11 
5 1 47 22 24 7 25 49 14 11 19 48 32 35 23 34 46 27 43 44 16 38 40 39 10 42 9 30 13 17 15 37 12 2 21 6 45 4 20 18 41 31 36 8 33 28 26 3 29 
################proper############## 

 average_time = 121.817549 

 success runs = 1 

 total average iters = 10904549.000000 
