Success!!! 
 
 max_col = 
 49 
 
 run_time = 
 329.910936 
 
 once iters = 
 29389888 
 
16 33 44 43 48 45 13 1 37 34 41 38 27 11 4 19 18 20 47 15 17 46 21 2 6 7 9 35 3 14 12 22 49 28 25 42 29 23 30 36 24 26 40 10 5 8 31 39 32 
20 12 5 36 39 24 14 18 47 7 16 40 3 25 2 31 30 43 48 44 11 27 38 32 49 29 26 41 33 34 1 23 19 35 8 45 37 22 15 46 21 10 9 13 4 17 6 28 42 
30 10 35 34 27 19 41 13 24 26 8 43 23 44 46 49 3 42 45 40 22 4 31 47 28 15 14 1 36 9 21 7 5 16 37 39 6 48 2 32 20 17 29 25 11 18 12 33 38 
37 23 6 2 17 21 22 35 4 29 14 12 31 19 41 28 24 10 13 5 34 25 45 30 18 44 42 33 32 20 27 11 39 47 40 38 8 9 49 7 3 43 36 48 1 15 16 46 26 
46 4 47 11 32 26 28 20 6 9 42 21 36 49 1 38 33 29 16 12 8 10 40 43 22 48 39 3 44 24 30 17 2 15 31 5 19 14 13 27 18 25 45 34 35 7 23 37 41 
29 42 40 25 49 15 1 33 2 5 17 46 10 39 14 32 7 9 6 36 27 34 19 8 24 23 37 16 13 43 18 26 48 38 45 31 4 28 11 12 35 41 30 20 22 47 3 21 44 
7 9 3 38 31 8 18 48 30 22 15 28 45 32 25 23 35 26 21 37 39 20 12 11 13 36 5 17 6 41 46 10 42 4 29 34 1 40 44 33 47 16 27 14 24 43 49 19 2 
25 35 23 30 21 31 42 2 11 13 32 6 48 20 3 5 38 45 9 29 49 40 34 1 47 46 19 4 22 44 43 16 12 7 26 33 15 17 10 18 41 37 24 27 36 39 28 8 14 
45 43 39 20 34 6 10 40 14 23 29 4 33 41 16 17 46 2 44 11 47 49 28 36 12 37 25 31 15 30 8 5 35 13 18 9 38 27 32 24 48 22 26 42 3 19 21 1 7 
47 44 36 27 22 2 24 39 34 25 46 26 12 38 15 4 31 40 18 30 13 43 8 14 7 9 48 20 19 17 37 42 21 29 11 28 16 1 6 3 5 35 33 32 41 49 45 10 23 
40 3 1 18 38 5 4 8 28 49 19 17 7 9 26 27 43 6 20 39 32 23 24 45 16 2 29 11 10 48 33 41 46 14 36 13 34 42 21 25 31 12 22 47 37 35 44 15 30 
33 41 29 19 11 37 7 24 21 45 1 27 44 15 8 34 42 25 35 14 36 22 32 38 26 10 17 18 9 28 31 6 3 40 20 23 30 47 43 39 46 49 12 5 2 16 4 48 13 
26 13 46 16 8 49 48 30 3 18 22 36 42 43 28 37 12 33 10 21 24 5 41 15 27 6 35 39 23 38 47 25 32 45 1 2 20 7 19 4 14 44 11 31 9 29 40 34 17 
9 14 28 32 15 12 17 10 5 47 31 37 35 16 7 22 19 1 23 41 48 13 30 42 33 3 44 21 34 49 4 27 24 2 39 29 26 11 8 45 40 36 18 46 38 6 43 20 25 
31 38 41 7 12 10 43 32 22 48 28 14 4 37 11 13 1 34 17 45 29 36 44 49 42 5 20 30 16 40 6 24 33 18 21 25 23 3 47 8 15 46 35 26 19 2 39 27 9 
27 15 22 4 30 23 21 6 41 35 12 11 47 10 5 25 48 14 8 26 46 18 9 16 37 34 32 45 28 2 19 36 1 3 44 7 40 39 29 42 38 20 17 43 33 31 24 13 49 
28 32 14 48 35 33 6 29 36 42 45 5 30 18 38 41 37 44 31 23 3 11 27 40 2 4 1 43 7 8 39 13 15 46 12 17 22 24 9 26 49 19 21 16 20 10 25 47 34 
1 45 24 5 9 34 36 43 20 33 23 49 19 31 40 42 16 12 39 27 2 48 22 46 35 17 3 13 47 26 25 30 37 10 4 6 21 41 18 28 32 14 44 7 8 38 15 29 11 
13 2 37 3 18 47 26 38 17 1 44 8 40 24 49 36 20 15 4 22 7 12 25 39 41 19 21 6 48 45 35 34 29 9 43 11 33 31 5 10 16 27 14 30 23 42 46 32 28 
39 16 49 46 19 25 11 9 7 15 13 34 2 3 35 18 28 21 24 47 6 33 26 10 29 14 8 23 27 42 32 31 38 20 17 37 43 44 45 30 36 48 5 41 12 40 1 4 22 
42 29 20 8 44 17 40 27 16 21 39 25 26 46 33 30 32 19 43 10 9 31 7 28 15 47 38 24 5 22 14 49 11 23 41 12 13 4 1 35 34 2 48 6 18 36 37 3 45 
4 49 30 28 45 3 9 44 40 19 27 24 16 17 20 8 23 11 26 34 43 29 18 5 48 35 41 32 25 15 2 33 47 36 38 10 42 13 12 6 39 21 31 37 7 1 14 22 46 
23 27 34 39 33 41 37 46 43 8 49 2 29 5 21 9 44 32 1 18 30 3 13 4 14 42 12 22 45 7 20 35 6 24 10 40 36 15 38 47 25 31 16 17 48 28 11 26 19 
35 8 32 14 7 16 31 15 1 39 10 33 20 26 42 46 22 37 38 6 12 9 17 19 11 49 28 25 18 4 34 40 13 30 48 24 44 2 41 5 45 29 47 3 21 23 27 43 36 
36 17 11 29 1 22 47 12 31 37 30 7 6 14 24 40 4 35 3 33 28 45 46 27 39 16 23 10 43 5 44 21 41 49 42 20 9 26 48 34 19 18 2 38 32 13 8 25 15 
10 25 2 15 26 38 46 42 32 28 48 22 18 34 39 47 41 13 29 17 45 44 36 31 21 1 6 7 11 3 23 14 9 12 19 8 27 16 37 49 43 30 20 4 40 24 33 35 5 
24 19 21 13 5 18 44 25 35 41 3 23 9 36 31 16 14 48 49 2 15 26 43 37 20 40 47 38 8 32 29 39 27 17 28 1 11 33 46 22 4 7 10 12 42 34 30 45 6 
12 6 48 42 40 43 20 4 13 38 47 45 11 21 36 10 5 27 25 7 19 15 2 34 30 33 24 8 31 46 26 1 16 37 22 3 14 35 28 23 17 32 41 39 49 44 18 9 29 
8 48 7 10 25 42 38 11 45 43 20 19 41 22 47 24 39 5 46 13 1 14 15 18 4 12 27 34 29 33 28 2 23 21 32 30 3 36 31 16 44 6 49 40 26 37 9 17 35 
11 18 43 40 20 13 15 31 44 24 38 32 21 7 12 48 6 36 42 35 23 37 49 9 8 26 33 28 17 39 16 4 45 5 14 27 41 46 25 2 29 1 34 19 47 22 10 30 3 
3 22 31 24 36 46 39 47 25 14 26 29 28 6 30 44 34 41 37 49 33 2 20 17 23 45 10 42 12 35 9 15 8 1 13 21 32 5 40 19 7 4 38 11 43 27 48 16 18 
21 26 27 33 2 44 49 34 9 36 5 10 17 42 32 7 45 18 19 16 40 35 3 48 1 31 43 29 30 47 11 37 22 25 46 14 39 8 23 38 13 28 4 24 15 41 20 6 12 
6 47 19 12 14 35 30 23 18 4 2 15 1 48 27 43 8 3 11 20 10 32 16 44 46 39 22 5 41 36 7 38 40 31 34 49 45 37 17 9 26 24 25 28 13 21 29 42 33 
5 1 9 23 41 32 29 49 46 40 37 16 13 12 17 14 15 38 28 4 26 7 47 24 25 21 30 19 42 27 3 18 20 43 6 48 35 10 34 11 22 33 8 44 39 45 2 36 31 
34 37 16 17 28 4 45 3 27 30 35 39 8 33 22 29 9 31 2 25 21 41 6 13 40 38 11 36 26 19 49 44 10 48 24 15 12 18 20 43 42 47 46 23 14 5 32 7 1 
43 40 8 21 3 14 16 19 10 44 34 13 25 45 23 33 36 24 15 9 31 38 42 7 5 27 4 46 2 6 17 32 28 11 47 41 48 12 35 29 37 39 1 18 30 26 22 49 20 
44 5 25 37 46 30 12 36 48 3 40 9 15 35 19 6 47 49 34 1 4 16 39 26 17 8 45 2 38 21 24 20 18 27 33 22 10 32 42 13 28 23 7 29 31 11 41 14 43 
15 11 33 49 6 7 34 17 39 27 21 41 43 4 48 2 26 28 30 32 38 24 29 22 9 18 40 47 37 25 13 45 31 8 5 19 46 20 16 14 1 3 42 36 44 12 35 23 10 
32 24 13 45 23 29 35 37 42 46 18 30 14 28 44 3 17 39 27 43 5 6 33 25 10 20 31 12 49 1 41 19 4 22 7 36 2 38 26 21 11 8 15 9 16 48 34 40 47 
17 36 42 1 10 9 27 5 38 20 24 31 22 8 29 21 11 7 12 46 18 19 14 23 32 41 15 44 39 16 48 43 30 26 35 4 47 49 33 40 6 34 28 45 25 3 13 2 37 
22 39 38 31 4 20 2 26 33 6 11 47 49 29 37 35 10 16 14 42 41 30 1 3 43 28 13 48 40 23 15 12 36 34 9 18 5 25 7 44 27 45 19 8 46 32 17 24 21 
18 28 26 41 47 48 19 16 23 12 7 1 32 2 45 20 13 22 40 8 25 21 37 35 34 11 36 49 46 10 42 29 14 44 3 43 31 30 24 17 9 15 6 33 27 4 38 5 39 
49 31 15 44 16 39 8 41 12 17 43 3 34 27 9 11 40 4 5 19 20 42 35 33 36 25 46 37 21 29 38 28 7 32 2 26 24 45 14 1 10 13 23 22 6 30 47 18 48 
41 7 45 47 43 1 23 22 29 2 25 20 37 13 18 12 21 8 32 28 44 17 4 6 31 30 16 26 24 11 5 48 34 42 27 46 49 19 3 15 33 9 39 35 10 14 36 38 40 
38 46 10 35 29 36 5 21 49 31 33 42 39 1 6 45 25 30 22 24 37 28 23 41 3 32 18 14 4 12 40 9 26 19 15 47 17 43 27 48 8 11 13 2 34 20 7 44 16 
14 30 18 22 37 28 3 45 15 32 36 35 46 40 13 26 29 23 33 48 42 8 5 21 44 24 2 27 20 31 10 47 25 6 49 16 7 34 39 41 12 38 43 1 17 9 19 11 4 
19 21 17 6 42 11 25 14 8 10 9 44 38 23 34 39 27 47 7 3 16 1 48 12 45 22 49 40 35 13 36 46 43 41 30 32 18 29 4 20 2 5 37 15 28 33 26 31 24 
2 34 12 26 13 40 32 28 19 16 4 48 24 47 10 15 49 17 36 31 14 39 11 20 38 43 7 9 1 18 45 8 44 33 23 35 25 6 22 37 30 42 3 21 29 46 5 41 27 
48 20 4 9 24 27 33 7 26 11 6 18 5 30 43 1 2 46 41 38 35 47 10 29 19 13 34 15 14 37 22 3 17 39 16 44 28 21 36 31 23 40 32 49 45 25 42 12 8 
################proper############## 

 average_time = 329.910936 

 success runs = 1 

 total average iters = 29389888.000000 
