Success!!! 
 
 max_col = 
 49 
 
 run_time = 
 336.620756 
 
 once iters = 
 29263428 
 
29 23 19 10 47 44 21 30 3 43 25 15 46 41 22 48 4 1 27 40 37 5 20 13 6 45 9 2 42 35 14 33 17 24 34 11 32 49 31 26 16 18 38 36 8 7 28 39 12 
45 18 25 42 49 48 2 28 31 14 12 17 32 38 20 24 36 21 44 39 8 34 43 15 27 16 40 33 30 41 46 7 22 29 6 10 19 4 1 47 37 23 11 5 3 9 26 35 13 
39 12 24 46 7 1 4 33 22 35 26 13 5 45 17 25 47 9 11 18 28 36 49 38 14 8 31 3 44 15 16 32 10 40 19 30 20 41 48 2 6 42 21 43 34 29 23 27 37 
32 20 9 36 34 3 5 7 6 10 37 18 4 29 33 26 23 31 41 16 15 28 1 21 42 35 11 48 38 2 45 39 27 12 49 44 24 43 14 13 8 40 22 30 25 46 17 47 19 
27 38 15 35 8 14 26 19 1 47 48 16 2 40 5 43 49 29 12 34 32 37 30 39 23 10 24 22 3 11 25 13 31 28 36 21 46 9 7 45 17 33 42 41 4 18 20 6 44 
43 30 40 37 11 6 13 36 24 34 23 27 39 9 7 14 42 3 19 2 10 41 29 44 17 18 47 46 26 20 5 21 8 4 48 12 38 25 35 22 15 28 1 33 49 16 31 32 45 
28 22 33 31 16 17 41 49 20 42 44 11 21 8 35 30 13 45 38 46 6 4 25 12 26 7 19 32 1 37 9 23 43 18 47 34 27 5 29 36 39 3 48 2 10 15 14 40 24 
5 47 14 20 4 21 23 15 38 39 33 43 8 37 46 18 12 41 7 10 26 3 40 27 45 29 34 16 11 48 31 19 6 22 9 17 42 2 28 44 35 49 30 32 36 25 13 24 1 
25 36 35 13 28 29 17 6 44 5 4 12 7 16 19 37 3 23 49 11 33 9 18 24 39 47 20 8 34 42 27 26 45 30 46 43 41 32 15 1 22 48 14 38 2 31 21 10 40 
16 8 10 30 45 40 27 20 41 22 14 48 36 1 31 17 21 6 43 4 9 42 19 11 38 25 33 37 29 28 2 44 32 39 24 7 47 26 23 5 46 13 49 35 12 3 15 34 18 
34 26 38 41 2 7 43 24 18 19 28 9 13 47 44 36 27 20 22 45 42 21 32 49 35 15 30 1 14 17 40 4 23 8 33 31 3 39 25 10 12 6 37 29 48 11 16 46 5 
19 11 42 48 15 37 46 10 35 25 2 45 31 26 47 16 39 32 40 29 24 22 23 4 28 5 7 12 21 49 38 3 18 13 1 20 8 14 36 27 30 34 44 9 6 43 33 17 41 
18 49 31 9 44 33 39 40 32 30 3 42 34 21 28 38 25 48 1 8 13 46 14 41 2 43 6 17 36 16 35 12 5 10 15 4 11 45 37 24 29 19 7 26 27 23 47 22 20 
3 1 22 6 24 12 32 23 46 29 11 49 27 17 14 15 2 5 30 35 34 10 48 31 44 13 26 36 41 43 7 25 37 47 20 40 33 18 16 38 9 21 45 4 42 19 39 8 28 
11 10 12 7 5 13 24 44 29 2 8 33 45 25 23 40 19 30 35 21 41 27 46 9 18 31 42 34 15 3 26 22 49 17 14 37 36 16 6 20 4 38 39 28 47 1 48 43 32 
35 2 37 16 48 19 18 4 34 15 38 41 3 32 10 20 33 8 14 12 25 45 47 6 30 17 39 49 43 24 29 1 42 5 21 22 28 46 11 31 40 27 36 23 9 13 44 26 7 
46 17 20 27 1 25 29 13 40 24 30 37 47 23 42 45 5 22 36 43 4 15 11 16 19 3 28 26 12 38 6 9 35 33 44 2 48 8 32 39 14 7 34 21 18 41 49 31 10 
36 15 45 33 31 32 22 48 26 7 19 39 42 43 37 27 34 28 17 3 49 40 12 1 4 21 2 20 10 18 30 47 11 41 25 23 5 13 9 35 24 44 8 6 46 14 38 29 16 
4 43 44 47 30 41 40 16 27 1 9 22 11 35 26 32 31 2 48 6 39 7 36 8 10 38 5 14 23 46 20 37 28 19 13 33 21 3 18 49 34 29 24 25 17 42 45 12 15 
14 6 28 38 42 49 34 46 12 17 21 10 20 31 18 47 9 7 24 44 16 48 37 29 41 23 25 13 32 8 39 36 40 27 4 19 45 30 26 43 1 15 5 3 35 2 11 33 22 
21 9 3 23 39 26 8 5 36 6 18 14 49 28 29 11 1 46 15 13 38 43 33 35 24 32 22 44 2 45 34 48 16 31 7 25 10 17 42 41 47 12 19 40 20 27 37 4 30 
22 16 23 39 3 24 12 32 42 21 45 1 38 14 6 9 10 35 2 41 30 44 28 19 15 37 43 29 40 7 4 20 46 34 5 36 25 27 17 8 26 11 47 49 31 33 18 13 48 
7 31 47 44 14 45 25 34 23 8 13 35 33 11 43 5 46 42 26 37 27 16 4 17 12 24 49 21 48 19 41 6 36 9 32 38 40 22 20 15 18 39 3 10 1 30 29 28 2 
48 34 17 32 29 30 28 37 10 12 5 46 15 20 25 33 22 24 16 19 18 31 2 7 47 26 35 40 45 39 44 11 1 21 3 41 13 23 49 6 43 9 27 14 38 36 8 42 4 
26 37 36 18 21 5 35 29 48 4 43 19 9 3 1 49 38 47 32 7 44 20 22 46 34 39 14 42 25 27 13 10 33 23 8 16 30 31 12 28 2 45 15 24 40 17 6 41 11 
41 42 27 1 33 4 9 22 49 36 40 31 16 39 48 3 11 12 28 14 20 38 8 30 25 6 13 10 18 47 43 17 15 26 2 24 35 7 21 29 5 37 23 44 32 34 19 45 46 
6 13 49 8 19 10 15 2 30 18 27 7 26 24 21 4 40 36 34 17 45 1 5 3 11 41 23 9 28 29 42 31 38 16 22 48 14 33 44 46 32 47 35 12 39 37 43 20 25 
20 46 2 43 40 38 11 17 25 41 47 28 6 44 39 13 8 15 31 23 29 33 27 36 32 48 45 18 37 12 49 35 24 14 30 3 34 1 19 42 10 4 26 16 22 21 7 5 9 
42 25 34 15 41 11 3 18 4 46 6 47 40 36 16 44 24 26 37 5 2 12 39 23 20 9 48 19 7 1 32 38 30 49 10 13 31 28 45 21 33 8 43 17 29 35 22 14 27 
40 33 48 21 26 2 1 41 28 45 39 23 12 27 38 42 43 49 20 47 36 35 31 22 13 14 16 4 24 25 8 15 29 3 18 46 17 44 30 34 11 5 9 19 37 32 10 7 6 
49 27 16 22 46 31 36 8 7 26 29 25 30 19 41 1 35 34 3 15 17 32 24 10 33 11 44 28 13 40 48 42 9 6 45 47 12 38 43 37 23 14 4 18 21 20 5 2 39 
47 14 13 17 43 23 44 31 11 9 34 20 35 5 40 19 28 10 6 25 46 30 41 26 29 49 37 38 22 33 21 27 4 36 12 18 2 24 39 7 42 32 16 48 45 8 1 15 3 
37 35 5 4 12 28 10 42 15 32 16 24 44 13 8 31 14 27 45 9 22 47 17 18 21 46 3 7 20 26 19 2 39 43 23 6 49 29 40 48 36 1 25 34 11 38 41 30 33 
8 24 7 19 32 9 45 3 21 33 22 38 43 48 11 39 29 18 23 30 12 6 34 2 1 36 15 5 16 31 17 46 14 35 37 27 4 10 41 25 20 26 28 47 13 49 40 44 42 
30 39 18 29 6 20 38 1 14 49 17 2 37 10 4 7 32 13 21 33 48 25 45 42 43 40 8 27 5 44 47 34 41 11 28 15 16 19 22 9 3 35 12 31 26 24 46 36 23 
10 7 4 3 27 15 31 26 5 20 32 40 28 33 34 41 48 38 39 24 19 13 21 14 49 1 29 43 46 6 11 8 25 2 16 9 37 42 47 18 45 36 17 22 44 12 30 23 35 
1 41 39 25 22 34 42 9 47 11 7 21 23 30 32 6 20 16 8 28 35 18 38 33 36 12 10 31 4 14 24 5 44 48 27 26 29 15 46 40 49 17 2 13 19 45 3 37 43 
24 48 26 45 23 35 47 43 39 31 41 29 14 18 9 46 44 33 42 36 11 19 15 5 37 27 17 25 49 13 3 30 12 1 40 8 22 20 2 4 38 16 6 7 28 10 32 21 34 
2 44 29 49 38 36 30 12 8 3 10 4 19 46 45 23 37 43 5 27 1 24 35 20 7 28 32 6 17 34 22 18 47 15 41 14 39 48 13 33 21 25 31 11 16 40 42 9 26 
17 40 43 12 20 8 37 35 13 16 42 34 48 15 30 2 18 25 4 49 3 23 26 45 9 22 41 47 39 21 36 28 7 32 29 1 6 11 10 19 44 31 46 27 33 5 24 38 14 
33 19 11 28 9 46 6 27 2 38 49 36 17 22 13 12 7 14 29 31 21 8 16 40 3 44 4 30 35 10 37 45 26 20 42 5 23 34 24 32 41 43 18 39 15 48 25 1 47 
13 21 32 5 18 16 14 25 45 37 24 44 1 6 15 10 26 17 47 22 40 39 42 34 48 2 46 11 33 9 23 43 19 38 31 28 7 35 3 12 27 30 29 20 41 4 36 49 8 
15 45 1 11 13 47 33 14 43 23 20 26 10 2 3 35 6 19 46 32 5 29 9 48 40 42 36 39 8 30 28 16 34 7 38 49 18 12 4 17 31 22 41 37 24 44 27 25 21 
31 32 30 2 35 18 7 39 19 27 1 8 24 34 12 21 41 37 10 26 47 11 13 43 16 33 38 23 6 22 15 29 20 44 17 42 9 36 5 3 25 46 40 45 14 28 4 48 49 
23 3 41 40 10 39 16 45 9 13 31 32 22 4 27 8 17 44 25 38 14 26 7 28 46 34 21 15 47 36 18 49 2 42 11 35 43 37 33 30 48 24 20 1 5 6 12 19 29 
9 28 6 26 25 43 19 38 37 44 46 5 41 42 49 22 16 11 13 48 31 17 3 47 8 4 12 24 27 32 10 14 21 45 35 29 1 40 34 23 7 20 33 15 30 39 2 18 36 
38 4 46 24 17 42 49 21 16 28 15 6 29 12 36 34 45 40 33 20 43 14 10 25 5 30 18 35 19 23 1 41 48 37 26 39 44 47 27 11 13 2 32 8 7 22 9 3 31 
44 29 8 34 37 27 48 11 33 40 36 30 18 7 2 28 15 4 9 42 23 49 6 32 22 20 1 41 31 5 12 24 3 25 39 45 26 21 38 14 19 10 13 46 43 47 35 16 17 
12 5 21 14 36 22 20 47 17 48 35 3 25 49 24 29 30 39 18 1 7 2 44 37 31 19 27 45 9 4 33 40 13 46 43 32 15 6 8 16 28 41 10 42 23 26 34 11 38 
################proper############## 

 average_time = 336.620756 

 success runs = 1 

 total average iters = 29263428.000000 
