Success!!! 
 
 max_col = 
 49 
 
 run_time = 
 238.311929 
 
 once iters = 
 21955591 
 
42 11 39 28 4 48 12 1 31 20 46 35 29 26 36 47 34 15 2 16 21 14 17 27 23 19 37 8 13 5 7 18 6 45 38 33 41 10 22 24 3 49 25 32 44 40 9 43 30 
14 40 2 25 35 49 1 34 23 45 11 32 36 48 6 28 37 38 4 22 10 3 33 21 47 26 13 24 16 27 46 39 19 42 8 5 43 20 30 9 15 44 17 31 7 29 18 41 12 
9 22 17 23 19 36 30 39 14 2 42 12 24 43 25 29 8 48 33 7 5 49 34 41 32 10 1 20 15 35 31 37 44 11 21 40 27 47 18 4 46 38 13 26 28 6 3 45 16 
24 26 3 46 38 41 31 5 22 33 30 18 44 27 14 39 42 49 20 1 11 6 25 7 43 15 12 4 9 23 28 29 17 40 47 37 16 32 45 13 35 19 21 36 48 34 10 2 8 
18 32 37 20 5 10 33 13 7 9 8 15 21 41 35 40 44 19 27 3 12 16 45 29 28 38 48 31 25 22 43 30 1 49 36 26 23 2 17 39 34 6 46 47 4 14 42 11 24 
7 21 6 43 45 15 27 37 4 47 19 16 25 3 18 24 31 46 17 26 13 22 9 2 40 39 44 30 41 12 48 10 20 34 32 42 14 28 11 8 29 36 38 23 49 35 5 1 33 
44 13 8 34 29 47 16 10 40 49 38 17 6 28 9 30 45 23 43 41 32 42 36 35 18 5 11 46 4 24 3 2 33 26 14 48 7 1 12 25 31 21 27 15 19 20 22 37 39 
13 30 9 48 20 40 41 18 19 44 6 2 27 29 23 16 7 21 42 35 15 28 22 36 24 47 4 25 37 1 12 17 34 46 45 39 38 26 31 14 8 5 11 49 10 3 43 33 32 
35 44 14 26 43 39 29 8 48 12 37 22 30 20 2 1 46 31 5 49 3 27 42 45 41 6 34 33 18 7 32 38 21 36 40 11 10 25 16 17 47 15 19 13 9 28 4 24 23 
27 2 25 15 42 4 19 17 46 13 49 1 11 45 40 22 10 34 8 24 39 30 21 23 44 43 14 5 35 47 6 48 9 31 28 32 37 18 7 33 12 3 26 41 20 36 16 38 29 
10 31 47 11 6 16 49 28 9 42 21 23 7 36 38 4 33 17 26 45 37 8 1 19 20 40 32 13 14 39 27 3 24 15 22 41 34 35 48 43 2 29 30 46 25 18 12 5 44 
32 5 45 18 8 46 28 40 3 10 31 43 35 24 41 14 36 47 30 19 9 12 15 17 16 2 38 29 26 33 25 4 11 20 23 44 42 13 1 6 49 22 37 7 21 39 27 34 48 
21 17 7 37 23 1 38 33 32 4 34 5 47 25 29 11 18 43 48 12 27 26 10 39 49 31 35 3 44 2 19 41 16 30 13 46 36 9 20 28 24 45 6 42 40 8 14 22 15 
36 33 12 22 34 24 3 15 41 39 16 26 14 38 28 32 13 6 44 25 20 7 11 37 48 18 46 9 10 42 49 5 29 8 43 27 21 19 40 30 23 4 47 1 45 31 2 35 17 
29 15 35 33 11 2 43 45 44 3 24 39 38 8 30 10 6 13 47 46 18 31 40 16 26 7 25 21 36 48 5 28 22 23 17 34 49 14 27 37 32 20 12 9 1 4 41 42 19 
3 12 19 14 13 44 8 2 1 32 23 37 9 5 45 15 39 16 35 20 4 47 43 22 42 11 18 10 27 31 34 46 41 29 25 38 6 33 21 26 17 7 36 40 24 48 30 28 49 
37 24 48 4 22 5 42 25 18 17 43 30 15 12 8 36 49 7 14 34 19 38 41 20 1 33 45 27 6 10 9 21 40 13 39 35 3 29 23 44 28 16 32 2 46 47 11 26 31 
23 36 38 31 7 6 26 46 49 28 22 20 48 34 43 12 2 32 41 44 17 37 5 4 29 9 3 15 45 11 47 42 35 14 16 1 13 30 24 19 40 18 8 39 27 25 33 10 21 
45 34 32 10 30 27 25 7 36 19 26 4 41 33 1 23 5 40 21 11 31 35 28 14 17 13 6 48 43 49 24 12 2 44 37 47 46 39 8 42 22 9 20 18 3 16 29 15 38 
16 28 18 21 1 20 39 27 29 40 47 31 13 10 3 48 24 25 37 9 42 46 44 34 30 49 19 2 33 15 4 8 32 38 26 12 45 41 43 36 5 11 7 22 23 17 35 14 6 
17 49 46 40 41 9 47 14 16 11 35 21 42 6 33 38 28 22 29 27 26 23 32 24 8 12 39 36 30 19 18 7 3 1 20 4 2 15 25 31 10 48 43 34 13 37 45 44 5 
33 10 27 16 25 3 48 20 43 14 7 38 17 1 24 45 19 26 9 13 6 40 31 11 12 30 15 18 29 8 37 22 46 35 34 36 47 4 49 41 44 23 28 5 32 2 21 39 42 
20 23 24 9 28 42 5 22 15 34 48 46 12 13 11 49 1 2 7 39 36 17 16 10 14 4 8 32 31 3 45 33 26 6 27 21 25 37 35 40 38 30 44 43 29 41 19 18 47 
4 18 40 45 39 43 46 21 11 36 25 8 32 44 20 17 3 29 23 10 16 13 37 9 35 24 41 19 42 30 15 47 38 28 1 14 48 5 34 2 26 12 33 27 6 7 31 49 22 
49 7 36 6 15 19 2 41 33 29 45 24 5 30 47 8 43 12 25 42 22 39 46 26 27 1 23 28 32 4 17 9 48 21 44 20 31 11 3 16 18 13 14 37 35 10 38 40 34 
31 8 13 44 37 22 34 16 28 23 9 6 10 47 4 21 40 27 18 38 35 48 3 33 7 42 29 49 5 25 14 20 43 2 41 15 19 46 39 32 1 17 45 24 12 11 36 30 26 
38 35 41 12 17 14 21 3 2 26 4 19 40 31 44 37 15 30 32 33 28 36 20 5 22 34 47 45 49 18 13 24 39 7 11 43 29 8 10 27 6 42 1 48 16 9 23 25 46 
30 47 29 1 26 32 11 49 42 35 39 27 18 37 46 34 41 5 31 48 14 25 38 6 2 21 43 44 19 40 36 23 12 16 10 22 33 45 28 7 9 24 4 3 17 15 8 20 13 
46 19 49 30 10 18 15 31 47 48 36 9 20 17 12 3 26 8 1 23 29 32 27 44 25 41 21 43 34 6 39 40 4 37 35 2 11 16 5 22 14 33 24 45 42 38 13 7 28 
12 20 26 17 3 8 35 11 30 38 44 49 43 42 32 18 21 37 24 6 48 34 14 40 19 45 5 22 28 41 1 25 10 33 2 13 15 7 36 23 4 47 29 16 31 27 39 46 9 
6 14 1 39 47 28 22 24 37 8 15 40 23 7 19 27 25 10 13 4 2 29 49 30 33 36 9 17 11 32 42 16 31 5 46 45 18 38 26 35 20 34 48 21 41 43 44 12 3 
25 27 42 29 24 7 44 35 6 46 5 45 19 22 49 43 9 36 11 15 41 1 4 47 38 16 10 12 8 21 20 13 23 48 18 28 32 31 37 3 39 40 34 33 2 30 26 17 14 
41 9 34 2 48 31 23 12 13 27 18 14 28 21 16 7 35 33 40 30 38 11 6 46 39 37 20 42 24 36 44 26 45 22 3 17 1 49 29 10 25 43 15 19 8 5 47 32 4 
5 38 11 36 32 33 40 4 10 16 1 41 3 39 31 44 20 45 28 17 34 24 13 8 15 48 2 26 7 14 29 43 47 27 49 9 30 12 19 21 42 46 18 25 22 23 37 6 35 
43 37 16 13 21 45 4 29 34 25 2 33 26 32 42 5 22 14 39 47 46 18 35 3 31 23 28 7 12 9 38 19 15 17 30 8 24 6 44 48 27 41 49 20 11 1 40 36 10 
34 29 28 42 16 17 36 48 8 18 13 10 39 4 22 20 14 24 46 21 1 5 19 15 45 25 33 38 3 37 23 27 7 41 31 6 9 43 32 12 11 35 40 44 30 26 49 47 2 
47 41 4 24 2 12 14 44 21 30 27 11 49 16 7 31 48 35 10 43 45 20 26 18 37 8 40 6 46 34 33 1 42 39 9 25 22 23 38 15 19 28 3 29 5 32 17 13 36 
19 1 23 7 44 35 45 47 12 43 41 42 31 15 34 13 32 3 36 5 33 2 48 49 10 28 24 39 38 17 40 14 30 18 6 29 26 21 4 46 16 27 9 11 37 22 25 8 20 
15 6 5 3 33 21 9 26 24 37 17 36 2 40 27 25 11 28 16 18 47 4 29 32 13 46 42 1 22 45 35 49 8 19 48 30 39 44 41 20 7 14 31 10 38 12 34 23 43 
11 48 20 49 40 25 13 19 5 7 32 3 22 35 39 9 12 41 38 8 44 21 23 31 36 27 30 16 47 43 26 15 28 24 29 10 17 34 33 45 37 2 42 6 14 46 1 4 18 
8 39 43 38 18 26 32 23 20 1 14 28 45 46 17 6 29 42 19 37 30 44 7 12 9 3 22 34 2 16 11 36 25 10 4 49 40 48 47 5 13 31 41 35 33 24 15 21 27 
22 46 30 27 31 37 10 38 25 6 29 34 33 9 26 2 23 4 15 40 49 41 47 43 11 14 17 35 20 44 21 32 13 12 5 3 8 24 42 18 36 1 16 28 39 19 7 48 45 
40 42 15 47 27 30 37 43 38 41 3 44 1 23 10 19 17 20 45 2 25 9 18 13 46 29 26 14 39 28 22 31 5 32 33 7 12 36 6 49 48 8 35 4 34 21 24 16 11 
2 43 22 19 12 38 18 36 27 21 33 7 46 14 5 41 47 1 6 32 24 15 8 28 4 20 49 11 23 13 16 45 37 3 42 31 35 40 9 34 30 39 10 17 26 44 48 29 25 
48 4 33 5 49 29 7 32 26 24 10 25 16 18 13 46 27 39 22 28 40 43 30 42 34 35 31 41 17 20 8 11 36 9 15 23 44 3 14 38 21 37 2 12 47 45 6 19 1 
39 25 31 41 9 23 17 42 45 15 28 47 34 49 21 35 16 11 12 29 7 10 2 38 3 44 36 40 48 26 30 6 14 43 19 24 4 22 46 1 33 32 5 8 18 13 20 27 37 
28 45 21 35 36 13 6 9 39 31 40 29 37 11 15 26 30 18 34 14 8 33 12 48 5 17 16 23 1 46 10 44 27 4 24 19 20 42 2 47 41 25 22 38 43 49 32 3 7 
26 16 44 32 14 11 20 6 35 5 12 48 8 19 37 33 4 9 3 36 23 45 24 1 21 22 27 47 40 38 2 34 49 25 7 18 28 17 13 29 43 10 39 30 15 42 46 31 41 
1 3 10 8 46 34 24 30 17 22 20 13 4 2 48 42 38 44 49 31 43 19 39 25 6 32 7 37 21 29 41 35 18 47 12 16 5 27 15 11 45 26 23 14 36 33 28 9 40 
################proper############## 

 average_time = 238.311929 

 success runs = 1 

 total average iters = 21955591.000000 
