Success!!! 
 
 max_col = 
 49 
 
 run_time = 
 1000.779887 
 
 once iters = 
 97559014 
 
11 33 25 5 21 39 27 37 34 16 7 10 38 1 20 6 14 47 22 35 3 41 9 19 42 26 2 13 30 44 18 23 29 4 40 8 24 12 48 32 49 31 36 45 15 43 17 46 28 
22 12 40 43 34 6 44 26 25 19 33 2 8 49 7 39 17 16 9 23 46 10 15 1 37 4 48 36 24 32 11 27 45 41 21 29 3 28 35 38 18 14 42 20 13 30 31 47 5 
19 3 35 8 13 48 16 12 42 47 14 30 5 41 31 33 45 15 28 44 38 40 18 23 11 24 34 29 17 36 43 20 49 25 22 10 37 46 7 27 1 9 32 2 4 6 39 26 21 
2 9 4 28 45 23 42 21 40 17 3 11 24 32 29 27 49 48 43 41 12 7 39 44 8 6 30 38 37 34 5 10 47 46 31 26 13 22 20 36 33 15 16 35 1 14 19 18 25 
18 24 36 15 37 32 17 9 46 20 27 31 6 23 13 2 21 26 42 5 10 28 47 35 43 14 25 49 1 33 12 19 7 38 8 39 4 44 45 34 16 30 40 3 48 11 22 29 41 
31 38 29 14 30 47 46 48 13 35 44 4 28 43 8 24 19 34 36 1 18 20 33 17 45 16 32 22 15 6 9 2 26 3 39 11 41 21 25 42 5 40 10 12 27 7 49 37 23 
41 20 7 26 1 49 10 18 15 36 22 29 39 45 32 40 25 4 11 37 30 5 3 27 46 12 31 21 13 35 48 14 16 42 28 19 43 23 47 6 17 2 44 24 9 8 33 34 38 
38 35 6 31 39 13 5 42 30 34 48 19 7 22 9 44 12 11 1 33 26 27 21 16 28 49 4 8 41 18 37 32 10 43 46 45 15 14 17 23 47 36 2 25 20 40 29 24 3 
26 4 9 47 3 19 8 10 41 33 11 16 27 25 5 7 24 29 17 38 40 34 37 31 6 39 45 20 44 15 2 12 23 21 30 22 18 49 43 48 13 28 46 32 35 42 36 1 14 
24 17 12 29 20 16 43 47 28 49 13 26 35 2 45 8 30 27 32 3 25 42 1 14 22 23 38 41 6 48 33 39 40 36 5 37 10 19 46 9 34 7 18 21 31 4 11 15 44 
45 40 15 30 36 10 28 24 4 23 43 5 14 18 22 21 16 35 34 19 42 33 46 12 2 48 11 32 9 27 17 31 20 47 29 6 25 1 38 44 3 26 41 7 49 13 8 39 37 
34 46 44 49 41 11 48 3 17 9 29 8 37 21 10 20 36 13 2 31 47 19 25 26 18 40 43 15 28 42 7 1 14 16 24 12 5 35 32 4 39 33 6 30 23 38 27 22 45 
37 25 1 33 14 27 21 6 31 38 32 39 40 15 23 41 43 18 48 46 4 36 5 30 7 10 13 44 22 3 49 35 19 26 45 24 29 20 42 2 8 11 47 28 12 34 16 9 17 
23 42 32 18 7 22 2 36 44 1 20 12 45 46 15 14 39 28 49 6 37 17 24 29 35 9 47 3 25 4 34 8 38 11 13 16 27 40 30 31 41 21 5 10 19 48 26 43 33 
8 49 47 37 33 30 25 22 16 43 28 46 20 19 39 31 34 7 26 9 44 35 48 6 14 17 27 23 12 41 40 11 4 1 42 15 45 2 18 21 32 24 29 38 5 3 13 36 10 
46 45 13 40 22 14 23 25 10 2 35 3 36 6 48 4 11 38 29 30 43 37 49 34 24 32 44 18 20 26 39 16 33 5 27 42 19 9 8 28 31 47 17 15 21 41 1 12 7 
10 2 20 16 44 28 15 23 21 48 24 1 9 38 37 18 47 46 40 45 5 11 30 22 13 3 41 39 7 29 14 43 8 31 19 17 33 27 4 12 36 35 25 26 42 49 32 6 34 
35 21 17 12 18 5 1 8 39 42 15 7 33 44 16 28 3 49 24 10 13 25 4 20 36 19 29 2 32 9 46 37 30 34 6 41 40 43 23 14 26 38 11 27 45 31 47 48 22 
3 19 38 11 9 26 7 34 29 13 18 37 41 5 2 32 27 12 20 8 21 16 10 42 33 31 15 43 45 22 36 17 44 35 47 30 39 6 49 1 25 48 28 46 14 23 24 4 40 
6 43 39 32 42 41 34 27 45 40 4 14 31 12 17 25 35 23 33 36 1 47 7 21 5 8 26 28 38 2 13 24 15 49 48 3 11 29 22 10 46 37 30 16 44 18 20 19 9 
27 29 48 24 31 36 4 30 11 26 49 32 17 47 19 15 6 42 14 22 41 9 45 38 40 1 12 46 10 23 28 21 25 18 3 34 7 5 44 13 20 16 33 39 43 37 2 35 8 
29 44 16 6 27 25 49 39 12 3 26 36 15 28 35 34 40 8 30 42 23 22 2 43 48 46 19 1 4 17 10 45 9 37 18 5 32 24 13 47 7 41 31 14 33 21 38 11 20 
48 32 43 20 28 1 30 35 33 14 19 23 11 24 25 47 2 21 10 27 15 44 8 18 17 29 37 31 5 40 38 41 39 6 12 49 16 42 9 22 45 34 13 36 7 46 4 3 26 
40 39 11 17 10 34 19 41 9 32 1 44 22 37 18 45 5 31 46 48 7 13 16 4 30 35 23 6 33 43 21 29 42 20 14 38 12 36 26 3 2 25 27 47 24 15 28 8 49 
9 47 21 23 35 46 22 45 8 6 42 38 29 40 49 17 44 1 4 11 19 3 32 10 12 36 14 25 26 16 31 34 13 24 7 18 28 15 27 33 43 20 48 37 39 2 5 41 30 
36 7 31 2 4 18 38 13 20 5 47 27 30 48 12 43 9 3 37 39 16 24 42 49 26 41 40 33 46 1 15 28 35 22 25 14 21 10 19 8 11 6 45 17 29 44 34 23 32 
5 41 3 13 24 8 26 16 7 21 31 18 34 10 33 29 22 32 6 14 20 38 27 9 15 47 28 45 49 19 44 36 11 23 2 48 30 39 37 17 4 46 1 43 25 12 40 42 35 
33 37 14 45 15 42 12 4 43 46 2 25 49 17 41 38 26 24 13 28 36 21 20 11 39 34 5 7 8 47 3 30 27 48 32 40 44 31 1 29 35 23 19 9 22 16 6 10 18 
47 28 27 39 16 35 36 46 5 25 41 15 2 30 40 22 23 33 7 4 29 18 44 13 32 11 1 37 21 49 8 48 31 45 17 20 38 34 6 26 42 12 9 19 10 24 3 14 43 
1 10 41 4 6 3 24 40 37 18 39 28 26 11 47 35 31 30 21 49 32 8 34 33 16 45 7 9 19 12 42 5 46 14 44 13 2 48 36 43 23 29 38 22 17 25 15 20 27 
20 18 26 44 38 37 45 29 35 27 21 13 19 14 46 5 42 25 12 2 48 31 6 15 23 28 3 17 40 10 24 22 43 39 16 33 8 30 11 7 9 4 34 49 36 47 41 32 1 
13 34 19 21 23 43 40 44 3 7 16 49 42 4 38 36 1 45 27 17 11 14 26 2 47 25 24 10 18 37 30 9 6 29 20 46 22 32 41 35 15 5 12 31 8 28 48 33 39 
30 8 46 7 32 17 11 31 36 45 12 22 23 20 3 10 41 9 19 18 28 39 40 5 27 43 21 48 34 38 47 4 2 33 15 44 1 25 24 16 14 49 26 6 37 29 35 13 42 
25 14 5 42 48 31 29 1 6 8 10 9 32 33 34 16 13 43 15 20 24 46 12 36 38 22 49 35 3 11 23 7 41 27 26 28 47 17 40 39 37 19 21 18 30 45 44 2 4 
12 15 2 22 49 9 33 17 47 24 38 48 43 34 14 37 8 39 44 26 6 30 29 41 4 42 20 19 36 25 32 13 1 28 35 21 31 45 3 18 10 27 23 40 46 5 7 16 11 
49 11 23 34 43 12 31 14 26 41 40 6 10 36 24 42 32 37 25 47 39 1 19 8 21 13 16 30 27 5 45 38 22 17 9 7 20 4 33 46 44 3 15 29 2 35 18 28 48 
21 30 18 1 46 29 39 7 49 15 25 20 13 3 26 19 4 10 45 34 9 32 36 28 44 2 17 47 23 8 16 42 12 40 11 35 48 41 14 24 38 43 22 33 6 27 37 5 31 
17 26 33 10 8 4 6 43 27 31 9 21 44 29 28 46 48 40 23 16 14 12 38 3 34 15 42 11 35 20 41 18 24 2 49 32 36 37 5 45 22 39 7 1 47 19 30 25 13 
7 16 28 48 5 40 14 11 1 30 34 17 18 42 43 3 29 22 41 21 27 45 35 46 20 33 10 24 47 39 25 15 37 44 36 2 9 26 31 19 6 13 4 8 38 32 23 49 12 
15 13 45 35 2 44 3 32 19 22 8 24 46 39 30 11 7 5 38 12 33 49 43 37 25 27 9 26 48 31 4 6 28 10 1 47 23 16 21 40 29 18 14 34 41 20 42 17 36 
42 22 37 19 47 20 9 2 38 12 23 33 4 16 36 1 18 17 8 13 35 48 41 40 31 5 6 14 43 7 29 46 32 30 34 25 49 11 28 15 27 10 39 44 3 26 21 45 24 
32 36 24 27 25 38 41 5 48 28 37 45 47 35 44 49 20 6 31 15 2 23 22 7 29 18 39 4 14 21 19 26 3 13 33 1 42 8 34 30 12 17 43 11 16 10 9 40 46 
43 6 30 46 19 2 47 38 23 10 36 40 3 26 42 13 28 44 16 7 22 15 17 45 41 37 33 27 11 24 1 49 48 8 4 9 14 18 12 20 21 32 35 5 34 39 25 31 29 
39 23 8 9 40 15 32 20 14 44 46 35 48 13 21 12 10 36 5 43 31 26 11 25 49 38 22 16 29 28 27 3 17 7 37 4 34 47 2 41 19 1 24 42 18 33 45 30 6 
28 1 49 38 29 45 37 19 2 4 6 42 21 31 11 26 15 14 3 32 34 43 23 24 9 7 36 5 39 30 20 33 18 12 10 27 35 13 16 25 48 22 8 41 40 17 46 44 47 
44 31 34 25 17 7 35 28 24 37 5 41 12 27 4 9 46 2 39 29 45 6 14 32 3 30 18 42 16 13 22 47 36 19 38 23 26 33 10 49 40 8 20 48 11 1 43 21 15 
14 5 22 3 26 33 18 49 32 29 30 34 1 9 6 23 38 20 47 40 8 4 31 48 19 44 46 12 2 45 35 25 21 15 41 43 17 7 39 11 24 42 37 13 28 36 10 27 16 
16 27 42 41 11 21 13 33 22 39 17 43 25 8 1 48 37 19 18 24 49 29 28 47 10 20 35 40 31 14 6 44 34 32 23 36 46 38 15 5 30 45 3 4 26 9 12 7 2 
4 48 10 36 12 24 20 15 18 11 45 47 16 7 27 30 33 41 35 25 17 2 13 39 1 21 8 34 42 46 26 40 5 9 43 31 6 3 29 37 28 44 49 23 32 22 14 38 19 
################proper############## 

 average_time = 1000.779887 

 success runs = 1 

 total average iters = 97559014.000000 
