Success!!! 
 
 max_col = 
 49 
 
 run_time = 
 688.176178 
 
 once iters = 
 56264085 
 
48 12 39 14 29 7 20 10 27 25 47 21 28 19 9 26 37 15 43 33 30 13 5 3 46 24 36 22 23 6 42 35 2 38 41 4 18 1 44 8 49 45 11 31 34 16 32 40 17 
30 22 21 15 13 18 34 31 46 2 33 24 48 8 1 44 14 17 36 4 40 28 9 7 49 6 10 32 47 16 12 45 25 11 20 37 43 42 38 39 35 3 41 23 27 19 26 5 29 
16 38 6 27 25 8 40 20 49 12 44 34 4 26 28 2 35 45 23 42 11 19 14 29 39 15 41 30 3 22 32 17 1 13 10 9 48 36 33 31 21 5 47 18 43 7 24 46 37 
23 26 10 49 43 2 4 1 39 30 17 3 41 7 32 22 34 13 31 29 47 11 20 45 42 38 37 18 21 19 36 5 48 46 24 25 16 40 14 27 12 15 8 44 9 28 35 6 33 
11 46 32 37 44 36 35 5 22 38 23 43 45 29 41 27 3 6 39 7 24 33 17 16 25 12 8 1 34 40 4 9 18 15 31 30 2 26 19 28 20 47 42 48 10 14 21 13 49 
1 9 47 3 24 42 19 14 18 6 15 37 40 13 48 16 8 21 38 5 25 35 27 26 31 23 34 4 33 29 43 7 44 28 49 46 11 17 22 41 10 32 2 39 20 30 36 12 45 
31 5 33 17 28 45 41 11 36 42 9 35 32 16 19 46 49 20 12 10 18 21 2 43 48 47 40 44 26 27 30 8 39 37 14 34 23 13 24 29 7 6 38 15 3 1 25 4 22 
17 39 20 32 45 15 7 6 25 33 21 5 29 4 35 10 43 16 3 38 8 24 22 36 27 2 19 48 40 18 14 28 37 31 44 26 30 46 13 42 41 9 34 11 49 47 23 1 12 
41 47 44 11 35 23 14 26 32 36 46 10 20 31 22 45 28 25 18 30 2 40 15 12 29 4 38 37 5 1 34 13 7 19 17 8 27 16 39 3 24 49 43 9 33 21 6 48 42 
27 36 5 10 42 6 8 2 14 23 1 18 12 44 39 13 19 46 15 20 9 43 33 11 28 17 26 25 49 30 21 16 47 29 32 31 22 48 4 37 34 35 24 7 40 41 45 38 3 
4 28 24 31 22 33 3 37 17 48 13 11 8 41 44 7 26 40 47 49 27 5 34 39 18 30 23 6 42 15 38 10 45 20 9 1 14 21 12 43 2 29 19 32 16 25 46 36 35 
46 49 18 40 37 1 26 7 42 45 43 28 16 27 12 34 24 41 29 21 17 8 31 32 44 35 9 3 48 25 39 2 36 6 4 23 15 38 47 11 19 33 13 20 30 5 14 22 10 
43 21 9 38 48 29 25 40 34 3 35 19 49 30 5 37 11 14 6 23 1 16 46 47 45 42 20 13 22 33 24 26 41 27 12 28 36 7 10 32 18 17 15 4 44 31 39 8 2 
19 2 13 12 34 16 30 47 15 9 24 22 39 38 31 4 36 48 33 32 42 41 21 49 10 14 1 7 11 46 23 43 35 3 8 6 25 20 5 45 40 44 18 27 37 17 29 26 28 
44 27 11 29 47 13 22 48 12 19 10 1 26 49 23 9 40 8 32 25 3 18 43 33 35 31 7 28 41 4 20 14 42 24 5 45 6 30 46 2 38 21 37 16 17 15 34 39 36 
32 35 19 4 9 5 46 29 33 37 7 27 14 22 17 49 45 26 20 47 13 38 48 23 36 40 21 2 43 12 1 39 16 30 28 15 34 11 3 10 31 24 6 25 8 42 41 44 18 
49 41 28 33 2 30 39 36 20 24 11 8 5 46 37 42 38 22 27 43 34 6 13 17 15 32 44 14 9 7 19 25 26 23 21 16 12 18 40 35 29 1 3 45 47 4 31 10 48 
20 43 7 45 23 26 10 13 30 15 6 42 38 25 16 21 31 39 2 44 14 47 3 34 8 1 11 12 46 37 35 48 32 18 29 17 33 4 36 5 27 41 22 40 28 24 9 49 19 
14 15 8 48 17 34 6 44 41 47 40 39 9 18 46 19 33 11 4 36 29 20 16 42 24 27 5 10 45 49 3 22 31 2 38 43 28 37 7 26 25 13 35 30 12 23 1 21 32 
25 40 12 42 21 24 16 3 31 35 45 2 34 28 10 18 5 7 1 15 41 30 37 19 22 46 4 49 6 47 17 44 8 36 27 48 20 23 9 14 32 39 33 26 29 13 38 43 11 
38 37 36 18 3 31 1 4 21 17 16 32 43 23 30 24 48 12 28 6 35 39 26 41 9 25 45 29 15 10 11 40 13 33 34 47 44 22 49 19 42 8 46 14 7 20 27 2 5 
3 33 49 43 36 4 32 25 11 41 26 15 17 1 34 8 20 2 16 19 6 42 12 9 38 10 47 27 31 14 46 37 23 48 39 7 35 5 18 40 22 30 29 13 21 45 44 28 24 
22 31 40 8 27 38 45 16 37 29 14 47 23 2 18 5 9 35 24 48 32 46 4 21 19 7 49 39 30 13 33 20 34 26 36 12 1 44 15 17 43 28 25 6 42 11 10 3 41 
39 20 29 19 1 35 37 38 9 44 18 30 22 6 15 43 7 28 10 26 21 3 40 25 23 11 17 5 24 2 45 41 27 47 42 13 8 32 31 36 48 34 49 12 46 33 4 16 14 
34 13 17 2 26 11 9 39 24 49 32 33 21 48 40 12 23 36 41 31 46 1 18 6 30 37 22 20 25 44 28 3 10 16 15 14 45 29 42 47 4 19 27 5 35 38 8 7 43 
42 7 30 25 6 10 21 45 3 31 36 20 19 12 11 17 13 29 44 14 33 15 28 8 26 43 24 35 1 32 5 4 9 40 22 41 38 27 23 49 16 46 39 37 2 18 48 47 34 
18 48 46 41 14 44 12 42 28 5 4 40 27 43 25 47 30 3 45 22 38 36 32 13 34 16 2 31 29 8 7 21 6 49 35 24 26 10 11 33 39 37 17 19 1 9 20 23 15 
47 23 15 5 16 28 24 46 7 8 34 13 35 10 49 1 27 37 42 39 4 45 44 48 33 29 14 41 17 11 18 38 12 43 19 20 3 6 25 21 9 2 26 22 36 32 30 31 40 
28 34 3 44 32 14 15 33 40 1 41 48 13 35 8 29 42 30 7 2 19 49 38 18 20 22 25 17 36 5 9 11 24 39 23 21 10 12 43 4 6 31 16 46 26 27 37 45 47 
37 19 38 30 20 9 2 12 26 11 3 46 25 32 27 35 44 47 22 41 31 48 7 14 4 34 33 36 13 43 16 15 28 8 45 40 39 24 1 18 5 42 10 21 6 29 49 17 23 
35 16 31 26 41 21 27 49 8 20 5 7 15 45 43 36 4 10 13 18 48 23 24 46 11 19 39 47 12 17 6 29 40 44 1 32 37 28 2 30 3 38 9 34 14 22 33 42 25 
29 1 22 36 11 25 47 30 6 34 42 9 37 14 33 23 17 38 40 28 39 10 8 5 43 45 16 21 18 35 31 27 46 7 2 19 13 49 26 48 15 20 32 24 4 12 3 41 44 
40 18 4 24 7 46 33 23 10 43 2 44 36 17 45 25 32 9 5 12 49 29 42 31 6 3 13 15 37 21 48 34 30 41 26 11 47 14 27 22 8 16 1 38 39 35 28 19 20 
13 10 43 39 8 49 48 21 38 28 19 29 24 47 3 15 6 1 26 46 16 12 35 30 37 41 27 40 32 20 22 42 4 14 25 44 17 45 34 9 33 23 31 2 5 36 18 11 7 
45 6 42 23 12 17 5 18 16 27 22 4 31 39 14 20 21 24 34 11 37 9 1 44 2 28 32 26 19 38 49 33 3 10 47 35 46 41 29 25 36 7 40 43 48 8 13 15 30 
15 3 35 13 18 32 23 8 47 26 48 31 1 5 6 40 41 49 37 27 20 14 25 4 7 44 30 45 10 34 2 24 38 17 16 29 42 33 21 12 46 22 36 28 11 43 19 9 39 
5 4 45 28 46 47 17 34 35 14 29 6 30 3 24 33 39 44 19 16 10 26 36 37 12 48 18 8 7 23 41 32 43 22 13 2 31 9 20 15 11 40 21 1 25 49 42 27 38 
21 30 14 20 40 19 44 17 43 18 12 16 11 36 29 31 15 34 25 9 23 2 10 35 32 39 46 33 8 45 27 1 5 42 48 38 49 47 28 6 37 26 7 41 13 3 22 24 4 
8 24 1 9 31 27 29 32 2 21 39 25 10 20 7 28 46 5 11 17 43 22 41 38 16 49 3 42 14 26 37 30 33 35 40 36 4 19 45 23 13 18 44 47 15 48 12 34 6 
12 11 16 7 49 48 43 41 44 22 38 45 33 37 13 14 47 42 21 3 36 27 29 24 40 20 28 34 4 31 25 19 15 9 6 39 5 35 8 1 30 10 23 17 32 46 2 18 26 
26 25 34 22 33 37 38 24 19 4 28 49 42 40 2 32 1 18 35 8 12 31 23 15 47 13 6 9 39 36 44 46 11 21 3 27 41 43 17 7 14 48 20 29 45 10 5 30 16 
2 42 41 6 10 39 36 9 13 46 27 23 7 15 38 48 22 4 30 45 26 17 19 1 21 5 43 11 20 28 29 47 49 12 18 3 32 34 16 24 44 25 14 35 31 37 40 33 8 
33 14 27 46 15 3 31 35 1 7 49 36 47 9 4 41 12 32 48 37 22 44 6 40 17 8 42 24 28 39 26 23 20 34 43 18 21 25 30 38 45 11 5 10 19 2 16 29 13 
36 45 26 16 39 12 13 22 5 32 25 14 2 34 21 38 29 27 49 24 28 37 11 10 41 9 48 23 44 3 47 6 19 4 33 42 7 15 35 46 1 43 30 8 18 40 17 20 31 
10 17 48 21 5 41 11 28 45 16 8 38 18 24 36 3 2 43 46 1 7 34 30 20 13 33 31 19 35 42 40 12 14 32 37 22 29 39 6 44 47 27 4 49 23 26 15 25 9 
24 44 37 1 38 20 42 19 29 10 30 17 6 21 26 11 18 23 8 35 45 4 49 27 3 36 15 43 16 9 13 31 22 25 7 5 40 2 48 34 28 14 12 33 41 39 47 32 46 
9 29 25 34 19 40 28 27 4 39 31 26 44 11 47 30 10 33 17 13 15 7 45 2 14 18 35 16 38 41 8 36 21 5 46 49 24 3 32 20 23 12 48 42 22 6 43 37 1 
6 32 23 35 30 43 49 15 48 40 37 12 3 42 20 39 16 31 9 34 5 25 47 22 1 21 29 46 2 24 10 18 17 45 11 33 19 8 41 13 26 4 28 36 38 44 7 14 27 
7 8 2 47 4 22 18 43 23 13 20 41 46 33 42 6 25 19 14 40 44 32 39 28 5 26 12 38 27 48 15 49 29 1 30 10 9 31 37 16 17 36 45 3 24 34 11 35 21 
################proper############## 

 average_time = 688.176178 

 success runs = 1 

 total average iters = 56264085.000000 
