Success!!! 
 
 max_col = 
 49 
 
 run_time = 
 258.283659 
 
 once iters = 
 22704293 
 
42 8 37 28 4 39 7 1 31 20 11 12 29 9 36 47 30 34 2 16 21 14 17 27 23 19 48 3 13 22 38 18 6 45 5 33 41 10 32 24 35 49 25 26 44 40 15 43 46 
35 45 2 25 12 49 1 36 23 7 14 46 32 48 11 28 18 38 4 22 39 6 31 21 43 26 13 33 16 27 24 40 19 42 8 5 3 20 30 9 15 44 17 34 41 37 10 47 29 
9 41 17 23 19 36 30 39 24 2 42 26 3 43 35 29 46 48 33 7 5 49 34 8 32 10 1 20 15 21 14 37 44 11 25 40 6 47 27 4 22 38 13 12 28 31 18 45 16 
24 26 47 46 38 34 31 5 22 33 27 8 44 49 14 1 42 40 20 3 10 41 25 7 11 15 12 4 9 23 28 29 17 30 35 37 45 18 43 13 16 19 21 36 48 39 32 2 6 
18 32 48 20 5 10 33 13 40 45 30 35 21 15 6 25 44 19 27 8 12 22 38 29 28 47 37 16 7 41 43 1 31 49 36 26 23 2 17 46 34 39 3 9 4 14 42 11 24 
16 22 6 43 21 3 27 37 4 47 19 41 25 18 15 24 31 17 45 26 13 2 9 44 40 39 35 30 46 12 48 10 20 34 32 42 14 29 11 8 28 36 38 33 49 23 5 1 7 
44 14 15 29 13 40 11 10 16 34 38 17 6 28 9 43 49 23 37 41 32 42 36 45 18 5 24 46 4 3 39 2 33 26 47 48 7 1 12 25 31 21 35 8 27 20 22 19 30 
27 30 9 48 20 16 39 18 19 44 6 28 31 29 23 26 1 21 42 35 37 46 22 36 24 11 2 25 40 8 41 5 34 15 45 14 38 3 13 49 12 17 47 7 10 4 43 33 32 
32 44 33 26 6 46 29 8 2 12 37 22 30 20 47 45 5 31 17 49 3 9 14 4 41 40 34 48 18 7 27 36 1 38 23 11 10 25 16 43 21 15 19 13 39 28 35 24 42 
12 2 14 15 35 4 19 17 46 13 49 1 11 27 18 32 10 22 34 25 8 30 21 3 42 43 44 5 29 24 6 48 9 31 28 39 37 45 7 33 47 23 26 40 20 36 16 38 41 
10 40 8 11 31 43 45 26 21 42 36 23 7 38 20 4 33 15 39 24 27 28 1 19 47 13 32 6 37 14 49 3 16 17 22 41 34 35 48 5 2 29 30 46 25 18 12 44 9 
49 5 13 47 18 7 28 40 3 10 24 43 35 45 41 14 36 9 30 19 2 12 15 17 16 29 38 31 26 33 25 4 39 20 46 44 42 32 1 6 8 22 37 23 21 11 27 34 48 
21 17 38 37 23 1 41 33 32 4 34 5 47 25 29 11 16 43 48 12 7 27 10 39 49 45 18 26 35 2 19 42 13 44 30 46 36 9 20 28 24 40 6 31 14 8 3 22 15 
36 42 25 34 22 24 3 15 41 39 48 9 14 16 28 38 13 6 44 46 40 7 35 37 20 23 33 8 10 47 21 32 11 12 43 27 31 19 18 30 26 4 5 1 2 45 29 49 17 
29 27 39 33 11 2 43 45 44 28 35 15 49 8 30 10 6 13 47 4 18 31 40 16 26 7 25 21 36 19 5 17 22 23 48 38 46 14 3 37 32 20 9 24 1 34 41 42 12 
3 12 19 14 8 44 23 2 25 32 22 37 9 5 45 15 39 16 35 20 38 47 43 24 17 18 4 11 27 31 34 46 41 1 13 6 21 33 26 42 29 7 36 10 40 48 30 28 49 
13 24 46 4 47 5 48 3 18 17 23 20 39 12 43 36 28 7 8 37 19 38 41 30 1 33 45 27 6 10 42 25 32 14 9 35 49 15 34 44 40 16 29 2 22 21 11 26 31 
38 36 42 31 7 6 26 46 10 43 16 14 48 34 40 12 2 49 41 44 17 37 5 20 29 9 3 15 45 11 47 28 35 8 21 1 13 30 24 22 23 18 32 39 19 25 33 4 27 
45 34 32 10 30 22 25 7 36 41 26 4 24 33 1 21 14 5 31 23 11 35 42 28 48 6 46 13 43 49 29 12 2 37 40 47 27 39 8 19 17 9 20 18 3 16 44 15 38 
37 28 18 21 1 20 16 27 29 40 47 31 13 6 3 48 24 25 32 9 42 10 44 22 34 49 19 2 33 15 4 38 30 39 26 12 43 41 45 36 5 11 7 35 23 17 46 14 8 
17 15 35 40 41 9 49 38 30 11 1 21 42 19 33 22 34 46 29 27 26 39 32 23 8 12 14 36 44 16 18 7 3 24 20 4 2 28 25 31 10 48 43 47 13 6 45 37 5 
33 10 27 16 25 48 2 20 43 14 7 29 17 1 24 49 45 26 9 13 6 40 11 34 12 30 15 18 8 44 37 22 38 35 3 36 47 4 31 41 46 42 28 5 32 19 21 39 23 
20 23 24 41 28 15 5 22 48 9 46 13 12 3 39 31 19 33 11 40 36 17 16 10 38 4 8 32 42 34 45 14 26 6 27 21 1 37 35 7 25 30 44 43 29 2 49 18 47 
4 18 40 45 39 19 46 21 42 36 25 2 37 44 38 20 3 29 23 10 16 13 26 9 35 24 41 14 32 30 15 47 43 28 1 8 48 5 49 17 33 34 11 27 12 7 31 6 22 
43 7 3 6 49 32 36 41 33 5 45 24 15 30 44 8 21 12 25 47 22 19 46 2 27 1 23 42 39 4 17 9 48 29 31 20 16 11 28 26 18 13 14 37 35 10 38 40 34 
31 13 22 44 37 11 34 16 28 23 8 6 10 47 4 17 43 27 18 1 35 48 39 33 7 3 29 49 5 25 46 20 21 2 41 15 19 38 40 32 14 12 45 42 24 9 36 30 26 
8 35 12 9 17 14 21 4 34 38 32 19 40 26 2 37 15 30 5 42 28 36 20 43 22 31 47 45 49 18 13 23 24 7 11 10 29 44 39 27 6 3 16 48 46 41 1 25 33 
30 47 29 1 26 42 38 49 11 35 39 27 18 31 46 34 41 32 7 48 14 25 28 6 37 21 5 44 19 40 36 33 12 16 10 43 9 23 22 2 45 24 4 3 17 15 8 20 13 
46 19 49 30 10 18 15 44 20 48 31 47 43 17 12 23 26 37 1 38 29 32 27 41 25 36 21 22 34 6 3 8 4 40 39 2 11 16 5 14 9 33 24 45 42 35 13 7 28 
14 20 26 17 27 8 35 11 9 49 12 30 19 42 32 3 25 36 24 6 48 43 45 5 2 34 10 40 28 37 1 16 29 33 38 13 15 7 21 23 4 47 18 22 31 46 39 41 44 
6 37 1 39 29 28 22 24 7 8 15 40 23 32 19 27 4 10 13 11 47 44 30 42 33 14 9 17 25 35 31 41 46 5 49 45 18 34 38 20 36 26 48 21 16 43 2 12 3 
25 21 4 36 24 23 44 35 1 46 29 45 27 22 49 5 9 2 43 15 41 8 3 47 19 16 7 12 11 42 20 13 10 48 18 28 32 31 37 40 39 6 34 38 33 30 26 17 14 
41 9 34 12 48 31 42 14 13 3 18 38 5 21 16 7 35 28 40 30 33 11 6 46 39 37 20 23 24 36 44 26 45 22 2 17 25 49 29 10 1 43 15 19 8 27 47 32 4 
5 38 11 2 3 33 40 28 37 16 4 10 41 39 31 44 20 45 21 17 34 18 13 26 15 48 49 24 12 32 7 43 47 27 14 22 30 8 19 35 42 46 1 25 6 29 23 9 36 
7 43 16 13 32 45 47 34 6 25 2 33 26 36 42 18 22 8 14 39 46 1 4 35 31 38 28 29 30 9 23 19 15 21 17 3 24 12 44 48 27 41 49 20 11 5 40 10 37 
47 29 28 42 16 17 13 31 8 18 9 32 20 4 22 39 7 24 46 21 1 5 19 15 14 25 6 38 3 48 26 27 23 41 34 49 33 43 10 45 11 35 40 44 30 12 37 36 2 
26 31 41 24 2 12 32 47 49 30 44 11 38 7 27 16 48 35 10 43 45 20 37 18 36 8 40 34 14 1 33 15 42 9 4 25 22 6 23 21 19 28 46 29 5 3 17 13 39 
19 1 23 7 44 35 14 48 15 27 41 42 28 24 34 13 37 3 36 5 31 16 29 49 45 2 43 39 21 17 40 30 18 10 6 9 26 46 4 12 38 32 33 11 47 22 25 8 20 
15 6 5 3 33 21 9 29 12 37 17 36 2 10 25 40 11 47 28 18 20 4 48 32 13 46 42 1 22 45 35 24 8 19 44 30 39 27 41 16 7 14 31 49 38 26 34 23 43 
11 48 20 49 40 25 4 19 5 26 13 3 22 35 8 9 12 41 38 33 44 21 23 31 10 27 30 7 47 43 32 39 28 46 29 34 17 24 36 15 37 2 42 6 45 1 14 16 18 
34 39 36 38 43 27 8 23 14 1 21 16 45 46 17 6 29 42 19 32 30 26 33 12 3 28 22 9 2 20 11 49 25 13 37 31 40 48 47 18 44 5 41 15 7 24 4 35 10 
22 46 30 18 45 37 10 25 39 6 43 34 33 40 26 2 23 4 15 14 49 24 47 11 44 41 17 35 38 5 12 31 7 36 16 29 8 13 42 3 20 1 27 28 9 32 19 48 21 
40 11 45 27 15 30 37 43 38 31 3 44 1 23 10 19 17 14 16 2 25 29 18 13 9 42 26 41 20 28 22 21 5 32 33 7 12 36 6 47 48 8 39 4 34 49 24 46 35 
2 49 43 22 36 38 18 12 27 21 33 39 46 14 5 41 47 1 6 28 24 15 8 48 4 20 11 19 23 13 16 45 37 3 42 32 35 40 9 34 30 31 10 17 26 44 7 29 25 
48 4 7 19 42 29 12 32 26 24 10 25 16 13 37 46 27 20 22 34 9 33 49 40 30 35 31 28 17 39 8 11 36 18 15 23 44 21 14 38 3 45 2 41 43 47 6 5 1 
39 25 31 5 9 47 17 42 45 15 28 7 34 41 21 35 32 11 12 29 23 3 2 38 46 44 36 10 48 26 30 6 14 43 19 24 4 22 33 1 49 37 8 16 18 13 20 27 40 
28 33 21 35 34 13 6 9 47 29 40 49 36 11 7 30 8 18 26 31 15 23 12 14 5 17 16 43 1 46 10 44 27 4 24 19 20 42 2 39 41 25 22 32 37 38 48 3 45 
23 16 44 32 14 26 20 6 35 19 5 48 8 37 13 33 40 39 3 36 4 45 24 1 21 22 27 47 41 38 2 34 49 25 7 18 28 17 46 29 43 10 12 30 15 42 9 31 11 
1 3 10 8 46 41 24 30 17 22 20 18 4 2 48 42 38 44 49 45 43 34 7 25 6 32 39 37 31 29 9 35 40 47 12 16 5 26 15 11 13 27 23 14 36 33 28 21 19 
################proper############## 

 average_time = 258.283659 

 success runs = 1 

 total average iters = 22704293.000000 
