Success!!! 
 
 max_col = 
 49 
 
 run_time = 
 275.326839 
 
 once iters = 
 25832574 
 
42 24 15 8 10 16 41 3 38 45 18 46 25 14 28 31 34 48 47 37 32 39 7 5 13 4 36 21 22 17 44 20 6 30 1 49 33 40 43 19 27 23 35 26 12 11 2 29 9 
22 14 27 48 28 11 31 5 8 17 30 39 36 37 46 9 24 45 38 2 26 3 49 1 42 40 19 44 16 43 29 47 12 7 33 10 25 34 18 20 35 41 4 13 32 6 21 15 23 
18 3 6 26 45 13 34 21 7 47 33 29 11 28 4 39 12 25 23 41 49 37 24 20 2 32 43 15 35 38 48 10 27 46 40 17 9 36 42 16 5 22 44 19 30 14 8 1 31 
20 12 23 7 30 4 46 31 6 48 44 15 49 40 10 14 35 22 8 16 42 41 18 26 33 29 17 45 34 32 28 37 9 24 19 2 39 13 21 38 1 11 47 27 25 3 36 5 43 
44 37 29 33 38 35 40 2 27 1 32 26 10 23 19 11 43 30 13 17 21 48 8 46 14 9 25 28 36 39 5 15 42 41 4 24 31 12 47 45 6 3 49 20 34 22 7 16 18 
39 21 43 32 47 2 36 9 41 16 13 19 4 22 5 3 18 1 7 20 6 10 23 12 35 27 38 34 49 8 26 31 25 11 45 14 30 28 15 29 44 46 37 33 48 17 24 40 42 
9 25 49 5 17 1 19 42 35 43 24 12 34 20 33 36 27 29 15 44 40 16 31 47 30 11 22 6 2 18 3 23 13 14 21 26 48 7 37 8 32 4 38 39 46 41 10 45 28 
12 44 42 47 35 36 20 32 28 46 11 33 9 10 26 5 29 15 40 19 30 23 2 3 34 49 18 43 17 22 8 6 24 45 41 16 37 39 13 1 14 25 7 4 21 27 31 48 38 
29 18 3 17 34 21 26 16 13 42 36 27 24 48 39 8 38 10 28 35 46 15 12 31 40 41 6 19 30 4 47 14 11 32 43 23 2 22 7 49 9 44 33 45 5 1 20 25 37 
14 40 37 10 9 43 48 7 34 20 4 41 23 35 6 25 42 17 2 3 31 46 45 11 32 39 8 1 13 33 16 29 38 28 49 30 5 21 27 24 15 12 19 47 22 36 18 44 26 
11 23 41 4 13 38 8 49 25 19 17 40 45 21 36 43 22 14 27 32 12 24 47 48 10 5 7 37 44 15 46 34 26 1 20 31 42 33 28 6 18 29 2 30 39 35 3 9 16 
1 15 28 31 7 33 45 22 30 29 6 43 12 18 37 34 44 21 16 9 41 13 4 35 38 20 14 26 39 5 25 2 40 27 3 19 47 17 11 36 48 8 46 24 42 23 49 32 10 
30 16 2 49 25 32 27 15 1 31 39 8 44 5 47 4 7 11 18 24 20 28 36 42 22 17 21 33 9 23 37 35 19 48 10 41 38 46 26 34 3 45 14 29 13 12 40 43 6 
19 39 22 46 5 24 6 37 47 38 26 3 14 2 48 49 23 33 1 13 45 29 16 9 44 25 27 30 7 36 12 21 31 42 18 35 10 43 32 40 4 20 28 15 17 34 41 8 11 
13 43 40 11 41 5 7 47 42 9 34 20 21 17 24 28 4 3 6 18 39 33 37 23 25 22 16 35 10 46 2 49 48 12 38 36 44 14 45 27 30 1 29 31 8 15 26 19 32 
32 10 26 30 3 9 23 14 33 6 19 22 31 24 12 17 47 44 37 27 29 38 43 45 4 46 40 2 41 21 7 1 8 25 11 15 20 42 16 18 13 48 5 49 36 28 34 39 35 
4 33 24 16 31 19 35 38 40 41 43 2 37 7 21 30 25 49 48 42 22 11 9 28 6 15 34 10 3 47 36 13 45 29 27 8 12 32 17 26 39 5 20 1 23 46 44 18 14 
36 1 8 6 48 28 21 10 12 27 5 49 29 26 11 35 45 16 32 46 38 14 44 30 39 3 20 13 19 34 31 9 18 15 17 7 41 23 22 47 2 24 43 25 4 40 37 42 33 
38 2 14 22 18 45 39 44 16 15 35 28 46 11 1 20 33 9 5 36 10 8 41 49 17 19 29 12 42 30 23 24 37 26 32 21 43 25 31 4 40 34 13 3 7 48 6 27 47 
27 49 34 20 42 37 25 45 18 8 48 32 39 36 40 13 15 23 41 43 19 47 26 7 5 21 1 31 4 35 14 22 16 33 44 46 28 6 10 3 29 9 17 38 24 2 12 11 30 
17 29 46 12 15 47 44 30 3 23 1 25 13 4 7 26 14 31 34 8 2 18 32 24 27 36 48 42 28 40 20 5 43 6 39 38 11 35 49 33 37 19 16 21 41 45 9 10 22 
3 34 13 45 36 15 32 18 43 12 37 6 30 25 44 7 10 41 31 21 11 20 29 17 24 26 49 47 14 9 19 8 28 22 2 4 35 48 40 46 42 27 39 23 1 38 16 33 5 
2 17 21 14 12 48 38 46 22 35 10 47 8 13 25 37 36 42 49 39 23 45 5 19 43 33 44 7 27 29 41 4 20 34 26 11 15 1 3 32 16 31 6 18 9 24 30 28 40 
8 11 10 28 23 30 22 39 14 34 7 9 20 31 43 32 48 5 3 26 18 35 46 4 1 13 41 40 6 42 45 16 44 38 15 33 24 49 2 12 36 17 27 37 29 21 25 47 19 
6 31 47 39 44 41 49 23 29 4 42 11 26 45 2 27 19 40 17 28 16 21 22 37 9 12 30 36 1 24 32 33 35 5 48 13 18 10 34 25 38 14 3 8 15 43 46 20 7 
37 4 1 9 16 40 43 41 19 49 2 21 48 27 34 24 46 38 35 6 33 25 15 39 8 42 28 14 12 11 13 18 23 3 36 47 29 20 5 7 26 30 45 44 31 10 32 22 17 
5 26 7 29 20 25 18 28 24 33 40 16 32 15 22 47 1 12 45 4 8 27 48 38 11 34 23 3 31 49 10 17 30 21 46 43 6 9 44 37 19 39 41 2 35 13 42 14 36 
35 46 33 19 27 42 24 36 44 3 38 17 5 1 14 15 9 20 29 30 13 6 10 2 16 18 31 32 47 25 40 43 7 39 37 45 22 8 23 28 41 21 34 11 26 49 4 12 48 
48 7 11 37 8 20 12 33 15 10 25 4 6 16 45 1 30 36 19 34 35 9 40 29 26 31 2 18 23 41 24 38 32 47 28 22 21 3 14 5 46 49 42 43 27 39 17 13 44 
43 5 31 21 2 6 10 26 36 18 20 44 3 41 32 40 39 28 4 38 27 17 25 8 46 1 33 23 45 48 49 12 29 35 9 42 13 19 30 11 47 37 22 7 14 16 15 24 34 
49 42 16 38 33 17 13 40 46 39 9 5 28 30 29 44 11 43 25 23 15 19 3 14 21 7 45 24 37 26 22 36 4 31 8 6 34 27 48 35 20 2 10 32 18 47 1 41 12 
15 28 9 3 22 44 30 8 48 24 21 23 35 34 17 42 49 13 12 7 47 4 27 10 41 37 32 5 11 16 18 19 14 2 6 29 1 31 39 43 25 40 36 46 45 26 33 38 20 
26 41 19 27 32 23 29 17 31 37 49 14 47 43 18 48 2 6 10 33 24 42 30 44 15 35 11 22 46 20 21 39 1 13 34 12 16 45 38 9 7 36 8 28 40 4 5 3 25 
45 36 18 35 40 46 4 19 2 11 22 1 38 12 20 21 41 8 14 5 3 34 39 43 47 6 13 16 25 7 42 27 33 44 30 28 32 15 24 17 10 26 9 48 49 37 23 31 29 
24 47 39 25 14 34 1 13 45 32 27 42 7 29 31 46 16 26 9 22 37 49 20 36 48 28 12 38 15 10 43 40 3 17 5 44 8 4 41 23 33 18 21 35 19 30 11 6 2 
25 19 4 23 37 39 9 35 32 7 16 24 40 38 41 10 17 2 36 11 14 43 34 6 20 47 3 8 21 13 15 26 22 18 12 5 27 30 46 48 28 33 31 42 44 29 45 49 1 
46 32 48 34 11 27 3 29 17 5 45 13 41 9 16 19 21 35 26 25 44 40 42 18 37 14 24 49 20 2 6 30 47 43 31 1 4 38 12 22 8 10 15 36 33 7 28 23 39 
10 30 12 18 43 31 42 25 26 21 15 34 1 19 23 38 28 24 22 29 48 2 11 32 36 45 9 4 33 44 27 7 41 37 14 39 3 47 20 13 49 16 40 5 6 8 35 17 46 
28 13 35 2 26 29 47 20 11 36 23 10 18 39 49 6 40 34 46 1 7 5 33 41 31 16 15 27 32 45 4 48 17 8 24 25 14 37 19 44 43 42 12 22 3 9 38 30 21 
33 45 44 41 6 7 15 43 4 14 8 48 42 46 27 18 37 47 20 12 5 1 21 22 23 30 35 29 38 3 39 28 49 40 16 9 26 24 36 31 17 32 11 34 10 25 19 2 13 
21 20 5 40 24 22 17 6 49 2 28 30 33 47 8 45 3 39 43 31 4 12 38 13 19 44 26 46 29 1 9 42 36 10 25 34 7 11 35 41 23 15 18 14 16 32 48 37 27 
16 8 38 36 1 49 14 27 37 44 12 31 22 3 42 33 13 32 30 15 9 7 17 25 28 10 39 48 5 19 11 46 34 23 35 18 40 2 29 21 45 6 24 41 43 20 47 26 4 
40 48 17 42 49 14 11 1 5 30 46 37 16 33 3 12 32 19 21 47 28 36 13 27 29 23 10 25 8 31 34 41 39 4 22 20 45 44 6 2 24 35 26 9 38 18 43 7 15 
23 38 32 24 21 10 16 34 39 28 47 35 43 42 30 22 6 18 44 49 36 26 19 33 3 8 4 41 40 27 1 11 2 9 7 37 17 29 25 15 31 13 48 12 20 5 14 46 45 
41 22 30 13 4 26 2 12 21 25 29 38 19 44 9 23 20 46 11 40 1 31 6 16 7 43 5 17 24 14 33 45 15 49 47 48 36 18 8 39 34 28 32 10 37 42 27 35 3 
7 35 36 1 46 12 5 24 10 26 41 45 17 8 15 29 31 27 33 14 25 30 28 34 18 2 37 11 48 6 38 32 21 20 13 3 19 16 9 42 22 43 23 40 47 44 39 4 49 
47 9 20 44 19 18 37 11 23 13 31 36 27 6 35 2 5 4 24 48 43 32 14 15 45 38 42 39 26 12 30 3 46 16 29 40 49 41 1 10 21 7 25 17 28 33 22 34 8 
34 27 25 43 39 8 33 48 9 40 3 7 15 49 13 16 26 37 42 45 17 22 1 21 12 24 47 20 18 28 35 44 10 19 23 32 46 5 4 14 11 38 30 6 2 31 29 36 41 
31 6 45 15 29 3 28 4 20 22 14 18 2 32 38 41 8 7 39 10 34 44 35 40 49 48 46 9 43 37 17 25 5 36 42 27 23 26 33 30 12 47 1 16 11 19 13 21 24 
################proper############## 

 average_time = 275.326839 

 success runs = 1 

 total average iters = 25832574.000000 
