Success!!! 
 
 max_col = 
 49 
 
 run_time = 
 285.885154 
 
 once iters = 
 24604702 
 
20 46 36 23 40 3 41 21 25 19 35 22 30 33 43 42 28 17 8 12 11 4 10 37 15 34 32 39 31 6 9 14 29 27 24 5 44 16 1 13 48 47 7 2 18 38 45 26 49 
42 29 21 44 31 37 32 45 40 41 47 34 6 15 36 27 16 14 22 35 10 46 20 1 38 28 12 17 26 23 4 13 39 18 30 24 7 19 49 25 9 2 5 33 8 48 43 3 11 
1 13 49 26 17 38 18 28 37 5 24 7 8 44 41 39 25 48 20 32 19 29 36 30 14 6 23 35 22 3 33 2 21 16 34 46 15 45 43 11 40 12 9 42 27 4 10 47 31 
47 15 9 43 35 12 27 42 16 38 10 20 4 31 21 7 3 26 24 6 29 45 19 8 11 22 44 2 37 49 48 5 28 1 40 18 14 41 33 39 34 23 36 13 46 32 30 17 25 
48 30 10 39 4 16 11 17 36 18 46 2 14 29 1 33 13 49 5 38 15 24 21 9 47 3 43 41 25 8 20 19 45 7 42 31 28 27 32 26 6 37 44 35 40 22 23 34 12 
6 2 24 5 22 45 33 43 32 11 9 48 26 49 23 37 4 40 34 30 44 31 18 16 27 13 25 7 36 41 12 46 15 17 47 20 35 8 38 42 3 10 29 1 28 39 19 21 14 
25 19 14 8 28 7 34 3 39 1 12 23 27 13 18 46 47 45 9 2 31 26 40 5 42 33 49 48 11 32 44 35 38 10 43 22 30 29 21 36 4 17 6 16 15 24 20 37 41 
31 36 44 22 12 42 21 2 30 27 1 13 45 18 6 47 19 16 7 8 32 28 25 34 41 15 35 23 46 48 38 39 3 24 20 40 11 33 17 4 26 49 37 43 5 10 14 29 9 
15 34 30 38 20 29 9 14 42 3 40 28 5 35 48 41 10 36 33 4 25 17 49 2 18 46 6 45 32 37 11 26 1 21 13 47 8 44 27 24 16 43 22 23 19 12 7 31 39 
11 27 8 49 45 19 3 7 9 44 22 16 34 21 26 38 23 29 39 31 35 33 13 24 40 48 10 43 47 4 15 12 42 6 14 1 46 37 2 32 20 5 41 17 36 18 25 28 30 
37 28 41 16 5 10 48 6 29 32 43 26 33 11 49 24 40 20 13 22 27 30 12 42 9 31 1 36 2 44 18 8 35 19 17 38 23 7 25 45 14 39 21 4 3 15 47 46 34 
7 40 13 32 23 6 25 49 41 17 8 47 46 48 37 11 15 34 18 9 5 14 38 29 16 4 39 19 33 45 27 43 36 28 31 21 10 12 3 22 35 30 26 44 20 2 1 42 24 
39 26 46 1 24 4 43 36 10 37 19 15 38 12 17 2 14 21 45 28 3 47 32 27 22 44 20 5 7 16 49 30 34 25 23 29 31 18 41 6 42 9 13 8 48 11 33 35 40 
33 14 35 17 18 2 47 4 31 24 23 25 20 39 12 44 43 46 30 1 42 7 37 3 21 26 11 8 5 40 29 41 22 9 10 48 34 13 19 15 28 36 38 45 16 27 49 32 6 
34 23 38 15 41 5 6 32 44 12 3 29 40 19 24 31 37 13 1 36 9 22 11 49 43 7 48 33 8 46 35 47 30 45 4 27 20 17 28 18 21 42 25 14 39 26 2 16 10 
22 35 48 19 8 32 20 37 1 16 41 24 17 26 3 25 7 39 23 43 46 21 27 12 44 45 28 40 29 42 2 18 14 36 38 9 33 11 13 31 10 15 30 47 49 34 5 6 4 
29 17 43 45 39 26 36 30 18 42 34 8 23 10 40 32 12 35 2 47 16 25 1 4 20 14 38 31 9 21 37 15 33 11 48 49 6 22 5 3 46 24 28 41 44 7 13 27 19 
12 24 28 27 13 18 4 46 5 21 38 45 15 36 42 17 34 30 14 20 49 10 2 35 39 16 19 26 3 22 23 25 6 41 1 32 29 40 7 44 47 48 33 11 43 31 9 8 37 
2 16 47 7 1 9 30 11 43 33 25 14 49 22 27 45 21 10 6 41 8 3 29 13 24 5 15 18 44 34 31 28 40 20 39 12 37 4 35 23 19 26 17 46 32 42 48 38 36 
46 33 42 11 21 49 14 9 7 6 20 4 31 2 44 26 22 28 48 29 38 32 23 17 36 47 41 37 10 19 43 24 5 13 27 39 25 34 8 16 30 1 40 3 45 35 12 18 15 
10 37 31 3 25 40 44 47 27 13 48 35 39 28 33 5 11 15 19 18 4 42 9 6 8 30 46 34 12 26 16 49 17 32 7 45 38 14 36 2 43 41 20 24 23 21 29 22 1 
36 5 40 34 42 41 28 35 22 8 11 33 9 16 47 21 44 7 37 19 26 38 45 14 3 27 30 46 13 31 25 23 2 15 6 10 48 49 12 1 18 32 4 29 24 43 39 20 17 
35 12 22 4 30 44 45 1 48 7 49 19 18 20 10 23 38 43 29 33 24 9 39 25 32 36 2 15 42 47 34 17 41 14 16 3 40 21 6 8 11 27 46 28 37 5 31 13 26 
23 25 1 14 16 31 39 44 15 43 26 21 37 45 8 6 5 12 32 42 34 35 24 7 4 10 47 11 49 9 3 48 46 29 22 17 13 2 20 30 41 28 18 36 33 19 38 40 27 
43 8 32 37 26 20 19 24 13 2 27 31 36 23 46 35 9 4 41 3 18 48 6 28 17 12 16 44 40 7 30 21 11 38 33 14 42 5 47 29 39 25 10 15 1 49 34 45 22 
13 7 18 2 49 47 10 38 46 28 39 42 29 34 14 48 30 27 31 25 17 41 5 21 33 40 8 20 35 24 1 45 43 4 19 15 26 9 22 37 36 44 16 32 6 3 11 12 23 
24 3 6 9 48 17 15 40 14 10 30 12 41 32 22 16 49 11 36 39 13 23 42 19 34 43 29 1 27 5 28 37 20 26 18 33 45 31 4 7 38 46 2 21 25 47 35 44 8 
38 21 11 33 29 27 46 5 17 4 6 3 25 47 15 28 20 2 40 45 1 37 22 31 26 18 13 49 39 36 10 32 44 8 12 35 16 43 24 34 23 19 14 48 41 9 42 30 7 
28 31 3 48 33 8 22 20 11 9 15 41 44 17 19 10 6 5 49 24 40 2 7 38 46 37 34 4 45 39 21 29 13 42 25 16 27 1 23 47 32 14 43 12 35 30 26 36 18 
30 49 20 40 2 11 16 29 23 35 7 6 22 24 34 1 8 31 38 13 47 18 44 43 48 17 21 28 41 10 19 33 26 37 36 42 4 25 39 12 5 45 15 27 9 46 32 14 3 
21 9 26 29 34 43 5 39 2 14 31 32 12 40 7 36 45 41 27 17 30 16 3 20 19 35 33 13 23 18 46 1 4 48 15 37 22 24 11 38 49 8 42 25 47 6 28 10 44 
17 18 39 41 7 14 12 25 47 45 21 1 16 46 32 43 42 3 4 26 48 27 8 11 30 29 22 10 28 38 5 40 9 31 44 13 36 20 34 35 15 6 23 49 2 37 24 19 33 
4 32 15 35 44 25 24 10 26 30 13 27 3 42 9 18 2 22 21 37 23 40 41 36 31 1 45 14 6 12 7 34 47 49 8 19 43 46 48 28 33 29 11 39 17 20 16 5 38 
27 42 23 6 10 1 37 34 19 36 33 38 28 4 35 20 46 25 16 44 12 39 15 47 5 49 24 9 17 2 14 11 32 43 3 41 18 30 26 21 7 31 45 40 29 8 22 48 13 
45 47 19 36 46 13 38 18 8 49 5 43 48 37 11 29 39 33 15 14 28 6 26 32 12 23 42 25 20 30 24 27 16 22 35 2 17 10 9 40 44 3 31 34 7 1 41 4 21 
14 39 16 42 38 34 2 33 35 26 37 36 11 27 13 30 41 24 3 23 43 8 4 46 25 9 17 6 19 29 45 20 18 12 21 7 32 15 44 5 1 22 47 10 31 28 40 49 48 
41 11 17 46 36 22 1 8 6 47 14 18 24 43 38 34 29 37 28 10 39 15 33 45 7 32 31 12 16 13 26 42 49 44 9 30 21 3 40 48 2 20 19 5 4 23 27 25 35 
32 20 27 31 15 24 7 19 3 34 28 17 21 25 16 8 33 6 44 11 36 13 35 10 49 42 14 38 43 1 40 4 48 39 5 23 47 26 29 41 37 18 12 22 30 45 46 9 2 
26 6 4 47 19 33 49 31 12 39 16 44 7 9 2 15 1 32 46 48 22 20 43 40 23 21 5 3 14 11 17 10 25 30 37 28 24 35 42 27 45 38 34 18 13 36 8 41 29 
5 48 37 13 9 28 23 15 49 22 45 46 2 38 25 14 26 42 12 40 7 44 34 18 29 41 36 30 24 35 47 31 27 3 32 43 19 6 10 33 8 4 1 20 11 17 21 39 16 
18 44 29 12 43 30 8 23 20 40 42 10 1 5 4 9 31 47 35 21 45 19 48 22 2 11 27 24 38 28 41 36 7 34 46 25 49 39 14 17 13 16 3 37 26 33 6 15 32 
40 10 45 25 3 21 35 13 4 48 29 30 32 41 5 19 27 18 17 49 20 1 16 26 28 39 37 47 15 33 22 6 8 23 2 11 9 36 31 46 12 34 24 7 38 14 44 43 42 
3 45 33 24 47 35 42 41 34 46 2 49 10 14 28 22 32 23 11 5 37 12 17 44 6 20 9 29 48 15 39 16 31 40 26 4 1 38 18 19 27 13 8 30 21 25 36 7 43 
49 43 7 21 11 15 13 22 24 29 18 37 47 8 20 4 36 19 10 27 14 34 28 48 1 25 40 16 30 17 32 38 12 5 41 6 2 23 46 9 31 35 39 26 42 44 3 33 45 
16 1 2 28 6 23 26 12 33 15 44 9 43 7 30 49 48 38 47 34 41 36 14 39 10 24 4 42 18 25 13 3 19 35 29 8 5 32 45 20 17 21 27 31 22 40 37 11 46 
19 4 34 18 32 39 31 48 45 20 36 11 13 6 29 3 17 9 25 46 21 43 30 33 35 2 26 27 1 14 8 7 24 47 28 44 41 42 37 10 22 40 49 38 12 16 15 23 5 
9 22 12 10 14 48 40 16 38 25 17 5 35 30 31 13 24 1 26 7 6 49 47 23 45 8 3 21 4 27 42 44 37 46 11 36 39 28 15 43 29 33 32 19 34 41 18 2 20 
44 38 5 30 37 46 17 27 21 23 32 40 42 1 39 12 35 8 43 15 2 11 31 41 13 19 18 22 34 20 36 9 10 33 45 26 3 47 16 49 25 7 48 6 14 29 4 24 28 
8 41 25 20 27 36 29 26 28 31 4 39 19 3 45 40 18 44 42 16 33 5 46 15 37 38 7 32 21 43 6 22 23 2 49 34 12 48 30 14 24 11 35 9 10 13 17 1 47 
################proper############## 

 average_time = 285.885154 

 success runs = 1 

 total average iters = 24604702.000000 
