Success!!! 
 
 max_col = 
 49 
 
 run_time = 
 2344.970873 
 
 once iters = 
 278143113 
 
32 22 42 17 29 49 18 44 35 1 5 12 28 14 21 3 37 30 10 16 45 19 31 25 36 33 39 24 2 13 20 48 34 15 23 41 27 4 6 43 8 38 47 11 46 26 9 40 7 
11 45 8 5 46 28 40 27 9 2 34 24 10 25 31 32 14 4 12 48 23 43 42 35 18 7 3 13 6 26 19 39 38 36 30 29 21 16 47 33 22 37 17 41 44 15 20 49 1 
12 23 30 41 31 27 1 4 49 43 19 13 16 8 47 34 5 6 20 25 40 11 32 28 44 37 38 14 21 29 10 22 7 18 3 9 26 17 42 46 15 48 24 39 36 33 35 2 45 
6 33 34 35 10 15 43 26 42 17 39 37 29 3 7 19 28 49 36 11 1 2 22 46 48 21 40 41 32 45 9 16 25 47 8 20 44 30 24 31 23 13 4 38 14 18 12 27 5 
7 48 13 37 25 38 44 22 6 15 47 23 36 41 17 39 9 33 26 42 2 27 29 20 45 12 5 10 24 1 4 46 35 28 40 11 32 18 19 14 49 34 43 31 16 8 3 30 21 
14 4 16 19 36 9 2 45 20 46 48 11 21 18 13 15 38 35 43 24 44 8 47 34 26 49 23 30 12 42 41 27 33 31 17 3 1 40 10 5 7 39 22 6 25 28 37 32 29 
21 39 20 3 24 26 47 33 40 32 30 7 31 38 8 46 22 29 27 18 41 15 16 17 1 4 6 9 49 5 11 37 14 44 43 35 28 12 45 36 25 2 19 48 23 34 13 10 42 
25 27 19 15 44 37 35 32 46 12 40 21 49 29 30 8 48 9 5 20 33 26 2 42 11 23 41 47 34 28 14 3 10 17 13 6 7 45 31 4 18 16 1 24 43 39 38 22 36 
10 5 7 45 41 12 14 42 1 24 38 48 39 36 16 13 32 17 37 40 29 44 34 4 22 18 28 46 43 8 30 15 2 6 26 33 35 49 20 9 11 47 25 3 21 31 19 23 27 
33 6 38 18 11 21 16 5 27 8 28 9 14 30 1 7 24 41 22 39 4 45 48 32 13 31 35 19 20 47 25 23 36 37 49 10 34 43 26 3 46 40 29 12 2 42 17 15 44 
3 36 28 46 48 39 17 25 2 35 10 26 43 7 27 38 34 19 6 14 11 20 21 15 9 5 33 12 44 4 31 1 40 32 45 24 37 23 29 42 13 22 30 18 47 49 41 16 8 
30 2 43 26 47 24 49 20 31 4 23 18 41 37 44 28 10 3 35 21 42 25 17 36 40 6 29 1 39 22 33 11 16 7 48 8 15 38 12 27 5 19 14 46 13 9 34 45 32 
20 8 29 4 42 22 13 3 16 45 44 34 33 6 25 23 15 46 31 47 26 14 43 49 39 30 27 38 19 24 18 9 41 12 5 32 2 1 36 28 17 21 11 37 48 35 40 7 10 
9 32 40 23 34 1 31 13 17 19 15 22 11 47 43 36 2 45 18 12 49 37 8 16 3 24 10 7 27 35 46 29 42 38 21 48 14 44 30 41 39 25 28 26 5 20 4 6 33 
31 9 1 2 3 14 21 35 23 29 8 39 25 13 42 24 18 27 47 37 34 5 40 22 7 15 4 11 36 20 43 17 48 33 38 44 6 28 32 49 16 41 26 45 30 12 10 19 46 
29 13 15 40 4 45 30 47 28 5 20 49 38 22 14 26 35 23 7 46 6 36 10 8 32 17 37 3 18 34 42 12 9 41 24 1 25 33 11 2 19 43 39 44 27 21 16 48 31 
34 18 35 39 27 5 10 11 21 44 46 45 37 1 41 33 30 16 38 36 31 49 12 9 14 48 26 6 40 19 29 2 32 23 25 17 13 7 22 24 4 8 15 20 3 43 42 47 28 
42 26 46 49 32 17 11 19 4 3 16 36 30 48 12 22 44 15 21 9 43 41 23 39 33 13 24 2 31 10 6 5 47 45 28 38 29 34 35 37 27 20 18 8 40 1 7 25 14 
16 19 44 36 43 33 7 12 41 14 32 40 24 10 2 17 29 48 3 1 8 38 35 31 20 42 25 28 4 46 21 49 27 30 39 23 47 5 15 18 26 45 37 34 11 6 22 13 9 
28 38 47 6 20 8 24 18 26 7 31 2 15 42 11 10 39 25 45 49 32 30 1 27 19 43 44 34 13 14 16 35 37 3 22 12 46 48 9 21 40 36 23 4 33 17 5 29 41 
22 12 37 48 23 41 25 17 33 34 27 43 6 9 19 40 13 5 28 4 20 29 45 18 46 47 21 16 1 44 26 8 15 11 7 39 31 14 3 30 42 10 49 2 24 36 32 35 38 
18 10 22 8 33 36 48 21 38 47 4 28 34 15 23 16 11 20 39 41 19 32 49 45 5 1 13 35 17 43 27 42 12 29 6 40 9 26 46 7 30 3 31 14 37 2 24 44 25 
5 37 11 44 16 47 42 14 3 49 33 6 20 19 28 35 46 1 29 8 25 22 7 10 30 41 43 27 9 23 15 31 26 13 32 45 18 2 34 17 24 4 21 36 12 40 48 38 39 
24 7 32 34 19 31 41 36 5 40 43 30 13 2 45 49 21 26 42 6 9 3 15 12 8 46 14 44 22 48 39 4 1 16 37 25 20 29 38 47 28 33 10 23 18 11 27 17 35 
49 40 45 27 35 29 4 37 25 26 24 32 17 46 15 12 3 14 2 7 30 48 39 38 34 9 31 23 10 18 28 44 20 8 11 43 22 21 5 1 36 6 16 13 42 19 33 41 47 
2 46 26 14 6 13 15 31 12 18 41 44 8 45 4 27 17 22 32 34 47 21 28 24 25 16 36 40 38 30 35 7 19 5 33 42 23 10 37 39 48 11 3 49 9 29 43 1 20 
17 28 39 43 12 3 9 7 48 11 35 1 42 23 37 5 40 10 24 38 36 33 26 29 4 2 18 20 41 25 47 34 49 21 14 31 19 32 16 13 44 27 6 22 15 46 45 8 30 
38 25 21 30 1 20 23 29 22 10 9 16 27 39 18 48 43 31 33 44 13 42 6 11 47 19 17 37 46 3 36 40 45 24 2 15 12 35 41 8 14 49 32 5 26 7 28 4 34 
35 24 27 1 21 23 29 49 10 36 7 38 9 16 40 11 25 39 14 2 18 6 30 44 12 34 8 22 15 33 17 45 5 4 42 37 3 46 28 48 41 32 13 43 19 47 31 20 26 
4 43 2 9 22 44 12 8 18 33 13 19 46 31 3 20 27 32 34 5 7 24 37 40 28 36 48 17 26 16 49 14 23 10 41 47 42 25 39 6 29 35 38 30 1 45 21 11 15 
13 16 14 28 40 42 3 43 15 23 6 25 48 32 35 9 47 8 49 30 46 39 20 21 10 26 1 31 37 27 38 19 29 34 44 36 45 22 4 11 33 18 5 7 17 41 2 12 24 
41 47 48 10 38 19 5 40 34 20 1 3 2 28 6 4 31 36 15 23 21 13 11 43 16 29 45 42 35 9 22 32 24 39 18 7 17 27 14 26 12 30 46 25 49 44 8 33 37 
15 11 6 25 7 46 20 41 29 37 26 27 4 5 48 42 19 43 17 45 12 23 18 33 38 14 49 32 28 2 8 21 30 1 47 13 16 24 44 40 31 9 35 10 34 22 36 39 3 
45 17 18 33 8 32 37 39 30 21 14 47 35 12 26 44 41 24 13 10 22 9 3 7 27 25 2 15 11 40 48 36 46 43 31 34 49 20 1 19 38 5 42 16 6 23 29 28 4 
39 30 36 31 49 34 26 24 44 42 22 17 45 11 38 1 33 28 16 29 37 4 46 47 41 35 19 5 25 7 3 13 6 20 12 21 8 15 2 10 43 23 48 9 32 27 14 18 40 
8 29 49 38 45 2 28 16 37 39 3 42 23 26 5 47 12 18 40 43 14 1 13 6 35 11 20 33 7 32 44 24 22 46 4 27 30 9 17 25 21 31 34 19 41 10 15 36 48 
26 31 10 24 37 43 39 1 14 25 18 33 47 21 36 30 49 13 41 28 48 12 38 5 2 27 9 29 42 17 34 6 8 35 19 16 4 11 40 15 45 44 7 32 20 3 23 46 22 
46 3 25 13 17 7 36 48 11 38 12 10 19 27 20 29 16 21 8 33 24 47 44 14 37 32 22 26 5 15 23 28 31 49 9 2 41 39 18 35 34 42 40 1 45 4 30 43 6 
48 35 41 32 5 18 22 15 13 31 36 4 7 44 39 6 26 34 23 27 38 40 25 30 42 10 46 45 47 21 2 33 43 14 20 28 24 19 49 12 3 1 8 17 29 37 11 9 16 
44 42 33 11 15 16 6 28 45 22 29 41 32 49 9 31 4 2 46 35 10 17 19 48 24 8 34 43 3 37 1 30 18 40 36 5 38 47 13 23 20 7 27 21 39 25 26 14 12 
19 21 23 12 14 30 27 34 24 9 2 20 40 35 32 25 1 42 11 17 15 16 36 3 49 28 7 4 48 39 45 41 13 26 10 46 43 6 8 22 37 29 33 47 31 38 44 5 18 
47 1 4 20 9 40 34 30 8 6 17 46 5 43 22 37 45 7 44 19 3 18 41 23 31 39 15 21 29 38 12 25 11 27 16 14 48 36 33 32 10 26 2 28 35 24 49 42 13 
43 41 12 22 18 35 33 9 19 48 21 5 3 40 49 2 8 11 1 13 28 31 4 26 17 44 32 25 45 36 24 38 39 42 46 30 10 37 27 29 47 14 20 15 7 16 6 34 23 
40 44 5 21 13 6 45 46 7 28 42 35 1 4 34 14 23 12 19 31 17 10 33 2 15 20 47 39 30 11 32 43 3 22 27 26 36 8 25 16 9 24 41 29 38 48 18 37 49 
36 20 3 7 26 4 8 2 39 13 25 29 44 24 33 43 42 37 9 15 16 46 5 1 23 38 30 48 14 49 40 10 28 19 35 18 11 41 21 34 6 12 45 27 22 32 47 31 17 
37 34 9 42 28 11 19 23 32 30 45 15 22 20 24 18 6 38 4 3 39 35 27 13 21 40 12 8 16 41 7 47 17 25 29 49 5 31 48 44 2 46 36 33 10 14 1 26 43 
1 49 31 47 30 25 46 38 43 27 11 8 26 33 10 21 20 44 48 22 35 34 14 41 29 3 16 36 23 6 37 18 4 9 15 19 40 13 7 45 32 17 12 42 28 5 39 24 2 
23 14 17 29 39 48 32 10 36 16 37 31 18 34 46 41 7 47 30 26 27 28 24 19 6 45 42 49 8 12 5 20 44 2 1 22 33 3 43 38 35 15 9 40 4 13 25 21 11 
27 15 24 16 2 10 38 6 47 41 49 14 12 17 29 45 36 40 25 32 5 7 9 37 43 22 11 18 33 31 13 26 21 48 34 4 39 42 23 20 1 28 44 35 8 30 46 3 19 
################proper############## 

 average_time = 2344.970873 

 success runs = 1 

 total average iters = 278143113.000000 
