Success!!! 
 
 max_col = 
 49 
 
 run_time = 
 113.851206 
 
 once iters = 
 9544545 
 
34 18 33 1 43 47 29 4 10 48 39 8 2 37 17 13 27 26 23 28 22 14 7 31 38 36 44 16 46 42 32 5 6 41 9 24 25 45 30 11 20 35 15 21 3 49 40 12 19 
22 17 44 4 14 37 28 43 36 47 19 18 34 33 8 6 38 16 41 29 3 40 25 42 5 35 45 49 2 31 20 1 10 12 7 21 26 32 48 15 9 46 30 39 24 27 23 11 13 
36 23 35 3 2 31 40 45 9 6 26 46 14 32 44 15 5 19 48 4 7 8 29 33 10 13 1 11 49 25 24 21 39 34 30 27 18 22 17 37 28 12 20 41 47 38 16 43 42 
49 9 7 19 8 30 13 15 21 11 23 12 42 20 24 2 1 37 43 39 14 41 3 26 47 18 48 28 27 40 16 35 33 45 17 38 5 29 44 36 31 6 4 22 10 46 34 32 25 
45 5 41 10 39 42 24 28 38 27 31 25 3 17 18 12 47 11 46 36 49 21 20 32 37 9 6 30 29 15 8 48 22 4 13 16 34 33 43 40 23 19 1 35 2 44 26 7 14 
16 6 21 12 46 48 32 49 22 35 29 24 13 41 45 30 20 10 33 40 25 15 2 19 34 17 27 4 26 43 11 47 38 44 23 8 42 1 14 39 7 3 18 37 36 28 5 9 31 
26 27 25 20 38 11 15 7 5 16 44 1 40 30 34 9 32 35 31 42 21 39 23 12 43 46 22 24 18 3 14 19 36 37 28 4 10 2 49 47 13 41 29 33 45 48 8 6 17 
4 38 13 24 3 26 25 48 20 36 7 47 43 39 1 10 6 15 29 32 44 34 11 46 9 45 33 27 23 37 17 8 41 28 40 35 21 30 42 49 18 14 2 31 16 19 12 22 5 
7 29 23 15 48 21 20 10 49 28 24 9 11 42 19 33 30 39 25 31 38 6 36 43 12 40 17 18 4 45 44 13 3 35 14 32 22 47 5 8 16 2 27 46 1 26 37 34 41 
28 40 1 8 49 12 27 22 46 41 3 2 16 5 42 7 21 13 37 23 4 31 24 47 25 26 39 32 43 19 15 30 18 11 33 44 17 6 38 29 34 45 48 36 9 35 14 10 20 
6 39 37 33 34 36 41 44 4 29 25 21 17 23 46 18 8 22 14 12 27 19 35 3 2 49 13 5 38 16 47 20 26 31 48 15 9 28 1 7 10 11 40 43 42 32 24 30 45 
35 46 47 22 45 19 14 33 30 26 8 31 32 13 49 5 41 43 11 3 24 4 21 16 23 28 37 10 1 2 42 7 9 39 34 25 48 12 36 20 40 27 6 17 29 15 18 44 38 
30 44 9 11 18 17 10 1 27 45 14 40 37 12 28 16 34 47 35 2 48 42 41 15 20 8 7 38 36 6 22 32 5 21 29 46 43 4 19 26 24 31 33 3 13 25 49 23 39 
5 43 16 31 42 32 2 18 19 15 34 35 38 6 26 17 36 40 9 20 45 48 1 30 44 22 14 29 10 12 46 24 25 27 49 33 41 37 13 23 3 39 8 4 21 11 7 28 47 
2 8 38 9 30 10 19 11 47 32 42 36 22 43 37 4 16 45 39 17 15 27 44 20 48 34 46 6 7 41 25 12 28 18 1 23 3 5 35 14 21 26 13 24 49 29 31 40 33 
18 4 12 46 7 13 43 5 6 40 20 28 39 29 27 8 3 48 36 25 26 9 22 49 24 16 2 17 34 10 35 14 32 30 11 31 38 42 33 41 47 1 21 19 23 45 15 37 44 
25 31 48 17 16 5 39 23 1 3 12 41 4 27 30 38 11 42 7 35 34 47 19 13 45 43 29 37 15 21 49 33 40 36 22 9 24 8 2 46 44 10 28 32 6 14 20 18 26 
15 3 26 45 22 34 47 30 2 8 49 48 35 38 43 44 14 29 12 24 19 33 18 36 31 1 5 21 39 9 6 4 13 23 42 37 40 20 32 27 25 28 10 16 7 17 46 41 11 
40 41 6 42 32 49 44 16 34 46 17 33 31 18 20 23 10 21 13 5 28 25 14 11 3 12 4 7 24 38 26 43 37 8 45 29 15 19 22 48 30 36 9 2 27 47 39 1 35 
27 24 28 36 21 23 1 9 44 14 13 37 19 7 33 31 18 32 40 6 47 26 38 10 35 15 41 8 20 5 3 46 29 16 2 17 49 39 11 12 45 43 25 42 34 22 30 4 48 
33 20 14 37 11 29 35 21 26 24 15 10 25 45 9 22 49 1 2 46 41 28 30 40 42 39 32 23 47 27 31 17 44 48 19 34 7 16 6 18 4 13 43 38 5 3 36 8 12 
19 28 3 16 36 14 5 35 37 39 18 27 47 25 13 49 31 23 20 48 1 29 4 7 6 21 9 46 40 34 45 26 8 17 38 12 33 10 24 32 42 44 22 30 11 2 41 15 43 
41 11 8 38 10 7 49 29 43 2 5 23 20 48 21 39 9 18 44 37 36 24 45 14 15 25 16 1 3 28 33 22 30 13 31 26 27 46 47 17 6 34 19 40 35 12 32 42 4 
46 22 30 18 35 25 31 26 7 4 32 13 6 9 11 27 17 14 28 19 29 10 12 44 40 3 43 41 21 23 1 42 49 2 15 45 39 36 8 5 38 16 24 34 33 20 47 48 37 
9 26 24 47 4 6 17 19 33 21 16 45 46 14 41 40 12 2 34 30 42 32 37 35 28 23 8 20 48 18 39 27 11 5 36 7 1 15 29 43 22 25 49 13 38 31 44 3 10 
44 21 40 2 1 20 12 42 15 17 38 3 24 49 16 35 45 8 5 22 10 30 31 18 11 33 34 26 37 29 19 25 43 47 32 41 28 9 4 13 14 48 39 7 46 23 6 27 36 
48 15 42 29 37 27 34 36 28 30 22 11 41 40 7 32 24 25 4 43 33 17 47 39 13 38 49 19 6 46 12 10 14 9 44 3 2 23 31 21 35 20 26 1 8 5 45 16 18 
13 32 45 39 23 43 33 31 12 1 10 44 8 34 38 47 15 3 6 26 46 5 48 2 27 42 36 22 16 35 4 41 24 7 20 11 19 49 40 30 37 18 14 25 17 21 28 29 9 
42 19 22 30 26 39 4 25 41 20 9 6 5 16 35 29 7 36 32 34 2 18 40 48 46 11 23 14 12 47 28 15 31 33 27 13 37 21 10 45 8 38 17 49 44 43 3 24 1 
8 12 46 41 44 16 48 39 13 31 27 32 49 36 40 26 28 24 15 18 9 37 5 34 17 2 42 3 30 14 21 45 1 6 10 47 35 43 25 33 19 22 11 23 20 4 29 38 7 
24 10 32 21 13 40 23 17 48 34 30 26 12 11 6 42 43 5 19 45 31 7 27 28 8 47 20 44 22 39 38 37 46 29 4 2 36 14 15 3 1 49 41 9 18 33 25 35 16 
47 36 43 27 28 38 18 46 14 37 33 29 1 35 10 3 25 4 17 49 8 45 9 21 32 6 19 15 11 24 34 44 20 40 16 39 23 48 41 42 12 7 31 5 22 30 13 26 2 
37 14 49 34 17 15 6 3 23 7 2 19 44 47 22 41 33 38 16 21 39 36 26 1 30 24 31 43 13 8 18 9 35 32 25 5 20 11 28 4 27 29 42 45 12 10 48 46 40 
29 33 5 7 25 2 9 38 40 42 45 43 21 10 14 37 44 46 1 11 20 22 13 4 39 41 12 35 19 17 48 49 23 3 26 30 31 18 16 6 32 24 47 28 15 8 27 36 34 
20 1 11 35 31 3 45 24 8 18 28 4 15 22 12 48 23 27 47 13 30 38 49 29 16 10 25 33 5 7 2 36 42 43 41 40 46 44 26 34 17 9 37 14 32 39 19 21 6 
32 16 39 6 33 24 22 13 35 23 41 34 36 15 5 21 48 9 27 44 11 49 8 17 19 31 40 42 25 20 7 29 4 1 37 43 12 26 3 10 46 30 38 47 14 18 2 45 28 
38 49 34 48 29 4 42 32 18 9 40 5 27 21 36 43 19 30 22 8 37 3 15 24 33 14 47 25 28 26 13 2 16 46 39 1 6 41 45 44 11 17 35 12 31 7 10 20 23 
14 30 36 23 12 18 21 47 17 33 11 38 28 3 32 24 46 41 10 1 13 16 39 27 4 37 35 9 45 44 43 31 34 15 6 19 8 7 20 25 2 42 5 26 48 40 22 49 29 
10 2 20 43 15 9 8 14 45 25 37 42 29 1 3 28 40 6 26 7 23 44 46 5 22 48 11 34 35 32 30 38 19 49 12 18 4 31 21 16 33 47 36 27 41 13 17 39 24 
1 7 19 44 40 45 46 6 39 22 4 20 10 8 47 25 2 31 38 16 17 43 28 41 29 30 26 12 9 36 27 18 21 14 3 48 13 35 23 24 49 5 32 11 37 34 42 33 15 
3 35 27 25 47 28 11 12 24 43 48 49 26 31 4 14 29 34 45 33 18 2 10 23 7 20 21 13 8 22 41 40 17 42 5 36 32 38 39 9 15 37 44 6 30 16 1 19 46 
31 13 17 26 5 41 37 2 16 19 46 7 30 44 39 20 42 12 49 15 35 1 6 38 36 32 18 45 33 48 23 11 47 10 24 22 14 27 34 28 29 40 3 8 43 9 4 25 21 
17 48 10 40 41 46 36 37 29 44 6 22 18 24 2 45 13 28 8 38 12 11 42 9 49 19 3 47 31 30 5 39 7 25 43 20 16 34 27 35 26 33 23 15 4 1 21 14 32 
21 42 4 5 20 1 38 8 11 13 35 17 45 28 15 46 39 49 3 27 40 12 16 37 14 7 24 2 44 33 29 23 48 19 18 6 30 25 9 31 36 32 34 10 26 41 43 47 22 
39 37 29 49 6 8 3 41 32 38 36 30 7 4 48 19 35 17 21 9 16 23 33 22 18 5 28 31 42 13 10 34 12 26 47 14 44 40 46 1 43 15 45 20 25 24 11 2 27 
23 25 15 28 9 44 26 40 31 49 47 39 33 46 29 34 22 7 42 14 43 20 32 8 1 27 30 36 41 4 37 16 45 24 35 10 11 13 18 2 5 21 12 48 19 6 38 17 3 
12 34 2 32 24 22 30 27 42 10 43 16 48 26 31 11 4 33 18 47 5 46 17 25 21 44 38 40 14 1 9 6 15 20 8 28 45 3 37 19 41 23 7 29 39 36 35 13 49 
43 45 31 14 19 35 16 20 25 12 1 15 9 2 23 36 37 44 30 41 32 13 34 6 26 29 10 48 17 11 40 3 27 22 21 49 47 24 7 38 39 4 46 18 28 42 33 5 8 
11 47 18 13 27 33 7 34 3 5 21 14 23 19 25 1 26 20 24 10 6 35 43 45 41 4 15 39 32 49 36 28 2 38 46 42 29 17 12 22 48 8 16 44 40 37 9 31 30 
################proper############## 

 average_time = 113.851206 

 success runs = 1 

 total average iters = 9544545.000000 
