Success!!! 
 
 max_col = 
 49 
 
 run_time = 
 382.237873 
 
 once iters = 
 35424335 
 
3 12 19 37 9 32 24 30 31 41 20 44 21 33 10 6 13 17 26 49 38 11 22 7 42 39 1 4 2 5 43 29 47 35 48 14 28 8 34 25 46 18 16 15 23 36 45 40 27 
18 35 42 7 30 46 15 26 45 10 19 4 38 16 40 21 3 29 24 27 14 13 2 31 48 6 36 5 12 44 37 20 25 17 33 47 11 32 22 49 41 23 28 39 8 34 1 9 43 
25 40 10 8 38 23 2 43 47 46 12 49 5 11 16 41 48 22 37 35 7 27 34 24 21 18 15 17 42 1 9 32 3 28 30 36 44 26 39 29 45 19 6 13 20 4 31 14 33 
28 11 16 34 27 13 44 48 1 8 32 14 24 39 19 46 9 31 15 45 5 33 25 47 35 43 12 29 7 36 21 23 18 38 26 6 2 4 10 3 40 20 49 22 42 41 17 30 37 
26 31 20 45 21 17 49 25 23 27 36 37 2 40 1 47 33 39 18 44 42 41 14 8 28 3 30 32 6 34 22 13 46 15 4 24 16 35 7 9 43 48 10 19 38 29 11 5 12 
47 41 39 29 6 4 1 42 3 7 17 18 15 22 34 20 43 28 23 25 36 44 46 40 49 19 9 37 11 31 10 8 45 14 16 12 33 30 13 5 27 38 35 24 2 26 48 21 32 
36 14 43 33 48 5 22 29 34 13 6 28 9 35 2 8 12 30 4 11 32 38 10 20 23 16 26 45 40 49 41 19 39 24 27 1 37 17 42 15 21 31 47 3 25 44 46 7 18 
42 3 31 11 7 21 36 10 29 23 13 33 41 4 46 16 14 34 45 22 37 6 24 2 44 25 8 35 43 26 20 17 15 48 39 27 5 40 18 1 28 30 32 47 9 12 38 49 19 
41 46 35 44 4 6 45 28 16 17 15 7 22 5 12 40 42 2 19 24 30 36 49 3 18 11 47 9 34 23 14 37 27 21 10 32 29 38 43 8 13 33 25 20 39 1 26 31 48 
29 18 38 32 14 47 17 24 20 34 2 6 3 12 41 39 49 27 43 8 35 15 19 48 5 37 33 31 22 28 30 46 13 1 9 11 45 10 26 23 42 25 44 16 4 21 40 36 7 
19 5 13 28 40 48 33 39 37 26 30 9 1 46 20 38 10 36 44 15 18 17 16 4 7 45 43 27 32 8 11 25 49 47 24 31 14 2 21 35 22 12 23 29 6 42 34 3 41 
15 24 1 12 34 2 37 31 19 18 25 42 27 49 7 29 28 5 48 23 13 39 30 32 26 40 21 20 35 4 45 44 6 36 38 9 41 16 17 46 47 3 22 10 14 11 33 43 8 
49 30 22 43 23 25 39 11 36 44 8 21 45 48 9 3 6 32 47 33 26 46 12 29 1 38 14 10 31 16 42 7 5 40 41 15 4 24 37 20 19 34 27 28 35 13 18 2 17 
10 20 26 9 16 27 8 35 14 43 47 40 32 38 31 11 1 25 17 21 4 34 28 23 41 13 22 42 18 3 2 33 29 12 19 48 36 49 44 6 39 7 24 45 37 15 30 46 5 
12 48 15 49 11 18 14 36 40 33 34 47 35 32 26 22 39 45 31 38 17 7 8 44 37 10 27 28 3 9 5 30 42 16 23 43 21 41 25 2 1 6 13 46 29 24 20 19 4 
17 8 30 1 32 37 3 46 7 19 18 31 28 20 11 44 2 49 41 42 24 14 43 15 47 36 23 22 10 48 27 45 40 13 6 4 26 33 12 39 34 29 21 35 5 38 9 16 25 
39 45 23 36 19 35 38 27 44 3 49 25 12 2 33 13 7 21 34 6 16 5 31 30 4 17 29 46 47 43 8 22 41 26 14 28 20 15 32 18 9 24 42 1 11 48 37 10 40 
20 7 5 27 43 31 13 4 41 21 48 24 23 15 18 14 46 9 40 29 28 45 26 1 12 33 3 25 39 38 35 49 37 44 11 16 10 42 19 47 30 8 17 2 34 22 36 32 6 
16 2 24 10 25 26 40 37 38 14 43 29 17 1 27 12 35 3 8 36 47 19 18 9 34 20 42 6 28 21 32 4 31 33 7 45 46 13 5 11 48 22 30 49 44 23 39 41 15 
44 22 21 6 47 33 29 9 11 5 42 10 8 13 25 23 30 37 1 4 15 40 32 49 16 48 41 39 24 19 34 36 2 46 20 38 35 7 27 31 3 17 45 43 26 18 28 12 14 
4 34 9 46 41 42 28 16 26 39 22 45 30 6 32 43 20 48 10 5 19 35 21 11 13 2 38 24 29 15 12 18 1 25 17 44 40 23 49 37 36 14 8 31 27 7 47 33 3 
38 28 3 17 31 1 12 18 42 20 46 5 6 21 29 2 19 10 7 32 9 25 33 37 11 8 24 13 36 39 44 41 26 22 45 23 30 34 15 4 49 40 43 14 16 47 27 48 35 
2 10 44 42 36 45 6 32 12 40 23 22 25 29 30 1 4 18 14 13 49 43 38 19 27 34 7 3 16 37 48 11 33 31 47 26 8 20 9 24 5 35 41 17 46 28 21 15 39 
40 32 14 47 24 11 27 8 39 1 31 36 16 41 43 15 45 38 25 34 46 30 5 17 29 49 28 21 23 7 19 35 20 4 2 42 3 48 6 33 10 44 26 18 12 37 13 22 9 
35 15 33 26 49 16 46 19 48 2 10 34 7 27 28 5 24 20 11 39 41 23 42 45 36 9 4 18 21 40 3 1 14 43 25 13 47 12 29 22 17 37 38 32 30 31 8 6 44 
23 29 37 5 8 30 19 14 35 9 45 38 11 17 44 27 21 26 33 47 3 22 39 41 31 1 48 40 13 10 49 6 12 32 15 7 18 46 16 28 25 43 4 42 36 2 24 34 20 
43 21 4 48 13 7 20 49 24 28 44 30 26 47 37 35 8 12 22 31 23 16 6 14 10 46 2 15 9 17 29 27 34 18 42 41 32 36 38 19 11 39 33 40 3 45 5 25 1 
9 25 34 18 22 39 41 15 33 4 3 13 43 37 42 17 16 40 36 48 6 32 44 12 20 26 35 47 30 24 46 5 38 8 28 2 27 14 45 21 31 1 19 11 7 10 49 29 23 
31 49 29 40 10 44 9 34 21 35 11 19 47 36 5 45 15 8 28 30 27 4 23 43 33 22 46 41 37 6 26 39 17 7 12 3 38 1 24 42 32 16 14 25 48 20 2 18 13 
32 38 47 19 37 20 35 3 15 25 28 1 14 43 4 48 18 7 16 12 39 26 17 34 8 29 6 49 46 27 13 10 36 42 40 33 22 5 2 44 23 11 31 30 24 9 41 45 21 
7 17 25 23 39 8 18 22 9 30 27 2 49 26 14 37 41 42 38 3 10 28 11 13 45 5 16 44 48 32 24 43 19 29 34 20 31 6 40 36 12 21 1 33 15 35 4 47 46 
46 42 45 14 3 22 5 38 18 48 16 41 31 10 17 24 29 33 6 26 43 2 15 39 30 32 19 12 49 20 25 21 28 9 1 35 34 37 47 7 4 13 36 8 40 27 23 44 11 
24 27 6 41 33 12 11 45 13 29 40 8 46 7 36 32 25 23 49 20 1 37 48 21 3 42 31 38 44 47 4 14 35 2 18 17 43 39 30 10 15 9 34 5 22 19 16 28 26 
21 16 2 30 1 15 26 17 6 42 5 39 4 44 22 31 47 13 35 46 34 18 20 27 9 24 40 36 33 45 23 38 11 3 8 29 19 25 28 48 14 41 12 7 10 43 32 37 49 
48 4 36 13 28 43 34 33 32 12 24 20 37 23 21 9 11 44 2 19 40 47 7 25 14 35 10 1 15 30 16 31 22 41 5 8 49 18 46 27 26 45 39 38 17 3 6 42 29 
22 13 32 4 15 9 10 1 30 37 29 12 18 45 8 33 27 43 20 28 25 31 41 26 24 7 34 19 38 14 17 2 48 23 36 5 6 47 11 16 35 46 40 44 21 49 3 39 42 
45 47 18 20 35 40 25 2 46 6 38 27 42 34 23 30 37 14 29 7 11 21 36 5 39 15 13 48 8 22 1 3 16 49 32 10 12 44 33 43 24 28 9 26 41 17 19 4 31 
33 1 11 31 29 28 7 21 8 36 14 23 10 9 49 26 17 47 3 16 12 20 4 38 32 44 45 30 5 46 39 40 24 6 35 18 15 19 48 41 37 42 2 27 43 25 22 13 34 
5 6 12 3 46 38 30 7 25 11 33 32 39 28 24 19 31 15 42 2 48 49 9 22 17 27 37 14 41 13 18 26 44 45 43 40 1 21 23 34 29 4 20 36 47 16 35 8 10 
37 39 17 21 26 34 16 41 43 49 35 3 48 19 38 18 36 4 46 1 44 29 47 33 40 28 25 2 27 11 15 42 30 10 31 22 13 9 20 14 8 32 7 6 45 5 12 23 24 
14 23 27 2 42 36 48 44 5 16 4 15 13 24 6 34 22 41 39 40 45 1 35 10 43 12 11 8 20 25 33 47 9 19 21 49 17 31 3 30 7 26 18 37 32 46 29 38 28 
8 19 49 24 44 41 43 40 22 47 26 17 20 31 13 10 32 35 5 9 21 42 3 6 46 23 18 16 4 29 28 12 7 34 37 25 39 27 36 45 38 2 15 48 1 33 14 11 30 
27 26 48 22 20 3 32 12 49 15 37 11 19 25 39 36 40 16 21 14 33 8 45 18 38 41 44 23 1 42 31 34 43 30 29 46 9 28 35 17 2 10 5 4 13 6 7 24 47 
30 36 40 25 2 49 31 13 17 45 9 35 44 18 3 28 34 6 27 43 20 48 29 42 15 47 39 26 19 12 7 24 8 11 46 21 23 22 4 32 16 5 37 41 33 14 10 1 38 
13 33 7 15 17 29 47 5 27 38 21 26 40 30 48 42 23 11 32 41 31 3 1 28 2 4 49 34 25 35 6 16 10 39 44 37 24 45 14 12 18 36 46 9 19 8 43 20 22 
6 43 28 38 45 19 42 23 4 31 41 46 33 8 15 7 26 24 12 37 2 10 27 35 22 30 20 11 14 18 36 9 21 5 13 39 48 29 1 40 44 47 3 34 49 32 25 17 16 
1 44 8 35 18 24 23 6 2 32 39 43 29 14 47 25 5 46 13 10 22 9 40 16 19 21 17 7 45 33 38 28 4 37 3 34 42 11 41 26 20 49 48 12 31 30 15 27 36 
34 9 41 39 5 14 4 20 10 24 7 16 36 42 35 49 38 1 30 18 29 12 37 46 6 31 32 43 17 2 47 48 23 27 22 19 25 3 8 13 33 15 11 21 28 40 44 26 45 
11 37 46 16 12 10 21 47 28 22 1 48 34 3 45 4 44 19 9 17 8 24 13 36 25 14 5 33 26 41 40 15 32 20 49 30 7 43 31 38 6 27 29 23 18 39 42 35 2 
################proper############## 

 average_time = 382.237873 

 success runs = 1 

 total average iters = 35424335.000000 
