Success!!! 
 
 max_col = 
 49 
 
 run_time = 
 813.286175 
 
 once iters = 
 79081393 
 
16 35 34 30 5 4 32 42 25 28 26 20 3 8 12 19 2 27 1 7 22 36 15 11 33 49 10 44 17 23 39 24 43 37 13 38 21 47 48 45 6 18 29 40 46 14 31 9 41 
44 6 14 45 25 40 29 31 24 9 21 10 16 47 43 38 26 5 20 18 33 39 22 13 34 4 12 23 46 30 49 15 41 27 7 28 8 36 37 32 1 3 11 19 35 2 17 48 42 
8 11 39 36 42 31 46 6 30 48 27 14 38 17 23 3 24 13 47 37 25 2 43 5 45 18 40 20 34 35 16 21 1 26 33 4 29 12 15 19 41 9 22 49 44 10 28 32 7 
28 20 13 48 37 10 26 46 40 2 11 7 33 29 15 49 8 45 32 31 9 35 1 38 14 17 30 41 47 12 42 18 19 6 4 43 44 5 24 25 22 23 27 34 21 3 16 36 39 
19 7 23 1 2 33 15 36 13 45 5 18 35 37 10 16 44 4 39 41 21 42 31 9 28 6 3 46 25 14 32 22 29 11 48 40 26 17 27 34 49 20 8 12 47 30 24 38 43 
24 3 47 18 43 12 22 41 1 49 32 39 4 34 46 40 14 29 28 17 35 21 37 8 48 27 26 19 10 9 38 20 36 45 44 16 31 2 11 7 30 42 5 25 6 15 33 13 23 
41 38 17 21 49 27 9 44 12 22 19 23 43 15 36 30 34 42 48 11 6 29 32 7 25 24 47 16 31 3 2 5 8 28 40 13 39 10 33 35 46 14 18 37 20 1 4 45 26 
43 46 22 2 3 36 20 9 37 33 16 44 10 48 8 7 25 39 21 1 38 24 18 26 13 30 19 49 41 31 15 4 14 23 5 6 17 28 40 11 29 35 42 32 34 45 47 12 27 
38 31 10 40 4 30 47 49 35 36 18 32 15 20 19 6 45 23 41 13 29 3 27 28 16 44 5 42 1 37 24 48 34 21 11 22 7 43 39 8 14 12 33 46 17 26 9 25 2 
21 5 28 14 44 24 16 11 34 13 1 19 12 23 37 47 42 49 26 27 40 38 39 48 17 35 2 31 8 45 29 10 18 33 20 9 3 32 46 4 36 25 43 15 41 7 30 6 22 
9 41 37 11 48 23 13 22 14 30 17 8 29 27 4 35 16 36 44 5 31 15 20 43 40 34 46 12 6 25 7 42 3 32 49 45 33 26 2 10 47 24 38 1 18 28 39 21 19 
6 33 35 25 15 32 7 47 45 40 38 31 26 42 24 46 12 43 2 34 18 41 21 36 8 37 1 14 27 39 9 28 30 17 22 44 19 48 16 20 13 5 4 23 3 29 49 11 10 
34 49 19 27 29 8 45 2 3 5 7 25 24 39 48 10 17 22 9 28 30 4 47 6 32 23 33 11 44 43 12 13 40 46 26 18 41 15 21 38 42 1 14 36 16 31 35 20 37 
1 39 12 17 26 18 42 4 28 43 41 46 6 21 3 33 20 11 14 32 15 45 10 25 9 7 22 29 38 47 36 2 16 35 19 30 49 27 34 31 23 37 40 24 8 48 44 5 13 
42 24 16 47 20 5 8 12 18 17 23 43 44 30 25 32 38 9 27 19 34 7 3 37 11 41 39 48 33 10 21 35 22 1 28 29 36 6 45 46 40 26 31 14 13 4 2 49 15 
3 17 11 22 34 1 40 24 16 21 10 2 9 35 13 12 46 33 42 30 20 43 49 45 31 28 14 8 15 41 18 26 6 47 36 27 4 19 25 48 7 32 44 39 23 5 37 29 38 
7 43 21 26 14 29 30 45 49 3 46 27 31 28 1 8 36 10 16 44 17 19 5 23 18 33 20 6 32 40 13 34 39 4 42 11 47 22 38 15 37 2 25 35 24 9 12 41 48 
23 19 15 9 39 49 25 1 4 41 48 47 7 40 5 37 11 24 29 14 2 46 44 22 26 13 42 35 20 27 31 16 38 3 43 10 34 18 12 21 17 8 45 33 28 6 32 30 36 
48 2 46 13 38 37 4 33 6 11 20 36 34 32 49 39 21 31 40 35 7 10 12 1 27 16 15 25 5 29 17 19 45 24 30 23 14 9 41 3 44 28 47 18 26 43 22 42 8 
35 45 31 33 12 6 41 29 22 15 14 38 5 25 47 26 3 28 18 48 43 17 24 2 36 21 4 32 23 11 8 7 37 44 9 49 13 39 1 42 16 30 10 20 27 19 40 34 46 
27 32 18 28 10 44 36 19 26 39 37 42 8 13 22 15 23 6 45 4 41 34 38 47 30 29 9 40 12 48 46 14 25 49 2 24 35 20 31 33 5 43 7 17 11 21 1 16 3 
14 18 3 20 19 9 1 39 33 16 49 11 23 4 28 22 6 47 37 24 32 13 48 34 2 42 44 21 26 46 45 30 7 43 35 36 40 29 17 5 10 38 41 31 12 8 15 27 25 
12 25 29 37 11 35 5 7 36 32 2 17 21 19 30 27 49 20 31 10 13 47 4 39 22 9 24 38 28 1 34 33 44 41 18 15 48 42 14 23 8 16 3 45 40 46 43 26 6 
22 15 2 24 36 21 34 30 43 38 8 37 18 41 26 9 5 3 7 12 45 40 6 29 20 11 25 33 48 42 47 27 23 10 31 35 46 49 44 39 19 4 16 13 32 17 14 1 28 
39 42 41 8 13 26 38 40 9 25 22 1 14 44 33 48 18 19 35 15 4 27 28 49 46 5 45 17 16 36 11 12 21 29 6 31 32 7 3 43 34 47 37 30 2 24 10 23 20 
17 23 40 46 47 48 44 5 31 12 28 34 27 45 16 1 39 8 25 21 42 37 7 10 41 43 32 3 24 15 4 49 13 14 38 26 9 30 20 2 18 6 19 29 22 11 36 33 35 
10 4 32 16 45 43 33 26 48 35 47 3 13 6 11 29 41 46 23 36 44 1 14 31 15 12 8 30 39 20 19 40 2 5 17 25 27 21 28 37 24 22 9 42 38 49 7 18 34 
31 30 27 49 28 7 6 15 10 20 29 24 42 46 38 2 43 34 17 40 14 18 19 16 35 36 23 26 9 8 37 3 32 22 25 1 45 11 13 12 33 41 21 5 39 47 48 44 4 
46 48 45 23 16 42 19 3 21 29 12 15 22 43 41 28 33 17 24 38 49 6 2 14 7 10 37 47 11 26 25 44 20 39 34 8 18 35 36 30 4 27 13 9 31 32 5 40 1 
49 22 30 4 33 47 18 48 5 46 6 26 25 1 40 23 35 15 8 2 36 32 41 21 12 31 13 39 37 19 28 29 9 16 10 20 38 45 7 44 3 17 24 11 42 27 34 43 14 
2 34 6 31 40 14 10 38 8 24 44 35 19 11 42 5 29 21 12 16 3 23 9 20 1 22 18 4 43 33 27 36 47 30 45 37 15 13 32 28 26 39 49 7 48 41 25 46 17 
26 8 36 7 1 3 12 17 47 34 39 28 37 9 32 13 10 18 43 6 11 49 45 19 5 38 35 27 14 2 48 46 4 40 21 33 24 16 42 41 25 31 15 44 30 20 23 22 29 
37 21 9 29 35 25 17 27 41 31 13 30 45 10 20 4 22 14 19 26 39 8 16 44 3 46 11 28 18 7 5 32 42 15 24 34 1 40 23 49 43 48 6 47 36 33 38 2 12 
11 13 38 44 41 39 24 18 20 42 4 33 32 7 27 25 1 48 34 47 46 30 26 15 43 40 17 36 49 22 23 6 12 31 8 2 10 14 5 29 9 21 35 28 37 16 3 19 45 
5 28 43 15 32 20 27 16 2 23 40 49 36 14 31 44 9 7 30 45 37 48 33 42 24 25 29 34 35 38 3 1 17 13 41 47 11 46 22 6 12 19 26 4 10 39 18 8 21 
40 44 20 35 30 45 21 25 15 7 34 4 28 31 17 11 32 41 38 33 47 14 23 46 37 3 6 5 29 18 22 9 10 2 27 19 12 8 49 26 48 36 39 43 1 13 42 24 16 
15 37 48 34 46 2 14 43 39 44 35 12 49 5 45 24 28 1 10 9 23 25 17 4 38 19 16 13 7 21 20 8 26 36 3 42 22 33 30 27 31 40 32 6 29 18 41 47 11 
13 10 8 38 23 11 43 32 29 18 24 9 48 16 39 14 15 37 4 22 19 31 35 12 42 1 27 7 40 5 44 41 33 25 46 17 2 34 6 47 21 45 20 3 49 36 26 28 30 
32 16 7 42 27 19 49 20 23 1 45 41 30 26 34 36 13 40 3 29 12 28 8 33 39 2 43 10 4 24 6 31 48 38 47 14 37 25 9 18 35 11 17 21 5 22 46 15 44 
4 1 33 39 6 22 31 37 19 47 3 21 11 38 2 18 7 16 46 49 26 20 40 41 29 48 36 45 30 13 14 17 15 42 23 32 5 44 43 24 28 10 34 8 25 12 27 35 9 
36 29 25 12 18 17 28 14 27 6 42 40 46 22 21 20 31 44 5 43 8 26 30 24 47 32 49 9 19 16 1 11 35 34 39 41 23 3 4 13 38 15 48 2 7 37 45 10 33 
47 26 24 5 9 41 3 10 17 8 33 13 2 36 35 42 48 30 6 25 27 11 34 18 44 15 21 22 45 28 43 37 49 12 32 7 20 1 29 16 39 46 23 38 4 40 19 14 31 
45 12 42 3 22 28 35 21 38 10 9 29 47 49 6 31 30 2 13 46 24 5 11 17 23 39 7 18 36 34 26 43 27 19 37 48 25 41 8 40 15 33 1 16 14 44 20 4 32 
25 9 4 6 17 13 39 35 11 26 30 5 1 18 7 34 19 38 22 20 48 44 36 40 21 45 41 2 3 32 33 23 46 8 16 12 43 31 47 14 27 49 28 10 15 42 29 37 24 
33 27 44 19 7 16 11 23 42 14 15 48 40 12 18 21 37 25 49 8 28 9 46 32 10 26 38 43 13 4 41 39 5 20 1 3 30 24 35 17 2 29 36 22 45 34 6 31 47 
30 14 26 43 8 38 2 28 44 27 25 6 17 3 29 45 40 12 36 39 1 33 42 35 4 20 31 24 22 49 10 47 11 48 15 21 16 37 18 9 32 34 46 41 19 23 13 7 5 
20 47 1 10 24 34 48 13 46 19 43 45 41 33 14 17 4 32 15 3 16 22 25 30 6 8 28 37 2 44 40 38 31 18 29 5 42 23 26 36 11 7 12 27 9 35 21 39 49 
29 40 49 41 31 46 23 34 32 37 36 22 20 24 9 43 47 35 11 42 5 16 13 27 19 14 48 15 21 17 30 25 28 7 12 39 6 4 10 1 45 44 2 26 33 38 8 3 18 
18 36 5 32 21 15 37 8 7 4 31 16 39 2 44 41 27 26 33 23 10 12 29 3 49 47 34 1 42 6 35 45 24 9 14 46 28 38 19 22 20 13 30 48 43 25 11 17 40 
################proper############## 

 average_time = 813.286175 

 success runs = 1 

 total average iters = 79081393.000000 
