Success!!! 
 
 max_col = 
 49 
 
 run_time = 
 498.603970 
 
 once iters = 
 51511157 
 
49 15 14 44 4 28 10 1 29 17 37 2 19 9 31 23 6 41 22 46 12 34 7 33 39 42 32 47 18 5 40 27 16 26 3 21 35 8 20 24 13 48 43 38 25 30 45 11 36 
22 35 11 7 37 26 45 10 34 27 38 48 42 21 32 44 24 29 16 17 47 46 18 49 36 43 12 31 4 1 30 8 23 2 15 28 25 3 19 14 9 6 20 13 39 40 41 5 33 
29 36 32 13 20 30 31 14 18 41 43 7 12 45 10 4 48 19 8 3 2 23 27 21 5 35 25 24 34 22 33 37 44 6 49 39 38 40 11 1 16 42 47 26 46 17 15 28 9 
47 8 39 19 42 43 38 20 46 16 30 26 35 13 5 40 14 1 18 37 25 10 11 44 48 41 22 6 12 28 45 24 29 21 9 33 49 36 17 15 7 4 23 32 34 2 3 27 31 
41 24 18 34 21 40 5 11 44 4 25 49 6 47 28 27 35 30 33 9 20 2 1 15 37 3 8 45 38 39 31 13 19 17 36 12 43 10 23 26 46 32 48 22 14 16 29 7 42 
17 48 46 12 27 3 1 28 22 5 33 23 32 40 15 36 39 45 49 34 42 14 26 30 16 38 9 13 10 25 43 47 7 11 20 18 44 41 29 37 2 31 8 6 4 24 19 21 35 
16 23 33 6 2 25 9 3 24 39 8 36 31 15 38 21 13 26 11 7 43 20 28 19 29 40 4 17 46 35 42 14 48 32 41 34 22 47 27 45 30 5 10 12 44 1 37 18 49 
37 22 16 43 5 15 46 45 36 32 31 4 41 20 3 14 18 21 7 2 29 47 25 35 12 33 1 26 17 8 38 44 13 9 23 48 11 49 10 27 34 28 40 24 6 39 30 42 19 
13 32 23 33 8 14 20 12 43 47 48 38 30 39 24 19 26 49 25 44 34 3 16 7 40 10 42 2 27 11 6 35 18 36 37 29 46 45 9 31 22 41 15 21 5 4 28 1 17 
28 25 10 18 35 42 48 15 14 7 46 19 34 44 45 9 1 17 30 36 6 11 38 41 22 5 24 37 21 29 3 31 43 12 16 20 39 32 26 2 4 40 13 23 8 49 33 47 27 
26 21 49 47 19 11 30 29 9 42 6 27 16 37 48 5 12 20 15 31 40 32 23 36 17 13 34 46 28 10 39 4 22 1 24 43 7 33 18 8 3 35 14 2 38 25 44 41 45 
39 4 12 31 29 2 40 24 8 18 49 17 23 11 33 32 47 46 35 38 13 15 30 28 14 21 44 27 45 48 7 20 34 41 25 5 19 37 6 42 36 1 9 3 10 26 16 43 22 
6 38 1 41 9 36 24 5 21 40 10 25 26 3 43 11 28 42 27 22 37 45 19 48 4 8 39 18 49 15 46 33 2 14 32 13 16 17 44 30 23 47 31 7 29 35 34 12 20 
3 27 34 17 45 7 44 22 35 28 2 13 33 1 8 10 16 23 39 4 41 6 43 29 20 31 49 9 47 40 26 5 30 19 42 24 21 38 14 25 12 15 46 37 32 11 48 36 18 
10 9 47 23 40 1 21 32 33 30 11 45 49 12 29 20 2 25 34 14 31 38 35 39 13 17 28 16 43 27 18 41 6 42 5 8 3 4 24 48 15 19 7 36 22 37 26 46 44 
14 49 36 28 6 19 22 4 42 9 39 31 20 35 46 18 43 33 45 10 27 41 12 37 11 7 48 44 13 16 8 26 3 23 30 32 2 21 25 17 5 38 24 15 47 34 1 40 29 
44 20 3 46 11 39 2 48 7 1 5 15 13 8 41 12 37 38 17 28 30 36 24 45 42 49 40 25 32 21 9 29 47 31 22 10 26 34 33 23 18 27 6 4 35 14 43 19 16 
7 18 48 45 31 33 15 25 10 44 23 3 46 28 42 24 21 16 40 26 49 29 6 47 27 14 30 19 1 4 2 34 11 37 39 36 9 22 12 43 35 13 32 41 17 20 8 38 5 
27 29 26 32 13 38 4 17 47 36 16 34 37 41 22 8 44 35 6 48 19 5 9 3 46 23 43 10 7 49 24 28 15 25 12 1 40 11 45 39 20 14 42 31 33 21 18 30 2 
25 41 35 8 43 5 17 40 26 24 21 29 27 6 36 7 11 15 32 1 3 4 33 22 18 20 2 34 48 14 19 46 38 45 10 37 30 44 42 47 31 16 49 9 12 28 39 13 23 
42 34 37 30 16 24 12 19 2 38 22 14 18 43 23 13 4 9 5 47 39 1 21 8 31 32 26 15 40 17 44 36 33 20 35 49 29 28 46 41 6 7 27 11 3 48 10 45 25 
5 33 43 2 18 10 16 39 38 26 47 24 3 42 34 46 29 14 1 6 32 44 41 4 30 11 19 36 25 7 49 15 17 28 45 23 13 12 37 20 48 8 21 35 9 27 22 31 40 
8 26 22 42 36 47 6 34 41 14 35 37 7 19 21 33 38 18 12 20 24 25 17 31 45 46 10 48 3 43 5 16 40 27 29 9 32 39 2 49 28 44 30 1 13 15 23 4 11 
12 1 15 27 32 9 19 30 40 46 44 20 10 16 49 43 23 31 26 45 7 37 5 13 28 47 14 3 6 36 35 22 39 38 8 41 42 18 21 4 24 11 17 29 48 33 2 25 34 
23 7 20 48 17 29 35 13 25 12 27 18 21 4 30 42 22 2 9 39 15 33 40 1 8 16 6 49 11 37 14 32 26 44 46 38 31 5 3 19 43 34 41 28 24 45 36 10 47 
31 37 21 3 44 4 34 8 23 6 36 33 45 22 13 48 41 11 28 25 16 27 42 32 9 12 15 35 19 18 47 1 24 30 2 40 10 29 7 46 26 17 38 39 20 5 14 49 43 
24 11 25 49 46 13 28 43 15 29 32 9 17 5 37 47 10 40 36 27 44 22 39 38 2 26 7 21 23 20 41 48 31 4 34 14 1 35 16 33 45 30 19 18 42 8 12 6 3 
40 39 30 38 41 45 14 49 28 48 1 11 2 31 4 17 5 8 3 19 35 43 20 23 34 24 18 29 9 33 10 12 42 13 21 6 27 15 47 22 25 36 37 16 26 46 32 44 7 
43 13 19 11 30 23 49 37 27 21 4 46 29 48 47 15 36 3 38 33 22 9 32 14 44 18 20 7 2 34 17 25 45 35 31 26 28 42 40 6 1 12 16 8 41 10 5 24 39 
21 12 4 10 3 22 42 47 20 35 24 16 1 18 17 2 45 34 44 23 8 39 29 26 38 30 41 28 5 19 32 49 46 15 14 25 36 7 31 13 33 9 11 27 40 43 6 48 37 
18 16 31 1 14 6 26 2 11 15 40 30 28 32 9 41 46 13 20 49 48 12 8 5 24 27 3 42 29 47 37 38 36 43 7 19 34 23 22 21 10 39 33 25 45 44 35 17 4 
46 2 27 5 38 48 33 44 31 25 45 39 8 34 19 16 7 12 4 30 10 17 47 43 49 36 37 40 42 6 21 23 28 22 13 11 15 20 35 32 41 24 1 14 18 29 9 3 26 
34 44 28 35 39 8 41 23 6 10 7 43 5 14 1 29 27 24 31 40 18 21 45 11 19 25 46 22 16 26 20 9 4 3 33 2 17 30 48 38 49 37 36 47 15 12 42 32 13 
9 40 7 24 25 17 36 26 19 3 13 41 22 33 14 35 32 37 43 42 5 31 34 16 15 6 23 1 44 30 48 10 12 39 11 47 18 27 4 29 8 45 2 46 28 38 49 20 21 
45 47 29 37 15 20 32 42 17 49 9 12 38 36 39 6 25 28 21 11 26 48 2 10 35 4 13 33 41 24 27 18 8 40 1 44 5 46 43 16 14 3 22 34 7 19 31 23 30 
15 19 17 14 24 46 29 35 48 22 26 47 43 38 25 39 42 36 10 16 23 18 44 34 33 2 27 41 8 45 13 6 32 5 4 30 12 31 1 7 40 21 3 49 11 9 20 37 28 
38 6 45 25 22 44 18 21 39 34 3 28 40 49 12 37 31 47 24 35 9 19 48 42 7 1 17 4 30 41 15 2 20 29 43 46 33 16 5 36 11 23 26 10 27 32 13 8 14 
20 10 8 4 1 34 37 7 32 11 14 44 9 23 27 30 17 43 48 13 45 40 31 46 25 15 16 39 26 12 22 42 21 33 28 3 41 24 49 18 47 29 35 5 19 36 38 2 6 
30 28 41 36 47 32 3 16 12 31 20 6 25 2 7 49 15 44 19 18 4 26 14 9 10 29 5 8 39 46 11 17 37 24 48 22 45 13 38 35 27 43 34 42 21 23 40 33 1 
33 42 40 21 48 27 39 18 1 13 41 5 15 17 20 34 8 6 29 32 38 35 3 12 43 45 11 23 36 44 16 7 49 10 19 4 14 26 28 9 37 2 25 30 31 47 46 22 24 
11 5 13 26 49 35 43 27 4 19 29 10 24 46 2 1 40 22 14 21 33 30 37 6 32 28 36 38 31 9 23 3 25 18 47 17 8 48 34 44 42 20 39 45 16 41 7 15 12 
2 31 9 16 23 12 7 33 37 45 42 8 36 30 26 28 3 5 46 41 11 13 49 24 47 22 21 20 14 38 1 40 35 34 27 15 6 19 39 10 32 25 4 44 43 18 17 29 48 
4 14 44 20 26 16 25 38 45 23 17 21 47 7 11 3 49 48 42 5 46 28 15 40 41 19 31 30 35 2 29 43 10 8 18 27 37 1 13 34 39 22 12 33 36 6 24 9 32 
48 3 2 29 12 37 23 6 30 8 34 35 44 25 40 26 9 32 13 24 28 16 22 17 21 39 33 11 15 31 36 45 27 46 38 42 47 43 41 5 19 49 18 20 1 7 4 14 10 
1 43 42 39 7 31 8 41 3 33 18 22 11 10 35 25 19 27 47 12 14 24 4 20 23 34 29 5 37 32 28 30 9 16 6 45 48 2 36 40 38 46 44 17 49 13 21 26 15 
19 17 24 15 10 49 27 36 13 2 28 1 4 26 16 38 34 7 37 8 21 42 46 18 6 9 35 43 20 3 25 11 5 48 44 31 23 14 32 12 29 33 45 40 30 22 47 39 41 
36 45 5 9 34 21 13 46 16 20 19 32 48 27 18 22 30 4 41 29 17 8 10 2 3 37 47 14 33 42 12 39 1 49 40 7 24 6 15 11 44 26 28 43 23 31 25 35 38 
32 30 38 40 33 41 47 9 5 37 15 42 39 24 6 31 20 10 23 43 1 49 36 27 26 44 45 12 22 13 34 19 14 7 17 35 4 25 8 28 21 18 29 48 2 3 11 16 46 
35 46 6 22 28 18 11 31 49 43 12 40 14 29 44 45 33 39 2 15 36 7 13 25 1 48 38 32 24 23 4 21 41 47 26 16 20 9 30 3 17 10 5 19 37 42 27 34 8 
################proper############## 

 average_time = 498.603970 

 success runs = 1 

 total average iters = 51511157.000000 
