Success!!! 
 
 max_col = 
 49 
 
 run_time = 
 614.599097 
 
 once iters = 
 62305775 
 
10 8 24 27 9 19 14 23 36 34 17 21 45 31 2 28 47 30 3 29 15 13 16 26 1 40 43 48 5 39 38 22 42 4 37 11 41 32 49 20 44 25 18 33 6 46 35 7 12 
11 1 34 38 43 23 32 29 46 7 2 14 40 42 35 10 44 13 17 39 31 47 20 22 49 5 18 24 19 12 15 27 25 33 6 21 16 9 28 8 48 26 4 41 30 37 3 45 36 
33 49 12 40 47 31 13 32 1 44 6 9 38 25 27 34 21 36 46 18 43 35 8 14 11 37 4 2 45 41 26 16 30 10 23 3 7 29 17 42 22 5 15 20 28 39 19 24 48 
6 44 17 46 48 41 29 10 4 12 16 22 3 18 23 37 20 9 14 7 45 28 32 38 31 15 39 25 43 35 36 2 34 1 49 47 27 40 19 33 24 30 26 13 11 5 8 42 21 
15 26 45 3 18 21 20 5 13 24 19 28 8 41 25 42 12 16 49 1 4 30 6 17 36 33 10 34 44 48 11 7 47 31 40 35 38 14 23 37 46 39 2 22 27 32 9 43 29 
2 25 39 4 36 28 42 30 11 37 20 26 43 35 19 41 32 48 33 5 22 12 45 7 46 27 3 44 18 21 24 29 17 8 9 34 13 1 31 15 6 10 23 40 14 38 49 47 16 
16 37 7 35 22 5 30 27 33 47 48 49 39 15 26 38 40 11 8 6 24 21 42 23 41 9 29 19 20 13 14 28 46 32 3 12 18 2 36 45 43 4 10 34 44 1 17 31 25 
32 13 31 7 10 8 2 36 28 29 15 27 35 6 1 43 45 23 18 25 20 26 30 11 22 3 46 33 14 37 9 44 48 41 24 40 17 38 39 21 16 19 5 47 4 49 34 12 42 
49 11 19 43 24 14 39 31 23 18 22 32 47 2 7 17 29 33 40 41 26 48 44 15 38 8 42 21 3 27 20 46 4 45 10 25 36 6 13 34 5 12 37 30 16 9 28 1 35 
28 4 27 6 34 18 3 43 7 25 38 41 42 19 30 39 22 47 16 44 49 1 13 12 35 24 31 17 26 11 32 5 33 21 15 37 46 48 8 10 29 9 45 14 40 20 36 2 23 
17 15 42 5 21 22 38 37 44 39 45 48 1 13 28 35 8 24 34 27 46 40 47 4 29 10 14 9 2 16 49 25 12 36 19 30 31 23 20 26 41 11 3 18 43 7 32 33 6 
36 29 47 1 41 44 46 24 3 40 8 5 34 14 42 11 37 21 13 9 12 16 19 20 27 2 23 39 30 28 17 6 31 35 7 4 33 49 45 32 18 43 48 38 15 10 22 25 26 
37 48 9 30 33 20 40 11 16 21 26 4 17 12 14 6 2 31 5 10 32 49 43 36 18 34 25 45 39 38 22 23 1 13 42 24 15 35 47 3 28 7 46 29 8 27 41 44 19 
35 23 16 25 26 12 45 9 20 33 49 10 30 46 38 36 4 3 19 15 48 32 37 28 6 7 41 5 47 8 43 40 29 34 18 22 1 42 44 2 27 14 21 31 24 11 39 13 17 
25 34 4 12 31 15 11 49 40 27 3 39 41 7 24 45 46 37 32 26 30 42 48 10 14 18 22 8 9 47 2 19 23 17 1 36 6 33 43 13 20 29 35 16 38 44 5 21 28 
48 32 26 36 39 46 41 17 10 45 28 38 4 24 21 49 6 22 44 20 13 43 23 2 34 25 11 7 40 33 30 35 8 37 5 14 9 3 1 12 19 16 29 27 42 47 15 18 31 
47 19 18 23 20 42 43 2 12 16 36 46 15 26 34 1 41 25 35 4 27 9 38 32 17 31 5 28 6 29 13 39 11 3 21 44 22 24 37 30 45 40 33 8 7 14 48 10 49 
44 10 35 9 29 7 1 14 42 48 21 43 31 20 18 33 23 8 36 19 11 6 24 16 13 45 40 37 25 4 28 34 26 38 32 5 47 17 27 49 15 2 30 39 12 22 46 41 3 
21 30 37 49 27 40 24 13 34 9 47 8 23 33 5 2 28 12 48 43 38 39 3 41 15 1 44 29 46 36 7 42 22 16 14 10 4 25 11 31 35 18 17 19 26 6 45 20 32 
8 22 33 16 38 13 17 6 29 30 25 37 19 5 31 9 3 15 42 14 40 27 35 46 47 36 12 20 49 45 44 10 41 18 48 7 32 34 26 39 21 28 43 11 2 24 23 4 1 
14 3 28 2 6 45 5 35 32 22 1 18 11 44 29 47 39 17 7 16 10 19 4 30 33 26 21 49 12 20 27 15 24 43 31 41 42 46 48 23 8 38 9 25 34 40 37 36 13 
22 12 1 10 44 47 15 40 48 35 13 25 7 17 41 23 24 29 21 3 33 38 49 19 37 46 20 26 8 5 16 45 28 14 39 18 30 43 2 27 32 42 36 9 31 34 4 6 11 
23 2 3 42 13 29 34 15 21 19 4 47 5 1 39 46 36 44 45 11 16 22 18 9 12 30 48 27 33 17 25 26 37 20 43 6 49 31 38 24 10 8 7 35 32 41 40 28 14 
7 28 11 20 8 39 18 38 45 3 41 30 49 36 17 5 13 14 37 47 19 2 31 29 10 32 33 42 27 6 23 12 9 44 35 16 40 26 34 25 4 46 1 43 21 48 24 22 15 
4 46 41 21 49 48 27 42 39 23 37 2 16 34 8 26 30 18 43 35 9 11 17 45 3 6 24 14 31 7 40 47 32 15 36 19 44 22 29 28 12 1 25 10 33 13 20 38 5 
9 45 5 17 32 24 25 8 6 10 27 31 29 28 40 4 38 1 22 12 2 34 7 43 23 13 15 35 41 18 46 3 21 19 30 20 48 11 33 14 37 36 47 26 49 42 44 16 39 
40 36 14 26 30 38 31 33 22 43 18 24 9 11 20 27 34 42 15 32 6 8 25 5 44 16 28 47 1 49 10 48 2 29 4 39 21 7 41 35 13 3 19 23 46 45 12 17 37 
43 16 6 37 35 33 19 26 14 46 12 44 20 32 10 25 48 28 31 49 7 41 39 40 21 4 1 36 34 24 42 13 38 22 11 23 45 5 15 47 9 17 27 2 18 29 30 3 8 
38 35 20 48 4 32 9 44 27 41 43 42 14 3 13 31 19 10 6 23 47 25 12 33 2 28 8 16 22 46 1 11 40 24 45 49 5 21 18 7 17 34 39 36 37 15 29 26 30 
45 17 46 24 11 1 37 39 2 5 35 36 33 30 16 8 18 41 29 38 3 23 40 21 19 14 7 6 10 34 48 32 44 42 27 15 26 20 25 4 31 22 49 28 47 12 13 9 43 
18 43 15 14 28 10 16 22 17 38 40 6 25 48 33 12 7 5 9 36 42 37 26 47 4 29 27 31 23 2 3 30 20 49 41 8 19 39 32 46 11 13 44 24 45 21 1 35 34 
3 5 21 8 23 49 7 47 9 20 11 16 28 29 15 14 35 40 2 46 1 44 34 18 42 39 13 32 36 26 4 33 6 25 12 45 37 27 30 43 38 24 41 17 10 19 31 48 22 
29 41 22 31 2 30 33 34 15 49 10 7 46 8 48 44 27 32 26 24 28 45 9 3 20 17 36 43 21 19 18 37 35 39 13 42 12 47 14 1 23 6 38 4 25 16 11 5 40 
26 27 44 39 19 6 12 18 37 4 31 13 21 45 11 20 25 49 30 17 34 24 22 1 5 48 35 15 29 43 8 38 14 47 28 33 10 36 9 16 40 41 32 7 3 2 42 23 46 
13 47 40 34 42 25 36 12 19 32 24 1 26 23 45 22 43 39 4 37 21 46 10 49 30 41 38 11 16 31 5 9 15 7 17 28 3 44 35 29 2 48 8 6 20 33 18 14 27 
27 6 13 29 16 34 44 4 5 15 33 20 24 22 36 48 42 19 25 31 37 18 46 35 43 47 17 3 7 40 39 1 10 28 26 38 14 30 12 41 49 21 11 32 9 23 2 8 45 
31 38 23 47 46 9 10 19 49 11 14 29 13 40 12 3 1 35 20 21 5 7 33 25 32 22 6 4 48 44 41 8 36 27 2 43 28 45 42 18 26 37 34 15 39 17 16 30 24 
12 24 8 11 45 36 21 25 35 1 30 3 32 37 43 15 49 46 28 34 14 31 27 48 9 20 19 38 17 42 6 4 18 23 16 29 2 10 7 22 39 44 13 5 41 26 33 40 47 
20 7 48 33 14 17 49 16 38 26 46 12 6 43 9 18 11 2 41 13 29 15 36 39 28 21 34 10 37 22 35 24 45 30 47 32 23 8 40 5 3 31 42 44 1 25 27 19 4 
5 42 32 15 37 35 22 28 41 8 7 17 2 10 44 30 26 38 27 33 39 14 11 24 45 23 49 40 13 3 34 31 19 46 25 9 20 4 16 48 1 47 6 12 36 43 21 29 18 
30 39 43 41 1 26 4 45 18 31 44 23 27 9 47 40 17 6 10 22 8 29 2 42 16 12 37 13 32 14 33 21 5 11 20 46 25 19 24 36 34 15 28 48 35 3 7 49 38 
19 40 25 18 3 2 28 48 47 42 39 34 36 21 4 32 16 7 24 45 23 5 41 8 26 44 30 1 38 15 12 49 43 9 29 27 11 13 6 17 33 35 20 46 22 31 14 37 10 
42 20 49 13 40 37 23 1 25 17 34 11 10 39 22 7 5 26 47 2 36 33 28 6 8 19 16 46 15 9 21 14 3 12 38 48 24 18 4 44 30 32 31 45 29 35 43 27 41 
24 33 30 22 17 27 47 20 8 28 29 45 44 16 37 21 14 43 38 48 41 36 5 31 25 42 32 12 35 10 19 18 39 6 46 13 34 15 3 9 7 49 40 1 23 4 26 11 2 
41 21 2 28 15 4 6 46 24 14 23 40 12 49 32 13 9 27 39 8 35 20 1 37 48 11 47 30 42 25 31 43 7 26 44 17 29 16 10 19 36 45 22 3 5 18 38 34 33 
1 9 36 19 7 11 26 21 43 13 5 35 37 4 6 16 15 20 23 42 18 3 29 34 24 38 45 41 28 32 47 17 27 2 22 31 8 12 46 40 25 33 14 49 48 30 10 39 44 
46 18 38 32 12 43 8 7 26 2 42 33 48 47 3 29 31 4 11 40 17 10 21 44 39 49 9 23 24 30 45 41 13 5 34 1 35 28 22 6 14 27 16 37 19 36 25 15 20 
39 14 10 45 25 3 48 41 31 6 32 19 22 27 49 24 33 34 1 30 44 4 15 13 7 35 26 18 11 23 29 36 16 40 8 2 43 37 5 38 42 20 12 21 17 28 47 46 9 
34 31 29 44 5 16 35 3 30 36 9 15 18 38 46 19 10 45 12 28 25 17 14 27 40 43 2 22 4 1 37 20 49 48 33 26 39 41 21 11 47 23 24 42 13 8 6 32 7 
################proper############## 

 average_time = 614.599097 

 success runs = 1 

 total average iters = 62305775.000000 
