Success!!! 
 
 max_col = 
 49 
 
 run_time = 
 688.724225 
 
 once iters = 
 66760964 
 
16 37 34 6 4 11 28 12 31 20 9 26 15 41 36 47 8 19 2 18 5 1 23 48 7 38 35 42 13 39 14 40 17 45 22 33 10 3 27 24 29 49 25 32 44 21 46 43 30 
14 12 15 25 35 49 1 29 23 2 36 45 7 48 6 39 10 38 4 40 26 44 32 21 46 19 13 11 41 27 24 18 33 42 8 5 43 20 30 9 22 28 17 47 31 34 3 37 16 
9 43 17 23 19 36 30 39 14 32 42 13 27 22 3 29 25 48 33 7 41 49 5 8 34 10 31 20 15 2 11 37 44 1 46 6 21 47 40 4 16 38 12 26 28 35 18 45 24 
24 26 8 46 38 40 31 34 28 11 5 18 44 19 14 1 42 49 20 37 22 16 17 30 43 15 12 4 9 23 3 29 21 7 47 25 41 32 2 35 45 39 10 36 48 6 27 13 33 
18 39 48 32 2 10 33 1 21 8 49 35 16 3 24 27 44 12 30 46 15 6 45 29 22 28 37 47 5 20 43 31 38 25 36 13 23 26 17 7 34 19 9 41 4 14 42 11 40 
5 41 3 20 22 21 27 37 4 47 43 46 25 30 35 45 31 17 28 34 13 24 9 2 40 39 33 26 16 12 48 10 6 32 19 42 14 18 11 8 44 36 38 7 49 15 29 1 23 
44 13 45 29 7 47 42 10 24 40 38 17 6 33 9 43 21 23 11 16 32 27 36 41 18 25 14 3 4 30 28 34 35 26 49 48 46 1 12 31 37 15 8 5 39 20 22 2 19 
34 46 9 35 32 16 13 18 19 44 6 7 4 29 23 17 40 37 42 12 39 28 22 36 24 45 1 21 11 47 31 15 41 20 25 27 38 10 48 49 14 5 30 3 2 8 43 33 26 
42 44 12 14 17 43 29 8 11 22 37 20 30 49 10 32 33 31 5 1 3 9 4 27 41 34 46 48 18 7 21 2 40 38 35 45 36 25 23 6 15 26 19 13 47 28 16 24 39 
26 23 33 15 6 4 19 14 46 13 12 1 35 24 18 25 30 22 34 49 45 39 3 47 2 43 44 5 42 32 29 48 9 10 28 41 37 8 16 40 31 21 27 17 20 36 7 38 11 
10 20 38 49 45 39 7 9 2 42 21 23 31 36 15 4 24 43 26 28 27 14 13 19 33 40 32 8 37 22 6 3 16 12 17 47 34 35 29 1 11 30 48 46 25 18 5 41 44 
1 47 31 2 30 48 5 40 3 43 45 25 10 27 20 14 36 8 41 19 9 12 15 17 16 11 38 29 26 33 46 49 24 4 39 44 42 13 7 28 18 22 37 35 32 23 21 34 6 
21 27 41 37 28 8 40 33 32 38 34 5 47 17 29 46 16 7 48 35 11 10 6 23 26 31 18 25 44 1 19 13 36 14 30 39 9 2 20 43 24 3 45 42 12 4 49 22 15 
36 11 25 22 18 24 3 15 41 39 48 16 28 26 21 38 13 6 44 47 2 7 35 37 20 42 49 30 43 34 23 8 45 5 27 46 17 19 32 33 12 4 40 1 10 9 14 31 29 
39 28 19 33 11 2 43 45 44 26 8 15 49 47 30 10 6 13 23 4 18 21 40 16 31 7 25 27 36 38 5 17 22 48 9 35 24 14 34 37 32 20 3 12 1 29 41 42 46 
3 17 18 10 12 44 8 2 40 41 23 37 11 5 25 15 39 16 35 20 19 47 43 28 14 49 24 22 27 42 34 46 13 30 1 29 45 33 26 21 38 7 36 31 9 48 4 6 32 
47 9 24 4 5 29 15 46 18 17 30 14 39 12 8 36 28 34 3 41 7 38 1 20 13 48 45 33 6 35 44 25 32 21 23 40 22 31 43 42 10 16 49 2 19 37 11 26 27 
38 36 42 31 23 6 26 20 16 28 22 32 48 34 43 12 27 40 21 44 17 37 41 4 29 9 3 15 45 11 47 24 19 8 14 1 2 30 46 25 49 18 13 39 35 7 33 10 5 
45 34 32 13 21 22 14 7 36 33 27 4 29 25 47 26 1 5 31 24 37 35 42 6 17 30 10 46 28 49 41 12 2 43 40 11 3 39 8 19 9 48 20 18 23 16 44 15 38 
35 40 30 7 1 20 16 38 10 3 24 43 13 31 49 48 22 46 45 9 42 11 44 18 32 5 19 2 33 15 4 39 29 37 26 12 27 6 41 36 47 23 14 8 21 17 34 25 28 
27 25 37 48 41 46 49 42 35 19 1 21 9 6 33 11 14 32 29 2 38 23 39 26 8 12 34 36 10 16 18 7 3 31 20 4 13 15 28 44 5 17 43 40 24 30 45 47 22 
4 10 23 16 49 3 17 32 43 21 7 38 14 1 11 20 48 26 9 13 6 30 37 40 42 33 15 18 46 24 12 22 31 35 5 36 47 29 25 41 8 44 28 27 45 19 2 39 34 
20 5 40 28 36 41 34 22 48 12 31 24 3 13 7 19 15 2 37 33 1 17 10 11 27 4 8 32 25 18 16 42 26 39 38 21 49 45 35 14 23 6 44 43 29 46 9 30 47 
43 21 47 45 39 19 46 4 42 34 25 11 8 44 38 23 3 36 22 10 29 13 16 9 35 24 41 6 32 14 7 27 20 28 37 2 48 5 18 30 1 40 33 15 17 26 31 49 12 
48 7 35 18 27 15 12 30 33 36 26 2 41 45 32 8 5 47 25 42 49 19 46 39 28 1 23 31 29 4 17 9 34 6 44 43 16 11 22 3 20 24 21 37 14 10 38 40 13 
31 33 13 44 37 9 22 16 17 23 28 6 20 46 40 21 43 27 18 45 35 48 38 34 47 14 29 49 30 8 10 11 1 2 41 15 19 12 39 32 26 42 4 24 7 25 36 5 3 
8 32 6 38 42 14 11 5 37 9 29 19 40 15 44 24 46 30 16 39 12 2 25 7 36 26 20 45 47 3 13 33 43 49 21 34 4 27 10 17 28 31 1 48 22 41 23 18 35 
30 24 29 1 26 25 2 49 39 35 47 27 18 10 4 34 41 28 17 31 14 22 12 5 3 21 43 44 19 40 15 23 48 36 45 38 7 9 37 46 33 13 11 16 6 32 8 20 42 
46 19 49 30 10 18 20 3 1 48 44 31 17 7 12 37 26 29 39 11 47 32 8 22 25 23 2 43 21 6 38 28 4 13 34 14 35 16 5 15 36 33 24 45 42 27 40 9 41 
37 15 26 17 13 5 35 11 30 29 16 9 43 20 34 18 2 21 27 32 48 42 49 14 19 44 6 24 40 25 8 41 10 33 3 28 1 7 45 12 4 47 23 22 38 31 39 46 36 
6 2 1 9 47 28 36 27 22 46 15 8 42 37 19 33 4 10 13 25 24 26 7 35 39 41 30 17 14 5 45 32 11 44 31 3 18 23 38 20 40 34 29 21 16 43 48 12 49 
25 45 7 43 24 42 44 35 6 49 4 10 19 38 41 5 9 15 36 22 28 40 27 46 21 16 47 12 1 48 20 30 23 29 18 8 32 37 31 2 39 11 34 33 13 3 26 17 14 
41 14 27 12 34 31 39 21 13 45 18 28 5 23 16 7 35 3 40 30 20 29 48 33 11 36 9 38 24 37 42 26 46 22 2 17 25 49 44 10 6 43 15 19 8 1 47 32 4 
29 38 11 40 48 33 23 24 12 14 32 41 36 39 1 44 17 45 8 6 31 5 34 3 15 20 4 13 7 9 49 43 47 27 16 22 30 21 19 26 42 46 18 25 37 2 35 28 10 
22 8 16 21 3 32 4 47 34 25 2 33 26 40 42 49 23 14 43 38 46 18 31 45 1 37 28 10 35 36 39 19 15 17 12 9 29 24 13 48 27 41 7 6 11 5 30 44 20 
33 29 14 3 44 17 38 48 8 6 11 40 24 32 22 28 7 18 46 21 16 25 19 12 9 27 5 23 34 10 37 47 42 41 15 49 31 43 36 45 13 35 26 20 30 39 1 4 2 
11 1 2 24 25 12 45 26 15 27 14 30 38 21 37 31 32 35 47 43 36 20 28 10 4 13 40 34 23 44 33 16 39 46 48 18 6 41 3 22 19 9 42 29 5 49 17 8 7 
7 18 28 34 8 35 9 31 47 10 41 42 12 16 45 13 19 24 1 5 23 36 33 49 37 2 26 39 38 17 40 14 30 3 6 20 15 46 4 11 21 29 32 44 27 22 25 48 43 
15 6 5 47 16 13 41 44 29 37 17 36 2 9 48 40 11 25 49 26 33 43 21 32 38 46 42 1 22 45 35 20 8 19 4 30 39 28 24 27 7 14 31 34 3 12 10 23 18 
23 48 20 42 40 27 21 19 5 4 13 3 22 35 39 9 12 41 38 14 44 8 30 31 45 18 17 7 49 43 32 1 28 24 29 10 26 34 33 16 25 2 6 11 46 47 15 36 37 
19 30 4 39 43 26 32 23 7 1 46 49 45 28 17 6 20 42 10 8 34 3 14 15 44 29 22 16 2 31 27 36 25 18 11 37 40 38 47 5 48 12 41 9 33 24 13 35 21 
49 22 46 36 31 37 10 25 20 18 39 34 33 43 27 2 29 4 15 3 30 41 47 24 48 6 11 35 12 21 26 5 7 9 13 32 8 44 42 23 17 1 16 28 40 38 19 14 45 
32 42 10 27 15 30 6 43 38 31 3 44 1 18 26 16 37 9 19 17 25 46 29 13 23 47 36 41 20 28 22 45 5 11 33 7 12 4 14 39 2 8 35 49 34 40 24 21 48 
2 49 22 19 20 38 47 17 27 7 33 12 23 14 5 41 18 1 24 48 4 15 26 43 6 8 39 28 3 13 9 35 37 16 42 31 11 40 21 34 30 45 46 10 36 44 32 29 25 
12 4 43 5 29 34 48 28 26 24 10 39 46 8 31 22 47 33 14 27 40 45 20 42 30 35 16 9 17 19 25 21 18 15 32 23 44 36 49 13 3 37 2 38 41 11 6 7 1 
17 31 39 41 9 7 25 36 45 15 19 47 37 42 28 35 49 11 12 29 21 4 2 44 10 3 27 40 48 26 30 6 14 34 43 24 33 22 1 38 46 32 5 23 18 13 20 16 8 
28 35 21 26 33 1 37 13 49 16 40 29 32 11 2 30 34 39 7 15 10 31 18 38 5 17 48 14 8 46 36 44 27 23 24 19 20 42 6 47 41 25 22 4 43 45 12 3 9 
13 16 44 11 14 23 18 6 25 5 35 48 34 4 46 3 45 20 32 36 8 33 24 1 12 22 21 19 39 41 2 38 49 40 7 26 28 17 9 29 43 10 47 30 15 42 37 27 31 
40 3 36 8 46 45 24 41 9 30 20 22 21 2 13 42 38 44 6 23 43 34 11 25 49 32 7 37 31 29 1 4 12 47 10 16 5 48 15 18 35 27 39 14 26 33 28 19 17 
################proper############## 

 average_time = 688.724225 

 success runs = 1 

 total average iters = 66760964.000000 
