Success!!! 
 
 max_col = 
 49 
 
 run_time = 
 639.618595 
 
 once iters = 
 61133685 
 
23 28 7 48 25 35 21 29 24 8 22 43 41 33 17 11 46 37 40 38 1 19 45 4 6 30 31 15 13 3 44 20 16 18 34 49 5 47 12 2 27 39 26 10 32 9 42 14 36 
45 22 27 18 37 44 9 28 40 35 4 30 11 21 47 26 32 3 7 8 13 5 16 48 34 29 39 2 33 19 12 17 1 38 15 24 43 36 14 23 10 42 31 46 6 49 25 20 41 
36 1 34 12 14 3 15 16 10 48 23 27 17 2 33 19 25 31 49 41 30 32 9 22 47 7 20 42 39 29 5 26 40 11 35 6 18 46 28 45 13 38 8 21 37 43 4 44 24 
5 24 42 11 20 32 47 1 36 31 39 44 38 25 12 21 15 16 34 6 45 14 10 18 33 28 3 46 8 49 22 37 7 43 9 4 26 40 30 17 41 19 35 13 27 2 23 29 48 
4 10 33 43 26 39 41 18 45 6 3 34 13 19 20 42 29 2 9 14 24 36 40 49 1 38 8 21 30 48 28 27 46 32 23 25 44 15 31 7 35 37 47 17 11 22 12 16 5 
19 40 31 8 17 6 49 46 26 15 5 42 14 7 36 43 28 39 22 27 23 13 41 11 37 35 44 12 25 24 4 47 2 21 10 34 16 32 9 29 48 20 1 3 45 30 18 38 33 
46 2 29 38 30 13 16 32 37 47 49 20 12 9 44 5 18 35 4 10 48 26 23 24 43 27 25 17 45 42 14 41 36 6 31 1 8 33 11 21 22 3 19 39 7 40 15 34 28 
25 42 3 31 4 37 20 26 28 5 9 15 21 17 6 35 40 33 12 46 44 22 13 47 14 2 1 29 27 41 23 43 34 19 18 8 49 10 39 48 16 32 38 30 24 7 36 45 11 
38 43 26 41 12 46 28 44 39 3 47 35 16 42 7 25 49 15 29 31 19 27 34 21 11 33 17 18 48 32 24 6 37 13 1 45 20 5 36 30 23 40 4 14 9 8 10 22 2 
13 23 1 24 39 2 22 19 41 46 43 10 31 18 9 34 30 14 36 45 8 49 20 16 7 3 6 32 12 5 11 33 25 17 38 28 42 4 26 44 21 35 37 40 15 47 29 48 27 
6 14 35 5 10 9 30 23 32 11 20 4 45 8 38 17 13 43 27 26 22 40 48 36 15 24 37 19 44 7 46 16 28 42 39 47 41 25 2 33 12 29 49 18 21 3 31 1 34 
27 34 8 7 15 11 19 49 33 25 38 29 22 37 48 28 1 32 3 2 16 39 42 26 45 4 41 23 21 10 47 9 30 36 40 17 24 14 18 46 31 13 44 5 35 12 20 6 43 
40 47 49 44 29 48 32 34 27 36 24 13 30 12 4 18 39 20 11 42 21 9 28 46 35 31 10 5 26 14 8 15 3 45 2 7 38 22 1 6 37 43 23 33 19 41 17 25 16 
33 16 36 21 18 17 45 40 2 1 7 14 6 48 10 37 24 47 41 23 5 12 44 25 8 43 30 38 31 22 20 35 4 49 29 19 11 3 27 15 9 34 32 28 26 42 46 13 39 
16 35 45 20 5 8 3 36 30 38 17 7 26 43 14 12 11 1 24 29 28 47 27 10 31 23 13 41 40 18 49 42 19 2 37 44 22 39 4 34 6 25 9 15 46 32 48 33 21 
48 9 12 30 34 24 11 47 31 45 44 32 27 13 18 41 5 26 10 21 7 29 33 42 19 20 40 1 6 17 39 38 22 16 14 37 15 35 46 28 2 23 3 43 25 36 8 4 49 
42 46 6 25 19 23 10 5 1 18 37 49 33 15 39 36 45 30 38 40 34 4 22 44 3 11 7 8 41 43 13 28 47 9 21 48 32 29 24 16 26 14 20 12 17 35 27 2 31 
37 17 43 49 41 29 33 12 16 10 46 9 2 4 22 31 23 6 48 3 32 35 30 5 18 21 38 39 20 26 25 7 15 34 8 13 1 27 19 36 40 11 28 24 47 44 45 42 14 
14 18 32 26 47 36 39 20 11 22 29 8 42 23 46 13 37 49 35 15 43 2 12 9 25 48 16 28 4 44 45 30 33 24 27 21 3 31 38 41 5 17 10 7 34 6 19 40 1 
2 4 40 15 27 1 38 41 21 28 35 3 48 39 8 44 19 9 33 25 47 37 24 6 17 45 14 34 29 46 36 31 10 5 32 43 7 12 49 42 20 30 18 26 16 11 22 23 13 
7 31 21 22 13 28 44 24 25 40 14 19 34 6 2 16 4 27 42 17 20 43 26 15 46 32 36 49 11 23 3 48 35 1 12 18 33 9 47 10 45 8 41 37 29 38 39 5 30 
49 44 5 47 6 18 8 38 20 39 13 25 1 26 30 2 7 29 32 19 35 45 31 23 40 41 21 22 17 4 33 12 24 10 11 46 27 43 15 9 36 28 48 34 14 37 16 3 42 
22 13 24 46 43 40 17 2 4 9 11 45 23 31 26 10 6 34 15 16 41 20 18 28 44 5 47 27 32 37 38 39 21 35 3 12 14 48 42 8 25 33 29 36 49 1 30 7 19 
39 7 23 4 42 14 29 37 34 24 16 6 43 49 21 48 12 46 45 20 11 30 3 35 38 26 33 36 2 9 15 44 5 28 22 32 47 19 40 18 1 31 17 27 8 25 13 41 10 
32 27 20 19 16 25 37 30 12 17 21 36 7 46 40 39 8 18 31 33 3 24 6 34 10 9 42 14 49 47 29 1 43 26 48 23 13 41 45 35 38 2 15 11 22 4 5 28 44 
41 45 48 9 28 10 35 22 8 27 15 33 32 3 5 49 42 38 44 13 36 17 1 2 29 37 19 43 16 25 30 23 6 14 7 11 21 20 34 4 24 26 40 31 39 46 47 18 12 
15 3 11 34 2 33 31 35 19 14 28 47 40 44 37 23 9 25 1 24 4 16 46 8 12 39 49 48 18 36 27 13 41 20 42 10 30 7 17 5 29 22 6 45 43 26 21 32 38 
21 38 30 36 1 26 12 48 5 41 42 18 29 10 43 22 14 28 17 47 27 11 4 13 32 25 15 7 34 45 19 40 31 8 46 16 6 44 37 39 3 49 24 35 2 23 33 9 20 
44 48 47 45 9 22 46 10 38 21 6 11 49 27 16 40 3 19 20 35 33 41 43 14 23 17 34 25 36 39 31 24 26 29 5 42 37 1 32 13 30 12 7 2 4 18 28 8 15 
24 15 28 2 8 27 7 42 9 37 18 46 44 40 23 30 38 10 39 1 12 33 29 45 13 16 22 26 3 21 35 4 14 25 19 20 34 6 41 31 43 48 11 49 36 5 32 47 17 
10 29 13 39 31 19 34 14 48 2 41 17 15 22 32 8 36 4 26 44 25 42 5 3 24 40 27 47 9 20 1 18 12 30 49 33 28 45 35 11 46 7 16 6 38 21 37 43 23 
30 21 41 35 49 4 36 13 23 12 34 24 28 1 27 6 17 11 18 7 14 38 2 31 48 8 9 37 15 16 32 45 42 46 43 22 10 26 44 47 39 5 25 29 20 33 3 19 40 
1 11 38 14 33 20 25 31 3 30 8 26 47 16 15 24 43 42 5 9 37 7 32 12 36 19 28 44 22 6 41 34 23 40 13 2 29 18 21 49 17 4 45 48 10 39 35 27 46 
12 32 37 6 40 16 23 45 35 43 33 5 20 36 41 46 31 48 2 22 29 18 21 39 49 1 4 10 38 8 7 11 17 47 28 27 19 24 25 3 15 9 13 42 44 34 14 30 26 
17 5 18 42 3 43 26 7 29 19 25 39 4 32 45 47 21 13 28 34 49 15 11 30 20 6 46 35 37 2 48 10 27 33 44 40 36 38 23 14 8 16 12 1 41 31 9 24 22 
18 25 15 1 48 49 14 33 47 29 12 23 39 28 35 9 22 24 16 11 2 3 36 38 41 44 32 40 10 31 26 5 8 27 45 30 17 34 6 19 7 46 42 4 13 20 43 21 37 
20 6 16 10 36 38 43 11 18 44 48 21 5 41 28 27 47 12 25 4 46 23 39 17 9 22 45 13 14 15 34 49 29 37 30 3 31 8 33 40 42 24 2 32 1 19 7 26 35 
11 26 46 23 35 34 27 3 14 4 40 31 36 20 13 7 33 17 21 30 38 25 19 29 28 42 18 16 47 1 43 2 48 22 24 9 45 37 10 32 44 41 5 8 12 15 49 39 6 
8 19 9 40 45 42 5 25 46 32 26 22 37 34 49 15 20 44 14 18 6 1 35 33 21 47 43 4 28 12 16 36 13 7 17 39 48 2 29 38 11 27 30 23 31 24 41 10 3 
31 33 44 29 22 12 2 9 15 7 27 1 8 45 19 3 10 41 43 39 42 34 49 37 30 46 11 24 35 40 21 32 20 23 6 26 4 13 5 25 47 36 14 16 48 28 38 17 18 
3 37 4 17 7 21 24 6 13 49 19 38 35 30 1 29 48 5 8 32 40 10 15 20 2 12 26 31 46 11 42 25 44 39 41 14 23 16 43 22 28 18 27 9 33 45 34 36 47 
47 30 39 28 32 41 13 17 43 42 2 16 10 24 31 45 34 23 37 36 26 8 7 27 5 14 48 6 19 38 9 3 18 4 33 15 35 21 20 12 49 1 46 22 40 29 44 11 25 
43 41 19 16 21 31 40 4 49 33 10 28 18 47 29 14 26 8 46 5 39 48 25 1 42 15 2 45 7 34 17 22 11 3 20 38 12 30 13 37 32 6 36 44 23 27 24 35 9 
29 36 14 32 11 7 48 43 22 13 31 12 25 38 34 20 41 21 30 28 15 46 47 40 4 49 35 3 1 27 2 8 39 44 26 5 9 23 16 24 18 10 33 19 42 17 6 37 45 
26 49 25 33 44 5 1 15 42 23 32 37 46 35 3 4 16 7 6 12 10 21 8 41 39 18 24 20 43 30 40 19 9 48 47 36 2 17 22 27 14 45 34 38 28 13 11 31 29 
9 39 22 3 24 47 4 27 44 26 45 48 19 11 42 1 35 40 13 37 18 6 17 32 16 36 23 33 5 28 10 29 38 12 25 31 46 49 8 20 34 21 43 41 30 14 2 15 7 
34 12 2 37 38 15 42 21 7 16 30 40 9 29 24 33 27 45 19 48 17 44 14 43 22 13 5 11 23 35 6 46 32 31 36 41 25 28 3 26 4 47 39 20 18 10 1 49 8 
28 8 10 13 46 45 6 39 17 20 36 2 24 5 25 38 44 22 23 43 9 31 37 7 27 34 29 30 42 33 18 14 49 41 4 35 40 11 48 1 19 15 21 47 3 16 26 12 32 
35 20 17 27 23 30 18 8 6 34 1 41 3 14 11 32 2 36 47 49 31 28 38 19 26 10 12 9 24 13 37 21 45 15 16 29 39 42 7 43 33 44 22 25 5 48 40 46 4 
################proper############## 

 average_time = 639.618595 

 success runs = 1 

 total average iters = 61133685.000000 
