Success!!! 
 
 max_col = 
 49 
 
 run_time = 
 461.443067 
 
 once iters = 
 44270698 
 
49 22 31 2 4 28 36 37 18 5 39 14 23 7 45 11 9 27 16 21 38 32 24 33 47 10 20 8 15 44 3 34 17 35 13 12 1 43 29 26 40 46 48 6 42 19 25 30 41 
19 45 30 11 27 47 38 13 12 16 4 46 48 28 35 1 43 32 2 8 10 49 21 42 31 15 39 37 29 6 40 14 41 9 24 3 17 44 23 5 25 36 18 34 33 7 20 22 26 
33 17 10 5 41 14 35 15 25 32 45 38 31 24 20 26 46 30 19 40 36 28 9 7 27 48 3 12 21 47 8 18 11 49 43 13 6 4 42 16 34 22 23 2 1 44 37 39 29 
12 15 9 7 21 32 18 49 19 35 6 20 44 10 39 3 37 33 22 42 23 41 5 17 26 40 34 29 25 16 1 31 28 48 4 8 11 2 14 45 30 38 27 24 43 13 46 36 47 
40 3 29 23 25 24 46 26 27 42 22 36 17 43 13 7 48 34 12 44 47 2 6 45 11 4 1 38 20 30 37 32 33 19 39 31 35 10 49 41 18 28 16 15 9 14 21 8 5 
1 42 43 20 13 44 39 3 47 30 8 9 34 41 25 15 31 24 29 6 28 23 18 36 16 46 14 35 38 12 5 7 2 22 26 37 48 19 27 32 21 33 11 10 45 49 40 4 17 
8 6 16 26 48 37 34 40 21 29 33 1 2 11 41 18 4 49 17 14 5 13 19 30 43 25 22 44 42 23 36 10 46 45 27 39 15 9 7 20 47 24 35 32 31 3 38 28 12 
24 1 5 25 33 36 21 48 10 23 38 15 35 27 37 17 40 31 44 45 19 20 46 29 32 13 7 4 12 14 26 6 30 2 22 28 9 42 8 3 16 18 39 11 41 34 49 47 43 
15 9 26 27 37 35 3 42 45 17 2 7 1 25 49 30 34 14 23 29 21 6 10 40 33 47 41 39 5 46 20 36 18 28 19 22 13 48 44 11 31 43 32 38 4 8 12 24 16 
7 47 14 32 18 16 6 28 22 31 37 19 9 49 10 41 24 12 20 43 33 3 27 15 2 38 35 48 13 21 11 40 8 42 34 36 23 39 4 1 45 30 5 25 17 29 26 44 46 
22 43 40 28 11 17 8 39 44 13 3 4 14 12 2 36 32 9 1 15 35 26 34 49 5 42 24 23 41 27 25 16 48 7 47 19 46 6 38 10 29 37 33 20 30 45 31 18 21 
30 13 38 45 23 12 31 24 20 41 5 34 18 29 11 47 3 42 46 25 6 8 44 37 22 36 28 16 39 49 43 4 9 1 32 35 21 7 26 33 14 17 15 48 10 2 19 27 40 
48 20 41 44 46 34 19 11 32 8 36 47 30 26 7 27 28 16 4 39 13 25 17 21 1 43 18 31 45 38 35 33 29 10 37 40 12 49 2 24 5 15 14 42 23 22 6 3 9 
2 29 4 49 42 39 10 33 46 21 16 40 43 6 48 38 5 22 8 26 18 14 45 11 9 12 30 19 23 24 15 17 44 31 3 27 32 20 47 25 41 34 13 1 36 35 28 7 37 
42 28 23 17 7 45 9 10 29 2 27 48 49 37 4 21 39 41 31 34 8 1 43 22 30 11 19 25 36 18 32 47 13 5 38 20 14 33 3 15 26 44 40 16 46 6 24 12 35 
20 4 27 22 29 49 24 8 39 7 17 31 12 14 40 28 33 38 36 1 37 48 3 23 41 5 10 46 9 15 45 35 25 6 30 32 34 16 18 42 11 2 21 44 26 43 47 13 19 
36 21 15 8 5 19 41 16 30 9 23 22 4 33 3 32 49 47 27 2 46 44 35 13 7 45 40 6 17 48 34 28 26 20 31 24 38 29 43 37 12 1 25 14 11 39 42 10 18 
35 32 47 39 1 26 43 36 41 40 18 45 21 3 30 20 12 6 13 7 11 37 14 9 34 16 2 15 44 19 42 29 24 4 46 25 22 8 17 31 23 10 28 5 38 33 48 49 27 
6 31 13 33 30 11 12 46 24 44 26 25 15 47 43 23 45 10 9 35 22 27 29 28 20 18 38 42 14 37 39 21 1 3 16 49 41 5 40 19 4 48 2 36 34 32 8 17 7 
18 14 44 46 38 2 37 5 35 6 34 42 11 13 15 29 19 25 48 16 26 47 31 32 8 17 36 24 43 40 12 49 7 33 10 30 45 27 9 21 28 39 41 22 20 23 3 1 4 
10 25 48 34 40 3 16 32 43 19 1 28 38 20 18 44 42 5 14 17 24 33 39 12 4 21 49 26 2 8 22 27 23 41 11 47 7 35 46 13 36 6 31 30 37 15 29 9 45 
39 30 42 24 16 48 1 23 11 47 14 35 33 17 38 34 29 37 18 4 40 5 20 8 49 28 32 9 46 3 7 2 19 25 6 45 44 41 36 22 15 26 43 13 12 31 27 21 10 
17 26 12 35 34 20 15 1 40 4 21 41 45 46 36 8 13 44 43 47 30 42 38 6 23 2 31 22 10 9 29 37 39 16 18 33 24 3 5 48 7 27 19 49 32 28 11 14 25 
32 8 2 13 28 21 29 44 37 3 9 18 22 5 27 31 23 15 10 49 41 43 16 19 35 1 25 36 48 26 17 20 45 12 33 11 30 38 6 47 42 14 34 46 7 24 4 40 39 
45 33 11 10 19 25 27 7 15 48 43 49 42 38 14 5 17 46 3 22 12 18 47 34 37 29 4 13 30 41 28 8 32 24 44 16 31 23 21 2 39 40 9 26 6 20 36 35 1 
9 7 46 6 36 41 4 19 16 34 13 30 10 39 24 45 2 1 21 48 42 11 33 26 40 27 12 14 35 31 47 43 22 38 5 18 29 32 25 28 49 20 8 37 3 17 44 15 23 
37 18 3 47 44 31 49 29 8 27 25 6 24 2 28 9 7 26 32 20 16 30 41 10 21 39 46 17 11 1 23 15 40 36 14 4 43 34 13 12 35 19 45 33 48 42 22 5 38 
43 40 22 38 14 23 5 31 36 28 20 12 26 32 6 33 35 11 25 19 39 45 48 24 15 7 44 3 4 13 21 42 27 34 49 46 10 37 1 17 9 8 47 41 2 18 16 29 30 
47 37 8 48 31 18 33 22 34 12 15 43 16 21 46 4 25 7 28 10 20 38 23 5 17 26 13 2 40 39 49 44 6 30 42 29 36 45 32 9 24 35 1 19 27 11 14 41 3 
26 10 24 36 17 42 30 4 13 39 28 3 41 35 16 43 44 45 33 5 15 9 25 27 48 20 29 47 32 11 31 19 21 18 1 7 37 46 22 14 2 12 49 8 40 38 23 6 34 
25 41 35 1 39 40 44 38 49 20 29 24 47 48 12 2 6 13 11 23 3 36 7 43 45 14 16 28 34 10 46 26 5 15 9 42 8 17 31 27 19 4 30 18 22 21 33 37 32 
3 5 7 16 22 46 23 27 1 45 19 11 32 44 17 14 30 18 40 36 48 35 8 31 39 6 42 41 37 25 33 38 43 29 12 21 49 28 15 34 10 13 20 4 24 47 9 26 2 
14 34 45 29 6 13 32 17 33 37 10 26 46 9 21 19 41 35 24 31 27 40 30 4 18 44 15 49 28 36 2 22 47 8 20 23 25 1 11 39 38 3 12 7 5 48 43 16 42 
28 12 49 9 15 4 11 2 23 25 40 5 6 30 8 42 38 39 26 37 1 21 22 46 19 32 33 34 27 7 41 24 3 14 17 48 47 18 20 43 44 16 36 31 29 10 35 45 13 
38 19 21 43 2 27 20 18 31 14 7 8 36 42 22 49 47 29 34 9 32 12 37 1 24 3 11 10 16 35 48 45 4 13 23 26 33 40 41 30 6 5 17 28 39 25 15 46 44 
29 27 1 30 32 38 25 35 28 11 31 39 7 36 42 48 10 17 37 18 45 15 4 3 13 41 43 40 22 5 24 12 16 23 8 9 2 14 19 44 46 47 6 21 49 26 34 33 20 
41 35 33 4 20 10 48 45 3 18 42 17 8 40 9 16 22 36 47 13 31 46 2 44 38 49 27 21 6 43 19 25 34 39 15 1 28 26 24 29 32 7 37 12 14 5 30 23 11 
5 16 18 40 24 9 42 43 26 1 49 13 37 19 34 6 27 8 30 46 25 7 12 20 28 22 45 11 33 29 44 48 14 32 36 38 39 21 10 35 17 23 3 47 15 4 41 2 31 
21 2 19 37 45 43 17 20 6 10 47 33 29 15 26 12 14 23 5 3 4 34 1 35 25 24 8 30 49 28 38 46 31 27 7 41 42 13 16 36 22 11 44 40 18 9 39 32 48 
23 36 39 3 49 15 28 12 14 46 48 2 27 4 44 40 21 19 7 33 29 17 42 47 6 9 5 32 26 45 13 30 37 11 41 43 18 25 34 8 20 31 22 35 16 1 10 38 24 
13 46 34 14 12 22 26 41 38 24 32 44 25 16 1 35 15 28 39 11 2 29 36 48 10 31 23 33 47 4 18 9 20 17 21 5 40 30 37 6 3 49 7 43 19 27 45 42 8 
11 44 6 31 47 8 7 34 9 22 30 21 5 23 32 24 20 43 41 38 49 16 26 39 14 19 37 18 3 2 10 1 42 40 35 15 27 12 33 4 48 45 29 17 28 46 13 25 36 
16 11 37 18 8 7 22 21 17 15 41 10 3 45 31 39 1 48 42 32 9 24 28 14 12 34 47 20 19 33 4 23 38 26 40 44 5 36 35 49 27 25 46 29 13 30 2 43 6 
4 38 28 21 35 5 47 30 48 36 44 29 19 1 23 13 26 2 15 41 17 22 32 18 46 37 9 27 8 20 14 11 10 43 45 6 16 31 39 40 33 42 24 3 25 12 7 34 49 
27 48 36 42 9 29 40 47 2 43 46 16 20 8 19 10 18 21 35 12 14 31 15 38 3 33 6 1 24 17 30 39 49 37 25 34 4 22 45 7 13 32 26 23 44 41 5 11 28 
31 23 20 19 3 33 13 14 7 49 24 32 39 34 29 22 36 40 6 27 43 10 11 25 44 35 17 45 1 42 16 5 12 46 28 2 26 47 30 38 8 41 4 9 21 37 18 48 15 
34 24 32 41 26 1 45 6 5 33 35 23 40 18 47 25 11 4 49 28 7 39 13 2 42 30 21 43 31 22 9 3 36 44 48 10 20 15 12 46 37 29 38 27 8 16 17 19 14 
46 39 17 15 43 30 2 25 42 26 12 27 13 31 33 37 8 3 38 24 44 4 49 16 36 23 48 5 7 34 6 41 35 21 29 14 19 11 28 18 1 9 10 45 47 40 32 20 22 
44 49 25 12 10 6 14 9 4 38 11 37 28 22 5 46 16 20 45 30 34 19 40 41 29 8 26 7 18 32 27 13 15 47 2 17 3 24 48 23 43 21 42 39 35 36 1 31 33 
################proper############## 

 average_time = 461.443067 

 success runs = 1 

 total average iters = 44270698.000000 
