Success!!! 
 
 max_col = 
 49 
 
 run_time = 
 114.658793 
 
 once iters = 
 9707781 
 
45 18 23 14 7 38 42 47 26 3 20 34 27 6 2 31 19 33 12 8 48 32 37 21 9 43 11 17 36 1 28 30 10 44 29 15 46 40 5 49 35 16 13 22 24 25 39 41 4 
10 36 27 28 22 43 26 15 48 30 41 44 2 42 37 40 3 14 20 11 24 33 35 5 38 39 4 31 25 13 47 49 12 18 45 8 7 1 23 6 29 34 17 16 21 32 46 9 19 
29 5 33 17 20 21 30 36 24 25 13 32 22 4 45 9 47 18 38 49 35 19 27 42 3 1 16 14 23 41 39 48 46 15 34 31 11 10 43 26 2 37 7 44 28 8 12 40 6 
19 49 2 13 31 15 8 1 40 18 46 37 38 10 32 23 6 26 25 43 39 22 29 44 48 30 36 28 16 14 42 9 7 4 20 33 41 24 21 47 17 12 11 27 35 3 45 5 34 
41 44 32 39 3 37 35 23 9 49 14 28 16 11 22 27 7 46 34 29 15 6 40 8 12 45 20 25 43 24 21 5 38 33 17 4 18 13 42 19 36 48 31 2 30 47 10 26 1 
46 16 25 9 1 24 4 35 19 45 12 33 21 31 17 30 10 44 41 5 13 49 23 34 18 47 2 7 6 27 8 26 40 11 3 20 14 39 22 28 38 32 29 37 42 43 48 36 15 
6 48 47 40 11 34 12 8 43 29 39 5 17 7 16 28 42 36 21 1 4 15 24 41 26 46 13 10 35 37 31 19 2 32 22 3 27 44 45 25 30 9 23 49 20 33 18 14 38 
4 1 41 27 8 47 49 38 13 36 48 21 37 24 44 25 16 23 30 10 46 45 2 3 19 20 12 42 28 31 14 6 17 9 18 43 32 5 7 35 26 39 33 34 22 29 15 11 40 
9 17 24 19 5 7 28 30 42 12 16 40 34 14 21 26 1 11 45 27 6 13 8 39 46 48 37 23 22 33 43 25 35 49 32 29 44 36 4 15 41 3 38 31 2 18 47 20 10 
48 10 37 43 32 18 45 20 33 19 47 4 6 39 8 36 5 42 24 13 28 27 22 35 41 31 38 34 21 2 29 40 15 3 16 9 30 23 11 46 14 25 26 1 7 12 49 44 17 
26 30 11 25 42 46 3 27 41 28 15 45 29 22 48 49 34 31 33 35 20 16 18 7 10 5 17 21 44 4 38 13 36 24 37 12 6 2 40 1 47 19 43 9 14 39 8 32 23 
31 29 15 6 2 23 22 26 7 10 3 35 32 9 12 4 17 39 43 18 37 40 14 25 47 44 28 30 34 5 48 1 11 45 27 38 20 49 33 24 16 8 21 41 19 36 42 13 46 
44 38 36 21 13 14 16 2 8 5 43 46 18 23 40 47 29 41 19 22 32 24 15 11 1 33 49 9 10 20 7 12 30 39 26 17 45 34 37 27 42 31 6 25 3 48 35 4 28 
20 39 40 35 12 33 34 44 31 17 11 1 25 49 7 2 14 38 3 15 9 26 6 4 36 32 43 29 46 8 23 41 42 19 47 48 22 28 13 21 18 10 24 30 16 27 5 37 45 
5 24 35 34 47 19 2 49 16 7 42 26 45 36 41 12 25 3 10 46 17 23 21 28 6 38 14 39 31 48 22 44 1 13 43 27 33 15 8 11 4 29 30 40 9 37 32 18 20 
38 6 48 31 28 26 20 3 15 23 24 12 41 37 42 44 8 7 36 16 34 10 1 33 45 4 22 35 9 32 40 18 5 2 19 46 13 21 49 30 39 43 25 11 27 14 17 29 47 
22 7 16 36 25 30 27 18 10 13 33 17 47 2 14 48 49 15 23 37 31 8 41 43 44 19 5 32 12 6 46 29 39 20 11 42 1 26 9 40 28 38 4 3 45 34 21 35 24 
1 46 8 23 37 40 21 43 6 9 44 39 48 29 19 20 11 4 35 28 33 7 12 36 17 27 34 47 30 10 15 45 24 26 38 32 25 18 3 14 22 2 42 5 41 13 31 49 16 
12 45 9 42 49 4 33 40 11 46 27 8 19 32 29 39 13 22 18 21 47 30 20 31 25 37 48 24 14 28 41 23 3 34 35 16 17 6 44 36 10 5 1 7 38 26 43 15 2 
14 13 44 18 41 39 11 22 30 31 4 20 28 1 38 43 32 40 5 45 2 3 9 16 42 29 26 15 37 49 25 21 27 17 7 24 34 35 19 23 12 47 8 46 36 6 33 10 48 
43 3 29 15 17 32 10 5 25 14 21 38 35 34 1 6 26 9 27 24 30 2 11 18 40 49 46 13 47 42 16 4 33 8 36 7 37 20 41 31 48 45 44 28 12 23 19 22 39 
21 22 3 46 36 10 6 4 28 47 34 11 33 18 27 35 48 5 40 17 29 39 49 13 14 2 7 43 26 30 32 24 19 16 31 1 8 37 12 9 23 15 45 20 44 42 41 38 25 
11 20 49 4 15 29 31 46 36 42 17 41 9 13 30 19 37 2 8 23 10 12 47 48 22 18 3 16 39 35 27 7 44 25 5 14 40 45 38 33 43 21 28 24 6 1 26 34 32 
33 12 42 38 30 9 18 16 39 6 2 7 15 48 26 14 24 34 32 3 43 25 31 29 23 8 1 41 45 21 37 47 28 46 49 35 19 4 20 44 13 11 22 10 17 5 40 27 36 
16 41 13 48 40 17 24 14 5 26 1 3 23 27 49 33 20 45 44 39 12 46 32 38 15 6 35 37 4 9 34 22 29 36 10 28 2 31 30 42 25 18 19 8 47 11 7 43 21 
27 35 39 26 43 5 23 25 37 38 45 49 30 44 28 21 31 47 46 42 1 4 19 40 20 17 24 36 41 11 18 8 14 6 13 34 16 48 32 10 7 22 2 33 15 9 3 12 29 
34 8 28 32 19 2 37 21 12 24 10 31 20 35 18 41 9 25 22 7 38 5 42 26 33 11 44 45 3 23 1 43 48 40 15 49 47 29 6 17 27 36 14 39 46 4 13 16 30 
25 47 1 45 14 44 7 32 29 22 8 19 40 43 36 15 4 16 13 6 11 28 30 10 34 9 21 27 17 38 33 2 20 42 12 26 5 41 39 3 24 46 35 18 23 49 37 48 31 
2 37 43 33 48 27 29 13 22 20 36 25 49 45 23 8 41 32 28 47 21 18 34 19 5 42 31 1 15 7 4 17 9 12 46 40 24 38 16 39 44 26 3 14 10 35 30 6 11 
15 26 18 7 23 22 19 12 21 41 35 30 1 47 4 37 45 43 48 40 42 17 38 20 16 24 9 2 11 36 6 31 8 14 39 10 3 33 29 13 5 27 46 32 49 28 34 25 44 
3 42 17 1 6 45 9 19 27 4 31 43 44 8 33 29 22 10 14 36 26 37 48 30 39 35 25 46 49 47 13 34 16 28 21 23 15 11 18 7 32 41 20 38 5 40 24 2 12 
49 11 20 30 34 41 36 48 23 2 5 42 46 40 35 13 12 19 16 38 44 29 7 15 28 14 47 6 32 43 26 3 18 10 24 25 21 8 17 37 1 4 39 45 31 22 9 33 27 
35 21 14 16 10 13 38 6 34 39 29 9 7 26 11 24 27 17 2 20 49 44 3 45 4 23 32 22 48 40 5 33 25 37 1 47 43 30 46 12 31 28 41 42 8 15 36 19 18 
8 32 4 12 39 25 47 24 38 37 28 18 3 33 46 5 30 6 15 31 7 11 13 49 21 10 40 26 42 44 19 35 22 27 41 2 36 9 34 20 45 14 16 29 48 17 1 23 43 
40 28 46 24 44 31 5 10 17 16 32 14 11 15 25 34 18 1 39 9 3 36 43 12 27 41 8 33 2 29 30 20 45 38 23 6 42 19 48 22 49 35 47 13 37 21 4 7 26 
13 33 21 10 26 35 44 31 45 8 22 16 12 25 43 32 28 24 7 48 27 1 5 23 29 40 18 3 38 17 20 39 4 41 6 19 49 47 2 34 15 30 37 36 11 46 14 42 9 
7 9 12 37 24 6 1 33 2 27 38 15 43 28 5 45 40 13 29 19 22 14 36 46 32 25 30 20 18 3 49 42 23 35 48 11 26 16 10 41 21 17 34 4 39 31 44 47 8 
42 19 30 5 4 20 41 17 35 44 26 47 14 46 6 16 39 8 31 2 36 34 10 22 13 28 27 38 1 15 12 11 43 21 40 37 9 32 25 29 3 7 18 48 33 24 23 45 49 
17 40 38 22 29 11 15 9 20 1 23 6 42 5 3 10 33 21 47 26 18 48 39 37 7 16 45 49 24 46 44 27 34 30 2 36 12 14 31 4 8 13 32 35 43 19 25 28 41 
23 25 31 47 18 8 32 37 4 11 7 13 10 30 9 38 46 49 1 34 41 43 44 6 35 15 42 19 33 45 36 28 26 5 14 22 39 27 24 48 20 40 12 17 29 2 16 21 3 
36 43 34 2 16 48 46 39 3 40 49 29 24 19 20 11 23 35 17 12 14 31 26 9 8 21 41 4 7 22 10 37 32 47 25 45 28 42 1 18 33 44 27 15 13 38 6 30 5 
28 14 45 3 27 49 39 34 32 21 18 48 36 41 15 42 44 37 4 30 25 47 17 24 2 12 33 11 13 19 9 16 31 29 8 5 38 46 35 43 6 23 10 26 40 20 22 1 7 
30 23 10 8 35 3 14 45 49 32 25 24 26 12 39 17 36 48 9 33 40 41 4 1 11 7 19 5 29 34 2 38 47 43 28 13 31 22 27 16 37 6 15 21 18 44 20 46 42 
37 2 22 11 21 36 13 7 1 48 6 27 39 16 10 46 35 30 26 44 5 9 28 14 31 34 15 40 20 12 17 32 41 23 42 18 29 25 47 8 19 24 49 43 4 45 38 3 33 
32 4 6 44 46 28 25 42 14 15 40 23 31 38 24 18 43 20 37 41 19 21 45 27 30 22 29 12 8 26 11 10 49 7 9 39 35 3 36 5 34 33 48 47 1 16 2 17 13 
47 15 5 41 38 16 43 11 18 33 19 22 4 3 34 1 2 12 42 25 8 20 46 32 37 36 23 44 27 39 24 14 13 48 30 21 10 17 28 45 40 49 9 6 26 7 29 31 35 
18 27 26 20 33 42 17 41 46 35 9 2 8 21 31 7 15 29 49 4 45 38 16 47 43 13 39 48 5 25 3 36 6 22 44 30 23 12 14 32 11 1 40 19 34 10 28 24 37 
24 31 7 29 9 12 40 28 44 34 37 36 13 20 47 22 38 27 6 32 16 35 33 17 49 3 10 8 19 18 45 15 21 1 4 41 48 43 26 2 46 42 5 23 25 30 11 39 14 
39 34 19 49 45 1 48 29 47 43 30 10 5 17 13 3 21 28 11 14 23 42 25 2 24 26 6 18 40 16 35 46 37 31 33 44 4 7 15 38 9 20 36 12 32 41 27 8 22 
################proper############## 

 average_time = 114.658793 

 success runs = 1 

 total average iters = 9707781.000000 
