Success!!! 
 
 max_col = 
 49 
 
 run_time = 
 988.771558 
 
 once iters = 
 111573158 
 
23 32 48 14 33 12 15 8 26 31 41 24 37 36 17 20 11 40 46 27 5 42 35 47 19 28 21 3 44 2 1 43 39 13 34 10 30 9 16 4 29 22 18 7 38 45 49 25 6 
7 28 31 18 8 16 40 32 4 44 46 25 47 20 13 49 34 10 22 29 2 17 26 30 45 39 23 12 11 36 9 33 5 3 6 15 27 37 21 38 14 1 48 24 19 42 43 35 41 
22 46 37 21 45 6 26 1 3 15 43 19 18 30 25 36 9 39 4 32 38 20 40 49 13 8 33 10 28 42 7 47 48 16 24 34 41 44 31 5 35 17 14 23 29 12 27 11 2 
24 41 43 47 25 5 2 38 10 34 23 49 14 21 3 15 19 42 48 16 7 29 9 44 31 6 46 36 20 17 37 45 35 30 27 18 28 12 8 26 11 32 4 33 13 22 1 40 39 
17 44 38 39 27 42 49 11 33 28 12 22 29 9 37 8 31 6 43 35 1 14 2 34 48 24 25 16 21 23 18 41 15 4 46 20 40 13 7 19 47 45 10 36 26 30 5 3 32 
29 13 30 34 3 11 9 39 45 7 5 17 2 35 23 28 47 12 18 44 26 1 27 4 37 22 41 32 10 40 25 19 49 38 14 43 6 42 33 24 36 48 21 20 31 46 8 15 16 
4 20 35 36 1 19 10 13 40 16 48 6 42 27 21 41 24 30 45 14 33 18 7 15 38 5 11 43 22 26 31 29 32 12 8 25 49 2 23 3 46 39 9 28 37 34 44 47 17 
5 23 36 15 26 30 19 31 17 2 22 12 13 29 39 25 7 20 49 8 16 6 3 14 21 9 24 35 40 43 28 38 45 10 4 41 34 18 11 47 44 42 37 1 46 48 33 32 27 
3 49 47 32 43 25 14 44 20 45 18 21 40 39 46 9 38 5 1 41 29 8 36 48 7 31 28 4 15 24 16 6 34 37 13 30 2 33 17 27 26 35 42 12 11 10 23 19 22 
1 16 28 38 2 33 35 34 15 10 27 4 49 32 6 19 40 23 37 24 21 22 25 43 46 17 18 30 48 47 39 9 42 11 41 5 20 29 12 45 7 3 44 26 8 31 36 13 14 
41 29 4 13 9 40 8 48 28 6 37 14 11 1 47 35 26 44 2 3 32 5 42 27 33 45 19 23 31 49 12 7 18 20 30 24 38 21 10 46 22 36 16 17 34 25 15 39 43 
46 21 18 37 42 34 39 41 43 3 35 36 33 38 10 48 13 17 11 45 22 15 16 12 47 40 2 1 27 44 19 32 26 29 23 49 14 8 25 6 9 31 5 30 24 20 4 28 7 
48 31 44 10 24 7 27 47 8 19 25 30 9 16 36 12 4 34 42 28 15 26 29 20 11 37 49 38 46 3 17 14 22 5 33 23 13 40 39 1 32 43 6 2 45 41 21 18 35 
12 22 6 45 11 17 20 42 7 24 26 5 23 46 27 18 33 43 14 31 30 44 10 32 34 41 39 13 35 1 2 8 21 36 25 48 19 15 28 37 4 16 3 40 9 47 38 29 49 
13 48 11 28 41 23 46 24 6 30 39 38 1 49 33 16 45 47 31 7 9 34 8 35 14 25 36 22 4 19 10 37 44 42 40 17 18 3 5 15 43 12 32 21 27 26 2 20 29 
39 9 15 12 30 1 21 43 29 33 2 23 16 4 35 40 42 36 32 38 49 37 28 46 24 26 3 18 34 8 47 11 17 48 20 22 25 19 45 14 27 10 13 41 7 44 6 5 31 
18 37 8 6 16 45 4 22 36 48 21 40 19 3 15 11 29 13 34 39 10 47 12 5 20 2 7 31 9 28 27 46 43 41 49 26 23 38 32 44 1 33 25 35 42 14 24 17 30 
25 35 17 40 38 36 3 46 42 5 34 18 8 28 41 4 6 37 30 23 24 11 32 21 44 10 45 27 1 14 13 26 12 2 22 31 7 39 29 9 20 49 15 16 48 43 19 33 47 
10 47 20 7 32 49 43 9 27 26 31 11 25 44 22 5 8 14 17 12 46 41 33 19 15 13 16 39 38 18 45 24 29 21 35 37 48 30 40 2 42 6 1 4 23 3 28 34 36 
34 27 2 5 31 14 42 7 41 13 10 35 32 12 44 21 3 1 26 20 19 49 17 23 29 43 48 40 6 33 30 39 16 25 15 47 8 36 4 11 24 28 38 45 22 18 37 9 46 
33 24 29 19 22 26 44 15 14 17 20 47 45 37 43 2 28 48 25 18 27 4 1 38 42 30 6 9 7 31 5 36 23 32 3 35 21 46 13 41 16 34 8 11 39 40 12 49 10 
43 7 46 1 48 39 38 49 18 23 33 20 44 10 29 31 16 21 41 11 8 28 13 3 17 14 5 25 19 6 22 30 2 34 32 40 4 27 24 42 45 37 26 15 47 9 35 36 12 
45 19 13 11 12 8 23 6 32 14 1 34 35 5 26 46 43 2 24 37 17 27 39 22 9 49 4 20 36 38 29 18 31 7 28 44 33 25 15 16 10 47 30 3 41 21 48 42 40 
30 36 14 27 29 10 24 4 46 8 28 13 41 26 48 23 44 38 15 9 20 35 18 45 2 47 42 34 25 5 43 12 3 40 17 32 22 6 1 21 49 7 31 39 33 11 16 37 19 
49 3 16 2 44 32 33 21 31 40 45 15 43 22 30 27 25 4 47 10 34 12 37 11 6 19 1 7 24 48 8 42 41 9 39 28 17 26 35 36 23 29 46 14 5 13 20 38 18 
42 4 40 20 34 28 31 25 37 11 47 27 7 17 32 14 5 19 33 13 3 38 15 36 23 16 8 46 49 21 26 1 10 35 44 9 39 48 41 30 12 18 2 22 6 24 29 43 45 
21 25 5 26 6 35 47 3 30 36 9 42 12 48 1 39 22 45 7 40 18 33 41 24 10 44 43 29 13 37 23 20 46 15 16 11 31 14 2 8 38 19 27 49 17 32 34 4 28 
15 17 9 41 18 37 22 19 38 29 24 16 39 2 12 42 36 28 35 49 6 48 31 40 30 32 26 21 47 45 33 4 27 14 11 3 46 20 43 34 13 5 7 8 25 1 10 23 44 
2 15 27 42 28 43 37 10 47 12 32 46 24 14 19 44 18 8 29 33 39 30 11 17 35 34 13 6 41 4 48 5 36 22 31 45 9 23 49 40 3 38 20 25 21 7 26 16 1 
26 12 21 31 17 24 25 20 2 18 29 43 15 6 34 1 35 27 10 42 37 16 47 28 36 3 22 5 23 9 11 49 30 8 7 13 44 41 46 32 48 4 19 38 14 39 40 45 33 
20 39 45 35 5 44 13 30 34 25 4 33 22 31 40 43 41 3 21 2 12 7 23 9 49 46 29 8 42 16 14 28 38 1 18 36 10 24 47 17 19 26 11 48 15 27 32 6 37 
19 10 23 30 40 29 32 35 13 1 38 7 17 41 49 6 14 9 16 26 28 39 24 18 12 42 44 48 37 27 15 21 20 46 45 33 11 43 22 25 2 8 34 5 4 36 47 31 3 
6 14 33 4 36 18 48 23 11 37 3 28 5 19 24 22 30 7 20 15 45 32 38 41 43 21 31 2 26 39 40 13 25 44 47 1 16 35 42 29 34 27 12 10 49 17 9 46 8 
38 34 3 16 47 9 11 26 49 39 8 45 48 42 31 32 17 46 5 4 36 40 20 25 27 1 37 15 2 35 24 10 33 19 43 21 12 7 6 28 30 14 23 44 18 29 22 41 13 
8 1 49 22 7 46 41 27 44 21 16 9 36 40 11 38 23 25 13 47 48 45 19 10 4 33 14 26 12 32 3 34 6 17 29 39 37 31 20 18 5 15 35 43 2 28 30 24 42 
9 18 10 23 19 47 29 40 25 27 11 2 30 43 14 45 21 15 12 5 13 24 48 37 8 20 35 17 33 41 36 16 7 6 26 46 42 1 3 49 39 44 28 34 32 38 31 22 4 
16 2 22 49 21 27 30 45 19 42 15 37 38 47 7 3 48 24 44 6 43 46 34 1 41 36 32 33 8 25 4 31 14 39 12 29 35 28 26 23 18 13 40 9 20 5 17 10 11 
11 42 24 8 4 3 5 18 39 49 14 31 21 34 2 17 20 35 40 30 25 19 22 13 28 29 27 47 32 46 44 48 1 45 37 16 43 10 38 12 41 9 33 6 36 23 7 26 15 
37 26 39 44 13 48 45 12 1 20 36 29 4 7 8 33 46 18 38 34 41 3 5 2 40 23 15 49 17 10 42 27 11 28 9 6 24 32 19 22 31 21 43 47 35 16 14 30 25 
36 6 32 33 46 20 7 5 24 22 44 41 28 13 9 26 10 16 23 1 31 25 43 39 18 4 12 45 30 34 49 35 40 47 38 14 15 17 27 48 37 11 29 19 3 2 42 8 21 
14 43 1 25 15 31 12 33 9 35 17 26 46 8 28 47 49 32 39 19 4 10 6 42 16 38 30 11 3 29 21 22 24 23 5 2 36 45 34 7 40 20 41 13 44 37 18 27 48 
40 38 34 17 35 41 28 16 48 32 6 3 10 23 42 37 27 29 36 22 11 21 44 31 26 7 9 14 43 15 20 2 13 18 19 4 5 47 30 33 8 25 39 46 1 49 45 12 24 
28 40 19 24 39 22 6 17 16 41 49 1 34 25 4 30 15 31 9 46 47 43 14 29 32 48 20 44 45 12 35 3 37 27 2 7 26 5 18 13 33 23 36 42 10 8 11 21 38 
31 5 42 3 20 21 18 37 23 43 40 32 27 33 38 10 12 49 19 17 35 9 30 6 25 11 47 41 14 7 46 44 4 26 1 8 45 22 36 39 28 2 24 29 16 15 13 48 34 
27 8 26 29 49 13 34 36 35 47 42 39 6 15 16 24 32 22 28 48 23 2 21 7 1 18 17 19 5 11 41 40 9 31 10 38 3 4 14 43 25 30 45 37 12 33 46 44 20 
47 45 12 9 14 38 1 2 21 4 13 10 31 11 18 29 37 41 3 25 44 36 46 26 5 35 40 28 16 30 34 15 8 33 42 19 32 49 48 20 17 24 22 27 43 6 39 7 23 
44 30 25 48 23 15 36 28 22 38 7 8 26 45 20 34 39 33 27 43 14 31 49 16 3 12 10 37 29 13 32 17 19 24 21 42 1 11 9 35 6 46 47 18 40 4 41 2 5 
32 33 41 46 37 2 17 29 5 9 19 48 3 18 45 7 1 11 6 21 42 13 4 8 22 27 34 24 39 20 38 23 28 43 36 12 47 16 44 10 15 40 49 31 30 35 25 14 26 
35 11 7 43 10 4 16 14 12 46 30 44 20 24 5 13 2 26 8 36 40 23 45 33 39 15 38 42 18 22 6 25 47 49 48 27 29 34 37 31 21 41 17 32 28 19 3 1 9 
################proper############## 

 average_time = 988.771558 

 success runs = 1 

 total average iters = 111573158.000000 
