Success!!! 
 
 max_col = 
 49 
 
 run_time = 
 443.833610 
 
 once iters = 
 39455884 
 
39 35 34 1 48 17 27 36 45 18 42 22 12 32 21 6 11 40 16 5 25 38 14 4 15 13 33 23 49 19 44 31 29 41 10 20 37 47 24 3 9 2 28 7 43 46 30 8 26 
31 21 8 49 38 11 30 3 46 13 15 4 35 5 36 45 17 20 19 48 29 42 37 7 47 41 44 39 40 23 24 18 2 26 9 12 33 27 34 28 43 32 25 14 22 16 6 1 10 
46 7 44 32 42 6 24 43 16 26 30 17 10 41 37 4 39 49 2 34 22 40 25 48 11 1 29 31 28 5 12 36 35 33 47 8 18 23 38 14 21 15 19 45 20 3 9 27 13 
25 3 33 45 9 41 29 14 49 1 8 23 24 47 28 43 32 26 27 12 38 30 36 35 18 5 46 20 6 22 7 11 13 34 37 40 4 31 16 39 10 19 2 44 15 48 17 42 21 
26 16 23 43 10 12 2 31 11 27 40 37 25 7 47 24 14 42 1 41 18 19 9 45 28 34 6 8 17 20 3 32 15 21 48 44 5 46 13 22 36 30 35 49 29 39 4 33 38 
22 19 14 36 15 5 47 48 9 34 29 28 44 20 13 3 31 7 33 10 46 16 17 43 32 21 27 2 38 42 45 4 8 30 39 26 35 6 49 25 11 1 41 24 37 40 23 12 18 
37 13 4 20 28 18 40 33 2 19 21 6 39 38 30 9 23 15 8 44 35 12 26 10 22 49 3 24 16 1 25 46 14 27 43 41 48 29 7 45 17 42 32 31 47 36 11 5 34 
33 9 25 28 35 31 48 15 18 23 36 3 4 39 8 16 7 27 40 17 43 22 20 21 38 29 26 10 1 49 30 19 46 37 44 45 34 5 32 24 13 41 14 11 6 12 2 47 42 
42 26 29 24 40 39 22 10 43 38 25 21 5 1 4 44 20 45 32 6 19 33 34 37 16 15 9 14 27 12 28 35 18 47 41 3 11 2 8 30 49 17 23 48 31 7 36 13 46 
38 45 10 21 1 4 17 30 19 32 27 31 20 34 14 13 33 29 24 15 47 2 5 6 42 46 49 44 11 8 48 16 22 9 23 37 7 36 43 12 35 28 39 3 41 26 18 40 25 
18 2 19 13 12 37 7 49 22 42 26 24 14 8 10 28 5 9 11 23 36 43 40 41 1 31 48 47 20 3 21 17 25 4 34 27 6 39 46 16 15 44 30 38 35 29 32 45 33 
23 41 5 30 27 43 14 12 13 47 16 11 6 44 31 1 25 3 46 21 26 36 8 32 45 18 17 35 2 10 39 33 38 7 15 42 19 22 29 48 20 40 49 28 4 24 34 9 37 
6 36 47 34 44 46 32 28 35 37 48 45 7 17 42 30 2 18 22 49 41 11 3 19 25 39 23 12 43 40 31 13 24 14 29 4 21 9 26 1 33 38 16 27 5 15 10 20 8 
20 49 11 8 3 15 16 41 29 46 33 9 2 40 48 37 12 38 34 35 39 27 28 30 7 24 4 13 45 26 36 6 5 42 32 10 14 25 47 31 18 23 22 21 1 19 44 43 17 
40 15 30 7 47 38 42 25 1 41 46 16 27 21 33 39 10 35 28 9 31 32 4 23 13 6 20 45 44 43 5 8 48 2 18 34 36 14 11 26 3 12 17 29 49 22 37 19 24 
41 6 13 37 8 32 45 39 28 11 44 36 42 15 29 48 38 43 30 3 49 26 27 5 2 22 14 25 21 34 40 9 17 1 24 19 16 18 33 23 47 35 10 12 7 31 46 4 20 
35 23 46 29 11 10 33 8 3 2 5 47 49 18 24 25 42 37 4 26 21 7 44 17 39 40 15 43 19 16 20 27 6 12 30 1 38 13 22 32 31 45 34 41 48 9 14 28 36 
28 22 3 14 36 44 5 26 30 20 4 29 45 24 27 2 19 41 23 1 12 48 33 16 37 11 34 21 35 15 46 47 49 31 42 39 43 10 17 7 6 9 13 32 38 25 8 18 40 
16 39 20 4 24 19 1 13 40 10 12 35 23 9 45 8 6 34 14 32 17 31 46 18 49 28 42 38 7 41 22 3 26 36 11 5 25 30 2 37 29 48 44 43 33 27 15 21 47 
48 17 43 25 26 21 12 34 7 14 31 33 37 19 22 40 16 44 18 20 11 9 47 8 29 30 36 1 32 45 10 38 28 13 4 46 27 49 41 15 42 24 5 35 3 23 39 6 2 
27 34 49 18 2 9 31 6 38 17 32 43 22 48 5 47 46 13 36 7 15 35 24 3 19 10 12 41 39 37 33 29 23 25 14 28 20 40 21 44 4 8 45 1 11 42 16 26 30 
19 46 24 23 6 48 44 32 10 43 28 15 16 31 26 18 13 17 25 30 27 14 1 38 36 20 37 33 47 21 34 40 7 49 5 9 42 45 3 35 8 22 11 39 2 4 12 29 41 
2 8 26 22 20 30 38 42 5 3 9 12 18 4 41 34 40 36 21 31 37 44 10 13 17 32 35 11 15 28 29 14 33 39 25 23 49 1 6 43 7 46 27 19 24 47 45 16 48 
15 29 9 11 45 28 39 37 23 40 6 34 17 25 1 12 49 10 20 8 14 41 48 47 4 7 24 46 36 2 42 43 30 19 27 33 13 44 31 18 16 21 26 22 32 38 3 35 5 
12 47 27 3 13 49 4 7 20 8 11 2 21 33 19 23 43 22 5 24 32 29 18 31 40 9 28 16 26 35 6 37 41 46 45 48 30 38 15 10 14 39 1 25 17 34 42 36 44 
21 32 40 5 14 25 43 22 48 35 1 49 13 46 9 7 3 11 42 33 45 39 19 34 30 2 8 26 31 44 4 10 16 38 17 36 47 24 12 29 41 27 37 6 18 20 28 15 23 
1 31 37 41 18 34 10 24 27 39 47 44 29 36 46 15 28 6 35 38 16 25 45 49 21 42 43 5 22 48 23 12 11 3 13 2 26 17 20 19 32 4 33 9 40 8 7 30 14 
36 42 7 17 33 16 35 38 14 30 19 26 41 45 2 29 48 47 44 39 4 6 23 27 12 3 22 15 18 9 32 20 1 24 8 11 28 34 37 40 5 25 21 13 10 49 43 46 31 
47 48 17 31 16 40 18 1 34 49 24 8 38 23 12 33 15 14 37 11 30 13 21 20 41 26 10 36 3 27 9 45 42 32 22 43 46 19 5 2 39 7 6 4 28 44 29 25 35 
4 38 28 6 37 26 46 11 32 25 41 5 19 2 18 10 44 16 29 22 13 24 43 9 48 47 31 7 8 36 35 21 20 17 1 49 15 42 30 33 23 34 12 40 45 14 27 39 3 
24 1 45 2 43 27 9 35 12 15 3 13 46 26 20 17 36 21 47 19 7 4 39 11 34 14 16 30 23 31 41 48 37 28 49 25 29 8 44 6 40 10 18 33 42 5 38 32 22 
49 12 32 33 22 23 20 47 21 36 37 14 9 16 43 42 4 39 48 27 3 45 6 25 5 44 2 29 30 7 19 24 40 15 38 35 31 28 18 13 1 26 8 46 34 10 41 17 11 
44 25 39 10 19 42 13 29 33 6 7 20 48 30 35 41 9 1 38 28 23 3 32 46 8 37 40 22 5 14 47 34 12 18 2 21 17 4 45 36 27 11 24 16 26 43 31 49 15 
8 30 21 15 34 29 11 40 39 4 17 18 31 27 6 32 45 5 26 25 24 28 42 1 23 35 38 49 33 46 13 44 10 43 16 22 3 48 14 41 12 20 47 2 36 37 19 7 9 
7 14 41 35 5 36 3 45 42 44 22 10 43 28 34 31 8 2 49 46 40 18 15 12 27 33 19 17 25 6 11 39 4 29 26 16 24 32 9 38 37 47 48 30 13 21 20 23 1 
29 20 18 46 41 22 49 21 26 33 39 42 36 10 40 19 24 4 13 37 8 1 11 14 44 27 25 6 9 47 38 7 43 48 28 31 32 3 35 17 34 16 15 23 12 30 5 2 45 
43 40 6 9 4 47 34 23 24 45 13 1 30 37 44 38 35 32 10 36 42 21 22 2 33 48 41 3 46 18 16 5 39 11 19 15 12 7 25 8 26 14 20 17 27 28 49 31 29 
32 28 48 42 23 33 37 46 44 5 35 7 8 3 49 14 34 25 43 2 9 17 16 29 20 36 18 19 10 30 1 15 31 40 12 47 45 41 27 4 22 13 38 26 39 11 21 24 6 
14 10 31 39 17 13 15 20 4 29 38 48 32 43 11 26 22 28 41 16 6 23 49 24 9 12 7 42 37 25 27 2 34 45 36 18 44 21 1 46 30 5 40 47 8 33 35 3 19 
5 27 12 16 7 2 8 17 47 31 49 19 28 22 39 21 1 46 15 45 48 37 13 26 35 4 30 40 29 24 14 42 44 20 3 6 10 43 23 11 38 33 36 18 9 41 25 34 32 
3 24 35 44 25 45 26 27 15 12 18 41 40 11 17 20 30 31 7 47 33 34 38 39 10 8 5 32 13 4 49 23 21 22 6 29 2 37 19 9 28 36 43 42 46 1 48 14 16 
30 11 36 38 21 1 19 9 6 16 2 25 34 14 3 27 18 23 12 29 5 46 31 15 43 45 47 28 41 17 8 26 32 35 33 24 39 20 40 42 48 49 4 37 44 13 22 10 7 
9 44 42 12 29 35 6 19 41 24 10 46 47 13 25 36 26 33 17 40 20 15 7 28 3 38 11 27 4 32 43 30 45 8 21 14 22 16 39 34 2 37 31 5 23 18 1 48 49 
11 37 1 47 49 20 41 16 8 48 23 27 3 35 32 5 29 19 6 4 2 10 12 40 14 17 39 18 24 13 26 22 36 44 31 30 9 15 42 21 46 43 7 34 25 45 33 38 28 
10 43 2 40 30 7 28 44 31 9 14 39 26 12 38 22 37 8 45 42 1 47 29 36 6 23 21 48 34 33 17 49 3 16 20 13 41 35 4 5 25 18 46 15 19 32 24 11 27 
34 33 38 26 46 8 23 2 36 22 43 30 1 6 15 49 21 24 39 18 44 5 35 42 31 25 45 9 14 11 37 28 27 10 7 32 40 12 48 47 19 29 3 20 16 17 13 41 4 
13 18 22 27 31 24 36 4 17 21 45 32 15 29 16 11 41 48 3 43 10 20 30 33 46 19 1 34 12 38 2 25 9 5 40 7 23 26 28 49 44 6 42 8 14 35 47 37 39 
45 4 15 19 39 14 21 5 25 7 34 38 33 42 23 35 27 12 31 13 28 49 41 44 26 16 32 37 48 29 18 1 47 6 46 17 8 11 10 20 24 3 9 36 30 2 40 22 43 
17 5 16 48 32 3 25 18 37 28 20 40 11 49 7 46 47 30 9 14 34 8 2 22 24 43 13 4 42 39 15 41 19 23 35 38 1 33 36 27 45 31 29 10 21 6 26 44 12 
################proper############## 

 average_time = 443.833610 

 success runs = 1 

 total average iters = 39455884.000000 
