Success!!! 
 
 max_col = 
 49 
 
 run_time = 
 299.291394 
 
 once iters = 
 27108918 
 
45 18 23 14 7 38 30 1 32 3 20 26 27 6 2 31 19 33 12 29 48 24 37 34 9 43 8 21 36 13 28 39 11 44 10 15 17 40 5 49 35 16 46 22 47 25 42 41 4 
10 5 1 26 22 27 35 15 48 30 41 36 2 42 37 40 3 14 20 11 24 33 44 13 38 39 4 31 25 45 47 49 12 18 29 8 43 7 23 6 46 34 17 16 21 32 28 9 19 
43 28 2 42 20 21 9 24 47 25 39 22 17 34 45 7 4 18 38 49 35 19 27 3 32 16 36 14 23 41 1 33 46 15 5 31 11 10 29 26 48 37 30 44 13 8 12 40 6 
19 49 17 13 31 15 8 18 40 44 46 37 38 10 32 23 6 26 25 43 41 22 29 5 48 30 1 28 16 14 42 20 7 4 9 33 2 24 21 47 39 12 11 27 35 3 45 36 34 
41 44 33 39 3 37 29 4 9 49 14 28 16 11 22 27 47 8 34 46 15 6 40 20 12 35 45 25 43 24 30 48 38 21 17 32 18 13 42 19 36 1 31 2 7 5 10 26 23 
46 16 25 36 32 24 4 35 19 45 12 33 21 31 17 39 10 30 44 5 13 42 23 11 18 47 2 7 6 27 8 26 40 34 3 9 14 41 22 28 38 20 29 37 49 43 1 48 15 
6 48 47 12 11 34 40 8 43 29 13 5 23 7 16 42 28 36 9 1 21 15 10 41 26 49 17 46 35 37 31 19 2 32 22 4 27 44 3 25 30 45 24 39 20 33 18 14 38 
4 29 41 27 5 47 49 21 13 17 38 8 18 24 44 25 16 48 30 10 46 45 2 42 19 20 12 3 28 31 14 36 9 6 37 43 32 34 7 35 26 39 23 1 33 22 15 11 40 
9 17 24 19 1 22 28 30 42 7 16 40 34 14 21 6 41 11 45 27 26 13 8 39 46 48 37 23 2 33 43 25 35 49 32 29 44 36 4 15 47 3 38 31 12 18 5 20 10 
48 10 37 43 35 18 32 20 33 36 47 4 45 39 8 2 5 42 24 13 28 27 17 31 22 6 38 34 21 11 29 40 15 3 16 12 30 23 1 46 14 9 26 25 19 7 49 44 41 
14 26 11 25 42 46 3 37 41 15 48 12 29 22 47 49 23 31 33 35 20 16 18 21 10 5 7 36 44 4 38 1 24 30 34 17 6 2 40 13 27 19 43 9 28 39 8 32 45 
31 30 15 21 2 23 34 26 1 10 3 19 32 9 12 4 17 39 43 18 37 40 14 25 41 44 28 35 47 5 48 7 22 45 27 38 20 49 33 11 16 8 13 29 42 36 24 6 46 
44 38 36 8 13 7 16 46 28 5 43 27 6 23 14 32 29 34 15 22 40 30 11 47 1 33 49 9 10 20 26 12 18 39 19 41 45 25 37 24 42 31 21 17 3 48 35 4 2 
20 39 40 6 12 33 45 44 31 2 11 35 25 49 7 3 1 38 19 36 9 26 24 4 15 32 43 29 46 8 17 41 42 13 23 48 22 28 10 21 18 5 34 30 16 27 47 37 14 
5 46 35 34 47 19 2 49 16 11 7 44 37 36 41 26 45 6 3 14 17 23 21 28 42 4 30 39 31 48 24 13 43 22 38 27 8 15 32 1 10 29 33 40 9 12 25 18 20 
38 36 22 31 28 26 20 5 3 23 24 48 12 41 42 44 8 7 10 16 34 18 1 33 45 19 25 15 9 35 40 29 32 2 21 46 13 39 49 14 37 43 4 11 27 6 17 30 47 
27 7 16 29 25 30 48 47 10 14 33 17 40 2 1 36 15 13 23 37 18 8 41 43 5 31 22 32 12 6 46 44 39 20 11 19 38 26 9 42 28 4 49 3 45 34 21 35 24 
49 24 8 23 37 40 21 43 6 28 9 39 4 15 19 20 11 46 35 48 2 7 12 36 17 38 34 47 27 10 16 45 14 26 1 3 25 18 44 30 33 22 42 5 41 13 31 29 32 
12 45 14 9 6 4 42 13 8 46 27 20 19 32 29 33 25 22 31 21 47 49 35 10 44 37 48 24 34 28 18 23 3 41 30 16 40 5 17 36 2 11 1 7 15 26 38 43 39 
33 13 44 18 41 39 11 22 30 31 45 21 42 1 38 43 32 40 5 28 4 3 9 16 6 29 26 27 37 49 25 15 17 19 7 24 34 35 20 23 12 47 2 46 36 14 48 10 8 
1 3 32 15 17 43 10 34 25 18 26 38 35 29 39 12 49 9 27 24 30 14 20 2 40 46 11 13 5 42 36 4 33 8 47 45 7 6 41 31 21 48 44 28 37 23 19 22 16 
2 22 3 46 36 12 6 28 11 43 34 32 33 18 27 35 48 4 21 7 5 39 49 29 47 17 13 30 26 40 10 24 19 16 31 1 37 14 8 9 23 15 45 20 44 42 41 38 25 
11 20 49 4 15 29 47 6 45 42 17 41 9 13 30 19 37 2 32 8 31 12 7 40 36 18 3 16 39 23 27 14 5 25 35 44 46 21 38 33 43 10 22 24 48 1 26 34 28 
30 1 42 38 33 9 5 16 23 12 21 7 15 48 26 14 34 44 29 3 43 25 31 22 28 8 24 41 45 32 37 47 20 46 49 35 19 4 11 2 13 18 39 6 17 10 40 27 36 
16 43 21 48 40 17 24 14 5 26 1 3 47 38 49 13 20 45 41 39 10 46 32 6 23 2 35 37 4 9 34 22 29 36 44 28 12 31 30 27 25 42 19 8 18 11 7 15 33 
26 35 39 10 18 31 23 25 37 40 2 49 36 44 28 24 33 47 46 42 1 4 19 15 20 27 14 38 41 21 6 8 30 11 13 34 16 48 45 22 7 17 12 32 5 9 43 3 29 
34 8 28 32 19 13 37 27 39 24 10 31 20 35 18 17 9 25 22 23 38 5 42 26 33 11 44 45 3 1 15 43 48 7 12 49 47 29 6 40 41 36 14 21 2 4 46 16 30 
25 41 27 45 14 44 7 19 29 22 8 46 30 4 36 15 12 16 40 6 11 1 43 48 34 9 21 10 17 38 33 2 28 42 18 26 5 20 39 3 24 32 35 47 23 49 37 13 31 
29 9 43 33 48 6 27 2 24 20 36 13 49 45 23 41 22 32 28 47 8 37 34 19 25 42 31 18 15 7 4 17 1 12 46 40 21 38 16 39 44 26 3 14 10 35 30 5 11 
15 47 18 16 23 32 19 12 21 41 4 30 1 26 20 37 7 35 48 40 42 17 38 46 3 24 9 2 11 43 39 31 8 14 6 10 36 33 13 45 5 27 28 49 22 29 34 25 44 
3 42 5 17 49 45 22 23 27 19 35 25 44 8 33 21 24 10 14 31 6 28 48 30 39 1 29 20 32 47 13 34 16 9 26 18 15 11 43 7 4 41 40 38 46 37 36 2 12 
28 11 20 7 34 41 36 48 17 39 5 43 46 40 4 1 26 19 13 38 44 35 47 12 21 14 16 6 42 2 22 3 49 10 24 23 29 8 25 37 32 30 15 18 31 45 9 33 27 
35 21 13 30 10 14 38 31 34 6 29 9 7 33 11 16 27 15 2 17 49 44 26 45 4 23 32 43 48 36 5 18 25 37 40 47 24 3 46 12 22 28 41 19 8 20 39 42 1 
8 37 4 24 39 25 26 42 15 38 28 18 3 47 46 29 30 5 36 45 12 11 13 49 7 10 40 22 33 44 19 35 21 27 41 2 1 9 34 20 31 14 16 48 32 17 6 23 43 
40 12 46 1 44 2 31 10 22 16 32 14 11 37 25 34 18 43 39 9 3 36 15 8 27 41 5 33 30 29 23 28 45 38 20 6 42 19 48 17 49 35 47 13 24 21 4 7 26 
13 33 12 28 26 10 44 9 2 8 22 16 41 3 43 48 42 24 7 15 27 32 30 23 29 40 18 4 38 17 20 6 31 35 39 25 49 47 19 34 1 21 37 36 11 46 14 45 5 
7 32 9 37 24 35 1 40 12 27 23 15 43 30 6 47 14 41 8 19 22 10 36 44 13 25 46 26 18 3 49 42 4 5 48 11 28 16 2 29 45 38 20 34 39 31 33 21 17 
21 19 30 5 4 48 41 29 35 13 42 47 14 46 40 45 39 20 18 2 36 34 22 38 16 28 27 17 1 15 12 11 23 33 43 37 9 32 31 10 3 7 25 26 6 24 44 8 49 
17 25 38 22 29 11 15 7 20 1 18 6 28 5 3 10 31 21 16 26 33 48 39 37 14 45 42 49 24 46 44 27 34 40 2 36 41 30 12 4 8 13 32 35 43 47 23 19 9 
23 6 31 47 27 8 46 36 4 37 44 11 10 25 9 38 13 49 1 34 32 43 5 7 35 15 33 19 14 30 41 21 26 28 45 22 39 17 24 48 20 40 18 42 29 2 16 12 3 
36 40 34 2 16 20 18 39 38 33 49 45 24 19 5 11 46 23 17 12 29 31 3 9 8 21 41 1 7 22 32 37 10 47 25 14 26 42 35 43 6 44 27 4 30 15 13 28 48 
42 14 45 3 43 49 39 32 26 21 31 34 48 17 35 28 44 37 4 30 25 47 6 24 2 12 20 11 13 19 9 16 36 29 8 5 33 46 27 18 15 23 10 41 40 38 22 1 7 
22 23 10 35 21 3 14 45 49 32 25 24 26 12 48 9 36 17 37 33 39 41 4 27 11 7 19 5 29 34 2 30 47 43 28 13 31 1 18 16 40 6 8 15 38 44 20 46 42 
37 2 26 11 30 5 13 33 36 48 6 29 22 16 10 46 35 1 49 44 7 38 28 17 31 34 15 42 20 12 21 32 41 23 14 39 3 45 47 8 19 25 9 43 4 40 27 24 18 
32 4 29 44 46 28 25 38 7 9 40 23 31 20 24 18 43 3 6 41 19 21 45 14 30 22 39 12 8 26 11 10 27 17 15 42 35 37 36 5 34 49 48 33 1 16 2 47 13 
47 15 6 41 38 16 43 11 18 4 19 1 8 27 34 5 2 12 42 25 14 20 46 32 37 36 23 40 49 39 3 9 13 48 33 21 10 22 28 44 17 24 7 45 26 30 29 31 35 
18 27 48 20 8 42 17 41 46 35 15 2 39 21 31 22 40 29 26 4 45 9 16 1 43 13 47 44 19 25 7 38 6 24 36 30 23 12 14 32 11 33 5 10 34 28 3 49 37 
24 31 7 40 9 36 12 17 14 34 37 42 13 28 15 30 38 27 47 32 16 2 33 35 49 3 10 8 22 18 45 5 44 1 4 20 48 43 26 41 29 46 6 23 25 19 11 39 21 
39 34 19 49 45 1 33 3 44 47 30 10 5 43 13 8 21 28 11 20 23 29 25 18 24 26 6 48 40 16 35 46 37 31 42 7 4 27 15 38 9 2 36 12 14 41 32 17 22 
################proper############## 

 average_time = 299.291394 

 success runs = 1 

 total average iters = 27108918.000000 
