Success!!! 
 
 max_col = 
 49 
 
 run_time = 
 282.503982 
 
 once iters = 
 27299878 
 
39 2 20 27 26 33 47 22 4 13 7 43 40 44 16 35 30 11 48 31 1 17 42 36 5 12 9 14 3 45 10 21 34 29 6 41 15 38 18 23 25 32 46 8 37 24 19 49 28 
45 46 7 18 43 21 16 36 47 1 34 5 15 42 28 8 41 38 10 22 33 25 23 19 24 13 20 11 12 49 44 17 37 35 31 9 4 39 14 30 27 29 32 2 48 3 6 40 26 
41 30 15 5 34 9 44 3 8 17 16 48 18 29 14 39 45 49 25 26 47 43 46 1 2 37 28 31 32 4 27 22 11 42 36 20 19 24 6 13 12 40 21 23 7 38 35 33 10 
24 36 35 1 49 25 31 30 28 12 9 21 46 14 43 32 7 2 42 34 18 47 3 6 27 15 38 26 40 13 23 16 39 19 33 44 17 8 37 10 48 45 4 11 20 22 41 29 5 
12 19 29 42 32 11 48 10 35 20 6 2 38 49 23 37 40 17 27 3 9 4 45 44 22 41 8 18 28 46 24 5 15 30 14 26 21 33 7 34 31 47 39 1 43 13 16 25 36 
38 14 40 23 3 22 6 19 37 39 33 26 25 27 44 5 13 24 12 4 21 48 16 32 30 10 34 29 8 1 2 41 18 20 7 46 11 49 35 28 43 36 17 47 42 45 15 31 9 
8 13 4 37 10 17 28 41 24 32 31 11 23 45 20 6 46 15 19 36 29 7 49 39 40 35 21 33 38 25 43 48 9 47 26 1 16 42 2 5 22 3 44 27 34 12 18 14 30 
16 38 39 29 48 47 4 11 12 26 1 8 22 2 15 46 31 43 30 33 42 13 25 45 21 3 19 44 35 9 32 7 28 6 49 18 24 23 5 27 37 34 40 17 10 20 14 36 41 
13 41 24 15 20 32 19 5 14 25 42 27 35 7 22 26 4 44 40 11 38 29 8 37 17 34 43 6 18 48 39 3 31 23 21 49 45 10 16 36 47 1 9 46 28 2 33 30 12 
33 43 8 30 11 34 18 16 10 44 40 9 28 31 37 12 23 20 49 47 36 2 24 15 35 32 41 1 5 22 25 45 42 27 17 7 46 14 21 39 26 13 48 38 3 4 29 19 6 
21 10 17 3 40 46 1 45 41 19 48 4 36 39 18 2 14 8 24 25 28 16 20 5 47 23 7 22 15 26 38 37 33 44 12 35 6 31 43 29 30 9 49 42 32 34 27 13 11 
5 31 44 36 35 23 25 21 13 3 47 33 29 46 34 17 6 16 9 19 48 38 10 14 49 18 27 12 2 30 1 40 4 11 43 15 20 28 42 32 41 8 37 7 45 26 39 22 24 
42 37 27 28 45 2 14 49 18 24 32 30 6 23 5 21 3 7 39 13 41 46 9 11 26 36 33 48 19 29 20 34 8 10 47 38 22 4 44 12 40 17 31 43 35 15 1 16 25 
9 49 6 7 22 12 26 43 15 37 38 17 34 20 1 45 35 27 29 32 10 40 31 30 4 42 39 28 36 16 14 46 13 24 41 11 48 19 33 3 2 25 5 18 8 44 23 47 21 
2 29 34 8 21 38 10 28 9 48 44 19 49 30 39 14 5 42 13 12 43 15 11 23 32 17 22 27 6 40 45 35 1 26 4 47 7 25 20 41 24 33 18 3 16 31 36 46 37 
15 48 13 39 19 49 22 12 38 16 45 20 5 40 36 18 9 29 7 28 11 41 35 10 6 24 14 2 34 31 47 30 25 32 27 37 8 43 17 44 3 46 23 4 1 33 26 21 42 
14 47 18 31 12 20 41 15 1 21 26 46 37 6 40 27 32 35 23 38 25 3 43 4 48 33 44 19 29 28 36 8 17 39 2 30 42 16 34 49 10 5 11 13 22 9 24 45 7 
40 17 26 32 7 37 5 23 39 11 24 29 27 8 49 48 15 21 4 45 19 18 12 42 1 25 47 20 33 41 16 44 46 9 3 14 28 36 31 2 13 22 34 6 30 10 38 35 43 
11 44 9 25 33 6 23 14 42 41 3 7 43 4 30 34 17 37 8 1 31 36 28 21 46 5 16 13 20 38 18 49 10 22 24 29 26 12 48 35 45 39 47 19 27 40 32 2 15 
35 27 46 45 1 36 43 34 25 2 10 13 17 33 47 22 24 41 26 16 3 8 37 9 7 31 29 30 42 12 15 19 14 21 11 32 23 6 40 38 18 4 28 39 44 48 49 5 20 
4 28 3 16 24 42 30 35 32 47 18 22 31 36 33 10 44 6 46 2 20 34 26 49 38 40 45 39 7 23 37 13 43 5 48 19 9 1 11 15 21 27 12 29 41 8 25 17 14 
29 32 11 26 17 40 37 47 21 18 46 49 24 22 48 7 33 39 1 43 8 14 30 20 16 9 5 38 41 42 34 10 23 4 15 13 12 45 27 19 44 31 3 36 25 6 2 28 35 
22 9 43 10 25 16 33 26 27 7 19 6 2 32 45 29 36 5 15 17 24 12 21 35 41 11 46 40 31 47 3 1 30 13 44 23 34 37 39 48 28 49 38 14 18 42 4 20 8 
23 42 38 47 28 3 2 39 43 29 8 25 13 41 46 40 34 31 21 14 35 19 18 48 44 4 10 45 22 6 26 24 36 17 37 16 30 5 15 20 33 7 1 49 11 32 9 12 27 
6 18 14 12 15 19 36 37 40 33 20 1 3 48 25 23 16 9 38 49 22 39 27 13 31 26 2 32 21 11 5 28 35 7 45 24 41 29 10 4 8 42 43 30 47 17 46 34 44 
48 34 30 41 44 39 35 31 5 28 23 38 4 15 6 19 11 3 18 42 27 33 47 29 36 7 37 17 9 20 12 2 49 8 46 43 1 22 26 25 32 14 45 40 24 21 13 10 16 
49 4 45 24 8 7 46 17 11 9 30 16 12 10 2 41 20 13 32 37 44 23 34 25 28 6 1 42 27 43 48 14 38 33 39 40 3 21 36 47 35 18 26 22 31 19 5 15 29 
27 1 31 20 5 13 21 42 34 45 36 44 14 35 12 28 10 4 47 30 26 24 22 3 43 49 15 8 16 19 40 25 29 18 32 2 38 11 9 17 46 6 7 41 39 23 48 37 33 
37 25 2 19 46 29 42 4 6 35 41 10 47 13 26 3 28 1 11 21 15 22 7 8 33 39 36 24 44 18 9 27 5 45 20 12 43 17 38 40 49 23 16 48 14 30 34 32 31 
32 3 36 35 23 30 27 18 2 43 25 45 16 12 9 42 22 33 17 40 37 10 48 31 11 46 4 49 1 21 6 38 26 28 34 8 14 7 13 24 29 44 41 5 15 47 20 39 19 
34 15 28 17 31 45 40 29 7 38 14 39 21 37 24 20 49 32 5 8 4 30 13 16 9 43 3 35 48 2 11 33 47 12 19 42 27 46 1 6 36 41 25 44 23 18 10 26 22 
44 33 47 11 6 24 9 46 20 34 22 36 30 5 29 25 18 48 45 7 12 37 38 27 23 1 17 21 14 39 41 15 32 31 13 10 35 3 19 26 4 16 42 28 2 43 40 8 49 
26 12 5 4 41 18 7 9 19 49 17 42 32 1 10 43 39 14 36 35 30 44 40 2 20 28 25 47 24 8 46 29 16 3 23 48 37 34 22 31 15 11 6 33 21 27 45 38 13 
10 22 48 21 38 1 39 33 44 31 15 24 8 3 19 13 27 23 2 41 16 6 5 26 14 29 18 34 43 37 49 42 40 25 35 28 47 30 32 45 9 20 36 12 17 46 11 7 4 
20 8 16 13 14 43 49 40 48 23 27 28 26 11 31 44 38 47 34 46 6 42 32 41 19 45 12 15 10 17 30 4 7 36 22 39 2 18 25 33 5 21 29 24 9 35 37 1 3 
25 40 1 33 42 14 32 7 16 15 13 35 39 28 38 11 47 45 6 44 5 21 29 22 12 30 49 37 23 24 17 43 27 2 8 4 31 26 46 18 20 48 19 10 36 41 3 9 34 
18 45 41 44 39 8 34 2 36 4 5 12 9 38 32 33 19 26 37 23 49 35 1 47 10 27 24 46 30 3 7 11 20 16 42 17 13 40 28 43 14 15 22 21 29 25 31 6 48 
28 23 10 46 4 31 38 6 30 8 37 47 11 17 7 15 21 18 35 27 39 5 36 43 34 14 13 3 26 44 19 9 22 48 29 25 33 41 45 42 16 2 20 32 49 1 12 24 40 
43 21 37 2 16 5 11 1 31 22 49 40 20 25 3 24 29 28 14 48 46 45 41 33 39 38 42 9 13 32 35 18 12 34 10 6 36 47 30 8 23 19 15 26 4 7 44 27 17 
30 24 12 22 47 15 20 48 26 14 29 32 33 19 13 1 43 34 41 9 17 28 44 40 18 2 31 23 49 5 4 36 6 38 25 27 10 35 3 21 7 37 8 45 46 16 42 11 39 
36 7 49 6 13 27 29 24 23 46 21 3 10 34 8 31 42 25 16 20 40 26 19 17 15 48 32 4 37 14 28 47 45 41 1 22 44 9 12 11 39 38 2 35 33 5 30 43 18 
3 35 19 48 9 26 17 27 45 42 43 41 44 18 4 36 12 30 22 10 2 20 6 7 25 8 11 16 39 15 33 31 21 46 40 5 49 32 29 1 34 24 13 37 38 14 28 23 47 
31 6 42 14 29 35 12 13 33 36 2 15 45 43 17 47 48 10 3 24 7 32 39 46 8 16 26 25 11 27 21 23 19 49 18 34 5 44 4 9 38 28 30 20 40 37 22 41 1 
7 11 23 49 37 44 3 32 46 5 28 18 1 21 27 16 26 40 31 39 13 9 14 38 42 19 35 10 4 36 8 12 41 15 30 45 25 20 24 22 17 43 33 34 6 29 47 48 2 
17 20 33 38 27 4 15 8 22 6 35 37 42 47 41 49 1 12 44 18 14 31 2 28 13 21 40 5 46 34 29 39 24 43 9 36 32 48 23 16 19 30 10 25 26 11 7 3 45 
47 26 21 43 30 28 24 25 3 40 4 14 19 16 11 9 37 46 20 5 34 49 33 12 29 22 48 41 45 10 42 32 44 1 38 31 39 2 8 7 6 35 27 15 13 36 17 18 23 
19 39 32 34 36 48 45 44 17 30 12 31 7 9 21 4 25 22 33 29 23 11 15 24 37 20 6 43 47 35 13 26 2 40 28 3 18 27 41 46 1 10 14 16 5 49 8 42 38 
46 5 25 9 18 10 8 20 29 27 11 23 41 26 35 38 2 36 28 15 45 1 4 34 3 47 30 7 17 33 22 6 48 14 16 21 40 13 49 37 42 12 24 31 19 39 43 44 32 
1 16 22 40 2 41 13 38 49 10 39 34 48 24 42 30 8 19 43 6 32 27 17 18 45 44 23 36 25 7 31 20 3 37 5 33 29 15 47 14 11 26 35 9 12 28 21 4 46 
################proper############## 

 average_time = 282.503982 

 success runs = 1 

 total average iters = 27299878.000000 
