Success!!! 
 
 max_col = 
 49 
 
 run_time = 
 305.078868 
 
 once iters = 
 26229645 
 
16 3 18 38 21 49 34 4 37 7 31 22 28 17 23 33 41 46 6 26 9 20 47 32 29 8 1 27 11 45 36 15 24 40 2 42 5 43 13 12 25 19 35 48 44 39 10 14 30 
43 29 2 46 12 8 1 27 36 25 18 19 44 35 49 13 37 39 28 48 20 23 3 15 40 7 16 26 31 34 9 14 22 32 41 24 6 30 21 47 10 45 33 11 38 4 42 5 17 
40 4 24 48 23 17 30 33 38 46 41 14 49 2 5 10 12 11 45 7 34 19 37 43 25 22 13 21 35 20 42 47 28 16 3 15 36 44 39 27 1 26 18 6 8 31 9 32 29 
7 36 45 11 44 14 15 42 26 48 16 43 3 34 40 31 35 21 27 29 22 10 24 2 41 6 39 17 12 49 1 4 8 5 30 37 18 9 32 33 20 38 46 19 25 28 13 23 47 
47 39 25 19 28 31 42 20 10 32 6 24 21 45 14 15 3 1 8 30 4 36 33 35 38 18 9 5 27 29 44 46 43 48 13 11 49 23 17 2 34 16 37 12 40 7 26 41 22 
9 26 41 32 20 35 5 39 8 11 30 12 13 1 24 16 47 38 17 19 25 31 28 44 45 42 46 4 23 33 18 37 10 6 21 40 3 14 7 22 48 29 34 15 27 36 43 2 49 
37 6 10 22 33 27 13 15 9 40 23 47 29 5 43 32 42 44 2 18 36 12 30 49 34 11 14 48 25 39 17 38 7 19 26 46 35 8 41 31 4 28 45 16 1 24 20 21 3 
41 44 16 17 30 26 14 8 23 24 4 35 9 42 28 34 43 7 20 47 15 27 1 19 18 48 37 45 36 5 21 3 31 22 6 33 2 12 10 39 32 49 40 25 29 11 38 13 46 
24 45 42 1 43 48 27 36 5 20 34 41 37 21 32 17 23 26 29 31 33 25 11 39 9 46 8 14 18 7 40 44 4 35 49 47 15 22 28 16 38 13 3 30 12 6 19 10 2 
13 32 29 25 4 23 20 31 3 28 48 38 26 43 19 12 8 49 44 1 10 5 15 24 30 40 22 16 42 41 2 11 14 39 17 35 37 46 27 7 6 9 47 45 36 21 34 33 18 
46 33 5 49 37 21 11 7 2 16 40 32 30 44 36 39 38 25 18 35 27 3 10 34 31 12 42 6 9 13 19 29 45 28 47 26 17 4 8 20 43 41 48 24 23 14 1 22 15 
2 9 31 36 8 28 18 49 1 10 45 15 11 46 22 14 21 6 13 5 3 33 23 4 17 44 7 47 30 16 20 27 38 12 34 19 29 25 24 48 42 40 41 37 32 43 39 35 26 
39 19 7 34 22 10 12 29 47 6 17 27 14 33 30 2 24 4 46 41 40 43 13 21 49 32 38 35 15 26 37 48 23 25 8 31 1 3 45 11 18 36 42 44 28 16 5 9 20 
35 40 47 6 3 15 38 19 25 39 12 13 22 18 9 48 16 37 42 45 11 26 29 28 36 20 2 41 10 1 32 43 46 24 33 23 44 21 5 14 30 34 49 27 4 17 31 8 7 
30 43 40 3 39 24 37 44 33 1 22 20 10 13 29 42 45 16 25 11 18 38 2 27 23 35 41 34 14 15 47 19 36 49 9 21 28 6 48 5 8 4 32 7 17 46 12 26 31 
28 22 34 31 18 38 36 37 17 29 5 25 43 32 4 26 14 47 33 2 19 44 40 42 1 13 6 3 24 12 45 21 20 46 7 41 11 16 9 15 39 23 8 10 49 35 48 30 27 
29 20 46 21 5 11 19 23 30 8 49 31 48 14 41 9 39 36 3 15 44 7 25 45 22 28 47 18 17 4 26 35 37 43 10 32 33 42 2 38 12 27 16 13 6 1 24 40 34 
10 42 26 4 17 32 49 6 45 34 2 46 38 41 12 43 20 24 37 13 8 39 16 5 15 14 11 9 40 44 27 25 48 3 1 7 30 36 31 35 22 47 19 21 33 29 23 18 28 
27 16 44 35 15 13 41 26 24 47 19 39 12 7 31 30 10 40 21 38 23 46 48 33 32 17 4 8 2 42 6 28 11 29 5 49 34 37 3 1 45 18 20 36 22 9 25 43 14 
1 47 14 8 6 9 45 21 35 3 42 40 36 27 48 5 7 17 22 32 28 30 49 12 20 24 10 43 41 23 31 18 33 34 16 29 46 26 25 13 19 44 4 2 39 15 11 38 37 
23 12 33 7 48 25 2 9 28 4 15 18 16 11 27 46 1 35 34 6 49 37 19 29 21 26 31 36 39 32 13 22 30 8 38 43 24 20 14 10 40 17 5 42 47 41 3 44 45 
4 23 22 41 34 30 28 14 18 13 11 33 47 12 16 27 36 9 15 10 38 48 43 31 42 3 21 20 29 40 7 26 17 44 25 45 19 24 1 6 5 2 39 8 37 32 46 49 35 
33 27 19 9 45 18 25 34 7 26 1 3 40 10 17 49 32 2 23 12 30 16 6 46 44 41 29 13 4 31 8 5 42 36 20 39 43 28 35 37 15 22 24 14 48 47 21 11 38 
11 21 39 44 46 3 47 28 32 27 38 2 35 23 1 40 5 34 24 43 26 17 9 7 8 45 19 49 33 37 22 13 6 14 15 30 25 29 18 4 16 48 10 31 41 20 36 12 42 
8 49 32 13 26 29 7 16 48 22 24 6 15 25 44 19 46 42 41 37 31 14 4 40 35 39 34 12 3 21 30 45 9 38 11 20 23 47 36 17 27 10 2 1 43 5 18 28 33 
38 14 20 12 1 37 10 5 31 42 39 30 19 4 13 7 29 8 48 28 45 15 32 47 26 36 24 22 46 43 49 2 35 18 27 3 40 33 44 41 21 11 17 9 34 23 16 6 25 
5 17 35 42 40 16 48 43 21 37 36 49 45 8 6 20 25 14 11 3 47 18 38 23 33 2 30 1 34 24 10 39 19 41 28 9 32 31 26 46 13 12 44 29 7 27 22 15 4 
15 24 36 43 31 2 6 17 41 44 46 9 20 29 39 22 18 33 35 4 21 28 27 10 11 37 5 25 48 47 16 23 32 1 12 34 38 49 42 8 14 7 26 40 3 13 30 45 19 
17 11 48 30 29 22 9 41 42 49 28 34 32 31 3 45 15 23 7 25 1 2 12 38 16 43 20 33 44 18 14 10 40 21 46 4 47 27 6 24 26 8 13 5 35 19 37 39 36 
12 46 3 37 14 39 16 30 27 38 10 45 4 15 20 41 48 19 43 36 29 49 7 26 47 34 35 32 8 2 11 42 25 13 22 1 9 17 40 28 33 5 31 23 21 18 6 24 44 
44 5 28 15 7 33 8 40 6 18 35 26 23 20 46 21 17 10 39 16 24 45 42 13 37 19 27 31 32 48 4 1 41 30 36 38 12 2 11 25 49 43 29 22 14 34 47 3 9 
36 13 4 24 41 45 26 11 39 17 33 48 5 9 35 18 40 22 12 44 37 21 46 1 14 25 28 10 49 6 23 20 34 47 29 16 31 15 19 32 3 42 27 38 2 30 8 7 43 
31 2 1 10 49 34 32 46 43 14 3 8 25 22 11 47 9 27 4 42 6 40 18 41 39 23 36 24 26 35 38 7 5 15 19 44 48 13 37 21 29 30 28 17 16 33 45 20 12 
18 38 43 47 35 20 21 12 44 36 7 29 1 19 34 8 28 13 5 49 2 9 17 30 6 4 15 11 37 3 33 16 27 31 24 14 22 10 23 45 41 39 25 32 26 42 40 46 48 
6 25 27 40 42 19 23 24 13 21 47 16 2 37 26 38 31 30 32 33 14 8 5 22 3 29 48 44 28 9 12 17 39 45 43 18 20 7 34 36 35 46 15 41 11 10 49 4 1 
49 28 17 20 25 4 3 22 34 45 26 37 6 16 38 1 33 12 10 39 48 29 35 11 46 30 23 42 5 36 15 31 44 7 40 8 14 18 47 19 9 24 21 43 13 2 41 27 32 
22 48 15 39 11 41 46 32 4 23 29 28 31 24 47 36 6 5 40 14 7 13 26 9 43 27 12 19 21 17 35 49 3 2 42 25 16 45 38 44 37 1 30 18 20 8 33 34 10 
26 37 6 2 27 43 29 47 40 9 8 5 33 48 45 3 44 18 31 22 46 41 34 36 7 16 49 15 13 28 24 32 12 23 14 10 21 35 30 42 11 20 1 4 19 38 17 25 39 
42 18 12 5 32 7 33 1 19 41 27 44 46 49 21 11 34 15 26 23 17 4 45 6 10 38 25 40 20 30 29 8 47 9 37 2 13 39 22 43 31 3 14 35 24 48 28 36 16 
14 35 13 23 47 36 31 18 11 15 43 10 42 30 2 25 49 28 19 8 41 32 21 20 24 1 3 39 45 38 46 6 16 27 48 17 4 40 29 34 7 33 22 26 9 12 44 37 5 
21 8 9 16 38 40 44 25 12 35 14 7 39 3 37 29 13 20 30 24 43 22 31 18 28 5 17 2 19 10 34 33 1 26 4 27 41 48 46 23 36 32 11 49 42 45 15 47 6 
19 34 30 45 10 1 24 13 20 2 21 36 17 38 42 4 27 32 16 9 35 47 8 14 48 33 44 37 22 25 43 41 18 11 39 6 26 5 12 49 28 15 23 46 31 3 7 29 40 
34 15 37 27 9 12 39 48 16 33 44 1 24 6 18 35 19 29 38 46 32 42 14 8 13 49 43 28 7 11 3 40 21 17 45 22 10 41 20 30 2 25 36 47 5 26 4 31 23 
25 31 11 29 16 6 35 2 49 30 9 17 8 28 33 24 4 3 36 40 13 34 22 37 19 47 45 23 1 27 41 12 15 42 18 5 39 38 43 26 46 14 7 20 10 44 32 48 21 
3 1 38 33 24 42 40 45 46 19 20 4 27 47 8 23 11 41 14 21 5 6 39 48 2 31 26 29 43 22 28 30 49 10 44 36 7 32 15 9 17 37 12 34 18 25 35 16 13 
32 10 23 28 19 44 22 3 14 5 13 11 34 36 7 6 26 45 49 17 39 24 20 25 27 21 18 30 38 46 48 9 2 4 35 12 8 1 16 40 47 31 43 33 15 37 29 42 41 
20 7 8 18 2 46 43 10 22 31 37 21 41 39 25 28 30 48 1 34 12 35 44 16 4 15 32 38 47 14 5 36 26 33 23 13 42 19 49 29 24 6 9 3 45 40 27 17 11 
45 41 49 26 13 5 17 35 15 43 25 42 7 40 10 44 2 31 47 20 16 11 36 3 12 9 33 46 6 19 39 24 29 37 32 48 27 34 4 18 23 21 38 28 30 22 14 1 8 
48 30 21 14 36 47 4 38 29 12 32 23 18 26 15 37 22 43 9 27 42 1 41 17 5 10 40 7 16 8 25 34 13 20 31 28 45 11 33 3 44 35 6 39 46 49 2 19 24 
################proper############## 

 average_time = 305.078868 

 success runs = 1 

 total average iters = 26229645.000000 
