Success!!! 
 
 max_col = 
 49 
 
 run_time = 
 1364.591327 
 
 once iters = 
 159906061 
 
42 18 39 34 48 11 46 36 8 44 16 40 22 29 12 45 15 25 13 7 6 21 31 33 5 41 28 14 9 30 32 23 38 24 49 35 26 37 19 3 20 27 10 1 17 47 4 43 2 
13 41 36 1 25 9 23 10 39 43 35 47 46 7 22 21 37 5 8 16 4 6 42 30 17 18 3 20 27 34 15 2 44 48 31 38 40 28 29 45 12 11 33 49 32 19 24 14 26 
20 8 44 43 21 4 19 33 9 14 3 17 5 48 2 27 18 34 39 28 38 37 11 24 46 7 32 45 22 41 1 26 29 6 47 49 30 13 25 16 36 10 15 12 23 35 31 42 40 
15 28 7 27 16 30 14 49 19 20 24 34 25 18 44 41 10 31 40 1 32 48 8 47 9 2 12 26 17 11 36 13 43 42 35 4 21 46 33 6 22 23 37 45 3 5 39 29 38 
3 32 47 33 6 35 22 27 26 42 30 11 38 4 14 49 20 36 29 46 17 23 19 39 1 15 40 13 16 37 8 18 45 12 10 43 24 5 34 2 48 31 25 28 44 41 9 7 21 
45 37 38 49 29 12 26 41 23 31 21 28 2 13 24 3 48 35 42 11 33 10 22 44 16 25 34 43 7 40 39 19 4 5 14 47 15 1 8 32 9 17 18 30 46 27 6 36 20 
10 40 5 24 17 31 2 37 6 15 32 1 45 12 30 26 23 9 19 47 43 49 36 35 27 29 38 4 28 20 3 25 21 33 46 44 42 18 7 39 41 14 34 48 22 13 8 11 16 
11 6 34 13 31 38 20 28 14 12 10 36 26 43 29 37 3 4 1 41 42 24 33 7 45 40 25 47 15 2 17 30 19 23 39 21 8 22 49 48 27 44 16 46 5 9 32 18 35 
19 43 8 4 41 22 36 30 44 16 17 13 47 32 38 33 45 27 24 9 18 12 15 46 42 21 14 11 26 31 35 49 28 3 34 20 10 6 39 7 23 5 1 29 40 25 48 2 37 
30 39 40 10 28 37 17 24 34 6 11 31 21 3 7 2 16 32 26 19 25 9 13 22 35 49 20 41 47 27 14 38 5 1 48 45 43 4 46 12 29 18 8 44 42 15 36 23 33 
2 42 25 47 27 15 16 18 49 8 45 33 23 20 46 44 21 22 14 10 30 38 32 26 31 34 5 48 29 6 41 11 7 4 9 37 36 35 40 28 1 24 3 13 39 17 43 12 19 
21 48 35 23 26 14 44 15 1 25 19 7 41 40 47 6 5 11 31 36 28 29 39 27 2 8 17 18 12 46 33 43 16 37 22 42 3 32 13 38 34 9 20 24 45 30 10 4 49 
7 9 24 3 46 18 29 4 22 48 27 5 35 42 34 40 49 8 15 12 39 30 23 43 37 44 1 16 13 32 45 21 10 36 20 25 19 33 17 31 2 26 6 38 41 28 11 47 14 
5 33 45 12 32 49 1 46 38 39 37 2 29 9 35 23 17 48 20 43 13 28 4 3 36 6 19 10 8 44 42 40 24 18 25 15 16 41 11 47 14 30 31 7 27 21 34 26 22 
9 15 2 8 40 48 39 42 36 11 1 3 7 33 25 13 24 20 22 34 49 32 43 16 26 23 18 31 19 17 28 45 46 21 6 14 12 27 44 4 5 37 35 41 38 10 29 30 47 
29 10 43 6 35 16 24 21 37 30 2 26 12 41 8 14 7 46 17 38 5 3 44 1 20 19 22 28 40 47 34 42 25 39 23 18 32 31 9 15 11 48 45 4 33 49 27 13 36 
18 19 42 45 36 33 49 38 24 4 44 14 13 15 48 10 11 28 3 6 2 40 7 12 34 5 27 8 1 16 29 37 41 35 32 30 47 39 23 20 21 46 43 17 26 31 22 9 25 
14 44 1 37 11 27 5 45 32 40 48 9 34 10 4 47 26 18 33 21 19 15 29 17 6 30 41 25 3 8 31 22 12 20 36 7 35 43 2 13 49 38 42 23 24 46 16 28 39 
32 25 12 21 13 3 7 19 35 22 29 18 31 28 23 42 41 44 43 30 27 46 47 45 4 38 33 39 49 5 11 10 15 9 2 24 17 8 36 34 26 16 40 20 1 14 37 6 48 
31 23 46 38 20 28 4 6 5 17 47 8 39 27 9 16 29 12 37 45 1 2 10 49 48 13 35 36 18 24 43 14 30 7 26 33 22 40 41 25 42 19 11 34 21 32 44 15 3 
34 17 41 26 22 47 30 43 16 49 46 23 20 25 32 35 39 15 36 31 40 42 21 11 14 9 37 24 48 13 4 33 27 38 44 10 29 45 3 1 28 6 2 18 7 12 19 5 8 
47 5 16 30 39 17 32 11 25 34 36 22 48 1 31 12 27 10 35 23 3 45 40 8 15 33 9 38 41 26 19 20 42 2 21 46 13 14 24 29 44 28 4 6 49 18 7 37 43 
12 35 29 46 8 23 11 47 43 38 31 42 19 6 1 22 40 30 44 33 21 25 41 10 49 14 13 17 4 28 18 7 34 15 37 2 20 26 48 27 3 32 39 16 36 45 5 24 9 
27 14 20 31 2 41 18 9 12 45 40 16 30 23 5 32 13 26 47 37 15 7 28 21 24 43 29 6 33 49 46 8 39 44 3 36 1 11 4 42 17 35 48 19 34 22 25 38 10 
28 13 21 36 3 34 38 32 33 41 15 10 17 44 16 11 43 29 25 20 7 5 1 42 18 4 46 23 45 9 24 48 6 47 40 19 49 12 22 37 39 8 26 14 31 2 35 27 30 
33 22 26 19 9 44 43 7 2 13 20 49 3 24 17 48 4 42 34 8 36 31 27 37 12 39 30 35 5 38 10 16 32 14 29 6 25 47 45 23 18 21 28 11 15 40 46 1 41 
37 4 15 25 10 1 45 14 46 27 5 39 28 35 49 9 6 38 18 2 24 22 20 48 3 11 26 19 36 12 23 31 13 17 43 41 34 30 16 40 7 33 44 47 29 8 42 21 32 
48 24 49 42 7 6 40 26 4 37 18 29 8 21 41 46 19 14 28 39 45 36 34 2 47 16 44 32 30 25 22 35 1 11 27 31 5 15 10 9 38 43 17 3 12 33 23 20 13 
46 11 31 28 49 2 9 25 27 35 13 20 37 36 42 34 38 16 10 5 48 8 45 40 30 32 4 3 14 15 47 24 17 29 1 22 39 23 6 41 43 12 19 21 18 7 26 33 44 
39 12 48 7 38 32 25 2 18 26 23 45 43 11 15 19 44 47 27 35 31 41 5 9 21 17 49 29 42 33 16 6 22 46 4 28 37 20 30 14 13 36 24 8 10 1 40 3 34 
43 3 37 5 15 36 33 39 30 10 6 12 16 22 11 29 9 41 49 13 26 44 2 23 19 46 24 7 25 35 27 32 40 28 18 8 48 34 38 21 31 1 14 42 4 20 47 45 17 
23 34 30 18 19 40 13 8 21 5 4 15 44 31 6 24 28 43 7 32 22 20 26 14 33 36 16 1 38 3 49 39 48 41 45 9 11 42 27 17 10 47 46 2 35 37 12 25 29 
41 21 22 29 44 45 8 34 42 32 28 38 1 17 40 30 14 33 46 4 20 47 25 15 10 35 6 27 37 43 26 36 2 19 12 3 18 49 5 24 16 7 9 39 11 23 13 48 31 
6 47 10 14 1 42 27 3 40 33 9 41 24 46 21 39 25 17 2 18 12 43 37 28 13 48 11 34 31 23 7 44 20 8 30 32 4 19 35 26 45 29 36 22 16 38 15 49 5 
26 16 17 20 4 24 35 29 7 47 14 48 49 19 37 36 1 45 23 3 8 18 38 31 22 42 39 12 34 10 21 5 9 13 11 40 44 25 15 33 46 2 32 27 28 43 30 41 6 
24 2 27 44 37 29 6 20 47 23 42 19 14 8 26 7 31 49 32 48 11 1 18 34 41 10 36 21 46 39 9 15 33 30 38 12 45 16 28 5 40 22 13 25 43 3 17 35 4 
8 46 3 41 18 25 28 40 29 2 7 21 11 5 19 20 33 1 12 44 34 14 35 4 32 31 23 9 43 42 37 17 49 26 13 48 38 24 47 36 30 15 22 10 6 16 45 39 27 
35 36 4 16 14 39 21 13 17 46 22 32 33 30 10 38 42 3 6 40 23 11 49 25 29 24 47 2 20 45 5 27 18 34 7 26 9 44 31 43 19 41 12 15 37 48 1 8 28 
38 20 9 15 23 26 42 44 10 3 49 43 18 39 28 25 35 37 21 22 47 13 12 19 8 27 45 33 11 48 6 1 31 16 41 17 14 7 32 46 4 34 29 5 30 36 2 40 24 
17 30 13 40 45 19 47 48 28 1 34 6 15 37 36 43 46 39 5 29 14 26 16 38 44 3 42 22 24 4 2 12 23 32 8 27 33 10 21 18 35 25 49 9 20 11 41 31 7 
1 31 11 22 33 43 34 12 41 9 25 35 36 38 45 17 8 24 4 27 16 39 48 5 7 28 15 30 21 29 40 3 14 10 19 13 6 2 20 49 37 42 23 32 47 26 18 44 46 
49 7 32 48 5 10 12 16 31 24 26 4 27 45 13 18 30 2 41 15 9 17 46 6 40 20 43 37 35 22 44 47 36 25 28 29 23 3 1 11 8 39 38 33 14 34 21 19 42 
40 1 19 2 47 20 48 23 13 18 38 27 9 49 39 31 22 6 45 42 46 33 30 41 25 37 10 15 44 7 12 34 3 43 17 5 28 29 26 35 32 4 21 36 8 24 14 16 11 
36 49 33 17 42 46 10 31 3 21 12 44 32 14 27 8 47 23 48 25 35 34 6 29 38 26 7 40 39 1 30 28 11 45 15 16 41 9 43 19 24 13 5 37 2 4 20 22 18 
25 27 14 9 24 7 41 35 11 19 8 37 6 47 20 15 36 40 16 17 10 4 3 13 23 1 31 42 32 18 38 29 26 22 5 34 2 21 12 44 33 49 30 43 48 39 28 46 45 
4 26 23 39 34 5 31 17 15 36 41 46 42 16 43 1 32 19 30 14 37 35 24 20 28 22 2 44 6 21 48 9 47 49 33 11 27 38 18 8 25 45 7 40 13 29 3 10 12 
44 29 6 32 43 21 15 5 45 7 33 30 40 26 3 28 2 13 11 24 41 19 17 18 39 12 8 49 10 36 25 4 37 31 16 23 46 48 14 22 47 20 27 35 9 42 38 34 1 
16 45 18 11 12 8 37 22 20 28 39 25 10 2 33 4 34 21 38 26 29 27 9 32 43 47 48 5 23 14 13 46 35 40 24 1 7 36 42 30 6 3 41 31 19 44 49 17 15 
22 38 28 35 30 13 3 1 48 29 43 24 4 34 18 5 12 7 9 49 44 16 14 36 11 45 21 46 2 19 20 41 8 27 42 39 31 17 37 10 15 40 47 26 25 6 33 32 23 
################proper############## 

 average_time = 1364.591327 

 success runs = 1 

 total average iters = 159906061.000000 
