Success!!! 
 
 max_col = 
 49 
 
 run_time = 
 921.976169 
 
 once iters = 
 88307573 
 
20 16 25 4 41 1 2 17 7 21 19 44 18 37 35 11 6 42 32 29 26 47 5 43 22 49 23 30 24 9 39 8 12 46 31 13 14 34 38 48 28 15 36 40 27 10 3 33 45 
38 43 28 27 49 10 24 48 8 32 35 33 12 9 34 19 31 15 16 23 40 41 37 13 36 21 2 17 18 45 4 1 44 29 20 7 39 3 25 11 22 26 5 30 47 46 42 6 14 
13 32 6 46 14 36 42 23 29 10 22 2 31 4 38 47 49 20 30 24 8 39 7 34 35 45 3 48 15 33 5 27 28 19 40 44 17 41 37 12 18 1 21 26 25 9 11 43 16 
22 30 18 11 19 45 26 5 36 47 20 43 28 27 44 37 25 17 9 33 1 15 10 6 38 42 14 12 2 16 13 41 32 3 7 40 23 46 31 21 29 4 8 49 24 39 34 48 35 
3 17 40 47 48 5 37 34 49 46 45 26 15 30 39 41 18 21 12 14 27 33 29 28 44 11 24 31 25 23 42 36 38 10 43 6 8 35 16 9 19 20 1 7 4 2 13 32 22 
15 8 33 34 29 39 23 6 14 41 11 3 16 25 13 7 36 43 22 10 45 9 40 19 1 46 4 27 17 35 26 47 37 48 21 42 5 2 49 24 32 30 20 18 44 28 12 38 31 
31 35 12 21 7 44 9 38 13 24 40 1 39 42 5 4 46 48 2 28 3 25 18 32 26 20 16 8 11 14 6 30 49 34 22 43 33 27 10 45 47 36 23 29 15 41 37 17 19 
11 41 2 36 27 4 30 8 45 38 34 13 40 5 46 20 44 33 17 9 49 28 47 35 12 31 22 24 7 15 37 3 1 18 23 39 21 6 48 25 14 16 10 32 43 26 19 42 29 
10 19 26 23 12 43 7 42 11 6 32 30 1 33 21 22 34 2 45 37 47 13 15 38 25 4 49 18 46 31 44 5 41 16 29 17 40 24 35 27 20 3 39 28 48 14 36 8 9 
40 14 9 37 24 31 25 46 27 43 28 49 4 47 29 38 42 16 26 15 11 21 8 48 20 7 36 5 39 2 19 17 35 45 34 12 22 1 41 32 10 13 30 6 3 23 44 18 33 
49 18 39 16 42 48 8 2 10 22 3 9 29 41 23 35 14 7 4 5 36 27 43 26 45 37 30 34 47 21 40 32 24 25 6 33 38 44 28 46 11 19 13 31 20 15 17 12 1 
32 34 3 28 22 46 15 20 23 12 31 21 36 35 30 18 1 24 6 41 19 29 17 16 40 33 44 39 27 48 11 42 14 13 10 9 4 8 43 37 26 45 38 47 7 49 25 2 5 
21 29 38 13 33 20 6 24 15 37 39 17 48 44 32 27 3 25 10 12 28 19 11 1 9 2 42 14 8 26 49 4 43 36 30 31 7 47 23 18 34 5 16 22 46 45 41 35 40 
5 1 44 45 47 35 17 18 26 14 25 16 19 7 48 13 43 8 40 39 31 3 41 10 46 6 32 23 12 38 22 20 33 28 9 2 49 30 42 15 36 29 11 27 34 24 21 4 37 
17 38 27 2 3 18 11 45 35 48 13 41 23 16 37 36 4 40 43 42 20 34 22 15 8 47 29 26 28 44 25 10 19 14 32 24 12 39 6 30 1 9 46 5 33 7 49 31 21 
33 36 29 5 10 40 14 26 44 9 38 20 37 3 31 45 7 11 28 17 15 6 35 18 32 27 1 43 21 46 12 49 39 24 47 8 13 4 19 16 48 34 42 41 30 25 2 22 23 
45 44 1 25 23 30 47 33 24 15 29 5 21 8 3 9 10 41 46 35 13 7 39 49 4 19 12 36 34 18 20 40 6 31 2 22 42 32 14 26 27 43 48 11 17 37 38 16 28 
12 42 21 32 13 37 41 49 25 7 18 14 46 43 19 26 22 6 39 34 29 38 20 31 16 23 48 2 33 4 15 11 9 30 1 45 35 28 3 17 5 40 27 36 8 44 47 10 24 
7 15 31 9 46 6 43 47 19 39 42 40 22 34 24 49 48 1 5 44 21 37 3 30 28 17 25 33 13 27 23 16 8 26 38 10 36 29 2 20 41 11 45 4 32 35 18 14 12 
26 48 22 49 39 34 19 4 12 28 27 32 6 31 2 8 38 30 25 16 14 42 44 5 11 24 13 10 36 41 17 45 29 37 35 46 47 18 21 23 7 33 9 3 1 43 40 20 15 
35 28 24 8 20 16 4 10 17 1 36 11 30 2 27 23 33 12 18 47 32 40 46 9 21 14 45 41 3 42 43 7 5 22 48 37 44 31 15 49 25 38 26 19 6 13 39 29 34 
36 45 43 12 18 38 20 22 48 31 21 29 35 49 42 40 30 14 3 27 33 11 9 2 6 16 8 4 26 37 41 13 10 32 44 1 25 19 17 47 23 24 15 34 28 5 7 46 39 
2 37 7 3 17 9 33 11 39 8 43 36 5 23 4 48 47 28 24 31 41 45 42 46 14 29 19 13 22 25 27 21 20 40 12 18 30 15 34 35 16 6 32 1 10 38 26 49 44 
44 4 41 14 8 29 13 28 18 40 9 10 45 38 16 15 32 34 20 26 39 31 25 23 27 5 35 47 1 11 30 46 17 2 42 49 48 33 7 43 3 21 12 37 19 36 22 24 6 
46 39 48 30 15 21 40 44 32 25 24 12 27 26 18 2 8 10 49 19 23 1 36 33 43 3 41 28 5 7 34 35 45 6 14 11 31 38 29 22 37 42 17 9 16 4 20 13 47 
23 10 11 6 1 24 34 16 33 3 46 47 7 19 45 17 21 5 35 25 44 32 38 20 15 48 37 22 9 29 31 18 36 49 4 41 28 13 26 39 12 2 14 42 40 8 43 27 30 
28 49 16 22 5 47 27 41 2 30 1 42 14 17 11 43 13 9 36 6 37 44 12 7 18 26 34 21 19 24 38 15 48 8 39 20 46 45 32 4 40 10 29 35 23 31 33 3 25 
25 26 19 42 31 32 35 13 37 34 15 4 20 6 12 46 29 22 7 1 38 10 30 39 24 40 17 49 43 47 28 23 16 33 3 27 9 14 5 36 8 44 18 2 11 21 45 41 48 
47 31 13 7 36 27 46 43 28 11 37 35 42 10 22 12 23 49 21 48 5 14 1 17 19 30 15 32 45 40 8 38 26 44 41 29 34 20 24 3 4 25 2 16 39 33 6 9 18 
9 20 15 48 2 25 49 30 5 17 6 18 38 39 36 28 35 19 37 4 24 16 26 3 7 13 43 11 10 22 14 34 47 12 33 21 1 42 44 8 46 27 40 45 41 29 31 23 32 
41 24 35 33 32 42 18 1 46 49 12 34 8 36 43 10 20 13 31 7 9 4 45 47 23 44 38 29 6 30 2 37 11 15 28 26 16 48 22 40 39 17 3 25 14 19 5 21 27 
30 21 37 19 34 22 44 31 20 2 33 45 24 40 47 25 11 32 1 46 17 8 6 27 5 41 18 42 48 39 16 29 3 4 36 23 43 49 9 38 35 14 28 10 13 12 15 7 26 
16 23 14 10 38 11 45 9 4 26 41 48 3 29 40 34 15 39 8 18 6 24 28 36 33 12 21 46 20 17 1 25 13 27 5 30 2 7 47 19 31 32 37 43 22 42 35 44 49 
4 6 5 39 26 17 28 25 47 16 7 15 32 14 33 44 41 27 29 3 30 49 2 22 31 35 40 9 42 43 24 19 23 21 46 36 45 37 12 10 13 18 34 8 38 48 1 11 20 
1 3 8 40 43 12 29 19 22 13 23 27 44 21 14 16 26 45 38 2 42 48 34 37 10 39 20 25 32 49 9 31 7 35 18 15 11 5 33 41 6 28 24 17 36 30 46 47 4 
6 27 45 31 25 19 36 32 21 35 10 8 2 22 1 30 39 18 11 40 12 43 4 41 13 15 7 16 49 5 3 33 42 17 24 14 29 23 46 28 44 48 47 20 37 34 9 26 38 
29 13 42 26 30 14 48 27 3 4 5 38 47 12 41 31 24 36 19 8 7 46 33 11 17 10 9 37 23 28 35 44 22 20 45 25 32 21 18 34 49 39 6 15 2 1 16 40 43 
37 5 49 18 44 33 10 39 41 36 17 24 34 46 25 42 16 4 23 43 22 20 48 29 30 38 27 3 40 19 21 9 2 1 11 47 6 26 8 13 15 35 31 12 45 32 14 28 7 
34 9 32 1 40 41 39 29 16 45 44 25 11 18 49 14 37 46 33 20 10 12 23 8 2 28 47 19 4 36 48 6 15 7 26 3 27 43 30 42 38 31 22 21 35 17 24 5 13 
8 11 47 35 21 7 16 15 9 42 14 31 26 28 17 3 27 44 48 38 2 22 32 24 39 25 6 45 37 34 29 43 30 41 13 19 20 40 1 5 33 12 4 23 49 18 10 36 46 
43 2 20 17 28 3 12 37 40 33 49 23 13 48 6 29 45 47 15 32 35 5 14 21 34 18 26 1 16 8 46 39 31 38 25 4 10 9 36 7 24 22 41 44 42 27 30 19 11 
24 22 46 15 4 23 38 7 6 20 30 19 43 1 9 5 28 26 13 21 34 35 49 40 42 36 31 44 14 32 10 12 18 47 27 16 41 11 45 2 17 37 25 33 29 3 48 39 8 
39 40 23 43 45 2 1 21 34 18 8 6 25 11 7 32 12 29 42 13 16 17 19 44 49 22 5 35 41 3 47 48 27 9 37 38 24 10 4 31 30 46 33 14 26 20 28 15 36 
14 47 4 38 16 26 21 12 30 44 48 28 17 20 8 6 19 23 41 36 46 2 13 25 3 1 33 7 35 10 45 24 34 5 15 32 18 22 40 29 9 49 43 39 31 11 27 37 42 
19 46 36 41 6 49 22 35 1 27 16 7 10 45 15 39 2 37 34 11 4 30 24 42 29 9 28 38 31 20 18 14 40 23 17 5 26 12 13 33 43 8 44 48 21 47 32 25 3 
42 7 30 20 9 8 3 40 43 29 4 37 33 15 26 24 5 31 44 49 25 18 21 45 41 32 11 6 38 1 36 28 46 39 16 48 19 17 27 14 2 47 35 13 12 22 23 34 10 
18 33 17 29 37 15 31 14 42 23 47 46 41 13 28 1 9 38 27 45 43 26 16 4 48 34 10 20 44 12 32 22 25 11 19 35 3 36 39 6 21 7 49 24 5 40 8 30 2 
48 12 34 24 11 13 5 3 31 19 26 39 49 32 10 21 17 35 47 22 18 36 27 14 37 43 46 40 30 6 33 2 4 42 8 28 15 25 20 44 45 23 7 38 9 16 29 1 41 
27 25 10 44 35 28 32 36 38 5 2 22 9 24 20 33 40 3 14 30 48 23 31 12 47 8 39 15 29 13 7 26 21 43 49 34 37 16 11 1 42 41 19 46 18 6 4 45 17 
################proper############## 

 average_time = 921.976169 

 success runs = 1 

 total average iters = 88307573.000000 
