Success!!! 
 
 max_col = 
 49 
 
 run_time = 
 1634.693037 
 
 once iters = 
 154717305 
 
21 2 41 26 13 28 32 34 36 5 17 35 19 7 37 48 27 9 31 23 6 22 14 46 25 10 47 24 39 20 38 49 4 42 11 1 29 12 30 16 43 15 3 45 40 8 33 18 44 
38 43 6 40 12 27 24 11 39 3 16 49 32 25 8 29 7 47 26 4 42 48 17 23 37 9 2 44 19 35 33 21 13 45 1 14 31 5 20 22 18 10 34 36 30 41 46 15 28 
7 19 33 44 35 20 31 23 13 45 9 10 28 47 22 39 5 1 30 3 11 42 41 4 49 26 32 15 48 18 16 27 17 12 6 46 36 8 34 21 40 25 14 38 43 29 24 37 2 
39 23 45 37 5 8 4 43 38 20 12 1 42 48 25 32 16 18 28 17 35 34 21 36 31 30 11 19 14 15 29 3 40 46 44 2 41 13 49 26 24 33 7 10 27 22 9 47 6 
1 34 46 10 47 30 18 8 22 33 31 24 2 14 13 44 15 21 12 45 49 40 3 16 7 28 5 29 32 43 41 23 36 25 9 6 27 39 37 4 38 17 26 19 48 35 11 42 20 
15 9 48 36 16 42 14 44 21 29 46 40 30 37 20 24 41 33 2 10 38 12 6 13 27 18 39 43 28 47 26 31 34 8 22 3 45 7 19 11 32 35 49 23 4 25 5 1 17 
49 3 25 29 11 22 17 41 4 27 6 26 15 18 36 46 40 19 43 34 14 35 20 38 45 8 1 33 2 24 10 5 7 37 30 23 47 44 48 42 9 28 13 31 39 16 32 21 12 
34 30 29 16 6 46 25 20 48 41 28 12 47 2 45 3 14 32 24 36 26 4 44 27 18 5 8 37 7 9 1 17 35 21 19 39 40 49 10 33 13 11 38 43 15 31 42 22 23 
23 24 11 49 14 36 48 33 5 22 1 7 39 21 9 30 46 43 40 19 20 29 32 42 47 12 25 10 18 45 15 28 26 6 34 38 8 17 35 31 44 27 37 2 41 3 13 4 16 
8 33 42 39 7 15 21 9 19 46 10 44 17 3 11 34 23 37 1 48 29 2 22 28 38 35 40 13 43 27 31 36 30 24 32 41 18 16 5 12 14 4 47 26 6 45 49 20 25 
10 20 13 27 1 18 9 15 26 36 42 6 23 8 35 5 21 2 41 12 4 45 34 43 39 3 31 7 46 16 49 14 38 40 25 22 19 47 24 29 37 30 11 33 32 17 28 44 48 
17 40 2 47 44 3 45 37 34 25 38 43 35 31 28 6 8 27 13 7 10 14 49 15 41 24 19 16 4 12 48 20 22 11 33 9 26 32 21 23 42 46 18 29 36 1 30 5 39 
5 12 28 38 37 4 26 13 49 11 32 29 14 24 39 31 18 42 17 22 16 6 46 48 1 33 30 21 8 2 47 44 10 23 41 45 20 25 15 43 3 36 27 35 19 7 40 34 9 
41 22 35 31 43 32 19 40 30 4 18 16 45 27 49 47 38 25 44 15 33 17 26 11 23 36 9 20 37 29 3 42 5 13 39 28 34 1 7 2 6 48 8 21 14 46 12 24 10 
35 38 44 48 36 33 30 22 16 42 29 14 1 11 26 49 43 34 18 6 15 10 28 37 19 17 27 31 41 3 5 25 20 2 24 7 32 9 4 13 47 8 40 46 45 39 23 12 21 
22 47 37 14 3 12 2 36 27 19 48 45 20 23 1 35 10 8 7 44 30 13 4 9 5 38 46 41 49 42 34 43 29 32 26 21 6 33 17 40 39 16 25 24 11 15 18 28 31 
13 27 21 45 42 31 41 26 25 8 30 28 37 39 33 20 36 24 16 32 17 7 35 12 2 15 44 49 9 38 4 40 6 22 14 43 46 11 18 3 19 23 1 5 10 34 29 48 47 
9 25 4 24 17 34 1 18 41 43 13 15 21 32 5 45 22 48 39 42 3 23 40 14 33 20 6 26 12 11 37 35 46 28 47 27 10 30 2 38 31 29 19 7 44 49 8 16 36 
28 10 19 18 15 23 11 7 3 6 33 47 49 12 46 40 2 31 29 14 41 39 24 32 8 16 34 22 21 44 13 1 45 48 17 36 37 20 25 35 5 42 4 30 26 9 43 38 27 
29 7 20 46 26 43 16 31 40 10 5 34 44 9 4 23 19 11 37 38 28 25 1 45 21 47 3 42 30 8 36 39 27 18 15 48 22 14 12 41 49 24 2 6 35 13 17 32 33 
32 6 39 8 40 49 5 4 46 17 2 38 24 35 21 25 9 12 47 27 13 43 36 30 48 29 18 11 23 33 19 10 31 16 7 15 28 45 1 34 26 44 20 42 22 37 3 14 41 
40 28 32 15 20 38 37 47 2 14 4 31 22 33 23 41 34 10 42 11 5 3 9 8 16 27 43 35 29 17 30 12 21 19 45 44 25 24 6 7 1 39 36 18 49 48 26 13 46 
11 26 22 5 49 44 8 29 28 30 34 25 9 36 7 18 24 40 15 16 12 19 45 21 13 37 48 6 20 10 46 2 39 3 38 32 33 42 31 17 27 47 35 4 1 23 14 41 43 
46 39 14 4 25 7 10 12 43 37 45 21 27 19 29 36 48 26 32 13 47 38 23 5 44 2 24 1 42 49 35 18 41 33 8 11 16 28 40 15 20 22 31 9 34 30 6 17 3 
24 35 27 2 45 1 3 42 20 26 49 18 10 38 6 21 17 4 22 30 44 36 25 31 29 39 15 46 40 14 23 32 28 47 13 19 9 43 41 48 34 37 33 8 5 12 16 7 11 
12 17 9 19 23 6 36 39 44 48 15 8 41 1 43 37 31 35 33 2 46 28 7 10 11 42 14 18 16 25 22 34 24 27 5 29 4 26 3 49 30 13 45 47 38 20 21 40 32 
33 18 30 13 48 41 42 16 17 23 3 11 5 40 14 1 28 39 45 8 9 20 47 26 22 32 49 34 6 31 44 7 15 43 4 12 21 38 46 36 35 2 29 25 37 10 27 19 24 
43 29 31 21 34 16 47 35 6 7 24 32 46 13 27 19 49 38 3 20 25 33 30 40 17 4 41 12 26 36 9 11 48 1 37 18 23 10 14 45 8 5 28 15 42 2 44 39 22 
45 36 7 33 2 48 44 30 10 1 8 23 18 5 16 11 47 49 34 9 31 37 15 6 46 19 20 28 38 21 25 22 42 35 12 24 43 4 13 39 29 40 32 17 3 27 41 26 14 
25 1 24 9 28 11 13 49 29 16 19 46 3 34 30 8 33 14 36 18 22 47 38 41 10 44 23 39 17 40 27 45 37 20 31 26 7 6 42 32 21 12 5 48 2 43 15 35 4 
20 4 5 23 18 14 12 28 35 13 36 17 40 43 15 38 42 7 21 39 1 24 2 25 9 11 26 45 47 34 32 41 44 30 48 31 3 27 8 19 16 49 6 22 46 33 37 10 29 
26 31 17 22 29 37 40 32 7 21 44 20 25 15 3 10 13 46 6 28 27 49 42 33 34 1 16 4 36 39 24 19 2 14 43 35 30 41 23 5 48 45 9 11 12 47 38 8 18 
19 41 16 32 39 47 34 2 14 24 27 33 11 22 40 26 4 29 20 35 45 21 48 3 43 31 12 30 5 6 8 9 18 15 23 37 1 46 28 10 17 38 42 44 13 36 25 49 7 
27 42 43 6 38 21 49 45 31 39 47 37 48 26 12 2 44 5 23 41 32 18 13 17 35 7 29 8 10 46 11 33 16 4 3 25 15 34 36 9 22 14 24 40 20 28 1 30 19 
30 15 8 3 10 35 46 6 9 38 41 4 12 42 48 43 25 17 19 24 37 32 27 22 40 14 36 5 1 7 28 13 49 26 29 47 44 2 11 20 33 18 39 16 31 21 34 23 45 
16 37 47 41 9 19 39 3 15 2 25 42 36 30 38 22 29 23 5 26 43 11 31 18 20 48 28 14 45 13 17 6 12 49 21 34 35 40 32 1 4 7 46 27 24 44 10 33 8 
31 11 23 1 46 25 28 5 37 44 22 9 33 49 10 17 35 41 14 40 48 26 39 2 24 13 45 3 15 32 20 4 19 29 27 8 38 21 43 47 12 6 30 34 16 18 7 36 42 
44 48 40 12 32 2 29 24 11 31 21 39 4 20 19 7 6 28 25 33 8 30 37 49 15 46 35 27 34 26 18 16 1 41 42 10 17 23 22 14 36 9 43 13 47 5 45 3 38 
4 8 10 34 30 26 22 17 12 32 40 41 38 45 18 27 1 13 11 46 39 5 43 29 42 25 33 47 35 23 2 24 3 7 36 20 49 48 16 44 28 31 21 37 9 14 19 6 15 
3 49 18 43 27 17 6 46 1 35 7 48 13 29 44 16 45 30 4 37 36 9 19 34 12 21 38 32 31 22 14 8 47 10 28 5 42 15 33 24 25 26 41 39 23 11 20 2 40 
42 5 38 20 24 45 7 14 23 47 43 19 6 16 34 12 32 15 49 31 21 8 10 1 36 40 22 17 44 30 39 37 33 9 46 13 11 3 27 18 2 41 48 28 29 26 4 25 35 
36 14 15 35 21 13 33 10 18 34 26 27 8 28 2 42 20 3 9 47 24 44 16 7 6 41 4 23 25 48 43 38 11 5 40 30 39 29 45 37 46 19 12 1 17 32 22 31 49 
6 16 36 30 22 5 20 38 33 49 35 2 31 17 32 4 11 44 27 1 19 41 8 47 28 23 21 48 3 37 40 29 25 34 10 42 14 18 26 46 45 43 15 12 7 24 39 9 13 
47 45 12 17 4 40 23 1 32 9 39 30 7 10 42 33 3 16 48 25 18 46 11 24 26 43 37 38 13 19 21 15 8 36 2 49 5 31 44 27 41 20 22 14 28 6 35 29 34 
37 13 49 25 31 29 15 19 24 12 20 3 26 44 17 28 39 22 8 21 7 1 5 35 14 34 42 2 27 4 45 46 23 38 16 33 48 36 9 6 11 32 10 41 18 40 47 43 30 
18 21 26 42 33 39 35 25 47 40 23 13 16 4 41 14 30 6 46 5 34 27 12 19 32 45 10 9 24 1 7 48 43 31 20 17 2 22 29 28 15 3 44 49 8 38 36 11 37 
2 46 3 28 19 10 43 48 45 15 14 5 29 6 47 9 26 36 35 49 23 16 33 39 4 22 13 25 11 41 12 30 32 44 18 40 24 37 38 8 7 34 17 20 21 42 31 27 1 
14 32 1 7 41 24 38 27 8 18 11 36 34 46 31 13 37 20 10 43 2 15 29 44 30 6 17 40 22 28 42 26 9 39 49 4 12 35 47 25 23 21 16 3 33 19 48 45 5 
48 44 34 11 8 9 27 21 42 28 37 22 43 41 24 15 12 45 38 29 40 31 18 20 3 49 7 36 33 5 6 47 14 17 35 16 13 19 39 30 10 1 23 32 25 4 2 46 26 
################proper############## 

 average_time = 1634.693037 

 success runs = 1 

 total average iters = 154717305.000000 
