Success!!! 
 
 max_col = 
 49 
 
 run_time = 
 437.596076 
 
 once iters = 
 39474429 
 
39 2 20 34 1 33 41 22 4 31 8 48 40 42 16 35 29 26 43 14 18 12 9 13 44 28 17 47 3 45 27 5 36 10 6 46 25 24 32 23 21 38 37 30 7 19 15 49 11 
49 15 29 21 43 31 16 36 13 9 34 5 38 23 20 6 46 42 41 22 1 25 32 19 24 10 26 11 12 18 44 17 30 35 37 28 45 2 14 4 27 7 8 39 48 3 47 40 33 
27 30 4 26 6 9 44 1 12 17 18 25 15 49 34 28 45 48 8 36 47 5 46 2 20 37 3 31 32 14 43 22 11 42 7 16 19 33 41 13 39 40 23 38 29 24 35 21 10 
18 36 24 3 48 25 47 29 39 7 30 21 46 14 9 40 4 11 32 27 2 1 49 6 16 35 45 42 15 13 23 33 34 19 38 31 12 8 37 10 43 44 26 41 20 22 28 17 5 
12 19 22 42 32 11 40 10 6 20 3 27 35 44 23 37 7 17 25 30 38 18 14 8 33 21 41 36 28 46 24 49 39 29 31 26 1 5 48 34 15 47 4 45 16 43 2 9 13 
45 38 14 23 7 5 35 19 28 37 33 26 47 2 44 39 13 24 12 10 21 48 34 15 30 29 27 43 8 4 1 41 40 20 16 17 11 22 9 49 3 36 32 6 42 31 18 25 46 
8 13 46 37 10 17 28 41 24 32 16 43 11 45 49 5 19 31 15 3 33 7 23 39 4 22 38 40 21 25 2 48 9 47 26 20 6 30 18 35 42 29 44 27 34 12 1 14 36 
38 17 16 5 41 43 46 11 37 26 25 2 22 7 21 33 31 39 13 28 29 15 47 49 8 3 19 44 10 9 32 35 45 6 1 27 24 23 42 30 18 34 40 48 4 20 14 36 12 
13 24 35 15 40 32 25 14 47 19 42 6 29 39 12 44 5 8 17 38 11 43 45 37 22 48 33 4 23 27 31 34 28 21 3 49 36 10 16 41 20 1 9 46 30 2 7 26 18 
33 1 42 30 45 34 12 16 18 44 40 8 28 31 37 46 23 20 49 4 36 41 27 38 9 32 13 24 48 22 25 2 5 15 17 7 35 14 21 39 26 43 29 47 3 10 11 19 6 
21 10 11 28 8 39 14 45 23 3 48 36 24 34 22 2 30 43 6 15 19 16 18 1 35 40 25 20 7 49 38 37 33 26 44 12 46 31 47 9 29 4 5 32 17 42 27 13 41 
3 31 7 44 36 23 19 27 35 33 41 17 21 46 40 48 34 16 9 25 42 2 10 14 6 26 29 12 18 30 11 4 20 43 47 8 15 28 13 32 37 5 38 1 45 39 49 22 24 
48 37 9 27 20 2 4 49 32 1 10 30 5 13 18 24 3 7 26 47 41 46 28 11 34 36 23 21 19 29 14 42 8 12 39 38 22 45 44 6 40 17 31 43 35 15 33 16 25 
26 18 49 29 22 47 6 43 15 12 38 9 4 20 32 14 1 27 35 45 10 17 7 31 5 42 39 30 36 16 40 46 13 24 41 11 48 19 33 3 2 25 28 37 8 44 23 34 21 
2 29 34 8 15 38 26 28 9 48 5 19 10 30 39 13 43 40 42 16 37 32 11 12 17 23 22 27 6 1 45 44 35 4 49 47 7 25 20 21 24 33 18 3 31 41 36 46 14 
11 48 13 39 9 27 22 12 38 16 6 14 17 40 36 21 15 18 29 19 44 28 35 10 25 7 24 2 34 31 3 30 23 32 33 37 8 49 45 43 41 46 42 20 5 4 26 47 1 
41 47 6 14 18 20 49 15 1 21 26 46 3 22 45 32 35 38 27 2 25 40 44 33 37 4 34 19 29 28 36 8 17 9 43 30 13 16 5 31 10 42 24 12 23 11 48 7 39 
42 32 40 31 19 12 10 23 25 39 24 29 27 8 30 11 17 49 4 5 3 45 20 16 1 6 18 26 47 41 21 7 15 2 46 48 9 36 34 14 28 22 33 35 37 13 43 38 44 
7 44 37 25 33 21 23 42 41 18 32 49 43 4 31 34 14 28 48 12 8 3 30 5 46 47 36 13 20 38 16 26 10 22 24 29 17 1 11 40 35 39 6 19 27 9 45 2 15 
35 46 5 17 3 36 43 33 44 2 45 13 34 37 7 22 47 41 24 1 20 8 31 21 48 15 9 29 42 12 39 19 14 27 11 32 23 6 26 38 4 18 49 25 10 16 40 28 30 
4 28 45 16 24 30 1 35 36 47 7 20 31 11 33 10 9 6 23 26 46 49 41 42 38 14 43 39 25 40 37 13 18 5 48 19 3 12 15 2 44 27 34 17 21 8 32 29 22 
6 34 8 10 11 40 5 21 14 24 37 38 18 12 35 7 16 32 33 17 28 29 43 20 36 9 46 23 41 42 30 25 49 39 15 22 26 13 27 19 45 31 3 4 47 48 44 1 2 
46 9 2 7 27 16 37 26 42 22 19 4 13 32 24 8 40 45 38 49 43 39 21 41 47 11 15 18 31 5 10 1 29 44 36 6 34 3 12 48 33 23 17 14 28 30 25 20 35 
15 25 38 47 28 3 48 20 43 29 35 33 7 41 46 36 44 23 1 31 14 26 4 30 40 13 10 45 22 6 34 24 21 17 19 9 16 37 2 5 11 49 12 8 18 32 39 42 27 
1 39 17 12 23 19 36 48 40 34 2 47 25 3 5 26 27 4 21 9 22 38 24 32 31 44 14 33 37 11 13 28 7 18 45 35 41 20 10 42 30 8 15 16 49 29 46 6 43 
44 33 30 41 26 22 42 31 5 28 46 16 23 15 6 19 11 3 18 39 34 37 17 35 7 2 49 48 9 20 12 47 4 8 27 1 29 43 40 25 32 14 45 36 24 21 13 10 38 
24 4 32 45 29 49 18 17 11 27 9 1 8 10 2 41 20 13 30 37 12 42 3 25 28 34 16 6 35 43 48 14 38 46 40 21 39 7 36 44 47 15 19 22 33 23 5 31 26 
43 35 31 20 14 13 21 39 49 45 36 44 30 6 25 29 10 15 47 42 48 19 1 22 12 27 5 8 33 3 26 23 2 16 32 18 38 4 28 17 46 24 7 40 11 34 41 37 9 
37 26 19 13 46 29 33 4 8 35 21 24 45 5 48 3 42 1 11 40 15 22 16 36 2 30 7 17 44 47 9 10 25 28 12 23 20 39 6 27 49 41 43 18 14 38 34 32 31 
14 20 36 35 16 44 30 34 2 23 27 42 37 17 28 12 22 33 46 32 9 10 39 48 19 45 4 49 1 21 6 40 26 11 13 25 43 18 38 24 31 3 41 5 15 47 29 8 7 
34 8 28 2 17 45 27 47 7 38 44 39 9 33 4 16 49 5 31 21 24 11 13 46 3 43 37 35 30 48 18 15 19 41 20 42 14 29 1 22 36 32 25 23 26 6 10 12 40 
40 43 47 32 49 6 9 46 20 41 15 11 12 36 29 25 18 37 45 7 13 33 38 27 23 1 21 34 14 39 5 3 42 31 4 2 10 35 19 26 8 16 22 28 44 17 24 30 48 
10 12 18 4 5 42 7 6 19 43 22 31 32 1 26 23 39 14 36 35 30 44 40 9 29 25 47 41 24 8 46 38 16 45 34 13 28 15 17 37 48 11 20 21 2 27 3 33 49 
31 22 48 24 21 15 38 3 30 25 13 10 16 18 19 17 41 44 2 8 27 6 5 26 14 20 28 32 43 23 49 29 37 33 35 40 47 34 7 12 9 45 36 11 46 1 4 39 42 
23 41 3 11 25 1 39 40 48 49 14 28 26 29 10 43 38 47 34 20 6 24 12 18 42 31 8 15 2 17 7 27 32 36 22 44 4 46 30 33 5 21 16 13 9 45 37 35 19 
25 3 1 19 44 14 32 7 16 11 31 35 36 28 38 20 21 9 40 41 5 23 29 43 45 49 2 37 27 24 17 18 22 30 8 4 42 26 46 47 12 48 13 10 39 33 6 15 34 
5 45 43 38 39 8 34 2 26 13 4 12 20 19 42 15 28 25 37 23 49 35 48 47 27 24 1 46 16 44 41 36 3 7 10 33 30 9 22 18 14 6 21 29 32 40 31 11 17 
28 23 33 46 2 24 17 37 34 8 1 22 49 38 14 27 6 29 7 44 39 30 36 4 10 5 31 3 26 32 19 9 47 13 21 15 40 41 43 11 16 35 48 42 25 18 12 45 20 
16 49 15 48 47 37 11 30 45 14 43 40 6 25 3 18 32 46 10 33 35 13 22 44 41 38 42 28 5 2 20 31 12 34 29 24 21 17 39 8 23 19 1 26 36 7 9 27 4 
30 42 10 22 13 26 20 5 21 15 29 32 33 48 47 1 24 2 19 43 17 34 25 40 18 39 12 9 49 35 4 11 6 38 14 36 31 27 3 45 7 37 46 44 41 28 16 23 8 
36 7 41 6 4 18 29 9 27 46 23 3 39 24 8 31 12 34 16 11 26 21 19 17 15 33 32 14 40 37 28 45 1 48 42 10 44 38 25 20 13 2 35 49 22 5 30 43 47 
9 21 27 40 12 35 31 18 10 42 17 41 44 47 13 45 36 30 22 48 4 20 6 7 26 8 11 16 39 15 33 43 46 23 25 5 49 32 29 1 34 28 14 2 38 37 19 24 3 
29 6 12 1 31 46 8 13 33 36 49 45 2 21 17 42 48 10 3 24 7 14 26 34 32 16 20 25 11 19 47 39 27 37 18 43 5 44 4 28 38 9 30 15 40 35 22 41 23 
22 5 39 49 37 4 13 44 31 40 28 18 1 27 41 47 26 21 14 34 32 9 15 23 11 19 35 10 38 36 8 12 43 3 30 45 33 42 24 16 25 20 2 7 6 46 17 48 29 
17 11 26 18 38 7 15 8 22 6 47 37 42 35 27 49 33 12 44 13 16 31 2 28 43 46 40 5 4 34 29 21 41 25 9 39 32 48 23 36 19 30 10 24 1 14 20 3 45 
47 14 21 43 30 28 24 25 3 5 20 15 19 26 11 9 37 35 39 46 31 4 33 29 49 17 48 22 45 10 42 32 44 1 23 41 2 40 8 7 6 12 27 34 13 36 38 18 16 
19 27 44 36 34 48 2 32 17 30 12 7 14 9 15 4 25 22 20 29 23 47 42 45 39 41 6 38 13 26 35 16 24 40 28 3 18 21 31 46 1 10 11 33 43 49 8 5 37 
20 16 25 9 35 10 45 24 29 4 11 23 41 43 1 38 2 36 28 18 40 27 8 3 21 12 30 7 46 33 22 6 48 14 5 34 37 47 49 15 17 13 39 31 19 26 42 44 32 
32 40 23 33 42 41 3 38 46 10 39 34 48 16 43 30 8 19 5 6 45 36 37 24 13 18 44 1 17 7 15 20 31 49 2 14 27 11 35 29 22 26 47 9 12 25 21 4 28 
################proper############## 

 average_time = 437.596076 

 success runs = 1 

 total average iters = 39474429.000000 
