Success!!! 
 
 max_col = 
 49 
 
 run_time = 
 1290.630132 
 
 once iters = 
 124899371 
 
3 12 19 21 9 32 24 30 31 41 20 4 2 33 38 6 13 17 26 49 10 37 22 47 25 39 1 42 7 44 43 29 5 35 48 14 28 8 34 11 46 18 16 15 23 36 45 40 27 
18 35 4 30 46 7 15 43 3 10 19 49 26 44 40 21 16 29 24 27 14 13 11 2 48 6 36 5 12 34 41 20 45 17 33 22 37 32 31 38 42 23 28 39 8 47 1 9 25 
1 40 38 8 10 23 2 25 47 46 12 32 5 11 3 33 48 22 37 35 7 27 34 24 21 18 15 45 42 16 9 6 49 28 30 36 44 17 39 29 41 19 31 13 20 4 26 14 43 
28 11 16 34 27 13 44 48 1 8 14 17 24 39 19 46 9 31 15 45 5 33 43 32 35 7 12 29 38 36 40 18 47 23 3 4 2 26 10 25 21 20 49 37 42 22 41 30 6 
26 31 20 45 48 17 49 28 23 27 36 37 21 40 1 47 25 39 18 44 42 41 14 8 9 3 30 38 19 32 22 46 13 15 4 6 16 35 7 33 43 24 10 34 2 29 11 5 12 
47 41 39 29 6 37 25 42 9 7 45 18 15 22 34 20 43 2 23 28 36 16 46 40 4 44 17 49 8 26 11 1 31 14 10 12 48 30 13 5 27 3 35 24 38 33 19 21 32 
36 42 43 33 14 5 22 29 34 38 16 13 35 6 8 41 12 30 4 11 32 28 10 20 23 31 26 19 2 25 37 21 39 24 27 40 45 9 47 1 15 49 46 3 7 44 17 48 18 
29 7 3 11 31 21 36 14 49 23 13 33 41 4 46 16 5 34 45 22 37 24 2 25 42 35 8 44 10 15 20 17 27 48 26 1 43 40 18 6 28 30 32 38 9 12 47 39 19 
27 28 35 41 4 6 45 46 30 18 15 7 22 29 12 40 10 11 44 24 17 36 49 3 5 19 47 9 43 39 14 37 34 21 23 32 13 38 42 8 16 33 1 20 25 26 2 31 48 
19 14 34 32 38 47 17 10 20 45 2 6 3 12 41 39 49 27 43 8 35 15 37 48 18 33 40 31 22 1 30 24 28 13 9 29 25 5 11 26 23 46 44 16 4 21 42 36 7 
10 5 13 44 40 48 33 39 37 26 28 24 1 9 20 38 42 36 19 15 18 17 30 4 7 45 43 27 32 8 47 11 25 49 16 31 14 2 21 35 22 12 23 29 6 46 34 3 41 
15 24 1 12 18 2 37 31 19 34 25 42 27 5 23 48 28 21 29 30 13 39 16 22 26 32 46 20 35 4 45 44 6 36 38 7 49 41 17 3 47 9 14 10 40 11 33 43 8 
25 30 49 23 22 43 39 16 36 44 8 21 11 48 9 3 2 32 47 33 26 6 12 29 1 38 14 10 31 5 42 7 46 40 41 45 4 24 37 20 19 34 27 28 35 15 18 17 13 
42 20 26 9 16 46 8 35 17 43 47 40 32 38 31 7 1 25 6 14 4 34 28 23 41 13 21 11 18 3 2 33 29 12 19 48 36 10 44 27 39 15 24 22 37 45 30 49 5 
37 48 15 36 11 18 14 24 40 33 34 47 4 35 26 13 32 45 17 38 8 7 21 44 12 10 27 30 28 9 5 39 42 16 49 43 6 29 23 2 1 25 3 46 31 41 22 19 20 
17 2 30 1 32 8 3 23 7 5 18 31 28 20 10 44 46 49 41 42 24 4 36 15 47 37 33 22 13 48 27 19 40 29 6 35 26 21 12 39 34 45 43 25 11 38 9 16 14 
39 9 23 26 19 35 38 11 44 3 49 25 12 2 33 36 7 4 34 6 16 5 31 18 43 17 29 46 45 21 8 22 41 30 14 15 20 28 32 47 24 13 42 1 27 48 37 10 40 
20 22 5 7 43 31 13 36 41 21 46 29 42 15 27 14 39 9 40 12 47 45 26 1 49 24 3 25 37 38 35 23 33 44 11 16 18 4 19 48 10 8 6 2 34 17 28 32 30 
12 27 24 49 25 10 40 37 16 14 43 8 17 1 2 28 35 3 48 29 11 19 42 9 34 20 38 6 47 31 32 4 18 26 7 41 46 33 5 30 36 22 45 21 44 13 39 15 23 
44 45 28 6 47 33 29 9 48 39 22 10 19 13 25 23 30 37 1 21 15 40 32 14 16 8 41 35 24 43 34 36 2 46 20 38 11 42 27 31 3 17 7 49 26 18 5 12 4 
4 34 21 46 41 42 16 27 26 30 6 45 38 32 18 22 20 5 31 43 19 2 48 11 13 28 23 39 3 17 12 15 1 10 25 44 9 7 49 37 40 14 8 47 29 35 36 33 24 
38 3 31 39 8 1 12 18 14 6 48 28 46 21 29 2 19 16 7 32 9 25 33 5 37 11 24 13 36 47 44 41 26 22 45 23 30 34 15 4 49 40 20 17 43 10 27 42 35 
2 10 44 17 36 45 6 32 29 40 23 22 25 49 30 1 4 12 14 13 3 43 38 19 27 34 42 47 16 37 48 35 11 31 15 26 33 20 9 24 8 5 41 7 46 28 21 18 39 
40 32 14 47 24 11 27 8 33 1 10 36 16 41 43 15 45 38 25 34 46 30 23 17 29 49 28 21 39 7 3 5 20 4 2 42 35 19 6 18 48 44 26 31 12 37 13 22 9 
35 15 33 48 49 16 46 19 12 2 31 34 7 27 28 5 24 20 11 39 41 26 3 45 36 9 4 18 1 40 21 25 14 43 42 13 10 47 29 22 17 37 38 32 30 23 8 6 44 
23 29 37 5 20 30 19 26 35 9 42 38 13 17 44 27 21 18 33 47 48 22 39 41 31 1 7 40 6 10 49 34 12 32 8 11 3 46 16 28 25 43 4 14 36 2 24 45 15 
43 21 42 28 13 4 34 44 24 20 11 30 45 47 37 35 8 26 22 31 49 14 6 16 10 46 2 15 23 19 29 27 9 18 17 39 32 36 38 7 12 41 33 40 3 5 48 25 1 
9 25 22 18 7 26 41 15 39 4 3 5 43 37 42 17 40 10 36 23 6 44 8 12 20 48 35 32 30 24 46 13 38 33 28 2 27 14 45 21 31 1 19 11 16 34 49 29 47 
31 49 29 40 23 44 30 34 13 35 38 19 47 46 5 45 15 8 10 48 27 11 17 43 33 22 9 4 21 6 26 28 36 41 39 3 12 37 24 42 32 16 25 18 14 1 20 7 2 
32 38 45 27 37 20 28 3 21 25 5 1 14 43 4 12 18 7 16 19 39 35 41 34 8 29 6 36 46 49 17 10 48 42 40 33 22 15 2 23 44 11 13 30 24 9 31 47 26 
7 17 25 43 39 9 18 22 11 28 27 2 10 26 14 32 41 42 35 3 1 23 13 30 44 5 16 37 29 12 24 8 19 47 34 20 31 6 40 36 45 21 48 33 15 49 4 38 46 
46 6 2 10 3 22 5 40 18 48 44 41 31 16 17 24 29 33 38 26 30 32 15 39 45 42 19 12 4 20 25 14 43 9 1 47 34 13 28 49 7 35 36 8 21 27 23 37 11 
24 47 41 42 33 12 11 45 15 29 4 9 8 7 36 37 6 23 49 20 43 38 25 21 46 26 31 3 44 27 13 32 35 2 18 17 1 39 30 10 14 48 34 5 22 19 40 28 16 
21 16 8 14 1 15 26 49 6 42 17 39 30 36 22 31 47 13 2 46 34 18 20 27 28 40 48 24 33 11 23 38 3 7 37 19 41 25 4 9 5 29 12 44 10 43 32 35 45 
48 4 36 13 34 19 35 33 32 12 24 20 37 23 21 9 11 44 28 25 40 47 7 49 14 2 10 1 15 30 16 31 22 45 5 8 38 18 46 43 26 27 39 42 17 3 6 41 29 
33 13 32 4 21 28 47 38 46 37 30 12 18 45 48 29 27 43 20 9 25 31 44 26 24 15 34 41 11 14 10 2 17 8 36 5 7 1 22 16 35 6 40 19 49 39 3 23 42 
45 44 18 20 35 40 9 2 42 17 32 27 6 34 24 30 37 14 8 7 23 21 5 46 39 36 13 48 49 22 1 3 16 25 12 10 47 43 33 19 11 28 15 26 41 31 29 4 38 
22 19 11 31 29 34 7 21 8 36 40 14 9 10 49 26 17 47 3 16 12 20 4 38 32 43 45 28 5 23 39 30 24 6 35 18 15 44 48 41 37 42 2 27 1 25 46 13 33 
5 46 6 3 30 41 1 7 25 11 33 23 39 28 32 19 31 15 42 2 45 49 9 10 17 27 37 14 48 13 18 26 44 38 43 24 40 12 20 34 29 4 22 36 47 16 35 8 21 
16 39 17 24 26 38 10 41 43 13 35 3 48 19 11 18 36 28 5 1 44 29 47 33 40 25 22 2 27 46 4 42 15 20 31 49 21 23 8 14 30 32 9 6 45 7 12 34 37 
14 23 27 2 42 36 48 4 5 16 29 15 49 24 6 34 22 41 39 40 38 1 35 7 30 12 11 8 9 45 33 47 37 19 21 25 17 31 3 46 13 26 18 43 32 20 10 44 28 
49 8 12 37 15 25 43 1 22 47 26 44 20 31 13 10 33 35 46 4 21 42 19 6 3 23 18 16 41 29 28 40 7 34 32 9 39 27 36 45 38 2 30 48 5 24 14 11 17 
41 26 47 22 28 3 32 12 2 49 37 11 36 25 39 8 14 40 21 18 33 46 45 31 38 16 44 23 20 42 15 43 30 1 29 27 19 48 35 17 9 10 5 4 13 6 7 24 34 
30 36 10 25 2 49 31 13 38 15 9 35 44 18 45 43 34 24 27 5 20 48 29 42 6 47 39 17 40 28 19 12 8 11 46 21 23 22 26 32 4 7 37 41 33 14 16 1 3 
13 33 7 15 17 29 20 5 27 19 21 26 40 30 47 42 23 6 32 41 31 3 1 28 2 4 49 34 25 35 36 16 10 39 44 37 24 45 14 12 18 38 11 9 48 8 43 46 22 
6 43 40 38 45 39 42 17 4 31 41 46 33 8 15 11 3 48 12 37 28 10 24 36 22 30 20 26 14 18 7 9 23 5 13 34 29 16 1 44 2 47 21 35 19 32 25 27 49 
8 1 48 35 44 24 23 6 45 32 39 43 29 14 16 25 26 46 13 10 22 9 27 37 19 21 5 7 34 33 38 49 4 3 47 28 42 11 41 40 20 31 17 12 18 30 15 2 36 
34 37 9 19 5 14 4 20 10 24 7 16 23 42 35 49 38 1 30 36 29 12 18 13 11 41 32 43 17 2 6 48 21 27 22 46 8 3 25 15 33 39 47 45 28 40 44 26 31 
11 18 46 16 12 27 21 47 28 22 1 48 34 3 7 4 44 19 9 17 2 8 40 35 15 14 25 33 26 41 31 45 32 37 24 30 5 49 43 13 6 36 29 23 39 42 38 20 10 
################proper############## 

 average_time = 1290.630132 

 success runs = 1 

 total average iters = 124899371.000000 
