Success!!! 
 
 max_col = 
 49 
 
 run_time = 
 481.651893 
 
 once iters = 
 51709426 
 
48 21 27 33 25 49 31 39 22 30 45 12 40 17 46 7 41 10 44 18 38 14 29 19 13 47 20 11 4 32 37 35 23 5 3 2 42 9 43 1 8 15 6 36 24 34 26 16 28 
19 24 2 38 22 26 23 48 46 5 33 3 28 36 37 4 15 42 47 34 27 40 30 41 9 17 45 16 1 14 18 7 20 6 43 21 49 12 31 44 13 11 35 10 32 8 39 29 25 
9 41 35 20 7 40 47 32 19 34 18 21 43 15 6 22 1 30 25 33 17 48 5 24 26 8 42 36 29 13 16 11 2 10 39 28 37 46 38 45 27 23 44 3 49 14 4 31 12 
36 11 34 39 45 29 15 10 41 9 27 20 47 4 5 35 2 48 40 12 43 3 37 22 28 25 44 31 42 21 46 49 8 26 38 24 16 6 14 32 18 7 19 13 17 33 30 23 1 
5 43 37 1 12 28 32 42 44 25 38 26 13 6 45 9 8 16 20 3 14 15 10 49 2 46 23 39 31 19 24 33 36 40 17 4 48 22 30 35 29 34 11 41 18 7 27 21 47 
4 6 13 18 8 30 14 23 24 31 7 37 16 2 11 36 49 29 28 26 39 1 12 33 35 34 21 32 45 48 15 27 44 22 41 25 3 10 47 19 17 5 9 43 20 42 38 40 46 
17 46 3 10 42 16 44 49 35 29 14 1 11 8 13 21 31 32 19 24 23 38 6 4 7 27 43 18 9 25 47 34 30 12 28 41 40 39 33 20 26 36 5 48 45 22 37 2 15 
43 9 28 46 15 31 48 22 5 14 1 41 29 30 2 47 32 40 45 19 35 25 20 13 23 24 39 6 49 18 34 10 4 3 26 33 8 38 44 11 12 27 16 7 21 36 42 37 17 
23 8 1 3 18 13 5 43 25 20 37 38 46 10 17 49 21 7 31 29 34 12 36 42 4 11 16 9 15 41 45 19 24 48 47 6 39 40 26 14 28 2 27 22 35 32 44 33 30 
37 12 29 30 24 41 45 36 39 8 17 11 49 32 25 44 9 27 26 4 42 34 31 14 47 33 2 48 20 22 13 1 7 28 16 18 19 35 21 43 23 10 38 5 40 15 3 46 6 
6 14 26 4 47 22 27 40 48 33 42 9 2 7 1 37 10 43 16 20 13 28 19 38 17 21 49 46 11 29 36 30 35 23 44 32 25 31 15 34 5 3 24 18 12 45 8 41 39 
21 42 19 40 33 36 10 44 16 27 26 15 3 12 8 38 46 24 23 14 18 22 35 45 37 5 41 1 6 2 9 43 17 39 32 49 30 7 13 47 20 29 31 25 34 28 11 48 4 
49 32 16 25 44 34 17 24 21 23 28 47 35 18 22 5 48 33 39 11 6 27 7 26 3 30 15 10 8 40 38 31 14 46 12 36 9 4 42 37 45 41 1 29 43 20 19 13 2 
39 2 11 35 38 7 20 45 34 4 31 6 19 13 41 28 3 15 36 30 12 32 18 8 43 29 40 44 27 5 42 25 37 33 21 1 17 24 22 48 16 46 26 14 9 47 23 10 49 
10 34 12 8 16 38 9 1 6 39 2 30 31 48 42 46 11 44 13 35 36 45 43 47 24 28 29 22 5 37 27 40 3 41 19 20 14 32 7 15 4 18 17 49 25 23 33 26 21 
42 37 41 29 40 46 6 9 45 17 13 43 21 35 27 32 28 23 2 22 33 36 49 1 8 48 7 19 34 16 44 20 10 31 25 38 26 47 3 39 30 24 15 11 5 12 14 4 18 
15 30 17 13 5 27 22 3 26 28 49 36 23 11 7 41 18 19 1 38 20 21 34 2 39 44 31 25 43 4 14 29 12 35 48 45 33 37 8 9 10 40 47 16 46 6 24 32 42 
11 4 33 48 3 14 36 15 20 7 34 32 25 44 21 30 29 31 8 39 26 42 16 37 10 12 17 40 23 47 49 9 18 24 13 46 5 2 1 6 41 43 22 45 28 38 35 19 27 
28 18 43 19 49 47 39 16 10 40 12 8 33 14 24 34 17 25 6 5 9 4 23 35 46 38 3 20 2 26 7 15 32 30 45 11 29 36 27 22 42 21 41 37 31 44 13 1 48 
20 1 21 31 32 44 26 37 27 22 4 29 5 24 47 40 45 12 48 43 10 11 14 9 18 41 33 15 28 46 39 38 6 17 42 19 35 13 16 23 25 49 8 30 36 3 2 7 34 
45 7 24 2 23 25 35 18 38 19 47 42 41 46 15 3 4 14 37 16 49 30 27 6 5 26 32 13 21 8 33 36 11 1 22 34 12 44 28 17 48 31 43 40 39 29 9 20 10 
27 25 40 36 20 10 13 41 9 21 16 28 48 22 4 19 35 11 29 15 3 46 17 30 12 43 5 45 37 49 23 18 33 44 14 39 2 8 32 31 38 26 34 47 42 1 7 6 24 
2 26 8 17 14 24 43 27 37 12 25 18 45 1 44 23 34 6 30 48 22 20 11 21 31 3 13 4 47 7 40 5 46 42 29 35 36 28 41 16 15 9 49 38 10 19 32 39 33 
34 49 44 15 39 11 3 35 40 2 36 17 38 20 10 18 24 5 42 37 31 9 41 48 22 23 6 33 32 1 4 45 16 13 27 7 46 43 19 30 14 47 29 21 8 25 28 12 26 
41 45 7 9 48 37 46 31 43 26 29 14 24 33 32 39 47 36 27 8 1 49 15 16 40 19 10 2 38 28 3 12 21 25 6 5 44 18 34 4 11 42 23 35 30 13 22 17 20 
47 29 42 21 6 1 12 46 7 3 32 4 44 49 16 2 20 38 33 9 40 24 28 25 34 14 35 26 39 31 8 41 15 19 30 23 22 17 10 13 37 45 18 27 48 5 36 11 43 
35 31 38 23 30 33 18 5 42 10 6 39 15 19 49 13 14 28 17 21 41 37 32 29 44 7 47 8 36 34 11 26 22 43 20 48 24 27 25 12 3 1 4 46 2 40 16 45 9 
16 28 22 32 4 5 19 11 30 47 23 13 8 34 12 26 43 45 46 25 7 39 38 27 36 1 18 42 10 17 48 24 9 2 35 40 20 21 49 29 6 33 14 15 3 37 31 44 41 
24 5 36 44 37 19 30 17 28 15 3 40 32 21 26 10 6 47 49 41 25 31 9 20 27 45 4 23 46 12 43 48 13 14 33 16 11 1 35 18 7 38 39 8 22 2 34 42 29 
12 10 39 42 31 23 2 30 33 38 46 16 34 47 18 43 27 1 5 7 48 26 21 44 6 13 37 3 40 35 22 32 49 8 15 29 4 19 20 41 9 28 25 17 14 11 45 24 36 
14 27 25 7 21 43 34 8 31 36 35 23 37 41 33 16 42 20 15 44 46 29 1 18 19 22 11 30 17 45 28 4 39 38 9 3 10 48 2 24 40 32 12 26 6 49 5 47 13 
1 48 18 41 11 9 8 26 49 6 44 7 27 43 28 17 39 21 14 31 2 33 40 32 16 15 12 34 24 3 29 23 25 20 5 47 13 42 45 36 46 22 37 4 19 30 10 38 35 
38 3 45 6 17 20 49 4 1 13 39 48 10 29 9 8 22 34 35 40 30 47 24 5 41 36 25 28 19 27 2 16 42 11 18 37 31 26 12 21 44 14 32 33 23 43 46 15 7 
46 33 32 47 26 15 28 19 12 42 20 22 18 5 29 24 23 13 11 45 4 7 8 17 38 2 14 35 41 36 10 37 31 34 1 43 27 30 6 49 39 25 48 9 16 21 40 3 44 
13 16 4 22 29 35 40 25 11 45 24 2 14 9 36 12 37 3 38 32 19 10 46 39 49 42 48 43 30 44 6 47 26 21 7 15 23 34 17 5 33 8 28 1 41 27 20 18 31 
40 47 49 24 46 48 42 12 14 18 30 35 17 37 39 15 19 22 9 13 21 8 2 43 20 10 1 41 7 33 5 44 27 16 36 26 28 29 4 38 32 6 45 23 11 31 25 34 3 
33 20 10 28 43 6 4 34 29 41 8 25 39 3 40 27 16 26 12 2 5 44 48 31 21 49 19 7 22 24 35 17 45 18 11 30 1 15 23 46 36 13 42 32 37 9 47 14 38 
32 17 31 11 13 12 29 38 4 24 21 45 1 27 14 48 36 37 10 6 8 16 22 46 42 35 30 47 25 20 19 2 41 49 23 9 34 3 40 7 43 39 33 44 15 26 18 28 5 
44 35 14 26 9 8 1 33 36 32 40 46 22 31 34 25 7 18 43 23 47 17 3 11 45 4 28 29 13 15 21 39 38 37 10 12 41 49 5 42 19 20 2 24 27 48 6 30 16 
18 19 30 27 36 39 21 20 15 48 5 10 42 28 31 11 33 49 4 46 29 23 26 40 25 37 9 38 3 6 1 14 47 32 34 17 45 16 24 8 2 44 7 12 13 35 41 43 22 
22 38 15 34 2 3 7 6 13 16 11 19 9 23 35 45 30 41 32 28 44 5 39 36 33 18 24 14 12 43 26 42 29 4 8 27 47 25 48 10 31 37 46 20 1 17 21 49 40 
25 23 5 16 41 45 37 47 2 44 43 49 7 26 20 1 38 17 3 42 24 6 13 12 15 32 34 27 48 30 31 28 40 9 46 22 18 14 11 33 21 35 10 19 4 39 29 36 8 
3 39 23 5 10 18 33 29 17 1 9 24 4 45 38 6 25 2 7 49 37 41 44 15 32 20 36 12 35 42 30 22 19 27 40 31 21 11 46 26 34 48 13 28 47 16 43 8 14 
30 15 20 43 35 17 25 21 8 11 10 31 26 40 19 42 44 46 18 36 32 2 33 34 1 9 27 24 16 23 12 13 5 29 49 14 7 45 39 28 47 4 3 6 38 41 48 22 37 
8 13 48 49 19 42 38 2 3 46 15 5 12 25 23 29 40 4 34 47 11 35 45 7 14 16 26 21 44 39 20 6 28 36 24 10 43 41 37 27 22 17 30 31 33 18 1 9 32 
26 36 6 37 28 2 24 14 32 49 22 44 30 16 48 33 12 39 41 1 45 13 4 3 29 40 8 5 18 10 17 21 43 47 31 42 38 23 9 25 35 19 20 34 7 46 15 27 11 
31 22 46 45 1 21 41 28 47 37 19 34 36 42 43 14 26 35 24 27 16 18 25 10 11 6 38 17 33 9 32 8 48 7 2 13 15 20 29 3 49 30 40 39 44 4 12 5 23 
7 40 9 14 34 32 16 13 23 35 48 27 20 38 3 31 5 8 21 17 15 43 47 28 30 39 22 37 26 11 41 46 1 45 4 44 6 33 18 2 24 12 36 42 29 10 49 25 19 
29 44 47 12 27 4 11 7 18 43 41 33 6 39 30 20 13 9 22 10 28 19 42 23 48 31 46 49 14 38 25 3 34 15 37 8 32 5 36 40 1 16 21 2 26 24 17 35 45 
################proper############## 

 average_time = 481.651893 

 success runs = 1 

 total average iters = 51709426.000000 
