Success!!! 
 
 max_col = 
 49 
 
 run_time = 
 319.738464 
 
 once iters = 
 29703138 
 
25 46 3 18 49 6 41 23 17 26 15 8 45 42 31 5 48 43 30 33 20 38 9 47 16 10 40 13 34 44 39 4 22 37 2 12 27 14 24 11 19 29 28 1 7 32 21 35 36 
48 12 9 27 11 32 37 21 4 35 38 40 20 18 46 29 16 49 45 15 26 19 1 6 43 22 36 39 23 31 7 24 14 3 41 13 28 8 30 10 34 42 5 47 44 17 33 25 2 
10 2 45 36 8 16 29 6 1 14 44 33 30 47 25 23 22 40 18 12 38 35 34 27 37 21 31 4 17 13 32 15 46 26 28 48 39 3 7 49 5 9 11 24 19 20 43 42 41 
15 35 17 13 5 42 33 43 2 34 31 28 37 12 39 21 19 1 24 8 14 23 18 3 46 7 29 11 45 20 10 9 47 40 16 25 32 41 44 4 36 38 48 27 49 30 26 6 22 
14 19 44 40 38 4 23 48 41 7 13 29 10 25 36 9 47 37 35 42 34 33 26 20 28 49 24 32 5 27 11 43 18 30 1 2 45 17 31 21 6 22 8 46 12 15 16 39 3 
30 26 1 31 20 24 22 19 32 39 46 16 36 27 10 7 3 11 2 44 28 17 5 42 48 12 14 41 6 29 25 49 8 21 35 23 33 15 47 40 43 18 38 37 13 45 9 34 4 
43 47 39 7 34 21 28 9 3 22 49 24 5 11 6 13 32 41 4 27 17 30 44 25 8 45 15 2 12 19 36 33 48 38 42 26 1 20 35 37 16 46 14 29 40 31 23 10 18 
11 28 33 4 41 19 30 15 46 2 37 12 40 7 34 31 25 36 29 24 13 3 47 49 26 23 5 43 10 45 17 42 39 16 21 18 48 9 14 6 32 20 1 35 22 44 8 27 38 
38 45 15 47 21 29 20 32 43 10 25 3 33 34 4 17 49 23 1 5 44 12 27 48 24 37 30 28 14 2 8 13 9 31 46 22 40 7 16 35 11 41 42 39 6 36 18 26 19 
1 22 42 8 12 7 14 35 47 6 29 38 31 30 48 32 9 26 27 2 21 10 11 44 18 39 20 46 15 49 40 5 37 36 23 45 4 13 3 17 28 19 34 43 41 24 25 16 33 
23 5 31 46 48 25 2 16 13 17 26 14 27 45 40 8 43 18 19 37 39 21 41 35 34 9 22 6 47 38 24 20 3 32 33 29 49 1 36 42 44 12 10 15 4 28 7 30 11 
17 6 36 43 40 49 27 11 5 44 18 9 41 21 42 47 35 20 33 14 12 32 16 2 38 1 8 29 28 4 22 7 30 19 34 24 15 26 39 25 23 10 37 13 48 3 46 31 45 
9 32 26 35 13 18 16 39 23 49 4 48 8 24 11 10 41 3 28 46 22 45 36 15 7 31 42 19 43 25 44 27 6 1 29 34 2 37 38 30 33 47 17 40 21 5 14 20 12 
34 44 37 39 24 10 3 36 19 42 20 22 1 28 45 16 38 7 15 30 6 13 33 40 17 25 4 14 48 18 41 35 26 12 11 31 5 21 27 8 46 43 29 49 32 9 2 47 23 
47 37 27 12 7 20 6 3 9 32 41 31 21 48 18 28 33 15 49 34 30 26 22 46 42 13 23 5 25 39 2 10 29 45 24 17 14 16 8 19 38 44 43 36 1 40 11 4 35 
16 25 35 17 31 11 1 44 45 30 10 5 24 33 47 42 4 29 43 26 41 40 6 18 39 20 7 36 19 9 12 32 28 8 14 37 46 23 22 3 21 49 27 38 2 13 34 15 48 
41 24 34 2 28 36 10 25 40 18 19 49 42 37 17 39 20 6 7 22 16 29 38 32 27 3 44 8 4 23 13 11 1 15 47 33 31 43 26 48 35 45 30 5 46 21 12 9 14 
19 18 21 45 33 14 13 17 35 11 39 27 34 29 8 37 1 38 25 23 24 15 31 9 4 48 2 12 46 5 43 3 49 44 30 36 10 32 28 7 41 40 26 42 47 16 6 22 20 
39 48 4 22 26 9 5 13 6 8 7 23 15 46 21 12 11 45 14 3 40 43 28 33 19 24 1 49 20 36 38 16 34 35 31 47 29 18 42 2 27 30 25 41 17 10 44 32 37 
8 15 38 42 23 46 40 4 16 28 2 43 22 26 5 35 10 44 36 32 9 37 14 11 41 30 47 45 7 6 48 21 27 33 17 1 12 34 25 20 13 39 31 19 29 18 3 49 24 
3 29 32 30 43 44 49 1 20 12 36 47 14 38 19 46 13 27 31 48 2 34 35 17 21 16 25 10 26 37 18 41 42 22 40 5 24 11 15 9 4 6 23 45 33 39 28 8 7 
44 11 43 10 29 38 48 42 22 15 30 18 9 39 23 26 6 25 47 17 46 8 12 21 20 5 37 3 35 1 16 2 33 28 27 7 19 40 45 31 24 36 32 34 14 49 4 41 13 
49 16 18 26 4 2 46 7 14 38 40 17 19 3 43 27 31 21 20 28 37 9 45 29 11 6 13 47 32 34 23 39 41 42 15 10 44 35 5 22 12 1 36 8 30 48 24 33 25 
5 23 13 28 3 30 45 29 21 47 34 37 35 44 38 36 42 48 10 19 32 16 39 7 33 4 18 1 9 24 14 31 20 17 22 41 43 49 11 26 25 8 46 2 27 6 15 12 40 
12 33 47 19 22 27 24 8 49 4 28 6 26 32 2 44 18 16 3 7 45 42 15 34 40 41 38 31 36 43 29 48 21 10 25 30 23 46 37 14 39 13 9 20 5 11 35 17 1 
31 42 40 9 39 8 21 24 33 36 45 1 23 20 49 41 5 30 13 4 11 2 48 26 35 14 28 25 37 12 19 18 7 46 6 32 16 38 34 27 15 17 47 22 43 29 10 3 44 
36 20 7 25 32 1 34 41 27 5 43 46 48 16 35 15 40 14 12 29 8 22 10 23 49 19 17 24 11 30 45 47 44 13 3 21 18 6 4 33 9 2 39 26 42 38 37 28 31 
35 14 6 37 15 41 17 31 11 13 12 2 25 10 24 22 34 9 39 1 33 44 46 36 30 32 43 27 49 26 4 40 38 5 8 3 47 48 20 29 42 28 7 23 16 19 45 18 21 
18 9 5 48 36 35 15 30 34 46 21 7 17 43 28 6 23 22 44 20 42 47 2 38 31 27 10 33 40 8 1 12 19 41 37 39 11 45 32 13 29 16 3 25 24 4 49 14 26 
20 17 2 21 1 13 47 10 8 24 23 45 28 22 9 11 30 12 37 41 48 49 42 4 5 44 6 35 31 32 34 25 43 27 26 40 3 19 18 36 14 7 16 33 39 46 29 38 15 
32 39 30 23 44 34 11 12 48 27 42 26 16 49 33 43 7 4 40 36 31 20 25 37 22 17 19 21 3 47 28 14 13 29 18 38 8 24 41 46 10 15 45 9 35 2 5 1 6 
27 8 19 33 16 31 26 37 44 9 6 41 38 14 32 34 15 35 46 49 18 28 29 24 12 36 3 7 39 10 5 45 4 23 48 20 22 2 43 47 1 25 13 30 11 42 40 21 17 
22 41 46 24 45 12 38 20 36 3 33 4 18 15 14 2 29 39 8 16 25 48 30 13 1 43 26 40 44 42 35 6 11 49 7 27 21 5 9 28 17 37 19 31 10 34 47 23 32 
29 10 28 3 6 40 4 2 25 31 47 39 32 5 13 24 45 19 26 38 1 18 23 41 14 46 11 9 22 21 15 17 16 20 36 35 30 42 48 34 49 33 44 12 37 7 27 43 8 
37 49 25 14 42 43 7 40 29 1 11 35 13 19 27 3 17 47 21 10 5 39 32 45 15 8 16 34 38 46 33 30 2 24 9 44 6 4 23 12 26 31 22 18 20 41 36 48 28 
26 13 49 38 9 37 42 18 10 33 27 25 44 17 15 19 24 31 11 43 36 41 8 22 32 2 21 16 30 7 3 34 5 14 4 6 35 47 40 39 20 23 12 28 45 1 48 29 46 
24 1 10 41 2 3 31 46 12 29 8 36 4 9 30 45 21 17 16 39 27 7 40 28 13 15 48 23 42 35 6 19 32 25 20 11 26 22 49 43 18 14 33 44 34 47 38 37 5 
21 36 22 11 35 15 25 28 42 16 3 30 7 1 12 20 26 13 6 40 47 4 49 14 44 18 34 38 27 33 46 29 10 2 45 19 9 31 17 5 37 48 41 32 23 8 39 24 43 
4 40 20 6 47 28 32 14 37 43 24 13 11 23 29 48 8 33 22 18 3 36 19 5 9 35 27 42 1 41 21 26 12 39 49 16 38 10 46 44 45 34 2 17 15 25 31 7 30 
46 7 23 16 18 39 44 34 26 40 5 21 6 31 41 49 2 32 38 25 4 24 17 12 29 47 45 30 8 48 37 22 36 11 43 15 42 28 33 1 3 27 20 14 9 35 19 13 10 
45 30 29 5 27 48 8 22 15 20 35 19 47 41 44 14 46 10 34 9 7 11 43 1 6 33 39 37 16 28 31 23 17 18 38 4 25 12 13 32 2 24 21 3 36 26 42 40 49 
33 43 14 34 19 17 12 49 38 45 48 32 39 2 37 1 28 5 42 35 23 25 3 31 10 26 46 20 24 15 9 44 40 47 13 8 7 36 29 41 30 21 6 4 18 27 22 11 16 
13 4 48 1 25 23 43 45 7 21 17 20 29 8 22 40 14 46 32 31 15 5 37 16 2 42 9 18 41 11 27 28 24 34 19 49 36 33 10 38 47 3 35 6 26 12 30 44 39 
42 38 24 15 30 33 19 26 39 25 14 10 12 40 3 18 37 2 9 21 43 31 4 8 36 34 35 17 13 16 47 1 23 7 44 46 41 29 6 45 48 32 49 11 28 22 20 5 27 
6 34 41 20 46 22 36 47 18 37 32 44 3 35 1 4 39 24 48 11 19 27 21 43 23 28 12 26 29 40 49 38 25 9 10 14 17 30 2 16 31 5 15 7 8 33 13 45 42 
7 3 16 49 10 26 39 5 24 48 9 42 46 6 20 33 27 28 23 47 29 1 13 19 45 11 41 44 18 22 30 36 31 4 32 43 37 25 12 15 8 35 40 21 38 14 17 2 34 
2 31 8 32 17 45 18 27 30 19 22 11 49 36 26 38 44 42 5 13 35 14 7 10 47 29 33 48 21 3 20 37 15 6 12 28 34 39 1 23 40 4 24 16 25 43 41 46 9 
40 27 12 29 14 5 9 33 28 23 16 34 43 13 7 25 36 8 41 45 49 6 24 30 3 38 32 15 2 17 26 46 35 48 39 42 20 44 21 18 22 11 4 10 31 37 1 19 47 
28 21 11 44 37 47 35 38 31 41 1 15 2 4 16 30 12 34 17 6 10 46 20 39 25 40 49 22 33 14 42 8 45 43 5 9 13 27 19 24 7 26 18 48 3 23 32 36 29 
################proper############## 

 average_time = 319.738464 

 success runs = 1 

 total average iters = 29703138.000000 
