Success!!! 
 
 max_col = 
 49 
 
 run_time = 
 88.208279 
 
 once iters = 
 7269145 
 
5 30 3 16 1 7 49 48 10 46 14 25 44 6 21 4 17 28 20 27 39 43 18 24 42 11 34 22 38 35 45 9 37 15 23 26 2 29 31 8 32 12 40 41 33 36 19 13 47 
44 35 39 27 6 14 26 20 1 31 3 15 42 17 38 8 18 34 46 25 12 5 37 10 32 48 45 49 21 43 41 33 16 36 11 47 19 30 24 40 13 7 23 4 22 9 29 28 2 
29 4 48 24 37 32 36 49 35 21 30 18 2 33 6 41 5 47 3 1 43 12 7 19 20 16 23 17 26 13 31 39 22 44 40 46 45 34 28 27 9 25 15 11 10 38 14 42 8 
43 23 40 45 41 31 13 29 36 9 5 38 19 37 33 22 10 7 11 30 16 25 2 35 44 21 15 47 32 8 3 34 28 4 14 18 49 6 48 17 42 1 26 39 46 12 27 20 24 
46 42 12 25 2 34 38 23 39 40 24 27 8 4 48 37 44 32 45 9 15 14 29 31 26 28 36 13 10 19 1 49 47 20 5 33 41 3 43 22 16 11 17 6 18 7 35 21 30 
10 9 19 47 18 11 28 26 41 32 43 16 22 7 24 31 49 36 35 2 13 38 4 46 8 6 33 40 30 25 17 12 42 29 27 5 15 39 14 23 20 21 44 45 1 3 34 37 48 
15 22 33 21 17 20 8 12 45 13 47 28 11 34 23 29 26 19 42 14 40 3 41 30 9 27 1 39 46 7 24 18 2 48 6 37 36 4 38 35 44 10 25 16 43 5 32 31 49 
32 24 36 15 47 18 16 27 22 7 1 6 31 35 41 23 14 33 21 40 8 44 49 48 39 9 4 30 45 5 13 29 19 11 34 3 37 42 25 28 12 26 46 10 20 2 17 38 43 
11 34 46 3 35 39 9 37 43 12 26 5 48 24 4 44 2 6 31 45 28 47 21 36 13 23 32 29 40 30 22 16 20 17 15 38 18 33 49 10 19 8 41 14 42 27 1 25 7 
6 17 38 14 26 30 42 13 19 8 10 32 46 16 39 43 35 48 15 29 49 45 3 22 41 1 27 25 7 28 47 37 23 18 33 9 44 11 36 2 5 20 21 12 31 24 40 4 34 
33 27 13 23 4 22 40 41 9 2 25 47 29 42 17 34 11 26 18 16 19 28 12 20 7 46 43 5 14 6 10 8 38 31 32 1 21 45 39 48 30 24 36 37 3 49 15 44 35 
20 43 7 5 8 48 1 45 38 28 44 49 18 14 22 12 42 13 36 24 30 10 40 26 35 31 19 37 3 4 9 41 21 2 25 15 17 16 34 46 6 27 32 33 39 47 23 11 29 
28 37 45 31 44 49 21 39 4 17 33 20 15 23 25 27 7 38 9 3 10 34 6 16 2 8 11 42 48 1 12 24 43 46 36 41 35 47 29 32 40 14 18 5 13 19 26 30 22 
2 25 10 12 19 29 41 3 21 34 36 30 40 11 46 47 1 5 37 20 32 17 14 33 38 18 24 15 49 44 35 26 39 27 42 31 22 13 4 7 23 43 48 9 45 16 6 8 28 
42 40 11 41 38 4 39 15 14 19 45 48 24 31 20 33 6 37 25 12 9 35 5 34 49 17 30 16 36 32 44 3 46 8 18 2 43 23 27 13 1 47 10 22 28 29 7 26 21 
7 20 5 32 33 6 3 16 47 26 38 2 43 25 27 48 40 22 34 17 36 23 24 4 28 10 46 8 41 14 11 13 30 45 1 21 42 37 44 19 29 35 49 18 12 39 31 15 9 
47 10 22 28 27 44 30 32 37 36 35 9 20 39 19 18 45 21 8 7 14 13 38 11 12 43 6 3 42 17 29 15 25 23 31 4 26 49 33 41 34 16 24 48 2 46 5 1 40 
34 1 49 9 12 2 45 18 28 5 29 21 17 22 11 30 24 23 41 42 47 31 33 7 19 37 25 26 16 20 4 35 10 40 48 8 39 38 3 15 36 46 14 43 27 32 44 6 13 
8 18 25 29 14 17 31 44 30 23 13 42 10 12 43 35 16 46 1 38 26 20 39 32 15 47 21 36 24 27 37 6 49 28 2 7 40 48 45 5 22 9 34 3 11 4 41 19 33 
16 19 43 37 36 35 46 40 34 3 49 4 33 27 32 39 15 10 2 13 44 41 48 29 18 14 22 1 5 12 21 7 9 38 26 11 25 31 6 24 28 30 42 17 8 23 47 45 20 
48 15 24 26 13 21 23 1 7 6 8 11 41 46 28 49 3 29 4 31 5 40 44 27 45 42 9 2 34 22 39 47 33 19 43 32 10 17 12 20 14 18 37 30 38 35 16 36 25 
1 14 32 48 29 33 15 10 40 20 46 45 23 2 26 17 9 43 6 37 7 42 47 38 31 35 5 12 22 3 36 4 18 25 30 28 24 27 8 39 49 19 13 21 16 41 11 34 44 
12 31 8 2 45 23 17 19 13 11 41 33 38 1 30 46 47 49 39 21 18 27 28 37 16 29 44 4 20 26 6 48 40 34 35 43 32 7 10 14 15 22 3 24 5 25 36 9 42 
27 36 26 10 20 46 18 43 49 16 6 35 47 21 44 24 29 3 13 15 1 9 34 45 25 22 7 19 39 11 2 28 14 32 38 17 23 5 42 12 41 4 33 8 40 37 30 48 31 
13 11 37 30 7 3 6 5 42 25 48 24 39 29 36 16 38 4 12 35 27 1 32 49 43 26 14 18 31 41 19 46 8 9 21 45 47 44 20 34 33 40 28 15 17 22 2 10 23 
19 16 42 34 49 24 44 14 8 4 27 31 3 36 45 20 22 25 28 41 48 30 15 17 46 2 40 21 37 23 33 5 1 10 47 35 29 18 26 9 11 13 7 32 6 43 12 39 38 
41 38 47 4 21 5 25 28 44 22 15 17 30 9 40 2 8 42 32 11 34 48 10 3 23 39 13 33 43 45 7 27 24 12 49 6 31 36 1 16 46 37 19 35 29 20 18 14 26 
35 39 28 22 40 9 43 34 26 18 12 37 7 32 10 19 33 31 14 5 23 6 36 8 24 20 41 11 17 16 42 44 15 13 29 30 48 25 21 38 3 2 45 49 47 1 4 27 46 
14 26 31 40 16 42 22 17 18 30 20 8 12 28 35 13 41 39 29 23 4 46 19 5 36 34 47 27 1 37 38 32 44 33 9 10 6 24 2 25 45 3 11 7 48 21 49 43 15 
38 2 15 46 23 19 7 36 16 14 11 10 25 26 31 45 43 20 40 34 6 18 35 13 22 3 39 28 47 29 49 42 5 21 41 27 30 32 17 4 48 33 1 44 37 8 9 24 12 
30 12 44 6 34 25 35 24 5 41 4 29 45 48 8 7 36 18 33 46 38 21 9 15 1 49 17 32 13 2 43 10 27 22 20 40 11 14 19 47 37 31 39 28 23 26 42 16 3 
24 8 29 17 32 10 11 46 27 49 40 1 13 47 3 26 21 9 44 19 42 2 23 6 37 41 48 43 18 39 28 31 12 14 45 22 16 20 15 36 7 34 5 38 30 33 25 35 4 
49 41 20 36 3 13 27 42 33 38 21 22 9 15 37 5 12 2 24 10 17 4 11 44 30 7 16 31 19 48 34 25 6 26 8 23 1 28 35 43 18 39 47 40 14 45 46 29 32 
45 33 1 18 9 47 37 6 23 39 19 43 32 3 14 28 48 16 27 49 22 26 25 40 29 12 38 24 4 15 30 11 35 7 46 42 13 8 41 44 21 5 31 20 36 34 10 2 17 
21 48 4 43 39 28 5 7 2 37 31 34 35 44 1 25 32 15 30 47 11 8 20 14 33 45 42 10 23 40 16 17 36 24 3 29 12 9 46 26 38 49 27 13 41 6 22 18 19 
4 29 9 33 48 26 47 38 6 24 18 39 37 40 12 1 28 27 49 32 41 22 45 2 10 19 31 7 11 46 23 14 13 43 44 34 20 21 5 3 35 15 16 42 25 30 8 17 36 
17 45 16 49 46 27 2 33 11 1 42 44 28 20 15 21 13 14 22 8 29 37 43 18 48 5 35 6 25 38 26 40 34 47 19 39 4 41 32 30 24 36 9 23 7 31 3 12 10 
31 13 35 7 30 38 24 25 29 47 32 3 26 45 42 9 46 40 23 36 2 49 27 12 34 15 20 14 28 10 5 1 17 6 16 44 8 22 37 33 43 48 4 19 21 18 39 41 11 
18 5 14 1 22 43 19 31 48 27 2 23 21 41 16 38 25 17 26 39 24 32 30 42 47 36 29 44 35 33 8 20 7 3 4 49 9 12 13 11 10 28 6 34 15 40 45 46 37 
25 3 41 39 11 36 32 8 15 43 22 7 16 30 18 10 34 35 5 44 31 24 46 9 4 13 28 23 2 21 48 45 29 37 12 19 27 40 47 6 17 42 38 26 49 14 20 33 1 
40 21 6 42 28 12 34 9 46 10 17 19 14 49 7 11 20 45 48 4 37 33 1 39 3 25 8 41 15 31 27 36 32 30 24 16 38 26 18 29 2 23 35 47 44 13 43 22 5 
37 44 23 8 10 15 20 4 12 35 34 13 36 5 47 6 19 30 43 33 3 16 17 21 11 40 26 38 9 42 18 22 41 49 39 14 46 1 7 31 25 45 2 29 24 28 48 32 27 
26 32 27 35 42 16 48 2 25 44 7 40 5 38 9 3 37 1 10 18 20 19 13 28 6 33 49 34 12 47 15 21 11 39 22 36 14 46 30 45 8 29 43 31 4 17 24 23 41 
22 7 21 20 43 45 29 47 31 48 37 36 4 18 2 14 27 11 17 6 46 15 42 23 5 30 12 9 44 24 32 38 3 1 28 13 34 19 16 49 26 41 8 25 35 10 33 40 39 
23 46 18 13 31 41 14 11 32 29 16 26 27 43 49 15 4 24 19 28 21 36 22 47 17 44 3 35 8 34 25 30 48 5 10 20 33 2 40 37 39 6 12 1 9 42 38 7 45 
9 49 17 44 5 40 10 35 3 15 39 41 6 8 34 32 23 12 16 26 25 29 31 1 27 24 37 46 33 18 20 2 45 42 13 48 7 43 22 21 4 38 30 36 19 11 28 47 14 
3 6 30 19 25 37 33 22 24 42 9 46 49 10 29 40 31 8 7 48 35 39 26 43 21 38 18 45 27 36 14 23 4 41 17 12 28 15 11 1 47 32 20 2 34 44 13 5 16 
39 28 34 38 24 8 4 21 20 45 23 12 1 19 13 36 30 44 47 22 33 11 16 41 14 32 2 48 6 49 40 43 31 35 7 25 5 10 9 42 27 17 29 46 26 15 37 3 18 
36 47 2 11 15 1 12 30 17 33 28 14 34 13 5 42 39 41 38 43 45 7 8 25 40 4 10 20 29 9 46 19 26 16 37 24 3 35 23 18 31 44 22 27 32 48 21 49 6 
################proper############## 

 average_time = 88.208279 

 success runs = 1 

 total average iters = 7269145.000000 
