Success!!! 
 
 max_col = 
 49 
 
 run_time = 
 964.308171 
 
 once iters = 
 106421696 
 
43 20 18 38 16 19 37 35 9 32 31 39 30 36 24 25 3 42 45 46 4 5 15 28 6 12 23 22 29 26 1 13 21 44 48 40 14 27 49 10 11 17 41 2 34 7 47 8 33 
21 17 1 2 11 47 48 34 37 4 15 40 22 3 33 16 28 12 19 43 29 26 49 45 27 13 7 44 41 10 39 20 32 18 25 23 9 36 46 24 8 35 6 31 38 30 5 42 14 
23 36 13 5 14 35 44 18 12 47 49 46 20 33 15 7 38 27 11 8 2 48 9 10 16 43 21 3 37 30 45 17 6 4 42 34 41 1 29 32 31 26 22 28 40 25 39 24 19 
45 9 42 33 26 31 8 5 10 25 23 48 38 44 17 20 34 14 36 41 37 32 35 40 46 39 1 24 19 12 22 3 7 16 11 2 30 28 43 47 6 18 49 4 21 29 27 13 15 
3 39 32 22 25 34 6 41 13 7 14 28 8 1 10 35 47 49 30 18 40 20 29 4 31 19 11 17 27 24 15 46 23 38 2 33 42 45 48 5 21 12 37 44 43 26 16 9 36 
29 12 4 40 15 24 41 45 17 27 26 42 2 6 13 5 1 31 39 48 21 14 8 30 47 33 38 37 35 43 36 34 49 28 9 16 25 44 22 3 19 7 10 32 23 18 11 46 20 
10 7 46 28 27 49 30 24 19 21 16 11 43 29 6 44 26 22 32 23 9 42 36 41 18 2 25 34 40 47 31 8 33 14 5 38 20 37 15 39 13 4 35 45 3 12 48 1 17 
33 4 12 14 49 46 2 29 38 43 8 31 3 27 25 32 23 36 26 7 45 39 17 5 34 18 35 41 20 19 6 24 42 10 28 37 44 13 21 11 47 40 48 30 15 1 9 22 16 
20 35 19 32 5 27 1 40 24 2 36 41 14 39 29 13 46 33 48 31 12 49 45 23 7 37 44 9 38 21 16 22 25 43 8 42 6 26 28 15 10 30 34 11 47 4 18 17 3 
34 24 38 15 21 8 23 6 11 44 25 33 1 46 5 9 16 47 18 37 20 19 28 26 10 32 4 48 17 45 35 7 30 40 27 22 2 3 39 41 12 43 42 29 31 36 49 14 13 
47 3 9 36 18 40 45 32 30 5 28 35 21 17 44 42 15 19 6 22 11 1 46 20 12 29 33 13 48 41 26 14 39 2 4 27 31 24 16 38 34 49 8 43 37 23 7 25 10 
30 26 17 42 44 48 39 4 7 23 19 37 13 18 8 28 27 34 49 10 43 11 6 3 15 47 22 16 32 5 12 36 31 33 1 45 35 20 25 14 29 9 2 21 46 38 24 40 41 
41 6 29 37 31 22 11 42 47 16 48 20 10 9 40 24 14 3 2 38 1 30 27 21 43 25 36 8 18 44 13 15 34 49 23 7 19 46 4 17 33 32 45 39 28 5 35 26 12 
7 10 28 43 13 25 16 26 45 22 34 12 49 15 41 21 4 17 35 30 39 2 24 38 40 31 14 42 47 46 9 11 29 37 3 8 36 5 18 48 23 1 44 20 32 33 19 6 27 
5 37 41 30 32 12 36 25 14 10 24 26 31 20 23 45 6 1 4 11 38 28 21 15 9 3 27 39 22 8 49 19 40 48 34 46 33 2 17 44 18 16 13 42 29 35 43 7 47 
17 25 7 46 23 28 33 3 35 45 11 32 27 49 22 43 42 8 40 34 19 18 38 31 20 5 10 2 21 1 30 4 41 29 37 48 15 47 9 13 24 6 36 14 39 16 12 44 26 
44 49 11 48 43 21 3 37 28 13 1 38 39 40 9 27 12 18 10 16 24 33 32 17 29 23 19 26 7 25 42 47 2 6 20 35 34 14 30 36 45 31 46 5 8 15 41 4 22 
38 29 39 8 19 45 31 21 41 42 33 15 9 16 20 46 44 5 37 35 48 47 30 22 13 11 40 1 14 32 28 23 24 36 43 4 7 12 27 25 26 10 3 49 6 2 17 34 18 
22 27 14 9 47 16 40 30 48 12 6 17 46 7 39 31 25 2 13 21 36 44 4 35 45 34 42 43 3 15 18 5 10 26 38 41 1 8 32 28 49 29 24 23 20 19 33 11 37 
2 34 10 13 24 6 4 23 18 19 29 22 44 43 3 49 33 41 47 26 15 25 16 14 48 36 8 7 9 35 17 27 12 46 31 20 5 39 11 42 38 37 1 40 45 32 21 28 30 
42 15 35 18 1 20 26 2 36 34 47 5 4 8 28 14 29 30 7 32 17 46 41 12 37 6 24 49 33 13 11 39 16 45 44 21 40 43 23 22 3 19 31 27 9 10 38 48 25 
40 21 24 7 35 44 13 20 1 30 17 9 19 47 43 18 11 38 42 29 22 45 5 34 14 49 2 15 31 39 10 37 48 32 6 36 23 16 12 8 25 28 26 33 41 27 4 3 46 
28 30 23 31 36 18 5 27 29 39 38 49 45 11 2 8 10 9 21 6 46 40 48 16 4 41 12 32 26 34 47 44 35 1 7 24 37 17 3 33 42 13 20 25 19 14 22 15 43 
11 41 22 20 12 14 29 7 43 37 32 25 42 26 19 23 48 24 31 40 34 8 44 1 17 28 46 35 5 4 3 33 18 21 36 9 47 15 45 6 27 2 39 38 16 13 10 30 49 
32 43 27 17 42 37 25 14 15 48 40 6 34 4 12 3 41 16 44 28 7 13 33 36 39 22 18 11 24 29 38 45 19 9 30 10 49 21 26 46 1 20 5 47 2 31 8 35 23 
15 1 8 26 48 33 38 31 44 3 41 2 12 24 47 39 49 45 27 4 5 29 20 19 30 21 9 10 25 16 23 42 13 22 46 43 32 7 14 35 40 34 18 17 11 6 37 36 28 
4 16 6 3 45 10 47 46 22 33 13 8 5 23 36 26 30 20 14 17 35 27 42 24 25 7 37 38 12 49 2 28 43 15 40 18 48 31 41 19 39 11 21 34 44 9 1 32 29 
46 2 49 34 9 39 19 36 16 28 21 18 35 10 1 37 32 13 33 15 25 23 47 43 3 26 6 31 11 20 27 41 17 8 14 5 29 22 44 4 30 38 40 7 12 48 42 45 24 
14 47 26 49 33 30 7 17 40 9 39 34 48 28 37 29 22 6 23 13 8 24 11 25 32 45 15 5 43 31 46 35 36 3 41 12 27 38 10 1 4 42 16 19 18 20 44 2 21 
16 19 44 25 41 38 9 10 23 46 12 14 26 37 34 15 18 48 28 49 27 7 2 13 22 40 20 33 45 6 24 30 4 11 47 17 39 29 5 21 35 8 32 36 42 43 3 31 1 
27 13 45 21 22 3 28 8 4 1 2 16 18 32 7 36 35 43 24 39 33 17 31 47 19 38 49 29 34 48 20 25 44 42 12 11 26 23 37 30 41 15 14 6 10 40 46 5 9 
18 31 48 29 39 11 32 13 6 15 5 43 7 42 16 47 20 10 9 45 41 4 34 46 21 1 30 27 8 38 14 26 37 19 17 44 3 33 40 2 36 24 28 12 25 22 23 49 35 
6 8 43 1 2 42 46 44 21 49 20 24 29 38 11 30 5 32 12 19 26 3 37 9 23 35 41 36 10 28 33 40 22 39 16 47 18 25 34 31 7 14 15 13 48 17 45 27 4 
24 40 5 12 34 36 10 22 25 31 35 19 33 41 14 4 17 21 1 2 3 43 26 42 28 44 39 6 23 27 29 18 15 13 49 32 46 9 20 16 48 45 47 37 7 11 30 38 8 
37 23 15 35 17 4 20 11 3 36 45 27 47 30 46 38 31 40 25 44 42 10 18 48 8 14 16 12 2 9 21 1 5 7 32 13 43 6 19 49 28 22 33 26 24 41 29 39 34 
12 33 30 19 4 13 34 28 2 26 46 3 37 45 32 41 43 7 20 14 23 16 39 44 36 24 31 18 42 22 40 38 9 25 21 1 17 48 8 27 5 47 11 10 35 49 15 29 6 
26 32 3 11 29 7 24 15 49 35 4 23 36 21 42 6 37 44 8 25 28 41 13 27 2 48 45 20 46 33 43 16 47 17 10 30 12 18 31 9 14 39 38 22 1 34 40 19 5 
1 22 36 10 38 23 35 39 34 6 43 47 40 25 49 2 9 15 3 27 18 21 19 8 42 46 5 30 4 7 44 48 11 31 26 29 13 32 24 37 20 33 12 41 17 28 14 16 45 
31 46 2 41 40 5 43 1 27 8 42 29 11 48 4 10 39 35 16 12 13 9 7 32 33 17 47 28 49 14 19 6 20 24 45 26 22 34 38 23 15 21 30 3 36 37 25 18 44 
39 44 20 16 6 9 27 38 5 17 22 10 41 14 48 33 45 29 34 1 31 35 23 37 49 15 3 40 28 18 32 12 8 30 13 25 11 19 36 7 43 46 4 24 26 21 2 47 42 
25 48 21 45 28 15 18 12 31 20 9 30 16 13 38 19 24 26 17 36 47 6 22 11 1 4 34 14 39 23 37 29 3 5 35 49 10 41 42 40 2 44 43 46 27 8 32 33 7 
49 14 37 47 8 17 42 33 32 18 44 7 24 19 21 11 40 46 22 5 30 12 43 29 38 10 26 25 1 36 41 2 27 34 15 28 4 35 6 45 16 3 9 48 13 39 20 23 31 
9 5 16 27 46 41 14 19 39 29 30 13 28 34 18 12 21 37 38 42 49 15 3 7 35 8 32 47 6 40 25 43 26 23 24 31 45 11 33 20 22 48 17 1 4 44 36 10 2 
36 38 31 39 37 32 21 43 26 14 18 4 15 2 35 1 7 11 46 33 10 22 40 6 41 42 13 23 44 3 5 9 45 12 29 19 16 49 47 34 17 27 25 8 30 24 28 20 48 
13 45 34 24 20 2 12 48 8 40 27 36 6 5 26 22 19 39 15 3 44 37 25 18 11 16 28 21 30 17 4 10 46 41 33 14 38 42 1 29 9 23 7 35 49 47 31 43 32 
35 18 40 44 30 29 15 9 42 24 7 21 17 31 45 48 36 4 5 20 14 38 1 49 26 27 43 19 13 11 34 32 28 47 22 3 8 10 2 12 37 25 23 16 33 46 6 41 39 
48 11 25 4 3 43 49 16 20 41 37 45 23 22 27 40 8 28 29 47 6 31 10 33 44 9 17 46 36 2 7 21 1 35 18 39 24 30 13 26 32 5 19 15 14 42 34 12 38 
8 28 33 6 10 26 22 47 46 38 3 1 25 35 31 17 2 23 41 9 32 34 12 39 24 30 29 4 16 42 48 49 14 20 19 15 21 40 7 43 44 36 27 18 5 45 13 37 11 
19 42 47 23 7 1 17 49 33 11 10 44 32 12 30 34 13 25 43 24 16 36 14 2 5 20 48 45 15 37 8 31 38 27 39 6 28 4 35 18 46 41 29 9 22 3 26 21 40 
################proper############## 

 average_time = 964.308171 

 success runs = 1 

 total average iters = 106421696.000000 
