6
20 19 21 4 0 0 26 0 13 24 14 7 10 25 27 5 23 32 2 28 22 30 6 33 36 16 31 15 0 0 0 0 34 3 35 0 
0 0 9 0 3 7 4 0 17 19 25 0 28 6 0 33 29 1 12 27 16 0 0 18 24 0 8 5 0 30 20 31 10 0 15 0 
0 15 2 25 22 16 6 0 31 0 36 0 34 0 18 0 24 26 21 29 0 0 11 13 10 0 0 0 14 3 0 1 33 7 4 23 
17 0 23 0 0 32 33 15 21 0 2 16 0 3 0 36 35 12 0 25 0 0 0 34 0 13 19 0 0 6 18 27 0 30 0 0 
0 11 14 0 0 28 5 20 0 27 29 8 2 0 31 9 0 4 1 32 0 0 15 35 0 33 18 0 0 23 24 26 19 0 12 25 
33 0 0 0 13 0 28 3 0 9 35 23 17 14 30 15 16 11 5 0 0 24 20 0 0 0 1 12 2 0 0 22 0 6 36 0 
16 12 1 7 10 21 0 0 0 0 17 6 27 31 0 28 0 29 0 0 0 3 2 14 5 0 20 24 18 15 0 0 30 9 13 0 
6 33 0 28 0 0 16 7 24 5 26 0 22 9 13 4 30 20 8 0 34 27 0 0 0 10 21 36 35 0 3 19 0 0 25 12 
0 34 0 0 26 0 2 0 27 0 22 0 24 0 14 3 12 5 4 0 0 13 21 32 33 29 23 30 1 0 0 0 36 35 6 0 
32 5 0 30 0 0 34 0 18 15 9 0 6 1 7 21 0 36 20 12 0 0 24 31 27 17 11 19 0 0 0 10 0 26 29 16 
13 25 3 0 27 9 1 0 0 33 30 0 23 16 35 2 15 0 6 11 29 0 5 0 0 7 0 14 26 22 0 0 24 18 0 32 
0 14 31 0 36 2 23 4 20 0 3 0 0 0 33 32 0 19 0 7 0 26 9 30 34 8 6 0 0 13 22 5 27 0 1 21 
19 35 0 13 30 17 20 14 28 0 0 0 12 0 11 16 9 3 24 0 36 22 1 23 0 0 0 21 0 4 0 25 18 0 0 5 
0 20 6 0 24 31 8 33 35 25 18 0 19 22 23 29 4 0 13 0 0 14 16 15 30 3 2 28 0 7 36 0 9 0 34 1 
0 27 0 9 0 33 36 0 29 0 13 5 0 0 28 30 0 0 0 4 0 20 34 21 16 0 15 0 0 24 10 14 31 23 0 35 
25 28 5 0 15 34 3 9 11 0 24 27 31 20 2 35 13 18 0 0 8 0 32 0 26 14 36 1 10 12 6 16 0 21 22 4 
0 21 0 0 32 29 0 17 4 31 0 12 0 27 15 0 36 0 0 9 26 0 25 0 0 0 33 23 0 0 0 2 28 20 24 19 
0 36 0 14 0 0 0 1 0 21 16 15 0 34 26 0 0 0 0 2 35 5 0 28 19 0 0 0 17 20 29 0 13 11 0 0 
1 2 12 33 31 20 15 16 19 0 34 22 21 30 6 10 11 7 18 24 32 25 8 4 23 26 3 29 28 0 0 0 35 14 5 13 
27 0 18 0 25 11 35 26 0 0 23 0 15 36 32 22 19 17 34 21 12 29 3 0 0 5 0 9 33 16 4 24 0 1 28 31 
28 3 34 0 9 35 17 24 30 4 33 18 0 29 5 27 25 31 23 14 1 11 13 7 2 0 0 20 21 8 19 15 16 0 32 0 
23 30 0 21 8 36 0 29 9 13 32 1 14 0 20 24 2 33 28 10 5 16 19 26 4 11 22 34 31 17 0 12 6 0 0 0 
4 7 0 0 0 14 21 5 25 10 28 31 0 8 16 0 18 9 0 0 6 2 0 27 15 36 24 0 13 1 0 0 20 34 0 33 
0 32 24 0 16 26 0 0 0 3 0 20 0 23 0 0 34 28 17 0 33 15 0 9 35 19 25 6 0 18 30 21 8 29 2 10 
29 4 13 32 34 8 10 21 0 16 6 28 0 15 24 0 22 27 36 35 19 9 30 12 3 23 0 0 11 25 1 33 2 5 0 20 
31 9 28 16 0 27 14 0 3 0 0 33 11 12 0 0 20 13 10 15 18 0 0 6 0 22 35 0 29 5 25 23 4 24 21 26 
0 24 0 0 0 18 9 0 22 12 27 36 35 2 1 17 6 23 11 0 20 4 0 25 31 15 26 33 16 19 0 30 0 32 0 34 
0 17 30 26 0 0 24 34 8 20 0 4 29 32 0 25 14 16 33 0 21 1 22 3 0 27 12 2 36 0 0 13 0 15 18 0 
0 0 7 0 33 25 18 35 1 23 11 0 4 5 9 26 28 30 27 13 0 8 29 24 20 21 0 10 6 34 16 17 12 19 31 3 
11 23 20 12 35 1 25 0 5 0 15 29 18 0 0 19 21 8 14 0 0 0 0 16 9 0 13 4 0 0 28 0 22 27 10 36 
18 31 25 0 0 3 12 23 0 26 1 9 36 24 0 7 5 0 29 19 30 6 27 11 0 0 28 0 4 14 21 0 32 0 33 0 
12 1 0 0 17 13 11 36 32 0 5 25 20 21 8 0 27 34 7 18 15 35 31 0 22 30 0 3 23 10 9 28 26 0 16 0 
14 16 11 29 7 30 0 10 15 22 8 24 0 0 0 1 0 35 25 36 4 28 23 5 0 32 34 27 19 0 2 0 0 31 20 0 
0 10 32 0 23 0 29 0 33 34 0 19 13 28 25 11 3 2 0 20 0 21 17 22 0 0 0 31 0 35 12 0 5 0 30 7 
34 0 0 2 0 0 31 28 0 0 20 17 30 10 19 18 32 0 16 3 13 12 0 1 0 9 5 0 0 36 0 29 0 22 11 27 
9 0 36 22 28 0 30 0 0 18 21 3 16 0 29 23 31 15 0 0 24 0 10 8 0 20 7 0 0 0 13 35 0 17 19 14 
