6
12 0 0 9 33 10 0 24 36 4 17 6 31 35 0 23 0 0 29 25 0 3 0 0 0 14 0 0 16 0 21 34 13 0 18 0 
0 0 30 16 0 14 8 26 23 0 0 20 0 0 9 22 27 2 0 0 10 33 35 0 0 36 0 6 18 0 0 0 29 0 0 11 
0 0 0 27 22 15 31 0 18 0 0 29 0 17 0 6 12 0 14 0 1 7 28 34 0 0 0 10 4 13 0 9 35 0 36 0 
11 8 0 17 0 36 30 0 0 1 0 0 0 4 0 0 21 24 0 0 2 0 31 26 20 0 27 34 33 0 14 16 6 32 19 28 
0 0 0 4 0 34 0 12 32 16 25 7 0 1 33 0 0 0 20 0 0 0 17 0 31 19 0 35 26 30 15 24 0 0 10 27 
13 0 0 0 0 6 14 0 27 28 19 0 0 8 3 20 34 0 0 30 0 0 32 0 23 0 9 21 1 17 22 0 0 33 0 0 
30 0 9 22 32 0 29 0 15 0 28 21 6 0 24 0 0 4 0 0 0 0 0 8 0 13 0 0 2 0 10 0 0 0 33 0 
20 3 12 8 0 23 2 0 35 36 0 0 25 13 0 11 0 5 0 0 0 15 29 18 0 6 0 19 0 0 0 0 0 9 28 30 
0 35 0 0 5 33 4 0 7 0 16 17 12 0 0 0 20 21 0 23 0 0 6 31 27 9 22 0 24 8 34 0 0 0 32 0 
0 0 0 14 1 0 9 0 0 0 33 0 8 10 0 0 0 32 34 0 28 35 0 2 0 0 17 36 25 0 0 11 5 0 4 0 
18 0 19 0 0 2 0 0 12 13 24 26 0 34 0 0 36 7 0 0 0 21 0 22 0 0 11 0 5 16 8 3 0 20 29 0 
0 28 11 36 0 0 0 0 8 0 1 5 33 2 30 0 0 0 0 17 12 10 14 7 4 29 0 26 0 18 0 15 24 19 35 22 
0 33 21 0 16 0 0 17 6 0 2 0 9 36 0 0 0 0 7 27 29 0 13 0 0 0 24 4 0 25 0 0 0 0 1 10 
25 30 0 34 23 32 0 8 29 0 11 12 0 24 6 0 0 0 0 0 0 0 0 0 13 35 26 22 0 0 0 27 0 0 14 0 
24 2 0 0 0 1 0 0 22 32 4 31 0 27 0 21 0 8 17 0 35 34 0 23 0 30 0 18 14 7 0 0 0 0 15 0 
0 0 0 0 27 18 0 0 26 7 14 0 29 25 13 0 3 28 19 0 0 12 0 0 0 0 1 20 11 0 30 0 4 35 24 32 
0 0 0 0 0 0 0 1 0 0 20 30 0 0 0 16 0 0 11 0 6 26 0 21 0 8 12 0 0 31 0 18 36 0 0 0 
22 13 0 20 12 19 10 0 0 0 23 0 0 30 31 0 11 0 0 14 18 32 0 0 29 0 0 0 28 6 26 0 34 21 0 7 
0 1 4 0 0 31 26 0 0 0 0 15 22 0 11 13 0 3 0 7 0 6 0 0 0 0 0 0 0 0 35 0 0 25 23 0 
0 0 34 0 11 0 20 0 0 31 6 0 0 0 0 24 18 1 35 0 32 0 0 36 25 0 0 7 0 5 0 0 26 0 17 21 
0 0 8 26 0 5 0 0 19 12 0 18 0 9 0 7 28 35 25 0 16 31 0 0 33 21 6 0 0 0 11 10 27 1 0 0 
32 9 16 0 0 17 0 36 14 0 7 8 2 29 0 26 33 12 0 0 11 0 21 13 35 27 0 24 31 15 18 0 30 34 6 5 
0 0 18 0 7 0 0 0 21 3 0 22 15 0 0 0 23 6 10 0 26 0 9 14 0 11 0 30 0 0 24 2 8 0 0 36 
15 24 6 21 0 35 25 0 0 27 13 34 14 31 0 32 0 0 0 0 30 8 0 0 1 0 0 12 29 22 0 20 0 0 7 3 
0 25 0 32 0 30 12 0 4 20 31 0 0 0 0 0 0 14 27 0 0 17 26 29 22 0 0 16 10 0 0 6 15 28 0 0 
0 0 0 0 0 0 0 0 17 9 18 0 3 0 0 0 0 0 22 1 14 0 0 10 24 0 0 13 35 26 0 0 0 5 21 0 
0 10 0 0 6 8 0 30 0 26 0 1 0 0 21 0 29 16 2 4 24 0 12 28 0 5 0 0 32 11 0 35 22 23 0 0 
35 0 0 0 0 0 13 6 34 0 22 14 0 33 0 0 0 0 0 0 0 0 16 25 0 0 21 0 0 27 36 0 0 18 0 12 
34 0 22 0 14 11 0 0 5 8 36 19 13 0 0 0 25 0 21 0 9 0 0 30 0 33 28 31 3 0 2 0 10 0 26 4 
0 0 0 31 18 4 0 35 25 0 21 28 0 5 0 9 0 0 6 0 15 13 34 0 0 2 30 17 0 23 19 1 0 24 0 0 
31 0 0 35 0 0 5 0 0 17 27 24 16 28 2 0 0 9 0 18 0 0 20 3 0 0 0 0 0 19 1 36 0 6 8 15 
0 21 14 0 8 22 0 20 2 11 12 16 5 0 17 0 6 36 28 0 19 0 10 0 32 0 0 0 30 0 13 33 0 0 0 0 
0 0 15 28 0 20 21 0 0 34 0 32 0 0 0 1 0 0 0 0 13 4 0 0 0 0 0 0 6 0 29 25 7 3 27 0 
0 0 23 0 0 24 0 0 0 0 0 13 21 14 0 0 35 27 15 29 17 0 0 0 0 0 0 0 36 20 12 0 0 0 0 0 
0 32 0 1 0 9 0 14 31 33 0 0 0 0 0 0 0 0 30 6 21 25 23 0 0 28 0 0 17 4 5 22 18 0 16 0 
36 0 0 18 0 0 28 0 3 0 29 0 11 0 8 0 0 25 0 22 0 0 0 0 0 31 0 27 0 0 32 0 0 2 20 26 
