7
32 30 0 0 49 0 0 12 28 0 35 0 0 0 26 45 0 0 0 0 0 0 7 5 0 17 0 37 0 0 46 0 43 33 0 25 0 0 4 41 0 8 36 0 0 39 10 21 0 
0 0 0 0 0 0 0 0 26 0 41 37 15 0 0 0 0 0 0 9 10 0 0 0 0 3 0 0 44 0 0 0 0 0 0 0 24 27 40 42 36 39 16 0 0 45 0 25 49 
0 45 8 0 0 37 0 0 0 38 0 0 0 0 2 0 0 25 0 41 35 0 0 0 0 0 40 0 0 49 0 0 0 0 0 0 0 0 0 0 0 15 28 12 0 19 0 0 4 
27 0 0 0 9 39 29 0 47 0 32 0 1 0 0 0 0 0 0 0 0 0 0 0 0 0 0 0 0 17 36 0 34 0 0 0 0 28 0 0 0 12 26 41 0 0 0 6 30 
0 20 41 0 0 1 0 14 0 0 25 0 0 0 0 48 0 0 49 0 0 0 27 0 0 26 21 0 0 7 0 0 0 0 0 0 0 0 0 32 47 0 0 0 0 0 17 23 0 
0 0 21 0 0 0 40 0 0 0 0 23 0 0 0 0 0 0 29 0 39 0 0 0 0 24 0 0 42 0 1 10 12 0 0 0 45 0 0 0 0 0 20 15 34 0 0 5 47 
0 0 0 0 23 0 46 34 0 0 0 0 0 5 0 33 0 0 0 27 40 36 0 0 49 0 0 0 0 0 0 0 41 0 0 20 0 0 0 6 0 0 32 0 22 0 0 0 42 
34 0 10 49 0 0 7 25 0 0 0 0 21 0 0 24 19 0 0 0 0 0 0 16 48 43 0 0 0 0 44 0 0 0 0 0 31 0 0 0 0 20 1 0 0 0 0 0 0 
14 0 0 26 2 35 13 19 0 41 15 16 6 0 0 0 0 0 0 0 0 0 0 0 39 0 0 0 0 0 0 43 0 4 0 0 27 0 22 0 0 28 0 0 0 32 5 0 34 
37 0 0 22 0 33 0 28 0 32 0 0 0 0 0 0 0 0 0 0 0 0 0 0 0 0 0 3 0 0 0 8 0 0 0 0 41 0 0 0 0 0 0 0 0 0 12 0 0 
31 0 0 38 0 0 19 0 0 0 0 10 0 12 0 0 0 0 0 0 27 0 0 0 0 4 0 0 0 0 0 7 0 0 0 0 0 0 15 33 0 24 0 28 0 0 0 0 0 
0 0 0 0 0 0 0 0 2 0 47 0 0 11 0 10 0 35 0 15 18 17 0 27 12 13 0 0 0 0 0 0 0 0 0 3 0 6 0 0 0 0 33 0 0 0 0 0 0 
47 0 0 0 0 15 28 0 0 0 0 33 0 0 0 0 0 38 0 0 0 46 0 0 0 0 0 0 5 0 35 9 0 0 0 0 0 0 0 0 0 0 0 21 13 20 0 0 0 
0 0 0 0 0 0 0 0 0 4 0 0 22 0 34 12 0 0 0 0 0 15 0 0 0 0 0 0 0 30 0 0 0 0 0 43 0 0 0 13 0 0 0 0 0 0 0 0 0 
33 1 0 32 0 22 0 0 0 18 0 0 0 0 0 0 45 0 0 3 0 0 0 41 0 0 0 0 0 34 0 0 38 0 28 21 0 0 0 0 0 0 0 0 7 4 0 47 0 
0 0 24 0 10 0 0 0 42 45 6 1 0 20 0 41 37 0 0 0 28 0 0 0 0 0 0 0 0 0 0 0 11 0 40 16 13 43 0 48 9 0 22 0 0 0 0 0 0 
0 35 0 37 0 49 0 17 0 0 0 2 31 0 33 0 0 20 0 0 0 0 0 9 0 16 0 14 1 45 4 0 0 0 0 0 8 0 0 0 0 29 0 43 0 44 0 48 39 
0 16 0 21 0 0 0 0 32 0 0 14 0 0 0 0 10 0 0 0 0 13 45 19 18 0 0 0 0 0 0 0 0 0 0 0 0 0 0 22 0 44 40 49 0 0 2 0 8 
0 27 13 0 0 0 0 0 0 0 0 0 0 0 0 0 9 0 0 0 0 0 37 34 0 0 0 0 26 0 6 0 42 24 0 0 0 47 0 36 0 0 0 32 0 0 0 0 0 
43 0 0 0 0 0 18 0 0 16 0 0 10 0 0 14 17 26 0 30 0 0 0 36 28 38 33 0 0 13 0 0 0 0 0 0 42 0 0 25 0 0 0 0 0 24 0 46 1 
6 0 0 0 17 48 0 7 0 0 0 24 0 0 0 0 0 31 0 0 0 27 8 0 0 0 0 0 0 0 0 0 0 0 43 0 0 0 1 0 40 0 38 0 12 0 0 36 0 
5 0 0 15 0 0 0 0 33 20 0 3 0 0 0 34 0 0 0 0 0 0 12 0 0 0 1 0 6 4 0 0 0 0 2 0 0 0 0 17 0 0 24 0 30 0 0 0 0 
0 4 25 46 0 0 42 0 0 0 0 0 0 0 0 0 32 0 2 0 0 21 0 14 24 22 0 0 13 8 17 0 0 0 0 0 0 0 34 43 12 0 0 0 0 0 26 0 0 
21 18 0 20 0 0 0 0 0 48 0 25 0 26 0 0 0 0 0 0 0 0 9 0 0 0 0 0 14 0 23 0 0 0 42 0 0 33 35 45 3 40 39 0 2 0 15 0 17 
0 0 17 0 6 0 0 13 38 0 0 0 0 0 0 0 0 23 0 10 0 0 16 30 33 0 0 0 0 0 0 0 0 0 0 46 21 22 29 44 0 5 34 1 0 0 0 0 0 
38 0 9 0 0 0 0 0 0 0 44 0 0 0 0 0 0 0 0 0 0 0 0 0 0 0 0 0 0 46 0 0 0 34 0 0 0 0 0 0 0 0 10 0 0 0 0 12 0 
0 0 27 0 19 0 0 0 0 36 31 0 17 18 0 0 0 48 35 0 8 0 41 0 0 0 0 10 0 0 0 0 0 0 0 0 0 38 14 24 25 42 47 46 0 0 0 16 0 
0 0 0 0 0 0 0 9 0 0 24 0 14 29 0 47 0 16 0 0 17 0 0 15 0 0 0 32 0 0 0 0 0 0 0 13 0 10 0 0 0 0 0 31 0 0 33 37 0 
0 0 0 0 0 0 36 45 0 0 0 0 48 13 0 0 1 0 0 38 0 5 43 32 0 0 0 0 17 0 0 0 0 0 30 0 0 16 0 0 0 0 0 0 0 33 11 0 0 
0 0 0 0 0 0 0 0 0 0 0 22 0 0 17 46 2 0 0 0 0 0 0 45 0 25 0 0 35 0 0 0 36 0 38 0 0 0 0 19 10 0 5 0 0 37 0 0 0 
0 0 0 43 0 0 0 0 0 35 0 0 0 0 12 0 0 33 0 21 0 0 0 13 0 0 0 15 0 14 26 0 3 0 16 0 40 0 0 0 0 48 0 9 0 18 0 0 0 
49 26 19 27 20 0 2 0 0 43 0 0 7 0 35 0 0 0 0 0 3 0 0 0 0 0 31 0 0 0 0 33 0 0 22 0 0 0 21 0 0 45 0 0 0 0 0 4 0 
0 6 0 29 0 0 25 0 0 0 5 12 40 28 0 0 0 0 0 0 0 0 26 0 0 0 0 0 2 0 0 0 0 0 0 38 0 0 0 0 0 0 42 0 0 0 0 27 24 
9 0 0 0 0 0 0 0 0 0 10 26 0 0 0 0 36 0 0 0 25 0 0 0 0 0 0 12 48 0 0 13 1 8 0 0 0 0 0 0 0 0 0 0 45 0 0 17 0 
40 46 0 0 48 0 4 1 0 15 19 0 0 0 0 0 0 0 0 0 13 0 28 0 0 0 0 0 31 0 45 6 0 0 0 0 0 0 0 0 0 22 35 34 0 0 36 39 44 
0 0 43 1 0 40 0 0 0 0 0 0 0 0 13 0 0 10 0 18 0 0 0 0 35 6 14 20 4 0 24 0 21 0 0 0 46 12 25 9 0 0 0 0 0 0 0 22 0 
0 23 0 0 18 25 0 43 0 0 22 0 0 0 0 29 15 49 0 16 0 0 0 3 0 19 0 2 0 0 0 11 0 31 0 0 0 0 0 0 0 47 0 0 0 12 46 0 33 
0 0 0 0 26 0 0 0 13 0 0 0 0 0 23 0 0 0 46 35 0 0 10 0 27 0 0 47 0 0 0 0 0 0 0 0 0 5 0 0 1 0 0 0 0 8 43 0 0 
19 28 29 0 0 0 5 0 0 0 0 0 0 0 0 0 21 0 0 40 0 0 38 0 0 0 0 0 0 1 0 0 0 0 0 0 14 0 0 0 31 0 44 0 6 0 4 34 0 
0 42 49 0 45 0 0 0 0 44 7 0 0 0 0 27 0 0 24 0 0 0 0 0 0 33 0 43 8 0 0 0 0 0 0 0 0 0 20 40 19 0 0 0 9 0 0 0 0 
0 17 7 0 0 0 0 0 0 0 0 15 12 0 0 0 20 0 0 0 0 0 0 22 0 0 8 26 0 28 0 0 46 0 0 0 0 0 0 0 0 18 0 0 0 0 24 45 0 
0 0 0 9 0 0 0 0 0 0 0 0 0 0 0 0 0 47 0 0 0 0 40 0 0 0 0 0 0 0 0 0 0 14 0 48 0 45 6 15 0 0 0 0 5 0 0 28 0 
0 0 32 0 0 0 12 0 0 0 0 0 0 0 0 0 0 0 45 0 0 0 0 0 9 0 0 0 0 0 21 0 0 6 4 0 0 0 0 38 44 13 0 0 25 0 0 0 0 
0 0 16 0 0 0 0 0 0 10 0 0 33 0 0 13 0 29 0 0 38 0 0 0 0 0 43 0 0 0 0 30 0 0 0 8 0 0 0 0 0 0 0 0 28 0 0 0 0 
0 0 0 34 37 0 0 0 0 0 30 0 47 0 0 0 0 0 0 0 23 0 0 0 0 0 0 0 0 0 31 38 0 0 13 0 17 0 0 0 0 0 12 0 0 0 20 0 0 
0 0 0 13 0 0 0 24 0 21 2 0 45 25 0 0 0 0 0 0 0 22 0 0 20 0 11 0 0 0 14 0 0 18 41 0 0 30 0 0 0 0 4 44 0 0 0 0 0 
15 25 0 28 0 31 0 0 29 0 16 0 44 0 0 0 0 0 33 46 47 0 0 0 0 0 38 7 0 0 0 0 20 45 0 1 22 0 0 5 0 0 27 0 10 0 13 2 43 
46 0 3 0 0 0 0 0 0 0 43 0 19 0 0 0 41 0 4 0 0 0 13 18 0 0 0 0 0 0 2 0 0 5 0 0 0 14 11 12 0 6 0 0 0 30 0 0 0 
0 0 5 6 0 0 0 3 4 0 0 0 11 0 0 17 0 0 0 32 0 0 0 37 0 0 0 0 34 0 33 46 0 0 36 0 0 0 0 0 41 10 21 45 0 0 0 0 48 
