7
0 0 5 8 37 39 0 0 0 0 0 0 0 0 0 0 0 0 0 9 0 0 0 20 0 21 0 47 0 0 0 0 4 0 0 0 0 29 10 0 0 0 0 0 0 32 0 0 44 
0 0 0 19 30 0 0 0 0 10 5 37 0 0 0 18 0 0 0 0 0 0 0 0 0 0 0 0 0 0 0 47 0 0 23 0 0 0 13 0 0 40 0 0 0 34 0 0 0 
0 23 0 12 0 43 0 0 0 0 0 0 31 0 0 0 0 0 4 0 0 0 0 0 0 0 19 0 0 0 0 0 0 9 0 0 49 0 11 38 41 0 0 0 33 0 0 0 21 
0 0 0 3 0 14 0 0 43 0 0 0 0 0 0 0 0 0 45 0 46 24 0 0 0 0 0 0 0 0 0 44 0 0 0 0 0 36 31 0 0 18 25 48 0 8 42 23 0 
48 0 0 0 38 47 26 0 0 0 3 0 0 44 31 0 0 0 0 0 0 22 40 0 23 18 11 1 25 0 0 5 0 0 0 0 0 0 0 0 24 0 14 0 0 20 0 0 0 
0 9 11 0 18 0 0 24 39 0 14 32 38 8 48 0 0 0 0 41 0 15 0 0 5 0 0 34 0 0 0 19 0 16 0 0 0 6 0 0 0 23 0 0 0 0 0 0 0 
0 0 0 36 0 0 0 47 0 0 0 0 6 0 34 19 0 0 0 0 0 0 0 0 0 0 28 4 0 0 0 3 0 0 21 0 0 0 0 0 0 0 18 0 0 29 0 16 0 
0 0 40 16 0 0 0 0 0 0 0 0 13 0 7 0 0 47 0 0 0 0 0 0 0 23 15 0 22 33 0 0 0 0 0 0 38 11 0 4 0 0 0 0 3 0 10 0 0 
0 44 0 2 0 0 0 0 34 0 0 0 28 0 41 0 23 0 0 38 0 0 0 0 6 0 0 0 0 0 0 0 19 30 0 0 48 0 17 22 21 0 0 25 0 0 0 0 0 
0 0 4 0 0 0 0 0 0 0 25 0 23 0 0 0 0 19 0 0 15 0 0 0 0 0 0 13 0 0 0 0 8 0 0 0 0 0 0 0 20 0 0 44 0 43 0 0 11 
0 0 0 9 19 22 0 20 0 0 0 38 41 0 0 0 28 0 0 0 0 42 0 11 0 0 0 0 0 0 0 0 0 40 45 0 32 0 0 0 0 13 0 0 0 0 0 0 0 
0 0 37 0 45 0 0 48 0 0 0 0 44 0 0 14 0 11 0 20 0 47 0 0 0 0 22 0 0 0 0 0 0 0 0 0 0 0 0 0 27 0 0 0 4 0 0 0 0 
27 0 26 28 0 0 0 0 0 0 0 0 0 0 0 4 44 49 0 35 0 3 0 0 9 0 0 0 0 41 34 0 0 0 0 14 40 0 0 12 0 0 46 0 47 0 0 7 0 
24 20 0 0 0 0 1 5 21 0 0 11 0 19 0 0 0 0 0 34 0 0 30 40 38 0 14 0 0 26 0 0 0 0 0 0 44 47 49 41 0 0 0 17 0 16 35 0 37 
0 0 0 0 0 0 45 31 0 0 0 0 0 22 0 30 0 0 0 0 0 0 0 32 41 0 17 49 28 0 19 0 16 0 9 0 0 0 46 7 40 0 48 0 0 0 0 0 0 
0 1 28 29 21 23 0 0 33 0 0 0 0 0 0 0 0 0 0 24 0 44 34 0 43 0 0 0 0 0 0 0 0 0 8 0 0 0 0 0 11 47 0 0 0 4 19 2 0 
0 37 0 0 25 0 9 7 36 0 0 0 42 0 49 0 0 31 46 48 0 0 26 0 24 0 0 0 0 0 0 0 0 47 1 0 0 14 0 0 0 6 0 0 0 0 17 0 0 
46 0 22 0 0 0 0 0 37 0 0 0 2 40 29 0 0 25 7 0 0 39 14 0 0 11 1 21 10 13 26 32 0 42 15 0 0 18 0 0 0 0 49 30 0 0 0 20 0 
0 0 0 0 15 0 0 0 0 0 43 0 0 0 0 0 0 0 19 0 0 0 47 3 0 0 0 36 0 0 33 23 0 25 0 0 0 0 2 0 0 44 0 8 0 0 0 0 0 
42 39 7 0 13 19 0 0 0 0 8 0 0 0 1 0 0 0 0 23 0 0 18 0 0 25 5 0 37 0 17 0 0 36 49 22 21 0 0 27 32 0 0 0 0 0 0 0 9 
35 0 0 0 0 0 5 9 0 0 47 46 0 0 0 0 0 0 0 21 3 0 15 0 0 0 0 0 0 27 0 0 0 0 0 0 12 0 0 0 0 0 0 0 1 0 0 0 0 
11 0 10 0 0 0 0 0 3 0 0 8 0 0 0 0 5 45 23 0 0 0 44 0 42 0 0 0 19 12 0 0 0 0 0 34 36 0 26 20 1 0 0 0 0 0 0 0 0 
0 0 0 0 0 0 0 0 28 0 0 0 0 0 42 35 0 0 17 12 0 0 29 47 25 0 0 0 9 0 0 41 0 0 0 40 10 0 0 0 0 32 0 0 0 0 0 33 8 
2 0 0 0 0 0 0 29 47 0 49 0 0 0 38 7 46 15 0 0 0 0 0 0 0 3 0 0 0 35 0 0 0 0 0 0 16 0 0 42 0 0 0 1 40 28 0 21 23 
0 0 0 0 20 0 0 34 0 42 15 0 32 0 0 0 10 0 0 0 44 0 0 0 0 0 0 0 0 22 0 0 0 0 0 0 25 0 0 3 0 0 0 0 0 7 0 0 0 
0 0 0 47 23 0 0 0 0 0 12 0 0 17 39 0 0 0 0 0 0 49 0 0 0 0 0 0 16 0 10 0 26 0 0 0 0 0 14 0 6 35 2 0 0 37 0 0 0 
29 0 36 18 0 0 0 0 10 14 0 0 39 33 0 32 0 0 0 30 0 5 12 0 16 0 8 6 0 0 23 49 11 0 44 0 0 0 28 0 0 0 0 0 0 0 25 48 0 
13 0 0 0 0 0 0 0 0 0 0 0 0 0 0 29 0 0 0 0 0 0 36 0 0 20 0 0 0 0 0 25 0 0 0 7 0 0 15 0 0 0 0 0 0 0 0 0 10 
17 0 0 0 0 0 0 0 0 12 0 0 0 0 5 0 32 0 0 15 9 0 0 0 0 43 26 33 0 0 0 0 0 48 19 49 0 0 0 39 0 7 0 0 0 27 20 0 25 
0 0 45 0 0 0 21 0 0 0 41 16 0 0 0 0 0 3 30 0 40 14 0 0 0 0 0 0 0 0 0 0 13 0 5 0 0 35 0 0 0 0 0 28 42 0 0 0 43 
20 0 0 41 34 0 0 0 0 0 24 0 0 0 47 0 0 26 39 0 0 0 7 0 0 36 0 9 3 0 0 0 43 12 4 32 0 0 0 44 0 0 0 0 21 0 33 0 0 
9 0 0 0 0 0 0 0 0 0 0 19 0 0 21 0 0 0 0 0 0 34 0 15 49 0 12 0 0 0 39 0 0 29 0 0 0 0 0 0 13 0 0 0 0 0 16 26 0 
0 0 0 0 0 42 0 36 0 23 0 10 0 0 0 0 0 0 1 16 0 0 5 0 0 0 38 0 0 6 0 0 0 0 0 0 0 28 0 11 0 0 40 0 0 49 47 0 0 
0 0 0 0 0 0 0 0 0 0 38 0 0 20 0 0 0 2 24 0 0 16 0 0 0 0 48 0 0 0 0 27 0 0 0 0 0 17 3 0 0 31 8 0 45 0 0 0 0 
0 14 0 26 0 0 0 0 0 0 0 34 0 5 37 0 0 0 0 0 0 40 0 0 11 0 0 0 46 36 0 33 0 24 31 0 0 0 0 0 16 0 0 4 0 0 0 0 39 
0 0 0 0 16 21 0 25 0 0 0 0 0 0 0 0 0 1 0 0 0 0 0 0 4 5 0 0 0 18 11 0 22 0 0 12 0 0 0 6 0 0 0 0 0 2 13 46 30 
0 7 38 42 0 0 0 41 18 21 0 6 33 23 19 0 0 0 0 29 0 0 0 0 15 0 49 0 27 3 0 0 44 0 0 5 1 0 0 32 0 0 39 0 0 0 8 0 0 
0 0 0 0 0 31 0 0 26 1 0 2 0 0 13 0 39 28 0 0 0 0 48 0 0 0 0 27 0 19 8 0 0 0 0 23 47 0 0 0 0 0 0 0 0 0 0 0 0 
0 47 0 0 49 0 0 35 0 0 0 0 0 0 15 0 38 0 26 0 0 29 1 0 0 0 0 16 12 0 0 9 0 0 0 11 0 0 25 0 0 0 36 0 37 0 3 28 0 
5 0 0 0 22 0 0 0 17 0 45 3 12 37 30 0 0 7 0 0 48 25 0 38 0 0 44 0 0 40 0 0 36 0 0 0 13 0 0 46 0 0 0 15 0 0 0 0 0 
0 25 0 0 0 0 0 0 0 38 0 47 0 0 0 10 37 0 36 0 0 20 0 13 0 0 0 40 4 0 0 39 0 0 33 48 28 15 0 0 3 22 19 0 0 0 0 0 0 
0 8 0 0 0 0 41 15 0 0 0 49 0 36 0 0 9 0 0 44 11 0 0 45 0 46 0 0 0 25 42 0 0 0 34 35 0 16 40 0 30 0 0 0 0 48 0 0 0 
34 0 0 32 0 0 0 3 29 27 0 21 0 42 0 0 13 0 0 26 0 0 8 23 0 0 0 0 43 46 41 0 0 0 0 45 0 20 16 0 0 0 0 0 0 0 28 0 2 
19 0 0 14 0 0 0 4 0 16 7 0 36 0 20 0 8 10 0 32 47 0 0 0 0 6 0 0 0 49 0 0 0 0 0 0 0 9 0 0 25 39 0 0 0 44 0 0 0 
0 0 0 20 10 37 0 18 0 28 0 0 0 0 23 0 0 30 0 0 0 21 0 0 0 0 35 42 0 0 0 0 29 0 0 0 0 40 47 0 0 0 0 0 14 0 0 0 0 
0 26 0 0 0 0 0 0 0 0 32 9 0 0 0 0 0 0 0 0 0 11 0 0 0 27 25 0 2 0 0 0 0 0 0 0 0 34 0 0 0 0 16 21 0 38 0 18 46 
36 0 0 0 28 0 12 0 0 47 0 25 0 0 11 0 0 0 0 0 0 0 0 44 1 10 0 19 0 23 16 0 0 0 14 0 0 7 32 15 22 0 0 0 0 0 0 5 0 
38 0 0 0 0 0 0 0 0 0 19 0 0 0 0 0 0 27 0 6 0 26 39 0 22 0 47 0 18 45 0 4 0 0 0 0 0 21 0 0 0 0 0 0 0 0 37 8 32 
6 21 0 0 42 4 40 0 0 0 0 0 0 0 0 0 0 0 35 0 28 0 37 0 0 0 32 18 0 0 0 0 0 0 0 0 0 0 0 0 31 0 43 0 0 0 0 47 0 
