7
0 0 0 0 0 42 27 20 0 15 0 8 0 0 0 0 0 0 0 41 0 7 29 25 0 1 0 30 0 0 0 44 35 36 0 0 4 0 0 0 0 39 0 0 0 48 31 0 0 
0 0 0 0 0 0 0 0 0 0 11 0 0 13 0 0 0 40 0 0 0 0 0 0 0 26 48 28 0 0 0 0 22 3 7 0 0 0 30 0 27 16 0 23 34 14 0 42 0 
26 0 7 48 0 0 30 0 0 0 0 46 16 0 4 0 0 0 0 39 0 35 36 13 0 41 22 43 0 17 0 0 0 0 0 20 29 0 0 0 0 0 0 0 19 0 15 0 0 
0 0 39 0 24 46 0 0 2 0 0 6 0 0 0 0 0 0 0 0 0 3 0 0 0 0 10 0 30 0 0 0 0 0 0 0 0 45 0 0 42 0 0 41 40 0 22 0 0 
0 0 0 0 0 0 0 0 0 0 0 0 0 7 0 0 0 0 16 0 10 0 0 0 0 18 0 0 0 0 0 48 0 0 0 25 0 0 0 0 0 0 0 0 0 0 0 8 0 
37 0 0 0 0 25 0 38 0 0 0 0 0 0 0 0 0 48 0 0 0 2 0 0 0 0 0 0 0 0 4 0 14 9 33 3 0 0 21 0 0 0 0 7 0 0 20 49 29 
0 0 0 0 0 0 0 36 0 0 0 0 49 23 24 0 42 0 3 0 0 0 17 0 12 20 0 0 26 0 0 0 0 19 0 0 0 5 0 44 7 0 30 0 0 0 0 0 0 
29 0 0 0 0 0 44 0 0 0 20 0 17 0 0 10 0 0 0 0 24 0 0 0 0 0 0 0 0 0 0 0 0 0 0 0 0 0 0 45 0 0 38 0 0 0 0 15 0 
0 0 6 41 0 0 0 0 0 48 0 0 0 0 0 0 33 0 0 0 0 0 32 0 0 10 38 0 0 0 0 4 26 0 8 0 31 0 0 0 0 0 18 0 21 0 0 39 0 
46 0 15 10 0 0 0 0 0 0 0 39 0 0 23 32 0 0 0 49 0 0 0 0 0 0 0 35 0 0 0 0 0 0 0 18 0 0 12 0 0 0 0 0 47 0 0 0 30 
0 0 0 0 0 0 0 31 0 0 0 0 40 8 0 0 0 0 0 0 0 0 0 36 0 3 9 0 0 0 0 0 0 0 0 2 7 6 1 0 0 0 14 0 0 0 0 0 0 
0 0 0 0 25 0 0 10 0 0 0 0 0 0 18 0 35 6 0 31 13 29 0 0 30 0 7 0 39 0 0 0 33 0 0 0 0 0 0 0 0 0 48 0 0 45 2 0 41 
48 0 4 13 0 0 0 0 0 0 0 0 23 0 0 0 0 0 0 0 20 0 0 0 0 0 16 0 0 0 0 0 0 31 0 0 0 0 0 0 0 0 0 0 0 0 0 0 0 
18 0 0 0 0 0 0 0 0 33 0 14 45 43 0 8 0 5 47 0 0 0 21 0 0 0 41 0 0 0 0 22 0 6 0 30 0 23 0 0 17 0 0 10 29 0 13 0 0 
0 12 0 0 15 0 0 0 0 0 0 0 0 41 0 0 38 0 0 4 0 43 0 0 0 0 0 0 0 0 26 0 0 0 0 36 13 0 0 0 39 0 9 0 0 42 0 23 17 
0 1 0 0 0 0 29 0 0 0 0 15 0 0 49 16 0 0 0 0 0 0 25 0 27 0 36 7 0 0 47 14 0 0 35 0 48 0 0 11 0 17 0 38 41 12 0 0 0 
0 9 0 0 0 0 0 30 3 0 0 0 0 0 0 42 0 0 25 0 0 0 0 0 0 0 0 0 0 0 0 41 0 0 0 49 35 37 0 10 0 0 0 18 0 2 19 0 0 
41 0 18 0 46 0 0 0 10 0 47 0 19 0 0 9 0 0 0 0 0 0 0 0 4 0 0 21 0 0 0 31 2 0 0 0 0 12 0 20 0 0 0 0 0 6 36 0 0 
2 0 0 0 0 0 0 0 0 20 0 0 0 0 0 0 24 0 0 10 0 0 0 0 0 29 46 0 0 0 0 0 0 18 0 0 0 21 22 7 23 0 0 0 33 0 32 0 0 
0 10 0 0 0 0 25 0 33 0 4 38 28 0 0 37 0 0 0 0 22 41 0 0 0 34 0 0 23 3 0 0 19 0 0 0 26 15 0 29 40 30 16 31 0 0 46 47 0 
49 0 0 0 40 0 35 0 36 0 0 0 7 0 0 47 39 0 0 46 1 0 10 0 0 0 28 3 0 44 0 0 0 8 0 0 0 0 0 2 0 18 20 0 0 0 0 0 0 
6 0 0 0 21 12 34 46 16 0 0 7 0 0 0 18 9 8 0 19 0 0 0 0 41 0 25 0 0 0 39 0 0 0 0 0 0 0 0 0 0 0 0 0 0 38 47 0 0 
38 0 0 0 0 18 0 0 0 0 17 0 0 0 0 23 21 0 0 0 6 0 0 0 0 0 44 0 0 28 0 0 45 5 16 0 1 0 0 3 0 0 0 0 46 0 0 48 0 
0 0 0 0 0 33 0 0 0 0 0 0 37 24 0 13 0 36 0 44 16 0 0 0 7 28 0 0 0 0 0 19 12 22 0 0 0 0 38 21 43 0 0 0 0 0 0 27 26 
0 25 0 5 0 41 0 0 0 0 0 0 39 0 0 2 0 0 0 48 0 0 43 32 31 0 15 0 0 0 0 0 3 0 0 0 0 0 0 19 49 0 0 21 0 16 0 0 0 
8 19 44 0 0 37 0 0 0 0 0 0 0 35 3 15 0 0 0 7 0 0 6 0 0 0 0 0 0 0 25 0 0 0 0 0 0 39 18 0 45 0 0 0 11 0 0 0 0 
20 0 0 0 0 10 45 0 38 0 18 0 0 48 41 0 0 0 0 0 0 0 0 0 0 5 0 0 0 0 13 0 15 21 1 14 6 0 0 31 2 0 0 0 0 0 0 0 0 
0 0 26 0 32 0 1 6 0 2 0 0 0 0 14 0 0 11 0 22 0 0 47 20 29 21 0 0 0 0 8 0 0 10 0 0 16 0 0 0 0 0 0 0 0 0 4 0 0 
0 0 0 35 0 21 36 0 0 0 0 0 10 0 28 45 0 0 0 0 0 0 0 0 0 0 0 34 0 0 0 0 20 0 9 0 0 7 0 0 33 6 0 4 0 0 37 13 0 
14 0 0 0 0 0 19 0 17 0 33 0 0 49 0 0 8 0 0 0 0 10 0 41 0 0 0 0 0 0 43 0 0 0 0 35 0 0 0 0 32 0 0 0 0 0 39 0 40 
0 43 46 0 0 8 0 0 0 0 39 0 29 31 0 0 0 0 13 15 0 20 0 0 0 0 0 24 0 0 19 0 0 17 48 0 45 0 0 37 0 0 0 0 0 0 0 6 22 
32 41 0 0 10 0 0 0 22 0 0 0 0 12 35 0 0 1 0 0 0 0 46 0 0 0 5 48 3 45 42 0 8 0 0 0 0 34 0 0 0 0 0 0 30 0 0 0 0 
0 6 0 0 11 4 0 0 0 0 0 44 0 0 0 29 0 0 0 0 0 49 0 0 9 0 0 0 0 33 0 23 0 14 0 0 8 20 3 36 0 0 41 0 0 34 0 2 0 
45 34 0 16 0 0 0 1 46 11 0 0 0 0 0 0 0 41 0 0 33 0 8 0 0 0 0 0 0 0 0 0 0 37 44 28 0 0 39 0 31 0 0 0 0 0 10 7 0 
0 0 0 0 0 0 5 35 24 0 0 0 0 0 37 0 0 19 11 0 48 0 0 31 0 0 0 0 0 0 41 0 0 0 0 12 40 0 0 27 0 0 0 42 0 0 0 0 0 
4 0 33 0 0 0 0 0 0 0 16 0 0 0 0 0 0 0 0 0 17 0 28 0 35 0 37 0 13 38 0 2 0 0 0 0 0 0 0 40 5 0 0 0 0 18 0 19 0 
7 29 0 0 44 0 0 0 0 0 0 31 18 0 0 0 0 0 0 0 0 0 0 0 0 0 0 0 8 27 0 28 37 0 0 0 24 0 0 0 0 0 0 36 5 0 0 0 0 
25 47 38 0 41 0 15 0 0 0 0 0 20 0 0 0 0 46 0 0 0 0 0 8 42 0 19 0 0 0 21 0 0 24 18 0 0 0 37 0 0 0 0 0 16 0 49 0 0 
0 13 0 0 0 0 18 24 0 0 0 0 0 36 16 0 0 0 9 0 0 11 0 0 0 45 21 47 0 0 0 0 0 34 0 26 0 0 35 43 0 0 0 33 0 0 0 0 4 
0 0 40 0 0 5 0 0 0 0 0 0 33 15 1 49 0 27 0 0 0 0 3 34 0 6 0 22 0 0 14 0 41 23 0 0 46 38 0 0 0 8 0 0 0 0 0 20 0 
23 0 3 0 45 22 10 7 34 30 0 0 0 0 0 0 44 0 21 0 18 0 0 33 0 0 0 0 20 0 0 0 0 0 0 0 0 13 0 0 0 0 0 0 42 0 0 0 35 
0 0 43 0 34 36 0 0 0 0 0 0 0 0 0 0 0 0 0 0 0 27 0 0 39 12 17 31 0 0 0 0 0 15 0 0 11 0 29 0 0 0 0 0 7 0 0 0 0 
34 0 0 18 0 0 0 33 0 0 0 20 0 0 0 0 19 0 0 5 0 0 0 0 0 0 23 0 0 0 22 0 0 0 0 0 10 0 0 0 0 31 0 44 0 35 0 0 0 
5 0 0 0 0 0 14 0 0 0 0 28 0 0 0 0 0 0 0 0 0 17 0 0 0 0 39 33 40 0 0 18 29 0 0 0 0 26 0 1 36 0 42 0 0 0 41 21 43 
42 0 0 23 28 0 0 0 0 0 0 0 0 0 0 0 0 0 4 0 37 34 0 0 47 0 43 0 0 41 0 0 0 0 0 0 20 0 6 0 19 0 0 0 0 0 0 18 0 
19 0 0 44 26 30 39 0 0 0 0 0 0 0 0 31 0 24 42 0 0 28 0 0 0 0 0 0 0 0 17 0 0 0 0 0 0 0 5 48 0 0 0 40 20 9 34 0 46 
15 33 0 0 13 43 0 0 0 9 32 34 25 0 0 0 0 0 0 40 0 0 0 5 24 0 35 36 0 0 0 0 0 28 6 0 37 0 46 0 0 44 0 30 0 0 0 4 0 
0 22 0 6 0 0 0 0 0 0 13 37 0 0 0 0 18 0 0 0 0 0 0 0 0 0 0 0 31 0 0 0 36 39 0 0 0 0 23 25 0 0 0 17 0 7 0 12 0 
0 0 0 0 47 0 0 0 0 0 0 0 0 0 0 0 15 0 0 0 0 26 0 0 0 46 20 0 4 11 0 0 0 0 0 0 0 0 0 0 18 32 0 0 39 25 0 38 0 
