Success!!! 
 
 max_col = 
 25 
 
 run_time = 
 0.101820 
 
 once iters = 
 22557 
 
25 7 24 18 14 20 11 10 5 1 2 19 23 12 9 8 22 15 4 17 21 6 3 13 16 
8 13 4 19 3 22 16 25 12 2 15 18 14 7 17 20 11 1 21 6 9 10 23 24 5 
2 10 16 12 22 17 4 14 9 21 3 25 20 11 6 13 24 5 19 23 15 8 7 1 18 
20 15 11 23 21 18 8 7 6 3 1 5 13 24 10 16 25 9 14 2 19 4 22 12 17 
17 6 5 9 1 19 15 13 24 23 22 8 16 21 4 10 7 12 18 3 20 14 25 11 2 
10 9 12 22 15 11 21 3 8 4 13 16 18 1 23 7 14 24 6 20 17 25 2 5 19 
21 3 19 7 16 1 22 17 20 5 8 24 25 15 2 9 12 23 11 18 6 13 14 10 4 
24 20 18 25 13 2 9 23 10 6 4 7 22 5 14 17 3 19 15 21 8 1 11 16 12 
11 4 2 8 6 24 14 15 18 16 12 21 17 19 3 5 1 13 10 25 23 22 20 9 7 
5 14 1 17 23 25 19 12 13 7 6 20 10 9 11 2 16 22 8 4 24 3 15 18 21 
12 5 14 15 8 13 3 11 1 18 24 10 21 23 7 22 17 4 2 16 25 20 9 19 6 
4 23 7 21 2 5 10 16 25 17 18 15 9 20 1 14 8 6 13 19 22 11 12 3 24 
9 25 3 16 24 8 20 22 2 15 14 6 19 17 13 23 10 11 12 7 5 21 18 4 1 
13 22 10 20 17 21 6 24 4 19 25 12 11 3 16 15 9 18 5 1 7 2 8 23 14 
19 1 6 11 18 14 7 9 23 12 5 4 2 8 22 25 21 3 20 24 10 16 13 17 15 
18 11 23 4 19 15 2 20 17 25 21 9 7 16 8 6 13 10 22 12 1 5 24 14 3 
3 17 25 14 20 10 1 6 16 9 23 2 5 18 12 21 4 7 24 8 13 15 19 22 11 
16 24 21 10 7 12 23 18 3 22 11 13 1 14 20 19 5 2 17 15 4 9 6 8 25 
6 2 22 13 9 7 24 5 14 8 19 3 15 4 25 1 23 20 16 11 18 12 17 21 10 
1 8 15 5 12 4 13 19 21 11 17 22 6 10 24 3 18 14 25 9 2 7 16 20 23 
14 12 9 6 10 23 25 2 11 24 7 17 4 13 21 18 20 16 1 22 3 19 5 15 8 
23 21 20 24 4 6 5 8 19 13 10 11 3 2 18 12 15 25 9 14 16 17 1 7 22 
22 16 13 2 11 3 12 4 7 10 20 1 8 6 15 24 19 17 23 5 14 18 21 25 9 
7 19 17 1 25 16 18 21 15 20 9 14 24 22 5 11 6 8 3 10 12 23 4 2 13 
15 18 8 3 5 9 17 1 22 14 16 23 12 25 19 4 2 21 7 13 11 24 10 6 20 
################proper############## 

 average_time = 0.101820 

 success runs = 1 

 total average iters = 22557.000000 
