Success!!! 
 
 max_col = 
 81 
 
 run_time = 
 137.775397 
 
 once iters = 
 2100041 
 
71 37 73 54 67 53 63 57 43 61 23 74 26 70 10 29 27 25 15 80 9 19 5 76 79 51 49 12 69 50 20 1 24 7 31 47 21 38 14 42 32 66 17 11 41 8 34 2 48 55 58 64 81 62 78 28 13 6 22 65 44 59 68 40 45 35 77 52 56 3 75 36 60 16 4 39 33 46 72 30 18 
23 20 78 56 59 19 74 13 77 1 18 48 3 54 21 9 58 42 24 69 8 67 41 44 75 52 16 29 33 72 15 6 40 39 71 55 76 46 79 22 62 35 53 47 36 60 66 28 65 38 30 51 7 11 37 26 4 32 31 34 12 5 14 81 70 61 27 49 43 63 17 68 64 80 10 25 57 50 2 73 45 
45 65 6 49 9 48 7 27 1 8 33 69 67 11 56 31 73 64 46 30 60 50 62 78 12 26 35 42 61 54 38 17 2 22 79 34 81 80 19 13 16 52 68 63 40 59 20 36 43 25 3 37 57 72 18 55 23 75 29 77 39 70 71 10 44 76 14 24 41 4 28 47 21 66 51 32 74 53 5 15 58 
76 35 50 42 11 80 17 16 44 53 65 72 22 13 36 20 45 19 33 31 39 32 66 63 61 38 6 73 5 30 3 10 74 56 75 78 28 2 64 59 51 60 12 57 15 27 71 24 70 49 14 67 4 47 52 21 58 1 43 69 79 7 62 18 37 46 23 34 25 55 26 9 77 54 29 8 40 68 81 48 41 
26 3 64 39 72 8 30 2 28 17 63 47 75 5 34 62 4 50 11 14 22 40 18 37 81 36 48 66 13 45 23 32 44 9 41 43 73 27 20 65 25 74 6 33 70 69 10 31 56 77 12 76 68 19 60 61 42 49 46 67 51 54 38 16 58 21 57 15 80 53 79 29 71 78 7 1 52 24 59 55 35 
32 41 4 52 22 18 46 40 5 51 14 35 6 76 12 66 68 57 64 55 20 77 59 29 10 47 2 16 21 70 26 53 11 8 81 25 9 37 44 58 49 71 67 34 56 1 80 78 13 75 15 61 79 39 27 63 50 48 74 33 36 45 24 7 30 19 54 72 73 38 62 60 65 42 17 23 31 43 28 69 3 
25 29 15 14 58 66 47 60 51 24 78 32 2 43 7 55 41 49 17 27 34 65 21 13 42 72 4 28 68 64 52 62 37 46 76 77 10 48 5 26 75 18 30 31 61 45 54 9 33 16 73 35 6 23 8 40 53 57 80 56 11 3 81 69 1 74 67 50 20 59 39 71 38 22 70 19 12 63 79 36 44 
70 33 68 34 69 10 55 81 38 59 15 80 71 28 44 79 52 60 43 25 45 57 3 74 23 1 53 48 36 51 58 14 63 67 18 65 54 72 4 50 24 8 77 7 39 46 41 42 32 5 40 26 21 29 17 20 30 76 9 73 35 19 16 2 64 78 66 31 22 13 12 11 27 62 75 49 6 61 37 47 56 
21 75 36 62 61 31 12 79 24 77 46 16 38 40 37 30 81 39 71 7 56 68 70 73 28 58 54 80 35 49 57 19 60 59 4 27 55 3 78 69 29 23 45 1 43 50 18 22 53 52 74 17 44 63 41 25 47 64 66 10 2 15 72 42 65 5 51 6 33 8 32 48 20 13 26 67 34 11 14 76 9 
77 21 60 12 62 67 65 24 79 43 34 4 15 59 70 44 20 17 72 16 30 23 50 58 33 18 13 55 73 48 81 46 52 68 78 5 2 40 75 38 26 32 56 69 14 61 64 1 57 36 41 53 45 28 39 76 29 25 63 11 22 47 74 8 80 10 9 54 71 19 27 31 3 6 49 7 66 37 35 51 42 
54 72 38 31 39 47 70 80 61 73 74 30 49 60 29 32 12 65 63 17 57 46 24 8 44 25 64 41 19 43 10 21 36 71 69 37 11 77 7 33 4 51 5 22 62 66 2 58 18 9 20 6 50 48 59 34 75 35 14 3 42 55 56 28 76 40 81 53 67 1 68 15 45 26 27 79 78 13 52 16 23 
35 19 34 36 18 14 10 32 74 67 77 3 69 47 66 25 55 46 2 54 41 43 1 22 80 59 39 11 31 12 75 50 4 57 15 13 8 28 58 16 72 9 42 27 60 33 73 68 78 26 37 7 63 51 81 23 64 71 6 52 5 61 48 45 29 17 79 38 44 62 49 24 30 40 76 70 53 20 56 21 65 
73 64 59 4 81 51 78 17 29 58 8 24 11 21 9 48 42 37 28 35 27 71 31 49 45 76 5 1 79 7 39 61 23 6 16 3 57 52 54 68 53 70 47 25 65 74 56 34 40 46 19 30 43 55 2 72 36 26 62 32 50 77 10 60 33 41 13 66 75 22 18 20 15 69 14 44 63 67 38 80 12 
37 28 56 53 42 40 75 5 46 71 26 41 64 27 18 39 76 1 10 65 66 38 52 34 36 15 9 62 59 24 54 49 67 51 33 2 80 44 30 78 79 63 81 20 55 22 29 3 21 23 35 70 77 31 16 60 7 69 57 13 45 4 8 50 74 14 58 43 11 32 6 12 47 17 68 48 19 73 61 72 25 
13 1 27 9 71 2 52 8 33 28 53 31 7 45 51 75 6 40 73 81 3 37 20 68 48 60 42 26 56 18 63 77 72 44 22 80 23 74 66 61 39 10 19 59 76 49 25 11 47 17 5 15 24 14 54 79 67 41 78 38 70 43 12 30 4 16 64 65 35 21 46 69 29 34 36 55 32 58 62 50 57 
15 44 66 16 20 43 69 76 50 57 80 52 54 23 35 63 19 5 67 12 11 62 7 14 47 29 56 45 58 65 32 40 28 25 17 38 49 36 71 6 48 34 21 64 3 81 4 79 42 60 10 39 72 13 30 53 24 9 27 37 68 51 46 73 2 77 61 70 55 26 59 78 31 75 18 74 8 33 1 41 22 
63 45 58 55 30 26 48 11 57 33 22 68 16 56 2 78 72 10 21 61 74 79 75 6 32 70 51 20 47 60 35 64 8 42 14 53 15 67 1 37 13 41 50 29 31 54 27 44 69 65 76 38 62 12 28 18 80 66 73 49 19 17 40 25 23 39 34 36 5 52 3 7 81 59 71 4 9 77 43 46 24 
3 49 41 68 6 7 25 22 23 38 36 50 13 14 79 61 62 81 26 40 19 4 78 53 55 77 69 9 27 29 66 70 30 74 34 76 45 43 18 73 17 12 35 46 24 71 67 8 52 32 75 80 16 59 58 33 65 31 1 44 15 20 21 48 56 63 72 37 47 57 42 51 5 10 54 64 60 28 11 39 2 
5 52 19 10 21 15 35 39 11 79 67 61 73 80 48 72 8 31 20 34 26 69 43 65 53 74 75 13 25 27 14 81 78 60 24 28 37 41 76 63 7 2 46 9 18 51 16 17 66 54 70 59 23 3 22 45 77 55 32 50 29 12 64 58 36 49 4 33 38 30 56 62 42 71 40 6 44 57 47 1 68 
64 26 79 72 48 62 54 58 42 78 44 22 4 38 52 47 36 41 8 77 55 14 81 71 29 56 30 39 16 2 45 80 20 37 10 40 5 61 35 32 3 50 13 65 12 31 28 63 46 76 7 24 67 18 66 59 27 74 70 75 57 25 23 68 17 6 1 11 34 43 73 19 53 9 69 60 21 51 49 33 15 
80 61 55 38 23 27 28 74 56 75 16 15 34 57 49 7 50 33 45 48 78 17 35 54 76 6 58 52 26 46 69 22 77 32 44 18 47 60 25 21 40 73 51 30 1 68 11 37 39 42 64 12 71 9 62 36 5 20 10 4 72 31 65 67 14 3 53 59 2 66 8 13 41 24 43 81 79 19 29 63 70 
53 7 22 77 32 17 68 78 37 76 55 25 19 30 60 64 10 35 66 39 47 63 16 27 24 33 12 65 42 9 79 3 31 49 56 23 34 6 52 11 70 69 44 54 20 57 40 15 62 21 36 43 58 81 73 41 51 13 67 1 38 71 61 74 75 72 48 18 45 29 80 5 50 4 46 28 2 26 8 14 59 
44 6 70 66 45 1 76 49 4 20 69 62 28 58 54 68 40 13 23 32 46 61 72 25 9 57 36 5 55 33 64 43 59 11 67 51 22 31 26 56 42 38 15 16 8 73 50 41 29 80 79 74 48 2 34 19 21 14 52 53 30 60 39 63 24 81 71 47 27 78 10 35 18 77 37 12 65 7 3 17 75 
8 81 24 18 50 41 3 75 65 11 59 39 77 51 14 45 56 43 42 38 28 60 15 4 73 21 62 76 6 1 70 34 53 35 61 36 74 29 55 19 71 68 79 66 64 32 33 25 5 30 52 72 47 49 7 44 2 78 40 17 9 48 63 37 12 31 26 20 69 46 57 54 13 23 22 16 10 27 58 67 80 
43 67 16 33 34 73 57 20 13 32 27 21 5 71 24 74 2 18 52 70 59 80 51 31 1 50 40 68 63 62 12 54 15 48 29 19 17 10 72 23 36 81 4 14 58 78 75 53 6 61 44 69 35 77 3 47 37 79 49 26 8 46 11 9 60 64 41 42 7 65 22 28 39 30 66 45 76 25 55 56 38 
36 12 30 29 14 25 2 9 59 70 37 46 65 81 63 53 23 3 68 18 10 5 13 41 19 11 22 21 71 17 8 58 66 47 73 7 39 57 49 67 80 28 78 75 48 38 60 20 4 27 1 55 26 45 24 6 56 16 15 43 33 69 42 61 51 32 76 77 79 50 44 40 74 72 52 34 35 62 54 31 64 
60 69 40 46 47 71 51 31 63 6 42 9 12 17 1 26 66 29 44 64 49 7 2 67 37 3 79 57 72 75 41 4 50 30 38 74 77 33 43 53 45 27 24 62 59 10 14 19 22 56 13 65 34 8 68 35 54 81 18 80 28 58 76 70 25 23 55 16 52 39 15 21 36 73 48 61 20 5 78 11 32 
46 80 39 57 3 61 50 19 30 18 6 12 53 8 81 2 22 38 41 9 64 21 17 52 13 24 33 14 40 28 74 79 56 29 66 62 78 49 59 7 54 36 73 35 69 34 65 48 27 10 55 16 37 1 31 43 20 42 75 60 47 68 58 11 71 70 45 5 51 77 23 44 67 15 25 76 72 32 63 26 4 
2 17 69 26 54 24 5 55 31 15 51 20 62 72 39 60 75 77 12 45 44 47 65 11 43 63 78 4 9 52 50 59 81 41 57 49 53 42 46 64 67 22 70 58 21 29 61 74 7 8 33 25 13 32 36 27 38 10 3 48 76 35 37 56 34 80 40 14 16 6 1 79 73 28 23 66 18 30 71 68 19 
56 9 45 67 44 16 79 25 7 23 29 5 33 10 41 11 69 24 39 51 40 76 8 60 22 32 80 54 1 6 47 30 35 17 36 70 65 4 13 72 50 37 43 2 19 52 77 38 71 20 28 66 12 75 63 62 15 59 81 78 53 14 55 27 31 68 73 46 18 48 61 26 57 49 21 3 58 42 64 34 74 
52 76 63 51 1 34 14 37 62 21 3 44 56 19 80 13 48 74 31 46 29 49 23 18 67 71 72 58 12 15 16 69 25 55 53 68 32 24 9 30 81 40 66 61 33 41 22 45 2 73 59 50 39 26 11 77 6 70 79 57 65 28 4 43 35 42 10 17 8 20 38 64 78 27 5 47 75 60 36 54 7 
12 36 20 78 60 65 27 68 75 30 73 76 42 55 26 16 61 58 38 6 5 25 56 15 35 79 81 32 2 31 19 44 34 45 51 21 14 8 47 28 11 77 23 39 57 18 70 43 63 53 69 54 64 4 74 71 17 22 41 72 46 67 52 66 50 59 33 3 62 7 37 49 24 29 1 9 80 40 13 10 48 
10 13 18 11 74 59 4 15 71 35 40 57 37 64 25 14 78 52 58 50 1 28 53 70 16 48 68 27 46 8 5 42 7 33 23 75 38 55 12 17 34 3 62 45 79 72 51 60 36 24 80 81 76 56 9 29 39 73 44 30 66 49 26 65 21 47 63 19 32 54 41 67 69 61 2 20 77 22 31 43 6 
38 47 43 22 53 29 72 73 49 9 66 79 70 7 45 17 32 63 62 4 77 55 36 42 27 61 59 3 78 13 24 71 48 20 65 67 51 18 16 76 31 26 74 56 10 23 46 40 58 44 6 11 19 68 5 54 34 12 21 64 1 80 69 57 28 30 60 75 15 2 52 25 37 81 50 33 14 35 41 8 39 
81 40 35 23 33 6 8 66 64 47 31 36 43 68 71 34 28 67 54 20 37 75 57 10 14 2 26 38 11 73 22 60 61 80 77 72 48 25 41 29 63 1 27 44 5 15 78 21 30 3 17 62 49 42 19 51 32 7 24 45 56 18 50 39 13 58 69 55 76 9 74 4 70 79 59 52 46 16 12 65 53 
48 42 32 28 70 58 21 77 41 50 49 65 1 4 27 59 46 54 19 3 7 73 69 30 34 66 74 10 43 39 18 26 64 76 37 63 68 20 80 75 15 6 60 71 52 14 79 35 67 31 47 5 9 57 61 2 16 23 33 8 13 40 25 22 53 36 24 78 29 12 81 72 17 51 11 56 62 38 45 44 55 
72 39 57 81 27 70 43 64 54 36 60 51 76 62 17 52 29 73 61 22 75 53 48 33 15 42 63 49 74 56 9 20 79 31 55 69 1 26 3 66 37 25 32 24 77 30 45 7 50 35 68 34 18 16 65 38 19 80 12 59 67 8 78 21 47 71 5 58 10 28 40 2 4 46 44 14 13 41 6 23 11 
16 11 52 17 26 9 67 34 22 46 30 38 44 2 19 50 33 20 5 74 79 54 71 35 78 69 66 7 10 21 59 48 65 63 27 58 41 12 28 15 43 56 49 8 80 70 3 64 23 37 29 36 53 61 72 81 76 47 13 51 77 6 75 4 42 24 39 62 60 31 25 14 55 18 32 40 73 45 68 57 1 
69 30 74 50 66 78 71 47 58 56 45 59 79 9 8 4 26 72 60 37 17 64 38 57 41 10 1 35 76 80 77 13 42 34 19 39 6 23 81 46 20 67 40 55 44 28 12 51 24 22 25 2 54 21 32 3 63 29 61 14 52 11 31 33 18 75 70 73 68 16 43 53 48 65 15 5 7 36 27 62 49 
61 25 46 32 49 33 62 12 3 39 57 63 66 37 58 1 77 11 56 47 13 29 67 81 18 80 8 70 15 23 60 75 41 28 52 6 36 50 68 14 2 21 64 78 73 40 31 59 72 48 42 27 5 20 71 10 69 4 30 22 54 79 7 34 19 65 44 9 26 45 76 55 16 38 35 24 17 74 51 53 43 
24 73 77 13 41 36 19 29 68 69 71 54 55 53 5 40 7 61 30 76 31 59 34 12 65 45 3 64 22 78 43 11 16 1 25 32 27 17 70 79 57 4 58 18 42 56 63 14 44 33 39 9 8 38 35 37 28 15 2 66 23 62 49 6 81 50 20 51 74 72 48 46 80 60 47 75 67 21 26 52 10 
79 23 42 6 35 20 1 51 2 10 12 70 81 3 75 18 80 28 40 68 32 44 49 26 7 16 14 36 8 37 53 29 17 24 5 46 71 30 48 54 65 47 52 19 11 43 62 55 73 69 4 58 66 60 45 50 33 34 56 41 21 74 9 78 67 38 22 64 57 15 13 27 63 25 61 59 39 72 76 77 31 
31 4 5 80 65 37 40 59 21 14 24 34 27 35 15 49 25 48 70 43 6 20 77 2 50 9 19 81 18 38 67 51 71 72 3 26 7 45 10 62 60 75 22 53 13 76 32 47 41 1 78 57 46 74 44 39 68 36 16 55 58 73 17 12 63 8 11 29 61 23 66 52 79 33 30 42 64 56 69 28 54 
75 14 8 60 28 76 45 48 15 74 47 23 32 31 42 65 67 78 25 58 21 72 4 36 62 55 24 2 30 44 68 33 57 66 50 73 61 63 39 35 9 16 59 51 38 11 13 26 19 6 81 10 80 52 1 46 43 40 53 5 18 64 27 17 69 54 49 79 77 41 7 56 34 70 20 71 29 12 22 3 37 
18 63 53 7 10 44 56 38 55 16 64 43 68 22 6 41 13 21 27 52 73 11 28 51 39 46 23 40 54 4 61 45 62 14 47 12 69 34 74 31 33 76 29 5 72 67 17 77 49 15 65 71 75 79 25 42 70 60 48 24 26 57 20 36 59 1 35 32 37 80 30 3 9 2 58 50 81 66 19 78 8 
28 18 3 44 19 60 13 36 26 29 17 49 39 77 11 54 14 79 1 56 16 42 12 61 6 23 45 67 38 20 37 27 51 73 68 71 35 7 15 43 59 58 65 32 47 64 69 4 55 57 46 33 40 78 70 24 52 5 25 62 31 63 53 80 9 34 50 8 48 74 72 41 22 21 81 10 30 2 75 66 76 
9 79 72 37 12 63 31 67 16 44 56 18 59 32 30 42 71 53 74 36 70 34 73 69 2 13 27 17 49 10 40 55 33 77 54 45 46 76 21 41 1 61 39 48 6 58 8 50 26 68 38 28 25 35 80 15 11 51 4 7 78 81 3 47 22 66 65 23 64 5 14 75 19 43 62 57 24 52 60 29 20 
22 48 71 20 80 49 6 50 25 37 76 55 41 34 78 35 21 2 75 60 15 9 10 47 17 31 7 8 65 57 46 39 3 43 59 66 30 53 33 4 74 64 16 68 26 79 52 72 45 29 27 56 1 24 14 13 61 38 58 36 69 23 67 19 54 12 62 28 81 40 11 18 51 32 42 77 70 44 73 5 63 
39 70 7 15 56 74 66 14 53 27 10 13 61 1 72 23 47 80 57 59 63 58 33 77 71 37 28 25 34 22 4 12 29 62 2 42 19 78 8 52 38 54 3 36 75 44 81 5 51 41 48 18 11 17 64 49 55 50 35 79 40 30 73 24 20 60 32 68 21 76 69 43 26 67 31 65 45 6 46 9 16 
55 32 62 30 51 77 41 43 69 66 19 7 8 36 28 58 9 75 81 11 52 22 79 72 54 4 67 18 50 76 78 47 14 13 21 61 12 5 45 24 23 44 25 70 49 65 59 73 16 63 60 3 31 6 20 57 74 56 42 27 34 37 29 46 39 26 15 35 17 33 2 10 68 1 64 53 38 48 80 71 40 
27 58 11 75 68 4 61 54 73 48 38 60 52 65 69 46 43 16 29 21 25 24 19 3 26 78 50 44 64 79 7 5 80 70 74 35 40 62 67 18 10 57 9 81 17 20 23 30 14 47 34 42 22 66 33 12 72 2 76 6 41 1 32 77 49 56 31 71 53 51 45 63 28 37 8 15 55 59 39 13 36 
33 34 23 76 24 64 59 35 17 4 5 81 57 67 40 3 51 45 65 66 48 41 68 46 38 20 55 30 53 36 1 31 58 15 32 56 60 14 29 71 69 42 63 37 28 39 74 12 80 70 62 21 2 43 26 22 18 8 77 9 10 75 19 52 7 44 6 27 13 73 16 61 11 47 78 72 49 54 50 25 79 
47 46 65 21 2 57 81 42 8 22 25 64 31 74 50 12 15 70 76 5 80 35 32 62 40 30 18 60 52 19 48 24 6 26 63 16 20 11 73 51 56 55 72 13 34 9 49 10 77 7 53 75 61 71 43 68 44 39 45 28 17 66 54 79 38 37 78 1 36 67 29 59 33 14 41 58 23 3 4 27 69 
40 78 10 5 29 52 38 1 45 68 62 33 20 63 73 6 24 26 51 53 14 8 44 39 49 64 43 75 23 69 28 41 9 81 72 11 50 66 22 77 27 31 80 79 2 13 36 76 37 67 32 19 15 54 47 65 71 21 60 46 48 16 59 3 57 55 30 25 58 70 4 42 35 56 12 17 61 18 74 7 34 
67 71 14 19 55 22 20 7 9 42 1 78 50 18 23 57 70 36 37 28 24 81 63 43 56 40 44 72 51 59 73 38 47 3 26 33 52 15 27 5 61 53 2 76 25 62 48 46 12 11 77 32 69 58 75 74 10 45 34 68 6 29 80 13 41 79 17 30 39 64 54 66 8 35 60 31 4 65 16 49 21 
41 53 25 65 13 39 77 46 18 40 75 58 9 52 3 21 63 47 32 8 71 16 55 7 69 27 61 79 81 68 62 66 43 36 1 64 4 19 23 10 73 78 48 12 22 2 6 54 59 72 67 20 29 15 42 11 60 33 17 31 37 24 28 35 5 57 38 80 50 49 70 74 76 44 56 26 51 34 30 45 14 
78 10 49 74 73 50 36 52 27 13 81 19 46 16 68 76 30 55 9 33 53 6 29 21 58 65 25 34 48 77 71 57 12 23 39 54 56 70 40 80 66 43 38 26 45 4 47 75 60 14 22 63 42 5 79 7 35 3 64 2 20 44 41 31 15 51 8 69 28 61 67 1 62 11 24 18 37 17 32 59 72 
1 54 26 45 57 38 80 28 32 62 35 53 60 69 4 43 49 6 34 41 36 2 46 48 68 22 11 56 70 40 21 15 5 52 20 31 67 81 24 47 44 65 7 72 29 19 55 23 8 51 61 79 17 64 50 66 59 30 39 12 14 9 77 76 27 33 37 10 3 18 63 16 25 58 74 13 71 78 42 75 73 
34 15 51 63 16 3 23 61 35 72 2 71 45 12 31 33 17 56 13 42 54 10 60 5 59 49 38 24 80 67 55 28 75 65 58 29 64 9 69 8 41 11 57 77 37 36 26 39 74 50 18 1 30 76 48 52 81 62 47 25 32 22 70 14 78 73 7 21 4 44 20 6 43 68 53 46 27 79 40 19 66 
62 8 81 43 75 21 58 30 76 54 48 28 24 44 61 51 74 14 3 79 50 52 39 1 57 12 15 69 17 25 13 63 49 53 45 22 42 16 31 36 35 59 34 6 46 37 7 70 38 40 66 68 78 27 55 4 26 72 71 23 73 65 18 29 77 11 19 56 9 47 60 32 10 20 67 80 41 64 33 2 5 
42 56 12 2 17 79 64 72 66 7 32 11 10 39 22 15 37 59 4 62 67 26 30 45 77 35 31 74 44 14 6 9 76 18 8 50 63 54 51 60 55 20 1 49 68 25 24 80 28 13 57 73 33 41 53 16 78 58 38 19 27 21 5 75 46 43 36 81 40 34 71 65 52 48 3 69 47 29 23 70 61 
59 5 47 24 37 11 33 44 48 26 41 77 29 20 67 80 38 34 18 75 23 70 74 64 66 73 76 19 4 32 27 7 10 78 35 60 58 79 50 39 14 13 71 17 30 3 21 16 81 43 31 49 52 65 69 8 1 46 51 40 61 56 15 72 62 45 25 2 42 68 53 22 6 63 9 36 54 55 57 12 28 
4 31 29 70 40 68 60 69 6 65 79 66 25 73 64 8 5 27 80 19 72 78 47 20 51 14 17 61 37 42 11 16 46 2 30 41 75 21 62 74 18 33 28 3 32 35 44 56 9 34 71 45 10 53 49 67 57 63 54 76 43 36 13 55 26 48 52 12 59 58 24 23 7 50 77 22 1 39 15 38 81 
19 66 75 69 46 28 24 65 70 64 68 67 80 25 43 37 18 23 16 10 2 13 58 17 52 62 20 15 41 11 36 73 26 21 12 81 3 1 57 9 77 30 61 4 63 53 76 49 54 78 45 47 74 33 6 48 22 27 8 42 55 50 51 38 72 7 56 39 31 71 35 34 40 5 79 29 59 14 44 32 60 
29 68 9 25 36 54 37 3 78 45 4 17 47 61 32 22 53 12 55 26 38 48 76 40 63 8 77 33 7 66 34 72 18 10 6 1 24 35 2 27 5 49 20 21 23 42 19 52 79 81 56 31 60 50 46 75 62 28 11 74 71 13 57 15 16 67 59 44 65 14 51 73 58 39 80 41 43 69 70 64 30 
7 50 31 40 38 81 73 21 34 3 58 1 36 33 16 27 65 44 6 78 61 51 54 59 64 43 71 37 60 35 49 56 69 5 46 9 66 68 11 45 52 80 14 74 53 12 72 67 15 39 26 29 70 30 76 32 41 17 20 63 4 10 47 23 79 18 28 22 19 24 55 8 2 57 13 62 48 75 25 42 77 
30 27 44 35 52 23 53 4 60 2 50 10 48 26 38 71 57 8 69 67 33 39 9 79 46 41 73 78 29 47 65 25 22 58 13 14 59 75 56 34 12 7 31 43 16 55 68 6 20 64 24 77 3 36 21 70 40 37 19 81 80 72 1 54 32 62 42 76 63 11 5 45 61 74 28 51 15 49 66 18 17 
74 77 2 71 8 56 11 63 10 5 21 14 35 42 76 28 79 9 49 72 65 31 37 19 25 44 32 23 24 61 17 52 39 38 64 20 62 58 36 40 47 15 26 41 54 80 57 18 1 66 51 48 59 69 67 30 73 43 68 16 60 78 34 53 3 29 12 13 6 75 50 70 46 45 55 27 22 81 7 4 33 
17 57 80 48 64 12 32 33 39 63 7 56 51 24 13 77 31 30 14 29 35 18 45 66 74 53 70 59 28 55 42 2 54 75 62 8 79 73 65 25 22 72 69 67 81 16 37 61 11 71 21 23 41 40 38 5 9 44 26 15 49 52 36 20 68 4 43 60 46 27 47 58 1 76 19 78 3 10 34 6 50 
49 55 67 79 15 45 16 6 14 52 54 75 74 46 62 70 60 66 50 24 42 3 22 23 11 81 21 51 77 53 31 68 27 19 48 57 33 64 17 44 8 29 76 28 78 7 5 13 34 2 43 4 32 73 56 58 25 18 69 61 59 39 35 41 10 9 80 40 1 37 36 30 72 12 38 63 26 71 65 20 47 
58 62 1 41 76 72 42 18 20 55 11 6 40 49 59 73 34 69 47 15 12 56 80 75 4 5 57 71 3 74 30 67 45 50 43 44 13 32 38 70 19 39 10 60 51 17 9 27 35 28 63 22 65 46 23 14 79 53 7 29 64 2 66 26 61 25 21 48 78 81 33 77 54 8 16 68 36 31 24 37 52 
51 43 61 59 5 13 22 26 47 19 72 29 78 41 20 81 39 15 36 1 68 30 27 28 60 7 34 63 32 16 80 76 70 79 40 4 18 71 6 55 46 48 37 42 50 75 38 62 25 58 8 44 14 10 77 31 12 24 65 54 3 33 45 49 52 2 74 57 66 69 64 17 56 53 73 21 11 23 9 35 67 
11 16 28 47 7 69 39 62 12 31 52 42 17 29 57 38 64 68 78 71 51 45 25 9 20 34 37 43 75 41 76 18 19 40 49 59 26 56 77 81 6 14 55 10 67 63 35 32 61 74 50 46 36 22 15 80 66 54 72 21 24 53 44 1 8 13 2 4 30 79 58 33 23 3 65 73 5 70 48 60 27 
50 51 21 1 63 30 18 70 52 41 20 45 58 6 53 10 35 62 48 44 81 36 42 55 8 39 60 47 57 26 2 74 32 16 9 24 31 13 34 49 28 46 11 23 66 5 15 65 17 4 72 40 56 80 12 78 3 68 59 71 7 38 22 64 73 27 75 61 54 25 77 37 14 19 33 43 69 76 67 79 29 
68 59 13 3 78 46 34 71 36 12 70 26 30 79 77 56 16 76 7 23 43 15 11 32 5 75 29 22 39 63 44 65 55 27 80 48 25 69 61 20 21 45 33 73 4 6 1 66 31 18 54 14 38 67 10 17 8 52 37 58 81 41 60 51 40 28 47 74 72 35 19 50 49 64 57 2 42 9 53 24 62 
6 60 33 64 79 5 15 45 80 81 39 27 14 75 46 36 11 22 59 49 76 66 40 24 31 68 41 53 67 71 72 23 1 61 70 17 29 65 37 2 58 19 8 38 35 47 30 69 10 62 9 78 28 7 13 73 48 77 50 18 25 42 43 44 55 20 3 26 12 56 34 57 32 52 63 54 16 4 21 74 51 
57 24 48 8 31 75 29 41 72 34 43 37 18 15 74 69 1 7 35 2 62 27 26 16 3 28 65 77 45 5 33 78 68 4 42 10 70 47 53 12 64 79 54 50 71 21 58 81 76 19 49 52 73 44 51 56 14 61 55 20 63 32 30 59 6 22 46 67 23 60 9 38 66 36 39 11 25 80 17 40 13 
65 38 76 27 77 42 44 53 81 25 28 40 21 78 33 19 54 51 22 63 4 74 6 50 72 17 47 46 66 58 56 8 73 64 60 52 16 39 32 3 30 24 36 15 7 48 43 71 75 59 2 13 20 37 57 9 49 67 23 70 62 34 79 5 11 69 29 41 14 10 31 80 12 55 45 35 68 1 18 61 26 
66 74 17 58 43 35 49 23 40 80 61 8 63 50 55 24 59 71 77 73 69 12 14 56 21 67 46 6 20 3 29 37 13 54 11 30 72 51 42 57 68 62 41 52 9 26 39 33 64 79 16 60 27 25 4 1 31 19 5 47 75 76 2 32 48 53 18 45 70 36 65 81 44 7 34 38 28 15 10 22 78 
20 2 37 61 25 32 26 10 19 60 9 73 23 48 47 67 44 4 53 13 18 33 64 80 70 54 52 50 14 81 51 35 38 12 28 79 43 22 63 1 78 5 75 40 74 24 42 57 3 45 11 41 55 34 29 69 46 65 36 39 16 27 6 62 66 15 68 7 49 17 21 76 59 31 72 30 56 8 77 58 71 
14 22 54 73 4 55 9 56 67 49 13 2 72 66 65 5 3 32 79 57 58 1 61 38 30 19 10 31 62 34 25 36 21 69 7 15 44 59 60 48 76 17 18 80 27 77 53 29 68 12 23 8 51 70 40 64 45 11 28 35 74 26 33 71 43 52 16 63 24 42 78 39 75 41 6 37 50 47 20 81 46 
################proper############## 

 average_time = 137.775397 

 success runs = 1 

 total average iters = 2100041.000000 
