Success!!! 
 
 max_col = 
 81 
 
 run_time = 
 208.585944 
 
 once iters = 
 3217006 
 
33 11 49 30 46 15 81 34 63 42 78 14 32 12 73 22 41 62 40 72 56 19 13 18 70 76 68 47 79 20 5 21 44 1 64 51 77 57 48 71 61 39 37 58 59 75 31 80 24 27 6 60 67 2 4 8 45 9 26 50 17 23 3 25 74 16 29 38 69 28 35 7 43 10 54 55 65 66 53 52 36 
26 47 5 65 42 75 35 39 1 16 3 67 34 29 9 66 74 81 44 17 21 61 27 69 77 23 11 58 71 2 12 72 28 50 7 32 80 68 78 4 64 43 19 51 55 54 30 59 46 36 79 33 45 25 76 53 10 49 48 73 15 60 22 14 20 37 8 52 57 70 62 31 24 6 41 18 13 40 38 56 63 
3 48 21 36 18 52 32 59 72 75 68 60 63 76 13 24 45 70 14 4 20 15 35 1 57 31 9 16 77 55 74 65 11 73 66 78 69 22 23 54 67 7 8 29 30 61 49 10 5 47 50 38 44 81 79 33 64 41 42 46 51 12 40 26 56 71 43 53 2 27 6 19 34 58 25 28 37 39 62 80 17 
53 14 24 66 4 16 73 22 13 25 71 28 49 7 20 19 17 27 29 26 79 38 30 39 60 55 51 37 15 41 59 8 9 81 36 35 11 6 2 31 46 40 50 18 75 52 74 63 23 56 3 77 12 64 65 1 62 70 54 43 57 34 58 33 10 72 78 76 44 68 80 61 5 32 47 69 45 48 67 21 42 
58 71 64 29 40 62 77 67 51 15 4 44 72 47 50 2 79 57 41 52 32 80 34 3 54 33 46 70 17 30 48 38 25 31 14 27 49 35 42 45 28 56 13 10 5 66 69 68 22 18 39 76 53 43 7 19 21 75 37 20 78 36 6 1 81 12 24 65 55 63 60 73 8 74 16 23 26 59 9 11 61 
70 80 60 8 12 54 50 23 74 21 38 10 58 65 11 59 6 56 45 25 2 37 63 16 24 5 28 4 26 62 57 33 67 42 53 43 76 81 3 20 1 52 73 36 41 13 19 40 72 78 9 48 17 15 30 35 27 55 39 69 32 61 14 66 75 18 51 47 79 77 34 46 29 44 49 68 22 31 71 7 64 
78 45 17 76 27 20 9 37 69 54 31 35 80 48 52 36 46 53 42 62 12 8 43 75 64 22 59 10 60 19 6 61 49 63 40 34 74 38 65 14 66 25 44 32 24 58 26 70 28 7 41 16 73 55 29 67 68 71 56 18 2 77 47 15 11 5 21 3 13 39 23 50 4 81 79 1 33 72 57 30 51 
28 19 68 44 6 57 38 10 31 61 40 55 39 33 43 77 69 8 58 48 71 66 53 73 78 7 47 46 22 45 56 18 24 29 54 23 63 34 21 70 79 27 15 16 26 37 42 11 65 62 4 20 51 1 80 52 72 13 25 74 59 5 81 41 32 30 64 36 67 49 9 17 60 12 14 2 76 3 35 50 75 
56 25 43 7 55 2 61 79 41 64 1 26 37 5 51 23 30 18 6 67 36 49 50 81 10 74 65 52 75 39 76 69 13 68 3 80 72 60 17 33 62 53 9 12 47 71 57 35 21 8 29 14 34 32 66 63 38 31 44 16 28 24 11 59 22 4 42 54 40 45 48 58 27 78 20 15 73 77 19 46 70 
54 66 72 5 80 9 64 13 12 58 11 63 3 30 32 53 35 43 79 18 25 7 57 23 27 75 2 1 38 33 47 73 77 8 49 29 68 62 60 52 24 61 41 21 71 39 46 50 15 67 22 55 69 56 16 10 59 6 81 42 40 14 74 19 36 17 44 37 20 26 76 48 45 31 78 65 34 70 4 51 28 
16 51 29 31 74 55 4 21 68 56 15 61 33 24 60 10 12 22 13 65 49 41 46 66 8 36 39 34 78 25 42 81 23 54 76 40 26 59 77 63 45 48 53 43 79 27 47 75 44 32 19 2 37 35 67 11 70 38 69 52 30 62 72 71 64 1 28 14 3 50 57 9 20 18 73 6 17 7 80 58 5 
49 56 1 35 38 81 79 69 62 55 75 31 27 36 72 9 76 59 16 64 48 52 42 10 67 19 37 6 61 57 30 5 26 28 70 12 44 4 22 73 23 50 66 13 39 17 58 3 71 20 11 63 21 77 34 78 43 25 60 8 7 65 33 47 54 53 32 80 51 41 18 45 15 40 2 46 74 29 68 24 14 
42 73 23 6 15 39 37 71 14 52 47 18 26 74 48 64 2 46 69 33 4 63 9 24 22 32 58 60 11 50 20 75 65 41 43 19 7 1 10 67 76 28 56 38 51 34 53 72 29 70 57 40 25 16 31 17 61 80 27 54 45 44 5 77 55 78 68 79 30 8 81 62 59 49 36 12 21 35 13 66 3 
67 44 10 58 43 32 63 47 20 14 65 38 77 40 71 4 34 39 73 12 59 3 61 74 55 78 54 79 45 68 69 9 2 80 21 31 29 11 5 42 70 64 57 17 72 6 76 81 7 52 30 62 36 66 22 51 28 18 19 48 50 56 35 16 33 60 13 25 24 46 49 15 37 23 26 53 1 41 8 75 27 
30 53 2 41 70 25 27 48 40 69 42 78 16 68 17 79 28 1 77 5 45 44 14 72 26 71 62 36 59 7 52 22 66 56 24 15 47 18 81 80 3 75 20 49 65 8 51 4 38 10 13 23 9 61 73 46 39 37 32 12 63 29 57 43 35 31 58 74 21 34 67 6 50 11 64 76 55 19 54 33 60 
77 75 65 78 17 59 33 7 24 8 20 70 73 45 29 57 50 37 35 6 40 53 51 80 34 11 76 74 55 27 64 48 71 16 13 58 31 25 46 32 69 15 54 30 19 18 28 43 42 14 68 12 60 26 47 2 36 3 41 21 49 1 9 10 63 38 52 4 66 23 72 5 22 61 81 39 56 62 79 44 67 
11 50 57 18 45 61 34 46 3 81 19 80 54 44 66 49 7 25 21 28 68 43 1 60 29 70 30 62 32 67 53 51 72 4 17 63 58 37 14 8 35 33 36 74 6 64 41 73 31 59 78 65 24 5 20 26 13 15 23 79 75 55 76 27 40 69 39 2 56 42 12 22 10 52 71 38 16 9 48 77 47 
36 22 28 19 60 8 52 26 76 41 23 21 67 51 6 62 5 13 31 20 81 47 38 56 50 15 17 14 46 18 39 35 3 10 44 37 27 2 12 9 78 55 16 40 34 79 48 33 45 54 49 1 74 80 68 4 53 77 66 24 64 58 71 65 73 61 59 7 11 75 70 29 72 30 42 63 32 57 69 43 25 
38 34 11 59 30 12 2 17 81 74 51 43 19 23 47 27 49 29 32 45 39 75 15 6 31 40 78 73 42 10 16 62 69 53 48 41 1 58 63 26 80 65 21 7 50 35 55 14 54 5 56 61 70 36 46 64 44 33 71 13 76 67 60 28 25 8 57 18 9 3 77 79 52 37 4 22 66 24 72 68 20 
44 64 7 72 73 40 39 25 46 50 12 58 68 37 10 14 71 76 9 81 51 17 26 36 13 54 16 22 35 65 24 80 27 15 79 67 3 28 49 69 6 41 78 60 56 38 43 66 2 1 77 11 33 20 5 45 18 52 70 30 42 48 61 32 59 62 4 21 29 19 47 53 63 34 31 75 57 74 55 23 8 
47 52 26 51 1 67 42 31 29 30 44 13 7 55 64 40 33 2 71 11 73 74 70 53 20 27 21 17 57 63 25 12 78 23 60 66 24 79 8 10 15 77 35 68 62 72 80 6 58 49 69 28 59 9 56 14 3 36 4 37 65 75 54 5 45 34 41 48 22 81 16 43 18 39 38 50 19 46 61 76 32 
10 3 45 21 5 63 55 6 4 34 54 24 61 25 31 20 8 65 43 80 44 30 41 68 18 14 33 59 72 38 75 26 40 47 28 13 23 53 27 17 9 29 76 22 66 74 16 12 57 48 46 39 71 7 51 32 58 78 79 49 19 35 1 37 70 50 69 64 52 60 36 2 11 77 62 42 67 56 81 73 15 
13 58 41 14 69 74 66 53 15 45 81 9 35 52 16 73 26 38 5 57 42 76 56 61 28 3 34 18 30 29 7 6 70 71 11 77 2 67 36 37 44 72 46 20 32 50 17 27 62 4 60 21 79 19 40 43 25 10 31 22 8 59 68 49 24 23 75 55 63 51 1 39 54 33 65 80 48 64 12 47 78 
43 78 80 32 35 77 28 60 57 70 66 15 18 75 4 3 22 67 48 8 19 23 52 25 37 79 1 50 2 56 61 20 36 44 45 46 54 12 74 39 11 5 14 47 38 31 64 42 34 68 10 53 26 24 81 55 29 16 62 9 41 63 7 17 58 65 76 73 72 6 33 71 40 13 27 21 59 30 51 69 49 
37 76 8 33 16 36 19 62 48 78 72 57 59 41 63 60 56 28 22 66 77 67 2 29 7 49 24 68 54 64 9 39 58 14 5 21 73 55 30 18 4 71 40 34 42 51 25 44 52 75 65 32 81 23 50 15 20 69 17 47 38 26 12 11 13 80 31 27 61 35 46 74 53 79 45 43 3 6 1 70 10 
65 49 54 9 50 27 20 61 56 62 80 53 17 77 79 48 32 69 55 63 47 12 59 46 58 4 38 43 33 51 8 19 76 74 1 3 16 75 25 13 52 31 70 81 64 73 78 67 18 37 45 22 29 40 57 24 34 39 21 72 11 6 23 7 15 14 66 42 10 30 68 44 71 26 35 41 36 5 28 60 2 
75 79 71 68 22 18 24 70 23 36 5 39 11 21 1 46 42 6 65 35 50 10 60 62 69 72 64 31 52 81 49 55 34 32 37 4 48 33 57 19 51 59 43 45 61 41 3 76 8 15 47 30 63 13 53 74 66 27 2 80 73 28 77 38 78 20 40 56 12 67 54 26 58 17 29 44 25 16 14 9 7 
50 60 75 61 25 73 22 27 59 40 2 49 43 56 78 6 1 4 47 68 72 71 3 8 79 26 10 30 5 48 58 66 81 67 33 57 32 46 29 51 20 34 12 65 63 36 70 45 9 76 35 18 39 62 69 41 31 64 13 38 24 21 16 80 17 44 7 77 74 15 53 23 28 14 55 19 52 54 42 37 11 
23 72 37 48 56 3 41 15 42 33 39 19 81 59 54 29 13 24 1 69 62 40 78 63 32 28 67 25 31 74 51 79 20 60 65 49 30 21 58 5 27 70 17 71 73 4 34 53 68 38 64 7 16 12 45 22 52 61 76 14 36 8 80 35 2 11 50 75 6 18 55 47 26 66 10 77 9 43 44 57 46 
31 6 18 17 66 13 54 80 36 46 41 75 60 71 37 12 72 64 24 38 55 22 77 52 48 43 61 8 19 53 11 42 1 70 62 10 35 47 4 68 74 23 81 28 25 57 21 78 63 44 27 69 50 59 9 79 30 7 5 34 58 3 56 45 67 29 65 20 16 76 26 14 2 51 15 49 40 33 32 39 73 
69 20 35 53 47 10 43 8 64 48 57 66 22 18 15 63 62 74 7 49 23 54 73 2 14 81 41 76 16 13 28 77 50 40 12 52 59 36 37 11 38 9 75 31 45 42 32 58 25 33 1 29 46 72 26 39 67 65 51 17 44 19 55 3 68 21 27 34 71 79 61 24 80 60 6 30 4 78 70 5 56 
9 33 74 67 52 58 45 14 19 38 35 30 79 3 36 50 70 34 75 13 37 39 64 51 53 16 4 41 69 17 68 23 63 7 46 6 61 77 76 40 18 42 1 15 44 24 20 55 26 2 80 49 43 8 32 73 12 11 28 27 71 47 10 48 66 54 62 5 60 56 78 57 65 25 59 29 72 22 21 31 81 
71 5 34 11 21 79 1 63 2 26 77 23 10 42 45 52 9 55 46 56 31 65 36 20 66 44 15 3 39 24 32 29 4 78 80 61 19 54 43 50 33 16 72 69 8 14 60 47 17 51 75 6 28 74 70 49 81 57 59 35 18 40 62 30 37 73 25 58 41 22 64 13 12 7 76 67 68 38 27 48 53 
51 4 62 12 65 30 57 78 38 73 16 17 44 31 68 8 21 32 76 42 18 58 29 9 35 59 80 55 14 15 2 47 45 27 72 75 22 39 53 7 26 67 24 79 3 5 77 13 40 11 48 37 56 10 60 25 46 54 20 66 6 33 43 52 49 70 19 1 81 69 28 63 64 41 61 34 23 71 50 36 74 
55 46 70 81 44 76 16 32 49 51 28 7 20 14 65 47 11 58 12 27 5 34 25 17 74 57 45 26 21 59 43 54 37 35 73 38 6 10 41 60 56 80 64 62 52 22 61 23 67 19 66 71 15 30 2 48 77 29 50 68 53 78 42 40 4 36 72 39 31 9 8 33 1 24 75 3 79 13 18 63 69 
7 24 40 77 39 68 29 28 26 80 53 5 76 27 69 67 25 61 60 19 70 11 33 50 21 30 6 71 56 9 22 34 64 36 18 44 57 66 13 55 48 14 49 78 2 81 65 41 3 31 52 73 54 79 74 23 75 4 72 63 1 15 37 42 46 51 10 12 38 59 43 32 17 45 8 58 20 47 16 62 35 
29 27 38 28 75 48 46 73 66 77 36 25 70 35 33 69 60 3 53 37 9 45 31 30 23 63 74 57 24 26 34 16 15 17 2 18 79 41 68 59 71 20 62 80 4 21 50 8 6 42 72 81 10 54 49 13 76 14 1 55 5 52 51 39 19 64 11 32 58 47 7 67 56 22 44 40 61 12 78 65 43 
80 16 53 2 61 17 40 12 10 44 13 52 31 67 62 55 57 72 27 32 60 21 20 33 11 6 75 49 29 4 3 25 38 79 23 59 37 45 39 15 7 1 48 77 54 30 73 26 56 71 43 68 65 22 35 66 24 8 74 28 81 69 34 70 50 63 18 9 76 5 42 78 14 64 46 51 47 36 58 41 19 
8 32 15 71 72 11 3 74 79 19 46 54 2 43 56 34 59 21 50 58 1 57 24 14 36 62 25 42 64 73 80 41 12 76 61 60 18 40 51 16 63 49 67 5 27 69 23 77 37 28 53 31 13 47 6 70 7 17 78 4 68 20 30 75 48 45 22 44 26 33 38 65 81 35 52 9 29 55 66 10 39 
62 70 47 24 34 33 31 49 55 22 73 64 38 79 53 41 51 7 3 15 8 5 81 71 76 77 56 63 74 14 40 13 48 66 75 1 43 30 69 65 19 32 11 50 10 60 36 61 16 39 58 78 52 29 27 72 9 2 12 44 25 45 59 4 6 35 46 57 54 37 20 80 68 28 21 26 42 17 23 67 18 
81 21 42 52 20 51 23 41 35 5 14 68 50 6 8 71 47 49 17 59 13 73 18 7 40 48 69 27 53 43 45 58 56 55 78 36 38 64 26 22 12 66 29 75 46 33 67 9 70 80 24 44 19 76 10 65 11 32 57 39 61 54 63 34 28 74 30 31 77 2 25 72 79 4 37 62 15 1 60 3 16 
6 30 56 39 59 7 44 36 60 10 9 29 75 1 42 17 66 16 26 22 64 4 54 70 19 34 72 67 65 69 37 71 68 62 20 33 8 78 61 47 57 2 28 25 58 11 14 48 74 41 55 45 35 46 77 18 40 73 3 23 21 80 79 12 52 15 49 51 43 53 13 81 76 50 5 32 31 63 24 27 38 
1 57 78 64 19 26 67 9 54 11 76 74 48 61 23 58 65 45 80 46 41 42 39 28 51 68 29 35 44 8 21 50 32 72 22 70 14 56 52 81 73 24 34 3 33 2 12 18 59 79 63 15 5 4 62 75 37 43 38 60 47 31 36 69 27 66 55 10 17 71 40 16 25 20 53 13 77 49 7 6 30 
25 77 4 50 68 37 65 18 43 27 30 40 24 63 80 81 39 15 66 78 35 55 12 49 16 47 52 7 6 46 54 28 10 11 51 5 13 9 44 36 31 17 74 70 76 32 1 57 75 64 38 3 20 34 42 56 19 67 53 58 26 22 29 8 23 41 14 61 62 21 79 60 48 59 33 73 69 2 45 72 71 
14 69 13 63 76 5 58 45 22 32 18 12 28 78 26 37 4 20 61 2 65 79 67 38 43 10 44 77 81 47 19 30 31 39 52 9 53 23 72 35 55 60 42 6 21 40 66 62 51 25 7 17 49 27 48 50 41 46 64 33 16 71 15 29 1 56 36 24 59 73 3 68 74 70 80 54 8 75 11 34 57 
24 29 19 75 26 66 6 33 71 23 7 42 53 49 14 18 31 35 57 39 61 69 58 11 46 13 36 72 67 40 4 3 21 65 50 56 12 20 73 2 8 78 51 37 28 76 27 38 30 77 62 79 47 70 17 34 32 60 45 25 52 74 44 81 43 48 9 68 80 64 10 59 55 5 22 16 41 15 63 1 54 
32 68 50 62 51 46 18 54 70 12 61 81 15 13 59 21 77 78 67 10 14 16 8 41 45 64 3 53 28 80 79 76 73 43 35 11 4 48 6 24 49 47 58 52 74 55 39 22 1 60 44 5 57 37 33 27 71 23 30 36 56 9 19 63 29 40 17 26 75 7 31 25 66 38 69 72 2 34 20 42 65 
12 37 16 43 53 31 56 55 21 57 58 41 74 38 19 75 24 5 68 7 63 78 76 59 15 80 60 66 9 23 36 17 22 46 39 71 45 61 62 79 30 44 18 27 11 26 29 28 48 34 2 67 72 14 1 77 42 40 73 64 35 10 13 50 8 49 54 69 65 32 51 20 6 3 70 33 81 4 47 25 52 
5 23 59 27 63 1 13 11 34 20 10 62 8 46 39 72 48 9 56 73 24 31 4 42 30 21 81 38 47 61 60 57 41 12 29 54 25 15 50 64 43 76 65 55 35 80 45 52 33 69 32 66 40 71 28 68 78 22 49 2 70 51 67 58 77 3 74 6 19 16 14 18 44 36 7 17 75 53 37 26 79 
2 81 9 45 78 49 47 58 8 71 50 76 40 16 25 68 36 52 33 1 66 51 44 48 72 12 79 69 18 70 27 63 74 37 10 64 34 5 38 77 17 26 60 54 22 46 35 20 73 65 21 42 6 31 3 57 4 24 15 61 62 7 75 23 41 55 67 28 53 13 11 30 32 19 56 14 39 80 43 29 59 
40 67 76 15 3 69 25 42 17 65 43 11 1 80 2 33 64 54 74 70 27 28 55 26 71 29 20 44 7 58 81 78 51 5 34 68 10 63 19 57 13 36 32 66 9 16 75 24 61 53 59 56 4 18 14 21 50 47 6 31 48 39 41 22 79 46 45 72 35 38 37 52 77 73 12 60 62 8 30 49 23 
72 36 22 73 10 60 30 64 7 29 34 69 45 4 28 26 27 79 38 23 6 9 17 5 65 25 77 48 62 52 33 32 19 2 42 20 56 3 31 75 16 68 59 46 14 15 63 74 50 81 51 43 41 49 55 37 54 58 8 53 80 11 66 44 47 39 70 71 1 78 24 12 57 76 67 61 35 21 40 18 13 
4 74 79 38 41 80 14 65 39 17 63 47 56 32 30 44 37 60 2 53 52 50 19 22 62 35 43 45 25 49 1 31 75 77 6 55 40 71 67 29 81 21 23 42 70 12 54 64 13 9 8 36 7 3 72 59 16 20 46 76 69 18 26 57 34 27 5 15 33 61 73 66 78 48 24 11 51 58 10 28 68 
52 35 44 20 77 28 48 57 61 66 22 6 55 70 3 51 67 73 54 34 75 18 32 47 49 37 40 13 8 16 26 15 14 24 59 30 41 72 33 1 39 69 7 53 80 25 11 19 10 23 17 58 68 78 63 12 5 81 65 29 79 43 38 62 21 76 56 60 4 36 2 42 9 46 74 71 50 27 31 64 45 
21 13 73 56 9 41 36 30 80 3 62 33 12 39 75 15 23 40 18 44 46 27 79 64 2 52 42 81 20 32 35 59 60 45 63 48 65 74 70 72 5 11 55 24 29 19 22 17 43 16 34 25 78 28 61 58 1 51 68 6 10 76 31 53 14 77 47 67 8 4 50 69 7 54 66 57 71 37 49 38 26 
63 17 20 40 11 78 76 75 50 9 21 77 64 60 67 45 80 10 49 47 16 62 28 37 12 65 7 54 1 72 29 44 8 3 55 53 66 43 34 41 25 57 4 59 18 48 13 69 27 6 15 70 58 39 38 42 14 35 33 26 74 73 32 79 51 19 61 46 68 31 71 56 30 2 23 5 24 52 36 81 22 
34 26 61 47 31 29 49 2 27 35 48 59 66 58 76 16 18 63 11 54 3 77 75 19 4 67 13 56 68 78 15 70 57 21 30 14 71 69 45 6 40 73 22 33 23 53 52 60 81 12 36 46 62 51 25 44 79 28 80 41 9 72 39 74 7 32 38 43 5 24 65 37 42 1 17 8 10 50 64 20 55 
15 10 58 46 7 71 8 3 33 2 52 1 41 19 81 56 68 51 36 21 69 72 80 43 25 24 23 65 13 22 67 4 79 26 31 39 20 49 64 78 75 37 38 9 53 45 44 5 47 66 40 57 55 42 12 62 17 48 18 77 34 50 70 54 30 6 73 59 28 11 63 35 16 29 32 27 60 61 74 14 76 
39 18 32 4 23 53 70 43 45 7 29 79 78 54 27 11 55 71 15 31 34 1 66 57 61 17 73 5 10 28 50 37 16 6 69 42 36 14 47 44 68 8 77 26 12 3 59 21 76 30 74 9 75 38 52 60 65 19 24 81 67 2 46 20 72 22 33 40 64 48 41 49 13 63 58 56 80 51 25 35 62 
64 1 14 74 54 44 59 38 52 72 6 22 13 8 5 65 61 42 70 41 58 68 48 45 56 39 53 19 40 71 18 46 17 51 77 24 60 27 7 21 32 3 31 67 81 49 10 2 79 26 20 35 80 50 11 30 55 63 29 78 37 4 69 76 57 9 23 16 25 62 66 36 33 15 28 47 43 73 75 12 34 
79 65 12 60 57 35 72 24 77 31 37 73 46 20 74 38 44 36 59 14 76 81 6 32 9 50 5 64 80 75 66 11 43 33 47 25 51 17 28 62 2 58 30 56 15 63 18 7 4 61 71 8 23 67 21 54 49 53 16 40 22 13 27 55 3 42 26 29 34 10 52 1 19 69 39 70 78 68 41 45 48 
48 28 51 22 37 19 69 16 6 4 70 50 25 57 49 32 14 30 10 55 78 26 74 40 63 20 8 2 12 36 23 27 62 34 38 7 52 80 54 76 42 35 61 1 13 29 68 65 77 24 73 41 31 33 15 5 56 59 47 71 43 66 64 21 18 81 60 17 39 58 45 75 67 9 3 79 44 11 46 53 72 
66 55 81 25 62 42 5 68 67 43 26 34 69 17 24 28 53 47 51 60 30 29 71 35 33 38 22 9 41 76 73 49 61 52 58 74 50 19 16 46 10 79 63 39 48 56 37 54 32 72 14 64 1 11 36 20 23 45 75 7 3 57 8 2 80 13 15 70 78 12 44 27 31 21 77 4 18 65 59 40 6 
45 42 67 55 58 6 21 56 44 49 17 3 71 81 38 70 63 66 4 76 80 2 22 15 41 9 48 20 37 1 10 64 59 75 19 69 33 26 35 74 54 62 47 23 78 7 40 36 39 46 12 51 14 65 18 61 60 68 34 5 72 16 52 31 53 43 79 13 50 57 29 8 73 27 11 25 30 28 77 32 24 
61 63 30 69 32 34 15 76 28 13 25 56 14 11 41 42 20 31 81 29 7 35 45 21 5 1 12 23 51 60 77 43 39 58 16 50 75 73 80 66 72 4 2 64 49 9 38 37 53 55 26 52 8 57 78 71 48 62 67 10 27 70 24 36 65 59 3 22 46 44 17 40 47 68 18 74 54 79 6 19 33 
41 38 36 13 79 22 26 50 53 28 60 4 51 73 18 74 54 33 78 30 57 64 11 31 75 66 63 29 3 42 71 68 52 48 9 72 21 65 1 25 34 46 10 14 7 59 24 15 80 58 61 19 77 17 37 47 69 76 43 56 55 81 49 67 12 2 6 23 32 20 27 70 62 16 40 35 5 45 39 8 44 
18 59 39 1 24 23 17 52 5 47 69 46 9 2 77 30 78 26 19 43 53 36 65 27 68 58 50 15 76 6 55 56 7 49 67 73 70 29 40 28 41 38 79 63 37 44 81 16 66 35 31 13 32 48 8 3 33 74 11 45 54 42 20 72 61 75 71 62 14 25 21 64 51 80 57 10 12 60 34 22 4 
27 31 33 49 14 43 62 66 78 53 79 72 23 64 21 35 40 80 8 51 28 32 16 54 47 42 70 12 34 44 13 24 46 57 41 2 55 50 56 48 59 6 5 19 68 67 4 71 11 45 25 10 3 69 75 9 63 26 22 15 77 17 73 60 38 52 37 30 18 74 39 76 36 65 1 20 7 81 29 61 58 
74 12 46 80 81 65 51 72 37 6 27 8 36 34 61 1 75 50 20 77 17 13 10 79 52 69 71 28 63 5 70 40 35 25 26 22 9 24 32 30 60 45 3 57 67 62 33 29 64 73 76 54 18 68 58 38 2 44 14 19 39 53 4 78 16 47 48 11 7 55 56 41 21 42 43 31 49 23 15 59 66 
35 7 48 54 64 47 60 20 73 37 67 16 65 10 57 5 43 12 25 24 26 14 40 44 3 56 18 32 4 11 62 53 80 61 8 45 17 13 71 27 58 22 39 76 31 23 79 34 49 74 42 75 30 41 59 29 6 21 36 51 66 46 28 68 9 33 81 63 15 1 19 77 70 55 72 52 38 69 2 78 50 
68 2 25 3 8 70 71 40 16 39 59 48 29 62 44 76 58 19 23 74 33 60 37 34 6 73 55 21 66 79 38 36 54 18 81 65 15 42 11 53 77 51 52 61 43 20 72 56 78 22 28 47 27 63 41 31 57 30 7 1 12 32 50 24 5 10 35 45 49 80 69 4 75 67 13 64 46 14 26 17 9 
57 9 77 10 29 4 75 19 11 24 32 45 52 22 55 7 15 68 62 61 38 59 72 67 39 46 49 33 27 31 78 14 47 30 74 17 81 8 20 12 36 18 69 44 16 43 5 1 60 21 70 50 2 6 23 40 80 79 35 65 13 64 25 51 42 26 34 66 73 54 58 28 41 56 63 48 53 76 3 71 37 
59 54 63 26 49 45 11 51 65 60 55 36 21 50 22 61 73 48 64 71 29 6 62 58 44 41 57 80 70 12 46 10 18 20 56 79 39 31 66 23 14 74 68 4 77 47 7 30 19 13 5 27 76 75 43 16 15 72 40 67 33 37 78 9 69 24 53 35 42 52 32 3 38 8 34 81 28 25 17 2 1 
60 8 66 37 36 38 10 35 58 76 24 51 57 9 34 31 16 17 39 50 22 70 21 12 80 53 32 11 49 77 72 67 33 59 15 26 5 44 18 43 47 63 27 48 69 78 2 79 14 40 81 4 64 52 13 28 73 42 61 62 46 68 45 56 71 25 1 19 23 29 74 55 3 75 30 7 6 20 65 54 41 
46 41 6 42 13 24 74 44 47 79 33 27 30 53 70 39 81 11 34 16 54 20 69 4 1 18 14 40 50 35 17 60 29 38 68 28 78 76 59 3 21 12 26 2 57 10 9 32 55 43 23 72 66 45 64 7 22 56 52 75 31 25 48 61 62 58 80 8 37 65 5 51 49 71 19 36 63 67 73 15 77 
20 39 55 16 28 21 80 1 30 68 8 32 4 26 58 54 19 75 37 40 43 48 23 13 59 45 66 61 73 3 41 52 53 69 25 62 64 7 15 56 65 10 33 72 36 77 71 51 35 29 18 34 11 44 24 81 74 12 9 57 14 49 2 6 76 67 63 50 70 17 22 38 46 47 60 78 27 42 5 79 31 
22 43 31 23 2 56 68 4 18 63 49 71 62 28 7 25 52 44 72 3 10 24 5 76 81 8 26 75 48 66 14 45 42 19 57 47 67 70 55 38 29 13 6 41 1 65 15 46 69 50 54 74 61 73 39 36 51 34 77 11 20 30 17 64 60 79 12 78 27 40 59 21 35 53 9 37 58 32 33 16 80 
19 15 69 70 33 64 78 5 32 18 56 65 42 72 40 13 29 14 28 75 67 25 68 55 38 60 27 51 58 34 31 2 6 9 4 8 46 52 79 49 37 54 45 35 17 1 62 39 20 3 16 24 22 53 71 80 47 50 63 59 23 41 21 73 26 7 77 81 36 43 30 10 61 57 48 66 11 44 76 74 12 
17 61 3 79 48 50 12 81 75 67 74 37 5 66 46 43 10 77 30 36 15 56 47 78 42 2 35 39 23 54 63 7 55 22 71 16 62 32 9 34 53 19 80 73 40 68 6 25 41 57 33 59 38 21 44 76 8 1 58 70 60 27 65 18 31 28 20 49 45 14 4 11 69 72 51 24 64 26 52 13 29 
76 40 52 57 71 14 7 29 9 59 64 2 6 15 12 80 3 23 63 79 74 33 49 77 73 61 19 78 43 37 65 1 5 13 27 81 42 51 24 58 22 30 25 11 20 28 8 31 36 17 67 26 48 60 54 69 35 66 10 32 4 38 53 46 44 68 16 41 47 72 75 34 39 62 50 45 70 18 56 55 21 
73 62 27 34 67 72 53 77 25 1 45 20 47 69 35 78 38 41 52 9 11 46 7 65 17 51 31 24 36 21 44 74 30 64 32 76 28 16 75 61 50 81 71 8 60 70 56 49 12 63 37 80 42 58 19 6 26 5 55 3 29 79 18 13 39 57 2 33 48 66 15 54 23 43 68 59 14 10 22 4 40 
################proper############## 

 average_time = 208.585944 

 success runs = 1 

 total average iters = 3217006.000000 
