Success!!! 
 
 max_col = 
 81 
 
 run_time = 
 229.323109 
 
 once iters = 
 3513013 
 
58 20 13 14 64 78 27 16 23 72 32 63 74 41 65 80 29 60 6 53 47 55 18 17 30 7 19 76 2 11 3 66 34 42 28 46 22 25 56 70 24 21 62 1 5 50 43 77 31 44 54 81 36 57 59 37 33 38 61 52 39 71 79 10 68 69 49 73 75 67 48 51 35 4 12 45 26 9 15 8 40 
39 9 70 44 28 40 11 42 67 57 53 8 14 61 37 59 13 18 21 33 23 43 2 77 16 24 35 15 79 58 51 1 36 5 4 71 55 20 66 78 19 12 27 68 64 75 29 76 6 17 63 22 32 48 74 3 60 46 73 69 47 26 62 31 38 30 41 34 81 45 7 80 72 10 50 49 52 56 65 25 54 
31 50 10 21 22 57 17 79 51 75 1 46 35 76 3 62 6 49 29 68 38 60 36 78 28 70 59 26 25 48 77 40 43 69 24 64 32 2 47 52 73 15 74 39 63 30 14 61 66 33 19 18 41 20 44 72 45 80 67 55 8 5 65 37 56 23 12 9 54 13 4 16 11 71 53 34 27 42 58 7 81 
36 24 71 3 45 35 63 72 2 11 44 38 25 19 48 64 27 20 62 61 76 51 56 37 9 73 46 70 53 33 49 10 57 54 16 47 81 34 7 8 26 79 65 69 14 80 68 23 52 15 13 4 55 67 50 6 28 21 18 12 40 41 29 74 17 22 77 58 66 32 42 59 75 31 43 5 60 1 39 30 78 
60 18 33 25 53 76 73 30 15 51 50 4 68 78 43 12 39 16 32 81 3 54 71 44 8 42 1 75 63 67 6 52 20 22 80 21 31 35 72 11 46 45 58 28 29 74 38 59 5 24 2 10 79 37 56 77 7 19 70 34 48 9 49 61 26 57 64 14 55 65 40 27 17 36 66 47 13 69 62 23 41 
43 29 37 41 4 7 38 66 81 45 5 47 67 33 69 30 71 9 12 34 57 26 22 48 49 80 52 31 14 55 56 17 35 72 61 23 50 44 42 3 59 6 10 75 13 27 62 51 46 53 73 8 65 40 36 54 68 1 78 11 15 58 16 20 25 63 28 70 60 79 21 39 76 74 77 24 64 2 32 18 19 
77 62 19 8 47 5 12 68 46 55 10 24 21 70 42 22 73 66 63 39 40 15 58 20 65 69 14 7 45 50 32 27 74 60 38 9 71 48 76 4 41 33 80 54 17 3 49 26 56 1 25 34 64 35 53 30 13 23 75 81 43 51 31 72 18 36 78 2 52 11 44 6 37 29 79 28 57 59 16 61 67 
48 75 65 56 52 26 59 32 49 81 2 54 31 17 58 23 40 34 67 66 74 27 11 5 41 79 25 8 44 29 78 39 73 13 12 37 60 9 77 53 18 30 61 43 36 69 71 28 7 70 45 16 72 21 10 76 42 57 63 64 4 20 24 35 3 47 19 62 1 33 15 50 46 6 68 14 51 38 55 80 22 
61 54 1 6 69 34 55 80 74 79 52 56 15 26 36 28 7 77 72 4 50 10 45 13 31 64 75 19 62 59 81 30 65 68 41 18 67 49 57 37 51 38 40 23 16 60 47 58 78 42 9 11 39 12 22 35 2 25 27 14 66 32 17 76 71 43 53 46 5 29 24 8 70 48 3 21 33 20 63 44 73 
6 60 53 17 66 20 32 48 12 58 47 45 46 3 27 43 80 55 39 71 72 31 52 62 5 61 33 21 22 49 36 64 78 65 68 2 19 69 13 10 75 42 50 30 40 26 8 14 54 63 7 24 29 23 35 1 57 67 74 28 44 25 4 70 11 15 81 41 77 34 38 37 56 76 18 9 59 51 73 79 16 
22 19 39 23 76 55 50 13 43 70 74 37 34 30 67 75 18 29 48 69 15 12 53 38 17 2 49 14 73 47 72 56 5 25 44 35 1 62 65 77 66 59 21 4 8 32 36 33 16 9 31 78 80 42 54 58 63 24 46 68 10 11 6 3 51 20 45 40 64 26 79 7 27 52 28 71 61 81 41 57 60 
78 5 51 69 46 62 21 49 31 36 60 57 4 52 79 61 53 38 58 40 44 18 64 30 11 47 63 28 34 80 66 71 54 67 42 7 9 23 73 33 32 3 26 45 35 48 13 55 39 76 65 74 68 6 81 14 41 22 17 16 70 37 59 75 27 56 25 1 43 72 29 19 2 24 10 12 15 50 8 77 20 
41 35 16 80 27 36 37 64 29 54 62 11 7 40 39 9 26 81 51 57 24 77 73 79 50 76 23 32 3 1 8 19 13 33 53 52 68 22 63 44 2 31 78 74 38 59 34 72 18 47 20 70 43 10 15 49 55 66 56 48 60 21 5 14 61 71 58 6 67 4 12 28 69 17 75 25 30 45 42 46 65 
24 81 2 47 61 68 52 25 3 13 16 23 78 12 1 48 56 28 65 27 55 59 43 54 37 67 41 58 50 76 15 4 51 74 75 63 53 6 71 36 72 60 18 7 80 64 30 17 73 66 77 62 22 79 45 20 34 33 32 29 38 8 42 69 10 31 9 35 44 46 57 5 26 14 39 19 70 11 40 49 21 
28 1 74 34 73 18 65 57 44 32 71 77 42 10 25 20 15 14 13 6 70 75 80 29 78 16 26 48 9 12 30 62 11 39 60 41 24 58 46 5 64 56 81 79 43 35 51 40 45 67 27 21 19 69 31 2 76 61 72 3 23 50 52 8 36 54 63 59 49 17 33 53 7 22 38 4 47 66 37 68 55 
11 67 72 77 79 58 75 63 45 8 33 2 76 49 35 50 59 21 42 10 22 14 19 81 34 20 66 40 43 57 23 46 17 18 37 26 12 51 61 16 70 47 54 41 52 56 28 25 38 3 4 15 5 1 27 36 9 39 30 71 65 7 69 48 60 73 80 32 24 68 62 55 13 53 44 74 78 6 64 31 29 
38 40 26 7 33 71 54 10 30 17 68 41 44 64 63 69 72 22 35 8 56 45 32 21 4 25 9 20 29 6 24 59 77 31 81 70 15 57 27 34 28 14 76 48 55 52 50 11 49 46 53 37 60 61 78 80 12 51 79 13 75 19 73 65 2 16 47 74 18 39 66 42 67 1 58 36 5 43 3 62 23 
4 70 56 59 42 9 15 14 8 19 73 5 51 66 6 65 24 31 46 28 60 7 68 74 1 36 3 27 55 79 61 16 69 38 10 45 20 37 39 29 67 49 17 25 11 57 58 81 2 12 75 41 71 44 43 18 77 26 40 53 62 47 64 78 23 13 21 52 30 50 76 22 33 54 32 48 34 63 80 35 72 
66 36 68 50 59 10 77 47 13 44 61 49 32 69 38 72 16 73 7 65 6 67 75 1 58 60 76 22 70 17 40 28 79 48 34 31 46 52 53 63 29 57 39 64 20 8 78 9 11 4 62 27 23 14 41 5 74 2 24 33 35 81 18 30 19 42 71 56 51 25 45 54 21 80 15 43 55 37 12 3 26 
12 53 25 43 16 65 58 19 80 29 57 51 71 21 23 2 66 15 56 3 28 64 13 35 77 34 61 73 81 27 59 44 26 6 7 67 49 17 45 68 31 69 8 32 75 79 22 42 48 20 55 5 33 30 1 62 47 36 76 37 14 72 78 9 39 52 38 10 40 60 74 70 18 46 54 41 11 24 50 63 4 
57 31 3 73 23 75 72 29 70 48 34 60 22 4 7 11 54 5 8 79 33 41 44 43 81 59 39 37 42 53 13 47 1 50 2 49 28 71 36 62 25 74 55 14 30 24 26 45 21 56 52 66 67 38 69 32 58 15 68 80 61 63 10 6 78 18 17 20 12 76 46 64 65 40 9 35 16 19 51 27 77 
40 26 62 11 48 46 4 56 41 77 75 31 63 24 17 33 81 8 25 32 20 21 69 10 55 74 45 66 60 18 58 78 14 15 64 38 47 76 9 12 42 61 35 22 51 19 16 37 43 29 72 71 13 59 65 50 52 7 54 57 30 79 27 5 49 67 3 68 36 80 34 73 44 39 6 2 1 70 23 28 53 
9 45 8 67 30 44 60 76 33 68 18 42 47 39 70 53 55 35 17 26 14 24 15 11 63 62 29 57 61 77 12 54 72 3 46 80 2 56 23 41 5 78 4 37 79 28 74 10 40 50 69 65 73 32 51 19 16 6 21 49 34 38 20 81 58 7 1 22 27 59 75 43 64 66 25 13 36 71 52 48 31 
5 42 27 54 2 79 20 74 21 76 28 25 1 6 62 14 52 13 31 9 48 71 51 53 12 78 16 30 10 65 19 69 39 8 33 43 59 73 26 18 15 24 7 81 77 17 75 36 41 64 80 35 57 46 3 11 40 70 66 44 45 22 23 55 4 50 32 37 72 47 61 63 29 58 49 56 67 34 68 60 38 
14 71 61 37 78 49 24 18 69 59 12 3 30 9 64 40 10 56 23 38 46 57 27 2 66 4 80 25 36 41 5 51 62 52 32 16 33 60 11 43 13 72 34 19 50 54 6 63 58 77 68 1 76 70 73 67 29 8 42 39 31 55 75 44 48 21 26 53 15 35 28 65 74 79 17 20 22 47 81 45 7 
32 6 35 64 81 17 39 55 34 26 19 50 65 27 41 45 43 46 52 73 30 36 72 70 22 37 5 9 56 63 74 24 21 71 20 68 80 38 40 54 3 1 67 10 58 12 44 2 15 7 18 49 51 47 28 4 25 48 53 60 13 59 77 66 29 11 8 23 31 69 16 79 42 75 57 62 14 61 78 76 33 
63 22 7 15 38 52 1 51 28 20 36 78 80 58 74 37 79 67 50 19 18 68 42 40 47 49 54 55 11 23 75 35 45 4 29 76 16 66 48 6 65 44 70 27 21 34 53 39 60 81 61 25 31 3 26 56 64 17 12 9 71 43 46 24 13 62 57 77 14 41 2 33 30 8 5 10 32 73 72 59 69 
52 74 4 70 10 53 14 77 60 42 46 73 69 7 28 34 65 62 78 25 16 1 66 9 26 41 48 18 49 20 57 50 12 80 5 6 36 75 17 61 40 64 19 33 39 22 55 32 27 43 29 79 3 13 68 31 8 35 59 54 63 45 38 23 24 76 56 51 58 2 67 21 71 30 11 81 72 15 44 37 47 
46 21 12 13 9 29 40 17 16 80 63 36 50 56 2 38 48 37 55 72 64 70 79 8 14 45 24 35 7 61 34 60 66 19 25 11 4 32 78 15 68 18 59 71 26 44 52 31 51 28 10 73 81 76 39 57 30 58 6 65 33 69 1 42 5 41 22 75 47 53 77 49 62 3 27 54 74 23 20 67 43 
30 2 48 76 39 63 66 28 6 74 77 43 72 22 31 54 67 33 40 51 36 23 65 80 68 57 7 64 1 10 17 32 53 58 47 73 45 70 35 21 52 41 60 8 44 18 20 38 37 16 15 19 4 56 55 71 3 5 14 26 25 29 12 27 59 61 50 78 11 62 9 81 24 69 13 79 46 49 75 42 34 
62 33 67 5 44 80 18 35 38 1 6 16 17 79 57 55 76 58 19 43 63 46 28 60 39 31 27 29 23 15 2 21 8 51 48 65 7 13 50 81 49 20 25 9 66 47 64 24 12 61 11 26 54 71 75 34 32 42 36 22 78 56 70 40 69 37 30 72 45 10 3 74 14 59 73 77 41 53 4 52 68 
45 34 64 20 8 11 31 43 24 39 27 15 61 68 52 78 60 59 30 62 58 3 47 33 75 13 2 4 76 81 54 63 70 56 26 74 51 42 37 69 22 80 14 12 6 5 72 35 25 49 23 67 7 77 9 53 21 79 28 46 16 66 41 73 44 1 18 48 71 38 55 57 10 50 19 40 65 36 29 32 17 
79 23 50 58 68 54 81 26 1 4 24 20 11 71 10 66 5 64 15 37 17 56 59 76 32 29 53 72 38 30 9 77 44 75 39 78 62 16 74 67 57 28 3 63 73 40 41 21 42 2 48 14 69 8 47 43 27 49 52 61 19 80 51 60 46 65 35 36 34 7 13 12 55 70 33 31 6 25 45 22 18 
3 78 15 75 25 27 51 69 36 21 14 53 41 8 44 81 47 26 34 49 73 22 77 71 61 54 18 67 31 28 62 42 55 45 52 13 10 24 38 72 23 5 46 29 65 66 17 30 1 6 33 39 59 80 11 74 37 40 48 50 7 4 76 32 64 19 16 43 79 70 68 20 9 12 35 63 58 60 56 2 57 
71 73 59 19 55 72 47 22 42 35 30 70 49 29 13 32 3 40 11 50 5 74 21 52 67 44 12 79 68 16 43 33 37 41 69 24 76 54 31 2 1 27 77 56 53 58 57 75 9 36 46 45 34 65 62 10 23 60 81 18 20 17 15 25 14 28 66 63 39 6 26 4 8 78 51 80 7 64 61 38 48 
56 37 32 57 49 41 61 7 65 23 25 19 12 75 18 51 9 45 20 42 10 4 35 69 38 81 6 3 40 22 27 14 46 59 71 36 48 30 43 58 47 55 79 11 34 68 60 74 50 78 70 53 62 63 13 24 44 64 77 73 72 2 67 52 8 17 31 80 33 15 54 29 16 26 21 66 39 28 1 5 76 
18 12 52 79 50 67 2 1 62 53 72 64 26 80 77 36 37 54 57 22 69 6 10 45 56 66 40 60 21 24 42 20 71 61 8 19 35 11 59 38 27 9 75 16 7 81 48 68 4 73 28 47 46 5 14 41 51 13 33 15 58 39 44 63 55 3 70 65 29 74 30 31 49 23 78 32 17 76 34 43 25 
26 64 9 71 72 45 30 27 17 24 51 40 59 1 68 3 41 61 77 12 49 28 4 42 74 46 73 54 6 69 7 23 33 36 67 10 13 63 80 66 14 43 5 57 22 38 25 15 76 18 8 29 70 58 32 78 56 20 50 31 81 34 47 62 35 53 11 39 16 52 37 48 79 2 60 75 19 55 21 65 44 
81 61 69 63 56 73 70 59 54 34 66 74 58 15 20 16 33 7 3 18 75 62 14 32 80 38 36 2 12 43 65 49 64 53 13 51 72 68 28 76 44 25 6 60 24 55 67 1 57 22 35 17 78 26 40 27 46 77 11 23 42 48 37 50 9 10 4 79 19 21 41 45 52 5 8 39 31 29 30 47 71 
21 48 55 74 15 16 29 6 76 30 78 65 13 28 5 60 62 25 43 35 37 34 31 50 19 26 44 68 77 38 41 57 27 81 22 40 69 18 2 56 4 39 32 70 45 51 10 71 23 52 12 3 24 49 63 79 80 59 1 75 54 64 36 17 66 46 42 7 73 8 47 58 53 67 72 33 20 14 9 11 61 
49 47 11 31 41 51 80 24 53 63 69 14 48 2 29 19 75 57 16 55 67 61 8 23 60 39 71 46 59 72 73 74 76 17 30 25 77 79 10 64 36 50 1 58 37 13 42 7 44 54 66 20 56 27 21 9 4 43 35 5 52 65 3 34 12 81 33 18 78 40 32 68 15 28 62 70 38 22 6 26 45 
25 39 20 33 37 32 13 58 40 73 67 81 6 43 45 18 46 12 59 17 11 9 76 47 21 5 79 34 52 56 48 70 28 62 63 14 78 3 29 31 8 53 42 55 41 36 65 64 61 19 50 2 77 74 7 38 49 30 22 72 68 60 66 54 15 75 44 26 57 23 71 69 1 27 4 16 10 35 24 51 80 
23 3 66 10 57 60 35 8 14 9 42 79 38 44 55 17 21 47 2 63 7 52 41 27 24 65 72 11 16 26 18 29 58 78 31 4 74 46 20 49 81 48 30 15 62 37 59 43 33 39 6 32 75 34 19 73 70 71 69 25 53 67 45 51 22 80 5 28 76 56 1 61 77 64 40 50 12 68 36 54 13 
7 65 46 28 43 4 36 78 5 50 35 22 52 32 71 76 23 70 33 48 29 81 30 15 51 53 68 44 66 45 39 80 75 9 1 79 17 26 19 47 34 67 73 61 54 31 63 62 72 11 60 40 21 41 12 8 10 55 16 2 6 24 74 49 77 64 14 25 38 27 20 13 57 18 69 37 42 58 59 56 3 
19 77 44 42 75 22 34 38 68 49 56 10 27 31 8 39 4 11 64 70 78 58 54 25 20 1 13 47 32 37 35 5 15 55 3 50 52 21 33 51 12 65 71 40 23 9 45 80 14 30 79 69 16 53 29 61 62 18 57 76 17 28 26 67 6 59 43 60 2 24 36 72 63 7 74 46 81 41 48 73 66 
47 55 76 32 63 21 69 54 37 71 39 9 45 50 15 25 30 74 1 77 68 19 20 58 48 11 64 5 41 34 33 79 3 46 35 53 61 59 14 28 56 17 22 31 10 43 70 60 62 51 78 75 42 18 72 29 66 52 23 24 27 57 7 26 81 38 13 44 8 16 80 67 40 65 36 73 49 4 2 6 12 
75 56 36 38 71 42 23 12 20 2 70 28 29 47 26 24 63 6 69 14 4 13 3 66 27 50 65 45 48 78 52 11 16 43 17 55 5 1 79 40 39 81 68 51 9 7 73 46 30 35 21 77 25 64 80 60 67 44 34 8 41 15 54 59 72 33 62 49 53 57 19 32 22 61 31 76 37 74 18 10 58 
70 27 24 51 7 6 46 9 48 38 76 61 5 73 78 1 64 17 54 74 80 30 23 63 36 72 62 39 47 21 22 26 49 44 77 20 42 53 55 50 11 75 33 34 57 65 19 4 28 10 37 12 58 68 79 16 43 69 13 35 2 3 81 29 41 40 52 71 56 31 18 25 32 45 59 60 8 67 14 66 15 
50 43 17 49 60 15 78 65 18 66 81 55 54 34 14 21 22 80 76 24 52 44 67 73 57 12 37 10 27 70 31 25 7 40 9 72 26 77 64 23 30 29 47 13 19 39 32 8 3 59 74 61 38 16 71 42 48 62 4 36 5 46 56 58 20 79 6 45 63 75 35 2 68 51 41 1 28 33 53 69 11 
64 8 14 53 29 77 74 3 10 67 20 12 33 62 4 13 49 72 75 47 9 40 26 61 42 51 60 63 19 36 76 81 18 2 57 28 66 78 32 46 71 16 45 24 48 41 23 22 34 69 5 55 15 17 6 25 39 37 31 38 59 30 58 11 65 27 7 21 68 73 50 1 80 35 56 52 54 44 43 70 79 
35 13 34 26 67 33 79 44 59 41 40 18 75 42 32 58 11 19 45 7 71 25 38 39 53 43 81 1 54 62 68 61 23 64 6 30 3 8 70 60 80 52 69 21 4 2 66 56 47 31 49 72 14 24 17 65 22 12 51 63 73 76 28 36 74 78 37 15 48 77 10 9 20 16 29 27 50 5 57 55 46 
73 66 28 45 19 2 57 40 4 65 31 69 77 35 16 52 44 53 10 46 41 8 33 22 6 32 17 13 24 75 71 37 56 29 59 58 18 67 15 7 38 62 72 76 27 20 1 79 63 80 81 54 50 36 61 68 11 9 26 74 49 14 55 43 42 5 51 12 70 30 39 60 25 34 48 78 23 3 47 21 64 
16 30 41 68 58 81 62 39 11 3 7 59 8 37 46 79 51 43 5 31 21 2 78 28 35 18 56 80 15 60 4 65 67 14 50 32 54 36 12 73 74 63 44 49 25 76 27 52 53 57 71 6 48 29 70 45 20 75 19 10 1 33 40 22 34 66 61 64 69 55 23 47 38 42 26 72 9 13 77 17 24 
1 25 5 72 80 61 22 31 52 56 48 68 36 23 60 27 57 10 70 29 34 16 49 59 79 55 15 38 51 8 69 73 42 12 74 66 37 65 41 20 58 35 43 6 2 11 9 67 26 40 44 13 45 33 18 47 50 53 64 78 32 77 21 28 54 4 46 76 17 3 14 24 19 63 81 30 62 39 7 71 75 
15 63 73 55 1 47 64 33 78 12 45 34 70 48 30 26 69 65 66 58 81 79 57 24 3 56 21 36 17 71 20 41 29 10 18 62 38 61 22 13 60 7 9 46 68 4 37 49 8 74 76 51 6 28 77 40 72 50 44 59 11 35 32 2 16 14 54 31 42 43 52 75 39 25 67 23 80 27 19 53 5 
27 46 21 18 65 59 6 5 71 33 58 29 10 25 19 74 28 44 26 1 45 11 70 16 52 22 42 56 67 13 63 2 24 47 76 54 73 72 34 14 35 4 57 36 31 62 7 12 32 41 39 50 9 55 20 23 15 68 38 79 64 49 61 53 80 48 69 81 3 78 17 77 60 43 37 51 75 8 66 40 30 
42 14 79 66 54 28 53 2 56 15 41 7 3 16 81 35 36 24 49 13 25 29 55 65 44 75 38 78 5 4 26 6 40 57 23 69 64 10 1 32 63 19 20 62 67 72 61 48 80 21 43 60 30 31 8 70 71 76 39 45 22 52 9 68 37 51 73 11 59 18 27 46 58 33 47 17 77 12 74 34 50 
37 58 49 36 35 48 43 23 39 40 17 72 60 46 54 56 38 27 74 78 2 76 50 12 73 63 47 61 30 68 16 45 25 32 51 33 6 80 5 79 55 71 15 44 81 14 77 20 69 75 59 52 1 19 57 7 53 29 10 21 18 42 13 64 70 9 67 66 62 22 8 34 3 41 65 11 4 26 31 24 28 
13 4 81 62 31 70 76 67 22 5 55 75 43 53 51 77 2 50 37 36 8 80 61 6 59 28 30 49 39 35 79 7 9 21 19 44 27 41 52 45 17 11 23 66 42 33 3 16 71 58 24 56 40 15 48 46 69 34 47 1 12 78 25 38 63 72 74 29 65 20 60 26 73 32 14 18 68 57 54 64 10 
17 11 75 40 3 74 16 61 32 22 64 80 73 14 9 57 20 71 60 54 31 33 62 46 18 23 34 65 8 66 55 38 81 77 72 1 43 50 24 59 78 51 48 26 76 25 5 53 79 68 67 42 47 45 58 63 19 4 41 56 37 27 2 21 28 39 10 30 7 12 49 15 36 13 70 6 44 52 69 29 35 
69 38 45 52 26 24 44 20 7 61 4 6 79 59 47 8 68 1 71 67 53 39 5 51 15 77 32 43 37 46 50 48 60 27 14 42 29 12 75 30 21 70 56 3 28 10 18 54 64 65 34 63 11 73 33 66 81 74 62 17 36 31 80 57 40 25 23 13 35 19 58 41 78 49 2 55 76 16 22 72 9 
68 72 30 9 34 19 8 41 57 37 11 76 23 18 66 63 32 39 14 64 27 17 48 4 40 10 43 12 28 52 53 31 80 70 58 3 25 47 69 74 77 54 16 2 49 29 35 44 81 13 22 38 26 78 24 51 75 73 65 67 55 6 60 79 33 45 36 50 61 1 5 56 59 15 7 42 21 46 71 20 62 
80 51 77 29 12 25 10 60 50 31 13 52 62 67 21 49 42 78 9 41 35 72 7 19 69 68 20 59 74 64 11 34 22 73 15 75 58 39 8 65 33 40 37 53 18 23 46 57 70 27 17 36 2 66 5 28 14 54 3 43 26 16 30 47 32 55 76 24 4 71 6 44 45 81 63 61 79 48 38 1 56 
2 57 42 1 77 23 71 4 58 18 3 35 55 11 22 44 70 30 27 52 32 66 40 31 43 19 10 16 78 9 46 12 38 34 21 39 8 14 51 25 50 76 13 20 69 15 54 41 29 79 36 59 61 81 67 75 24 56 7 6 74 73 53 80 62 26 60 47 28 63 65 17 48 37 64 68 45 72 5 33 49 
72 44 54 16 17 56 49 36 63 27 37 39 66 81 34 6 77 4 47 30 51 5 25 75 2 21 50 53 71 32 28 18 10 1 79 61 11 15 58 24 48 73 38 35 46 45 69 3 65 62 57 80 8 43 23 26 78 31 9 20 29 68 19 13 67 70 59 33 74 42 64 52 41 55 76 22 40 7 60 12 14 
51 15 60 61 11 50 7 73 79 78 38 67 56 63 59 46 58 32 4 76 62 53 74 34 71 3 22 41 13 31 37 75 19 35 27 29 57 55 68 26 54 23 52 65 72 21 2 6 77 14 30 48 49 25 64 81 5 28 45 40 80 44 33 16 1 12 24 8 20 66 43 10 47 9 42 69 18 17 70 36 39 
34 28 18 22 70 38 33 46 55 62 80 71 19 51 53 73 25 76 41 60 79 65 63 64 45 17 11 69 72 54 14 36 68 23 66 8 21 74 81 39 61 2 29 77 78 16 24 47 13 26 58 9 10 75 37 52 1 32 15 42 3 12 43 56 7 49 48 57 6 5 31 40 50 44 20 59 35 30 67 4 27 
74 10 47 24 62 39 5 75 35 69 54 48 28 65 12 42 17 2 80 44 59 78 29 55 13 9 57 51 26 7 70 43 4 76 11 81 56 31 18 1 6 32 49 67 71 63 40 27 20 60 64 33 37 50 16 22 79 14 8 30 77 61 34 45 73 58 68 38 41 36 72 23 66 19 46 3 53 21 25 15 52 
20 76 43 12 21 8 3 53 19 10 79 26 64 72 24 31 61 36 68 15 54 73 81 7 46 14 77 6 65 74 60 67 47 49 62 48 30 40 16 9 45 34 28 59 33 42 11 5 35 55 56 44 18 52 66 69 17 41 25 4 57 70 50 71 75 2 39 27 22 37 51 78 23 38 80 29 63 32 13 58 1 
59 52 6 78 40 69 41 81 27 7 23 21 9 60 75 47 45 68 36 56 42 38 24 26 70 48 58 50 33 5 64 15 2 20 73 77 79 43 44 17 10 37 12 80 3 67 4 34 22 72 1 31 66 39 49 13 18 65 55 51 76 54 63 46 53 35 29 19 32 14 25 30 28 57 61 8 71 62 11 16 74 
65 68 31 30 14 13 9 45 64 43 49 33 16 57 40 29 8 41 61 23 1 20 37 67 72 6 28 52 80 3 25 55 59 63 56 22 75 27 4 42 53 66 36 5 70 78 12 19 74 71 32 46 17 7 38 39 35 47 60 58 21 62 48 15 76 34 79 69 50 44 11 18 54 73 24 26 2 77 10 81 51 
67 80 29 48 32 66 25 37 26 14 15 1 20 13 50 5 74 52 18 16 12 69 39 49 33 35 8 42 57 40 44 58 30 24 45 17 41 64 62 19 7 22 63 47 60 73 76 70 68 23 38 28 53 51 2 59 36 11 71 27 46 10 72 4 21 77 55 61 9 54 81 3 31 56 34 65 43 75 79 78 6 
53 7 40 39 24 14 48 21 66 52 8 30 81 77 61 68 31 75 28 11 19 47 46 18 23 15 55 33 69 73 29 3 63 37 54 12 70 4 60 71 43 36 41 17 32 49 79 78 10 25 16 58 27 72 34 44 6 45 2 62 51 13 35 1 50 74 65 67 26 64 59 38 5 20 22 57 56 80 76 9 42 
33 41 58 81 6 43 45 11 47 46 26 17 2 55 73 15 14 79 22 20 39 32 9 3 76 27 67 71 35 44 80 53 50 66 65 34 23 19 49 75 69 10 64 38 12 1 56 13 59 37 42 57 52 54 4 48 31 63 29 77 24 36 68 18 30 8 72 5 21 51 78 62 61 60 16 7 25 40 28 74 70 
44 79 22 60 51 64 26 62 75 16 21 58 18 36 72 70 12 63 53 5 13 48 34 41 54 40 74 24 4 19 67 68 6 7 78 59 65 28 25 35 76 46 66 73 15 77 80 69 17 45 47 30 20 2 52 55 61 10 49 32 50 23 57 39 43 29 27 42 37 9 56 71 81 11 1 38 3 31 33 14 8 
76 49 78 46 20 31 68 71 73 60 43 62 24 74 11 7 50 23 44 80 65 63 17 56 10 58 70 81 75 2 1 8 41 28 36 5 34 33 30 57 9 13 51 18 47 61 15 29 55 32 26 64 12 22 42 21 38 3 37 19 79 53 14 77 45 6 40 16 25 48 69 35 4 72 52 67 66 54 27 39 59 
10 16 80 35 13 3 42 70 25 47 65 66 53 20 33 67 34 69 73 2 26 49 1 68 62 30 4 23 58 14 45 9 31 11 55 57 40 81 21 48 79 8 24 72 61 6 39 18 19 38 51 43 44 60 76 64 59 27 5 7 56 74 22 41 52 32 75 54 46 28 63 36 12 77 71 15 29 78 17 50 37 
55 17 38 4 5 12 56 52 77 28 29 27 57 54 76 71 19 51 24 59 43 37 16 72 64 33 78 62 18 39 47 13 32 26 70 60 14 45 67 22 20 68 2 42 74 46 31 50 36 48 40 23 35 11 25 15 65 81 58 41 9 1 8 7 79 44 34 3 80 61 73 66 6 21 30 53 69 10 49 75 63 
54 59 23 27 18 30 28 50 9 25 22 32 37 38 56 4 35 3 81 75 61 42 12 36 7 8 31 74 64 51 21 72 48 79 49 15 39 29 6 80 16 77 53 52 1 71 33 66 67 5 41 76 63 62 60 17 26 78 43 47 69 40 11 19 57 24 20 55 10 58 70 14 34 68 45 44 73 65 46 13 2 
29 69 57 2 36 37 67 34 72 64 59 44 39 5 49 41 1 48 38 45 77 50 6 14 25 52 51 17 20 42 10 22 61 30 40 27 63 7 54 55 62 26 11 78 56 70 21 65 75 8 3 68 74 9 46 12 73 16 80 66 28 18 71 33 31 60 15 4 13 81 53 76 43 47 23 58 24 79 35 19 32 
8 32 63 65 74 1 19 15 61 6 9 13 40 45 80 10 78 42 79 21 66 35 60 57 29 71 69 77 46 25 38 76 52 16 43 56 44 5 3 27 37 58 31 50 59 53 81 73 24 34 14 7 28 4 30 33 54 72 20 70 67 75 39 12 47 68 2 17 23 49 22 11 51 62 55 64 48 18 26 41 36 
################proper############## 

 average_time = 229.323109 

 success runs = 1 

 total average iters = 3513013.000000 
