Success!!! 
 
 max_col = 
 81 
 
 run_time = 
 62.563051 
 
 once iters = 
 1000392 
 
16 13 25 20 51 21 73 36 50 62 28 23 71 46 55 37 4 27 17 65 68 35 14 53 19 78 12 40 2 11 3 70 32 48 7 61 41 26 56 38 49 29 63 54 43 34 18 5 1 64 24 76 47 33 74 58 72 57 15 31 10 60 66 39 80 52 75 6 22 9 79 30 42 67 69 81 8 45 59 77 44 
2 17 53 3 52 42 81 11 12 8 36 45 43 26 22 6 66 14 60 23 33 47 56 34 5 64 49 77 13 16 72 62 30 25 18 9 15 76 75 31 73 48 67 46 71 21 57 68 79 69 44 28 35 20 7 54 61 51 37 39 78 38 65 59 41 19 55 40 29 63 27 1 58 4 70 80 74 10 50 32 24 
8 45 40 26 62 66 18 69 37 67 3 64 44 76 7 29 79 16 9 24 52 38 59 10 50 11 15 22 31 46 57 63 78 6 27 5 60 1 13 47 80 34 65 23 21 81 70 41 73 39 49 77 30 53 28 42 2 4 19 48 33 55 14 32 54 56 58 51 25 43 35 74 71 12 68 36 20 17 75 61 72 
27 80 63 6 32 74 57 9 78 18 75 68 61 30 56 1 58 54 70 73 55 13 76 22 2 29 7 39 10 36 38 52 50 42 23 33 72 37 59 40 51 20 69 44 25 19 67 14 12 46 16 43 15 45 17 62 49 41 34 21 24 26 77 5 28 60 4 11 8 66 81 71 3 48 47 53 65 64 79 31 35 
5 67 30 59 68 24 75 48 76 38 49 47 78 19 39 51 25 77 66 79 21 71 63 72 18 16 62 35 55 44 54 58 41 4 60 65 70 2 6 50 11 27 9 22 33 13 32 8 61 40 74 80 17 23 3 69 81 46 1 52 29 12 53 10 14 45 31 20 36 64 26 42 57 73 28 56 37 34 43 7 15 
23 41 54 38 55 34 35 39 29 53 42 74 57 70 59 12 21 10 3 67 25 28 77 46 69 58 32 64 20 47 79 15 56 24 66 71 17 14 36 61 8 81 19 16 30 4 7 31 26 75 48 6 51 60 80 27 50 40 44 11 43 45 73 68 37 2 78 18 65 62 72 13 1 33 22 5 49 76 52 9 63 
49 10 31 61 15 64 43 60 33 69 2 40 73 5 41 65 50 35 48 45 80 20 1 4 8 26 44 19 59 14 29 51 34 76 12 81 42 3 32 74 28 78 24 52 66 22 72 11 55 58 37 63 9 62 56 71 36 47 75 13 25 79 68 7 16 17 23 77 70 57 53 67 27 18 30 21 39 38 46 6 54 
1 46 79 70 71 72 58 14 47 31 52 15 81 9 11 17 80 48 74 51 61 30 57 43 37 54 6 28 53 69 73 26 67 75 45 21 4 62 64 7 39 68 10 77 35 65 66 29 3 56 36 25 27 42 8 32 22 16 63 20 18 5 59 33 38 44 50 49 24 76 12 34 19 2 13 40 78 60 55 41 23 
4 19 56 44 28 22 7 65 77 63 24 34 33 13 32 60 72 20 39 42 41 36 40 75 81 27 31 80 68 8 37 17 49 1 43 74 57 45 53 5 55 18 58 12 79 78 59 52 38 2 50 10 54 71 76 67 64 70 6 30 35 23 9 48 15 47 21 46 69 61 73 3 62 16 66 25 14 29 11 51 26 
80 20 24 40 9 71 66 79 11 36 70 50 58 34 54 14 63 5 6 53 51 17 52 78 56 61 21 45 38 28 69 60 1 47 65 3 74 72 25 27 43 8 32 2 76 12 73 46 49 67 59 81 7 30 4 10 39 44 33 35 37 15 48 64 19 13 77 41 57 31 55 29 16 68 75 18 26 62 23 22 42 
18 43 49 31 35 10 78 15 65 16 32 66 20 22 67 2 51 21 41 14 75 48 34 19 25 68 63 26 36 59 8 80 27 9 61 55 53 47 62 81 12 73 5 58 57 6 13 28 23 33 45 60 38 11 79 64 24 54 71 42 77 70 56 52 39 46 69 4 44 3 17 72 76 7 29 50 30 37 40 74 1 
47 7 3 5 14 68 50 74 75 77 11 46 37 71 62 10 6 13 2 29 15 57 30 60 16 72 23 25 49 63 32 19 42 58 73 76 34 4 55 66 61 41 31 80 28 20 36 39 54 43 26 35 79 9 18 17 51 78 21 81 40 69 12 22 24 27 38 45 59 1 67 53 44 56 33 65 52 48 8 70 64 
56 22 39 33 76 62 36 37 34 55 74 81 12 1 60 59 31 42 47 49 10 43 66 67 27 73 28 53 57 79 68 4 29 52 48 24 26 71 44 54 3 63 15 69 7 50 5 58 64 51 40 65 19 75 16 25 23 80 61 46 38 11 8 2 78 32 20 70 35 18 30 9 6 45 41 17 72 77 13 14 21 
54 32 48 46 59 19 63 70 69 23 65 49 80 75 47 26 61 57 31 35 8 45 20 81 13 9 5 37 21 18 17 77 64 39 16 12 79 30 14 67 29 33 6 1 78 3 15 44 68 52 27 4 22 66 72 41 76 50 28 74 53 58 7 56 10 36 34 71 62 25 42 40 43 38 24 11 55 73 51 2 60 
13 28 73 67 77 16 8 6 38 64 9 18 68 56 72 33 27 79 1 7 71 39 32 76 54 44 55 14 5 30 50 40 51 74 2 15 10 11 24 36 19 75 21 70 22 41 48 62 17 80 42 78 25 37 60 45 57 65 29 3 31 20 52 49 23 63 43 26 12 58 66 47 53 59 46 61 35 4 69 81 34 
29 57 23 45 17 26 55 27 2 7 73 19 24 38 43 52 15 39 65 33 22 3 4 37 11 12 77 71 44 66 78 41 35 62 70 10 46 40 9 42 64 59 13 56 18 69 76 21 53 72 31 16 61 63 36 14 32 34 67 6 47 1 30 60 74 75 81 50 48 8 51 68 54 49 79 20 28 25 80 5 58 
30 81 72 4 58 52 1 41 61 25 35 78 8 29 53 45 28 44 18 46 26 42 64 69 40 74 80 20 11 75 13 23 33 22 6 43 50 17 48 60 77 65 51 68 38 47 34 24 2 14 32 70 57 56 66 49 19 27 73 59 62 9 55 37 79 16 7 76 54 21 15 5 31 63 10 39 12 3 36 71 67 
60 64 42 12 44 53 21 51 25 40 76 48 30 69 4 41 17 3 24 36 38 58 79 62 59 50 70 72 81 7 34 46 31 56 54 67 52 35 39 37 20 23 49 45 16 1 8 71 10 74 77 55 18 29 5 13 26 43 68 2 75 22 63 6 61 28 73 80 33 14 11 65 9 66 27 78 57 47 15 19 32 
36 18 29 68 65 57 31 77 64 60 66 20 50 12 34 62 52 49 76 9 7 22 8 71 43 24 3 41 47 4 61 59 53 69 35 40 30 58 70 55 67 72 2 13 81 38 80 33 25 63 6 14 46 44 48 37 42 26 5 73 45 75 19 51 17 74 32 23 56 28 54 39 79 27 15 1 16 21 78 11 10 
20 9 27 55 70 43 62 1 8 15 78 3 51 7 36 30 41 23 50 44 69 54 25 45 39 67 81 58 80 5 33 13 73 65 19 46 38 77 4 63 79 10 37 60 26 17 31 64 75 47 21 74 56 12 14 11 34 2 16 24 49 71 76 29 35 40 22 52 72 59 61 57 18 42 6 48 66 32 28 68 53 
67 14 17 80 19 4 5 23 39 48 33 53 76 45 38 11 32 58 59 27 60 63 65 47 21 13 64 56 34 77 36 28 62 51 31 2 24 42 61 78 71 12 52 40 15 9 20 37 16 68 10 29 66 57 50 22 46 30 7 18 69 74 79 70 6 81 26 44 1 73 8 55 35 43 72 3 54 75 25 49 41 
81 35 12 52 11 28 34 46 22 44 40 25 5 4 61 69 75 24 79 56 72 80 37 32 58 38 19 49 76 3 18 8 68 15 42 17 23 21 54 48 59 9 39 51 73 43 1 30 7 45 2 26 77 27 78 65 13 60 66 36 64 10 6 31 33 53 67 63 14 71 41 16 20 62 57 74 29 50 47 55 70 
48 73 45 50 75 61 47 56 49 80 19 67 2 64 63 54 57 28 33 1 11 70 55 15 36 23 46 16 27 74 81 39 22 72 30 37 5 8 43 35 76 32 14 6 3 62 40 59 18 65 79 42 53 69 29 68 20 38 4 44 41 31 25 13 77 21 12 58 78 10 7 66 60 24 52 51 17 71 26 34 9 
76 53 6 16 10 13 37 63 30 21 39 35 26 17 9 72 46 71 68 75 66 78 12 40 14 4 42 7 1 45 67 38 44 54 79 29 47 57 11 33 50 19 25 65 74 52 55 22 41 61 28 58 49 48 27 51 56 32 43 70 59 81 62 15 60 3 18 36 5 20 34 24 8 23 2 77 73 31 64 80 69 
42 25 71 69 54 7 32 26 41 37 18 8 31 59 74 16 29 56 5 20 28 77 10 2 51 57 48 52 63 60 70 78 43 14 75 6 49 44 80 53 17 36 66 34 62 73 4 23 11 24 67 3 50 72 61 15 47 1 39 55 9 21 35 27 65 38 76 30 64 19 68 79 12 81 45 22 40 58 33 46 13 
79 66 21 51 38 44 74 33 15 47 27 70 55 73 14 22 68 43 29 6 34 52 16 49 26 18 30 48 24 57 12 50 10 23 11 64 20 28 31 56 1 46 7 75 41 71 60 13 32 35 78 8 81 5 40 72 67 3 17 53 58 77 54 80 25 42 62 69 9 2 37 45 59 36 65 76 19 63 4 39 61 
24 78 60 2 40 3 72 59 58 79 81 1 65 77 42 13 10 6 53 61 74 41 31 35 17 62 73 32 9 71 21 55 26 20 25 66 69 18 16 29 68 22 45 27 64 15 19 51 39 76 34 54 36 70 57 8 28 12 80 63 23 52 33 47 46 4 48 43 75 11 50 49 38 5 56 14 67 7 30 44 37 
6 16 35 21 23 17 79 8 24 9 43 10 29 72 15 50 34 81 73 68 58 19 47 30 76 1 67 27 48 25 14 45 4 66 22 20 51 54 12 32 7 42 28 5 63 11 77 2 36 41 71 38 80 13 52 60 70 69 74 62 57 18 61 75 40 33 49 59 3 26 46 78 55 39 37 64 31 44 53 56 65 
59 44 52 28 1 50 70 18 51 71 6 39 46 62 75 48 13 40 16 63 36 14 33 21 74 65 78 43 61 34 10 49 3 60 64 7 76 55 35 79 72 11 20 30 2 66 24 12 9 19 53 17 37 25 31 26 29 42 58 77 80 68 81 38 4 41 15 27 73 69 56 32 22 57 5 47 23 8 54 67 45 
37 11 43 39 45 20 56 25 19 51 77 7 36 74 27 5 67 55 80 13 18 61 75 9 41 69 66 21 62 32 35 65 40 38 15 63 29 53 58 49 44 64 78 8 24 76 54 70 6 3 73 59 26 10 71 46 30 33 12 22 34 72 16 57 48 50 79 31 81 17 47 23 68 52 42 2 60 28 14 1 4 
61 74 14 77 64 2 13 73 3 4 54 52 42 53 70 47 8 59 22 32 35 23 7 6 71 51 40 78 28 68 76 69 39 41 36 18 75 10 17 19 66 57 16 37 60 45 63 43 29 21 81 31 55 46 9 48 38 79 56 15 20 50 49 12 5 24 72 34 67 65 1 44 26 25 58 27 80 11 62 33 30 
40 58 81 30 47 80 15 57 7 56 69 12 23 41 24 25 2 31 10 34 62 79 39 54 46 28 4 44 74 26 16 42 11 50 33 13 73 9 67 21 65 77 22 18 1 48 61 20 72 27 64 75 60 49 45 5 43 59 35 76 6 32 3 14 8 66 68 53 55 37 70 52 78 19 63 38 36 51 29 17 71 
46 75 68 60 34 48 4 32 9 76 21 30 79 65 64 35 38 80 37 59 53 25 44 27 42 8 43 12 52 19 71 47 81 77 29 31 56 13 26 62 14 69 50 33 45 5 23 57 51 7 39 22 78 58 55 66 54 11 41 1 17 63 67 74 20 61 36 28 10 16 2 6 72 40 73 70 18 15 49 24 3 
26 69 55 72 49 76 71 12 31 22 16 61 60 78 28 66 73 18 20 2 45 15 17 57 77 5 11 1 70 67 80 56 37 46 24 75 25 74 3 4 36 40 48 38 47 68 79 65 14 8 62 33 42 52 51 39 27 64 53 23 44 7 21 9 63 58 30 29 13 35 19 54 41 6 81 32 34 43 10 50 59 
38 5 66 41 63 78 33 62 10 57 45 58 11 68 1 20 44 19 26 3 12 50 60 70 55 49 29 59 73 54 53 72 2 17 9 51 71 31 81 52 23 6 43 39 27 74 47 35 30 34 56 15 32 67 37 4 8 24 40 14 28 65 36 76 18 22 64 25 21 42 80 77 48 79 16 13 75 46 61 69 7 
53 36 22 54 27 29 65 42 67 49 63 26 14 37 33 32 3 17 52 64 48 31 81 24 72 56 38 57 8 6 58 79 55 30 5 23 61 80 46 41 15 70 34 59 68 16 28 1 40 50 18 44 69 4 73 2 75 25 47 78 19 13 10 43 62 11 71 39 45 7 60 51 74 9 12 66 21 35 20 76 77 
78 23 44 81 67 36 16 40 42 1 20 77 6 58 48 28 55 51 75 60 47 53 35 65 45 3 25 29 50 73 41 37 18 70 49 26 39 63 33 30 34 15 61 62 10 32 56 80 46 57 43 64 2 17 59 21 9 52 8 69 7 54 71 11 27 5 19 14 79 13 74 22 66 72 38 68 24 12 76 4 31 
28 39 34 56 73 15 77 72 74 10 41 59 7 14 71 49 64 65 27 19 40 69 43 48 1 33 61 51 35 58 66 68 80 67 32 52 37 22 50 8 21 44 18 79 36 53 11 76 31 78 47 62 5 54 42 16 25 81 45 4 2 6 70 23 9 57 17 38 26 75 24 12 13 29 60 63 46 20 3 30 55 
43 50 26 1 31 8 38 29 13 17 67 33 35 54 81 21 18 12 55 10 9 11 74 79 24 6 36 62 4 40 30 7 48 45 46 53 68 56 5 72 42 51 47 76 49 58 3 19 52 23 61 39 70 15 44 73 80 28 65 32 66 27 34 63 69 20 60 64 16 77 59 2 75 22 25 71 41 14 37 78 57 
25 27 61 18 5 47 45 54 32 75 44 73 63 11 3 80 56 50 12 41 17 76 70 16 28 37 57 8 23 15 9 22 60 19 1 79 31 24 74 46 58 14 55 67 6 33 42 72 21 36 30 66 48 34 68 78 40 13 20 38 26 29 64 62 51 71 10 65 4 39 49 7 81 77 35 52 59 69 2 53 43 
68 4 11 7 60 63 3 21 79 30 22 2 38 47 46 34 43 72 64 15 20 51 13 18 23 66 59 36 17 24 39 33 65 27 14 56 1 25 73 69 40 16 41 32 77 28 71 55 81 37 12 45 67 8 75 35 62 74 57 50 5 19 31 53 52 6 29 78 61 54 76 58 70 44 80 9 42 26 48 10 49 
55 70 64 76 69 75 59 71 57 68 29 24 15 25 13 27 9 37 34 22 54 62 72 56 30 81 52 5 42 21 43 44 28 12 10 16 3 78 19 11 38 2 60 35 23 49 65 26 74 20 4 79 73 7 53 77 63 39 36 51 14 41 18 50 67 80 33 48 66 45 31 46 32 61 8 6 58 1 17 40 47 
41 49 65 10 6 30 48 19 80 78 61 69 74 79 40 70 36 62 58 77 4 32 73 44 7 39 71 3 72 31 63 64 20 2 13 57 66 81 27 45 53 52 26 9 29 75 38 25 35 1 68 18 14 59 22 24 17 76 60 33 12 46 37 28 43 55 56 8 42 47 21 15 34 51 67 54 50 16 5 23 11 
9 2 37 14 66 35 12 52 46 19 8 60 16 23 76 53 39 32 63 5 31 49 29 80 67 42 26 38 78 61 25 81 59 11 71 54 28 65 20 17 48 7 57 4 75 24 10 69 22 77 51 50 13 6 47 56 58 15 3 79 55 30 43 36 68 72 70 1 34 40 44 41 64 74 18 45 33 27 21 62 73 
62 51 58 17 53 33 22 24 20 52 5 42 4 31 45 57 26 66 8 21 46 68 50 38 78 2 14 75 6 76 55 74 77 34 69 47 13 59 71 64 70 80 12 43 54 60 41 63 44 16 9 27 29 40 49 23 48 67 10 72 11 61 1 18 3 35 37 73 32 30 25 81 7 65 39 79 15 19 56 36 28 
63 24 69 47 80 37 11 17 14 81 15 22 59 43 31 78 54 60 71 16 13 9 53 41 3 34 50 65 19 12 28 30 6 8 4 62 48 61 21 1 33 5 64 29 58 39 46 56 42 38 55 7 40 51 2 70 35 18 77 66 52 76 27 73 57 26 25 10 68 72 32 36 45 75 23 67 44 49 74 20 79 
39 1 18 42 26 46 19 16 68 27 13 37 56 66 50 8 11 67 40 43 23 29 49 5 15 75 2 17 32 22 59 25 7 55 3 80 9 36 41 76 78 45 73 14 70 61 21 74 48 31 72 20 52 35 33 38 53 6 81 28 30 4 47 77 44 34 54 79 60 24 71 63 69 64 62 58 10 57 65 12 51 
73 6 2 57 13 9 44 78 66 72 1 16 47 21 12 79 77 7 4 11 67 33 80 39 52 32 54 68 43 53 51 75 74 36 63 69 62 34 8 25 56 60 38 26 17 30 27 49 58 28 5 71 10 81 15 40 14 31 24 64 65 59 50 42 76 18 46 3 23 41 45 20 37 70 48 35 61 55 22 29 19 
32 38 76 43 7 45 23 35 28 26 57 80 70 10 52 55 20 33 81 74 1 24 19 42 62 48 65 31 46 29 44 9 13 18 40 72 6 39 30 15 54 4 27 63 67 79 22 75 50 60 17 47 3 16 69 34 41 73 11 71 61 56 58 66 12 49 53 2 51 78 64 37 77 14 36 8 25 59 68 21 5 
21 71 50 75 22 79 67 30 72 28 38 65 40 6 35 36 24 68 14 37 70 7 27 59 57 31 20 42 60 41 49 10 58 5 76 11 12 51 18 13 69 66 74 55 44 80 25 15 77 73 8 23 64 43 62 29 78 45 54 9 63 48 26 17 47 1 16 56 19 52 4 61 33 46 53 34 32 81 39 3 2 
52 34 8 62 12 51 53 64 5 29 25 14 49 61 19 4 42 30 45 18 44 46 58 73 47 10 17 15 33 48 2 57 16 71 78 38 43 32 22 77 81 28 79 3 65 70 26 66 13 11 63 68 59 41 20 1 74 36 23 67 21 37 72 69 75 39 80 55 31 50 6 35 24 76 9 7 27 56 60 54 40 
70 40 41 74 20 65 25 58 4 2 53 17 48 3 73 44 76 45 38 72 6 21 61 51 66 79 69 34 77 56 64 54 52 81 39 35 59 50 23 75 24 71 68 19 42 57 37 78 62 9 1 67 33 36 10 80 60 7 55 12 46 49 32 30 22 8 13 5 11 29 14 27 63 28 26 15 47 18 31 43 16 
10 29 15 36 48 81 60 31 55 41 51 63 9 39 5 58 62 34 77 26 64 12 22 25 68 76 56 73 79 23 45 21 47 61 37 27 35 46 57 20 2 53 80 49 52 18 69 6 4 54 65 32 24 14 19 75 44 17 13 8 3 16 42 67 70 59 28 7 40 74 43 33 50 71 11 72 1 30 66 38 78 
3 33 77 49 56 59 54 61 27 46 64 71 32 18 23 74 69 75 28 55 78 60 36 63 35 30 8 24 14 70 1 20 66 26 67 50 11 7 72 16 10 47 40 31 37 2 53 34 76 44 29 12 45 19 39 79 5 68 22 25 51 43 57 81 21 48 65 9 58 15 38 62 4 41 17 73 13 80 6 42 52 
50 76 13 66 21 58 17 10 23 70 34 36 69 27 8 67 14 41 61 80 32 1 11 33 29 35 79 47 12 65 48 73 15 49 68 78 16 20 28 44 74 26 77 25 56 63 51 7 71 42 57 9 75 24 6 55 4 19 64 43 60 40 38 45 72 31 2 54 46 53 3 18 39 30 59 62 5 52 81 37 22 
65 59 74 11 18 1 28 81 63 42 46 62 45 32 58 19 35 29 15 54 16 73 6 68 60 21 27 61 71 33 20 53 75 3 41 25 64 67 52 43 5 76 36 57 14 37 2 17 56 70 66 34 44 55 23 50 77 48 26 80 39 47 69 79 30 51 9 13 49 22 78 8 10 31 7 24 4 40 12 72 38 
22 72 7 27 29 70 24 44 45 6 59 31 53 80 30 15 48 52 42 62 19 40 9 64 65 17 76 79 16 55 4 34 14 43 81 8 78 41 49 23 60 38 33 71 12 26 50 61 67 18 54 46 11 3 35 36 66 75 32 10 68 57 13 20 58 69 39 47 37 5 77 73 2 21 1 28 51 74 63 25 56 
57 37 36 71 33 55 9 80 16 3 72 75 39 40 44 76 12 64 51 47 5 81 45 28 38 46 13 70 54 2 52 31 69 21 77 1 63 66 42 59 32 30 4 53 8 27 43 60 15 6 23 49 68 74 58 7 73 62 25 61 22 34 78 19 50 29 24 35 17 48 10 56 11 26 14 41 79 67 18 65 20 
19 26 47 25 30 14 46 67 54 66 68 79 22 55 17 7 60 74 56 31 49 75 3 50 10 20 39 18 29 72 42 24 9 13 57 36 81 6 15 34 27 21 11 61 80 77 64 48 45 5 35 53 28 76 41 12 37 71 52 65 8 2 51 44 59 62 1 16 63 4 40 38 23 78 32 43 69 70 58 73 33 
69 61 5 32 41 31 68 20 60 33 56 13 10 2 18 24 71 11 36 78 37 59 48 26 34 43 74 50 40 51 22 66 63 44 38 28 45 70 79 65 46 3 35 73 55 72 58 16 47 62 19 52 4 39 81 76 1 14 30 54 67 17 29 21 64 7 42 12 27 23 57 25 15 80 49 75 53 9 77 8 6 
15 56 78 48 2 73 39 3 53 65 26 54 77 20 57 43 23 4 69 25 30 55 18 7 22 52 72 74 67 35 6 11 45 10 17 58 40 19 37 51 62 24 75 50 9 59 14 38 8 12 41 21 1 31 63 44 16 5 42 49 79 33 46 71 36 76 66 32 80 81 28 70 61 34 64 60 68 13 27 47 29 
34 8 51 64 79 77 49 38 43 5 50 28 1 81 21 63 78 47 57 70 14 4 41 66 12 53 58 23 26 37 27 32 19 7 62 30 2 29 68 39 22 13 72 17 31 36 33 10 69 25 80 40 65 73 24 18 59 56 9 45 74 3 20 61 55 15 52 67 6 60 75 11 46 35 71 42 48 54 44 16 76 
12 42 62 35 4 40 52 75 6 61 37 9 25 51 16 73 49 38 23 71 63 2 67 8 44 77 24 76 56 39 60 5 46 64 80 59 18 48 1 10 47 58 54 7 69 29 81 79 78 32 13 30 20 22 21 53 31 72 70 27 15 28 11 65 26 43 41 68 74 34 33 14 36 55 50 57 3 66 19 45 17 
74 21 75 37 39 41 29 47 36 35 14 32 67 33 49 64 22 2 62 28 59 6 38 61 53 60 16 10 7 43 46 27 70 80 50 77 55 12 66 71 26 56 76 11 5 44 30 42 24 17 15 72 34 79 1 57 18 63 78 58 54 73 4 25 81 23 8 19 52 51 20 31 65 3 40 69 9 68 45 13 48 
64 60 67 58 3 69 80 34 73 24 79 6 21 63 29 46 30 26 7 48 65 8 78 52 32 36 10 54 41 9 15 12 76 59 53 42 27 43 38 18 75 61 1 81 19 31 35 45 70 66 25 5 71 50 77 33 11 20 62 56 72 44 74 4 2 68 40 37 28 55 13 17 49 47 51 23 22 39 16 57 14 
14 30 33 53 43 11 76 49 62 50 4 27 41 15 65 77 40 9 44 66 29 18 51 1 70 71 68 2 39 17 56 36 25 57 72 60 32 64 78 3 16 37 8 42 13 55 12 73 63 10 20 61 23 26 34 19 45 21 46 75 81 67 22 24 7 79 59 74 47 6 69 48 52 58 54 31 38 5 35 28 80 
31 48 59 63 50 12 26 4 52 45 10 51 34 44 68 39 16 73 30 57 43 64 54 58 33 14 37 6 75 13 47 3 79 32 28 49 77 15 65 2 9 74 23 21 46 67 62 27 19 22 76 41 8 1 38 61 71 35 69 7 36 53 40 78 56 70 5 42 18 80 29 60 25 17 20 55 11 24 72 66 81 
77 65 32 79 8 6 42 5 40 13 23 72 17 48 20 31 1 61 11 50 81 27 2 55 80 15 75 4 58 78 24 35 71 68 21 73 14 33 69 22 30 62 53 41 34 54 39 47 57 49 38 51 74 28 25 9 52 10 59 29 70 64 60 26 45 12 3 66 76 67 16 43 56 37 19 44 63 36 7 18 46 
7 54 19 24 46 25 27 28 17 43 58 11 75 52 66 56 53 78 13 39 79 74 42 23 9 40 47 30 65 81 5 14 8 63 51 48 67 68 45 57 35 49 70 72 20 64 29 18 60 4 69 37 6 21 26 31 3 55 76 16 50 80 2 1 32 77 44 22 38 36 62 10 73 15 34 33 71 61 41 59 12 
72 68 10 23 81 56 51 22 35 74 60 5 62 57 69 18 7 36 49 12 76 26 24 17 20 25 34 55 37 1 19 29 38 31 52 45 80 73 63 58 4 79 44 28 59 46 9 40 33 13 3 11 16 78 43 6 15 66 48 47 32 8 41 54 71 65 14 61 53 27 39 21 67 50 77 30 2 42 70 64 75 
45 55 9 13 16 18 61 2 71 54 12 38 28 42 80 81 19 70 72 69 3 5 46 31 73 41 22 11 66 20 74 67 23 40 26 44 7 52 47 6 25 50 29 10 51 56 68 32 59 48 14 36 43 77 65 30 79 37 49 17 27 24 39 35 34 64 63 57 15 33 58 75 21 8 78 4 76 53 1 60 62 
44 15 70 78 57 38 20 66 1 59 47 55 3 8 25 71 37 76 19 4 56 67 21 77 63 45 35 69 18 64 62 16 61 33 34 22 54 60 40 24 31 39 17 36 48 7 52 53 80 81 75 2 58 65 13 28 12 23 51 68 42 14 5 46 73 30 11 72 41 49 9 50 29 10 74 26 43 6 32 79 27 
33 52 1 19 25 32 2 53 18 12 55 56 72 60 78 38 5 8 43 58 57 10 26 11 75 80 51 67 45 62 23 48 21 28 44 41 36 27 29 73 37 35 46 66 4 14 6 50 34 30 7 13 63 68 64 81 69 49 79 40 16 42 24 3 31 9 74 17 20 70 22 76 47 54 61 59 77 65 71 15 39 
11 3 20 65 72 49 41 76 48 14 71 29 66 24 77 75 45 15 25 30 2 37 68 74 4 22 60 9 64 42 7 6 5 73 55 19 44 23 34 80 63 54 81 47 39 35 17 67 43 26 33 56 12 61 46 59 21 58 18 57 13 51 28 16 53 78 27 62 50 32 36 69 40 1 31 10 70 79 38 52 8 
75 47 28 34 78 54 40 13 70 11 62 4 52 16 2 23 59 25 67 81 73 56 15 29 64 19 18 60 3 80 77 1 12 35 8 14 22 79 51 68 6 31 71 24 32 42 49 9 65 55 58 69 39 38 30 74 33 53 27 5 76 36 44 41 66 10 61 21 7 46 63 26 17 20 43 37 45 72 57 48 50 
17 12 16 15 24 5 10 68 21 39 30 41 19 67 51 42 65 22 46 40 77 72 69 3 79 63 53 66 25 50 75 71 36 78 20 70 58 38 76 14 52 1 62 74 61 8 44 4 27 59 60 73 31 64 32 47 7 29 2 37 48 35 45 34 11 54 57 81 43 56 23 28 80 13 55 49 6 33 9 26 18 
35 31 80 8 36 27 6 43 81 73 7 57 64 50 10 61 33 69 54 38 42 44 28 20 49 59 9 13 51 52 11 2 17 79 58 68 19 16 60 26 41 55 30 78 53 25 74 77 37 29 70 48 21 47 67 3 65 22 72 34 71 62 15 40 1 14 45 75 39 12 18 4 5 32 76 46 56 23 24 63 66 
58 79 46 29 37 39 69 55 59 32 48 76 54 28 26 9 47 63 35 17 50 34 5 13 31 70 45 81 30 49 65 61 72 16 74 4 21 75 10 12 57 25 56 15 40 23 78 3 20 53 22 24 62 18 11 43 68 77 14 41 1 66 80 8 42 67 6 33 71 38 52 64 51 60 44 19 7 2 73 27 36 
66 63 57 22 74 67 30 7 44 20 31 43 27 35 37 40 81 1 21 8 24 16 71 14 6 55 41 33 69 38 26 18 54 53 56 32 65 49 77 9 13 17 42 64 72 51 45 36 5 79 46 19 76 80 70 52 10 61 50 60 4 39 23 58 29 73 47 15 2 68 48 59 28 11 3 12 62 78 34 75 25 
71 62 38 73 42 60 14 45 26 58 17 21 13 36 79 68 70 46 32 52 39 65 23 12 61 47 33 63 22 27 40 76 57 37 59 34 8 69 7 28 18 43 3 48 50 10 16 81 66 15 11 1 72 2 54 20 6 9 31 19 56 78 75 55 49 25 51 24 77 44 5 80 30 53 4 29 64 41 67 35 74 
51 77 4 9 61 23 64 50 56 34 80 44 18 49 6 3 74 53 78 76 27 66 62 36 48 7 1 46 15 10 31 43 24 29 47 39 33 5 2 70 45 67 59 20 11 40 75 54 28 71 52 57 41 32 12 63 55 8 38 26 73 25 17 72 13 37 35 60 30 79 65 19 14 69 21 16 81 22 42 58 68 
################proper############## 

 average_time = 62.563051 

 success runs = 1 

 total average iters = 1000392.000000 
