Success!!! 
 
 max_col = 
 81 
 
 run_time = 
 59.481140 
 
 once iters = 
 1001023 
 
55 27 66 20 4 22 65 33 40 13 7 15 26 64 78 52 25 24 47 41 23 35 36 76 68 11 18 16 9 3 49 50 29 32 12 28 31 45 43 19 60 44 1 59 6 56 46 21 81 14 39 77 34 10 72 38 5 62 69 67 58 74 79 53 2 30 61 51 42 80 57 73 70 48 8 37 54 17 63 75 71 
5 1 24 54 53 13 34 16 59 30 55 31 12 68 81 6 61 60 3 33 9 4 28 79 51 46 63 14 77 47 73 67 36 58 19 75 2 35 57 17 11 48 22 49 20 37 72 64 38 44 18 80 66 25 10 43 45 23 41 8 65 40 29 56 15 7 52 78 32 26 71 70 69 21 76 39 27 74 50 42 62 
56 15 74 78 80 68 23 63 12 75 32 18 17 39 76 65 20 66 53 43 67 45 69 24 2 73 59 13 4 11 10 71 31 26 34 41 70 14 25 79 47 7 38 62 46 8 49 30 52 51 57 27 19 42 35 36 54 28 21 16 55 33 37 64 3 6 5 50 48 22 9 1 44 60 58 77 29 40 81 72 61 
19 69 18 64 14 49 48 43 72 54 11 27 51 36 37 10 71 73 34 26 1 39 17 50 38 7 74 62 40 70 56 8 46 30 63 42 33 41 81 21 5 75 9 68 3 60 16 79 24 61 76 22 29 32 12 13 2 52 80 78 57 31 6 23 47 25 55 20 77 65 44 58 59 67 45 66 53 4 35 28 15 
8 44 47 7 81 79 60 46 73 35 74 58 42 53 28 43 56 2 16 22 61 80 77 30 25 37 71 38 45 27 18 48 52 39 68 72 34 67 23 32 15 29 10 54 65 40 63 26 9 36 6 75 4 31 59 64 51 1 20 50 3 70 76 66 69 24 17 33 21 49 14 62 41 11 55 19 78 57 12 5 13 
51 41 37 28 17 30 62 50 21 47 1 8 14 48 29 67 16 9 40 60 78 70 65 58 32 75 31 7 76 35 57 5 69 15 64 22 52 77 12 42 71 80 72 39 55 33 3 45 73 53 13 74 2 43 68 66 81 27 26 49 61 44 25 11 4 19 36 79 63 54 46 59 38 10 56 23 24 20 18 6 34 
67 29 42 36 77 10 35 6 45 50 44 40 4 70 5 62 22 38 19 66 81 72 57 21 52 12 54 33 74 2 80 65 55 20 25 51 73 63 56 61 78 53 13 76 69 59 1 47 41 15 71 58 23 68 11 14 9 7 17 48 24 18 46 39 75 8 60 34 37 31 27 28 43 26 32 79 16 3 49 30 64 
70 32 26 61 75 71 52 58 38 57 33 77 59 79 46 41 72 3 15 49 64 20 48 6 10 42 56 23 44 60 78 17 21 53 43 37 24 27 40 50 18 66 8 74 51 28 55 5 65 54 62 69 7 11 47 73 30 34 19 39 22 4 63 35 13 81 16 45 76 12 67 29 36 1 9 25 14 80 31 68 2 
2 25 31 57 9 11 76 3 39 19 80 49 23 21 45 69 34 63 13 29 44 14 5 27 62 55 8 81 66 1 79 59 61 6 24 54 37 16 28 30 36 26 64 58 4 12 50 48 20 35 67 17 78 70 42 15 77 32 75 60 53 56 71 74 41 18 68 38 40 10 43 72 51 52 7 47 22 33 46 73 65 
57 52 70 34 27 56 46 59 24 61 18 79 3 47 36 13 67 31 51 54 72 37 41 44 39 45 21 78 30 16 32 62 9 14 66 64 4 76 63 10 29 65 55 1 74 25 48 7 58 23 28 60 38 33 75 20 19 15 6 11 35 2 53 68 26 71 49 77 12 81 80 17 50 5 22 40 73 8 43 69 42 
12 43 7 76 73 33 44 32 48 51 19 50 20 10 54 5 21 28 29 52 2 49 60 80 46 59 35 6 23 75 68 63 41 38 56 31 22 8 14 34 66 62 39 13 40 78 81 24 53 3 55 45 16 67 36 9 42 58 27 77 37 65 4 18 64 69 1 11 15 61 74 30 72 57 71 70 25 47 26 79 17 
80 10 68 3 62 67 53 61 49 73 22 63 37 41 2 30 14 57 55 5 56 43 25 12 18 20 75 59 17 81 69 7 1 34 21 50 9 42 78 54 70 47 48 15 27 77 26 31 6 46 4 29 36 39 71 45 28 74 23 79 13 66 72 32 52 16 24 8 44 76 60 40 11 64 33 35 19 38 65 58 51 
25 13 50 39 35 2 40 38 42 59 70 4 75 44 80 66 32 26 14 9 74 33 6 7 15 24 1 65 57 53 52 77 3 28 61 49 36 5 58 45 51 20 73 19 67 63 64 72 71 69 22 11 54 8 78 16 47 18 76 17 62 68 30 55 56 34 23 43 79 41 48 37 60 81 27 31 12 10 21 46 29 
9 28 81 14 60 8 45 36 58 6 24 62 72 35 11 77 29 39 38 4 53 78 64 66 23 22 42 71 13 79 5 47 12 80 55 20 16 61 7 41 75 69 57 3 37 34 59 17 76 27 44 50 32 2 46 40 48 31 73 33 26 43 51 63 65 21 10 70 25 19 54 67 56 49 1 15 30 18 68 52 74 
16 20 29 71 1 72 63 4 31 25 8 65 74 34 27 53 42 45 17 28 77 57 68 47 81 58 3 44 60 24 70 76 18 46 37 36 12 56 11 43 64 2 49 30 26 62 52 13 19 80 75 15 40 79 38 5 61 21 50 41 69 10 55 7 33 59 22 35 73 51 66 6 48 78 23 14 39 32 54 67 9 
21 64 75 41 23 54 15 17 79 12 49 33 38 60 58 55 69 48 36 70 11 19 32 65 34 16 30 40 67 26 45 2 27 42 4 43 25 18 44 71 81 72 35 46 50 10 5 66 61 68 74 73 20 51 1 7 8 29 24 52 56 57 22 78 62 9 39 47 53 13 31 14 63 3 37 59 80 77 28 76 6 
37 6 78 69 19 66 5 77 11 76 46 16 7 17 43 56 64 15 67 62 63 71 26 10 40 8 79 73 51 25 74 58 35 72 22 48 53 31 59 80 52 68 33 23 60 21 9 18 47 30 1 57 65 41 39 81 70 12 14 54 44 32 49 27 45 29 28 42 3 38 50 75 13 24 2 4 55 61 34 20 36 
22 47 65 30 18 74 26 51 55 1 23 9 52 71 68 78 81 40 76 69 27 48 50 13 31 61 73 8 54 15 19 33 39 10 11 29 38 6 17 28 21 32 24 77 79 42 12 56 35 43 70 49 14 37 64 60 3 63 34 80 25 59 67 2 20 36 4 57 72 58 5 46 16 44 62 45 7 75 66 41 53 
42 49 56 37 67 57 33 62 53 34 14 44 55 28 32 19 27 59 20 51 30 9 54 2 41 13 17 3 81 5 21 75 23 7 38 77 47 80 4 16 12 8 40 26 1 22 69 58 68 64 29 35 73 65 74 78 72 43 46 25 31 63 36 52 76 39 50 66 10 60 15 79 24 18 61 11 48 71 6 70 45 
41 24 5 63 20 3 59 27 25 78 69 54 40 38 66 60 65 22 28 12 19 34 8 35 37 15 58 79 80 76 46 56 6 45 2 33 74 75 48 53 77 55 70 31 52 61 30 81 43 11 9 7 50 71 18 32 73 13 68 42 67 49 17 1 23 72 57 21 16 4 51 44 14 62 64 29 10 39 47 36 26 
65 74 51 35 55 75 71 76 80 16 62 43 50 29 26 23 6 21 33 73 14 42 63 60 47 4 22 11 31 8 13 18 54 64 44 24 10 19 66 81 9 56 78 79 36 27 15 2 70 45 72 25 48 3 77 37 59 20 39 57 34 1 12 5 49 46 7 17 58 30 61 41 52 28 53 32 68 69 40 38 67 
45 79 17 6 15 40 18 52 47 71 72 1 57 75 67 31 12 76 80 77 5 38 29 78 7 65 68 69 49 63 16 36 43 48 60 66 28 73 64 25 42 22 2 14 61 51 62 39 10 59 8 34 13 46 55 27 41 70 58 4 21 3 23 26 74 32 53 24 11 37 81 56 30 33 44 50 9 35 20 54 19 
11 81 21 1 28 44 36 12 32 77 58 61 10 46 47 63 53 35 45 39 70 55 27 25 49 48 6 26 68 78 62 51 57 59 17 4 30 24 69 65 38 67 50 72 71 31 37 74 54 33 60 23 42 40 19 56 7 5 15 9 80 64 52 14 22 75 13 2 43 20 29 18 8 34 79 3 41 76 16 66 73 
50 77 46 60 22 9 30 70 34 56 13 81 36 3 25 2 11 18 69 53 21 76 16 57 59 79 43 29 72 10 61 19 67 74 14 55 32 15 33 39 58 41 23 37 44 1 47 52 26 5 20 66 24 63 45 65 40 54 51 62 48 71 28 38 68 64 31 6 80 35 73 8 17 75 49 42 4 12 7 27 78 
14 8 48 66 64 23 54 2 78 68 42 39 24 7 49 73 45 52 44 61 3 11 31 1 72 50 26 37 58 9 22 32 28 40 30 47 62 21 5 20 13 51 46 35 18 57 80 4 77 41 38 12 56 17 16 53 69 6 79 29 10 76 75 71 27 33 70 67 19 55 36 34 65 63 81 60 59 25 15 74 43 
38 39 16 19 7 69 58 13 29 64 4 17 5 33 15 20 30 41 23 81 32 36 74 46 71 56 10 70 25 42 12 52 53 50 65 73 57 43 6 76 27 34 11 63 68 49 79 14 75 28 78 18 67 55 61 26 44 47 60 35 66 8 24 77 59 62 54 48 9 40 3 45 22 72 80 51 37 31 1 2 21 
4 72 73 43 61 31 68 26 10 74 48 80 79 37 70 51 9 8 64 18 24 52 62 67 75 66 40 20 39 71 35 41 34 27 1 15 45 17 29 7 59 49 3 60 54 36 6 44 16 32 53 19 76 21 50 22 14 33 2 38 11 30 81 28 63 78 25 69 65 47 12 42 55 58 46 56 57 23 13 77 5 
78 65 22 27 11 20 42 49 26 41 60 36 77 32 34 7 35 80 62 79 66 30 12 48 70 44 64 58 5 18 75 55 10 13 53 3 1 37 73 72 76 9 74 17 28 52 56 40 45 67 24 6 81 69 25 4 31 19 61 51 15 29 14 50 57 68 59 23 33 46 38 43 71 39 54 2 21 16 8 47 63 
64 16 69 9 31 15 56 21 77 37 54 6 1 52 14 71 76 13 10 25 35 65 2 11 5 47 29 74 59 12 28 45 22 51 57 39 49 44 50 4 43 33 67 36 78 19 7 70 79 20 68 61 30 53 40 8 46 72 38 63 75 34 27 24 66 58 73 3 55 42 18 26 23 17 60 62 81 41 48 80 32 
60 53 1 46 41 51 4 23 7 40 20 5 29 57 56 9 58 62 71 76 34 69 22 33 74 21 38 43 27 54 67 70 19 2 77 25 18 64 45 3 14 35 65 10 30 15 73 32 28 42 17 36 63 48 37 50 55 78 66 68 52 39 16 79 81 80 8 72 61 11 49 47 26 12 75 44 6 13 59 24 31 
29 35 28 45 44 61 6 48 18 23 17 21 65 50 22 15 51 12 60 8 59 46 75 3 42 72 9 24 79 31 64 81 62 33 26 32 68 7 53 27 16 52 80 34 2 13 78 25 55 38 47 54 77 5 67 10 71 41 56 30 76 69 43 4 70 74 19 40 1 36 39 63 66 14 73 58 20 37 11 57 49 
30 17 62 32 66 55 79 19 68 33 38 59 81 25 44 39 4 67 26 1 54 77 24 43 57 23 49 35 63 7 72 11 20 73 78 56 6 70 61 51 46 40 60 8 48 2 65 71 14 34 41 37 64 18 22 42 13 3 47 12 45 80 58 21 16 76 75 5 31 28 10 27 9 74 15 69 36 50 53 29 52 
73 33 2 8 39 76 57 47 74 46 75 24 43 69 19 26 63 10 52 78 55 6 56 45 4 40 50 49 36 44 17 37 16 61 48 60 23 66 77 13 22 31 15 42 25 58 29 12 72 21 80 1 11 27 9 79 65 59 18 20 7 81 35 67 51 41 71 54 62 14 53 32 34 30 38 68 5 28 64 3 70 
54 80 36 38 34 59 70 25 3 27 61 11 49 16 8 48 31 79 7 15 41 63 73 68 28 53 20 76 14 40 23 21 42 47 52 71 75 62 55 58 69 19 12 81 29 50 4 57 46 26 66 39 44 22 33 77 24 17 64 74 2 5 32 30 60 35 37 9 78 6 13 65 10 45 67 18 1 51 72 43 56 
13 5 14 52 37 12 43 10 81 72 3 73 78 74 53 64 66 55 31 17 18 67 39 16 58 32 27 30 1 34 50 68 80 41 6 8 71 57 79 38 24 63 47 20 21 9 75 60 62 76 33 59 51 49 26 44 23 11 36 70 54 28 48 15 77 56 45 25 69 29 2 7 61 65 42 46 35 19 22 40 4 
40 58 72 67 63 50 24 71 75 70 47 42 68 2 18 45 28 30 81 19 13 61 14 37 80 36 51 46 69 29 65 15 66 4 9 38 54 59 26 11 41 39 32 5 56 74 8 43 3 10 23 16 31 35 73 21 49 57 62 53 60 6 1 44 34 20 48 12 17 52 22 64 25 79 78 33 76 27 55 7 77 
58 60 6 21 36 35 72 31 20 14 63 45 47 30 75 25 26 5 79 67 76 56 80 32 65 71 41 17 55 61 37 28 40 43 8 34 15 2 62 46 19 3 4 18 77 39 74 78 42 57 54 70 27 9 81 51 1 38 52 13 73 7 50 48 53 44 12 49 68 66 69 11 33 23 59 10 64 22 29 16 24 
10 71 32 33 46 28 29 11 70 7 59 76 66 72 51 37 60 74 1 45 52 40 81 26 14 77 53 39 22 19 54 3 2 56 49 5 21 38 34 68 50 23 79 27 17 35 36 61 30 73 63 48 80 20 57 12 4 9 16 44 42 25 78 47 58 13 6 64 8 43 24 55 31 41 69 75 65 67 62 15 18 
1 55 39 2 68 25 51 56 27 31 29 22 61 11 6 3 46 69 59 57 4 17 7 36 24 33 62 10 26 48 15 13 64 78 50 21 58 71 42 8 28 12 43 41 32 65 23 67 49 66 81 76 60 19 14 63 34 77 5 40 74 53 54 80 38 45 30 18 75 72 37 16 73 35 20 9 70 79 52 44 47 
59 22 53 4 42 34 78 80 13 36 15 32 33 49 65 40 44 77 35 48 16 58 21 54 30 31 19 18 7 62 29 1 11 24 72 27 51 81 70 9 37 25 5 6 63 79 45 41 50 47 43 52 12 64 69 68 76 67 71 55 20 75 2 73 61 28 3 60 26 17 23 10 57 66 39 74 46 14 38 56 8 
62 45 67 81 40 16 7 66 61 4 43 71 27 54 10 18 1 68 12 50 38 22 9 75 73 69 55 32 33 80 60 25 79 35 70 58 72 47 20 74 44 64 56 65 76 14 53 8 15 17 77 26 6 29 24 3 36 39 59 23 28 48 11 31 21 52 2 41 46 5 34 57 42 37 13 49 51 78 19 63 30 
17 57 23 79 54 65 12 8 5 52 78 53 41 9 35 50 24 70 2 20 25 74 66 39 11 60 44 77 42 30 59 4 14 63 47 16 80 55 1 75 49 73 7 48 10 18 38 69 37 13 34 31 21 56 15 61 43 64 45 19 6 46 33 22 67 40 29 32 51 27 62 81 3 76 36 28 72 58 71 26 68 
74 26 52 77 48 37 3 69 9 80 16 64 67 19 38 17 8 81 42 23 46 18 72 29 27 78 28 57 12 36 6 73 68 66 51 44 39 11 22 35 31 14 30 61 13 32 24 59 4 2 10 55 1 75 49 47 56 65 70 21 41 58 62 25 50 15 20 76 71 63 79 33 7 40 34 53 43 5 45 60 54 
44 50 49 24 47 18 64 30 41 58 79 48 73 13 20 57 23 42 43 37 10 68 61 15 63 5 34 45 75 74 38 31 76 65 81 9 60 52 16 29 67 54 59 69 53 71 51 3 40 25 46 28 33 62 32 35 17 22 8 66 72 26 80 70 36 14 78 56 7 1 19 39 21 6 11 27 77 2 4 12 55 
75 63 76 15 43 14 38 73 19 39 56 2 21 12 62 28 55 34 8 64 51 47 70 49 3 6 13 67 41 23 53 20 71 52 69 46 78 26 24 33 40 45 36 66 57 44 11 22 7 72 16 68 5 58 31 18 29 79 30 10 27 37 60 9 54 65 77 4 59 74 42 35 80 25 48 81 61 1 17 32 50 
7 54 3 25 12 6 80 81 23 29 21 60 44 1 77 59 62 46 74 13 40 75 38 5 67 27 24 48 2 50 55 26 4 57 79 11 14 36 72 69 17 58 45 71 8 68 20 76 22 18 35 32 28 66 52 49 53 42 65 37 64 61 9 16 78 73 63 10 30 34 56 31 47 43 70 41 33 15 51 19 39 
31 67 59 40 16 63 14 60 57 49 34 55 25 20 7 80 5 23 77 72 26 66 46 56 79 18 2 1 61 33 30 39 75 17 36 74 42 10 37 78 6 27 62 73 11 3 19 65 64 50 21 38 45 24 29 48 58 68 54 47 71 41 69 76 43 22 51 15 4 70 28 13 35 8 12 52 32 81 9 53 44 
26 36 8 74 76 38 13 53 35 42 39 12 19 6 41 24 48 50 22 32 33 60 1 34 61 63 47 21 10 20 58 14 70 16 40 69 81 30 46 56 68 28 54 25 5 29 77 37 23 4 73 78 9 15 43 67 75 45 55 31 51 79 57 62 11 2 44 80 52 18 17 3 64 7 72 65 71 66 27 49 59 
47 75 43 42 56 48 37 39 62 28 73 10 15 26 72 61 79 14 11 80 69 25 71 53 20 68 57 52 18 22 27 44 8 31 3 76 63 1 67 40 2 59 66 33 19 55 70 6 13 58 51 41 74 30 34 24 78 4 32 81 36 23 77 45 46 12 65 7 64 9 35 49 5 29 50 21 38 54 60 17 16 
71 19 4 73 21 78 17 22 44 2 27 69 76 45 74 81 75 11 70 3 42 8 15 41 9 43 7 51 28 72 47 66 32 54 29 53 65 79 18 57 48 50 31 12 64 5 60 49 33 16 40 62 52 61 63 80 10 35 13 26 46 38 59 36 6 77 58 39 14 67 68 20 1 56 25 55 23 30 24 34 37 
33 9 10 49 32 27 2 34 66 53 68 37 18 4 30 70 43 36 58 16 39 59 78 28 48 51 52 42 62 6 63 64 38 81 80 65 77 23 35 24 26 15 21 29 75 11 31 54 44 7 12 67 8 57 56 17 60 25 74 1 19 72 20 61 71 47 40 55 5 79 41 50 76 22 14 73 45 46 3 13 69 
68 46 58 11 30 77 55 5 52 9 35 66 54 65 16 47 38 64 49 44 29 23 45 14 17 62 4 41 56 59 7 60 78 67 73 19 20 3 51 22 53 13 34 80 70 26 43 36 27 71 79 81 25 72 28 6 33 50 12 76 39 15 18 57 1 37 21 74 24 32 8 69 75 31 40 48 2 63 42 61 10 
79 61 41 18 45 70 50 15 69 8 40 13 63 51 71 33 52 78 73 10 31 12 37 64 21 76 65 9 46 49 25 24 77 68 23 35 55 74 32 47 39 60 16 43 7 75 34 80 56 1 48 42 17 59 3 30 11 2 44 14 5 22 66 29 19 54 26 27 81 53 72 38 6 20 57 36 58 62 67 4 28 
20 51 64 72 24 29 1 28 65 22 67 3 32 56 31 58 57 17 30 55 50 81 35 19 6 54 36 15 43 37 71 34 13 5 45 12 76 49 38 44 4 61 52 9 41 69 10 63 2 39 14 53 46 47 8 62 27 16 7 73 40 21 70 33 42 23 66 59 60 48 75 25 74 77 26 78 11 68 80 18 79 
27 42 57 5 52 45 25 68 76 38 6 23 46 62 60 22 17 20 65 21 47 7 55 9 16 67 33 50 34 69 31 49 72 44 13 2 26 32 71 66 63 36 19 78 43 48 39 73 51 56 30 4 18 1 58 54 80 40 29 3 70 77 15 37 35 10 79 61 74 75 11 53 81 59 28 12 8 24 41 64 14 
69 14 79 59 6 43 73 41 56 5 76 47 64 81 42 34 77 25 18 27 20 51 10 72 60 39 66 53 70 55 9 29 26 8 74 57 17 68 80 48 7 21 37 38 33 54 67 19 12 49 61 44 35 28 65 75 62 30 78 2 50 11 31 3 24 4 32 22 13 15 58 52 46 36 63 16 40 45 23 71 1 
35 3 40 10 70 24 67 64 60 44 71 78 2 63 21 36 74 54 37 31 12 32 34 42 45 14 48 27 73 46 1 16 51 19 41 80 5 25 47 52 8 30 58 4 49 76 66 75 59 6 11 65 26 23 20 57 79 56 33 61 43 17 38 81 18 50 72 28 39 62 77 9 68 13 29 7 15 53 69 55 22 
15 12 44 75 72 1 47 29 37 11 53 35 28 40 39 68 50 16 57 38 58 79 23 17 8 2 78 54 20 52 48 42 65 18 67 61 41 22 3 55 56 81 77 45 62 64 13 34 69 9 36 14 71 80 5 59 74 60 10 32 63 24 7 49 25 27 43 46 66 73 6 19 4 70 21 30 31 26 76 51 33 
23 66 71 22 26 39 8 55 54 18 57 56 70 15 1 49 7 43 75 30 68 3 13 77 36 52 81 47 64 28 40 78 5 12 62 6 69 53 27 67 34 11 61 16 24 38 32 50 60 31 37 79 72 74 48 19 25 46 9 45 4 14 21 20 80 63 76 29 41 33 59 51 58 42 65 17 44 73 2 10 35 
53 18 80 16 2 7 77 78 17 69 52 29 31 73 9 79 19 61 54 40 28 50 4 62 26 41 76 25 11 43 24 10 63 37 33 30 59 60 75 23 74 42 44 51 35 46 58 20 57 55 45 5 15 81 6 34 22 66 1 64 12 13 68 8 48 70 14 65 67 71 21 36 32 38 3 72 47 49 56 39 27 
49 48 33 31 38 46 21 20 28 55 26 75 30 27 4 12 41 51 61 24 6 15 19 22 1 74 11 68 3 58 77 35 59 79 32 81 40 39 13 14 65 10 18 64 73 53 2 29 63 70 25 43 62 52 44 69 37 76 72 71 47 36 8 34 17 42 56 16 23 7 45 60 78 54 66 57 67 9 5 50 80 
36 34 63 62 58 81 19 9 30 24 66 14 48 67 13 32 37 65 56 59 71 73 53 70 69 80 46 75 38 39 4 23 45 21 15 17 50 29 76 12 72 57 20 2 31 7 33 27 8 22 3 10 41 77 51 52 16 26 35 28 49 55 42 54 40 5 64 44 47 78 1 68 79 61 6 43 18 11 74 25 60 
61 4 11 13 50 32 74 65 51 10 45 72 80 58 3 8 59 33 25 35 49 64 44 63 43 29 5 56 71 14 66 22 60 36 76 7 46 28 54 15 79 1 6 70 9 24 17 68 21 78 42 40 47 16 23 41 67 53 81 27 18 73 39 12 55 26 38 31 57 69 30 2 62 19 77 20 52 34 37 48 75 
63 78 77 17 13 52 81 74 14 65 9 57 71 24 12 54 47 7 48 6 45 28 3 20 56 26 69 2 32 51 36 38 49 23 59 18 64 34 68 1 61 4 27 22 39 70 44 53 25 29 19 30 58 76 60 72 15 75 11 46 8 50 73 42 10 55 33 37 35 21 16 5 40 80 31 67 66 43 79 62 41 
6 7 61 23 25 26 31 45 50 79 41 52 35 8 40 21 70 49 66 68 17 27 59 73 12 10 16 5 29 77 81 43 47 55 75 78 44 65 74 36 20 24 42 53 58 72 54 33 32 37 69 56 22 13 76 71 39 48 57 34 9 62 19 51 28 38 67 63 18 2 64 80 15 4 30 1 3 60 14 11 46 
43 76 15 29 33 5 20 75 8 66 2 19 39 18 23 11 13 37 72 58 80 53 51 52 54 64 67 61 50 57 14 30 74 60 35 26 7 78 10 70 55 77 28 47 81 45 21 38 34 65 49 46 3 4 27 31 68 44 40 69 32 42 56 41 79 1 62 36 6 24 25 22 12 16 17 71 63 59 73 9 48 
34 21 38 70 51 42 66 1 46 81 77 25 53 78 59 27 73 4 32 47 60 5 33 18 44 19 15 22 16 68 41 72 48 62 58 40 67 9 30 31 45 79 17 56 12 80 28 10 36 74 26 63 43 14 2 23 64 24 3 7 29 52 65 75 39 11 69 71 49 57 20 54 37 50 35 6 13 55 61 8 76 
18 40 60 53 57 62 10 67 22 43 51 46 58 55 64 74 36 29 63 34 75 41 76 31 78 30 61 80 37 21 8 79 44 9 27 45 48 69 49 26 73 6 71 11 38 20 68 23 1 52 15 2 59 7 17 33 66 14 28 5 16 35 47 19 72 3 81 13 50 56 4 12 77 32 24 54 42 70 39 65 25 
72 73 55 48 79 36 32 44 64 67 10 34 60 42 69 75 3 1 21 74 57 2 11 40 22 49 39 28 19 4 76 53 25 71 46 13 66 51 15 62 35 5 63 50 59 16 18 77 17 24 27 47 61 6 54 70 38 80 37 58 81 12 41 43 30 31 9 14 29 8 65 23 45 68 52 26 56 7 78 33 20 
28 11 19 12 59 58 16 24 71 20 31 30 6 61 17 14 33 72 50 36 65 62 43 38 77 35 70 63 15 73 3 54 56 69 42 52 13 40 21 2 23 37 25 32 80 81 41 9 39 60 5 8 75 78 79 55 26 49 4 18 1 67 45 46 7 66 27 68 34 44 76 48 53 47 51 64 74 29 10 22 57 
39 30 54 80 65 41 69 35 4 15 50 28 45 76 63 44 68 56 9 14 8 13 79 71 55 25 37 34 24 66 33 12 7 11 20 1 29 72 19 18 3 46 75 52 16 67 40 42 48 62 31 64 57 73 21 74 6 10 43 22 77 51 61 17 32 60 47 53 70 59 26 78 27 2 5 38 49 36 58 81 23 
3 68 9 56 49 47 27 37 2 26 5 38 62 22 48 16 80 32 24 46 7 1 42 4 29 81 23 64 65 67 39 6 17 70 31 10 43 54 8 60 33 76 41 57 14 66 71 35 11 79 50 51 55 12 30 25 63 36 53 59 78 20 13 40 73 61 15 58 45 77 52 74 18 69 19 34 28 44 75 21 72 
46 62 13 26 69 19 75 79 16 21 81 7 11 23 24 42 10 47 78 56 48 54 40 59 33 28 77 66 53 41 51 61 58 3 5 68 35 20 39 73 57 43 76 55 45 30 22 1 74 8 65 72 49 60 80 29 32 37 67 36 14 27 44 6 9 17 18 52 38 50 70 15 2 71 4 63 34 64 25 31 12 
66 23 45 55 29 64 41 72 36 3 30 68 22 77 50 1 78 6 5 11 73 31 18 8 76 57 14 4 35 32 43 9 15 75 28 67 19 58 2 49 62 16 51 40 42 17 27 46 80 63 59 21 70 38 13 39 52 71 48 56 33 47 74 69 12 79 34 26 20 25 7 24 54 53 10 61 60 65 44 37 81 
77 59 34 47 5 17 28 40 67 32 25 26 69 14 52 4 15 19 68 65 43 29 58 74 35 70 12 31 78 64 2 46 24 49 16 62 27 48 60 37 30 71 53 75 66 6 76 51 18 81 56 33 10 50 7 11 20 55 42 72 23 54 3 13 44 57 80 73 22 45 63 61 39 9 41 8 79 21 36 1 38 
48 70 20 50 71 60 22 54 6 17 28 51 16 31 33 38 18 44 41 2 36 26 67 61 19 1 45 12 21 65 42 80 81 77 7 63 8 13 52 59 32 74 69 24 23 4 35 55 29 40 58 9 39 34 66 46 57 73 25 15 79 78 64 10 37 53 11 62 56 68 47 76 49 27 43 5 75 72 30 14 3 
52 31 30 68 74 21 9 14 63 62 36 70 56 66 57 35 54 58 6 42 79 10 20 51 64 3 32 60 47 13 34 27 50 76 71 23 61 46 65 5 1 18 81 67 72 73 25 15 78 77 7 24 37 44 53 2 12 69 22 43 38 19 26 59 8 49 41 75 28 39 40 4 29 55 16 80 17 48 33 45 11 
76 38 12 58 8 4 61 7 43 63 37 74 9 5 73 29 39 53 27 71 62 21 47 55 13 17 80 72 48 56 26 40 30 22 18 70 11 33 36 6 25 78 14 44 34 23 42 28 67 75 2 3 79 45 41 1 50 81 49 65 59 16 10 60 31 51 46 19 54 64 32 77 20 15 68 24 69 52 57 35 66 
32 37 27 51 78 53 11 42 1 60 64 67 34 80 79 46 2 75 4 7 15 44 49 23 50 38 72 19 8 45 20 69 33 25 39 14 56 12 31 77 10 17 29 21 47 41 57 16 66 48 52 13 68 54 62 76 18 61 63 24 30 9 40 65 5 43 35 81 36 3 55 71 28 73 74 22 26 6 70 59 58 
24 2 35 65 3 80 39 57 15 45 12 41 13 43 55 72 49 71 46 75 37 16 30 81 53 34 25 36 52 38 44 74 73 29 10 59 79 50 9 63 54 70 68 7 22 47 61 11 31 19 64 20 69 26 4 28 21 8 77 6 17 60 5 58 14 48 42 1 27 23 33 66 67 51 18 76 62 56 32 78 40 
81 56 25 44 10 73 49 18 33 48 65 20 8 59 61 76 40 27 39 63 22 24 52 69 66 9 60 55 6 17 11 57 37 1 54 79 3 4 41 64 80 38 26 28 15 43 14 62 5 12 32 71 53 36 70 58 35 51 31 75 68 45 34 72 29 67 74 30 2 16 78 21 19 46 47 13 50 42 77 23 7 
################proper############## 

 average_time = 59.481140 

 success runs = 1 

 total average iters = 1001023.000000 
