Success!!! 
 
 max_col = 
 81 
 
 run_time = 
 123.232714 
 
 once iters = 
 2006477 
 
25 42 30 41 65 13 9 44 37 47 8 51 57 23 12 1 5 17 10 73 26 58 54 71 2 72 11 68 16 34 40 32 67 50 15 61 18 81 28 4 74 45 24 70 69 20 75 63 31 53 52 22 56 39 78 19 76 14 48 77 6 55 62 66 46 7 49 60 59 43 35 3 27 80 64 79 36 38 21 33 29 
1 71 67 78 28 6 77 29 7 63 54 32 66 69 70 13 11 49 65 38 22 48 3 79 53 81 43 46 21 64 2 24 23 37 31 27 36 57 15 58 51 19 59 9 52 4 40 17 10 26 73 14 62 47 8 60 45 18 33 50 5 39 34 25 20 30 42 56 44 61 80 72 76 12 55 35 75 16 41 74 68 
19 34 27 43 40 51 80 15 69 3 73 16 41 42 65 25 59 20 7 74 13 78 61 56 60 33 76 12 30 66 29 6 77 63 62 8 31 44 48 47 37 38 72 50 39 11 64 49 46 18 55 54 45 35 28 32 70 68 58 1 52 79 26 53 24 10 21 4 75 9 23 36 71 14 2 81 5 67 17 57 22 
23 4 33 58 22 70 47 21 60 53 48 35 37 24 2 81 38 29 8 52 66 14 45 17 5 77 59 28 25 71 57 39 56 1 19 76 63 7 64 67 80 46 49 68 10 79 6 74 41 44 12 30 9 61 31 36 13 27 20 75 11 3 43 34 78 51 65 32 16 62 15 55 50 72 26 40 73 18 42 54 69 
24 16 10 62 64 49 81 45 31 7 75 68 60 14 76 46 43 40 19 37 36 32 47 12 39 55 9 73 58 80 22 18 65 33 70 11 29 53 25 71 20 77 35 61 42 66 72 67 50 27 28 8 2 3 57 30 56 54 15 17 38 21 23 41 26 63 6 13 79 5 69 74 51 52 44 4 59 34 1 48 78 
66 38 14 57 59 35 2 8 20 30 34 44 52 79 80 9 6 58 16 27 18 21 68 4 50 28 29 45 47 54 78 72 81 13 10 5 26 75 32 11 33 23 12 55 3 1 43 51 70 69 36 65 7 42 25 53 49 61 67 74 46 41 24 71 76 22 73 40 31 17 64 48 77 37 63 60 19 39 56 62 15 
75 52 54 63 11 68 74 26 56 27 15 55 64 61 78 67 39 4 70 41 42 57 49 69 6 20 34 43 53 44 7 48 36 60 17 51 8 73 62 2 21 40 16 79 14 13 77 29 76 23 25 19 5 59 71 37 65 35 80 72 66 81 22 38 28 12 18 47 1 58 33 50 3 32 45 46 10 24 31 9 30 
12 18 36 5 46 72 32 79 17 10 56 31 28 77 33 21 45 50 44 64 40 63 51 75 62 15 80 38 3 55 41 49 26 35 14 74 22 34 13 65 27 30 1 66 76 81 58 71 78 48 24 57 68 60 47 73 59 69 16 2 42 4 9 67 11 54 29 52 37 39 19 70 43 7 20 25 53 6 23 8 61 
73 55 61 76 53 50 3 48 39 22 18 74 62 72 19 71 26 36 1 46 67 30 24 23 25 31 35 69 79 75 4 42 20 59 52 9 43 6 41 5 78 60 56 54 17 21 33 80 15 34 32 37 16 38 12 63 64 40 7 29 44 10 51 14 45 57 81 27 68 77 8 2 49 28 13 70 65 66 47 58 11 
33 72 2 79 48 75 34 57 1 60 44 63 17 64 49 61 21 55 29 50 11 8 42 43 67 19 47 66 56 78 15 58 41 24 53 68 20 74 18 23 3 26 81 73 70 38 37 28 27 4 5 76 52 71 54 46 40 45 25 30 16 7 31 6 32 35 14 65 69 10 9 59 80 36 12 62 77 22 51 13 39 
43 23 66 56 36 32 54 76 24 79 58 25 18 34 4 80 42 7 21 35 9 45 17 53 10 69 1 11 14 39 77 65 22 52 27 16 46 61 33 63 5 64 57 78 12 50 81 26 20 59 41 72 40 48 3 62 74 2 13 19 51 28 73 44 37 75 38 55 71 29 49 30 67 6 15 68 47 31 60 70 8 
35 9 45 39 78 74 40 46 10 51 37 71 11 54 57 68 75 23 15 49 48 77 33 27 18 14 24 80 17 72 25 44 3 19 60 13 79 41 16 28 50 7 34 69 8 32 66 70 2 6 62 58 22 12 59 42 29 26 36 64 81 61 65 20 52 47 4 73 67 21 63 31 56 1 38 5 43 55 53 30 76 
60 49 41 13 69 21 63 19 71 65 81 12 70 48 45 43 74 14 51 58 79 36 64 76 30 68 31 42 18 5 59 67 34 4 55 35 56 54 75 29 38 10 9 52 40 44 80 73 25 39 61 11 53 8 1 20 22 50 6 32 47 17 15 3 23 62 77 26 33 66 78 7 46 2 57 24 72 27 16 37 28 
59 8 11 52 26 12 44 58 70 20 33 78 50 22 35 76 32 5 57 6 16 61 23 60 65 75 41 62 29 81 74 31 37 64 69 73 55 77 68 48 1 49 80 4 72 45 47 46 30 43 67 15 3 17 56 18 27 9 21 71 10 38 39 2 36 25 53 24 51 13 28 79 40 19 14 34 54 42 66 7 63 
38 67 25 64 42 80 29 61 77 2 24 36 6 30 15 16 9 28 5 20 72 52 62 26 71 40 44 76 10 21 46 33 70 7 43 75 60 59 39 13 47 31 17 37 66 63 57 56 51 74 68 55 1 14 48 58 4 49 23 78 53 69 11 8 54 27 45 12 34 19 41 22 73 79 32 50 18 35 65 81 3 
81 17 7 31 27 15 6 51 22 72 29 62 73 52 59 19 8 26 12 13 56 70 28 25 37 38 3 40 63 79 50 54 9 71 47 49 65 35 11 30 2 58 32 53 36 60 34 18 77 21 42 24 10 75 67 55 41 66 14 76 57 80 33 61 16 5 64 68 46 1 39 43 45 69 23 20 4 74 78 44 48 
47 73 68 4 20 65 53 5 16 13 10 46 3 27 67 40 77 38 32 78 2 81 66 55 54 39 74 26 45 8 61 57 6 30 28 1 14 19 42 43 24 51 62 76 22 69 9 31 64 79 7 36 23 29 35 72 44 34 70 12 37 63 75 60 58 48 56 50 11 15 18 80 33 21 49 71 25 52 59 17 41 
3 14 50 37 55 30 28 62 18 41 66 53 31 1 39 69 56 47 59 22 7 73 34 46 63 80 4 20 48 2 51 12 38 32 23 36 6 71 45 44 67 15 25 21 27 65 16 78 35 13 19 49 54 33 24 5 60 43 8 79 68 52 77 76 70 72 74 57 42 81 40 17 10 58 29 9 61 11 64 26 75 
79 48 73 65 41 61 13 72 47 39 40 54 23 78 27 22 19 53 20 5 55 26 7 67 8 24 16 33 52 18 42 30 31 2 50 44 17 46 37 32 14 71 51 38 6 12 35 45 9 80 58 3 28 21 76 15 36 29 49 57 75 77 59 70 66 43 10 74 63 25 56 34 4 62 60 64 69 81 11 68 1 
11 2 16 18 74 63 49 50 32 21 6 67 81 37 42 12 61 64 38 15 43 47 4 35 17 3 53 10 59 20 62 19 54 68 71 70 57 76 8 27 48 24 40 58 45 46 60 39 33 14 30 79 78 52 26 69 23 44 1 66 13 56 25 28 7 29 5 80 73 31 22 75 9 65 34 55 41 36 77 72 51 
8 68 12 81 7 36 58 60 33 74 55 18 38 59 28 66 79 43 72 19 10 76 6 49 61 52 71 63 57 35 67 69 53 40 41 46 73 30 20 34 31 9 50 15 29 77 1 42 65 70 64 23 47 51 22 78 14 3 17 45 48 32 5 26 39 44 11 16 4 54 62 27 13 24 56 75 21 2 37 25 80 
29 39 17 9 10 27 35 75 64 8 65 41 48 49 60 24 30 1 28 14 57 42 40 68 36 70 25 77 72 74 56 5 66 16 34 81 44 69 55 18 4 3 54 63 62 37 53 13 22 2 31 43 73 15 80 71 79 58 46 51 21 11 20 12 47 59 61 33 38 52 76 32 23 67 19 78 6 7 50 45 26 
4 40 51 21 57 77 15 71 67 25 2 45 72 70 14 32 62 31 79 33 63 46 39 58 81 64 30 36 75 6 24 80 8 26 49 37 28 16 56 10 61 12 42 13 78 48 11 7 18 68 76 20 44 5 55 27 50 41 34 47 19 74 52 1 9 69 35 23 3 65 17 60 22 59 43 53 66 29 54 38 73 
44 19 5 20 34 26 22 42 14 46 9 76 75 57 11 15 50 68 48 65 80 29 69 37 59 45 77 32 4 28 13 43 27 21 78 58 64 60 23 39 79 1 66 74 7 41 36 25 56 10 63 61 24 72 73 16 38 31 62 35 30 54 70 81 53 40 67 49 2 6 55 51 47 8 17 12 71 33 52 3 18 
56 6 80 1 31 24 23 38 55 16 17 7 44 33 51 73 52 63 41 18 54 11 2 50 74 34 66 79 65 22 47 25 76 12 61 3 68 70 19 81 59 43 36 26 5 57 62 75 29 71 40 27 4 69 60 10 9 64 42 28 67 37 53 58 21 45 13 77 78 30 72 8 39 48 35 15 20 46 32 49 14 
28 54 76 66 52 53 62 43 78 5 69 20 47 71 26 77 4 3 60 51 27 13 56 22 1 9 75 7 73 17 23 15 29 45 11 64 67 25 72 35 65 21 33 80 41 8 32 55 34 38 59 81 49 19 39 2 18 63 40 6 12 24 61 79 68 14 36 37 48 50 46 42 57 74 16 30 31 58 44 10 70 
46 3 59 30 25 37 69 70 45 29 36 56 13 58 34 10 35 80 23 31 32 12 44 78 73 62 21 51 60 38 1 9 55 39 48 14 47 49 22 53 75 2 52 77 11 26 17 54 67 50 74 6 66 16 81 4 33 72 43 68 8 65 7 24 57 18 20 64 19 41 71 15 63 42 40 76 28 61 5 79 27 
67 11 44 73 29 42 60 59 3 55 68 81 1 35 46 28 72 70 80 75 17 54 38 21 26 18 64 74 76 25 6 16 15 10 45 23 2 8 40 9 49 52 53 14 63 24 48 36 39 61 22 41 33 56 5 66 77 12 32 34 50 51 27 65 79 31 47 43 20 69 4 71 62 57 30 37 58 78 7 19 13 
9 1 53 16 37 28 19 24 4 50 20 27 25 44 23 51 48 22 31 43 39 6 79 41 13 57 58 64 55 73 66 61 52 72 2 29 11 10 7 78 26 32 71 33 46 17 69 34 81 76 65 47 74 30 14 68 21 80 56 49 62 45 60 75 77 15 59 35 18 67 3 54 5 70 8 38 63 12 36 40 42 
31 30 21 23 56 18 5 27 40 54 80 34 43 19 58 6 17 33 71 44 47 25 29 28 48 65 78 59 70 67 75 8 12 69 4 62 37 24 81 77 39 42 79 16 57 64 68 14 3 20 51 35 72 49 38 52 26 15 61 13 63 46 76 73 22 36 41 1 60 55 7 10 32 53 11 45 74 50 9 66 2 
57 75 47 70 54 62 39 13 80 9 59 30 29 41 77 2 36 11 55 56 81 23 52 40 33 8 14 35 38 27 65 68 49 48 37 18 15 64 60 21 72 22 4 17 51 10 31 32 63 12 6 67 50 26 43 7 58 73 69 3 1 42 78 19 61 53 34 5 66 74 16 45 24 71 25 28 46 76 79 20 44 
49 46 58 2 12 48 33 55 74 69 13 64 78 32 63 79 57 65 36 53 76 50 77 7 20 11 10 3 39 42 26 14 40 47 54 19 1 31 66 75 62 61 23 56 44 5 15 43 71 60 8 45 80 9 37 6 24 59 28 67 22 18 16 29 17 68 27 30 70 51 25 38 21 4 81 41 52 72 35 73 34 
22 81 69 7 50 20 17 68 8 61 14 47 12 3 75 45 67 10 49 1 15 2 46 30 66 32 73 21 36 77 33 28 60 41 56 71 5 80 43 76 13 18 58 6 34 78 4 57 38 25 37 62 27 70 74 35 19 79 55 53 72 9 44 39 63 23 24 42 40 64 11 52 54 31 59 29 48 51 26 65 16 
63 45 77 32 6 25 10 78 43 52 7 24 74 18 38 37 49 15 61 4 60 59 16 72 12 22 51 81 50 13 11 20 79 5 57 34 54 28 29 70 73 68 67 65 35 58 46 23 42 55 53 75 19 66 30 41 8 17 71 40 36 31 47 33 48 21 9 76 26 2 44 62 14 27 39 80 64 69 3 1 56 
76 66 52 72 15 41 26 36 65 56 4 73 71 31 16 5 40 42 34 70 62 68 35 45 24 74 69 22 9 58 80 63 43 17 51 53 50 3 27 55 30 20 48 19 38 59 44 21 28 11 77 7 79 1 2 29 39 10 81 25 54 64 57 78 8 32 37 14 13 46 6 12 61 23 67 33 60 47 75 18 49 
14 61 79 51 71 64 38 35 34 26 39 21 76 62 8 53 60 66 37 3 19 9 63 5 42 67 27 78 24 30 44 7 32 46 1 31 69 45 74 36 25 41 47 12 59 73 18 16 52 29 54 2 13 40 20 70 48 11 65 33 23 75 4 56 50 81 72 58 28 80 57 49 68 17 6 10 15 43 22 77 55 
69 7 75 44 21 59 65 1 25 45 30 8 20 15 54 14 2 41 76 68 46 28 13 38 55 23 19 27 64 60 17 81 48 80 74 50 16 26 70 33 40 56 11 43 18 67 71 79 61 77 49 29 37 32 53 24 73 51 39 42 9 35 12 5 34 78 52 72 62 3 36 58 66 63 47 57 22 10 4 6 31 
70 13 39 11 16 5 61 10 53 12 42 33 35 26 22 29 69 46 74 48 77 80 9 54 52 1 56 44 28 15 63 38 7 14 75 20 23 21 78 57 36 67 8 49 32 19 76 58 45 73 27 50 60 34 41 31 62 37 30 4 18 72 64 43 81 55 2 66 6 47 68 25 65 3 51 59 79 17 40 71 24 
50 74 71 67 51 23 68 22 42 31 38 28 5 76 37 3 24 21 78 36 64 34 27 62 15 61 7 19 35 53 69 66 46 79 72 30 10 9 47 59 58 55 41 60 2 70 39 52 26 1 13 25 65 57 45 81 63 6 54 16 77 8 48 18 40 17 12 29 14 4 75 73 11 56 33 32 80 44 49 43 20 
52 58 19 54 81 3 46 49 9 48 74 17 61 67 47 55 66 32 50 57 71 51 18 73 16 60 65 6 78 43 5 45 68 29 76 40 42 39 24 31 44 28 37 22 80 2 38 12 11 64 33 69 20 4 7 75 25 21 26 56 15 36 79 30 59 1 70 10 23 27 13 63 53 77 72 8 35 41 34 14 62 
80 15 8 29 43 76 14 12 35 36 51 70 19 13 1 60 68 27 47 40 75 22 53 10 41 4 81 52 31 59 3 56 2 49 73 67 62 63 79 72 6 25 65 30 64 55 74 44 17 78 18 9 46 54 34 11 57 32 66 38 69 33 58 16 71 20 48 7 24 42 61 77 37 5 50 39 26 28 45 21 23 
62 77 18 36 33 4 55 56 79 6 53 57 49 50 43 63 58 73 11 29 44 37 12 20 21 35 72 71 61 23 54 13 10 70 25 65 34 51 3 1 17 69 7 81 48 42 41 66 16 47 15 31 75 24 40 14 28 78 19 60 59 5 2 32 80 8 76 39 22 45 26 46 52 68 27 74 9 30 38 67 64 
32 47 37 28 17 40 64 63 72 44 77 79 4 11 9 62 78 52 66 24 6 31 67 8 70 30 45 16 51 41 39 34 1 18 26 22 53 15 14 19 12 74 20 75 54 3 5 10 68 7 21 48 59 80 50 61 43 23 29 46 27 71 55 69 35 49 57 38 56 33 60 65 25 76 58 13 42 73 81 2 36 
41 31 78 26 45 73 24 66 30 81 16 72 65 75 64 59 34 39 69 17 25 3 5 2 14 58 63 4 32 33 21 36 62 57 8 42 13 38 71 52 46 29 77 27 68 22 56 6 40 51 43 53 35 23 49 76 67 20 10 44 80 47 1 54 74 28 79 15 9 11 50 37 48 60 7 18 12 70 55 61 19 
48 60 57 34 38 2 27 20 6 18 23 80 40 7 10 56 25 71 26 42 33 79 59 39 43 49 32 58 77 12 37 11 47 55 9 24 76 50 4 61 66 5 45 35 73 30 63 62 72 8 14 28 81 36 13 74 52 22 3 65 17 70 68 51 41 67 19 44 64 53 31 21 16 75 54 69 29 1 15 78 46 
15 78 35 45 75 69 42 64 58 1 21 6 26 51 71 39 81 77 46 55 8 38 30 66 79 76 18 67 27 14 16 52 4 28 3 2 59 11 12 49 54 63 10 40 74 9 65 50 80 31 34 60 61 37 72 22 47 33 68 7 20 29 36 13 56 73 32 19 25 44 5 24 17 41 48 23 57 62 70 53 43 
36 32 49 24 23 29 25 53 48 43 50 10 69 28 72 31 46 2 42 59 45 27 81 74 11 6 52 75 13 57 34 37 18 44 39 60 61 14 30 56 41 65 78 64 33 71 12 77 54 22 20 5 70 79 16 80 55 76 73 15 35 26 3 17 51 4 62 21 8 63 66 67 58 40 9 1 38 19 68 47 7 
13 56 43 74 4 71 21 31 46 23 57 11 30 36 29 8 3 19 75 28 61 5 78 48 68 53 12 25 81 62 73 76 45 15 33 79 72 32 58 16 60 27 55 67 37 18 52 41 47 17 35 51 39 44 69 54 10 38 2 24 70 40 63 50 14 34 80 6 7 26 1 9 59 64 66 22 49 65 20 42 77 
2 28 9 40 1 54 50 73 38 66 79 75 56 65 18 49 27 34 13 32 24 16 19 77 3 25 26 61 23 11 43 41 58 78 29 10 70 20 21 17 76 47 15 51 53 6 7 68 59 42 72 33 67 64 44 48 81 57 52 5 4 62 30 46 31 74 69 22 35 12 45 39 36 55 80 14 8 37 71 63 60 
27 12 60 22 8 79 37 6 63 67 76 42 7 68 25 4 47 59 9 2 58 43 70 51 64 21 57 50 69 32 55 71 5 65 38 72 77 62 26 3 19 80 75 18 23 40 24 1 66 81 16 73 30 11 46 49 17 13 31 14 39 53 28 48 15 52 33 61 10 36 20 41 29 45 78 44 34 54 74 56 35 
55 33 65 3 80 47 51 18 19 38 63 48 22 17 73 70 44 60 39 69 35 7 20 1 40 50 67 31 68 49 36 77 74 6 42 26 45 2 52 66 29 34 5 25 9 15 14 4 62 75 46 21 43 53 79 59 37 71 41 8 78 12 56 72 64 58 23 54 57 76 30 16 28 10 24 61 11 13 27 32 81 
72 41 62 14 39 34 16 30 66 32 61 58 24 55 5 78 53 9 22 80 29 4 60 47 44 54 23 56 8 19 20 46 17 51 12 59 35 48 38 7 81 79 6 28 31 36 49 69 57 3 10 63 26 13 77 64 42 67 45 18 74 1 50 68 27 71 43 11 65 70 37 40 2 25 52 21 76 15 73 75 33 
68 26 20 10 76 17 70 7 11 15 64 52 54 40 74 33 12 62 56 71 37 41 14 63 72 36 49 47 66 24 35 53 30 9 21 80 4 13 46 22 8 44 73 57 1 27 25 2 48 19 45 32 29 28 61 34 75 65 51 43 58 23 6 42 38 60 55 78 77 59 81 18 79 16 3 31 67 5 39 69 50 
5 59 81 77 61 44 67 52 57 35 45 37 14 20 13 41 80 16 33 62 34 65 10 15 31 73 17 70 54 7 64 1 63 22 40 48 39 42 50 69 68 36 43 24 71 56 8 38 23 58 78 74 55 76 27 25 66 19 11 9 32 60 21 49 2 3 28 75 53 79 29 47 18 51 4 6 30 26 72 46 12 
51 5 26 71 66 19 56 47 23 42 41 15 67 80 48 18 22 37 58 39 65 53 74 33 28 16 20 9 2 69 8 79 21 38 81 55 25 78 17 14 70 54 27 44 75 52 13 3 12 36 60 10 34 46 11 40 30 4 64 62 43 73 45 77 29 6 50 63 32 68 59 35 1 61 31 72 7 49 76 24 57 
53 10 38 69 73 22 11 39 61 76 62 29 2 47 50 17 31 24 52 60 78 55 72 13 77 63 36 15 46 26 14 27 64 74 35 6 49 68 67 80 43 59 30 45 28 33 21 40 58 56 81 16 18 7 51 9 3 75 5 70 71 44 66 57 12 37 1 79 41 34 48 19 8 20 42 65 32 23 25 4 54 
78 36 40 46 3 45 7 34 12 4 27 14 55 56 30 35 70 8 24 47 50 18 32 59 57 79 2 65 22 48 28 17 39 54 66 63 9 33 76 15 16 13 69 31 60 72 42 53 19 41 26 38 77 25 10 23 6 1 37 58 61 20 67 62 49 11 71 81 80 75 52 5 74 73 68 51 44 64 43 29 21 
18 62 4 75 30 1 57 28 49 77 60 23 33 74 61 44 13 79 68 7 70 19 21 34 29 42 6 24 67 76 45 59 72 11 16 12 58 52 10 73 22 66 26 2 81 31 54 48 8 63 17 71 64 20 32 39 78 25 35 55 65 15 14 47 43 9 51 3 36 40 53 56 69 38 41 27 50 80 46 5 37 
77 63 13 25 68 60 20 80 21 75 46 26 59 39 52 54 10 57 27 9 69 35 15 61 45 5 62 1 43 37 71 3 78 23 30 7 40 79 34 41 32 72 38 42 19 29 67 11 24 49 66 4 51 50 18 17 53 8 74 36 33 76 81 64 65 70 16 31 55 28 73 44 6 47 22 56 2 48 14 12 58 
65 35 29 42 72 52 48 14 59 34 3 66 32 5 81 20 63 69 67 12 73 1 8 80 75 44 37 18 62 56 58 10 25 61 13 41 71 4 77 51 64 6 39 23 50 28 30 9 74 45 79 68 76 43 21 47 16 7 57 31 24 2 49 27 60 38 22 46 17 78 54 33 26 11 70 36 55 53 19 15 40 
6 79 15 33 70 9 76 2 41 28 71 38 16 25 68 36 64 78 54 10 4 66 48 31 23 43 40 5 19 52 49 73 51 53 44 32 21 56 1 8 7 37 18 11 47 35 27 59 69 65 75 80 57 55 42 13 46 77 12 22 26 50 29 74 72 24 58 20 30 14 67 61 60 39 62 3 81 45 63 34 17 
16 64 32 50 67 55 8 74 27 19 12 49 58 43 6 7 51 72 14 81 38 71 76 11 56 17 46 60 42 40 31 47 33 77 36 4 24 29 35 20 53 57 3 62 65 61 22 37 44 5 70 1 15 73 68 28 54 48 63 41 79 34 80 23 25 2 39 69 45 18 21 26 75 30 10 66 78 9 13 52 59 
54 44 31 17 24 58 43 37 81 73 1 9 21 53 40 11 65 45 64 30 41 49 25 3 51 26 22 29 20 70 68 50 75 34 80 57 74 5 36 12 63 48 61 46 55 14 78 47 32 62 23 39 6 2 19 56 72 52 27 69 60 59 38 4 10 13 66 8 15 7 42 76 35 18 71 77 16 79 33 28 67 
40 27 22 6 19 38 1 54 76 78 43 3 9 10 31 57 41 18 45 66 68 15 37 81 58 12 5 53 44 63 30 21 24 75 77 52 32 36 49 42 11 73 60 20 56 34 61 64 7 67 50 59 71 74 17 65 80 47 72 23 25 48 8 35 69 33 26 51 29 16 70 14 55 46 28 2 13 4 62 39 79 
58 65 34 48 47 57 18 77 51 24 32 60 27 16 36 64 73 44 63 8 28 39 50 52 80 10 13 54 40 1 79 70 61 56 22 66 81 37 5 6 9 62 29 3 67 43 20 76 14 30 4 26 69 45 75 33 15 42 53 11 2 68 41 31 55 46 25 59 21 23 38 78 19 49 74 7 17 71 12 35 72 
30 29 42 61 79 56 78 32 52 62 72 2 51 21 55 23 15 12 6 34 20 75 11 70 47 46 54 41 49 45 9 74 71 27 18 33 80 58 59 68 35 16 76 48 26 25 28 19 13 24 1 44 63 31 36 67 69 5 4 39 7 14 10 40 3 64 60 17 81 8 43 53 38 50 65 73 37 77 57 22 66 
21 70 3 49 9 11 36 4 62 33 26 13 42 38 20 74 28 76 30 77 23 17 71 65 69 59 60 2 15 51 72 29 50 67 46 25 52 66 31 79 10 8 63 7 24 53 55 27 73 35 39 40 12 6 58 44 1 81 78 61 45 43 18 37 5 19 68 41 47 22 34 57 64 54 75 16 56 14 48 80 32 
20 37 55 8 14 16 31 67 13 70 52 50 39 81 66 34 29 56 25 79 74 64 43 9 35 2 48 23 5 47 32 60 42 58 7 69 75 22 61 38 28 4 19 1 15 80 10 65 36 46 57 78 17 68 62 21 12 30 24 73 40 49 54 11 44 76 63 71 27 72 77 6 41 33 53 26 3 59 18 51 45 
74 24 64 60 2 81 75 25 15 49 35 5 63 6 7 65 71 61 73 26 51 56 36 18 76 78 33 14 11 31 19 62 16 20 59 28 12 17 57 54 69 53 21 72 43 47 29 22 79 37 38 66 42 41 70 50 32 55 77 52 3 27 46 80 13 39 30 45 58 48 10 4 44 34 1 67 40 68 8 23 9 
45 69 46 59 44 7 12 23 68 40 11 22 80 4 17 75 37 54 53 21 49 67 31 19 27 41 55 48 26 10 81 35 57 3 65 43 33 18 2 64 77 39 14 71 30 16 51 5 60 72 9 56 8 58 66 38 34 28 79 63 29 13 74 52 73 61 15 62 50 32 24 1 20 78 36 42 70 25 6 76 47 
39 53 72 35 63 66 71 33 73 68 19 59 8 46 69 30 1 48 62 61 3 24 57 14 4 7 38 34 80 36 12 78 13 76 6 17 41 40 44 45 55 50 70 47 25 23 2 81 75 52 11 77 32 18 64 51 20 56 22 26 31 16 37 9 42 65 54 67 74 49 79 28 15 43 5 58 27 21 29 60 10 
26 43 28 80 5 10 41 17 50 58 67 77 79 45 53 47 14 25 40 72 1 44 22 16 32 29 42 55 37 4 38 64 73 8 68 39 51 27 65 74 23 78 46 34 13 54 3 15 49 33 48 70 21 62 6 57 71 60 9 59 76 19 35 36 75 56 7 18 12 20 2 66 30 81 69 11 24 63 61 31 52 
37 57 56 53 32 31 45 81 36 11 70 39 46 9 41 50 18 74 3 63 21 40 1 6 38 47 68 72 7 29 10 22 80 73 64 77 78 43 54 62 71 14 44 5 16 51 19 30 55 66 2 13 25 65 52 8 35 24 59 48 34 58 69 15 33 79 17 28 76 60 12 20 42 26 61 49 23 75 67 27 4 
7 51 24 68 18 78 66 41 5 80 25 40 15 12 44 72 16 6 81 76 14 10 26 64 19 13 8 39 74 61 60 75 69 31 58 56 30 23 53 50 42 17 22 59 79 62 45 20 21 57 71 52 48 27 33 43 2 70 47 37 49 67 32 55 4 77 46 9 54 35 65 11 34 29 73 63 1 3 28 36 38 
42 22 74 47 62 46 52 3 54 57 78 65 34 2 21 58 23 75 35 25 30 69 80 29 9 51 61 37 12 50 53 26 14 81 20 15 7 67 73 60 45 76 64 41 77 49 59 72 43 28 44 18 11 10 4 1 5 36 38 27 55 6 17 63 19 66 8 70 39 56 32 68 31 13 79 48 33 40 24 16 71 
71 25 1 19 13 67 72 11 26 59 28 61 45 63 32 38 76 35 43 16 53 74 58 24 78 66 50 17 41 3 18 4 44 36 5 47 48 55 6 46 34 70 68 8 49 7 79 33 37 9 69 42 14 81 29 77 31 39 60 20 56 30 40 22 62 80 75 2 52 73 27 23 12 15 21 54 51 57 10 64 65 
34 21 48 27 58 14 4 65 28 17 5 19 53 8 3 52 55 30 18 54 31 60 73 44 7 71 79 13 33 9 70 40 59 25 24 45 66 47 63 37 15 11 2 29 61 39 26 35 1 32 56 46 41 77 23 12 68 74 75 81 64 57 42 10 67 16 78 36 49 38 51 69 72 22 76 43 62 20 80 50 6 
10 20 6 55 77 43 79 40 29 14 49 4 68 66 24 48 7 81 2 23 52 62 65 36 34 37 15 30 71 46 76 51 11 42 67 38 27 12 9 26 56 33 13 32 58 75 73 60 5 54 80 17 31 78 63 3 61 16 50 21 28 22 19 45 1 41 44 53 72 57 74 64 70 35 18 47 39 8 69 59 25 
61 50 23 15 35 33 59 16 2 37 47 69 77 60 56 26 54 13 17 11 12 72 75 57 22 48 39 49 6 68 27 55 28 43 63 21 19 1 80 25 18 81 74 36 20 76 70 8 4 40 3 64 38 67 65 79 51 62 44 10 73 66 71 7 30 42 31 34 5 24 14 29 78 9 46 52 45 32 58 41 53 
17 80 63 12 49 39 30 9 44 64 31 43 36 73 79 27 33 51 77 67 59 20 41 42 46 56 70 8 1 65 52 23 35 62 32 78 38 72 69 40 57 75 28 10 4 74 50 24 6 16 29 34 58 22 15 45 11 53 76 54 14 25 13 21 18 26 3 48 61 71 47 81 7 66 37 19 68 60 2 55 5 
64 76 70 38 60 8 73 69 75 71 22 1 10 29 62 42 20 67 4 45 5 33 55 32 49 27 28 57 34 16 48 2 19 66 79 54 3 65 51 24 52 35 31 39 21 68 23 61 53 15 47 12 36 63 9 26 7 46 18 80 41 78 72 59 6 50 40 25 43 37 58 13 81 44 77 17 14 56 30 11 74 
################proper############## 

 average_time = 123.232714 

 success runs = 1 

 total average iters = 2006477.000000 
