Success!!! 
 
 max_col = 
 81 
 
 run_time = 
 53.227322 
 
 once iters = 
 802002 
 
58 35 3 62 69 77 33 37 81 31 48 51 45 29 25 15 21 47 79 36 19 4 5 67 32 80 13 39 76 55 24 27 70 73 41 74 60 64 66 59 56 42 38 8 34 6 75 71 49 17 40 1 2 44 63 57 52 65 9 10 72 11 53 61 20 28 26 22 7 43 68 18 16 54 23 50 78 46 12 14 30 
61 73 14 24 79 11 20 51 80 10 60 22 66 4 44 76 1 52 78 75 25 47 34 26 9 81 77 16 2 54 13 8 62 15 5 23 74 32 12 67 50 46 72 36 63 28 31 37 30 69 19 41 45 21 7 68 55 33 17 43 56 35 18 70 58 57 65 40 53 64 29 71 48 39 38 59 3 42 27 49 6 
28 29 32 72 15 2 48 19 5 56 74 64 53 16 63 12 71 18 52 33 1 46 3 73 38 20 21 50 6 36 4 57 75 60 49 59 58 30 13 11 37 54 47 70 7 66 43 27 68 26 42 62 80 25 41 45 76 51 23 14 78 77 22 44 24 69 39 35 17 8 31 81 10 55 34 67 65 9 40 61 79 
54 47 60 42 10 31 63 9 66 59 58 61 50 81 3 24 55 57 27 18 62 48 29 17 30 12 39 26 28 56 32 71 38 7 37 22 20 43 35 49 33 73 16 5 53 13 65 52 72 64 77 74 23 14 36 34 69 40 2 44 25 80 6 78 46 19 67 79 51 4 15 1 21 75 41 76 70 45 8 11 68 
12 1 71 8 22 38 53 40 59 11 42 28 9 41 69 78 13 75 43 76 50 70 74 35 55 6 54 44 65 80 63 77 79 66 68 30 57 61 27 39 18 29 51 23 4 15 32 36 5 58 34 47 10 46 49 81 21 16 3 67 20 64 19 62 37 25 45 33 60 14 72 48 7 56 17 73 24 2 26 52 31 
25 6 39 13 65 43 74 50 18 46 20 37 72 40 2 32 62 17 16 68 44 57 49 11 71 24 22 42 53 78 67 33 34 45 12 3 55 10 26 52 14 9 48 69 41 60 7 76 51 54 63 73 8 79 61 27 15 28 59 31 1 58 70 30 56 66 77 21 23 75 36 38 29 47 4 19 35 81 64 80 5 
49 16 17 23 26 4 7 44 52 36 77 39 68 30 67 5 19 35 63 15 40 45 10 64 51 31 28 58 9 11 1 29 43 81 47 14 22 21 80 71 6 62 75 25 65 20 48 38 78 56 57 59 61 70 46 8 60 54 12 42 73 79 24 76 3 55 13 50 34 2 27 41 53 32 33 74 66 69 72 18 37 
68 34 70 45 55 36 41 57 64 14 7 65 27 80 38 54 73 49 58 8 23 69 53 37 42 56 60 46 35 40 52 51 48 61 21 72 2 19 77 79 76 31 17 78 81 29 33 67 39 4 22 24 18 3 75 26 66 62 74 50 30 5 71 16 12 32 10 9 6 59 11 47 1 13 44 25 15 63 43 28 20 
27 78 67 56 46 75 30 21 76 79 23 6 33 8 43 34 70 26 2 14 61 59 7 72 41 66 65 20 25 31 69 10 17 19 64 18 3 15 44 28 45 24 1 68 40 50 55 12 9 81 53 35 16 11 32 48 4 39 38 13 37 29 47 73 49 42 54 80 52 63 74 5 58 62 57 36 77 22 71 60 51 
53 22 57 25 73 50 59 29 72 58 70 79 46 7 32 51 5 14 38 63 49 80 66 31 56 64 78 69 45 77 36 23 20 3 6 67 19 13 61 4 34 68 2 42 47 39 8 17 71 52 9 81 74 75 10 21 41 1 43 60 27 37 15 18 11 35 33 62 76 26 65 30 12 28 24 44 48 40 16 54 55 
36 12 75 64 76 30 70 14 69 6 81 15 3 39 52 48 63 4 65 26 77 25 8 33 24 44 27 19 5 42 71 7 10 59 66 11 23 41 28 54 16 20 49 79 31 35 21 50 46 61 38 37 58 80 68 18 45 74 13 55 62 57 2 56 29 60 17 51 40 32 22 78 72 1 43 47 9 67 34 53 73 
62 41 54 6 13 49 81 43 17 61 16 59 21 47 28 30 56 19 18 12 71 1 37 32 58 73 79 8 31 64 65 63 68 80 34 46 44 11 45 33 24 27 39 60 36 57 76 53 48 23 26 7 70 51 52 20 22 5 35 78 29 40 38 9 2 74 66 14 55 72 67 42 69 3 50 10 75 25 4 15 77 
67 20 19 31 4 1 27 66 74 62 72 78 77 73 76 55 18 53 15 51 36 50 22 40 57 69 34 47 14 2 17 32 39 49 60 35 56 9 37 58 3 63 10 64 26 65 59 29 45 6 28 68 30 43 24 11 42 25 70 71 48 81 75 5 44 41 7 16 54 52 13 12 80 61 46 38 21 79 23 8 33 
44 9 79 77 39 51 38 5 56 66 29 27 80 10 33 71 37 24 23 67 7 76 46 4 74 11 61 13 78 28 70 26 16 57 55 52 81 53 48 72 22 21 69 32 8 42 18 40 34 1 73 12 36 2 65 30 17 14 64 47 31 63 54 6 43 15 75 19 25 3 45 50 59 60 58 41 20 35 49 68 62 
11 46 18 37 32 42 28 78 58 41 35 31 67 65 54 23 12 44 60 20 2 21 55 52 59 9 47 76 29 53 40 38 25 48 4 15 80 75 57 50 7 1 71 43 62 16 66 19 63 14 24 22 27 13 77 51 3 56 61 6 39 72 33 34 69 8 64 49 68 73 79 10 30 70 26 5 74 36 81 45 17 
45 10 63 21 68 55 71 65 15 20 8 60 69 50 34 49 57 38 81 19 53 6 16 70 43 3 75 73 56 33 72 9 74 22 24 1 12 14 5 35 46 30 40 51 17 54 62 64 67 47 78 25 79 41 23 7 26 36 32 76 80 44 59 39 48 77 27 58 28 37 4 61 66 18 11 31 2 52 42 13 29 
35 24 2 52 34 47 80 7 48 74 1 43 11 64 42 40 26 9 54 45 72 17 39 10 13 68 30 79 61 44 62 50 27 75 81 41 25 29 73 18 66 15 78 67 6 55 5 60 69 77 32 33 3 31 16 19 46 58 4 12 28 49 8 59 23 38 20 71 36 70 21 53 14 65 51 37 63 57 22 76 56 
40 8 33 60 61 3 16 23 26 25 13 75 17 45 22 68 2 36 62 29 42 35 28 41 14 5 48 30 51 18 58 21 12 37 54 43 70 74 38 76 59 52 65 55 77 11 49 56 4 20 10 72 44 15 79 9 73 34 67 66 69 53 50 24 47 81 46 63 31 1 57 80 39 27 19 64 6 78 7 32 71 
41 80 38 69 52 33 37 55 1 13 59 57 75 2 29 26 76 6 28 9 58 20 71 24 78 63 44 40 62 32 81 70 15 74 61 56 51 18 7 36 68 64 3 34 49 48 12 16 22 39 79 30 65 27 4 54 72 60 19 23 5 50 14 35 10 17 25 45 73 31 66 11 42 46 77 43 53 8 67 21 47 
64 58 34 12 2 68 66 13 14 72 63 30 15 27 1 47 4 10 7 21 59 23 56 16 29 51 6 31 49 5 54 67 52 8 69 60 41 24 40 25 11 26 32 46 78 80 53 73 28 9 17 50 38 71 20 33 18 57 42 62 70 43 74 19 81 79 3 36 48 44 76 77 55 45 35 65 37 61 39 75 22 
20 65 81 48 18 76 8 15 35 77 34 80 5 38 23 19 22 39 70 41 43 13 4 14 3 26 40 24 50 47 68 59 11 9 46 16 73 79 29 42 63 10 74 52 71 72 2 44 66 62 49 60 37 33 6 12 31 45 36 27 7 61 51 28 55 53 1 69 21 67 75 56 54 64 25 30 32 58 57 17 78 
39 77 73 67 27 54 11 42 10 17 40 62 60 48 56 79 53 28 1 55 52 34 36 25 65 37 15 4 41 26 38 20 33 30 76 75 31 57 14 66 72 45 61 19 69 64 23 59 7 78 21 5 43 18 3 71 63 44 22 32 58 8 35 51 9 70 47 12 80 29 16 46 68 74 13 24 49 6 2 50 81 
22 51 40 46 50 57 5 36 61 33 78 16 24 21 65 73 45 55 17 11 32 60 47 39 12 35 49 14 23 63 25 3 44 10 71 53 9 37 81 80 1 48 43 4 67 68 42 54 58 13 8 69 20 19 38 79 29 77 15 34 75 2 64 41 72 18 52 74 27 30 6 59 26 66 31 70 76 7 56 62 28 
79 63 56 43 62 70 44 60 21 81 12 71 32 68 31 7 66 3 61 72 18 64 50 54 67 57 74 36 1 19 78 35 51 39 22 28 13 33 16 6 58 17 30 65 23 46 77 10 75 45 29 55 24 26 25 53 48 76 47 37 41 73 9 4 8 20 2 42 5 34 49 40 15 38 80 11 59 14 69 27 52 
74 45 30 3 23 72 26 31 4 9 51 42 49 20 46 36 41 61 53 73 75 22 48 77 66 27 2 37 80 43 57 64 58 13 17 29 28 76 8 15 38 70 50 54 21 47 11 6 25 35 81 14 1 34 69 24 16 67 55 65 59 56 52 60 78 71 68 7 33 62 39 32 18 79 5 40 10 44 19 12 63 
24 28 59 71 78 53 9 32 6 64 54 50 25 52 70 14 43 69 8 79 38 19 33 76 5 30 45 48 42 12 21 66 55 18 72 7 77 20 2 27 62 35 44 47 75 31 41 4 3 40 56 15 67 74 80 10 49 46 11 39 81 17 68 13 61 22 58 26 65 57 37 63 60 16 73 29 23 51 36 34 1 
7 49 16 19 75 29 25 17 47 8 44 18 35 67 37 74 58 11 68 46 81 62 42 69 31 10 80 6 34 45 79 2 77 65 73 27 5 12 55 22 39 60 53 59 56 52 51 70 61 36 76 32 57 63 30 78 1 26 66 28 40 13 21 14 50 23 43 38 24 54 64 15 4 71 48 33 72 3 20 41 9 
5 53 24 41 33 69 78 47 11 40 2 54 74 15 16 10 6 37 26 27 67 44 43 59 45 65 71 49 18 3 61 1 21 12 58 34 63 22 50 56 35 57 66 30 60 8 72 20 70 28 4 9 55 7 31 80 79 29 14 25 77 32 23 52 19 62 51 13 42 38 46 76 36 73 39 68 81 75 17 64 48 
81 40 28 79 35 60 36 75 9 29 26 53 31 19 45 62 42 8 5 25 78 37 23 68 72 77 1 64 33 15 48 4 46 56 14 32 38 71 17 43 69 55 6 44 80 3 22 47 65 49 2 10 73 66 18 59 34 70 51 24 12 41 20 27 30 39 16 57 74 50 61 21 67 76 54 52 7 11 13 63 58 
76 62 52 73 63 32 21 38 54 24 18 81 71 17 11 50 27 12 10 48 56 8 64 42 2 46 51 57 22 66 7 60 53 72 13 44 68 49 59 45 25 61 9 75 14 33 6 39 36 30 5 16 29 58 35 67 19 78 40 26 15 55 37 65 70 3 28 43 41 23 77 20 74 31 47 34 79 4 1 69 80 
57 67 58 61 66 23 19 74 34 32 41 49 64 44 20 69 36 80 76 7 79 75 11 6 60 55 62 38 10 17 30 65 26 71 70 40 33 16 21 51 8 39 29 48 46 1 81 24 35 63 13 52 31 77 72 47 50 42 68 73 43 3 4 2 18 54 59 5 45 12 14 25 28 22 78 9 56 15 53 37 27 
8 70 22 50 30 7 43 59 68 57 21 25 38 66 60 35 34 23 36 4 63 9 52 3 28 39 31 55 79 29 6 47 73 2 16 20 65 67 78 77 54 41 24 12 76 75 15 45 80 19 37 48 46 62 13 69 64 71 81 5 74 27 1 49 53 44 40 11 32 58 56 17 33 26 42 14 61 72 10 51 18 
13 18 12 55 42 80 77 2 20 39 68 48 47 56 79 75 9 51 32 34 29 49 14 15 33 74 38 62 59 81 23 31 67 52 35 54 1 70 58 7 64 28 37 73 27 17 61 57 53 43 41 40 25 60 45 66 44 11 65 30 6 36 76 69 4 63 72 10 78 22 24 26 3 5 8 71 19 16 21 46 50 
1 17 31 65 72 64 3 26 71 4 52 46 7 59 14 43 30 22 35 66 20 73 57 80 53 16 81 5 19 76 28 37 50 24 42 45 62 47 11 40 10 13 18 15 32 69 68 74 12 51 27 56 34 78 54 58 61 63 21 38 49 75 39 79 67 48 36 60 8 9 33 6 77 25 70 23 29 41 44 55 2 
14 4 37 27 29 44 56 46 51 28 67 33 78 5 73 70 61 72 12 13 47 40 24 30 69 21 58 25 36 74 41 39 63 11 77 80 34 26 79 3 2 19 81 53 20 18 54 42 50 38 23 71 64 76 17 22 9 52 10 48 8 16 62 7 15 75 31 66 1 68 35 55 57 43 6 49 45 32 60 65 59 
6 15 48 49 45 39 10 25 16 1 65 55 63 58 77 13 3 76 41 22 54 61 17 50 70 18 19 9 68 69 27 75 8 51 43 78 42 31 23 5 36 74 4 72 52 21 44 26 32 79 67 11 14 59 56 60 53 7 28 2 33 46 57 64 73 80 29 81 47 71 34 37 38 24 40 62 12 30 35 20 66 
4 59 64 75 24 65 51 33 25 73 76 40 62 49 17 11 80 70 3 31 34 42 30 60 1 7 67 45 81 20 44 41 56 36 26 5 15 35 68 38 47 58 55 37 2 71 63 9 27 10 43 39 69 12 14 50 8 48 29 72 18 52 16 66 54 78 53 61 77 13 32 57 23 19 79 22 28 74 46 6 21 
42 30 66 16 40 21 79 56 8 55 3 35 28 12 72 20 7 43 22 59 46 54 41 61 75 49 10 68 64 67 77 52 37 58 80 17 76 1 65 48 71 53 73 14 33 62 13 51 38 34 60 19 32 57 15 4 78 31 5 74 63 47 11 81 6 29 44 27 39 69 23 70 2 50 9 18 26 24 45 36 25 
19 31 10 18 38 74 32 39 67 34 14 45 56 37 26 2 54 60 9 47 48 55 76 44 68 71 50 22 21 23 33 25 6 62 40 73 61 17 63 64 57 80 77 29 13 53 70 81 11 5 72 66 49 52 59 46 7 35 69 1 65 24 3 8 79 58 15 4 43 36 20 28 41 51 30 12 42 27 75 78 16 
34 3 68 54 37 12 62 28 57 67 10 23 65 75 81 58 74 25 33 53 14 11 77 51 80 17 24 63 15 1 43 48 71 27 32 50 4 66 49 69 42 56 22 21 9 78 16 35 44 2 46 76 26 47 70 39 36 64 60 79 55 6 13 31 7 5 41 18 30 19 52 45 73 20 72 61 40 29 38 59 8 
55 43 50 2 80 61 14 41 44 5 71 66 52 24 48 9 32 68 19 81 21 15 69 36 63 78 37 60 3 39 16 72 13 46 57 10 8 23 54 20 40 51 11 7 70 59 45 30 18 42 6 79 28 29 12 25 58 27 75 17 26 67 73 33 34 49 22 65 62 47 38 74 56 35 53 1 31 76 77 4 64 
47 60 53 17 9 15 45 48 49 69 36 63 39 33 27 77 59 13 29 64 6 28 40 20 8 72 16 54 24 30 74 42 19 4 38 12 78 46 18 62 44 5 79 31 50 25 58 3 73 7 1 23 41 67 51 2 81 22 37 57 76 10 61 80 68 26 21 56 14 35 55 75 43 11 71 32 52 34 65 66 70 
77 26 36 35 7 58 22 6 27 42 19 38 57 78 8 18 31 46 13 74 73 52 45 23 62 4 70 29 47 65 51 79 59 28 11 76 30 39 60 41 75 81 25 3 16 40 24 61 21 15 33 20 68 50 53 43 71 32 56 9 66 34 80 37 63 2 12 72 10 48 1 64 17 44 49 55 14 5 54 67 69 
52 76 69 78 11 5 46 1 70 50 4 29 22 61 6 21 51 16 66 57 12 38 2 56 79 58 18 53 8 14 35 55 7 31 9 49 10 45 43 32 27 72 34 26 28 74 36 75 54 37 64 65 77 17 62 23 33 41 44 20 19 30 42 67 59 40 73 25 3 60 71 24 81 63 68 15 13 80 48 47 39 
29 71 72 63 81 73 13 20 23 47 15 41 44 1 53 64 79 30 39 43 65 5 26 27 35 32 25 61 75 34 18 69 66 70 78 2 59 52 19 24 67 6 36 74 12 22 14 48 8 80 55 31 4 56 21 40 68 49 45 54 38 28 77 11 17 16 76 46 50 42 51 9 37 57 10 60 33 62 58 7 3 
50 32 13 15 31 9 60 27 36 12 43 2 1 46 49 63 29 73 80 39 3 7 58 34 76 23 33 56 55 68 11 24 64 67 62 37 16 28 74 81 53 69 57 41 42 45 20 72 17 71 14 61 21 5 19 77 47 59 25 40 51 54 65 75 66 10 18 44 4 6 30 79 52 48 22 78 8 38 70 26 35 
80 2 42 4 49 67 58 81 3 18 6 19 14 25 64 27 52 31 71 70 69 41 38 5 46 40 20 74 30 21 59 43 60 34 39 48 45 7 56 9 79 65 54 17 10 63 28 77 29 50 36 44 33 1 8 75 62 53 76 15 11 78 26 22 57 12 24 68 35 61 47 23 13 72 66 16 55 37 51 73 32 
10 48 25 22 21 37 65 63 39 7 24 70 26 72 40 41 16 58 57 54 11 81 6 53 36 1 29 75 13 35 19 17 80 38 20 31 71 59 32 61 55 43 52 66 51 76 73 23 2 74 47 42 12 49 28 44 30 69 27 4 64 45 67 3 14 9 34 8 46 78 50 33 62 77 15 56 18 68 5 79 60 
30 68 41 66 71 28 23 11 77 54 32 74 8 35 55 61 47 56 59 44 27 78 31 43 25 67 42 51 26 57 50 22 9 33 65 69 36 48 76 21 60 18 12 39 15 4 3 46 10 70 62 13 53 24 29 5 37 79 16 52 2 38 72 20 40 45 80 1 64 7 73 49 19 6 63 81 34 17 14 58 75 
16 19 78 14 59 40 35 24 75 30 37 68 20 69 10 57 67 5 4 28 15 56 79 12 64 61 9 2 73 27 47 45 1 23 29 66 46 8 34 44 26 49 31 77 38 32 25 55 81 18 39 58 52 48 74 13 43 6 80 22 17 7 60 72 51 11 62 41 70 21 63 36 71 42 65 3 54 53 50 33 76 
72 74 55 20 44 45 17 8 79 80 28 13 51 60 75 59 33 15 50 62 30 66 21 22 77 19 32 71 4 16 5 53 49 78 18 36 47 25 24 1 73 67 14 58 3 26 64 7 41 11 68 6 40 37 39 63 57 81 34 70 35 12 10 54 52 56 42 76 38 65 48 2 31 9 61 27 69 43 29 23 46 
26 61 5 57 54 46 47 18 29 71 17 36 76 11 62 53 44 65 49 37 51 2 68 55 16 14 72 52 40 70 15 12 42 32 8 58 27 50 6 63 4 23 33 13 30 43 79 78 59 22 75 34 35 38 9 73 56 20 48 3 24 21 66 25 74 31 60 77 19 81 28 69 45 41 64 7 39 10 80 1 67 
43 56 1 33 64 6 69 70 12 38 9 21 4 34 78 39 81 50 45 17 26 24 63 74 52 48 73 7 72 61 3 44 76 79 10 77 11 62 75 68 29 37 35 80 22 27 60 66 19 65 16 51 54 8 42 31 14 18 71 36 46 23 41 15 5 67 32 55 59 53 58 13 47 40 28 57 30 20 25 2 49 
38 52 62 51 53 34 76 73 7 45 22 3 48 79 66 42 23 77 47 10 60 65 13 8 18 75 35 81 63 41 46 6 54 14 28 25 72 78 64 70 20 2 5 40 19 9 69 31 57 67 15 80 56 30 50 49 32 61 58 33 68 1 55 17 39 27 71 37 29 16 26 43 24 59 36 21 44 12 11 74 4 
73 23 35 70 36 16 75 3 46 27 33 58 61 71 41 52 60 29 40 1 22 30 12 57 7 53 55 11 37 62 10 5 28 17 19 63 64 69 47 13 43 4 59 9 79 77 39 14 26 76 25 49 51 42 78 72 74 15 20 56 67 68 44 50 21 24 38 32 66 45 2 8 34 81 18 54 80 31 6 48 65 
78 66 61 68 56 26 64 22 37 44 53 47 19 77 51 45 48 62 72 3 17 18 81 49 27 79 43 15 70 13 42 34 69 54 23 39 32 2 31 55 21 38 76 10 35 24 67 80 52 41 58 8 75 16 5 14 40 50 1 46 4 71 25 57 65 6 74 28 20 33 59 7 11 12 29 63 60 73 30 9 36 
48 79 29 7 14 52 31 76 19 16 50 9 10 57 59 4 35 32 64 78 13 63 25 38 15 42 11 66 71 24 75 74 22 6 2 21 17 56 67 30 49 77 26 45 37 44 46 33 43 12 70 18 47 72 55 28 65 8 54 69 3 60 36 40 62 61 5 73 58 80 81 34 20 23 27 53 51 1 68 39 41 
32 33 8 81 51 63 50 80 55 3 64 69 12 54 7 46 68 21 74 61 10 36 75 65 23 45 59 77 57 25 9 58 18 47 56 79 24 40 52 53 70 44 42 20 72 37 71 34 15 27 35 2 5 28 66 38 6 73 26 11 16 39 29 48 60 1 30 67 13 76 41 31 22 78 14 4 17 49 62 43 19 
9 38 6 5 12 62 39 72 24 70 49 1 30 42 36 66 40 81 67 69 68 26 80 21 50 41 56 78 60 48 29 16 31 35 53 55 75 65 3 23 15 34 28 27 57 61 74 11 13 73 20 45 63 4 47 52 51 19 33 58 79 59 43 10 71 37 14 54 22 18 17 44 8 2 32 46 64 77 76 25 7 
71 69 44 47 67 20 2 4 43 37 25 26 18 55 80 17 14 63 73 6 28 33 60 58 34 54 66 3 27 59 8 76 30 1 7 65 39 51 46 16 12 11 41 81 29 23 10 21 62 32 50 53 22 40 48 70 35 75 31 77 57 9 45 42 36 68 56 64 79 49 78 19 5 15 52 72 38 13 61 24 74 
59 25 77 1 41 13 18 58 65 23 73 11 43 28 24 67 39 79 14 16 37 71 51 9 20 62 5 32 46 72 49 81 45 26 44 64 50 80 36 8 78 7 19 6 74 38 29 68 31 60 54 57 48 55 76 17 27 2 30 63 61 22 34 12 35 52 4 70 75 15 53 3 40 33 56 69 47 21 66 42 10 
15 42 49 28 17 27 40 30 60 22 5 76 34 74 13 65 75 20 31 77 8 39 19 48 4 2 52 43 67 73 12 80 41 50 51 38 54 58 33 14 61 25 68 71 18 56 78 79 1 3 66 36 81 6 64 32 10 21 24 53 23 62 7 46 26 47 63 29 69 11 9 72 70 37 45 35 57 59 55 16 44 
21 11 45 74 57 10 34 54 53 78 38 56 6 31 15 72 8 2 24 35 76 32 44 29 47 70 46 33 52 4 14 40 61 20 36 68 48 63 62 73 5 66 60 22 1 19 30 65 64 59 7 17 9 69 37 41 80 12 49 18 13 42 81 77 25 51 55 23 16 27 43 39 50 67 75 79 58 71 28 3 26 
56 50 26 11 60 17 57 67 28 53 80 7 36 70 61 33 65 54 77 49 16 31 73 71 48 52 69 23 74 10 34 46 3 63 25 9 29 27 30 2 51 75 8 62 66 5 35 1 79 21 12 4 15 64 22 42 59 13 6 41 45 18 78 47 76 72 81 20 37 40 44 58 32 68 55 39 43 19 24 38 14 
33 75 80 40 6 19 73 49 42 26 39 72 16 14 68 25 20 67 44 58 45 3 18 7 22 28 41 27 69 51 53 11 32 76 15 13 37 38 71 57 74 36 56 35 24 70 47 2 77 29 59 46 17 65 1 62 54 4 52 64 10 48 79 43 31 30 23 78 12 55 8 60 9 34 21 66 5 50 63 81 61 
31 72 4 44 25 79 29 61 62 35 69 77 58 43 74 3 38 71 37 50 66 68 54 78 19 59 23 28 20 7 39 36 65 64 33 81 49 5 70 34 80 12 21 11 55 14 40 32 76 8 30 75 13 9 27 15 24 47 53 51 60 26 17 45 1 73 48 2 63 56 10 22 46 52 67 6 16 18 41 57 42 
66 64 47 9 77 81 55 45 78 52 46 5 42 76 4 28 24 48 25 30 57 74 15 62 11 33 26 80 16 37 60 68 2 29 75 8 18 6 41 19 17 22 20 50 58 73 34 69 56 53 44 63 71 10 40 61 12 43 72 7 21 14 31 38 32 65 79 59 67 39 70 51 49 36 1 13 27 23 3 35 54 
3 37 43 39 48 8 15 52 2 21 56 44 41 13 47 6 49 27 51 24 4 79 1 46 17 36 12 59 77 50 66 19 72 40 30 42 14 81 25 10 23 78 63 16 54 7 57 28 33 55 61 67 62 45 58 65 5 38 73 68 34 20 32 53 80 64 69 75 9 74 18 35 76 29 60 26 22 70 31 71 11 
46 36 20 38 16 35 54 10 32 19 55 34 81 23 30 1 64 40 56 2 70 29 72 75 39 8 53 12 48 6 22 18 24 41 79 4 52 73 9 31 13 47 67 28 59 49 26 43 74 66 51 78 60 68 71 37 11 3 57 80 44 76 63 21 42 14 50 17 61 5 25 27 65 69 7 58 62 33 15 77 45 
23 7 65 53 5 14 1 12 63 51 62 32 59 22 50 8 10 78 20 60 9 27 67 13 21 47 76 70 44 71 26 61 35 43 31 57 40 42 69 46 48 3 45 33 68 58 19 18 16 24 11 38 6 81 2 55 39 66 77 75 36 25 56 29 41 34 49 52 15 28 54 4 79 80 74 17 73 64 37 30 72 
51 13 21 59 74 22 24 71 41 2 57 17 79 18 9 31 15 66 42 40 35 43 32 63 61 34 14 67 38 58 73 54 5 55 45 62 53 44 72 60 65 76 7 1 64 36 52 25 37 48 80 27 39 23 81 29 70 30 8 19 50 69 49 68 33 46 11 6 26 77 3 16 75 10 20 28 4 47 78 56 12 
70 27 76 34 58 18 68 69 30 60 75 73 29 63 12 37 11 45 55 80 5 10 65 81 6 38 64 1 17 49 56 78 14 21 52 47 79 4 39 26 77 32 15 61 43 41 50 22 20 72 31 3 42 54 33 35 67 23 46 16 9 74 28 71 13 36 19 24 57 66 7 62 44 8 2 51 25 48 59 40 53 
60 5 27 80 3 78 4 64 22 48 30 67 13 51 18 56 17 1 34 38 31 14 20 2 73 15 8 35 54 46 37 28 81 69 50 71 21 36 10 65 19 16 23 49 39 79 9 63 42 33 45 26 72 53 43 76 25 55 62 61 52 70 58 74 75 59 57 47 11 41 40 29 6 7 12 77 68 66 32 44 24 
63 21 15 29 28 56 12 62 33 76 47 10 23 32 19 60 72 74 69 42 64 67 9 1 37 50 36 18 7 22 20 30 57 25 48 51 6 3 4 78 41 40 80 24 44 34 27 8 14 75 71 43 66 35 73 16 2 68 79 49 53 65 46 26 77 13 70 39 81 17 5 54 61 58 59 45 11 55 52 31 38 
69 54 51 10 19 41 52 77 73 63 11 14 70 6 5 38 46 33 21 71 24 16 62 18 44 29 68 17 39 79 76 13 78 53 1 61 35 55 15 47 30 59 58 2 48 12 80 49 23 57 74 28 50 20 26 3 75 72 7 45 32 66 40 36 64 43 37 31 56 25 42 65 27 4 81 8 67 60 9 22 34 
2 57 23 58 70 25 72 35 50 65 66 4 54 62 39 22 28 41 48 32 80 77 59 45 40 43 3 10 11 75 31 14 36 68 67 24 69 60 51 12 9 8 64 18 5 30 56 15 47 44 52 21 76 61 34 74 38 17 63 81 42 33 27 55 16 7 6 53 71 46 19 73 78 49 37 20 1 26 79 29 13 
37 14 11 32 1 71 42 79 45 43 61 52 73 26 21 29 50 59 30 56 39 53 78 66 49 60 4 72 12 9 55 62 47 44 3 70 7 34 20 75 81 33 46 63 25 51 38 13 6 68 65 77 19 22 57 36 23 80 18 8 54 31 5 58 27 76 35 15 2 24 69 67 64 17 16 48 41 28 74 10 40 
17 44 74 36 43 59 61 53 38 68 45 8 37 3 71 81 25 64 75 65 55 12 27 19 10 13 7 34 58 60 2 49 4 77 63 26 66 72 42 29 31 79 70 57 73 67 1 41 40 16 48 54 78 39 11 6 28 24 50 35 47 15 69 32 22 21 9 30 18 20 62 52 51 14 76 80 46 56 33 5 23 
75 55 7 30 8 66 67 16 31 49 79 12 40 9 57 44 77 42 46 23 41 58 35 47 26 76 17 21 32 52 64 73 29 5 27 6 43 54 22 74 28 71 13 38 61 81 4 62 24 25 3 70 11 36 60 56 20 37 39 59 14 51 48 1 45 33 78 34 72 10 80 68 63 53 69 2 50 65 18 19 15 
65 39 9 76 20 48 49 68 40 75 31 24 55 36 58 80 69 34 6 52 74 51 70 28 81 25 57 41 66 8 45 15 23 16 59 33 26 77 53 17 32 50 27 56 11 2 37 5 60 46 18 64 7 73 67 1 13 10 78 29 22 19 30 63 38 4 61 3 44 79 12 14 35 21 62 42 71 54 47 72 43 
18 81 46 26 47 24 6 34 13 15 27 20 2 53 35 16 78 7 11 5 33 72 61 79 54 22 63 65 43 38 80 56 40 42 74 19 67 68 1 37 52 14 62 76 45 10 17 58 55 31 69 29 59 32 44 64 77 9 41 21 71 4 12 23 28 50 8 48 49 51 60 66 25 30 3 75 36 39 73 70 57 
################proper############## 

 average_time = 53.227322 

 success runs = 1 

 total average iters = 802002.000000 
