Success!!! 
 
 max_col = 
 81 
 
 run_time = 
 42.500592 
 
 once iters = 
 801317 
 
70 4 58 7 30 72 29 56 27 78 69 10 1 64 71 54 36 63 11 23 14 16 59 48 25 68 76 22 60 66 77 67 38 41 52 39 74 61 79 50 57 47 15 42 51 62 12 80 9 17 26 35 53 28 5 45 75 20 73 6 13 49 43 32 34 37 44 31 81 18 46 24 2 33 8 65 19 55 40 21 3 
66 54 57 31 75 74 34 20 36 33 62 13 37 65 27 67 68 61 1 51 43 9 73 46 47 24 18 42 70 4 15 29 49 44 71 55 8 56 16 12 76 48 19 38 11 30 23 2 77 63 45 14 7 81 3 22 40 17 10 52 79 32 25 28 26 21 41 64 53 58 39 5 50 6 72 78 35 69 80 60 59 
5 13 16 60 52 80 45 14 22 51 42 47 76 28 30 66 49 48 2 31 44 69 71 20 21 33 75 12 68 37 59 27 53 50 57 34 32 26 64 67 41 24 54 7 10 4 6 8 25 79 73 58 46 38 70 61 65 19 9 77 74 78 72 62 55 11 15 35 17 1 40 3 63 43 29 23 81 56 18 39 36 
63 24 33 37 61 77 47 49 1 19 44 57 58 46 43 23 40 31 67 13 26 15 81 32 45 34 12 76 64 72 17 36 79 56 65 74 62 21 29 35 68 5 70 25 4 39 42 75 11 52 22 3 78 48 59 53 50 27 54 55 8 18 41 69 14 2 73 66 80 60 6 20 71 7 38 51 9 30 16 10 28 
73 18 55 11 10 76 40 50 39 52 17 70 53 35 77 2 45 6 54 79 7 80 74 4 30 41 72 69 62 8 61 26 9 75 32 14 3 66 22 65 33 28 81 71 46 5 34 20 19 49 59 1 36 43 60 38 37 24 56 15 31 21 29 47 23 78 63 16 51 12 67 48 64 13 25 57 58 27 42 68 44 
12 69 43 3 59 46 51 17 23 56 14 80 73 38 22 41 21 50 5 55 42 66 37 58 19 39 28 24 25 10 40 45 1 20 35 11 2 34 63 9 78 31 72 6 30 60 64 18 67 71 54 13 29 15 48 4 44 16 62 81 57 7 26 76 36 61 65 75 33 27 68 8 70 47 79 53 77 49 32 74 52 
26 32 15 62 48 64 19 81 35 74 29 16 4 3 8 59 5 11 6 60 52 77 53 36 49 40 56 28 7 33 73 58 43 63 78 51 39 18 44 20 37 55 80 27 13 24 47 61 57 66 10 21 68 65 23 71 69 12 42 30 1 2 34 70 9 38 79 45 50 25 54 72 75 76 46 17 22 31 67 41 14 
28 21 68 38 41 67 6 44 71 79 55 75 24 26 81 9 12 25 57 8 61 78 50 17 62 65 27 31 3 18 46 47 30 13 80 2 52 14 77 60 53 45 49 69 23 40 76 56 32 70 16 72 37 51 11 66 58 39 36 63 35 64 33 19 42 22 7 59 29 43 10 74 48 5 73 1 34 15 20 4 54 
9 25 42 78 8 2 65 79 53 72 32 18 60 15 7 20 39 34 10 22 38 29 63 70 3 64 35 23 16 5 6 54 48 81 21 19 1 59 58 40 17 43 75 36 73 50 44 55 27 41 33 74 31 69 46 51 67 80 47 28 76 14 68 71 52 77 56 4 30 49 13 57 61 24 12 62 11 26 45 66 37 
67 37 17 65 78 75 62 32 30 57 1 27 72 43 2 56 6 29 77 28 60 35 66 53 44 19 63 8 20 70 23 40 50 31 45 33 80 9 3 71 49 42 52 22 81 68 39 41 15 11 36 46 18 34 13 69 26 21 12 64 73 10 74 38 76 51 16 14 25 54 7 79 58 4 47 5 59 48 61 24 55 
52 42 8 48 56 10 57 12 25 38 5 71 45 22 40 32 76 55 46 14 80 20 11 24 78 9 54 81 4 17 43 53 21 26 47 65 61 70 30 59 69 19 41 1 18 37 29 64 74 13 60 63 16 62 79 28 23 66 44 72 33 36 75 58 35 15 31 27 77 6 2 50 51 67 3 68 39 73 7 49 34 
72 64 3 59 36 55 21 77 73 18 61 11 9 50 79 13 69 16 68 71 22 34 17 7 75 27 41 14 63 56 29 78 51 58 39 37 65 23 10 8 44 74 31 43 38 25 45 57 5 81 52 20 1 70 30 6 4 32 2 19 40 62 24 12 49 33 26 28 46 48 47 67 53 35 80 76 66 60 15 54 42 
74 38 39 34 20 13 69 68 76 48 60 81 54 41 24 78 58 35 15 64 36 50 57 5 6 42 61 62 22 11 18 30 7 49 77 16 47 28 67 37 56 29 12 45 75 66 79 44 71 40 55 19 80 3 14 63 52 65 51 25 9 31 46 59 70 4 43 72 73 8 21 53 27 10 17 26 32 1 23 2 33 
6 33 71 43 9 31 44 70 5 67 28 53 3 47 36 34 46 10 48 39 81 13 51 1 65 62 8 79 24 41 54 66 64 25 76 38 55 15 32 63 4 7 40 77 20 21 73 26 59 61 27 12 22 2 58 50 45 35 17 57 49 42 60 68 78 23 29 80 18 74 11 56 16 30 14 37 72 75 52 69 19 
24 46 53 23 49 54 41 27 79 42 64 62 74 51 44 25 63 7 59 72 32 12 47 26 4 55 3 2 15 36 52 1 80 67 68 71 73 58 60 14 34 50 5 21 48 35 31 76 10 78 28 43 17 33 29 16 70 61 37 39 18 56 77 45 40 81 30 69 13 19 66 75 11 8 9 22 20 38 57 65 6 
18 29 11 61 15 16 4 28 7 21 66 26 23 8 68 52 73 30 45 25 70 37 31 76 79 38 58 27 19 34 48 32 46 10 3 35 24 72 51 36 13 33 6 17 2 77 49 69 14 54 9 56 75 53 47 20 59 43 67 1 22 80 5 65 60 57 39 63 42 71 55 62 74 41 81 12 44 50 64 40 78 
35 22 47 1 81 63 60 26 19 4 31 59 14 49 17 65 70 80 40 69 30 18 29 33 10 56 2 9 12 74 28 44 72 6 73 75 66 64 54 16 39 27 57 53 25 38 8 67 50 58 51 48 23 42 41 15 76 55 68 3 78 11 7 61 20 5 34 24 52 37 32 36 45 21 71 77 46 62 13 43 79 
14 45 80 66 40 58 2 51 50 77 19 39 33 12 37 15 75 20 49 21 67 73 43 52 16 74 23 5 42 61 69 59 57 60 55 13 26 46 78 79 62 11 68 35 76 7 32 24 6 4 30 65 47 72 27 81 34 53 38 71 54 48 8 44 64 1 9 17 10 22 3 41 29 56 18 63 28 36 25 70 31 
78 3 50 36 26 25 15 48 64 14 21 22 6 33 13 75 80 37 28 20 10 65 4 11 81 52 29 67 47 2 45 43 17 19 54 79 57 7 38 41 30 60 9 68 32 44 69 63 62 55 18 71 49 66 40 77 31 74 76 34 58 51 53 27 59 12 46 8 70 72 73 16 42 23 56 35 5 24 39 1 61 
2 71 4 6 42 81 66 46 77 17 56 29 36 23 51 5 28 9 26 45 33 79 22 19 14 18 70 40 35 30 78 75 37 65 7 12 59 76 43 27 61 44 11 24 49 53 68 50 20 64 48 8 10 67 55 21 41 72 25 73 15 54 16 1 13 80 62 34 31 38 69 39 57 52 32 60 74 3 47 58 63 
76 16 35 68 27 65 56 31 55 64 48 72 77 30 26 44 32 67 38 12 6 5 41 54 43 2 42 71 80 62 53 22 24 66 4 69 45 13 15 39 36 81 10 46 14 23 70 58 1 34 61 25 19 57 8 37 60 78 50 59 47 17 9 33 7 79 3 74 11 52 63 28 49 73 51 20 29 40 21 75 18 
62 1 5 45 29 70 61 33 40 25 12 49 59 2 52 3 10 38 24 78 58 57 67 31 9 76 7 11 51 6 39 13 34 14 74 44 19 42 73 48 8 64 21 23 28 27 80 72 54 47 81 26 79 16 32 43 56 71 18 20 63 46 4 37 50 55 77 60 75 15 22 35 41 53 36 30 69 65 66 17 68 
57 8 28 53 73 37 30 22 72 1 18 46 65 63 39 61 54 76 75 49 50 3 69 13 40 71 62 16 81 60 58 64 20 55 33 41 56 67 31 47 12 25 74 66 70 14 7 42 78 43 11 51 9 29 10 23 35 68 52 36 26 27 80 21 32 19 17 5 44 2 24 45 38 79 59 6 4 77 34 15 48 
19 67 60 41 63 23 75 11 74 16 8 42 55 79 47 43 57 15 37 44 59 39 35 80 32 61 17 50 28 48 36 38 10 52 56 72 69 53 6 22 77 34 18 4 58 12 46 13 2 3 21 73 30 31 7 62 29 5 45 24 81 1 49 9 51 65 20 54 68 66 78 40 25 71 33 64 76 14 27 26 70 
49 17 21 20 24 38 7 39 51 40 11 74 19 45 34 58 31 53 30 46 16 36 27 64 73 23 48 77 29 63 42 9 26 59 1 68 33 71 50 78 80 52 55 62 35 65 41 32 76 5 6 60 15 22 69 44 14 75 3 66 70 57 79 25 61 10 4 43 47 56 18 81 8 37 67 2 54 28 12 72 13 
79 58 52 14 44 18 80 43 34 70 7 68 78 20 73 4 50 69 55 15 77 1 60 66 63 53 47 32 21 3 27 49 25 23 5 8 72 16 40 51 65 26 17 37 54 59 33 38 75 56 35 28 74 24 39 42 48 2 13 22 61 12 67 36 41 76 71 57 6 29 30 64 62 81 45 11 10 46 19 31 9 
32 12 10 47 54 9 13 59 69 24 41 35 27 71 62 60 81 66 72 34 68 51 21 25 56 8 74 18 46 15 57 70 61 73 31 76 63 3 2 1 5 75 20 79 29 17 37 45 39 36 40 77 4 52 65 19 30 11 6 33 38 28 64 26 48 67 53 58 49 14 23 42 80 22 78 50 55 16 43 44 7 
31 56 14 50 33 43 11 34 42 55 76 79 38 13 18 70 23 77 52 47 2 8 6 63 26 36 9 21 74 19 67 62 28 4 60 57 40 12 41 5 66 73 53 29 27 72 59 16 22 69 75 80 65 30 54 46 49 10 1 7 39 58 48 51 25 35 68 3 78 45 81 71 15 44 37 61 24 20 17 32 64 
17 36 66 2 39 59 71 65 13 27 37 51 56 80 20 53 43 64 62 70 25 81 61 22 24 29 55 35 5 31 76 42 6 7 34 45 67 33 19 10 48 54 50 16 78 52 63 49 38 1 74 9 77 11 44 57 15 4 60 23 3 30 18 40 47 69 72 73 28 32 12 21 14 26 41 79 68 8 75 46 58 
47 57 37 26 74 1 70 69 29 5 78 61 39 81 75 7 24 28 80 56 3 64 19 67 71 11 49 63 48 77 13 41 12 17 18 58 51 68 52 21 2 20 79 44 45 33 35 4 43 60 23 53 27 32 6 65 9 40 14 76 55 34 38 50 22 30 8 15 16 10 31 46 73 62 66 54 36 25 59 42 72 
45 79 78 64 77 12 72 67 15 32 33 1 31 4 11 36 26 60 53 58 57 44 5 50 23 73 30 51 27 55 56 46 2 8 43 81 35 17 25 28 14 3 61 65 74 54 66 71 34 48 68 10 62 76 21 41 20 22 69 47 80 52 13 39 75 9 37 18 24 63 42 59 40 38 7 49 70 29 6 19 16 
23 9 18 81 4 27 48 30 75 29 67 41 34 19 25 12 35 52 65 59 40 21 15 37 7 17 69 38 54 49 32 80 68 3 16 53 22 6 8 13 58 70 24 39 77 42 51 46 31 20 14 78 50 55 73 64 71 45 72 61 66 26 63 79 2 74 5 11 36 62 1 44 10 60 76 28 47 33 56 57 43 
8 44 51 24 5 41 53 73 32 63 72 3 62 14 46 21 66 54 16 43 79 45 13 34 39 10 33 75 52 20 22 25 40 69 11 64 76 55 1 56 23 4 36 49 7 6 15 17 28 19 57 2 61 47 37 59 78 77 81 12 68 67 42 29 58 48 70 26 27 65 60 38 35 9 31 80 30 18 74 71 50 
55 20 54 80 25 6 38 35 63 9 30 17 50 73 58 16 48 57 66 68 31 28 42 60 76 78 77 70 72 1 10 23 39 79 59 36 15 47 18 32 46 69 71 75 26 45 40 5 12 37 41 44 21 7 33 29 24 8 74 11 2 43 62 56 53 14 19 49 64 4 61 34 81 65 22 67 13 51 3 52 27 
10 52 76 40 16 22 58 19 60 47 49 45 15 44 74 42 59 68 4 75 41 54 46 72 12 1 20 66 65 14 71 37 73 61 26 29 38 81 62 30 11 9 34 57 31 18 36 39 56 24 3 64 8 79 51 27 17 28 35 32 25 70 50 6 80 7 13 23 67 55 43 33 5 77 53 69 2 63 48 78 21 
21 68 46 49 7 62 28 61 3 10 40 69 8 6 65 71 22 2 18 48 35 32 14 27 74 51 38 33 9 47 30 50 78 24 44 15 64 37 80 43 60 63 59 72 42 29 67 25 70 73 58 81 13 26 75 5 53 31 19 79 56 16 36 54 17 20 52 41 66 57 77 76 34 1 55 4 45 23 11 12 39 
69 50 81 72 18 14 64 75 59 71 58 6 61 32 28 37 79 39 34 16 9 7 26 62 22 80 4 41 78 57 33 76 35 53 15 3 21 73 48 29 74 17 23 11 5 20 52 47 44 38 77 54 25 40 68 55 12 67 27 42 45 19 30 60 1 31 10 2 43 36 51 63 65 46 49 13 56 66 70 8 24 
1 47 32 30 62 35 3 15 4 60 65 43 64 56 57 48 29 5 36 74 49 27 18 14 70 50 78 46 34 71 19 81 66 51 10 20 44 45 37 38 9 39 67 61 52 11 58 31 24 16 79 22 6 63 25 73 7 13 26 75 21 23 28 8 33 40 12 76 41 69 53 54 17 59 68 55 42 80 72 77 2 
68 6 41 44 38 28 9 29 31 2 27 33 80 36 10 8 47 24 58 77 73 11 55 43 1 15 64 52 30 16 21 60 59 32 17 26 79 49 12 19 75 13 78 18 69 46 74 14 66 42 67 50 34 45 56 76 81 54 5 65 72 63 3 7 57 71 48 61 23 70 4 37 39 40 20 25 51 22 53 62 35 
39 60 19 33 45 61 55 53 16 44 50 73 41 75 76 26 1 78 35 52 17 30 20 38 48 31 68 43 14 67 63 5 47 2 9 49 28 40 81 46 10 51 66 32 72 70 13 15 69 21 4 27 59 80 77 34 8 62 24 58 29 22 71 11 3 25 64 56 74 42 65 6 54 57 23 7 18 37 36 79 12 
65 70 22 58 23 73 46 57 56 20 77 66 7 68 54 72 62 3 21 40 8 42 33 12 37 28 24 61 79 29 44 55 31 38 25 4 36 80 26 2 63 41 76 60 15 9 43 48 30 10 49 75 51 5 1 14 18 64 53 69 50 6 52 78 39 59 32 47 35 13 27 17 67 34 74 19 16 45 81 11 71 
11 74 7 76 34 49 67 40 17 53 13 52 25 42 21 69 51 22 3 5 23 63 54 39 72 46 19 80 77 58 50 8 56 27 75 62 20 57 70 6 43 1 16 55 71 2 65 12 18 29 32 33 41 37 61 47 36 15 66 78 60 59 35 24 79 68 28 81 26 44 45 30 31 48 4 14 64 10 38 9 73 
25 78 27 54 13 8 20 63 48 34 15 55 35 67 9 46 17 70 61 41 69 71 10 2 66 45 81 72 40 12 65 11 23 39 36 42 4 77 68 24 59 30 22 14 47 64 56 28 7 26 53 62 73 19 74 31 43 49 57 37 44 79 51 18 21 16 80 50 38 75 5 52 32 29 60 33 3 58 76 6 1 
37 77 12 71 66 26 79 42 21 31 63 23 16 11 59 30 18 49 13 32 51 60 75 65 29 47 67 7 1 54 74 24 45 70 6 73 25 50 35 53 64 56 58 3 8 36 61 81 55 72 39 76 57 68 38 40 33 48 80 2 17 4 10 34 15 62 14 46 22 20 9 19 43 78 69 27 41 52 44 28 5 
36 80 2 51 43 5 52 24 10 12 74 4 81 40 19 45 38 14 56 6 76 59 25 79 53 57 44 64 37 13 68 18 69 22 28 48 54 31 27 62 7 65 42 34 33 1 71 78 3 8 17 23 60 35 9 70 32 46 39 41 16 20 11 55 73 29 66 77 72 67 58 49 26 15 61 47 63 21 30 50 75 
59 31 36 19 60 71 8 23 58 50 22 44 21 16 78 18 3 74 27 66 5 47 62 51 2 30 1 73 6 80 7 34 33 12 53 63 81 41 46 45 32 67 25 26 40 55 75 77 61 14 43 68 54 39 20 10 79 42 70 4 52 35 76 13 56 17 49 38 48 11 57 15 72 69 24 29 37 9 28 64 65 
56 40 13 52 55 45 1 16 49 28 68 65 26 57 14 38 11 81 25 63 20 17 23 35 64 7 71 30 75 51 5 4 62 21 72 27 43 29 42 54 24 8 44 10 79 80 60 70 47 59 15 69 32 78 66 9 61 36 22 53 48 37 2 41 19 58 67 6 39 46 50 18 77 74 34 3 31 12 73 33 76 
64 51 72 18 47 79 37 74 46 66 2 48 10 60 69 77 53 36 29 73 4 75 34 21 80 49 50 39 32 9 41 28 15 54 24 59 58 52 61 7 20 35 63 33 65 31 57 19 81 30 1 67 40 56 26 13 11 23 71 5 12 44 6 14 45 3 55 42 76 16 25 78 68 17 43 8 38 70 62 27 22 
43 61 69 25 70 15 33 9 81 45 23 56 5 27 42 6 37 58 22 67 46 26 65 44 41 79 16 20 66 35 8 48 74 76 2 50 14 62 71 64 47 77 13 78 55 3 18 36 72 28 7 4 38 17 57 1 21 51 59 31 30 68 40 75 12 73 60 32 34 24 29 80 19 11 54 52 49 39 10 63 53 
3 63 20 57 6 4 50 66 28 73 43 76 52 29 70 80 9 19 69 10 54 48 78 77 55 32 37 58 71 22 47 68 18 45 67 60 53 39 11 49 1 15 2 59 56 41 24 51 46 12 8 5 33 21 17 7 16 25 34 38 62 75 27 23 31 72 74 30 40 64 26 65 13 61 44 36 79 42 14 35 81 
44 5 67 75 65 21 24 78 38 61 35 30 49 54 31 63 33 4 8 18 39 14 12 28 36 58 53 3 23 25 1 69 13 11 81 17 60 74 34 76 6 22 27 9 19 79 16 10 42 50 29 45 52 64 15 72 77 73 55 46 32 47 56 66 68 43 51 37 62 59 70 2 7 80 48 71 57 41 26 20 40 
7 2 73 32 76 42 17 62 26 39 46 15 79 34 67 1 25 40 19 38 74 52 68 61 59 43 31 37 57 78 70 56 36 77 64 10 50 48 21 72 3 18 30 12 66 49 27 23 65 22 71 11 58 13 63 24 80 33 29 8 14 41 54 81 4 44 35 53 20 9 28 69 6 51 5 45 75 47 55 16 60 
30 27 48 39 22 34 68 80 11 8 71 12 20 24 41 17 7 72 9 3 56 33 76 40 42 13 60 29 43 38 14 61 55 16 46 52 75 51 28 31 70 57 4 73 36 26 53 66 37 62 25 6 35 44 45 74 64 81 65 49 69 50 19 10 77 54 1 21 63 5 79 47 18 2 58 32 67 59 78 23 15 
53 10 77 12 35 29 54 41 14 59 47 64 32 62 55 51 13 75 81 24 11 70 45 57 15 72 6 49 26 44 31 19 65 42 79 40 68 5 69 17 16 23 38 80 37 73 20 74 63 76 2 34 48 9 43 18 28 58 78 60 67 3 39 52 27 8 22 33 71 7 36 61 66 25 1 56 21 4 50 30 46 
51 23 62 77 19 32 39 52 24 81 38 31 57 76 29 28 78 42 64 65 34 43 7 47 54 21 36 68 44 59 35 3 60 48 20 46 11 27 9 58 79 16 45 30 63 67 2 73 4 25 50 15 55 18 71 17 5 41 40 13 6 8 14 22 66 70 61 12 56 53 37 10 33 75 26 72 1 74 49 80 69 
22 28 26 21 57 7 18 72 12 58 59 63 66 61 15 68 4 47 73 19 62 40 44 3 69 16 13 74 50 79 80 14 81 34 23 9 70 65 53 77 42 37 60 5 24 71 10 11 64 39 46 38 45 8 67 36 51 52 75 56 43 25 31 20 30 49 6 48 2 33 35 1 78 55 27 41 17 32 54 76 29 
46 53 29 16 37 20 14 55 6 3 34 8 51 70 50 74 52 27 32 17 63 38 80 30 58 60 10 36 31 76 26 72 5 15 42 56 23 2 13 4 28 59 43 64 61 57 1 65 49 68 47 24 66 75 62 33 22 79 48 18 19 39 69 73 44 41 54 78 7 81 71 77 12 45 35 21 40 11 9 67 25 
34 41 25 9 50 33 74 4 2 49 75 20 67 10 60 14 55 46 76 61 18 24 72 68 11 48 79 65 69 39 62 21 8 47 70 30 29 32 66 3 35 71 73 15 12 22 19 54 40 23 56 37 44 58 81 78 42 1 64 26 7 77 45 5 16 36 27 13 57 17 80 51 28 31 52 59 6 43 63 53 38 
15 81 63 35 1 68 31 3 61 7 79 77 18 48 6 22 30 43 74 4 29 41 8 23 5 25 59 54 45 75 49 33 11 64 12 66 17 19 47 26 50 76 62 51 39 69 78 21 16 32 13 36 14 20 2 80 46 44 28 27 53 65 37 42 67 34 38 52 9 40 72 55 24 70 10 58 71 57 60 73 56 
38 11 70 42 58 30 49 8 80 26 54 24 69 9 33 39 65 17 12 1 75 46 2 6 52 37 57 13 73 27 16 77 71 29 40 22 78 44 74 25 55 10 56 67 21 81 48 53 79 31 76 41 5 61 72 35 47 3 63 68 20 66 15 4 43 32 45 19 14 28 59 60 36 64 62 18 50 34 51 7 23 
75 73 56 67 71 17 78 64 44 80 16 37 2 72 32 62 19 23 31 35 55 53 70 45 33 14 26 4 10 7 25 6 41 28 63 1 48 36 49 18 38 40 8 54 34 43 9 60 51 27 12 52 3 77 50 58 57 76 30 29 59 74 61 46 11 24 21 39 69 47 15 68 20 42 13 81 65 5 79 22 66 
40 66 45 13 79 60 10 36 43 41 73 25 44 5 35 11 64 1 42 9 27 22 56 71 28 77 51 53 67 52 37 2 58 78 61 32 6 20 75 33 81 46 69 31 57 63 72 34 17 7 80 30 26 59 49 12 38 70 16 54 24 55 21 74 62 50 18 29 65 3 76 23 47 19 39 48 15 68 4 14 8 
54 59 65 27 69 48 5 76 47 13 53 36 12 21 56 40 71 45 20 81 78 67 49 15 50 66 39 55 17 24 38 57 19 18 51 43 41 1 72 80 22 14 7 52 68 74 28 62 33 35 70 29 42 6 4 60 73 34 32 10 11 9 23 64 63 26 75 25 79 31 8 58 30 3 16 44 61 2 46 37 77 
20 75 64 4 51 44 22 2 9 30 3 67 13 77 63 49 41 21 50 29 72 23 28 59 61 81 25 78 53 32 66 65 54 68 69 80 12 11 14 34 27 58 46 40 60 48 55 6 26 33 19 18 24 10 42 52 62 56 31 35 71 38 47 17 8 39 57 70 5 76 16 73 1 36 15 43 7 79 37 45 74 
29 35 30 46 14 69 81 18 65 37 39 40 43 7 16 79 27 44 71 53 48 6 77 42 38 75 32 47 56 50 3 74 52 57 58 23 10 78 33 15 21 61 26 41 1 13 25 22 36 45 64 49 12 54 80 67 55 9 20 70 28 5 66 2 72 60 24 68 4 51 34 11 76 63 19 31 73 17 8 59 62 
71 48 61 15 11 19 59 25 54 36 26 5 22 31 64 47 72 65 39 2 12 4 1 10 57 44 46 6 41 43 60 17 29 37 14 70 42 8 55 23 45 68 51 56 53 16 38 52 21 75 78 79 81 74 76 32 63 7 49 40 27 69 73 67 18 13 50 62 58 30 20 9 3 66 28 24 33 35 77 34 80 
50 43 74 28 68 3 27 6 78 54 20 14 71 18 48 10 15 12 70 62 66 76 64 9 17 67 80 1 39 45 24 73 42 36 8 5 30 25 65 44 52 38 37 47 16 56 11 7 41 77 34 40 63 60 22 2 19 26 4 21 51 61 59 49 69 46 81 79 55 35 33 31 23 72 57 75 53 13 58 29 32 
41 55 31 10 17 66 32 45 52 23 81 50 46 53 38 19 60 33 43 37 21 49 79 56 20 35 14 59 61 40 34 16 44 72 30 25 71 22 76 69 54 6 64 28 9 58 5 27 8 80 62 47 39 73 36 68 13 29 11 48 77 24 57 15 74 63 42 1 3 26 75 7 4 18 2 70 12 78 65 51 67 
58 39 49 5 72 56 16 60 67 76 24 28 42 52 66 57 74 62 51 26 15 68 40 41 13 63 73 48 55 64 75 12 77 46 38 7 18 79 4 81 31 36 35 2 80 32 17 1 29 44 20 61 70 71 34 8 3 30 43 45 23 33 78 53 65 6 59 22 37 21 19 14 9 50 11 10 27 54 69 25 47 
42 7 1 8 53 24 36 38 57 68 9 58 70 25 4 73 61 56 60 33 45 19 3 16 31 5 34 10 11 26 2 79 63 62 27 18 77 43 59 74 67 32 48 13 50 51 14 30 35 65 69 66 76 23 12 75 72 6 41 17 37 15 81 80 28 64 47 40 54 78 44 29 46 49 21 39 52 71 22 55 20 
80 76 79 70 12 47 26 13 62 35 6 78 11 69 1 55 34 51 7 36 65 58 24 8 18 54 52 19 33 28 20 31 22 9 49 21 5 75 17 73 72 66 29 63 3 15 4 59 53 67 37 57 2 50 64 39 25 14 46 74 10 60 44 43 38 45 23 71 32 77 41 27 56 16 40 42 48 61 68 81 30 
77 34 23 63 21 40 73 37 33 75 45 32 17 59 80 29 2 8 78 11 47 74 30 55 27 69 22 15 76 81 51 71 4 35 13 67 7 24 57 70 19 49 39 20 62 28 3 43 68 9 31 42 72 46 16 79 54 18 58 50 65 53 1 48 10 56 25 36 12 61 52 66 44 14 6 38 60 64 41 5 26 
48 19 9 55 31 57 77 58 66 65 25 54 30 74 72 33 42 18 17 50 28 2 16 29 67 22 40 26 59 46 12 51 76 1 62 78 37 38 45 75 71 21 14 70 64 8 81 68 52 15 5 39 43 4 53 49 6 60 79 44 41 73 20 3 24 47 36 10 61 23 56 32 69 27 63 34 80 7 35 13 11 
13 14 44 22 32 50 25 7 70 43 52 2 48 78 12 64 16 41 23 42 19 10 9 69 51 3 11 56 18 68 81 20 75 80 37 28 31 54 36 55 40 72 1 76 67 47 21 79 45 57 66 59 71 27 35 26 39 63 61 62 5 29 17 30 46 53 33 65 15 34 74 4 60 58 77 73 8 6 24 38 49 
61 72 75 56 80 11 23 5 20 6 10 7 63 39 53 81 77 26 47 54 1 25 52 49 34 59 21 45 58 65 4 35 32 43 66 31 13 60 24 57 51 79 28 19 22 76 30 29 73 18 38 17 64 36 78 48 74 69 33 9 46 71 70 16 37 27 40 44 8 50 62 12 55 68 42 15 14 67 2 3 41 
4 30 59 74 3 78 12 47 45 46 80 34 75 66 49 35 67 32 79 76 71 62 48 73 8 6 15 17 38 69 72 10 70 5 41 61 9 63 7 52 25 2 65 81 44 19 54 33 60 51 24 16 20 1 28 56 27 37 23 14 36 13 58 77 29 42 11 55 21 68 64 43 22 39 50 40 26 53 31 18 57 
60 65 40 69 64 36 43 1 41 15 70 21 47 37 45 27 44 59 14 80 13 61 32 78 77 4 5 57 2 73 11 52 67 71 29 24 49 10 56 66 26 53 3 74 6 34 22 35 23 46 42 7 28 12 31 54 68 50 8 16 75 72 55 63 81 18 58 51 19 39 38 25 79 20 30 9 62 76 33 48 17 
33 26 38 79 2 53 76 54 37 62 51 19 68 17 5 24 14 71 44 27 64 31 36 81 60 70 43 25 8 23 9 39 16 30 22 47 46 35 20 42 73 12 32 50 41 10 77 3 58 74 63 55 56 49 18 11 1 59 15 67 34 40 65 57 6 52 69 7 45 80 48 13 21 28 75 66 78 72 29 61 4 
81 49 24 29 67 39 35 10 68 22 36 38 28 1 3 76 20 79 63 7 53 56 58 75 46 26 65 60 13 42 55 15 27 74 19 77 34 30 23 11 18 62 33 8 17 61 50 40 48 6 72 32 69 41 52 25 2 57 21 80 4 45 12 31 71 66 78 9 59 73 14 70 37 54 64 16 43 44 5 47 51 
16 62 6 73 46 51 42 21 8 69 57 60 29 58 61 31 56 13 33 30 37 55 38 18 35 20 66 34 49 53 79 63 14 40 50 54 27 4 39 68 15 78 77 48 59 75 26 9 80 2 44 70 11 25 24 3 10 47 7 43 64 81 32 72 5 28 76 67 1 41 17 22 52 12 65 74 23 19 71 36 45 
27 15 34 17 28 52 63 71 18 11 4 9 40 55 23 50 8 73 41 57 24 72 39 74 68 12 45 44 36 21 64 7 3 33 48 6 16 69 5 61 29 80 47 58 43 78 62 37 13 53 65 31 67 14 19 30 66 38 77 51 42 76 22 35 54 75 2 20 60 79 49 26 59 32 70 46 25 81 1 56 10 
################proper############## 

 average_time = 42.500592 

 success runs = 1 

 total average iters = 801317.000000 
