Success!!! 
 
 max_col = 
 81 
 
 run_time = 
 34.275330 
 
 once iters = 
 395365 
 
81 68 53 65 39 23 59 43 12 66 74 34 54 17 3 18 37 62 40 7 67 48 51 60 13 64 57 79 50 61 70 16 36 41 72 33 25 77 9 1 56 55 45 14 35 27 75 2 19 31 10 58 28 20 63 22 6 80 76 26 46 49 30 11 5 42 8 44 69 52 32 21 15 71 47 24 78 38 73 29 4 
4 57 52 31 27 42 56 46 55 14 51 81 59 6 60 5 68 70 26 63 43 71 45 62 37 21 53 47 78 34 49 64 8 18 77 54 17 24 22 74 67 66 29 39 10 50 32 36 76 12 80 13 61 38 25 48 11 1 20 23 28 58 15 33 41 2 16 40 75 73 79 72 9 35 19 7 44 65 3 30 69 
37 76 11 48 47 8 15 61 50 49 4 21 26 19 22 28 10 43 72 35 2 25 59 81 29 65 39 71 44 66 57 9 51 75 3 69 20 32 41 53 5 58 23 42 7 34 56 30 79 17 68 40 33 78 24 13 52 73 14 27 60 36 67 31 55 38 77 80 18 12 6 74 64 46 45 1 62 70 16 54 63 
33 21 26 62 66 44 6 54 74 2 36 8 67 47 55 39 63 77 79 11 73 61 27 49 14 76 68 38 13 42 30 40 80 58 46 10 70 75 15 65 43 12 19 57 4 1 51 22 45 25 29 64 16 3 50 7 69 81 71 41 17 5 37 59 20 34 48 53 78 24 35 9 60 18 56 72 32 23 31 52 28 
14 35 38 58 10 70 9 79 18 24 7 11 20 69 25 41 30 71 80 56 75 6 77 23 42 12 36 45 43 17 28 60 37 4 5 22 78 2 73 59 52 61 16 40 13 49 54 63 57 46 8 48 62 21 34 32 72 19 65 29 31 64 44 68 51 67 1 76 15 26 3 47 33 66 55 50 39 27 81 74 53 
7 51 75 5 3 25 1 40 32 35 65 44 78 12 73 58 80 50 28 47 8 22 41 55 19 16 30 62 23 15 59 24 52 68 29 27 31 33 49 64 81 38 71 11 48 70 60 26 77 69 53 72 9 42 4 2 39 10 57 18 74 45 56 63 66 37 14 17 54 46 43 36 61 13 20 21 67 76 34 6 79 
22 63 72 29 34 30 13 64 24 23 56 38 57 53 61 15 75 16 69 78 66 52 54 20 46 58 1 48 32 2 74 11 65 7 31 35 51 28 3 26 18 50 76 80 36 67 6 41 55 37 39 73 4 44 47 33 21 8 42 79 77 43 9 60 45 71 81 62 19 27 70 25 10 17 49 12 59 40 14 68 5 
2 28 80 60 16 77 67 73 36 45 27 79 29 46 32 64 13 9 5 38 10 17 31 18 4 74 33 76 53 6 26 20 14 1 81 19 62 44 34 63 69 21 8 54 72 59 11 35 23 15 24 52 47 71 40 3 78 55 70 51 12 68 66 56 39 7 50 30 57 61 65 49 43 22 48 75 25 41 42 37 58 
41 78 45 20 49 69 19 71 17 52 48 1 72 31 40 42 76 33 24 32 3 15 70 34 44 50 9 67 39 63 73 12 56 25 21 55 60 37 30 6 27 68 47 79 46 5 66 43 65 7 14 18 74 81 53 61 54 35 16 75 38 62 59 58 10 22 29 23 4 28 64 13 77 2 51 36 80 11 57 26 8 
61 65 55 28 30 72 2 67 52 79 70 29 1 73 59 76 57 80 66 37 56 26 13 64 16 10 19 23 6 11 33 42 45 74 53 34 27 68 8 35 17 63 5 46 43 38 12 81 58 75 41 22 60 48 18 31 47 62 36 71 39 21 3 9 24 51 7 54 44 14 69 50 4 32 40 78 77 20 49 15 25 
10 48 78 21 35 74 64 18 31 19 15 36 2 37 68 66 4 49 81 72 57 7 50 69 30 80 3 60 79 41 55 14 12 61 63 9 32 52 45 51 65 76 25 70 47 77 46 71 59 54 40 62 17 13 20 42 38 44 6 56 22 75 53 39 1 33 26 58 34 29 23 27 67 28 11 43 8 24 5 73 16 
71 24 4 12 17 43 57 26 19 20 38 23 10 30 58 72 44 81 45 25 27 40 60 41 73 29 22 8 77 1 62 46 5 70 56 13 53 16 6 21 28 78 59 3 11 76 55 80 37 61 9 33 52 7 32 69 15 14 67 63 49 54 64 42 79 74 66 18 31 36 2 48 39 34 50 65 51 75 35 47 68 
73 59 77 8 60 47 53 29 13 33 28 63 9 61 75 34 45 6 1 65 32 79 44 68 11 14 35 54 22 51 81 66 72 15 7 21 4 31 57 20 64 67 36 37 49 18 23 78 74 26 5 50 69 39 12 43 24 48 58 46 2 27 80 10 38 40 25 52 76 16 55 17 30 56 62 42 41 3 70 19 71 
58 49 41 80 9 50 32 56 68 8 64 39 74 5 21 78 7 25 52 34 18 23 62 63 24 55 28 35 19 38 36 43 71 59 2 67 10 22 48 60 1 13 14 15 40 20 70 57 27 42 6 66 79 51 33 16 76 11 77 81 45 73 17 12 65 3 61 72 30 47 4 75 53 26 46 69 37 54 44 31 29 
44 46 63 27 15 34 37 1 51 11 40 26 17 22 35 12 47 69 75 42 78 38 71 36 6 77 58 10 31 68 80 49 32 48 76 4 72 74 56 24 54 9 73 18 39 8 3 53 30 65 16 43 2 19 61 29 66 70 7 25 79 52 50 5 21 41 45 67 28 62 20 57 13 59 14 81 33 55 60 23 64 
36 22 33 7 38 62 70 16 20 56 54 3 42 24 50 53 32 46 31 43 17 67 9 76 61 51 15 37 52 78 58 47 28 39 57 75 34 81 44 19 29 26 12 69 66 25 4 49 1 35 63 14 10 73 30 23 40 41 5 55 65 13 60 80 11 68 64 71 8 77 59 6 48 72 79 45 2 74 27 18 21 
23 81 76 40 75 3 79 25 14 16 77 31 27 41 43 67 51 48 59 39 21 2 46 47 74 5 54 44 17 29 18 69 30 20 26 65 7 61 62 42 71 33 38 55 50 64 36 11 28 45 72 24 56 34 8 19 1 37 68 35 4 78 10 70 60 53 73 32 49 63 13 15 66 52 9 22 58 57 6 12 80 
54 42 5 6 11 45 69 66 39 62 14 65 18 71 13 52 60 55 49 20 70 53 12 48 33 8 4 16 27 25 50 73 40 64 24 3 58 23 80 41 30 2 79 77 75 44 21 31 68 32 67 47 29 15 59 51 28 57 74 9 26 34 72 46 81 19 43 35 22 37 78 56 38 7 1 17 10 61 76 63 36 
15 36 20 43 64 67 61 60 62 29 2 41 31 75 65 49 25 30 37 4 35 76 6 46 10 57 5 11 16 52 3 18 22 71 45 68 69 1 72 47 77 70 13 33 81 54 38 39 56 59 42 28 40 26 48 8 12 63 24 44 55 66 7 79 58 73 34 74 17 53 21 19 51 80 27 14 23 32 9 50 78 
69 58 9 16 48 26 52 4 56 43 72 45 8 11 79 33 71 47 18 29 62 80 24 28 23 36 21 70 55 74 27 50 2 65 67 39 49 59 5 76 15 19 37 34 44 78 10 61 32 57 17 7 77 12 68 75 14 46 3 53 1 25 41 30 40 81 51 63 64 42 38 35 73 31 54 66 6 22 13 60 20 
19 55 13 75 18 32 23 37 71 1 68 10 61 21 64 77 24 78 16 27 26 63 69 8 12 3 11 42 56 14 54 59 47 9 49 48 6 29 4 73 74 30 28 20 52 31 79 46 66 80 22 35 5 72 62 65 45 17 38 39 51 15 58 57 76 50 36 60 7 67 44 2 34 81 70 33 53 43 25 40 41 
53 50 7 25 31 59 40 47 41 76 55 17 6 32 18 56 20 63 58 13 52 66 65 9 78 79 61 29 64 81 38 35 57 24 28 26 39 46 75 8 14 48 60 21 42 19 49 3 15 34 73 51 71 43 67 74 36 30 11 37 27 80 23 54 70 4 5 22 77 72 33 45 12 44 16 10 69 1 68 62 2 
42 3 21 72 6 10 33 30 28 73 23 27 36 70 44 40 34 12 7 14 20 51 2 1 68 22 43 78 63 60 37 80 77 66 25 76 54 45 17 62 38 56 58 64 26 55 81 67 75 74 69 8 11 53 9 57 31 59 35 52 29 50 18 24 32 48 49 13 16 15 47 41 5 19 61 71 46 39 79 4 65 
57 79 2 17 1 78 5 68 46 67 26 28 48 13 81 60 15 52 39 54 64 59 56 50 38 41 32 75 30 58 19 61 23 53 34 73 12 80 24 40 11 51 43 25 3 63 65 27 36 9 18 4 44 76 16 70 22 71 72 33 42 69 47 14 6 29 10 66 62 31 8 20 35 45 21 49 7 77 37 55 74 
70 38 12 35 65 29 39 49 76 51 57 62 7 50 80 74 66 19 34 53 77 72 73 31 25 17 55 5 33 44 4 21 79 46 1 15 41 63 36 2 32 16 9 22 27 14 20 64 47 58 37 45 48 60 43 10 13 26 81 54 6 40 61 23 69 78 11 68 71 56 52 18 3 24 75 8 42 30 28 59 67 
63 11 73 77 51 27 54 74 81 42 22 46 3 35 5 14 16 37 19 44 48 60 15 30 40 45 67 41 72 69 7 62 13 31 12 8 50 53 66 71 57 23 10 68 55 24 33 6 52 29 70 2 21 25 28 49 79 34 4 32 76 20 78 61 75 43 9 59 80 39 1 65 17 58 26 38 36 64 18 56 47 
66 80 44 24 45 22 34 14 8 69 53 54 38 4 9 59 58 39 74 49 33 42 47 71 81 70 75 20 36 43 17 32 10 6 40 51 61 35 18 7 31 79 67 65 78 68 16 50 13 62 1 30 23 41 77 73 2 64 60 19 21 56 5 26 12 46 55 27 37 3 25 28 52 15 29 57 76 48 63 11 72 
77 2 74 26 21 35 80 42 47 37 34 73 22 67 54 24 56 10 48 79 46 75 39 17 59 18 52 65 60 7 66 36 49 14 6 11 16 30 38 69 41 20 40 72 32 3 76 1 31 33 81 5 58 57 19 45 70 53 8 43 78 44 71 15 50 23 63 12 25 4 29 55 28 27 68 62 13 51 64 61 9 
31 32 57 63 54 51 8 13 69 74 35 15 65 66 41 75 48 17 78 28 6 68 21 7 3 49 42 18 67 55 76 29 43 80 30 5 11 12 1 52 60 25 70 36 45 26 40 23 61 44 38 27 73 16 64 34 46 50 56 10 37 24 4 62 71 59 72 14 9 22 19 77 79 53 2 20 47 33 39 58 81 
52 62 81 44 20 60 3 39 45 53 78 6 58 33 76 80 59 40 35 61 71 43 29 66 1 34 27 17 69 77 15 56 64 10 68 57 13 47 63 46 55 8 26 5 54 9 50 7 22 28 19 65 25 4 21 79 67 74 12 31 30 32 36 18 2 11 75 49 42 51 48 73 14 70 37 41 72 16 38 24 23 
75 27 23 18 67 46 12 19 40 50 61 25 5 36 49 71 28 45 51 33 11 14 26 57 58 4 24 52 73 8 48 31 74 37 22 2 43 39 68 34 21 59 44 81 79 6 62 17 80 60 13 42 20 77 1 9 55 72 41 47 66 7 76 53 64 10 54 70 65 30 16 38 56 78 69 63 15 29 32 35 3 
28 1 24 66 29 68 76 50 43 31 46 9 60 44 57 38 42 79 12 81 25 69 72 15 45 2 47 40 4 54 21 63 62 78 41 70 22 27 51 58 7 77 53 10 17 48 64 18 14 56 34 59 30 32 11 5 75 13 49 3 23 16 26 6 37 35 67 20 36 33 61 39 8 73 52 74 71 80 55 65 19 
25 15 70 71 78 65 4 34 37 77 63 55 19 16 11 62 69 8 73 22 5 56 53 10 80 44 41 50 28 72 13 23 46 32 51 24 9 3 64 61 76 14 18 74 31 75 52 68 49 66 54 29 12 67 57 6 20 38 27 2 33 35 39 45 26 47 79 21 60 40 81 58 1 48 7 59 30 42 36 17 43 
9 73 59 53 41 14 72 55 5 18 30 47 4 29 26 32 64 7 67 77 60 8 37 13 31 38 16 3 35 20 25 39 75 81 33 45 56 78 2 23 19 6 48 71 28 36 15 74 70 63 11 69 24 79 58 17 65 42 40 61 54 51 62 52 68 80 27 57 43 1 34 76 50 10 22 44 49 21 12 66 46 
17 16 48 36 33 58 7 10 38 3 43 72 51 1 39 20 70 68 76 40 19 30 64 54 62 63 23 12 9 47 79 27 42 26 61 59 15 65 50 75 49 57 66 73 24 71 37 55 53 2 35 21 8 45 14 28 25 22 52 69 80 81 29 78 44 13 56 31 41 74 46 32 11 6 34 5 4 18 77 67 60 
6 30 64 79 56 61 11 22 49 27 13 12 21 52 2 81 14 23 70 9 36 20 55 74 50 32 65 58 71 16 1 34 53 44 19 38 67 4 42 80 62 29 33 35 37 72 41 10 39 78 43 46 51 47 60 15 73 68 63 77 18 59 48 8 7 17 28 3 24 5 66 69 75 25 31 76 57 26 54 45 40 
27 44 46 33 32 21 66 12 15 28 16 52 81 14 20 69 23 42 55 73 72 34 4 26 43 78 80 19 41 57 35 77 70 40 36 18 29 79 65 11 6 3 22 50 2 56 47 25 9 30 60 1 7 31 75 59 49 51 17 76 13 74 8 48 67 54 24 39 63 58 68 37 45 62 5 64 61 71 53 10 38 
72 52 68 57 50 1 65 35 29 6 75 40 45 63 7 44 21 73 3 36 58 5 23 39 15 67 70 56 2 62 20 22 11 49 64 17 81 76 69 16 25 24 41 19 74 53 71 13 26 48 61 38 78 59 79 47 42 28 33 60 14 9 77 51 31 18 80 8 27 32 10 12 54 37 43 4 55 34 66 46 30 
39 13 40 59 2 9 41 38 3 30 79 70 55 25 4 8 29 64 27 1 16 44 32 61 21 48 31 24 58 71 43 75 60 33 73 72 36 5 23 68 37 35 80 47 18 42 77 45 17 81 46 12 63 50 56 54 10 7 69 34 15 67 52 66 62 6 22 65 20 57 53 26 76 11 74 51 28 78 19 14 49 
76 53 79 81 71 5 47 20 48 54 62 24 39 51 31 50 3 22 42 18 30 74 17 77 49 28 38 69 8 45 44 25 61 23 9 12 1 34 59 14 26 10 72 78 60 16 43 65 67 73 58 11 32 2 46 64 37 4 19 66 63 57 27 75 15 52 41 55 33 21 56 7 36 40 35 68 70 13 29 80 6 
8 10 67 64 22 24 17 23 25 46 76 2 32 49 56 37 41 26 60 59 51 45 66 40 57 7 29 14 48 79 53 74 54 63 15 78 42 58 31 77 20 43 61 12 33 35 28 72 4 21 3 34 6 5 39 55 80 36 62 68 16 18 70 38 13 30 44 19 73 81 71 11 69 50 65 47 27 52 75 9 1 
45 74 18 37 61 54 75 11 6 5 47 77 34 78 12 10 43 67 9 69 68 24 22 19 52 62 63 81 1 80 16 28 4 29 38 42 46 66 32 57 44 17 55 13 71 41 27 70 51 64 23 36 14 40 73 30 53 21 26 58 20 2 65 25 35 60 76 79 72 50 49 3 7 33 15 39 31 56 59 8 48 
34 60 14 51 26 73 31 78 4 48 58 19 13 72 36 27 38 35 53 6 47 50 81 2 64 20 10 68 66 65 32 37 67 30 59 7 21 62 40 54 75 39 49 56 15 33 69 76 8 79 55 74 80 52 71 25 43 12 44 11 41 29 22 28 9 70 17 1 46 45 5 61 57 77 3 16 18 63 23 42 24 
62 19 30 42 77 55 16 28 80 15 71 53 33 60 1 68 17 61 13 75 37 11 8 65 41 56 79 39 46 21 51 5 76 47 52 31 63 9 70 48 73 4 27 7 64 57 22 54 29 10 66 44 18 49 35 40 3 45 50 78 24 6 38 69 34 14 23 2 74 43 36 59 25 12 67 32 20 81 58 72 26 
56 69 43 70 7 36 49 58 63 65 11 59 80 9 66 57 18 74 25 46 76 12 33 14 35 54 71 55 10 26 34 13 3 50 27 6 45 67 28 30 8 52 51 38 53 62 68 75 24 19 15 20 39 37 23 72 61 5 32 48 81 1 31 4 47 16 42 64 29 78 77 40 41 79 44 60 22 73 21 2 17 
74 56 8 38 46 40 51 17 58 61 67 33 24 23 10 48 49 11 29 16 31 55 7 59 39 53 72 6 21 22 64 19 18 69 54 66 76 13 47 12 50 34 32 60 77 52 73 15 5 27 44 3 35 36 80 20 68 2 30 4 71 63 81 43 78 75 37 42 45 79 9 70 65 1 41 25 26 14 62 28 57 
79 6 54 3 43 4 73 48 34 59 69 57 47 39 17 63 9 1 14 19 74 36 61 42 71 35 45 80 29 5 10 30 25 16 60 44 65 64 33 66 46 53 56 24 21 37 26 38 50 51 78 81 76 68 72 67 32 15 75 62 8 31 55 41 18 28 20 77 2 11 58 22 40 49 23 70 52 12 7 27 13 
47 29 71 2 63 16 25 36 11 38 42 22 30 77 37 21 50 3 6 76 13 81 43 56 17 23 8 26 51 40 24 79 27 45 70 74 57 14 58 39 68 72 15 44 69 32 18 28 62 55 31 75 64 80 49 1 41 61 48 7 52 53 34 65 73 66 19 46 35 60 12 67 59 9 4 54 5 10 20 78 33 
80 67 62 45 14 76 81 69 42 41 52 13 66 28 16 51 31 20 30 57 40 49 25 5 54 60 34 32 12 39 9 38 50 35 8 77 2 71 26 55 3 37 63 75 73 10 72 79 48 4 33 17 1 70 22 78 27 65 47 36 11 46 19 7 59 61 53 56 23 68 74 64 24 21 6 29 43 58 15 44 18 
50 20 10 41 37 57 22 24 26 34 81 32 40 54 70 29 27 76 47 64 44 58 48 12 63 11 46 43 75 33 71 72 68 56 78 52 38 8 19 36 79 49 62 67 9 13 25 59 7 14 2 61 65 74 69 18 60 23 45 5 35 77 28 1 4 21 15 6 51 17 31 30 55 3 42 73 16 66 80 53 39 
65 33 39 15 55 64 27 75 1 58 73 80 62 7 14 35 26 36 50 68 22 37 52 78 67 9 77 49 47 23 63 2 34 11 4 81 5 10 43 18 70 41 20 28 6 30 42 21 46 16 12 71 53 69 66 56 74 79 29 17 59 3 24 44 25 32 40 48 38 13 57 54 19 60 8 61 45 72 51 76 31 
5 18 66 49 70 19 78 44 21 68 8 4 25 45 6 65 55 2 32 24 28 73 79 38 27 26 20 57 59 53 46 15 17 62 37 1 35 7 54 22 80 40 52 31 61 60 29 56 41 23 77 67 34 63 42 12 51 9 43 13 58 14 33 71 3 76 39 36 47 10 72 16 81 30 64 48 50 69 74 75 11 
68 9 61 32 53 12 28 31 59 78 44 60 15 74 72 19 5 56 33 51 1 18 3 70 65 75 2 7 42 67 41 48 73 36 13 20 30 25 11 81 23 45 4 17 29 43 58 8 40 22 49 39 66 6 37 76 57 16 21 64 10 26 54 55 27 62 69 50 52 80 14 24 71 47 63 35 38 79 46 34 77 
60 7 35 23 52 13 30 72 77 64 12 75 79 18 71 43 46 53 21 15 4 41 10 80 69 66 62 31 61 3 14 76 58 55 65 28 59 48 74 27 78 1 42 51 16 47 19 9 20 24 57 54 45 11 70 44 50 6 39 40 73 38 25 81 49 8 33 5 26 34 63 29 22 67 36 37 17 68 2 32 56 
49 47 36 50 58 41 55 80 72 17 19 68 44 57 42 23 67 4 77 31 63 32 30 24 26 43 7 1 20 56 8 71 6 12 48 37 18 51 25 13 16 22 69 62 38 46 34 14 3 11 27 78 75 66 5 21 64 33 53 15 70 61 45 29 54 65 2 81 79 9 73 10 74 76 28 52 60 59 40 39 35 
11 70 51 69 62 6 26 59 16 36 32 30 77 48 29 31 35 38 22 10 79 33 76 3 9 68 66 61 49 18 65 55 63 52 42 47 73 40 78 44 72 27 74 45 34 15 2 5 54 53 21 80 81 23 41 39 7 25 46 12 56 28 43 13 8 24 60 4 50 20 37 1 58 57 71 19 14 17 67 64 75 
18 17 56 78 44 66 21 77 79 22 45 76 49 65 63 55 39 13 61 2 54 46 36 35 60 15 81 4 5 31 72 57 16 19 74 43 33 41 67 3 53 75 11 6 1 58 7 29 69 70 20 26 42 64 52 38 59 24 51 80 34 37 40 27 14 12 32 47 68 48 28 71 23 8 73 30 9 62 50 25 10 
32 39 22 14 40 28 35 15 61 12 9 5 64 43 78 70 33 41 71 58 65 1 67 25 51 73 50 59 34 13 29 81 7 77 69 79 47 60 76 10 24 54 31 30 23 4 74 37 16 8 62 6 38 17 27 68 63 20 66 57 75 11 2 19 52 72 46 26 56 44 18 80 42 36 53 55 3 49 48 21 45 
29 43 1 74 73 31 42 8 27 10 6 14 56 81 34 79 2 72 41 55 49 70 78 11 20 37 17 66 80 64 75 58 44 28 50 30 52 57 12 9 35 15 21 26 19 61 48 60 71 18 65 68 13 24 3 62 77 67 23 16 36 76 69 40 53 45 38 25 39 59 51 5 47 54 33 46 63 7 4 22 32 
46 37 34 68 25 7 48 53 2 21 50 61 52 40 8 3 1 18 64 74 12 13 75 45 5 19 69 9 38 73 60 54 15 67 39 14 71 49 55 32 59 80 81 29 65 51 31 33 63 43 76 77 57 28 10 4 35 47 78 22 72 30 79 17 42 36 58 16 6 23 62 66 26 20 24 56 11 44 41 70 27 
12 71 60 52 4 63 45 57 10 47 37 66 75 80 69 25 73 59 38 62 39 21 42 27 34 6 40 53 24 36 11 26 78 76 35 23 14 50 46 28 48 5 68 43 20 22 44 32 72 1 79 55 67 56 54 81 58 18 9 8 19 17 74 49 30 64 3 7 70 41 15 33 31 61 13 77 29 2 65 16 51 
67 5 65 13 19 20 38 81 23 71 24 74 53 62 27 46 54 28 8 48 14 4 80 16 56 52 59 51 45 10 22 41 33 3 17 40 64 70 39 79 58 7 2 66 63 73 35 47 25 49 36 9 50 30 29 26 44 60 55 6 32 42 1 77 61 31 57 11 21 76 75 43 72 68 18 15 34 37 78 69 12 
30 64 3 54 76 33 24 9 75 60 20 7 16 15 51 26 11 58 57 23 29 47 28 53 18 72 44 2 25 46 68 70 21 27 32 62 37 56 77 4 42 36 17 61 8 40 45 52 12 39 59 41 19 10 31 71 48 49 13 73 50 65 14 34 74 69 35 78 67 55 22 63 6 38 80 79 81 5 43 1 66 
59 31 27 76 69 52 77 41 64 13 21 35 50 56 33 11 19 57 43 67 55 62 5 6 8 40 78 74 18 9 47 7 38 22 79 16 28 17 61 72 66 73 46 48 51 12 80 24 81 3 45 32 36 1 15 63 30 39 34 70 44 4 75 20 29 25 68 10 14 71 54 60 2 42 58 23 65 53 26 49 37 
13 45 49 19 24 71 29 2 78 75 41 18 23 58 46 1 40 54 56 66 80 27 68 44 47 39 60 73 62 12 77 33 69 57 43 64 26 15 20 70 34 31 3 8 59 7 67 51 38 6 4 16 72 65 17 50 81 76 37 28 48 22 21 36 63 5 52 61 53 35 30 42 32 55 10 9 74 25 11 79 14 
51 75 16 22 57 39 63 7 44 72 25 69 37 38 52 9 6 5 10 50 45 19 20 21 53 61 26 13 3 28 56 1 35 42 71 58 79 18 29 33 4 81 54 32 30 74 59 40 43 76 47 23 55 46 36 14 8 27 31 49 67 60 68 73 80 77 65 24 11 2 41 78 62 64 12 34 66 15 17 48 70 
43 4 42 11 36 56 74 3 9 32 10 16 68 55 15 17 78 14 63 12 34 65 1 37 77 81 76 25 70 30 61 67 31 21 20 46 19 38 53 45 47 44 57 52 80 79 8 48 35 50 64 60 26 29 2 41 23 66 73 59 5 33 51 22 28 39 13 75 58 49 40 62 27 69 72 18 54 6 24 71 7 
20 23 58 30 72 37 50 62 65 44 49 43 71 2 74 36 12 34 15 52 24 28 35 22 7 13 48 63 26 4 6 45 81 54 55 80 40 21 14 25 39 69 64 27 67 17 53 66 73 77 75 70 41 61 38 11 29 78 1 42 3 10 57 47 46 56 18 9 32 8 76 79 16 51 60 31 68 19 33 5 59 
48 26 28 55 5 53 46 6 67 4 80 42 76 64 62 30 79 66 54 17 9 31 14 51 70 69 73 36 68 59 39 10 29 72 75 60 77 11 35 37 22 74 50 2 56 21 63 34 78 20 25 49 15 58 13 24 71 43 18 65 61 19 32 16 33 27 12 45 81 38 7 23 44 41 57 40 1 8 47 3 52 
21 40 47 34 68 15 18 33 73 39 29 20 70 59 77 7 65 24 36 30 38 64 58 4 32 46 49 27 11 48 78 8 19 17 66 53 23 55 16 5 10 60 75 76 41 2 14 44 42 13 71 57 54 22 74 52 9 69 25 45 62 79 12 3 72 26 31 37 1 6 67 51 80 63 81 28 35 50 56 43 61 
35 14 17 1 81 80 60 32 66 26 31 67 28 8 47 61 22 51 11 3 41 29 74 79 75 42 25 15 76 37 40 44 24 2 23 49 68 36 71 43 63 65 6 9 12 69 30 62 33 5 52 10 27 18 7 77 56 58 54 72 53 55 16 64 19 57 59 34 48 70 50 4 78 39 38 13 21 46 45 20 73 
38 8 25 61 12 79 10 70 54 63 3 48 73 27 53 45 81 60 23 71 59 16 57 72 2 33 18 34 65 32 5 52 41 51 14 50 24 42 7 78 13 62 1 49 58 28 39 19 11 68 56 37 31 9 6 35 26 40 80 20 64 47 46 74 43 55 21 15 66 69 17 44 29 4 30 67 75 36 22 77 76 
24 41 31 47 80 17 20 21 57 25 33 78 11 42 23 2 72 15 44 70 7 10 40 32 22 27 37 30 54 19 69 51 48 73 58 61 75 26 52 50 36 64 77 59 76 81 1 4 6 38 28 53 68 62 65 46 16 29 79 14 9 39 35 67 56 49 71 43 5 18 60 34 63 74 66 3 12 45 8 13 55 
64 12 32 10 28 81 68 5 60 55 18 49 46 79 45 6 53 65 4 8 50 9 38 29 72 71 51 77 37 75 2 17 66 13 62 63 44 20 27 56 40 11 7 16 22 39 57 42 34 41 74 15 59 35 76 80 19 31 61 30 43 23 73 21 36 58 47 69 3 25 24 52 70 14 78 26 48 67 1 33 54 
3 72 69 39 79 49 14 52 70 7 59 37 41 34 38 4 74 44 17 45 42 78 63 73 76 47 13 21 15 27 31 65 9 60 16 36 8 54 10 29 33 71 30 23 57 80 24 58 64 67 50 25 43 55 51 66 18 75 2 1 68 12 6 32 48 20 62 28 40 19 26 53 46 5 77 11 56 35 61 81 22 
1 66 50 56 74 75 36 27 33 57 60 51 63 20 28 13 77 31 62 21 23 54 49 43 55 30 12 46 81 24 67 6 39 5 18 41 48 19 79 15 45 32 35 4 68 11 9 73 10 52 26 76 22 8 78 53 17 3 59 38 69 71 42 2 16 44 70 29 61 64 80 14 37 65 25 58 40 47 72 7 34 
55 61 29 67 8 2 62 51 22 81 5 58 35 3 24 47 36 75 65 80 69 57 16 33 79 59 56 64 14 76 52 53 1 43 44 71 74 6 37 31 12 42 34 63 70 66 13 20 18 40 32 19 49 54 26 60 4 77 15 21 25 48 11 72 17 9 78 38 10 7 45 46 68 23 39 27 73 28 30 41 50 
26 34 15 9 13 38 44 76 35 80 39 71 69 68 48 16 62 29 46 5 53 77 11 75 36 24 64 28 7 50 45 78 59 79 10 56 3 72 21 67 61 18 65 1 25 23 17 12 60 47 30 31 70 14 81 58 33 54 22 74 40 41 20 37 57 63 6 73 55 66 27 8 49 43 32 2 19 4 52 51 42 
16 77 6 46 59 18 43 45 53 40 1 64 12 10 30 22 52 27 2 41 61 3 19 67 66 25 14 33 74 35 42 68 26 8 11 32 55 73 81 38 9 47 24 58 5 65 78 69 21 72 48 63 37 75 44 36 34 56 28 50 7 70 49 76 23 15 4 51 13 54 39 31 20 29 17 80 79 60 71 57 62 
78 54 37 4 23 11 71 65 7 70 66 56 43 26 19 73 61 32 20 60 81 35 18 58 48 31 74 72 40 49 12 3 55 34 47 25 80 69 13 17 2 28 39 53 14 29 5 77 44 36 51 79 46 33 45 27 62 52 64 67 57 8 63 50 22 1 30 41 59 75 42 68 21 16 76 6 24 9 10 38 15 
40 25 19 73 42 48 58 63 30 9 17 50 14 76 67 54 8 21 68 26 15 39 34 52 28 1 6 22 57 70 23 4 20 38 80 29 66 43 60 49 51 46 78 41 62 45 61 16 2 71 7 56 3 27 55 37 5 32 10 24 47 72 13 35 77 79 74 33 12 65 11 81 18 75 59 53 64 31 69 36 44 
################proper############## 

 average_time = 34.275330 

 success runs = 1 

 total average iters = 395365.000000 
