Success!!! 
 
 max_col = 
 81 
 
 run_time = 
 33.489900 
 
 once iters = 
 407263 
 
53 45 80 19 79 58 28 66 47 22 76 36 65 34 78 11 56 1 54 21 62 12 3 25 75 43 42 35 29 63 44 57 33 74 73 27 6 41 48 39 40 50 10 2 4 55 61 26 9 46 14 20 77 7 15 70 37 5 59 64 51 60 72 16 24 38 17 31 52 68 30 81 67 71 32 18 69 23 13 8 49 
40 36 20 1 34 54 73 32 4 45 16 55 77 81 49 31 53 3 9 30 57 39 67 64 44 37 66 13 46 78 8 23 70 6 71 41 19 72 52 29 38 76 61 24 56 5 58 12 79 18 48 47 21 43 68 35 63 26 27 11 65 80 75 60 74 42 10 7 62 28 59 69 25 17 51 22 50 15 2 14 33 
56 12 7 24 55 51 6 21 50 71 54 39 74 14 79 64 80 38 46 10 5 40 17 65 29 33 73 1 68 77 28 3 61 18 72 9 42 59 15 69 23 11 62 30 44 67 25 75 27 16 60 78 4 76 2 81 41 47 32 20 52 34 49 48 53 37 8 63 22 36 13 45 66 19 26 57 43 58 31 70 35 
27 44 17 15 42 26 37 23 59 66 21 9 28 63 29 68 60 43 11 34 55 76 48 6 72 35 61 52 2 7 30 10 16 39 62 32 57 54 67 18 22 49 20 74 80 13 51 70 50 81 36 24 69 19 38 8 31 77 78 33 56 73 4 41 58 25 3 46 64 71 40 14 65 79 1 75 5 45 12 53 47 
18 61 8 78 11 74 38 46 57 75 19 51 58 13 17 44 6 30 14 23 68 69 50 59 77 49 56 43 45 55 15 37 34 25 60 53 32 36 26 31 63 5 65 64 81 41 71 29 3 33 73 72 35 39 79 12 62 66 28 7 48 22 16 47 20 54 80 70 2 1 67 21 10 52 42 9 40 4 24 27 76 
70 49 77 33 13 5 2 3 31 62 4 46 32 41 72 27 26 61 79 7 81 18 8 60 58 51 15 48 40 19 47 36 76 22 42 54 45 71 25 1 75 53 35 21 68 52 34 64 38 65 63 66 74 28 69 67 57 10 14 17 30 24 39 43 56 12 9 44 23 73 55 50 16 11 20 6 80 37 59 29 78 
60 41 64 75 29 14 71 39 67 42 10 73 15 33 20 7 12 23 36 38 4 22 45 16 2 52 1 50 31 49 56 51 69 26 24 58 27 28 37 70 55 13 9 17 47 80 30 57 8 44 68 40 59 11 46 6 76 3 21 43 74 53 25 32 19 79 65 78 35 18 5 66 62 63 72 54 34 81 77 48 61 
52 62 68 76 63 48 9 81 16 2 35 8 25 50 67 57 5 69 47 24 20 53 31 32 70 19 13 79 17 64 38 59 14 80 21 65 34 66 78 43 7 60 12 51 77 22 37 56 42 45 1 54 6 10 71 23 61 29 40 36 18 58 44 15 27 4 75 33 49 72 26 11 30 55 74 39 41 46 3 73 28 
65 10 72 22 43 69 25 35 30 70 52 47 59 48 18 24 40 37 27 26 80 28 74 41 71 78 63 5 66 12 20 67 4 81 75 11 33 16 8 58 79 46 3 14 73 23 53 15 32 17 2 62 31 49 42 45 55 9 54 1 13 19 50 34 6 51 76 61 29 39 57 77 56 44 7 36 60 38 21 68 64 
39 20 70 36 33 50 58 80 1 38 65 79 9 12 35 73 54 24 37 72 64 81 71 42 68 40 32 28 16 18 52 66 41 31 53 34 21 10 22 5 49 8 67 15 46 60 3 51 76 43 29 56 14 45 26 17 7 69 61 77 59 75 48 30 78 6 44 23 47 57 25 19 74 2 63 11 62 27 55 4 13 
19 7 52 60 69 65 79 49 42 46 11 71 63 29 61 22 78 57 39 2 48 77 33 47 53 74 38 76 25 67 62 6 40 8 15 4 23 73 81 27 54 75 36 68 14 26 55 16 72 20 32 59 10 66 45 13 44 1 35 28 24 31 34 58 41 17 56 51 18 21 50 43 12 37 64 80 3 9 5 30 70 
55 24 9 46 25 75 26 15 78 30 45 34 14 44 43 52 76 31 70 16 49 5 13 17 4 3 21 65 10 23 33 72 80 58 38 56 63 51 35 47 61 71 40 79 29 7 1 11 12 62 74 27 39 48 20 42 73 18 50 8 81 66 6 2 67 53 69 54 37 77 64 28 41 59 19 60 57 36 68 32 22 
17 71 59 53 35 77 31 16 12 39 56 18 20 25 2 37 51 70 60 67 26 79 7 52 61 46 41 22 5 45 68 9 55 50 1 75 3 34 13 24 28 43 80 78 32 73 4 40 58 63 19 38 33 30 47 54 64 36 74 72 57 14 23 27 42 15 49 65 8 48 11 62 21 66 6 10 76 44 81 69 29 
45 5 11 2 72 4 63 74 54 80 13 66 3 21 19 67 16 68 24 22 8 23 62 55 15 58 78 60 20 29 77 61 32 57 47 81 7 38 69 9 76 48 64 1 6 44 28 18 71 49 34 53 75 25 27 52 12 30 10 41 37 51 46 35 26 14 36 59 70 79 31 40 17 33 73 50 56 39 43 65 42 
41 40 14 48 22 13 76 62 68 8 23 4 81 72 60 28 69 26 50 36 10 51 27 35 45 30 75 44 43 17 64 11 19 70 54 2 59 77 66 25 74 65 55 56 39 57 78 6 37 9 42 80 24 47 67 15 3 71 5 29 32 21 38 73 63 33 12 34 7 20 46 1 58 53 16 31 49 52 61 79 18 
38 6 66 23 73 47 29 18 64 7 36 74 17 53 77 41 15 10 63 20 19 34 76 56 31 1 54 30 69 27 39 71 12 14 78 59 16 57 42 26 33 44 11 70 37 65 21 2 61 5 52 13 67 50 62 4 43 68 49 55 58 79 80 75 60 72 22 81 45 32 9 3 35 51 28 40 46 48 25 24 8 
30 67 3 51 21 32 44 34 56 64 55 33 5 42 27 48 59 62 66 28 43 25 6 57 11 29 18 36 24 37 79 73 63 46 7 49 20 2 12 53 17 72 58 50 52 31 15 8 68 35 81 69 23 41 40 22 65 19 60 9 78 16 70 71 10 80 13 39 61 76 4 74 47 38 75 77 1 14 26 45 54 
57 8 61 10 27 28 81 43 37 40 6 49 1 75 58 32 47 50 80 65 59 44 69 14 73 12 9 3 48 42 13 74 35 21 51 26 4 45 30 41 31 62 60 19 18 36 70 79 22 54 17 77 64 46 11 56 53 33 63 25 39 76 2 38 16 68 29 66 55 24 52 5 78 23 15 72 67 20 71 34 7 
47 77 12 69 75 15 4 11 3 68 32 1 67 51 30 5 79 22 43 78 54 41 46 31 57 53 33 72 6 59 9 14 38 29 35 7 66 19 73 62 36 37 8 81 28 48 17 39 55 61 13 64 34 74 76 20 26 24 2 27 23 18 71 63 25 50 40 52 16 80 21 70 44 60 45 49 65 56 42 58 10 
1 39 71 45 14 31 8 54 66 60 59 52 56 43 53 77 29 19 21 69 40 80 28 7 17 68 72 57 32 15 25 76 11 36 74 20 75 3 4 38 42 22 24 10 65 50 44 49 26 79 37 63 70 5 78 46 13 55 58 48 6 30 35 61 81 9 23 62 27 12 34 47 51 16 41 64 33 2 67 18 73 
49 28 79 68 65 55 62 70 33 13 46 58 61 8 7 35 11 21 20 1 6 64 59 63 32 47 48 19 60 24 40 43 37 17 77 67 26 74 31 16 80 18 5 12 76 14 75 9 29 25 38 52 22 73 66 69 50 42 45 34 53 39 51 72 44 78 2 57 36 10 56 41 4 81 54 30 15 71 27 3 23 
13 19 29 81 26 42 64 6 23 34 66 27 72 80 71 18 2 9 61 79 44 60 14 50 35 16 67 69 78 58 65 46 10 62 12 1 49 70 63 11 57 45 33 55 15 47 76 41 24 4 30 43 54 3 52 77 28 21 56 31 17 8 73 74 59 7 39 37 20 51 48 38 68 22 25 5 32 40 36 75 53 
74 34 37 50 30 80 52 40 27 73 78 41 70 65 26 45 38 36 5 75 18 71 10 51 42 2 77 55 53 28 4 33 56 61 23 68 25 7 58 46 48 32 21 67 9 16 35 62 57 69 15 81 66 59 54 64 49 44 22 63 19 47 79 3 29 13 60 17 11 8 24 31 14 39 12 76 72 43 20 1 6 
48 43 21 44 20 78 24 22 60 81 47 31 62 40 4 17 14 16 49 27 58 52 26 15 25 55 8 34 64 3 41 80 73 54 45 63 61 69 68 2 39 30 51 29 1 6 7 42 56 23 65 33 72 36 12 75 74 57 9 10 38 32 37 28 18 71 5 19 67 53 76 35 59 70 46 13 79 66 11 50 77 
36 58 51 25 32 46 67 9 41 24 50 10 69 15 63 54 42 76 74 39 65 37 19 34 3 66 81 75 22 31 71 27 49 52 16 21 43 47 23 56 13 40 44 53 64 78 20 1 2 28 12 68 18 60 33 80 11 61 7 59 70 72 5 14 45 55 77 4 6 30 79 73 29 35 48 26 8 62 17 38 57 
73 72 38 59 2 61 17 63 5 37 74 48 57 6 75 25 23 64 56 76 30 29 12 9 22 36 11 39 26 70 66 18 8 44 13 50 14 52 77 20 60 79 71 35 41 46 19 27 21 53 45 10 51 31 43 65 40 16 62 67 3 4 81 68 1 49 54 15 58 42 33 32 24 69 34 28 55 7 47 78 80 
7 16 35 18 56 57 53 10 76 49 33 44 12 28 55 39 3 20 4 62 38 70 73 13 24 23 45 2 81 51 42 30 79 48 5 47 17 78 34 50 6 54 72 59 27 32 40 58 80 71 67 8 11 77 25 60 68 14 36 15 29 41 1 22 75 65 66 69 46 26 43 64 19 31 21 61 37 63 74 9 52 
81 30 26 54 62 44 51 19 43 20 70 72 21 64 50 63 24 25 78 56 11 9 53 80 67 75 55 46 34 2 5 58 59 13 52 37 8 1 47 22 12 74 76 77 33 17 73 65 48 31 69 42 60 38 16 28 45 32 18 3 36 71 14 7 66 41 27 49 68 61 39 29 15 40 10 23 35 57 79 6 4 
16 33 74 38 40 29 68 24 63 11 17 69 53 61 39 71 48 46 12 66 23 32 1 76 51 73 27 67 18 14 21 49 54 78 20 77 10 25 72 3 15 59 43 13 26 2 8 37 44 64 4 58 5 9 70 7 79 41 57 22 60 35 52 6 80 75 30 56 19 62 81 65 50 34 47 42 31 28 45 36 55 
20 3 32 35 31 67 7 59 52 44 60 5 34 2 13 23 62 15 33 42 71 50 24 61 16 25 47 8 79 4 6 41 9 56 63 57 51 11 29 19 37 64 70 48 55 66 45 10 53 12 26 46 36 27 81 40 72 43 30 54 21 49 68 76 28 69 1 38 17 58 74 22 77 73 18 14 75 78 80 39 65 
46 79 56 34 80 41 10 47 48 55 27 14 37 16 12 65 73 58 19 4 22 17 5 74 30 15 6 32 33 72 35 1 71 76 44 24 62 42 50 40 67 20 7 36 75 28 13 43 18 51 3 57 52 81 31 26 25 63 39 61 69 77 8 78 23 64 45 21 60 2 70 54 11 29 59 53 38 68 49 66 9 
2 37 4 49 53 64 72 42 55 1 67 56 30 32 76 66 36 51 45 57 52 62 38 79 28 10 14 7 50 73 70 26 27 11 39 25 24 23 54 60 69 6 78 58 17 33 68 77 15 47 22 21 19 80 59 29 20 75 34 13 5 74 65 40 71 31 46 18 9 35 63 16 43 61 81 41 44 3 8 12 48 
25 70 13 6 15 71 45 1 39 35 31 57 78 68 10 43 52 79 26 46 41 21 63 36 60 72 59 38 75 74 61 28 22 65 40 3 18 53 14 4 81 27 32 66 2 29 62 24 23 34 16 49 20 55 9 58 42 80 37 44 64 56 76 77 51 8 50 11 48 47 73 12 7 30 69 17 54 67 33 19 5 
5 65 50 73 66 9 57 8 69 33 38 54 29 4 47 74 18 45 3 81 13 31 43 58 39 77 70 51 12 36 55 64 60 16 80 42 68 49 61 30 56 34 28 52 21 75 41 7 59 32 6 35 76 40 17 48 1 23 19 62 46 78 11 53 79 44 67 14 25 15 10 24 71 72 22 27 20 26 63 37 2 
58 76 22 27 61 23 78 36 11 28 8 77 6 49 3 9 7 75 18 54 35 65 40 48 34 69 64 45 19 47 31 17 68 53 81 29 80 5 44 79 41 63 39 73 38 30 50 14 25 70 72 74 56 71 55 2 15 67 51 12 66 10 33 59 37 57 4 26 13 43 42 20 46 1 52 24 16 60 32 62 21 
21 18 60 14 17 12 77 75 28 19 40 81 41 26 80 42 22 59 8 44 2 68 29 37 20 7 49 23 30 43 10 62 66 15 69 48 31 35 16 57 45 9 46 65 71 61 39 63 1 67 54 11 79 78 50 53 6 4 73 47 27 38 24 33 55 36 32 5 72 34 3 52 70 64 13 56 25 51 76 74 58 
9 75 28 65 64 16 50 12 7 48 24 35 13 73 44 59 57 2 42 8 17 74 37 78 38 81 30 29 41 60 51 52 15 19 49 69 71 40 56 67 43 66 23 54 22 68 5 36 11 39 10 31 61 26 32 25 27 72 79 70 62 3 58 18 33 45 34 1 14 55 77 46 80 21 76 47 53 6 4 63 20 
10 60 36 62 59 40 3 68 24 9 77 80 51 70 38 1 25 49 73 71 56 75 55 66 23 31 20 26 4 50 76 45 78 42 2 28 13 63 79 17 46 58 15 61 69 64 43 72 74 57 53 7 48 21 34 47 67 54 16 6 35 65 41 81 8 27 11 12 5 37 19 44 18 14 33 32 30 22 29 52 39 
71 11 55 57 58 6 74 72 34 12 22 64 79 76 54 61 81 17 15 51 70 46 25 45 50 41 69 9 27 21 24 68 30 73 36 18 47 20 60 48 53 28 49 39 10 77 65 80 35 2 8 1 16 4 63 14 75 59 44 38 40 33 29 67 7 32 52 42 43 56 62 13 26 5 23 3 78 19 37 31 66 
35 2 41 80 78 20 66 51 25 47 14 42 11 37 8 19 31 39 67 6 24 54 61 3 13 21 57 17 71 34 32 40 7 55 33 5 36 64 59 68 62 70 74 38 50 58 9 46 75 29 56 30 45 44 73 18 4 53 52 76 1 23 22 10 65 26 28 16 79 63 69 49 27 77 43 48 81 12 72 15 60 
23 26 73 52 8 33 46 13 21 65 34 16 50 60 15 4 67 18 62 59 12 58 72 68 7 28 53 66 56 81 48 63 75 77 43 22 29 27 55 32 11 80 14 31 42 69 38 19 20 41 79 17 25 51 39 78 10 45 64 37 71 5 74 36 47 3 6 2 76 9 54 30 61 57 35 70 24 49 1 44 40 
15 32 42 56 67 19 22 5 81 74 63 75 27 36 66 29 20 7 48 35 16 4 11 39 43 79 40 59 58 46 12 47 64 1 6 14 37 30 41 33 77 24 57 44 45 49 23 3 54 76 18 71 13 52 60 31 21 50 68 26 2 28 69 17 70 61 72 25 80 38 78 53 8 65 55 51 73 34 9 10 62 
14 27 63 17 70 18 48 31 79 52 43 53 33 55 5 58 10 56 77 47 32 26 49 44 19 9 2 16 74 39 37 25 62 35 61 80 72 21 3 65 34 81 1 76 78 12 22 50 6 40 28 60 42 15 24 36 51 20 66 30 8 13 7 64 4 73 59 41 57 75 29 23 38 68 71 45 11 69 54 67 46 
37 53 69 77 76 1 54 29 49 6 68 62 45 30 41 3 21 28 64 80 27 10 18 33 36 65 22 31 23 44 72 20 57 38 70 13 35 26 5 8 51 16 52 4 19 59 67 32 47 73 78 14 63 34 61 11 9 12 46 81 43 55 56 50 39 66 24 48 71 40 15 60 42 7 79 2 58 74 75 17 25 
4 38 45 47 39 43 61 30 44 32 69 78 26 71 23 40 46 72 29 52 76 14 34 1 63 5 60 11 67 53 54 65 3 10 8 79 2 18 7 6 9 12 73 75 25 37 24 55 81 66 33 70 27 62 49 19 80 15 77 57 42 48 17 20 31 22 51 58 21 74 35 68 64 28 36 59 13 41 56 16 50 
79 63 62 7 37 72 36 17 45 23 28 38 52 69 51 56 75 13 35 64 61 43 15 8 14 50 44 27 73 76 3 39 53 60 34 33 48 67 9 74 16 68 2 47 58 11 66 81 77 42 21 32 49 6 29 71 22 46 26 18 10 1 57 24 30 19 20 55 65 78 12 25 54 80 5 4 59 70 40 41 31 
44 47 40 41 24 8 14 33 18 79 62 29 64 54 9 26 32 42 1 19 72 16 77 71 81 34 10 15 65 38 22 70 52 67 59 36 5 75 49 80 21 56 25 6 51 20 46 61 45 7 31 55 30 37 58 3 78 76 12 39 63 68 13 69 2 48 57 73 53 66 28 4 23 27 50 43 17 11 35 60 74 
54 15 46 71 5 21 30 38 2 36 57 50 18 11 6 14 4 8 69 25 60 20 78 24 49 48 80 42 55 1 19 13 81 9 66 31 41 79 10 23 65 73 59 33 43 76 64 17 40 74 44 39 12 56 72 34 32 35 53 75 77 37 62 26 68 70 47 67 63 27 58 7 28 3 29 52 22 16 51 61 45 
66 4 16 64 57 56 1 27 77 59 20 37 39 78 81 30 72 48 58 53 42 3 36 12 21 76 79 80 14 71 45 32 24 43 50 61 69 55 28 13 52 29 38 26 35 54 60 22 63 19 70 2 68 65 41 5 23 7 67 40 25 9 47 51 11 74 15 75 31 33 18 17 34 62 8 73 6 10 46 49 44 
32 59 43 20 52 11 60 69 9 61 41 22 66 47 31 76 19 65 75 74 45 13 68 29 46 67 39 25 28 5 18 12 21 40 10 78 70 17 62 54 72 77 63 7 57 71 16 33 73 80 27 3 26 53 36 50 48 8 4 51 79 44 42 49 64 34 35 6 38 23 1 56 2 24 58 55 14 30 15 81 37 
76 25 23 31 48 22 13 55 6 10 53 17 7 5 33 70 1 74 30 32 9 63 57 73 40 54 26 77 47 68 58 79 46 69 4 16 64 61 45 66 78 19 34 27 60 51 18 59 52 8 35 41 29 14 21 24 38 56 11 2 49 15 28 42 43 62 81 3 44 50 80 37 36 75 39 67 71 72 65 20 12 
29 50 78 12 81 35 65 73 19 43 3 67 49 45 68 21 71 80 23 33 31 56 22 18 62 4 51 41 54 11 2 8 20 7 57 64 1 15 36 37 44 39 30 46 40 24 47 34 28 75 58 25 38 72 6 27 69 74 70 16 55 17 61 9 76 52 14 32 59 5 60 10 79 48 77 66 26 42 53 13 63 
28 51 58 74 3 39 70 26 61 77 12 40 35 24 25 55 34 60 38 37 47 7 2 27 59 11 52 6 63 75 49 44 29 30 17 23 53 4 32 81 20 14 50 42 8 62 36 69 10 48 9 5 15 67 80 33 66 65 43 45 73 64 31 79 22 46 16 13 54 41 72 71 57 76 68 1 19 18 78 21 56 
34 80 49 42 68 53 75 67 10 27 58 15 16 46 73 2 44 63 55 70 28 66 65 5 41 6 17 62 72 56 74 48 51 37 26 35 76 24 71 12 18 3 31 22 11 43 79 4 13 78 23 50 57 1 14 59 52 60 20 19 54 81 30 39 61 77 21 29 40 45 36 8 33 25 9 69 7 32 64 47 38 
62 78 44 70 45 2 34 20 51 58 9 25 43 35 57 13 61 73 22 29 69 67 60 21 48 18 31 64 15 52 75 50 77 4 32 72 56 39 11 28 47 36 81 71 24 74 63 68 65 10 76 16 7 33 30 55 8 38 3 23 41 12 27 1 14 59 42 40 26 54 53 80 6 49 17 37 66 5 19 46 79 
67 57 53 21 9 49 33 37 46 18 42 7 2 39 59 50 68 78 72 41 63 35 51 38 47 56 36 58 3 61 73 29 43 5 30 70 12 14 75 52 8 55 27 20 16 40 6 23 62 26 77 79 17 64 44 1 19 81 80 32 22 45 66 31 13 10 74 71 69 11 65 15 76 54 4 25 48 24 60 28 34 
77 42 30 26 1 10 15 65 17 31 81 12 54 52 40 38 33 6 57 13 50 2 16 19 55 24 5 53 8 25 46 69 18 20 79 71 60 62 74 76 70 4 41 34 23 56 80 44 39 58 43 37 78 29 64 61 35 11 72 14 75 7 36 45 48 21 68 28 32 49 66 67 22 9 3 63 27 47 73 51 59 
6 31 25 5 38 73 16 41 72 14 71 60 36 77 45 75 74 55 34 68 39 78 64 4 26 80 7 12 11 62 17 24 67 27 76 51 30 9 2 44 58 42 37 57 59 8 32 28 19 21 66 22 47 54 53 49 18 48 13 52 15 29 63 46 50 35 33 20 56 3 61 79 40 10 65 81 23 1 70 43 69 
43 64 19 13 7 24 27 79 8 4 15 63 47 62 32 80 28 34 76 58 77 59 81 20 1 70 46 21 42 41 16 78 44 49 68 66 54 65 17 45 3 26 22 72 61 9 52 5 60 11 71 48 50 69 57 51 56 25 31 73 33 40 10 55 38 23 18 36 30 6 37 75 53 74 14 35 12 29 39 2 67 
50 66 18 28 74 63 23 48 58 21 37 26 24 27 46 53 64 11 6 43 73 30 75 62 8 44 71 47 35 54 80 55 36 59 31 10 38 13 40 51 19 15 68 69 79 1 14 20 49 3 25 4 81 61 77 9 60 34 42 65 67 2 78 5 52 76 70 22 12 29 17 39 72 41 56 7 45 33 16 57 32 
75 29 54 61 47 52 12 4 22 16 1 3 48 79 70 8 17 5 10 11 66 27 23 49 65 14 28 81 9 57 26 56 74 45 19 40 73 32 64 78 35 33 6 25 53 15 72 31 67 13 24 36 41 42 37 76 39 62 71 69 50 46 59 44 77 63 43 60 51 7 2 34 20 58 38 68 21 80 18 55 30 
11 14 39 55 71 3 40 56 35 29 72 76 22 20 65 69 49 66 53 45 15 42 79 54 52 32 74 37 13 33 1 60 2 23 28 6 67 31 80 7 5 10 18 63 48 34 59 73 30 38 57 51 46 12 4 68 58 17 24 21 47 70 43 25 62 16 41 64 81 19 27 9 75 50 61 78 36 8 44 77 26 
59 81 76 32 36 68 69 60 80 67 51 23 44 19 56 10 30 41 25 61 3 33 9 40 12 17 37 63 38 22 14 7 65 34 48 39 77 50 46 49 1 21 29 43 66 18 27 35 70 55 75 45 53 2 74 16 5 28 6 79 26 54 20 8 57 58 78 24 73 4 47 72 52 42 31 15 64 13 62 11 71 
72 48 2 37 44 17 42 14 71 41 79 68 55 38 64 51 58 12 52 3 7 73 21 11 69 13 25 61 36 16 50 31 28 63 18 60 39 56 43 10 32 47 54 80 20 70 33 67 78 22 46 75 62 35 23 66 81 6 65 49 9 27 19 29 5 40 53 30 34 59 8 26 45 15 24 74 4 77 57 76 1 
69 22 5 29 18 60 19 7 32 54 61 13 75 56 28 6 27 67 51 17 46 72 39 81 37 64 35 74 44 40 59 15 23 71 11 45 65 58 57 55 14 2 26 62 34 21 77 25 41 1 49 73 80 24 10 38 30 52 47 50 4 42 53 12 9 43 63 76 3 70 16 48 31 20 78 8 68 79 66 33 36 
24 23 57 4 12 27 39 58 13 3 49 59 8 9 69 60 65 77 16 40 75 19 42 22 66 71 68 14 1 79 53 21 26 33 67 30 78 76 38 36 25 35 48 45 5 10 29 47 34 15 64 6 43 20 28 72 2 37 41 46 11 63 55 56 17 18 61 80 74 31 7 51 73 32 62 44 70 50 52 54 81 
33 68 15 67 50 30 43 28 74 5 26 70 19 23 21 81 35 40 31 55 29 6 80 53 76 57 12 24 62 10 7 38 17 64 9 52 79 37 27 75 71 41 77 8 72 63 56 66 14 60 59 65 44 18 1 39 36 58 69 78 34 20 54 13 49 11 73 45 4 25 32 42 3 47 2 46 51 61 48 22 16 
64 46 34 79 6 62 21 45 75 53 18 43 4 10 74 16 37 33 44 49 78 15 47 70 54 38 23 68 39 20 69 19 42 32 27 8 11 81 24 59 66 52 13 40 31 3 2 48 5 50 61 9 71 57 56 73 77 51 29 80 76 26 12 65 35 28 55 72 1 22 14 36 60 67 30 58 63 25 41 7 17 
26 73 81 40 16 76 41 52 70 25 7 11 42 22 14 34 63 32 65 5 1 8 4 77 9 20 62 56 57 35 78 54 48 51 46 55 50 33 53 21 29 61 69 28 49 27 12 74 36 30 39 23 58 79 13 44 24 31 17 71 45 43 3 66 15 67 38 47 75 60 68 2 37 18 80 19 10 64 6 59 72 
51 55 47 3 54 59 35 78 38 17 73 2 76 31 52 15 39 71 28 60 36 48 56 30 18 61 50 49 80 66 29 77 58 75 25 12 74 6 1 63 64 23 19 9 70 4 81 45 7 72 11 26 32 16 8 21 14 22 33 5 68 62 67 37 46 24 79 10 41 44 20 57 13 43 53 34 42 65 69 40 27 
31 56 1 66 10 25 11 61 20 78 29 30 80 57 36 62 45 47 2 63 34 24 32 67 74 27 43 73 37 6 81 22 72 41 65 76 46 44 51 15 68 17 4 16 3 38 42 53 69 52 55 28 8 13 48 79 70 40 75 60 7 59 18 19 54 39 58 77 50 64 71 33 5 26 49 12 9 21 23 35 14 
8 9 65 63 49 36 80 77 53 50 48 20 46 1 24 72 66 44 59 14 33 45 41 10 79 26 58 4 70 13 34 5 47 2 3 43 22 12 18 73 30 7 42 60 67 19 31 54 17 37 51 76 40 68 35 57 16 64 15 74 61 25 32 21 69 81 62 27 78 52 23 6 39 56 11 29 28 55 38 71 75 
22 54 48 8 4 79 32 25 65 56 30 28 23 58 34 33 55 81 17 15 51 47 20 72 78 59 19 40 76 9 67 53 50 68 37 38 52 29 39 77 24 31 75 49 74 45 57 60 16 6 41 18 2 70 3 10 46 13 1 35 14 36 26 62 21 5 64 43 42 69 44 27 63 12 66 71 61 73 7 80 11 
80 52 67 9 41 66 59 76 62 72 25 65 31 74 48 20 70 54 68 73 37 49 58 2 33 42 4 10 7 26 36 34 5 24 14 15 81 46 6 61 50 57 79 32 30 53 69 38 51 27 47 44 1 75 18 43 71 78 8 56 12 11 45 23 40 29 19 35 39 16 22 63 55 13 60 21 77 17 28 64 3 
78 74 10 43 19 7 55 50 14 26 80 61 38 66 37 47 77 4 71 18 79 36 70 75 64 63 16 54 52 30 60 81 6 28 41 62 44 8 65 34 2 1 53 11 13 42 49 76 33 24 40 12 73 17 5 32 59 39 25 68 72 69 21 57 3 56 31 9 15 67 45 58 48 46 27 20 29 35 22 23 51 
12 17 75 30 77 34 5 2 15 57 39 24 10 67 11 46 9 53 40 48 21 1 44 26 27 62 65 78 51 32 23 35 45 72 64 19 28 68 20 14 4 38 66 3 54 25 74 71 43 59 80 61 37 8 22 63 29 79 81 42 31 6 60 52 73 47 7 50 33 13 49 55 69 36 70 16 18 76 58 56 41 
61 1 24 39 23 38 49 64 36 51 44 32 73 3 22 79 8 35 81 77 53 57 30 69 80 45 34 18 21 48 27 2 31 66 29 17 15 43 19 71 10 78 56 5 7 72 26 13 46 14 20 67 55 63 75 41 33 70 76 58 16 52 40 11 12 60 25 74 28 65 6 59 9 4 37 62 47 54 50 42 68 
42 21 27 11 46 70 18 53 29 63 5 6 71 59 16 12 13 52 41 50 74 38 35 43 56 22 24 20 61 65 57 75 1 3 58 73 9 60 76 72 26 69 47 23 62 79 10 30 66 68 7 34 28 32 19 37 54 49 55 4 44 67 64 80 36 2 48 8 77 17 51 78 81 45 40 33 39 31 14 25 15 
3 35 6 58 60 37 47 71 73 69 64 45 40 7 62 49 43 29 32 9 67 61 54 28 10 39 76 33 59 8 63 16 13 79 56 46 55 48 70 42 27 25 17 41 12 81 11 21 31 36 50 15 65 22 51 74 34 2 23 66 80 57 77 4 72 20 26 68 24 14 75 18 1 78 44 38 52 53 30 5 19 
68 13 31 72 28 45 56 57 40 15 2 21 60 18 42 36 50 27 7 12 14 55 52 46 5 8 29 70 49 69 11 4 25 47 22 44 58 80 33 35 59 51 16 37 63 39 48 78 64 77 62 19 3 23 65 30 17 73 38 24 20 61 9 54 34 1 71 53 66 81 41 76 32 6 67 79 74 75 10 26 43 
63 69 33 16 51 81 20 44 26 76 75 19 68 17 1 78 41 14 13 31 25 11 66 23 6 60 3 71 77 80 43 42 39 12 55 74 40 22 21 64 73 67 45 18 36 35 54 52 4 56 5 29 9 58 7 62 47 27 48 53 28 50 15 70 32 30 37 79 10 46 38 61 49 8 57 65 2 59 34 72 24 
################proper############## 

 average_time = 33.489900 

 success runs = 1 

 total average iters = 407263.000000 
