Success!!! 
 
 max_col = 
 81 
 
 run_time = 
 34.403513 
 
 once iters = 
 404417 
 
54 31 24 10 79 14 13 42 36 39 41 40 12 34 50 37 28 53 1 7 61 23 51 70 38 26 25 27 29 64 19 58 67 80 57 52 44 49 72 81 63 75 11 45 73 16 78 74 15 47 30 56 32 69 66 33 77 9 43 65 46 62 76 21 5 2 8 6 20 55 17 68 35 3 4 22 60 59 48 71 18 
78 28 62 67 19 80 77 4 69 46 32 30 7 61 33 22 18 49 63 8 68 5 50 39 60 55 2 14 48 73 31 16 59 70 74 47 57 35 12 15 21 71 1 38 34 65 37 51 45 9 6 75 76 66 20 26 53 25 52 54 23 10 3 13 42 56 79 24 41 29 36 43 58 72 27 81 40 11 64 44 17 
2 11 51 27 44 1 59 38 16 14 31 17 76 52 55 4 68 67 3 15 19 46 29 21 42 40 74 28 5 20 43 34 18 49 56 53 32 41 48 33 62 39 8 25 7 79 23 13 64 22 24 26 71 80 69 75 37 36 72 6 57 35 50 58 12 45 61 54 81 66 70 60 73 47 65 9 30 63 78 10 77 
23 49 25 68 37 12 3 6 39 47 45 60 29 16 35 9 44 66 76 27 71 48 59 14 58 77 43 46 36 61 32 63 72 10 21 81 50 30 28 26 24 42 53 17 51 2 73 34 54 41 20 31 57 67 55 15 8 11 22 70 78 18 19 64 65 40 52 4 74 33 80 1 5 69 56 75 62 38 13 79 7 
65 48 47 41 53 9 30 57 29 20 25 56 54 6 5 72 62 58 36 44 73 66 81 49 67 35 18 77 78 2 45 75 17 68 33 3 64 74 55 69 76 40 22 52 10 8 61 1 60 70 11 14 28 7 80 42 4 79 13 24 59 38 21 71 16 26 63 39 31 32 27 37 12 15 43 34 46 19 50 23 51 
50 46 45 7 63 70 17 61 21 42 26 13 23 10 81 15 51 65 4 22 20 54 16 72 80 78 24 62 12 25 55 41 35 71 76 11 2 19 9 79 5 6 60 36 58 49 18 44 3 77 29 43 33 27 40 34 56 28 74 64 30 32 73 48 69 53 75 47 59 57 38 14 39 68 67 1 52 31 37 66 8 
76 34 15 60 75 18 35 74 8 1 43 77 21 63 71 80 73 38 65 31 69 64 17 13 37 57 28 22 26 6 30 7 44 79 39 42 4 66 56 68 67 54 20 61 47 52 81 55 53 12 40 62 59 50 5 48 14 16 29 45 58 51 27 72 11 9 19 3 78 23 46 10 33 70 41 25 36 24 49 32 2 
52 64 26 32 22 72 58 40 20 24 59 69 3 57 70 8 79 27 47 56 11 53 10 33 41 6 75 51 9 4 38 1 60 66 37 23 13 65 80 46 18 43 77 78 31 19 35 5 36 17 63 25 48 21 68 39 7 12 81 67 71 2 61 62 34 28 49 15 30 50 44 73 42 55 76 16 54 45 29 14 74 
81 66 43 5 71 55 73 56 33 74 36 11 19 48 78 75 2 64 12 79 34 9 62 45 30 52 32 24 8 15 13 40 65 69 50 54 14 23 59 70 3 37 29 27 16 42 68 72 4 58 39 46 10 38 31 47 60 41 17 1 63 44 49 18 7 25 77 76 22 51 67 35 21 53 28 20 80 6 57 61 26 
67 16 70 59 30 35 80 5 44 2 63 74 72 27 42 12 64 6 73 13 43 75 26 17 45 28 41 15 76 18 71 4 22 8 54 79 56 1 68 57 69 52 24 48 21 58 14 23 19 60 33 65 40 47 77 29 32 7 49 66 61 31 20 51 55 38 46 36 50 34 81 78 10 25 53 37 9 62 11 39 3 
25 7 60 49 39 42 24 69 40 70 53 65 68 50 34 43 1 30 21 32 18 12 64 29 76 16 3 58 2 59 48 20 10 38 75 6 36 78 19 4 17 13 31 11 74 41 45 56 72 66 51 9 22 61 35 80 55 23 62 8 79 26 5 73 27 37 44 14 67 47 15 54 77 57 81 33 71 46 52 63 28 
61 12 81 23 48 37 18 76 11 71 19 79 5 47 59 26 4 8 53 51 65 57 14 77 15 33 49 17 7 52 9 32 64 42 31 1 6 62 54 45 28 60 25 41 72 13 43 35 24 10 73 36 3 44 27 22 74 30 78 56 67 34 46 39 63 29 70 20 69 75 40 21 16 66 58 38 50 68 55 2 80 
62 9 13 58 10 33 55 54 2 56 66 21 31 37 3 45 61 46 20 69 47 78 1 34 24 4 22 43 27 50 25 57 26 67 51 80 38 63 40 44 64 77 30 14 59 6 39 32 74 29 7 53 70 42 12 71 36 68 11 81 16 41 60 19 17 72 28 52 79 8 18 5 76 35 15 23 49 48 65 75 73 
43 68 63 6 8 3 74 27 14 7 49 35 32 54 24 29 78 80 9 40 56 36 55 50 31 60 58 23 44 28 72 53 77 21 47 16 34 70 18 75 61 76 37 46 71 81 48 15 12 25 62 17 79 1 39 19 52 59 38 73 45 13 33 41 57 4 65 10 2 26 66 11 22 64 51 69 5 30 67 42 20 
17 1 4 36 45 64 38 32 34 69 52 44 58 77 48 76 60 20 39 74 30 67 80 23 66 27 19 29 56 70 73 11 63 14 13 33 53 22 15 10 42 35 55 81 26 54 21 50 8 28 5 57 68 46 9 18 2 75 40 72 51 65 37 59 25 3 16 49 71 61 62 6 7 43 31 47 24 79 12 41 78 
19 26 31 21 57 52 47 28 75 25 51 36 14 40 13 10 11 41 71 61 72 70 46 35 54 42 59 66 68 65 49 62 55 5 81 74 80 39 79 3 20 73 16 9 8 63 30 78 67 69 38 18 37 2 15 43 24 53 50 76 4 58 48 12 77 23 60 7 45 64 22 33 27 29 32 17 6 44 56 34 1 
22 53 71 72 65 78 51 41 73 18 17 81 67 33 28 38 75 15 10 62 5 68 37 44 11 79 7 39 69 34 12 30 24 3 35 46 49 27 43 23 66 29 47 50 2 26 55 16 59 4 80 77 52 20 6 14 21 63 70 57 64 25 42 56 48 74 9 58 32 31 1 76 13 54 61 36 19 8 40 60 45 
66 79 77 15 29 20 56 50 46 55 9 16 39 73 57 62 23 22 25 81 8 2 48 38 52 63 6 19 45 41 40 36 61 60 78 37 7 33 67 12 51 65 5 58 32 76 75 71 34 31 64 11 27 49 47 10 1 69 3 17 44 28 54 53 80 24 13 43 35 68 30 42 72 26 21 4 59 74 14 18 70 
41 62 39 8 15 22 72 44 30 81 29 24 4 67 68 11 19 51 58 60 10 69 31 64 57 7 33 52 1 23 21 37 56 63 3 17 54 48 78 20 45 25 13 47 65 28 79 49 61 2 59 32 50 34 70 35 27 74 73 38 55 6 26 5 43 14 40 12 18 53 76 46 36 42 80 71 77 75 9 16 66 
1 17 42 24 14 40 49 64 35 28 46 71 75 58 61 13 54 16 5 78 80 45 20 4 55 81 27 6 10 77 41 18 69 76 65 36 19 57 73 2 72 34 3 53 38 21 66 30 33 44 22 48 67 43 60 68 11 62 31 32 12 79 25 63 59 47 39 51 7 52 37 9 74 56 8 26 29 70 23 50 15 
47 52 67 63 25 28 69 51 74 60 38 50 43 5 66 17 30 35 11 71 14 34 77 9 68 36 48 81 72 80 64 13 73 61 4 8 1 31 44 40 41 62 39 70 29 10 26 37 7 3 18 42 46 75 58 16 57 20 76 21 49 54 15 65 2 22 33 32 23 45 56 79 59 24 55 27 53 78 6 19 12 
71 36 33 70 34 5 11 55 57 40 72 76 41 78 21 47 59 18 16 24 29 28 38 15 2 51 44 32 62 46 26 74 20 58 27 45 12 81 75 63 60 49 69 4 9 53 52 6 68 23 1 8 65 35 19 66 67 77 48 50 37 56 39 42 3 17 80 64 54 30 25 31 14 73 7 43 79 10 61 22 13 
13 54 3 4 20 56 7 26 79 64 6 37 77 36 65 57 14 33 17 42 62 32 67 46 72 41 39 12 49 40 16 50 34 43 53 60 5 11 21 66 23 27 80 59 18 45 74 58 63 51 47 71 9 19 24 69 28 78 75 22 8 1 44 55 29 73 15 81 48 70 10 61 38 52 35 68 25 2 31 30 76 
27 77 21 53 58 38 76 68 6 73 55 7 70 42 25 39 12 45 74 47 66 40 22 59 3 61 65 44 79 35 28 9 31 19 48 75 10 16 37 67 30 32 15 64 50 24 56 54 62 14 36 60 80 57 29 23 43 46 4 2 13 52 51 20 8 11 41 72 26 69 78 71 17 63 18 5 34 81 1 33 49 
29 80 59 46 50 66 61 2 18 32 48 9 63 8 49 44 10 31 43 23 6 1 73 79 19 13 12 78 54 42 22 51 71 15 38 57 28 52 26 24 35 55 17 56 77 25 70 11 20 5 4 76 39 41 30 3 64 14 33 7 53 45 81 74 36 67 68 75 58 27 34 16 47 40 60 72 21 65 62 69 37 
45 32 65 81 73 19 23 31 12 15 22 26 27 62 69 79 56 2 50 52 49 63 75 18 53 70 37 33 14 30 11 55 25 47 68 39 71 8 74 51 58 7 76 6 43 17 64 29 40 13 16 78 72 77 42 36 61 10 80 9 34 5 59 35 4 21 24 66 44 1 60 38 3 67 46 41 57 28 54 20 48 
75 78 16 48 9 10 60 43 37 3 20 1 34 80 53 23 74 52 54 76 21 26 56 25 35 8 30 70 59 29 7 66 5 2 67 24 46 36 61 42 33 14 68 22 79 15 69 27 31 73 12 81 38 55 71 41 63 40 65 47 17 72 18 49 19 13 50 57 6 62 77 28 44 39 45 64 51 32 4 11 58 
9 61 5 47 2 71 4 29 27 45 1 78 15 65 8 55 48 75 60 28 67 13 33 63 79 3 52 31 32 66 10 72 23 24 42 44 16 77 34 76 81 20 58 73 70 69 38 46 14 49 54 7 53 12 50 37 30 6 35 25 68 22 57 43 64 18 21 40 39 80 26 51 19 41 59 62 17 36 74 56 11 
6 39 72 62 16 57 81 65 50 49 11 32 26 4 9 74 33 40 80 19 58 41 47 51 44 1 34 36 21 14 27 54 68 45 15 56 18 29 8 43 37 48 46 12 60 70 24 61 66 20 3 55 25 5 53 64 73 52 2 59 7 17 23 38 31 63 67 69 76 10 79 30 78 13 71 77 35 22 75 28 42 
48 13 46 78 77 26 37 34 7 57 58 66 61 60 30 68 20 3 22 29 39 81 40 43 49 24 45 2 50 53 59 19 70 65 64 62 31 42 47 35 11 80 21 79 69 44 17 41 27 71 15 74 1 63 32 9 76 55 16 28 33 67 10 14 75 36 56 23 25 12 6 52 18 4 54 8 72 51 73 5 38 
51 74 76 38 56 63 54 70 22 31 35 14 69 43 73 25 50 72 55 26 77 16 68 62 20 23 42 3 37 13 5 80 49 46 12 41 78 9 6 28 2 10 64 75 17 60 57 39 65 19 8 29 81 30 11 44 47 18 36 40 15 4 66 24 53 48 58 71 34 59 33 32 1 27 79 61 45 67 7 52 21 
31 42 53 3 64 11 28 59 17 76 71 10 81 51 37 24 80 70 46 12 75 8 18 5 25 50 57 20 22 67 61 52 43 39 16 30 55 54 36 13 27 56 74 23 41 33 47 9 6 48 21 72 73 78 79 63 58 38 77 49 26 60 62 66 68 35 29 19 1 4 7 45 65 34 44 14 2 15 69 40 32 
20 55 32 40 18 69 21 8 15 12 2 23 28 13 47 19 41 29 59 36 17 27 35 54 61 72 4 48 6 79 1 38 81 26 77 73 66 7 65 14 25 68 33 30 67 22 16 62 51 50 52 58 31 64 43 45 75 56 5 71 80 46 34 44 78 57 11 9 60 42 74 49 70 10 24 39 3 37 63 76 53 
33 41 68 45 49 44 75 35 23 22 54 52 53 79 16 63 67 62 30 38 78 14 66 48 56 11 10 69 60 7 17 29 47 34 71 76 72 24 5 32 50 61 26 1 39 37 59 36 42 18 43 40 4 13 21 70 31 51 27 74 19 3 8 77 28 15 81 65 73 2 55 20 64 6 57 80 12 9 58 25 46 
36 67 52 80 43 73 12 58 1 59 64 46 18 7 38 34 42 21 37 53 76 31 6 2 9 69 70 75 33 74 8 25 40 51 11 28 22 44 49 19 57 63 71 15 4 68 77 79 10 45 32 35 26 56 78 65 81 72 39 41 24 20 14 54 62 61 17 27 47 13 5 3 30 23 16 60 48 29 66 55 50 
60 14 10 66 24 30 25 79 19 27 5 39 6 44 77 56 36 17 32 21 7 65 15 71 64 74 73 63 18 55 4 78 57 35 58 9 59 38 3 62 52 53 51 40 45 23 80 2 76 67 75 28 34 11 48 13 12 61 1 42 54 69 29 22 50 70 72 37 8 46 16 41 26 49 20 31 68 33 81 43 47 
68 21 17 12 7 39 62 18 42 13 50 28 33 75 46 1 16 43 64 67 54 79 24 30 48 29 35 38 57 26 65 3 66 36 52 10 11 55 63 56 19 59 44 80 37 74 53 22 77 76 71 61 5 14 51 25 9 34 32 4 72 40 45 23 58 69 6 73 15 41 20 27 8 81 2 49 78 47 70 31 60 
63 29 20 28 72 36 44 3 25 78 76 61 56 68 60 77 21 11 26 9 2 58 5 42 1 32 50 16 70 43 53 8 75 62 40 51 15 4 10 30 71 81 27 13 24 7 12 65 49 37 41 38 17 31 23 59 33 35 64 46 69 66 67 79 39 34 18 74 80 54 19 47 52 48 22 55 14 73 45 57 6 
79 6 30 76 23 43 57 80 66 53 24 25 52 45 20 70 65 34 38 33 46 71 41 60 62 22 8 5 28 81 54 17 14 31 49 77 74 47 35 64 78 69 2 42 68 29 44 75 1 27 19 39 15 59 36 73 18 58 37 11 3 12 63 40 67 10 51 48 13 56 72 55 9 32 50 21 16 4 26 7 61 
69 37 34 65 81 2 48 22 64 10 15 51 71 32 17 35 27 59 40 49 70 3 63 11 6 53 80 1 47 78 50 67 29 55 60 25 23 21 62 18 8 33 79 39 54 57 72 28 73 43 58 66 20 45 38 76 26 5 19 30 31 14 13 4 9 52 7 68 46 16 61 75 41 36 74 44 42 12 24 77 56 
59 51 35 11 78 67 14 13 54 26 69 31 44 38 29 73 22 47 15 43 23 61 28 16 81 12 36 41 71 19 39 68 79 20 63 27 40 25 58 65 49 72 6 32 48 3 2 4 70 62 9 10 8 60 7 50 80 57 56 52 74 55 75 76 21 42 64 1 77 5 45 24 53 46 30 18 33 66 17 37 34 
40 33 1 61 74 53 5 71 77 79 67 8 55 23 4 2 72 39 27 18 45 47 44 78 7 66 56 37 73 22 24 15 21 30 80 58 43 12 14 34 9 26 52 51 28 46 54 69 13 64 42 50 35 36 81 60 16 48 6 10 70 49 41 17 38 65 57 31 63 25 32 62 11 75 19 29 76 3 20 68 59 
8 24 58 52 38 4 41 16 31 62 57 48 37 49 64 14 66 9 72 55 13 10 39 19 75 25 69 76 61 33 56 42 74 11 45 34 60 46 20 36 77 17 73 7 1 18 6 21 81 40 68 30 51 32 54 53 44 47 79 43 2 29 65 70 26 78 22 50 3 71 12 59 15 5 63 35 23 80 28 27 67 
73 15 75 26 47 27 46 19 60 41 40 63 42 30 80 18 7 5 14 17 59 74 65 31 51 21 77 4 13 9 2 64 6 12 32 48 76 3 50 22 70 45 66 29 57 11 34 24 55 52 67 23 56 16 61 28 71 39 20 68 62 8 78 37 35 33 43 44 53 81 49 36 69 79 25 58 38 54 72 1 10 
70 10 50 56 55 49 9 45 32 58 74 3 36 19 54 6 81 12 52 73 4 37 57 68 34 20 76 18 23 69 44 59 46 7 72 35 41 61 38 5 75 16 67 31 53 80 25 33 26 63 78 79 47 48 22 77 42 24 15 27 1 21 17 11 14 8 2 30 66 60 28 29 71 62 13 51 43 64 39 65 40 
4 35 41 2 36 8 71 62 38 17 23 5 50 70 56 58 25 76 49 6 55 59 34 28 63 48 51 47 81 3 69 31 15 18 30 67 65 75 46 61 32 9 10 57 64 20 27 19 21 72 44 73 14 29 33 24 40 13 7 80 11 78 77 1 22 66 45 60 42 74 43 39 68 37 52 54 26 53 16 12 79 
3 22 80 43 68 7 39 17 51 61 4 72 40 18 2 59 15 10 66 64 37 29 27 41 47 19 26 71 16 63 76 65 13 48 9 38 35 60 81 74 55 30 42 34 52 75 49 8 57 1 69 45 62 79 73 12 70 44 23 53 25 50 58 33 46 32 31 77 14 21 54 56 6 28 11 78 67 20 36 24 5 
49 60 66 37 42 59 33 72 61 35 80 55 51 28 1 52 29 79 44 54 57 30 71 69 40 62 9 68 64 75 34 24 11 77 19 20 8 56 16 53 31 58 38 21 23 12 32 3 46 81 25 67 7 65 4 2 41 26 45 14 76 43 74 15 70 27 5 78 36 6 63 48 50 18 17 73 10 13 22 47 39 
15 44 23 14 31 76 70 53 45 37 7 6 24 71 67 46 32 63 68 10 79 4 21 81 73 43 60 26 80 17 57 49 50 74 66 22 69 2 13 41 36 12 18 33 78 59 5 38 52 16 77 34 61 40 75 51 3 65 54 39 29 19 1 47 72 20 55 28 11 35 58 64 56 30 48 42 8 25 27 9 62 
74 57 27 75 11 47 26 12 55 48 8 62 38 9 44 81 77 68 67 50 33 80 78 20 46 2 16 79 25 10 51 28 7 1 36 4 37 40 29 6 73 22 54 24 63 35 13 42 71 39 70 15 66 17 72 56 5 64 60 69 32 30 31 34 76 41 23 53 52 18 59 65 49 14 3 45 61 43 21 58 19 
18 69 78 30 67 34 64 48 5 54 27 42 16 22 26 49 39 73 77 75 24 11 36 32 13 58 15 35 46 12 29 23 53 33 59 43 25 20 45 71 79 66 70 3 14 31 50 68 28 56 76 41 74 9 17 38 62 8 21 63 52 47 6 80 10 7 37 61 57 19 51 4 40 44 72 2 65 1 60 81 55 
77 73 29 50 13 46 63 20 9 65 21 34 30 66 11 41 31 57 70 3 1 52 7 61 74 17 23 72 40 8 60 45 78 56 14 5 67 80 51 39 26 47 49 43 19 36 58 18 22 53 10 6 54 37 28 27 68 42 71 79 48 16 55 2 81 12 62 25 75 44 24 69 32 38 64 76 4 35 15 59 33 
58 81 28 79 40 21 32 10 52 19 78 45 74 12 14 20 53 69 42 5 25 76 8 56 65 31 38 55 39 62 37 27 54 73 6 70 68 59 17 1 48 44 4 72 15 47 11 64 2 24 60 51 43 33 46 61 34 66 18 35 22 57 36 50 13 30 26 16 9 49 3 67 80 77 23 63 75 7 41 29 71 
56 25 6 16 54 65 19 1 24 33 75 43 60 3 36 64 47 13 35 14 12 39 45 53 22 18 72 61 42 58 52 21 32 44 41 2 27 5 76 50 7 11 28 77 62 78 4 26 80 30 48 63 55 23 59 49 20 37 67 15 10 81 9 68 79 71 73 8 38 40 29 17 31 74 66 57 70 34 51 46 69 
42 50 12 54 21 6 20 11 63 30 44 19 80 59 7 33 52 14 29 72 16 62 69 1 32 49 13 9 58 57 79 81 37 22 25 15 51 34 53 27 39 64 43 55 5 67 28 77 75 35 65 68 45 18 2 78 48 70 41 3 38 73 40 60 74 31 47 56 10 76 4 23 24 17 26 46 66 61 71 8 36 
7 71 18 55 5 75 31 14 43 4 34 22 35 53 76 60 26 28 48 80 36 25 79 57 12 30 47 45 74 27 78 69 38 29 70 65 20 37 52 59 68 23 40 67 46 9 10 17 39 54 2 13 63 58 44 1 19 49 42 77 66 15 56 8 33 6 3 41 61 24 21 72 51 16 62 11 73 50 32 64 81 
46 8 74 25 35 61 66 67 56 63 13 57 47 64 75 50 58 77 23 20 51 42 60 73 17 9 21 49 43 36 68 6 39 4 55 19 3 10 32 11 65 1 45 28 33 38 41 12 44 59 31 22 29 15 76 79 69 71 26 62 27 24 30 7 52 16 14 5 70 78 48 81 2 80 34 40 37 18 53 54 72 
64 27 19 33 62 24 68 81 13 21 70 2 73 72 41 66 9 48 45 77 31 15 61 37 18 38 54 53 3 44 20 35 28 23 7 14 42 26 60 58 6 50 36 16 12 51 8 76 11 78 46 1 49 4 65 74 17 43 55 29 47 39 32 57 30 80 34 59 40 63 71 25 75 22 10 79 56 69 5 67 52 
53 58 36 69 76 60 79 39 65 16 81 38 10 17 32 3 5 55 7 2 74 24 52 40 4 71 78 59 66 11 47 56 48 41 61 18 9 72 22 8 13 15 19 62 80 43 20 70 50 26 34 21 30 73 67 57 35 31 51 75 14 23 68 46 54 44 1 29 12 37 64 77 25 33 6 28 27 49 42 45 63 
38 4 49 17 26 15 52 23 48 36 39 29 78 31 40 27 46 56 8 68 63 44 76 65 43 34 14 50 67 72 42 10 12 64 1 71 24 69 7 73 74 18 61 35 25 66 3 60 47 79 53 5 6 62 37 21 54 81 59 16 9 33 80 28 45 19 32 2 51 11 75 22 55 58 77 70 20 57 30 13 41 
10 47 2 77 80 32 1 37 70 67 61 49 11 25 45 65 8 24 33 41 3 6 53 27 59 5 66 30 52 51 63 76 62 75 73 31 79 14 71 21 38 4 57 54 44 56 40 7 69 74 81 19 16 72 13 20 46 22 34 60 50 64 28 26 18 55 36 42 17 43 9 58 23 12 68 48 15 39 35 78 29 
30 59 40 44 3 51 29 9 41 23 79 18 20 1 12 69 37 71 28 70 64 50 11 22 39 56 46 54 34 16 77 60 33 17 26 32 63 76 66 48 47 78 75 2 81 27 36 52 25 57 55 80 42 24 8 58 10 45 61 5 6 7 72 67 73 49 53 35 62 15 68 13 43 19 14 65 31 21 38 74 4 
16 72 22 57 28 45 34 73 78 68 42 54 62 15 6 51 43 74 75 58 81 35 19 10 26 67 55 13 24 5 46 2 80 40 8 21 30 17 70 77 29 31 41 49 56 32 33 14 48 61 37 64 23 71 63 52 25 4 53 12 18 36 11 69 66 79 27 38 65 20 39 50 60 1 47 59 7 76 44 3 9 
44 56 9 39 60 79 40 75 49 52 3 15 48 20 74 32 45 54 51 1 28 19 30 8 23 65 31 64 55 37 80 47 27 50 17 29 33 43 42 25 16 2 63 71 22 5 7 81 35 11 57 24 12 68 18 4 6 76 46 34 21 61 70 36 41 58 78 13 72 67 73 26 62 59 38 66 69 77 10 53 14 
80 3 11 22 33 41 27 46 67 51 47 53 9 69 31 36 34 50 78 66 42 56 2 58 16 14 61 73 63 54 75 26 4 6 43 72 29 79 1 38 40 24 23 74 20 64 60 48 37 65 28 44 18 10 25 55 15 32 8 13 35 59 12 81 71 62 76 21 5 77 52 19 57 45 49 7 39 17 68 70 30 
24 19 64 51 17 25 2 47 81 6 60 73 49 35 10 30 76 4 62 37 32 20 12 52 5 54 29 56 38 48 14 77 45 78 79 7 58 13 31 72 15 8 34 26 36 71 1 53 23 80 27 69 75 39 57 11 22 50 28 44 41 63 43 3 40 59 66 55 68 9 42 70 46 61 33 67 74 16 18 21 65 
72 23 48 31 52 29 42 36 10 43 28 33 66 81 27 40 57 1 34 63 26 77 3 55 21 68 79 65 15 24 74 44 9 25 20 49 17 18 4 37 12 46 14 69 61 62 67 59 38 6 56 70 78 76 45 30 39 19 47 58 73 71 2 16 32 75 35 11 64 7 8 53 54 60 5 50 13 41 80 51 22 
34 45 57 73 32 16 53 15 28 38 56 75 65 26 18 61 71 44 41 39 9 72 13 36 70 46 67 10 35 31 3 22 8 59 5 12 77 51 64 60 54 19 50 68 55 30 42 25 58 33 49 52 21 74 1 62 66 29 14 20 40 80 7 6 47 43 4 17 37 79 69 2 63 11 78 24 81 23 76 48 27 
5 20 14 35 61 74 78 30 58 29 12 80 8 46 22 21 13 19 24 59 15 17 4 6 27 75 71 42 51 68 36 33 2 57 28 69 62 67 41 47 44 70 7 76 11 73 9 45 32 55 66 16 77 26 3 81 23 60 10 48 65 53 79 25 56 39 54 63 49 38 50 18 37 31 1 52 64 40 34 72 43 
26 43 7 18 70 68 6 66 59 77 62 64 17 14 63 67 55 78 81 11 22 60 25 76 10 73 40 21 53 1 58 71 16 32 34 13 75 45 39 52 56 28 9 65 3 50 31 20 41 46 61 4 19 54 74 72 49 33 69 36 5 37 38 27 44 51 30 80 24 48 23 57 79 8 29 12 47 42 2 15 35 
37 76 55 1 12 62 65 63 4 72 68 59 25 2 23 5 70 42 57 35 50 38 43 7 69 80 64 11 41 39 18 61 30 81 46 66 48 32 27 49 53 21 78 10 6 40 22 47 79 34 17 3 13 8 16 54 51 67 24 26 77 9 52 45 15 60 20 33 29 14 31 74 28 71 73 56 44 58 19 36 75 
21 38 8 13 69 54 50 77 71 11 37 41 79 39 58 16 24 7 18 45 48 49 74 47 33 44 53 67 19 60 62 70 76 52 23 40 81 73 57 80 59 5 35 66 30 14 29 63 43 15 72 2 36 51 56 17 78 27 68 31 75 42 64 61 1 46 10 34 28 22 65 12 4 20 9 6 32 55 3 26 25 
11 65 73 34 6 77 67 24 53 66 10 70 13 55 43 71 3 26 2 30 44 18 9 74 14 37 68 57 75 21 33 39 1 16 29 59 45 58 23 31 80 36 56 5 49 48 19 40 78 38 79 20 41 22 52 46 50 17 25 51 42 76 35 32 61 64 69 62 27 72 47 63 81 7 12 15 28 60 8 4 54 
14 18 54 19 46 58 45 49 3 34 65 47 1 76 39 7 35 37 61 48 40 21 70 67 29 64 20 80 77 56 6 5 42 27 69 63 52 28 25 78 10 74 62 8 13 4 15 31 17 68 23 59 24 81 41 32 72 2 30 33 60 11 71 75 51 50 12 79 55 73 57 44 66 9 36 53 22 26 43 38 16 
57 40 44 20 59 31 10 52 62 8 16 27 2 74 51 42 17 36 13 25 53 55 72 3 71 45 1 60 11 32 35 43 41 28 24 68 39 15 33 29 22 79 65 18 76 34 46 80 5 21 50 12 69 70 49 7 38 73 9 61 81 75 47 30 23 54 48 26 4 58 14 66 67 78 37 19 63 56 77 6 64 
28 2 79 42 1 17 36 21 68 50 14 12 57 29 52 31 49 60 19 4 41 22 54 80 78 59 62 7 20 38 81 46 51 53 18 61 73 6 77 55 43 67 32 37 40 72 63 10 30 75 26 27 11 25 64 8 45 3 66 23 56 48 16 9 24 76 71 70 33 39 13 15 34 65 69 74 58 5 47 35 44 
32 30 38 71 27 23 22 33 47 5 77 20 64 24 79 48 40 25 69 16 60 43 42 75 36 10 11 8 4 76 70 73 19 72 62 78 26 50 2 17 1 41 12 63 66 55 51 67 9 7 74 54 58 52 34 31 65 15 44 37 28 68 53 29 6 81 59 45 56 3 35 80 61 21 39 13 18 14 46 49 57 
35 70 69 9 41 48 15 25 76 75 18 67 22 21 19 78 6 23 31 34 52 51 32 26 8 47 81 74 17 45 66 12 58 37 44 64 61 53 24 16 14 57 72 20 42 1 65 73 56 36 13 33 60 3 62 5 79 54 63 55 39 27 4 10 49 77 38 46 43 28 2 7 29 50 40 30 11 71 59 80 68 
55 63 37 29 51 81 8 7 26 44 30 58 46 41 72 54 69 61 56 57 38 73 23 66 28 39 5 34 65 47 15 79 36 13 22 50 70 71 11 9 4 3 48 19 75 77 76 43 16 32 35 49 64 6 14 67 59 80 12 78 20 74 24 52 60 68 25 18 21 17 53 40 45 2 42 10 1 27 33 62 31 
39 75 56 64 66 13 43 78 72 80 33 4 45 11 15 53 63 81 79 46 35 7 49 12 50 76 17 40 30 71 23 48 3 9 2 26 21 68 69 54 34 38 59 60 27 61 62 57 18 42 14 47 44 28 10 6 29 1 58 19 36 77 22 31 37 5 74 67 16 65 41 8 20 51 70 32 55 52 25 73 24 
12 5 61 74 4 50 16 60 80 9 73 68 59 56 62 28 38 32 6 65 27 33 58 24 77 15 63 25 31 49 67 14 52 54 10 55 47 64 30 7 46 51 81 44 35 39 71 66 29 8 45 37 2 53 26 40 13 21 57 18 43 70 69 78 20 1 42 22 19 36 11 34 48 76 75 3 41 72 79 17 23 
################proper############## 

 average_time = 34.403513 

 success runs = 1 

 total average iters = 404417.000000 
