Success!!! 
 
 max_col = 
 81 
 
 run_time = 
 43.672558 
 
 once iters = 
 611000 
 
58 59 61 46 12 10 47 32 16 3 62 60 80 43 66 14 55 28 26 57 48 19 81 35 68 37 41 8 21 23 42 24 51 27 36 44 67 69 71 13 38 2 75 25 56 78 64 70 31 20 11 79 72 63 34 5 1 33 45 39 9 52 73 15 40 4 50 6 76 53 65 7 49 77 29 18 22 30 74 54 17 
27 41 63 8 40 78 43 28 71 7 36 75 65 5 77 49 73 64 33 11 42 50 22 60 18 56 67 2 74 9 35 20 69 45 37 53 70 3 23 39 19 55 6 80 72 76 62 59 51 15 14 30 12 1 24 54 17 38 79 57 61 32 31 34 13 47 29 21 52 66 58 68 26 4 44 48 46 25 10 81 16 
14 74 35 75 4 48 26 51 79 21 30 32 46 78 59 54 52 68 28 15 72 1 45 8 63 76 3 16 39 41 77 47 81 55 29 22 58 62 66 5 34 7 65 44 60 10 57 24 40 9 17 67 73 80 18 56 36 20 23 43 49 13 50 12 11 64 42 37 71 38 25 31 70 27 19 33 6 69 61 53 2 
69 36 13 65 45 6 3 25 42 34 58 57 50 72 44 33 19 37 39 43 38 4 70 16 66 80 5 62 32 28 40 15 17 56 63 59 30 10 1 64 49 73 29 61 14 52 23 75 81 35 74 48 26 21 11 53 27 67 46 60 12 7 76 2 78 41 54 51 22 77 55 18 79 68 9 71 8 31 20 24 47 
2 76 73 29 18 68 56 11 33 1 53 45 63 26 35 17 24 13 52 31 25 61 10 9 74 79 62 80 7 3 4 78 54 46 30 6 41 59 27 57 40 36 50 81 21 43 37 19 55 71 77 28 58 69 8 65 14 42 22 66 48 44 47 60 23 39 20 70 75 49 32 16 15 12 38 67 72 34 64 5 51 
66 1 70 52 38 39 44 77 80 74 81 61 51 10 47 18 23 9 29 40 21 58 73 54 30 75 6 11 12 43 34 76 25 31 72 49 16 79 53 22 24 8 20 26 17 7 4 68 36 5 65 42 60 56 64 2 71 19 55 59 15 63 78 33 28 69 48 57 46 35 27 67 41 13 45 32 37 50 3 62 14 
67 31 7 50 57 9 17 62 81 56 15 48 20 70 69 2 8 76 77 59 27 13 64 71 46 34 12 79 14 58 5 33 75 19 52 38 4 68 35 47 42 45 51 78 63 54 22 49 32 53 29 18 66 44 6 80 40 37 41 16 3 21 25 1 72 24 61 74 26 30 10 73 36 65 43 60 23 11 39 28 55 
55 72 37 24 23 15 53 20 5 67 38 27 22 11 25 29 4 79 49 47 7 65 36 2 78 32 14 26 71 50 70 13 60 68 57 64 31 52 18 74 77 76 48 54 12 39 6 41 33 61 16 46 34 45 30 10 75 69 51 62 58 28 81 19 8 17 9 3 43 44 56 59 63 1 35 80 42 40 66 21 73 
34 60 49 19 21 54 30 64 22 40 16 31 39 41 42 71 12 6 51 17 44 23 53 69 24 20 55 18 1 66 61 10 67 65 73 48 46 33 9 37 15 11 28 32 43 27 25 50 47 8 13 2 38 3 72 74 68 70 77 4 29 26 35 45 79 14 36 81 62 5 63 80 7 76 56 52 59 58 78 75 57 
5 57 17 78 2 28 51 37 41 8 12 34 72 55 64 56 71 3 25 20 33 31 27 74 62 68 40 14 58 1 48 59 10 29 7 16 50 61 11 43 66 22 44 77 54 46 60 26 70 38 81 4 21 36 76 9 80 79 13 24 75 69 23 67 52 49 73 53 32 6 35 15 45 39 42 19 63 65 18 47 30 
40 8 9 60 15 79 24 1 7 29 49 38 4 67 26 69 33 25 46 77 53 14 78 17 59 22 52 57 37 44 41 39 32 34 3 43 28 45 5 65 68 70 23 62 13 63 80 42 56 2 76 58 35 16 36 71 6 81 11 10 50 20 30 54 64 12 51 47 19 18 72 74 48 55 73 27 66 61 75 31 21 
72 61 6 3 70 45 10 68 73 46 75 9 36 32 63 42 22 35 1 13 79 24 50 65 81 44 58 23 55 49 2 62 78 11 67 20 59 30 47 19 48 21 7 56 37 53 51 69 27 14 41 15 5 25 33 66 8 31 74 18 54 43 16 71 26 57 77 76 80 29 4 39 17 34 60 38 40 64 52 12 28 
62 48 52 36 30 20 54 49 19 28 77 51 41 13 53 61 21 66 18 10 64 43 39 11 72 29 34 47 60 80 68 42 15 26 74 4 79 35 32 75 46 71 63 76 2 59 45 67 44 24 31 3 8 6 40 17 55 78 65 38 73 25 12 37 1 9 7 23 50 27 69 5 57 16 81 58 33 14 22 70 56 
59 50 26 31 39 42 69 27 12 16 80 24 2 54 70 74 81 17 73 32 49 67 30 4 75 38 19 52 66 61 51 25 8 77 5 45 53 41 15 34 36 40 14 72 9 33 71 62 11 23 1 13 18 65 47 60 57 7 63 37 56 64 22 20 68 48 28 58 79 55 21 3 6 78 76 43 29 44 35 10 46 
43 55 14 67 71 46 64 75 32 68 5 50 47 44 79 65 48 1 21 37 15 8 23 41 56 57 76 63 22 13 38 30 35 17 28 19 6 31 51 69 73 58 81 18 29 9 49 12 7 66 10 34 78 39 4 27 72 52 42 53 26 77 3 16 60 70 33 62 11 40 45 61 59 80 36 54 25 2 24 20 74 
38 16 18 44 34 66 58 74 11 15 7 6 43 57 76 10 30 45 61 63 70 9 5 28 12 60 71 33 54 75 64 56 65 21 81 69 80 20 24 55 3 39 4 67 27 72 52 40 50 77 47 17 79 73 51 49 32 48 29 35 59 19 14 78 31 22 25 8 42 2 36 46 37 23 68 41 13 26 53 1 62 
13 29 80 25 22 56 81 76 21 62 78 23 27 20 18 52 59 60 6 51 45 35 2 55 36 7 47 72 50 31 53 73 9 70 79 40 74 16 33 38 10 42 26 12 57 68 32 64 19 48 37 61 43 54 28 67 39 15 58 46 41 1 34 30 75 66 44 63 65 17 14 24 4 11 77 3 71 5 49 8 69 
77 23 47 35 33 65 4 53 63 19 14 58 73 40 37 11 31 39 16 26 3 66 48 42 80 69 54 24 46 12 76 27 18 36 6 71 60 25 49 8 17 52 78 64 1 57 29 30 75 28 22 74 55 20 5 70 44 2 21 68 45 61 62 56 10 43 38 13 34 81 59 41 32 50 79 51 7 72 9 15 67 
32 68 62 38 13 59 80 4 18 26 56 41 61 8 34 20 35 70 78 25 17 57 7 47 1 19 39 64 6 37 63 53 28 15 23 50 55 12 67 45 11 60 71 9 40 79 75 36 21 42 27 16 76 33 31 58 69 72 30 51 5 10 52 29 49 46 2 48 74 65 81 14 22 24 3 66 54 43 73 44 77 
54 5 39 55 37 73 41 9 52 50 63 18 57 80 67 38 68 10 75 22 71 28 69 48 14 65 27 78 2 59 79 40 46 13 24 33 8 74 56 53 43 30 1 51 34 29 20 25 72 58 66 23 44 47 21 81 35 17 6 61 64 4 77 32 62 36 15 19 45 3 42 26 31 60 12 7 11 16 70 49 76 
30 71 42 47 56 58 74 46 60 66 55 33 9 31 65 16 75 21 37 76 81 64 51 10 6 2 43 45 11 22 67 36 29 49 35 80 77 7 72 3 78 26 15 24 41 73 5 48 38 1 19 68 39 59 32 23 13 8 54 12 28 70 63 79 17 61 53 18 27 52 50 44 69 40 62 20 57 4 14 25 34 
78 81 12 72 27 64 36 21 49 42 25 29 79 15 7 53 51 23 68 66 4 46 9 44 54 11 13 70 56 14 52 31 48 60 26 41 76 65 80 17 63 37 73 2 33 69 43 22 74 30 28 50 3 32 62 39 34 57 19 45 40 47 24 59 16 77 58 35 55 75 8 20 5 10 18 6 61 1 67 71 38 
26 65 40 77 1 11 8 67 57 78 59 47 6 49 3 24 5 46 45 21 34 55 56 61 20 12 35 4 81 68 19 58 74 54 16 75 25 32 14 44 31 62 10 39 38 18 17 52 13 70 15 64 51 71 41 42 37 27 76 73 33 50 48 43 66 72 63 22 60 9 7 69 28 30 23 53 80 36 29 2 79 
16 51 10 76 20 69 19 6 28 43 37 64 81 39 12 30 45 52 79 80 74 33 3 23 60 18 31 44 62 8 17 34 73 42 77 7 5 47 50 48 58 66 59 46 61 41 54 9 14 11 57 53 2 26 22 38 49 65 78 15 55 36 29 24 4 25 67 71 70 68 40 1 72 63 13 21 75 32 56 35 27 
29 70 25 53 17 43 15 34 31 48 1 14 62 77 71 19 60 69 24 67 41 32 49 73 58 42 72 66 38 27 30 18 5 12 61 51 54 4 64 21 22 13 36 79 35 40 78 80 65 63 56 45 81 55 7 44 2 75 3 20 46 16 74 10 6 23 76 28 39 57 11 47 8 33 26 68 50 52 37 9 59 
48 14 22 45 44 35 7 63 3 58 2 13 40 17 4 76 32 36 53 52 30 59 16 70 77 50 8 10 20 55 69 57 72 39 43 25 18 23 42 28 27 29 68 6 75 61 67 60 24 49 34 31 37 62 1 26 56 9 80 71 66 11 79 51 21 73 5 54 38 12 33 78 47 64 46 74 19 15 81 65 41 
50 2 79 23 24 61 33 66 75 11 72 22 44 73 27 28 74 54 40 38 62 63 29 36 5 15 26 32 9 21 1 71 3 76 47 65 57 19 52 70 81 20 49 69 16 12 7 46 77 6 35 10 4 8 60 18 59 53 68 25 14 67 43 41 37 30 31 80 64 13 34 56 42 45 58 78 51 48 17 55 39 
42 22 2 54 5 44 31 14 29 49 52 62 38 9 41 15 34 11 47 75 23 21 59 43 7 30 17 60 64 25 20 4 27 69 1 73 45 26 68 71 70 33 32 13 6 36 10 28 76 78 51 8 19 48 61 40 63 39 24 58 81 3 46 72 65 80 12 55 53 79 37 77 66 56 67 16 74 35 57 18 50 
10 38 65 58 28 77 70 35 59 63 33 3 21 69 43 50 40 75 4 64 18 22 74 1 37 25 57 68 24 51 32 61 23 7 12 46 34 76 62 15 60 49 56 16 67 2 39 44 20 27 52 29 30 79 14 19 66 80 73 36 47 8 72 31 71 26 11 42 6 54 13 48 81 9 53 45 55 17 41 78 5 
46 64 71 9 25 75 23 15 45 13 20 39 37 61 24 57 16 8 60 42 55 38 6 68 44 14 63 76 33 53 78 49 47 79 22 52 48 77 65 31 59 10 17 21 28 66 26 3 69 18 7 35 80 4 54 50 41 32 2 1 51 30 11 81 74 5 70 67 29 56 62 40 34 58 27 72 12 73 19 36 43 
41 30 57 20 53 47 68 36 6 65 66 55 77 51 29 35 1 27 71 54 32 78 40 76 9 48 24 42 63 15 62 5 11 81 56 39 2 80 79 52 18 19 22 73 69 37 16 23 58 50 21 72 45 64 75 12 67 74 59 26 34 49 13 46 43 38 10 7 8 61 60 17 33 31 14 28 3 70 44 4 25 
79 13 32 7 49 33 48 50 1 44 47 26 5 45 30 36 46 14 3 8 12 56 34 77 39 70 16 71 18 2 74 19 58 59 65 31 43 40 81 23 61 72 24 55 4 62 9 15 53 17 25 38 54 67 10 37 28 29 27 78 20 57 42 68 35 51 21 75 66 73 41 22 11 69 64 76 52 6 80 60 63 
37 11 16 74 19 8 76 40 69 80 31 10 12 6 81 7 58 18 67 36 46 45 28 62 26 41 51 30 34 70 55 29 66 72 17 77 63 39 25 50 53 27 38 57 44 5 14 73 61 59 60 75 56 42 65 52 43 21 15 48 35 71 68 64 3 78 24 33 20 4 47 9 1 79 22 49 32 23 2 13 54 
24 18 81 73 80 62 39 55 78 32 70 56 59 48 68 25 28 22 35 79 13 52 58 72 33 53 50 75 10 38 43 3 37 40 8 67 51 36 20 66 14 54 46 42 5 31 74 47 41 12 49 6 57 11 16 76 64 4 60 23 7 17 9 44 19 27 1 34 69 45 2 63 61 21 30 15 77 71 65 26 29 
56 27 3 34 26 21 12 72 66 76 23 53 42 74 17 60 67 4 15 73 11 49 20 81 19 61 2 41 45 16 6 48 80 28 44 54 37 9 29 78 1 75 64 35 47 55 70 32 68 65 43 71 63 13 77 22 33 25 69 79 38 31 5 36 30 59 52 50 57 14 18 58 24 46 7 10 39 62 40 51 8 
17 67 60 63 43 51 52 61 4 64 54 72 71 19 2 79 78 73 80 29 66 69 65 5 27 31 10 9 36 57 13 35 26 50 21 14 12 58 7 11 8 3 41 74 30 1 77 33 34 81 46 24 40 22 56 55 18 6 44 70 53 62 45 76 15 16 32 25 23 39 28 49 38 75 37 47 20 59 48 68 42 
65 80 23 51 67 63 46 29 77 53 24 66 28 35 57 75 20 32 59 6 73 79 54 37 42 78 44 39 40 34 22 12 30 58 50 17 9 60 41 27 64 74 72 49 71 15 56 5 45 43 68 36 10 70 2 13 48 14 47 31 76 18 61 52 7 33 55 11 16 19 1 62 25 38 69 8 81 21 4 3 26 
18 45 33 59 32 71 20 8 44 10 19 7 55 37 46 23 70 74 63 69 58 77 62 38 31 47 53 81 3 78 11 52 42 24 60 27 13 14 16 4 51 34 39 1 25 17 66 76 22 57 80 12 6 61 35 15 21 30 36 50 79 65 40 26 5 54 49 2 68 43 67 28 73 41 75 9 64 29 72 56 48 
76 53 64 68 69 25 57 41 35 60 6 21 33 63 62 34 14 16 56 7 22 30 43 32 3 9 70 67 15 72 45 44 61 20 48 13 11 55 12 2 54 47 42 59 10 24 31 58 26 4 71 1 27 38 39 78 5 46 28 77 80 74 51 73 29 81 8 79 40 37 17 75 65 66 50 23 49 19 36 52 18 
81 62 43 61 47 16 73 5 15 39 40 17 58 1 49 27 25 42 55 35 28 36 8 57 13 10 60 29 51 18 14 63 38 66 75 9 65 21 31 80 37 78 52 68 48 19 53 11 30 69 59 7 64 2 26 24 45 23 67 6 72 22 54 3 77 44 56 4 41 20 46 50 76 32 71 34 70 74 12 79 33 
28 79 50 39 52 34 38 60 36 30 43 73 3 22 80 59 56 78 81 48 5 72 75 29 11 33 21 35 23 19 25 77 6 64 2 55 17 15 26 62 76 24 57 66 45 49 13 8 54 74 20 44 46 41 12 1 42 63 53 9 69 68 4 27 70 58 47 65 18 10 71 32 40 51 61 37 14 67 7 16 31 
31 3 11 49 7 4 2 10 9 12 41 44 64 50 48 67 72 26 19 71 16 18 66 45 52 40 65 43 47 69 28 37 76 80 46 79 29 81 22 56 6 23 33 38 36 77 55 78 25 75 62 60 14 51 20 59 58 73 70 8 32 34 57 63 42 13 39 24 61 21 74 30 54 15 1 5 53 27 68 17 35 
22 54 66 48 6 70 13 24 27 77 9 65 76 68 8 45 11 38 34 41 2 17 12 26 15 64 23 1 4 73 21 74 49 62 31 36 35 75 61 79 30 53 5 40 32 42 63 39 18 29 3 37 67 50 71 33 25 56 52 19 16 81 7 57 14 60 69 59 51 78 80 72 58 44 47 55 28 20 43 46 10 
12 78 72 37 42 19 21 58 56 61 4 71 69 2 52 5 29 15 20 49 51 68 14 80 76 1 74 7 26 32 16 65 57 41 54 70 73 8 77 46 67 43 18 63 50 34 47 81 28 33 79 40 23 9 44 11 3 55 10 27 17 75 64 48 22 53 35 66 36 25 31 38 30 59 24 62 60 39 6 45 13 
74 40 55 17 75 1 14 30 26 51 18 36 31 79 54 13 47 81 27 46 50 39 25 67 4 24 61 56 59 10 33 68 53 5 71 8 44 70 58 7 20 69 19 28 3 65 48 21 16 72 73 32 52 35 66 62 29 43 49 41 60 37 38 9 34 76 45 64 15 23 12 6 80 22 63 11 2 57 77 42 78 
6 28 67 41 68 22 77 59 17 14 21 8 52 75 51 26 42 12 23 70 76 44 79 64 38 36 11 54 57 74 49 81 16 78 53 37 3 2 10 32 69 48 80 5 15 71 35 27 9 34 45 47 29 18 63 25 50 13 7 33 31 60 66 39 55 19 65 56 73 62 61 4 46 20 72 40 43 24 30 58 1 
25 52 31 56 74 36 50 80 34 38 73 5 15 64 32 4 6 33 72 9 54 42 46 27 29 59 18 51 77 65 24 22 40 48 19 1 81 53 8 67 47 17 13 23 66 26 21 20 49 39 2 70 61 57 55 43 16 62 14 75 37 78 10 69 41 45 30 68 12 58 44 71 60 3 28 35 79 63 76 11 7 
73 7 51 71 81 55 5 78 14 47 79 76 54 29 11 58 13 43 12 34 75 41 61 63 10 4 37 27 28 46 9 80 39 35 69 60 38 6 45 72 21 65 30 33 19 56 24 66 15 67 44 62 36 40 53 77 26 68 32 3 8 48 49 18 57 31 22 1 17 74 20 52 2 25 70 59 16 42 50 64 23 
3 4 75 26 61 76 9 23 30 72 60 59 34 16 50 48 49 57 58 74 24 80 21 7 17 8 25 6 5 45 44 41 68 14 15 29 20 54 43 18 35 56 12 11 70 13 79 63 42 10 64 52 33 81 19 28 73 47 71 69 39 38 1 77 32 40 37 46 2 67 66 51 62 53 78 65 36 55 31 27 22 
21 46 29 33 11 57 16 39 40 41 3 35 30 23 61 68 80 63 50 45 31 81 19 6 53 62 66 13 72 7 26 55 20 32 25 2 42 1 74 59 75 64 76 14 52 22 28 54 37 51 58 69 17 60 9 4 65 18 5 67 44 79 27 38 24 8 43 78 47 34 70 36 77 71 10 12 73 56 15 48 49 
53 12 8 79 10 60 18 70 64 2 27 67 1 24 28 37 17 31 57 5 68 48 13 78 40 35 56 38 30 62 47 43 59 73 66 23 39 51 34 16 55 4 25 71 46 32 65 72 80 19 50 41 11 77 58 20 76 36 81 22 52 45 6 49 9 63 26 15 7 42 3 29 75 61 74 14 69 54 21 33 44 
1 43 48 66 58 24 49 69 2 45 65 74 18 25 56 9 53 20 14 60 77 51 32 52 67 55 73 36 70 33 8 50 12 71 42 21 61 22 40 63 44 28 27 31 62 16 76 4 78 3 38 5 75 7 15 29 46 34 17 64 30 59 41 35 54 6 79 72 10 80 23 11 68 19 57 81 26 13 47 39 37 
47 20 15 42 65 72 35 54 38 81 44 69 70 62 19 78 36 55 2 3 26 16 1 39 43 71 22 31 75 17 10 67 34 52 64 63 49 50 37 9 7 41 77 58 79 6 73 53 46 68 12 14 25 30 74 57 11 51 61 40 23 24 56 28 76 21 27 60 59 33 48 13 29 8 66 4 45 18 5 80 32 
63 44 19 32 62 27 37 45 13 71 39 77 10 66 22 46 7 40 30 28 20 47 15 33 65 49 69 58 79 4 3 11 56 61 76 18 68 73 78 26 29 57 60 36 24 48 8 31 1 55 23 43 59 74 42 21 12 35 72 54 70 80 2 75 53 50 14 5 25 64 16 81 51 6 41 17 67 9 38 34 52 
49 47 24 2 55 50 60 38 58 35 61 52 26 59 33 41 54 71 22 12 40 29 72 15 57 6 75 5 13 20 39 1 36 18 62 81 66 34 69 42 79 32 43 19 53 64 27 77 3 16 67 73 48 68 17 14 9 11 31 74 21 51 37 25 44 65 46 45 56 70 30 10 78 7 80 63 76 28 8 23 4 
70 19 20 27 3 30 45 13 61 17 10 4 60 28 23 21 38 44 41 81 14 5 35 31 64 46 7 49 53 52 29 51 79 22 34 57 1 48 2 77 26 67 47 15 58 50 18 37 39 25 36 76 9 24 78 73 62 59 40 72 6 33 69 80 12 71 66 16 63 8 43 54 56 74 11 42 65 75 55 32 68 
64 26 36 22 14 74 40 12 39 20 51 11 67 27 73 32 50 53 44 2 61 62 38 79 21 66 4 59 8 30 65 9 7 75 33 56 24 78 46 68 80 25 54 17 76 23 58 57 52 45 69 81 71 72 3 48 10 60 35 63 42 41 28 47 18 15 6 31 5 1 49 55 19 43 16 77 34 37 13 29 70 
52 56 21 15 31 29 67 33 43 5 48 63 25 65 40 72 39 80 76 78 37 27 18 3 71 54 42 73 35 26 50 69 70 38 68 28 64 11 36 20 9 81 74 75 22 8 46 51 4 47 53 49 62 10 13 7 23 61 16 30 77 66 55 14 2 34 60 32 58 24 19 79 44 17 6 57 1 45 59 41 12 
44 69 76 81 79 53 32 17 46 18 42 70 68 34 13 64 77 19 8 30 43 25 80 50 45 23 49 12 78 67 54 60 14 37 11 15 33 29 28 51 56 59 16 3 39 75 40 6 35 7 63 55 65 31 38 36 47 58 57 2 1 5 71 4 61 52 74 73 48 41 9 21 10 26 20 24 27 66 62 22 72 
9 34 1 80 66 7 72 18 48 37 46 15 24 3 75 62 79 56 10 65 69 70 67 59 47 63 68 61 17 77 31 21 19 16 4 76 27 71 30 6 12 5 55 60 49 11 38 13 43 41 78 26 74 29 25 8 52 45 39 32 22 54 44 23 20 42 57 40 81 28 51 64 50 14 33 2 35 53 58 73 36 
75 10 41 6 77 23 25 71 51 9 22 78 49 30 16 55 57 29 32 53 56 73 17 24 28 74 36 40 27 63 72 64 2 43 58 66 14 38 70 35 45 44 37 7 8 20 42 34 12 80 5 33 1 19 81 79 4 26 18 65 67 46 15 11 59 3 62 39 13 50 68 76 21 47 52 31 48 60 54 69 61 
68 42 59 28 54 37 63 65 8 6 45 81 7 58 14 12 43 47 48 19 1 11 26 13 16 39 33 74 44 71 23 32 55 10 41 24 52 57 4 61 62 18 31 50 73 60 2 56 79 21 30 66 70 15 80 34 53 64 20 76 27 29 75 17 36 67 72 69 77 22 78 35 9 49 40 46 5 51 25 38 3 
4 73 78 16 35 5 11 57 62 69 74 1 66 36 31 8 76 2 9 58 60 20 55 34 51 52 77 25 48 42 46 6 45 3 80 47 23 72 21 10 13 63 40 41 65 14 61 17 59 44 54 22 32 28 43 68 19 50 56 49 24 12 70 53 38 29 75 27 33 7 26 37 64 18 39 30 15 81 79 67 71 
23 33 53 10 36 49 75 42 55 31 76 68 19 60 21 63 69 30 17 14 57 26 37 46 2 3 79 20 43 56 73 16 4 47 18 5 78 27 59 24 41 50 66 8 51 38 72 45 48 64 61 39 28 34 52 35 22 12 62 44 65 6 32 74 58 1 40 29 54 71 77 25 13 67 15 70 9 80 11 7 81 
19 77 27 69 48 18 62 7 74 36 35 40 29 14 6 51 37 24 66 61 65 76 47 25 8 81 45 15 42 54 80 38 41 23 59 30 72 28 44 73 39 12 21 10 68 67 11 71 60 13 55 63 50 43 49 64 79 5 1 56 78 53 58 70 46 32 16 9 31 26 22 2 3 52 4 75 17 33 34 57 20 
80 32 28 11 9 41 78 47 65 23 34 12 17 42 55 1 2 77 5 44 52 74 60 40 49 43 64 22 29 48 37 70 31 51 27 3 56 67 13 58 25 38 79 53 20 4 36 16 73 62 33 19 15 75 45 46 61 54 8 81 18 72 39 7 50 10 68 30 24 69 6 57 14 35 59 26 21 76 71 63 66 
45 6 46 40 16 26 59 43 68 4 28 25 8 71 20 81 62 50 13 39 9 75 41 53 55 73 15 21 52 76 57 79 33 67 14 32 22 17 3 30 65 1 2 70 77 35 12 29 5 31 18 56 42 78 37 69 51 10 38 7 19 27 80 66 63 11 34 61 44 47 64 23 74 54 48 36 24 49 60 72 58 
57 15 38 14 51 3 71 56 72 59 32 79 75 53 5 70 10 58 7 4 63 6 42 18 23 27 29 69 65 35 12 46 50 2 45 34 62 64 55 54 33 31 61 48 26 81 44 74 17 22 9 21 49 76 68 47 77 24 66 11 25 73 60 13 67 20 80 52 78 36 39 19 43 28 8 1 30 41 16 37 40 
60 37 4 13 73 52 66 81 70 54 11 16 48 38 39 44 65 67 31 24 35 34 71 56 22 72 80 28 61 40 58 8 77 1 78 74 32 43 76 49 23 15 9 29 7 3 30 10 2 46 6 57 47 53 50 63 20 41 33 55 36 14 26 62 45 75 17 12 21 59 5 27 18 42 51 25 68 79 69 19 64 
20 39 30 12 50 17 79 31 76 73 57 46 45 56 9 22 64 41 36 33 19 54 11 58 70 67 28 55 68 81 71 75 24 44 10 62 47 63 6 60 4 14 69 37 80 51 1 7 66 32 26 25 77 52 59 16 74 40 34 13 43 15 21 8 48 35 18 49 3 72 53 42 27 2 5 29 38 78 23 61 65 
8 24 58 21 29 67 61 22 25 52 13 43 74 47 72 3 27 7 69 1 78 10 77 20 32 51 30 53 49 11 36 66 64 63 9 26 71 5 19 40 16 35 45 34 18 80 41 79 23 54 70 59 68 14 57 75 31 76 48 42 4 2 17 65 73 37 81 38 28 60 15 33 39 62 55 44 56 12 46 50 6 
35 63 34 5 64 2 1 44 54 33 26 49 78 18 15 80 66 61 62 50 59 12 68 21 48 16 38 17 19 6 60 7 13 25 39 72 36 42 75 81 57 46 11 52 74 58 69 65 8 40 24 27 20 37 29 30 70 3 9 28 71 23 67 55 56 79 4 41 14 51 76 43 53 73 31 22 10 47 32 77 45 
61 35 68 4 8 80 22 16 50 55 67 2 56 33 38 47 41 51 54 18 10 15 63 75 69 45 1 34 73 39 27 17 44 53 49 12 19 46 60 14 72 77 62 20 78 21 3 43 64 36 40 11 31 23 70 6 24 66 37 29 57 42 59 5 25 74 13 26 30 48 52 65 71 81 32 79 58 7 28 76 9 
71 17 54 57 41 32 28 79 23 24 64 30 11 7 36 77 18 62 65 16 39 60 31 49 73 21 46 48 67 47 56 26 52 9 70 42 40 66 38 76 50 68 53 4 81 25 59 55 29 37 72 51 22 58 69 61 15 44 12 14 74 35 19 6 27 2 3 10 1 63 75 45 20 5 34 13 78 8 33 43 80 
33 66 77 18 72 81 29 26 47 79 17 54 53 52 1 39 9 48 42 55 67 7 76 22 35 13 20 37 31 5 15 28 71 74 32 10 69 24 73 25 2 61 34 43 59 45 68 38 6 56 75 78 16 46 23 51 60 49 50 21 63 58 36 40 80 62 41 14 4 11 57 8 12 70 65 64 44 3 27 30 19 
51 75 45 30 78 38 34 2 24 57 68 80 14 21 74 66 15 49 11 23 8 71 44 12 50 77 48 3 16 29 18 54 1 6 20 61 26 56 17 36 5 79 58 47 31 70 81 35 67 76 39 9 13 27 46 41 7 22 64 52 62 40 65 42 33 28 19 43 72 32 73 53 55 37 25 69 4 10 63 59 60 
39 9 5 43 76 14 65 19 37 22 29 28 13 81 78 31 3 72 64 68 36 40 52 51 25 17 59 77 41 60 75 2 21 30 55 58 15 44 48 33 32 6 67 27 11 74 34 1 63 26 8 80 53 12 73 45 54 16 4 47 10 56 18 61 69 7 71 20 35 46 79 70 23 57 49 50 62 38 42 66 24 
36 49 74 70 46 12 55 48 53 25 69 20 23 4 10 40 63 34 38 56 29 37 57 19 79 58 81 50 80 64 66 14 43 33 13 78 7 18 39 1 71 9 35 45 42 28 15 61 62 52 32 65 41 17 27 3 30 77 75 5 2 76 8 21 51 68 59 44 67 31 24 60 16 72 54 73 47 22 26 6 11 
15 58 69 64 60 40 42 3 10 27 50 37 35 76 45 73 44 65 43 72 6 53 4 66 41 28 9 19 25 24 59 23 62 8 51 11 21 13 63 12 74 80 70 30 55 47 33 18 57 79 48 54 7 5 67 32 38 71 26 17 68 39 20 22 81 56 78 77 49 16 29 34 52 36 2 61 31 46 1 14 75 
7 25 56 1 63 13 27 73 20 75 8 42 16 12 58 6 26 59 70 62 80 2 24 30 61 5 32 46 76 36 81 72 22 57 40 35 10 37 54 29 52 51 3 65 64 44 19 14 71 60 4 77 69 49 79 31 78 28 43 34 11 55 33 50 47 18 23 17 9 15 38 66 67 48 21 39 41 68 45 74 53 
11 21 44 62 59 31 6 52 67 70 71 19 32 46 60 43 61 5 74 27 47 3 33 14 34 26 78 65 69 79 7 45 63 4 38 68 75 49 57 41 28 16 8 22 23 30 50 2 10 73 42 20 24 66 48 72 81 1 25 80 13 9 53 58 39 55 64 36 37 76 54 12 35 29 17 56 18 77 51 40 15 
################proper############## 

 average_time = 43.672558 

 success runs = 1 

 total average iters = 611000.000000 
