Success!!! 
 
 max_col = 
 81 
 
 run_time = 
 61.092903 
 
 once iters = 
 905821 
 
21 60 66 54 24 35 5 14 74 1 23 18 20 70 56 75 50 25 17 36 13 19 31 34 53 51 9 49 69 48 33 57 29 80 73 47 10 2 27 42 26 76 12 15 63 58 65 3 68 55 37 64 81 30 67 28 11 61 22 7 44 59 8 45 72 79 77 62 6 43 41 78 52 16 40 38 32 46 4 39 71 
23 3 77 4 59 42 64 13 9 37 53 2 54 47 15 30 58 48 12 7 8 76 79 44 75 61 29 40 70 72 56 74 45 39 71 14 17 73 33 22 19 21 50 11 36 46 52 28 16 38 49 26 67 62 78 65 25 35 31 43 5 32 55 81 66 63 80 1 27 24 18 68 60 41 10 20 57 69 6 51 34 
37 32 45 49 69 48 55 56 1 39 60 62 46 67 27 31 63 9 10 4 21 65 40 78 28 26 35 64 51 22 19 17 2 6 68 34 81 54 80 58 16 52 25 79 41 50 23 7 43 13 8 20 57 72 73 33 30 12 29 77 75 70 38 59 44 3 14 71 76 11 42 47 18 66 61 36 74 53 5 15 24 
40 12 33 22 11 80 46 43 44 17 29 57 73 13 26 7 45 19 54 52 20 15 66 63 24 38 6 41 5 30 3 59 75 18 76 81 53 62 64 32 51 67 23 60 74 27 71 78 70 1 14 25 10 47 16 21 58 4 48 69 50 56 72 2 49 9 61 34 36 55 65 39 37 31 79 8 28 68 77 42 35 
26 47 73 7 72 31 27 75 28 52 34 21 64 5 36 61 8 42 74 30 22 39 67 62 81 48 37 66 13 10 15 32 44 9 4 43 38 59 20 65 71 40 70 6 14 69 2 24 79 77 12 76 11 41 1 51 45 49 18 60 3 54 68 16 58 50 57 46 35 53 33 29 56 78 17 19 80 23 63 55 25 
39 67 29 52 51 18 53 16 6 12 14 33 11 76 10 66 68 44 45 55 41 32 59 27 70 56 2 24 21 79 62 46 58 8 23 78 4 28 13 48 49 77 35 37 69 31 54 9 80 75 15 61 22 5 42 63 36 34 74 19 57 20 71 7 40 25 30 26 73 38 17 60 64 65 47 1 50 43 72 81 3 
76 57 65 15 58 41 2 63 71 24 4 32 51 43 78 55 3 49 33 77 64 11 46 14 42 72 1 7 25 20 52 50 60 38 16 53 68 9 5 34 66 18 47 31 61 59 36 21 29 48 73 35 6 19 39 40 17 23 80 79 27 26 81 69 37 74 54 56 28 8 10 13 62 22 70 45 12 67 30 75 44 
70 17 68 34 20 10 50 81 38 59 41 80 71 28 69 79 74 35 43 25 47 57 3 16 23 58 18 1 36 77 11 67 42 54 61 65 78 72 30 55 24 8 44 7 39 63 56 51 32 4 45 66 60 40 37 46 62 76 9 6 14 53 15 64 21 75 52 31 22 5 12 19 27 26 13 49 48 2 29 33 73 
8 78 30 62 61 25 19 79 36 77 72 16 6 40 81 38 65 22 71 49 5 68 69 60 50 73 80 63 28 26 12 55 31 37 35 27 1 3 75 57 29 56 45 46 43 18 34 17 44 53 74 39 33 42 41 24 47 64 52 10 2 13 66 20 15 4 70 48 32 67 51 23 58 9 7 21 54 11 14 76 59 
77 50 6 12 47 39 34 69 79 61 73 4 60 59 80 36 20 51 14 9 30 23 13 18 74 35 40 45 26 71 28 38 52 68 78 29 64 49 1 62 21 32 24 25 5 43 70 44 31 3 41 53 15 67 72 76 54 75 81 11 7 22 57 8 56 10 63 2 16 19 27 46 65 48 33 58 66 37 55 17 42 
71 19 54 31 30 4 23 35 27 45 74 63 49 65 29 32 79 26 41 17 46 62 38 8 44 25 64 47 1 16 10 21 12 43 69 37 18 40 73 33 13 81 72 22 28 66 6 57 20 9 51 50 42 48 59 53 68 24 14 3 36 55 56 77 39 78 58 80 61 15 67 11 2 70 76 7 60 5 52 34 75 
72 81 21 36 18 14 28 60 59 3 24 7 58 19 12 25 55 46 63 48 70 29 1 15 34 32 39 11 2 50 75 49 4 57 31 13 20 66 41 51 42 9 68 27 16 33 73 30 78 26 38 45 54 61 23 69 64 52 10 65 77 5 67 76 71 17 37 53 44 40 79 74 6 62 80 47 43 35 56 8 22 
48 46 15 68 1 51 78 76 29 11 30 67 9 21 66 70 42 17 28 27 16 77 52 49 61 36 5 55 6 14 39 79 23 25 18 80 57 43 26 10 53 44 75 54 65 19 37 34 58 64 56 7 40 32 71 74 50 47 62 33 45 8 2 60 81 41 35 3 31 22 72 20 73 69 59 24 63 4 38 13 12 
38 58 56 20 42 73 75 5 61 53 37 41 69 64 23 16 76 1 57 11 66 72 7 10 45 78 81 62 59 24 54 60 65 51 33 67 70 17 19 52 79 35 2 3 55 22 29 8 74 63 68 47 77 80 28 44 48 39 4 13 12 46 26 50 34 14 36 43 25 32 6 9 31 40 15 71 18 49 21 30 27 
13 66 24 9 26 2 52 8 16 28 54 31 34 10 48 40 6 56 73 65 19 67 75 68 71 60 42 81 20 7 70 77 5 44 22 3 23 74 58 11 39 63 15 59 76 49 25 35 55 17 72 12 46 14 38 79 61 41 37 30 80 43 27 1 4 18 64 33 47 21 62 69 29 45 36 32 78 50 51 53 57 
62 64 70 74 10 32 37 17 65 57 15 52 33 77 5 43 47 14 76 12 79 80 22 21 69 31 56 73 63 61 40 53 46 72 27 58 7 36 71 6 48 34 8 50 38 81 4 18 39 2 1 23 24 13 60 29 9 78 25 20 35 51 42 54 45 49 66 75 55 28 59 30 67 19 26 41 11 3 44 16 68 
63 45 11 57 44 55 43 33 53 75 22 68 50 71 2 81 72 8 24 3 59 4 58 20 54 6 51 48 41 19 35 64 36 42 15 56 47 67 78 37 30 80 60 29 31 79 27 10 69 16 76 28 62 21 70 18 34 66 32 49 73 17 40 13 23 38 12 65 5 52 26 7 61 39 74 25 9 77 46 1 14 
3 49 41 80 67 7 25 40 22 38 44 78 13 39 35 18 62 27 26 50 43 2 33 37 55 53 47 9 8 17 66 34 30 74 32 76 45 56 46 61 77 12 14 69 4 71 11 5 60 65 75 36 59 52 58 31 63 15 6 16 19 1 21 48 29 73 24 42 68 57 70 51 23 10 54 64 81 20 79 72 28 
5 52 19 38 23 70 15 39 11 6 21 71 8 80 54 17 40 61 60 34 77 46 49 79 58 43 48 13 37 27 14 81 53 35 9 28 55 41 76 68 7 66 18 75 73 29 16 74 24 67 32 59 63 2 22 45 4 3 33 50 69 12 64 36 20 26 1 51 57 10 56 62 42 25 30 72 44 65 47 78 31 
2 31 37 72 27 62 14 58 56 66 79 20 26 38 63 47 36 41 8 80 55 74 76 54 32 81 30 39 33 60 42 22 17 77 10 40 67 61 35 71 44 64 13 48 3 68 28 4 19 45 7 1 65 6 18 59 46 43 70 75 78 25 23 5 12 16 9 11 34 50 73 24 53 52 69 29 21 51 49 57 15 
80 74 59 67 54 64 60 28 46 34 12 22 52 57 49 11 48 33 13 45 78 17 53 24 47 29 26 65 18 44 63 4 15 32 7 8 50 38 25 21 20 62 39 30 37 70 66 43 56 42 3 51 71 9 77 73 5 55 19 27 10 31 1 35 14 72 69 6 75 41 61 40 16 23 68 81 76 58 36 79 2 
53 7 47 77 57 12 68 78 63 30 45 44 19 31 75 64 10 37 22 72 39 5 16 73 65 33 71 20 61 25 79 3 49 56 48 23 34 6 52 2 15 69 11 24 1 41 18 27 62 21 36 55 58 81 76 60 51 74 67 17 54 35 9 66 80 13 42 38 59 29 32 43 50 4 46 28 70 26 8 14 40 
44 41 81 66 45 22 17 29 26 68 7 25 28 15 73 72 46 13 20 35 1 69 2 56 9 57 10 5 55 70 64 43 59 11 67 51 19 31 42 60 54 47 32 16 8 14 50 48 23 76 79 80 34 12 62 36 21 40 24 53 30 61 39 63 18 52 4 58 65 78 74 49 71 77 37 75 27 33 3 6 38 
16 24 40 18 50 8 3 49 42 56 59 39 77 55 60 78 9 65 11 23 28 61 21 4 19 15 62 76 58 1 36 66 69 41 38 12 74 29 79 80 57 51 81 26 27 54 47 25 52 33 20 72 35 75 48 6 7 14 44 34 71 37 63 68 70 31 53 67 46 30 2 17 13 73 22 5 10 45 32 64 43 
61 9 36 33 34 1 35 20 75 32 76 43 5 69 24 74 16 18 52 70 63 42 51 31 40 50 38 68 45 62 6 54 78 71 29 19 22 10 72 23 59 46 4 14 58 57 53 37 15 30 44 73 17 77 13 47 2 79 49 26 8 65 11 21 60 64 27 81 7 3 25 28 48 80 66 55 67 39 12 56 41 
30 43 4 25 21 65 10 32 55 70 50 58 53 81 51 67 23 3 6 18 68 44 14 41 27 75 12 34 24 52 16 2 73 47 26 46 5 63 49 28 9 33 78 36 40 39 60 69 64 31 61 13 38 8 80 66 56 29 15 72 42 57 20 37 22 19 76 77 79 48 45 71 74 1 11 59 35 62 54 7 17 
73 69 76 6 79 71 51 48 13 27 42 14 35 2 1 62 4 29 59 64 3 7 25 67 37 66 36 57 72 75 31 80 50 21 30 74 77 12 43 53 45 17 56 65 70 26 78 11 22 46 40 49 5 10 32 68 16 81 38 41 28 58 52 44 33 23 47 54 8 39 15 55 63 24 34 61 20 60 9 18 19 
46 80 39 63 73 79 71 66 54 18 70 3 25 8 34 44 22 30 37 6 53 21 17 52 12 65 33 14 67 28 27 13 56 2 36 57 49 45 59 7 62 68 64 35 78 74 41 29 81 10 55 16 47 1 31 19 42 48 75 51 61 11 58 40 50 20 72 5 69 77 23 38 9 15 43 76 24 32 60 26 4 
45 76 69 26 13 24 7 55 31 15 51 74 17 56 39 60 12 77 72 75 44 47 81 11 38 68 57 59 16 5 4 20 40 29 66 49 8 42 50 43 61 58 41 18 21 34 67 63 25 19 53 37 78 46 9 52 23 10 3 35 33 36 54 65 62 32 48 70 71 6 1 79 22 28 2 14 64 30 27 73 80 
56 48 50 53 64 47 21 68 34 23 32 5 1 75 45 73 69 24 42 51 40 55 63 25 22 79 74 54 19 6 60 30 33 7 39 10 65 37 31 9 70 29 28 67 46 52 72 77 38 36 71 43 12 18 2 62 15 13 27 78 41 14 44 17 76 66 8 59 11 4 80 26 57 49 81 3 58 16 61 35 20 
17 10 16 1 8 3 61 37 62 21 68 72 80 27 20 13 11 54 18 46 29 50 43 26 67 76 60 58 12 15 9 44 25 45 53 75 32 24 40 73 81 55 30 33 34 51 35 22 2 59 28 48 39 66 69 77 6 70 79 57 65 38 4 49 63 42 56 78 19 74 14 64 47 36 5 23 52 31 71 41 7 
27 36 20 78 25 28 65 23 57 58 26 76 2 62 55 48 81 52 64 16 9 8 56 59 30 1 49 32 11 31 80 72 34 46 51 24 14 53 47 38 17 13 5 39 15 60 79 73 6 61 69 54 21 4 68 71 12 22 50 18 66 45 74 43 75 44 33 41 67 7 3 35 19 29 63 70 42 40 10 37 77 
32 33 18 44 15 60 4 38 67 35 40 65 42 46 31 53 78 57 62 61 71 28 80 70 14 77 58 21 43 8 50 41 55 52 79 64 27 25 12 19 23 3 66 2 26 7 20 13 45 24 5 56 76 11 30 17 39 59 73 63 81 49 37 9 51 47 22 36 10 68 29 16 69 54 1 48 72 34 75 74 6 
49 29 43 59 19 72 12 11 81 9 47 79 66 41 7 6 67 63 35 73 45 54 36 13 4 34 32 61 78 3 26 71 48 70 65 17 51 77 69 76 22 74 20 56 10 23 75 40 14 44 58 42 31 68 5 55 80 16 53 64 1 28 46 57 27 30 60 24 15 2 52 37 38 8 50 33 62 25 18 21 39 
14 40 35 75 52 6 30 9 51 19 43 36 37 16 71 29 28 64 2 20 27 66 41 5 15 10 23 42 74 73 47 69 81 22 77 38 48 4 60 54 63 72 1 44 57 3 80 62 17 8 70 33 49 50 24 26 32 25 76 21 56 67 7 61 13 39 45 55 58 18 31 34 68 79 53 12 46 59 11 65 78 
58 42 22 70 2 5 74 77 41 50 49 61 38 4 33 59 14 10 19 24 7 31 48 3 78 39 69 23 35 68 18 1 62 76 37 63 11 80 36 16 75 6 79 71 52 15 26 32 65 27 57 30 9 64 34 72 29 60 20 8 43 40 47 73 53 46 25 28 21 54 81 12 17 51 67 56 13 66 45 44 55 
10 6 46 43 39 38 69 64 14 31 75 40 72 24 52 3 29 60 15 26 42 53 68 17 1 8 63 50 48 78 74 61 13 79 56 7 62 76 81 66 37 25 27 45 77 16 9 19 4 58 54 34 18 55 36 57 20 80 12 59 67 33 65 51 47 71 73 22 70 35 28 2 21 30 32 44 5 41 23 49 11 
54 62 48 17 7 11 67 70 2 79 57 38 44 18 4 50 71 5 16 74 34 37 65 35 77 69 66 27 10 51 23 26 1 81 47 36 61 21 28 15 43 19 49 63 80 45 3 41 13 32 59 29 53 22 52 39 75 8 68 58 64 6 78 14 25 24 20 30 56 42 76 31 55 72 60 40 33 12 73 46 9 
28 30 74 65 71 76 1 47 58 8 17 59 22 68 61 39 26 20 21 67 75 38 6 57 33 4 19 35 73 80 77 15 41 34 63 52 44 23 16 56 2 10 9 55 42 40 12 49 46 70 25 5 48 24 81 54 27 31 72 32 11 60 29 78 64 62 50 79 18 66 43 53 45 14 51 13 7 36 69 3 37 
15 18 52 16 53 33 57 12 4 67 63 10 56 37 58 1 77 43 5 47 60 49 71 48 13 80 73 70 42 32 59 75 76 28 62 6 36 39 68 35 40 54 74 78 7 61 31 64 72 23 17 11 30 20 3 2 69 50 46 14 55 79 51 34 19 65 21 9 81 45 44 41 24 38 8 66 22 27 26 25 29 
24 73 27 13 41 36 81 34 68 69 2 51 76 53 42 21 7 55 30 44 31 59 12 23 29 45 3 72 22 18 43 11 16 20 25 60 58 32 70 79 5 26 67 64 48 56 63 14 50 35 77 15 8 38 4 37 28 19 40 66 47 9 49 33 46 54 10 39 74 17 57 61 80 71 6 78 1 75 62 52 65 
79 5 25 3 35 20 9 51 78 47 36 23 81 12 70 19 80 66 40 54 32 14 28 22 7 64 41 44 4 29 53 8 37 24 46 55 71 30 6 72 31 38 65 57 11 42 62 60 73 69 52 68 2 33 45 61 43 21 56 1 76 74 48 75 67 59 49 63 26 58 13 27 15 34 16 17 39 18 50 77 10 
31 61 42 50 32 37 77 59 21 14 33 34 62 35 46 49 27 45 70 43 72 20 24 2 18 9 25 19 65 39 67 40 71 64 3 5 75 13 51 17 4 1 69 53 60 76 44 47 66 7 78 57 80 74 10 38 41 26 16 22 15 73 30 6 55 36 11 29 12 23 8 52 79 81 48 63 68 56 58 28 54 
75 63 8 29 40 56 49 80 19 74 9 48 32 25 28 65 73 78 79 58 11 10 50 36 62 55 76 2 30 21 45 33 54 66 17 31 12 52 14 46 3 41 59 47 22 1 51 26 27 37 81 6 43 39 35 23 24 44 34 71 18 7 13 38 69 60 5 15 77 16 68 72 70 64 20 67 61 42 57 4 53 
55 72 60 23 22 45 44 26 66 16 64 30 15 54 6 41 13 11 27 81 56 78 61 51 39 46 52 38 9 69 58 12 14 49 57 68 73 34 18 20 33 50 29 8 24 67 10 36 21 28 65 71 75 79 25 42 70 17 63 5 53 77 62 4 48 1 7 32 37 80 40 3 43 2 35 74 31 76 19 59 47 
68 20 12 2 60 16 36 52 5 44 3 27 39 29 30 54 56 28 1 40 74 43 77 61 6 23 45 31 38 13 37 24 51 73 41 42 35 47 15 4 25 70 58 32 19 64 69 71 33 57 22 46 79 7 53 67 10 65 11 62 49 63 17 80 9 34 55 8 48 26 50 59 14 21 78 18 75 72 81 66 76 
9 79 51 37 65 63 39 67 18 36 19 8 31 32 14 26 35 53 68 28 17 34 73 69 2 42 27 10 49 33 55 48 20 78 72 45 46 11 21 41 1 61 62 12 59 4 58 50 54 6 47 38 16 60 7 15 76 5 66 80 70 29 3 74 24 56 13 23 64 81 22 75 77 43 44 57 40 52 25 71 30 
22 21 58 28 80 27 6 71 50 20 69 55 43 78 74 45 57 2 48 60 15 9 62 81 36 13 7 8 56 47 61 39 3 26 44 25 16 65 66 77 76 37 31 68 79 75 49 72 40 52 67 17 1 23 14 64 59 38 35 73 51 4 24 10 54 12 41 19 30 33 11 18 46 32 42 34 53 29 70 5 63 
7 53 64 11 56 74 13 15 25 63 10 49 61 1 47 23 5 21 78 59 4 33 26 12 57 37 70 79 71 46 81 27 68 62 2 66 72 18 8 39 38 73 55 34 75 44 77 80 42 41 48 19 14 51 20 22 60 54 58 52 40 30 50 28 43 35 32 17 29 76 69 36 3 67 31 65 45 6 24 9 16 
43 44 72 55 46 77 41 10 23 73 66 70 7 9 11 58 33 75 38 31 52 22 19 47 79 71 67 18 50 76 57 28 32 17 21 16 30 5 45 24 78 36 53 51 49 65 59 2 26 68 35 3 29 63 6 81 74 56 42 37 34 27 12 25 1 61 40 14 60 62 39 15 8 13 64 54 4 48 80 20 69 
81 75 61 69 38 26 70 54 73 65 13 60 41 52 67 46 59 16 56 21 25 24 18 76 11 3 50 12 64 43 7 29 80 4 14 35 40 44 22 74 10 57 6 9 17 20 55 45 30 5 34 27 66 31 33 78 72 2 8 48 79 19 32 47 42 77 71 68 53 51 49 63 28 37 58 15 23 1 39 62 36 
33 14 3 76 66 78 59 24 17 22 71 81 4 51 40 37 34 72 65 39 80 41 8 46 64 20 55 30 53 36 1 5 67 15 54 70 60 48 29 50 69 42 63 28 23 13 74 56 10 12 62 21 32 43 26 25 18 57 77 9 68 75 31 52 7 58 6 27 45 73 16 44 11 47 38 35 49 61 2 19 79 
47 4 62 40 49 57 48 42 8 76 77 64 18 17 50 12 15 80 32 5 54 35 29 58 10 30 75 74 23 34 65 19 6 63 59 69 2 26 67 14 56 71 3 52 81 9 24 53 36 11 39 70 25 28 43 13 44 1 45 55 21 16 61 79 38 37 78 20 72 31 46 66 33 60 41 68 73 7 22 27 51 
35 1 34 32 29 30 31 19 45 25 62 42 48 6 38 68 24 79 51 53 14 63 72 66 49 44 16 75 77 40 22 58 9 60 52 11 43 33 54 64 27 7 80 20 13 73 8 76 37 15 18 81 61 78 47 41 71 69 39 28 46 23 36 3 57 5 65 21 2 70 4 67 26 56 12 10 17 55 59 50 74 
59 71 14 19 55 13 20 25 60 78 28 35 27 44 18 57 61 36 77 2 24 81 10 43 56 40 54 51 52 49 73 70 47 3 42 1 37 15 39 5 50 53 33 76 9 62 48 46 12 66 29 32 72 58 75 8 22 45 69 67 6 34 80 23 41 68 17 64 38 79 7 65 30 74 4 31 26 63 16 11 21 
74 37 79 73 6 67 72 62 70 46 48 26 24 49 3 52 60 47 25 8 57 16 55 7 41 27 53 29 76 38 13 9 61 36 20 39 80 19 23 44 32 78 43 40 12 2 64 42 59 22 10 63 56 15 66 11 77 33 17 31 58 71 28 30 5 21 34 35 50 75 54 4 81 18 65 69 51 14 68 45 1 
78 15 49 41 4 50 16 46 12 13 81 19 21 42 68 76 25 34 9 33 18 6 32 65 3 11 28 43 40 37 71 31 66 23 75 54 56 70 10 1 64 22 38 58 45 77 5 55 53 14 80 44 26 73 27 7 35 30 2 36 20 52 79 29 74 51 67 69 62 61 63 8 39 57 24 60 59 17 48 47 72 
1 54 5 39 77 43 45 2 32 41 56 53 75 30 16 9 70 74 34 13 37 58 35 29 68 22 20 69 46 64 21 78 11 14 55 18 28 81 48 49 8 65 7 72 6 17 38 23 47 51 4 67 19 3 50 10 57 63 60 12 62 24 73 27 31 33 26 40 80 59 66 76 25 44 52 79 71 15 42 36 61 
51 34 9 56 28 29 38 61 35 5 6 1 45 63 22 33 17 4 44 42 48 75 60 72 59 49 21 26 80 67 2 62 79 65 58 32 69 57 74 31 41 11 71 77 30 36 13 39 8 50 43 24 52 76 64 16 81 53 47 25 37 68 14 18 78 70 15 73 3 12 20 10 7 27 19 46 55 54 40 23 66 
57 8 31 21 75 66 58 30 76 54 65 69 67 7 32 71 43 73 23 79 50 52 39 1 51 12 15 60 17 56 68 63 77 53 19 22 42 16 3 36 35 59 34 13 2 37 61 70 49 40 6 74 45 27 55 4 26 72 78 38 48 44 18 46 28 11 81 25 9 47 24 14 10 20 62 80 41 64 33 29 5 
36 65 7 81 17 53 80 18 64 51 38 11 10 14 79 15 37 59 4 62 67 26 30 45 46 47 31 28 44 12 72 6 8 48 34 50 63 68 24 27 55 20 73 66 29 25 33 1 75 54 60 69 41 57 74 9 19 42 61 40 23 21 5 32 77 43 39 16 52 49 71 56 76 35 3 22 2 13 78 70 58 
69 26 23 24 68 40 47 44 48 72 55 77 29 20 62 80 2 50 61 76 38 70 74 64 66 63 78 33 81 35 30 7 10 27 5 15 52 79 4 67 14 60 51 17 25 11 21 16 71 34 31 18 28 65 54 43 1 46 41 56 39 3 59 58 36 45 19 57 42 13 53 22 32 75 9 6 8 73 37 12 49 
42 22 63 10 3 52 11 27 33 40 39 66 12 23 64 8 31 58 80 19 69 36 5 71 73 14 17 25 57 4 24 16 74 59 45 41 21 46 62 47 18 75 26 61 54 78 7 81 9 20 30 79 68 35 49 32 65 51 13 76 29 15 70 55 2 48 44 37 1 72 60 6 34 50 77 53 56 28 43 38 67 
19 70 75 45 37 54 24 65 49 7 31 47 23 26 43 28 18 68 55 14 58 25 20 6 80 62 34 16 79 11 17 36 39 61 8 2 3 1 57 69 72 30 46 4 67 5 76 15 41 78 66 9 74 59 44 48 53 27 64 42 38 50 10 56 52 81 51 12 33 71 35 73 40 63 21 77 29 22 13 32 60 
29 68 78 42 12 58 62 50 72 71 5 17 79 61 37 22 30 39 81 38 23 48 27 40 63 7 13 77 32 66 34 65 28 10 6 33 26 35 2 70 60 49 76 21 20 8 19 52 51 73 64 31 69 53 46 3 55 36 1 74 4 80 25 15 16 67 59 44 24 14 75 45 54 11 56 9 47 57 41 43 18 
41 38 80 79 14 81 73 21 3 48 16 24 36 33 13 27 64 6 69 78 61 51 54 53 26 74 4 37 60 57 49 56 7 5 1 9 66 50 11 29 52 23 77 19 68 12 17 20 35 39 42 10 70 25 63 58 31 28 71 2 72 47 45 22 65 8 43 18 40 34 55 32 59 76 75 62 30 44 15 67 46 
52 27 44 71 16 23 56 4 47 2 67 54 65 34 21 20 49 32 46 10 33 64 9 39 72 41 22 15 29 42 69 73 35 58 13 26 59 8 7 45 12 31 61 43 53 55 14 6 18 60 24 75 3 36 11 70 40 37 57 81 17 62 77 19 30 80 79 76 63 1 5 25 78 68 28 51 38 74 66 48 50 
6 77 2 35 9 61 26 74 10 62 8 75 59 3 76 51 52 12 31 66 65 71 37 19 16 17 79 22 54 63 25 45 72 67 64 20 24 58 44 18 36 15 40 41 47 80 57 38 1 56 23 4 50 49 21 30 73 32 43 68 60 78 34 53 11 29 28 13 39 46 48 70 5 42 55 27 14 81 7 69 33 
64 28 53 48 63 17 32 36 39 60 80 56 57 50 41 77 66 81 67 29 35 18 45 42 76 24 59 46 62 55 38 51 43 19 12 44 79 14 65 25 73 5 54 74 33 30 40 61 11 71 21 22 37 16 8 20 52 9 26 15 13 69 75 31 68 7 23 72 78 27 47 58 1 6 49 4 3 10 34 2 70 
66 55 67 46 76 15 40 57 69 42 1 9 74 58 44 63 19 70 50 32 73 3 11 77 43 21 8 52 14 53 78 68 27 31 24 30 13 64 17 75 28 16 22 62 56 48 81 79 34 47 33 2 7 29 61 5 49 18 51 23 59 39 35 41 10 6 38 60 4 20 36 54 72 12 25 26 37 71 65 80 45 
60 25 1 30 33 34 8 31 20 55 11 46 40 73 72 4 53 69 47 15 12 56 70 75 5 2 44 71 3 74 48 18 21 50 81 59 6 27 38 78 80 39 10 42 51 32 68 54 28 43 63 65 13 45 19 14 79 67 7 29 22 76 41 26 61 57 62 49 66 9 37 77 35 17 23 16 36 24 64 58 52 
18 11 13 51 5 59 22 7 43 10 35 29 78 45 25 14 38 15 36 1 49 30 57 28 60 52 68 80 47 23 41 76 70 75 40 4 9 71 55 63 34 48 37 81 32 72 46 58 67 62 27 77 44 26 56 12 33 6 65 54 24 66 16 42 3 2 74 50 17 69 64 21 20 53 73 39 79 19 31 61 8 
11 16 32 14 48 69 79 1 24 29 52 15 55 66 57 5 39 38 75 71 26 45 34 9 31 59 61 78 27 41 76 47 19 13 49 21 54 20 77 81 65 43 42 10 62 28 22 12 63 25 50 60 36 56 17 80 37 7 30 46 74 72 53 67 8 40 2 4 51 64 58 33 44 3 18 73 6 70 35 68 23 
12 51 38 58 78 44 18 6 52 26 20 45 70 74 53 10 1 62 49 41 81 60 42 55 8 19 77 4 7 9 29 37 57 16 50 72 31 22 34 13 46 28 17 23 66 47 15 65 48 80 11 40 64 71 79 35 3 68 59 24 32 2 76 39 73 27 75 61 54 25 30 5 36 33 14 43 69 21 67 63 56 
34 59 55 64 81 68 42 3 37 33 27 12 30 11 8 56 51 76 29 22 10 79 78 32 20 70 43 67 39 54 44 52 63 40 80 48 25 69 61 26 47 4 19 73 71 6 1 66 7 18 46 14 23 17 15 75 38 58 21 45 16 41 60 72 35 28 31 74 13 36 77 50 49 5 57 2 65 9 53 24 62 
20 39 28 47 36 19 63 45 80 81 18 50 14 60 59 42 21 67 66 68 6 73 15 74 17 5 11 53 31 65 8 23 24 33 43 62 29 55 37 40 58 2 48 49 35 38 30 75 61 72 9 78 4 69 12 27 13 77 54 44 25 64 22 70 26 76 3 7 41 56 34 57 51 46 71 52 16 79 1 10 32 
67 35 26 8 31 75 29 72 30 64 25 37 16 36 77 2 54 7 58 69 62 27 4 33 48 28 65 3 15 45 5 10 18 1 70 71 41 78 53 12 74 79 57 38 50 21 32 68 76 49 19 52 73 44 51 56 14 20 55 61 63 42 43 24 6 22 46 47 23 60 9 81 66 59 39 11 34 80 17 40 13 
65 56 71 27 74 46 33 53 77 4 78 6 68 22 9 34 41 40 7 63 76 13 47 50 35 16 72 17 66 58 51 25 26 30 60 61 39 75 32 3 67 24 36 1 64 10 43 59 5 81 2 62 20 37 57 49 8 73 23 70 31 18 19 11 79 69 29 52 14 44 21 80 12 55 45 42 15 38 28 54 48 
4 13 17 60 43 49 76 73 40 80 61 28 63 72 19 24 75 31 3 56 36 12 23 30 21 67 46 6 34 2 32 14 64 55 11 77 15 51 9 8 68 45 52 70 44 35 39 33 57 79 16 58 27 54 65 1 66 62 5 47 26 48 69 71 59 53 18 10 20 37 38 42 41 7 29 50 25 78 74 22 81 
25 2 57 61 70 21 66 22 7 43 46 73 47 48 17 69 44 23 53 37 51 40 64 80 52 54 14 56 75 81 20 35 38 12 28 79 33 60 63 59 11 27 16 5 18 24 42 67 3 74 13 41 55 34 29 50 78 71 36 39 9 10 6 62 32 15 68 45 49 65 19 1 4 58 72 30 77 8 76 31 26 
50 23 10 5 62 9 54 41 15 49 58 13 3 79 65 35 32 71 39 57 2 1 44 38 25 18 24 36 68 59 46 42 22 69 74 73 76 7 56 30 6 14 21 80 72 53 45 31 77 29 26 8 51 70 40 34 67 11 28 4 52 81 33 12 17 55 16 66 43 63 78 48 75 61 27 37 19 47 20 60 64 
################proper############## 

 average_time = 61.092903 

 success runs = 1 

 total average iters = 905821.000000 
