Success!!! 
 
 max_col = 
 81 
 
 run_time = 
 309.198842 
 
 once iters = 
 4977200 
 
71 66 27 17 57 43 79 70 29 28 48 51 32 36 50 49 13 37 58 40 16 41 18 23 38 55 26 56 45 47 34 62 31 7 19 59 72 11 2 44 46 80 20 54 68 74 63 1 61 10 78 30 42 3 69 39 64 21 67 60 12 4 15 73 35 77 5 25 81 6 75 14 52 53 33 76 9 65 8 22 24 
73 5 47 78 15 64 33 11 19 20 24 30 39 68 46 35 55 72 81 79 71 62 32 59 76 21 49 61 50 9 54 42 6 51 75 1 29 28 63 65 13 57 31 27 66 25 41 53 17 52 44 23 2 60 7 34 38 80 14 56 40 43 58 3 69 22 36 8 67 70 18 4 12 10 45 74 37 77 16 26 48 
37 42 49 72 77 44 52 6 40 45 22 56 43 80 16 29 69 76 64 68 3 61 67 73 7 53 9 78 12 20 79 74 11 65 58 30 75 24 51 26 59 8 4 62 39 35 5 15 33 34 54 31 48 19 63 71 17 32 55 10 27 70 81 50 66 38 46 41 21 23 1 57 18 25 28 60 13 36 14 47 2 
31 10 32 62 60 53 9 58 21 81 7 11 71 64 34 27 41 59 80 1 4 22 50 74 69 48 77 14 44 68 46 37 66 24 25 26 18 47 67 23 35 43 79 3 42 55 75 65 76 28 36 8 16 38 78 57 73 20 30 2 33 51 72 17 52 63 13 40 19 12 45 56 39 6 15 70 49 29 61 5 54 
56 23 55 51 34 18 26 28 65 19 21 63 61 67 10 12 52 9 75 42 8 35 47 60 39 30 57 32 80 70 33 15 5 40 4 76 58 50 17 36 25 71 77 45 16 81 49 46 24 59 69 14 66 29 68 1 6 22 13 37 44 79 62 27 72 53 2 48 64 54 7 74 41 73 11 43 3 78 31 38 20 
46 63 80 14 76 16 81 41 8 77 42 58 31 70 75 62 26 38 13 51 78 6 44 24 17 12 33 10 71 39 60 53 3 73 72 2 69 7 5 48 1 40 64 30 74 4 22 43 67 18 45 47 57 21 11 9 59 28 36 23 52 25 54 61 15 49 55 37 29 20 79 65 34 27 35 56 66 19 50 68 32 
36 12 45 13 50 30 25 61 68 47 4 54 40 79 6 73 60 66 15 65 63 5 14 72 43 20 2 67 27 35 29 22 28 16 38 77 21 81 19 41 34 49 55 52 10 64 71 51 70 37 58 56 11 9 53 46 3 48 75 74 8 18 76 33 78 26 44 62 24 39 32 31 7 17 23 57 80 1 42 59 69 
39 20 69 38 74 3 54 2 59 18 5 44 78 15 65 33 1 57 29 31 70 36 66 25 28 11 10 55 43 8 52 23 48 17 13 64 60 22 76 37 14 53 6 56 61 12 7 77 32 62 27 79 73 80 26 35 47 49 50 41 19 45 24 58 51 71 9 34 16 30 68 42 4 75 21 72 81 46 63 67 40 
1 22 7 67 48 35 75 4 24 14 3 74 23 2 25 8 53 17 52 56 19 37 54 46 34 27 45 49 41 18 57 81 69 36 63 21 12 32 70 73 15 38 9 33 78 20 6 40 68 39 72 50 26 13 16 29 77 5 61 65 66 42 31 11 76 10 28 80 59 47 60 43 64 71 79 51 44 55 58 30 62 
23 26 46 16 65 42 47 5 58 54 56 66 51 31 80 81 9 73 37 2 79 72 77 30 11 71 14 62 38 69 15 12 59 13 35 78 50 61 28 22 68 20 67 74 17 29 55 4 18 3 6 52 49 40 70 27 7 76 45 25 43 64 41 75 63 34 1 39 60 48 21 19 8 44 53 10 57 24 32 36 33 
60 24 77 44 66 32 34 78 36 61 46 35 14 27 70 52 43 19 68 10 56 33 16 39 81 38 8 58 3 74 6 49 53 26 31 41 30 69 48 45 47 29 7 71 18 54 51 23 63 25 17 76 12 5 65 2 28 1 21 42 13 40 75 15 9 79 59 73 57 64 20 37 80 22 55 11 67 72 4 62 50 
7 2 62 57 20 50 48 71 22 38 13 29 68 25 33 32 67 55 4 43 18 76 75 63 9 60 66 27 28 51 80 52 21 61 47 65 44 53 54 59 23 5 8 78 11 31 58 24 37 15 1 45 64 73 6 30 34 81 69 39 36 56 10 14 74 17 70 16 49 72 12 3 79 40 26 46 19 41 35 42 77 
17 13 74 56 33 70 69 25 61 64 71 49 22 77 62 16 4 63 57 45 47 26 34 80 29 31 78 72 19 75 9 50 60 11 32 48 43 38 6 24 66 73 42 36 79 65 28 20 35 27 2 21 39 41 5 15 54 46 51 52 23 8 67 10 44 40 81 53 30 18 58 55 76 59 14 3 1 68 37 12 7 
76 49 79 43 45 21 19 14 18 15 28 7 74 11 53 6 59 40 23 5 54 3 65 13 1 51 50 16 56 77 55 64 17 37 2 67 26 52 34 27 32 12 10 41 80 36 44 69 57 72 42 78 30 81 20 22 61 24 68 62 48 29 9 4 25 31 71 46 33 8 35 38 70 39 66 47 75 63 73 60 58 
9 72 75 30 3 51 80 55 39 24 10 78 36 5 60 69 17 58 25 20 59 12 53 42 32 61 19 81 4 71 8 73 46 76 66 68 31 57 13 21 63 1 40 14 70 79 48 74 26 47 22 34 67 16 33 18 50 35 77 11 37 38 44 29 62 7 45 27 2 41 56 23 28 43 6 64 65 54 52 49 15 
40 35 81 27 37 1 10 15 67 72 65 26 30 50 8 57 34 75 69 46 52 58 7 36 41 6 48 42 70 54 14 29 20 63 44 79 4 55 3 60 19 62 39 16 64 56 43 33 66 13 53 9 38 11 73 12 49 71 59 80 31 47 78 76 68 28 22 5 51 77 24 32 74 61 25 21 23 45 2 17 18 
12 54 29 73 8 31 4 52 28 3 41 1 48 47 42 18 76 21 74 22 49 70 64 44 40 35 17 5 39 10 36 7 43 23 45 24 2 65 58 33 77 15 72 37 25 75 59 80 46 60 71 19 68 62 32 55 66 57 63 16 14 53 79 26 11 69 50 13 61 67 6 78 38 56 81 20 34 27 30 9 51 
38 59 6 64 41 68 63 53 11 39 23 2 37 44 12 45 20 79 28 27 24 15 62 67 21 73 55 25 18 40 1 57 30 34 33 22 81 46 56 75 9 51 49 76 35 70 77 7 50 32 14 61 8 10 58 19 74 3 17 72 60 26 4 65 36 47 52 42 66 43 54 80 48 29 31 16 5 71 69 13 78 
22 7 39 25 32 10 70 47 66 46 14 72 26 59 3 61 63 34 24 48 11 60 21 16 20 80 41 75 49 6 73 51 29 5 69 33 68 77 36 18 76 65 53 28 27 44 57 78 64 19 43 74 13 8 15 67 4 58 35 79 81 52 2 1 45 54 12 71 31 37 38 9 42 30 50 55 17 62 56 40 23 
29 65 14 3 18 24 21 60 1 57 8 77 15 69 35 48 58 43 10 19 25 2 42 37 30 52 40 13 7 76 12 78 70 44 23 53 33 41 31 17 39 72 61 79 50 73 27 49 81 75 80 71 54 55 45 36 20 62 38 5 47 46 16 22 4 6 63 59 28 56 74 66 32 67 64 26 51 9 11 34 68 
45 46 73 69 61 75 43 64 2 51 74 22 27 28 17 20 19 10 76 44 15 9 6 68 49 32 62 38 57 37 65 16 36 8 55 11 67 56 30 81 52 35 26 24 58 33 12 47 5 1 4 66 79 14 25 31 71 29 72 78 41 50 34 60 39 80 42 77 7 40 23 18 3 48 13 59 54 70 21 53 63 
67 6 38 37 16 11 42 23 57 71 40 50 44 49 78 1 68 30 45 55 34 29 74 33 22 18 47 4 48 66 39 19 72 31 20 61 59 9 73 7 64 70 3 46 62 26 15 28 41 53 63 65 17 32 77 60 56 12 54 69 21 75 13 35 2 52 76 51 58 14 36 10 81 5 8 80 79 43 27 24 25 
44 55 36 81 30 72 27 35 4 70 53 39 11 18 2 5 54 25 73 58 26 13 1 71 67 79 31 59 9 52 62 3 22 46 28 60 32 75 37 34 80 69 74 63 51 10 23 45 16 7 56 38 24 20 49 6 19 40 43 8 42 48 17 57 65 78 29 64 15 21 50 68 61 66 47 33 14 12 77 41 76 
34 31 63 20 56 48 62 19 15 13 66 79 12 24 47 67 75 80 77 7 27 46 72 43 51 36 4 71 30 64 21 40 45 54 17 74 57 14 1 2 78 42 5 23 49 9 50 11 29 35 61 6 76 59 37 33 53 68 18 32 70 22 28 8 26 81 73 55 3 25 41 16 60 65 44 69 58 52 38 39 10 
77 41 28 49 26 54 76 79 50 32 62 45 38 52 37 36 23 7 78 66 57 69 5 12 3 75 81 35 58 80 63 68 14 47 15 56 48 44 40 8 4 60 29 10 55 34 30 42 21 22 46 70 51 25 39 11 9 61 65 73 64 59 1 67 43 24 27 72 53 33 13 17 16 18 19 31 20 6 71 2 74 
5 52 59 68 71 9 58 80 51 56 64 6 60 33 41 4 29 42 14 23 65 63 17 70 54 8 53 18 2 26 77 43 81 50 27 25 20 16 11 12 45 22 13 38 21 48 39 67 36 31 37 40 62 72 66 10 57 30 24 76 74 3 55 47 34 61 69 32 79 44 19 75 35 7 73 49 46 28 78 15 1 
8 17 13 40 53 78 12 74 33 73 76 81 16 65 55 9 21 31 38 61 64 59 56 28 35 50 39 79 10 32 67 24 1 41 34 42 19 54 47 43 6 25 71 66 15 77 60 58 2 69 52 18 3 68 27 26 63 51 44 14 7 23 80 48 49 46 11 30 62 5 70 20 22 72 29 75 36 4 45 37 57 
72 3 43 59 49 45 41 34 78 6 81 25 28 71 58 44 38 67 19 26 5 31 23 18 36 7 69 37 40 53 20 10 4 33 79 39 80 29 64 76 73 46 47 55 75 61 8 68 30 54 13 16 65 12 2 51 70 42 60 77 35 66 32 74 56 48 21 50 63 62 11 15 24 9 1 14 22 57 17 27 52 
13 62 22 24 52 76 8 51 55 75 37 60 19 9 4 3 39 29 17 35 38 73 43 47 48 49 42 30 36 1 18 66 61 68 12 50 79 25 14 5 11 28 70 72 31 53 46 2 7 40 33 32 80 27 21 58 44 69 16 63 57 34 6 45 20 64 41 10 54 78 59 71 77 74 65 23 26 15 67 81 56 
50 15 21 58 5 57 46 40 17 35 59 27 64 54 11 31 79 49 44 41 74 28 25 78 10 39 56 77 72 24 7 69 32 60 81 47 34 2 33 66 65 4 63 43 1 22 76 19 42 6 3 51 9 52 14 75 18 37 8 48 62 80 38 12 61 29 23 26 70 73 16 67 71 68 36 53 30 20 13 45 55 
14 30 4 75 67 38 39 18 47 10 26 12 66 43 22 53 32 50 62 37 55 45 9 64 52 77 27 3 63 58 49 44 57 59 41 6 36 13 69 42 74 78 23 60 24 72 70 71 15 5 48 20 28 56 29 65 81 54 25 1 11 19 33 46 40 35 7 17 76 68 31 34 21 2 80 73 8 61 51 16 79 
6 11 16 9 35 29 7 27 56 5 34 69 63 46 52 74 47 13 8 3 58 67 59 14 4 1 30 23 51 78 26 25 54 48 71 45 17 39 57 77 62 32 12 15 81 66 64 36 38 21 41 24 10 18 55 73 68 79 76 53 20 72 61 49 22 65 80 43 42 75 44 2 19 28 37 40 31 60 33 50 70 
2 25 10 23 31 73 61 48 63 36 72 68 57 20 76 7 42 1 11 16 80 50 71 51 33 34 15 46 13 14 75 55 65 52 29 70 49 18 9 40 53 41 21 8 45 62 67 37 44 79 81 39 35 17 22 28 43 56 4 26 24 74 59 30 32 60 6 66 77 19 27 69 58 54 3 12 64 5 47 78 38 
65 64 70 33 79 66 37 69 53 41 15 40 24 8 77 80 48 16 32 21 68 54 12 81 60 63 20 2 67 22 74 35 42 9 56 43 3 59 61 51 58 50 44 19 6 1 45 73 78 49 23 25 31 26 46 47 30 36 27 71 5 17 7 55 57 13 72 38 14 52 4 28 11 34 62 18 76 10 75 29 39 
81 36 60 26 54 12 28 44 32 62 30 55 18 17 51 21 65 70 61 57 40 24 2 75 66 72 6 80 11 15 19 34 76 27 73 38 22 20 7 10 37 16 56 68 71 47 14 50 74 58 59 4 29 77 23 3 13 31 64 67 45 78 52 5 79 33 39 9 1 53 8 25 63 41 49 35 42 48 46 69 43 
20 19 71 77 1 80 68 42 74 23 61 73 33 45 56 14 2 78 65 29 53 79 46 76 70 13 22 17 64 31 5 28 16 21 62 8 27 48 35 30 67 54 52 26 38 63 34 75 69 11 60 43 55 57 10 40 15 41 49 9 50 39 12 51 81 18 58 36 37 3 47 24 25 4 7 32 59 44 72 6 66 
69 71 9 12 2 19 23 10 31 1 16 41 13 51 32 55 64 26 66 25 48 56 27 22 14 57 5 63 62 45 53 77 8 43 65 58 6 42 49 70 33 34 76 61 36 15 18 17 72 80 20 28 21 74 3 44 78 50 11 81 73 35 29 40 24 75 37 68 38 7 30 60 59 79 52 67 4 47 39 54 46 
47 34 56 41 68 8 22 32 25 9 39 36 35 37 81 65 10 53 1 6 44 7 28 11 78 15 52 33 21 16 59 70 13 30 76 27 14 58 50 79 17 3 60 69 73 71 31 48 55 43 62 67 4 64 40 63 80 2 20 45 77 12 18 23 54 5 19 61 74 46 49 26 29 51 38 66 72 42 24 57 75 
62 78 18 36 44 55 38 43 16 40 50 33 72 57 69 23 74 3 53 64 21 71 49 8 12 67 59 52 47 73 51 80 75 2 42 66 37 15 29 63 54 56 25 65 30 11 19 22 45 26 77 7 81 70 48 24 41 9 46 6 17 5 60 28 58 39 32 79 4 34 10 35 31 76 61 27 68 14 1 20 13 
49 51 65 79 6 39 3 45 73 60 31 46 70 34 21 11 22 54 42 17 33 47 35 40 62 16 38 50 29 55 23 61 26 15 37 18 77 80 52 72 71 24 66 4 5 68 9 12 10 63 75 44 53 2 67 59 1 8 7 43 76 30 14 56 13 57 20 78 25 27 48 81 69 32 58 36 41 74 64 19 28 
11 40 1 54 42 58 53 33 46 48 20 59 4 78 79 66 61 77 70 73 76 75 30 32 72 24 36 69 34 12 44 67 39 28 64 5 23 8 22 19 81 9 51 31 7 14 52 38 25 57 29 13 41 35 74 37 10 26 47 49 68 27 56 71 80 21 62 63 43 50 17 6 45 55 60 15 2 3 18 65 16 
30 77 67 61 72 7 14 29 75 68 49 38 8 56 63 15 80 5 26 39 23 43 4 41 45 2 51 9 46 36 17 11 74 71 48 19 28 27 10 16 21 55 59 13 20 37 1 60 40 24 66 73 58 69 64 25 79 52 57 31 54 32 22 18 42 76 47 12 44 65 3 70 78 62 34 6 50 35 81 33 53 
59 4 17 80 63 28 64 57 26 12 29 62 76 58 67 25 27 45 50 18 31 10 60 19 61 9 74 20 78 72 24 54 49 6 14 81 46 68 75 35 40 44 11 47 2 8 56 32 3 65 79 42 23 34 13 21 36 33 53 38 55 71 39 41 16 15 66 69 73 1 51 52 5 37 22 48 70 7 43 77 30 
21 60 24 35 81 13 15 76 5 17 47 52 6 19 44 71 30 28 79 63 69 77 20 65 37 54 34 31 22 3 41 1 7 38 68 40 53 78 18 74 43 64 48 57 32 39 36 61 59 16 49 27 50 46 75 4 42 72 62 66 51 58 70 9 14 8 33 2 55 29 67 45 23 26 10 25 73 56 12 80 11 
27 48 37 50 70 74 20 66 52 2 75 43 7 14 24 42 73 18 55 80 46 68 81 29 13 58 3 60 25 79 56 32 10 35 57 4 1 45 12 62 26 39 38 67 41 30 33 6 54 51 76 5 78 47 34 16 69 23 19 15 28 61 65 53 31 72 77 22 11 59 64 36 44 63 40 17 21 49 9 71 8 
4 75 58 42 62 33 44 36 64 27 52 76 34 41 74 60 46 81 48 15 13 39 11 2 55 68 21 26 59 38 35 20 51 79 49 80 47 66 45 69 10 7 54 73 65 18 37 31 22 71 19 72 32 6 12 5 25 63 78 50 3 14 8 43 53 16 30 70 23 17 57 77 9 24 56 1 29 40 28 61 67 
28 32 61 2 23 56 13 3 30 65 43 10 42 38 29 19 6 22 63 69 72 14 37 17 27 25 80 34 24 57 40 47 68 18 36 52 8 4 62 46 51 48 81 49 59 78 79 64 60 44 70 54 7 33 1 76 35 67 9 55 53 41 73 21 50 66 75 11 5 58 71 39 20 16 77 45 12 26 15 74 31 
10 45 72 70 9 15 65 38 77 55 68 37 58 39 14 54 57 62 16 74 35 66 73 56 26 5 43 76 23 11 61 71 33 29 67 75 13 31 32 25 18 19 24 1 22 49 81 59 53 4 28 12 34 50 60 79 46 7 80 51 6 44 69 2 27 41 64 52 20 36 40 8 47 78 42 30 48 17 3 63 21 
26 68 76 8 12 6 74 46 48 79 32 23 80 30 71 28 16 64 31 77 50 40 57 1 24 29 67 22 81 60 58 2 73 53 7 9 70 21 20 15 38 63 27 34 43 17 3 14 47 66 55 35 36 42 59 49 39 45 37 4 56 62 19 54 10 44 78 33 72 51 25 61 13 52 75 5 11 69 41 18 65 
18 1 51 39 25 47 78 37 43 49 2 8 69 53 40 26 35 33 20 4 7 23 61 62 42 3 75 6 54 28 66 72 41 70 16 15 64 79 44 50 5 17 30 80 60 45 10 13 11 56 21 46 74 67 31 81 52 65 58 27 71 77 68 38 29 9 48 24 12 55 34 63 14 36 57 19 32 76 59 73 22 
63 29 11 5 73 34 40 7 54 31 45 15 50 12 59 51 24 48 36 9 60 8 38 10 44 78 58 19 77 25 42 17 62 69 1 3 56 67 71 39 57 61 68 6 76 41 2 16 52 20 26 80 75 65 28 64 23 18 70 47 30 21 74 13 46 14 35 81 32 4 22 79 66 49 72 37 33 53 55 43 27 
57 21 20 19 14 49 60 31 41 44 18 47 25 66 9 77 70 4 12 28 81 52 79 34 65 59 32 8 37 46 30 5 64 55 10 13 78 74 53 29 3 11 35 75 26 38 61 76 27 48 40 1 63 58 36 17 33 43 22 24 72 16 42 62 67 45 56 7 68 69 15 73 50 80 2 54 6 39 23 51 71 
35 67 66 22 24 71 50 59 69 78 17 20 21 61 72 63 7 11 6 33 41 53 51 45 47 19 18 74 65 27 32 4 44 56 43 14 42 12 55 58 28 36 16 77 52 5 62 30 39 9 73 68 15 23 57 48 2 75 10 54 29 13 40 31 37 3 49 76 26 60 80 1 46 8 70 79 25 38 34 64 81 
79 16 52 53 27 81 55 17 80 67 36 5 1 75 73 13 3 56 54 71 22 30 76 49 64 46 70 39 31 63 50 48 78 45 21 12 9 37 41 14 72 23 2 40 33 24 69 29 43 8 57 77 25 51 61 66 32 38 34 20 26 15 11 6 47 19 74 18 65 28 42 59 62 60 68 4 10 58 7 35 44 
68 47 50 48 21 17 57 39 27 58 70 18 56 40 54 30 12 61 35 81 1 34 10 66 74 76 71 43 26 41 13 60 37 77 59 51 73 63 80 28 7 14 75 2 9 3 20 5 19 67 31 53 69 4 52 8 62 44 29 64 15 36 23 25 55 42 38 45 46 79 65 72 49 33 24 78 16 11 22 32 6 
32 28 40 15 10 52 56 54 76 22 25 53 3 16 39 43 49 47 27 11 77 20 19 21 58 4 44 36 61 33 48 65 79 81 9 72 24 17 8 71 55 30 62 5 69 13 38 35 23 64 74 41 1 66 80 70 60 14 42 34 75 2 46 59 7 37 67 6 78 57 63 51 26 45 12 50 18 73 68 31 29 
64 44 19 31 51 5 6 8 23 59 9 21 75 60 26 10 72 74 33 47 73 55 13 38 79 62 29 28 17 2 22 39 12 57 50 69 15 34 42 78 16 58 65 11 37 46 68 25 80 45 32 49 61 76 4 7 48 77 3 18 67 81 27 52 1 20 53 14 41 24 43 40 36 70 54 63 71 30 66 56 35 
58 38 41 34 75 46 73 77 14 63 69 48 67 4 27 37 28 36 7 70 12 18 80 52 16 40 65 11 35 19 47 21 25 42 53 71 66 3 79 68 49 76 22 32 72 6 29 10 62 33 24 59 56 15 51 20 45 74 26 30 78 1 57 39 5 50 8 23 17 31 61 54 55 81 9 2 43 13 60 44 64 
24 69 2 29 7 67 72 20 37 42 79 65 81 13 1 34 51 35 30 53 9 78 22 3 56 14 61 68 76 62 45 46 23 66 5 16 25 33 26 6 44 74 18 59 54 52 11 39 71 70 47 36 40 75 43 32 31 55 12 58 38 63 50 64 48 73 60 4 27 49 28 21 15 19 17 8 77 80 57 10 41 
70 79 30 66 11 22 1 65 9 80 73 57 41 7 15 17 77 32 46 36 43 51 39 5 50 45 64 54 14 29 38 18 63 10 78 34 40 60 4 20 31 81 19 53 56 42 72 21 48 55 8 58 27 44 76 61 24 59 33 13 69 6 49 68 71 2 16 74 35 26 62 12 75 3 67 52 28 37 25 23 47 
78 61 35 4 36 62 71 63 42 50 11 19 2 55 23 46 66 52 60 49 6 17 68 57 8 69 24 40 20 7 31 75 80 1 74 73 41 51 39 47 70 67 45 64 13 28 65 81 12 30 34 26 77 43 9 54 5 10 56 21 16 37 25 32 33 58 18 3 22 15 29 44 72 14 76 38 27 79 53 48 59 
33 74 53 18 55 25 59 13 49 29 38 14 20 76 45 78 71 24 67 72 28 48 31 26 2 42 23 15 8 44 3 6 56 64 52 32 35 43 77 61 12 27 1 21 46 60 54 63 73 50 16 57 37 7 47 68 22 39 41 17 79 11 66 70 19 36 10 75 80 9 81 30 40 58 5 65 69 51 62 4 34 
80 81 3 60 43 26 16 12 45 8 6 31 5 62 64 68 33 44 59 32 37 25 63 15 75 41 54 70 55 4 27 30 67 58 24 49 10 36 23 38 50 52 57 29 48 2 78 9 14 17 51 22 18 79 71 72 40 53 28 19 65 73 35 66 77 11 34 56 47 13 69 76 1 42 46 39 74 21 20 7 61 
42 18 44 55 39 65 77 24 62 74 58 9 59 1 48 41 36 15 34 67 2 64 26 35 6 56 76 73 66 50 28 13 27 22 40 57 16 19 68 52 20 21 69 70 29 32 80 72 31 38 25 3 47 63 17 43 12 11 79 61 46 33 53 78 8 30 4 60 71 10 37 5 54 23 51 81 7 75 49 14 45 
41 27 33 47 64 63 51 50 38 26 55 24 52 29 18 70 40 68 43 13 32 19 3 53 31 23 37 48 5 81 2 76 58 4 77 46 71 72 66 11 36 6 80 12 14 57 16 54 79 78 10 75 20 61 8 69 21 34 15 59 39 67 30 7 73 62 65 35 45 42 9 49 56 1 74 22 60 25 44 28 17 
43 8 34 46 58 61 2 16 70 53 19 4 54 21 20 47 14 23 40 30 75 42 78 69 57 66 68 51 33 67 10 41 18 25 80 35 74 73 65 31 24 77 37 50 3 59 17 44 9 12 7 29 52 36 81 45 55 27 5 22 49 60 48 79 28 56 15 1 13 11 39 64 6 38 71 62 63 32 76 72 26 
75 56 5 45 69 60 31 30 35 66 12 71 17 42 38 64 37 46 22 8 29 74 58 7 59 81 73 53 79 43 72 26 47 20 54 55 63 49 25 32 61 10 33 39 34 19 4 41 1 76 50 62 70 28 18 78 16 13 6 44 9 68 51 77 23 67 3 57 52 80 14 48 65 21 27 24 15 2 40 11 36 
54 57 23 74 59 79 67 9 10 33 44 80 77 35 49 39 81 2 47 12 62 11 36 27 71 70 25 21 68 30 78 45 34 19 3 63 7 1 38 13 22 75 46 42 28 69 24 18 58 14 65 15 60 48 56 50 72 66 52 40 32 76 37 16 17 51 26 20 6 61 55 41 43 64 4 29 53 31 5 8 73 
3 73 26 21 29 40 32 1 12 34 60 61 10 6 43 56 50 8 41 52 20 49 45 48 46 44 79 7 16 65 64 38 24 39 11 62 54 76 15 53 30 2 17 81 4 51 74 55 13 42 5 33 22 37 35 23 14 70 71 28 25 57 77 63 75 59 31 47 36 66 72 27 68 69 18 9 78 67 80 58 19 
66 76 68 6 19 37 49 22 13 11 67 75 45 32 28 72 31 27 51 60 10 4 55 54 18 65 63 12 15 17 69 36 71 14 61 23 5 35 59 9 56 79 78 48 40 43 26 34 8 73 30 64 46 53 62 74 29 47 1 3 80 7 20 44 38 25 24 21 50 81 2 58 33 57 41 77 39 16 70 52 42 
48 53 78 52 80 4 11 72 71 7 63 13 65 22 30 76 25 69 5 14 17 38 15 61 77 28 16 1 60 42 70 59 9 75 6 31 51 62 43 57 8 47 58 44 23 27 21 56 49 68 67 81 45 39 24 41 26 73 2 36 10 54 64 19 12 32 40 29 18 74 46 33 37 50 20 34 35 66 79 55 3 
15 14 25 28 17 20 36 81 7 16 78 3 62 73 57 79 5 51 72 50 39 21 24 9 80 33 1 29 32 49 37 56 52 74 8 44 45 64 60 55 27 26 41 18 67 23 40 66 77 2 35 11 6 71 38 42 58 19 31 75 4 65 63 34 70 68 43 54 69 22 76 53 10 13 30 61 47 59 48 46 12 
51 80 57 63 78 77 30 21 81 25 1 28 53 10 68 2 18 41 71 34 14 65 40 6 15 37 11 47 74 56 43 31 35 67 46 36 61 70 27 3 48 45 32 7 19 50 42 62 4 29 12 17 72 22 54 38 8 60 23 33 58 24 5 69 59 55 79 49 39 76 66 13 73 20 16 44 52 64 26 75 9 
53 58 15 1 28 41 66 49 6 52 57 67 79 48 61 22 56 20 3 62 36 32 8 77 73 17 72 24 75 21 11 33 38 12 51 10 55 40 81 80 42 31 43 25 47 76 13 26 34 74 18 63 19 54 50 14 27 64 39 29 2 69 71 37 60 4 68 44 9 16 78 46 30 35 59 7 45 23 65 70 5 
16 70 64 76 4 36 35 75 34 43 33 32 55 26 7 38 44 12 9 54 30 81 69 20 19 10 13 66 73 48 68 27 15 49 22 37 11 23 24 1 79 18 28 17 77 58 25 52 51 61 39 60 59 45 72 53 67 6 40 46 63 31 21 80 41 74 57 65 56 71 5 50 2 47 78 42 62 8 29 3 14 
55 39 54 65 47 69 45 56 60 4 77 16 46 23 66 50 11 14 21 24 61 27 70 79 5 22 35 44 52 59 81 9 19 3 30 29 76 26 78 64 75 37 34 20 63 67 73 8 28 41 15 2 71 31 42 62 51 25 48 68 18 49 36 72 6 43 17 58 10 38 53 7 57 12 32 13 40 33 74 1 80 
19 37 48 32 46 27 5 62 79 21 51 17 9 63 31 24 8 71 39 76 42 16 29 50 68 26 12 57 53 13 4 58 40 72 18 28 52 6 74 54 2 59 36 22 44 80 66 70 56 81 64 69 14 49 30 77 65 78 73 7 1 55 45 20 3 23 61 15 75 35 33 47 67 11 43 41 38 34 10 25 60 
61 43 8 11 38 23 17 67 72 76 35 70 47 74 19 58 45 6 56 59 51 1 33 55 63 64 7 65 42 34 16 14 50 80 39 20 62 5 46 49 60 13 73 9 53 21 32 79 75 77 68 48 44 78 41 52 37 15 81 57 22 10 3 36 30 12 25 28 40 2 26 29 27 31 69 71 24 18 54 66 4 
25 33 42 10 22 59 29 73 3 69 27 64 49 81 13 40 15 39 2 75 66 44 48 4 53 43 28 45 1 23 76 79 77 78 60 17 38 71 72 67 41 68 14 35 8 7 47 57 65 36 9 55 5 30 19 80 11 16 74 12 61 20 26 24 18 70 54 31 34 32 52 62 51 46 63 58 56 50 6 21 37 
74 9 12 71 40 14 18 26 20 30 54 34 73 3 5 75 78 65 49 38 67 80 52 31 23 47 60 41 69 61 25 63 2 62 70 7 39 10 21 56 29 66 50 58 57 16 53 27 6 46 11 37 33 24 44 13 76 4 32 35 59 28 43 42 64 1 51 19 8 45 77 22 17 15 48 68 55 81 36 79 72 
52 50 31 7 13 2 24 68 44 37 80 42 29 72 36 59 62 60 18 78 45 57 41 58 25 74 46 64 6 5 71 8 55 32 26 54 65 30 16 4 69 33 15 51 12 40 35 3 20 23 38 10 43 1 79 56 75 17 66 70 34 9 47 81 21 27 14 67 48 63 73 11 53 77 39 28 61 22 19 76 49 
################proper############## 

 average_time = 309.198842 

 success runs = 1 

 total average iters = 4977200.000000 
