Success!!! 
 
 max_col = 
 81 
 
 run_time = 
 62.955011 
 
 once iters = 
 979043 
 
22 59 65 38 10 46 57 32 45 3 50 42 81 74 70 72 27 77 7 80 49 56 26 2 25 44 41 52 14 73 39 21 47 48 37 13 16 79 68 8 24 63 31 43 55 1 71 19 12 17 28 58 4 60 36 75 35 34 62 29 66 54 76 18 67 69 5 40 33 30 6 51 23 78 11 53 20 64 61 9 15 
43 58 41 29 54 67 1 37 7 12 34 21 16 57 13 10 55 2 15 17 77 28 78 62 65 75 35 59 4 38 6 33 64 31 20 79 19 25 71 18 3 30 66 48 56 72 74 45 22 50 9 27 53 24 5 39 61 23 42 40 32 26 14 76 80 46 49 44 73 11 81 52 70 8 68 63 69 47 60 36 51 
34 4 3 69 13 47 17 68 2 48 79 44 56 7 20 40 23 31 8 70 53 14 5 24 81 63 21 36 19 29 42 32 28 22 72 74 73 61 67 41 39 37 49 51 60 66 76 11 46 43 64 10 30 59 52 80 58 50 16 12 9 18 27 62 1 57 38 25 15 54 78 26 6 35 33 65 75 71 45 55 77 
53 20 12 49 16 44 5 71 62 29 36 52 65 64 66 37 24 63 18 67 42 60 40 32 61 76 69 30 26 43 54 55 51 50 35 8 46 9 33 6 75 21 11 2 22 39 81 57 78 15 70 34 38 48 68 25 7 31 19 77 59 28 74 45 4 17 23 47 58 27 79 13 56 72 14 10 41 73 3 80 1 
15 6 60 27 79 52 76 63 14 80 73 62 39 51 67 75 18 46 68 19 33 34 55 57 23 71 30 49 12 58 5 40 56 10 70 9 35 20 59 13 53 42 26 81 1 21 3 65 16 2 54 44 32 25 11 69 78 47 22 17 37 45 72 36 64 31 41 29 8 77 61 7 66 74 43 28 38 50 24 4 48 
61 56 19 25 40 8 35 26 31 30 45 32 33 15 1 76 68 11 66 52 64 51 29 54 12 36 58 75 80 69 77 81 71 65 60 57 27 74 78 47 4 44 28 72 17 55 37 13 20 62 67 41 23 18 48 10 73 38 6 43 3 70 46 53 9 50 59 24 14 63 21 39 16 34 7 49 5 42 2 79 22 
72 55 33 42 9 48 64 21 78 60 59 43 41 61 53 58 54 26 4 50 16 6 73 31 46 38 47 25 68 3 18 11 24 44 63 34 76 23 52 45 70 62 10 14 29 36 69 35 77 7 5 56 80 79 1 51 65 15 2 13 20 8 49 66 75 19 12 74 28 32 22 71 27 81 39 40 30 37 57 67 17 
66 73 28 24 75 77 81 51 30 9 25 6 17 5 4 49 47 35 22 79 45 10 48 74 1 11 39 62 23 15 2 7 76 27 78 67 57 38 34 58 80 50 69 36 64 61 31 14 68 26 29 8 52 40 60 33 53 44 41 56 55 71 63 70 43 42 65 72 20 3 16 37 32 21 46 18 59 19 13 54 12 
80 18 23 36 70 11 74 39 50 14 78 28 22 38 71 69 19 8 13 43 27 72 37 59 9 20 3 1 46 45 41 66 16 17 53 61 15 54 65 5 40 7 12 77 32 42 63 33 51 47 73 75 49 6 30 64 67 21 81 4 24 79 57 35 68 55 60 2 56 48 34 10 26 29 76 31 52 58 62 25 44 
28 31 5 22 65 80 47 74 19 32 72 25 11 62 56 27 52 75 67 3 4 69 58 26 29 78 77 21 9 40 20 59 33 81 2 71 55 66 24 46 79 60 17 70 37 44 68 39 15 45 61 18 8 34 38 7 14 43 35 36 30 1 23 64 42 63 16 12 41 53 48 54 73 51 49 13 57 76 6 10 50 
45 21 69 35 59 10 40 58 8 37 26 67 4 63 3 1 73 28 19 20 23 17 62 61 80 25 72 74 13 30 29 64 32 53 15 78 49 33 27 38 57 68 2 18 43 16 7 77 52 9 12 55 42 47 81 34 48 79 65 70 76 5 51 46 6 44 22 50 24 39 31 11 60 14 75 56 36 54 66 41 71 
29 34 72 60 3 14 41 78 15 61 47 76 36 55 68 81 2 38 16 13 74 42 24 22 7 39 59 73 5 62 17 77 57 75 69 43 6 32 50 10 12 45 35 56 26 28 64 23 21 30 65 53 70 51 27 58 20 18 71 46 67 31 54 49 33 37 8 66 4 80 1 9 40 63 44 52 25 48 79 11 19 
48 1 20 2 51 36 7 61 43 39 9 80 23 69 64 77 34 57 75 28 10 45 70 55 60 40 46 8 56 49 12 79 68 54 44 72 14 81 11 63 71 67 22 53 76 13 58 31 25 6 26 50 17 66 41 74 52 19 21 33 42 59 73 3 78 5 15 62 47 65 32 18 4 38 30 16 29 24 37 27 35 
73 79 76 54 52 55 32 44 17 18 41 59 49 30 40 15 7 33 12 48 68 1 21 38 43 66 71 11 50 63 22 26 27 67 16 46 23 51 3 64 72 19 58 20 9 4 29 37 75 5 35 78 24 36 28 60 6 39 13 10 62 80 45 25 77 14 81 56 2 69 74 57 65 42 47 34 70 31 8 53 61 
24 26 50 67 81 38 66 23 37 17 8 65 13 53 43 71 42 74 5 51 52 30 11 63 73 33 56 76 25 10 48 70 45 35 6 60 39 7 16 77 36 54 75 31 47 79 22 46 19 41 20 2 57 14 32 4 49 9 44 78 69 64 40 27 61 34 29 58 59 21 68 55 18 3 15 1 12 28 80 72 62 
27 25 56 13 30 16 11 57 71 70 24 60 6 22 14 20 78 50 64 35 76 53 81 36 8 34 65 58 18 7 31 41 42 39 66 52 4 48 80 69 73 29 74 15 44 49 54 59 67 63 72 1 62 32 61 3 37 26 75 2 17 47 12 19 38 28 45 23 51 40 10 79 77 33 21 46 55 43 9 5 68 
70 68 39 46 6 62 4 18 77 19 48 29 12 16 21 5 10 58 9 44 32 31 54 49 50 79 37 55 3 24 47 65 61 51 14 36 40 30 28 1 41 59 42 13 34 81 60 38 56 69 74 33 27 80 57 22 8 66 11 53 15 63 25 75 52 67 35 71 72 43 76 73 45 20 78 2 7 17 23 26 64 
9 42 63 53 12 33 75 64 49 46 35 66 51 31 54 44 45 79 27 18 57 47 41 14 15 2 6 38 34 28 1 37 23 19 80 4 8 65 5 61 62 78 52 21 25 3 10 76 71 40 43 48 73 11 72 29 56 24 55 50 16 68 77 7 30 70 36 26 13 17 60 20 69 67 32 74 39 59 22 81 58 
41 33 7 21 39 13 51 47 44 4 10 18 55 2 23 65 36 20 81 69 61 5 59 66 27 29 11 3 48 32 46 63 19 64 1 26 74 76 79 73 17 40 9 68 52 34 15 25 80 28 75 43 78 22 56 45 72 6 8 60 14 67 62 30 24 12 53 38 54 31 71 70 57 58 37 35 50 16 42 77 49 
32 27 66 8 68 5 22 46 65 26 60 9 54 37 25 38 29 44 56 77 71 12 53 52 79 74 2 57 42 59 11 69 18 15 34 35 10 72 21 28 1 75 13 78 3 17 73 64 41 81 55 51 67 30 80 23 36 70 31 24 63 19 50 33 16 61 39 7 49 45 4 58 76 62 20 6 43 14 48 40 47 
4 36 10 19 64 34 42 80 76 63 30 68 5 11 52 12 16 59 25 41 35 39 28 78 67 46 54 45 75 21 38 51 50 7 55 77 32 62 60 23 69 14 56 33 31 24 66 26 27 37 71 61 2 29 79 49 47 40 20 65 74 58 53 6 73 13 48 15 57 72 43 44 3 17 18 8 22 70 81 1 9 
52 37 79 17 24 58 6 54 9 67 40 49 34 72 31 13 81 48 23 64 63 36 45 44 75 32 19 12 71 47 70 78 66 76 33 16 53 2 35 57 8 77 80 55 11 62 42 56 65 3 38 7 60 20 39 21 43 28 4 1 68 22 18 59 14 29 50 5 74 46 26 69 61 10 25 51 15 30 27 73 41 
35 45 61 18 25 15 50 2 20 53 19 1 76 80 27 7 46 71 51 62 58 65 38 70 68 55 57 22 74 4 60 14 72 40 23 73 42 47 39 36 43 41 5 67 16 10 52 6 32 8 13 49 59 54 26 30 81 77 69 48 12 29 37 9 3 21 75 11 63 79 17 78 31 56 28 24 64 33 34 44 66 
26 49 81 72 55 63 28 59 16 64 62 69 45 77 42 43 17 24 40 8 31 76 1 13 4 14 22 37 44 27 56 39 36 29 68 41 48 6 20 71 30 18 25 54 15 11 50 5 57 58 19 70 33 35 75 38 3 73 9 52 10 32 61 80 66 51 34 67 65 60 23 47 46 12 53 78 21 74 7 2 79 
60 57 74 11 78 3 48 70 53 15 56 39 21 6 8 50 58 73 37 47 34 7 43 30 26 17 49 31 28 79 13 62 67 20 10 65 29 19 61 22 66 64 63 12 24 14 45 4 1 36 23 9 72 44 25 46 2 51 33 5 41 27 16 52 81 77 68 76 18 35 40 42 55 32 59 71 80 69 54 75 38 
69 77 38 12 23 71 31 30 56 75 22 70 14 32 28 57 51 47 42 15 3 73 33 60 18 21 9 6 43 81 25 61 80 8 24 54 37 58 26 49 44 65 27 50 59 53 40 63 79 48 46 16 74 39 13 78 76 35 17 7 64 34 66 10 41 2 55 36 62 20 19 1 68 4 52 11 72 29 67 45 5 
75 62 67 40 29 1 14 43 73 66 74 78 3 41 79 35 33 61 24 10 48 50 72 6 20 16 80 53 52 5 30 17 9 2 49 58 70 4 51 81 38 46 7 34 45 68 12 21 31 18 76 69 47 77 54 15 71 42 59 57 11 44 55 56 8 27 64 32 25 28 37 22 19 65 26 60 23 36 63 13 39 
79 8 45 34 41 7 18 49 13 43 11 23 9 28 76 48 57 80 60 21 5 24 56 19 62 42 33 78 32 20 71 73 29 77 64 47 66 63 12 67 37 25 70 59 4 35 6 1 50 65 17 36 81 27 46 55 26 69 3 68 44 74 58 61 40 15 54 75 30 22 14 38 2 39 16 72 10 53 51 31 52 
16 2 43 74 31 20 55 11 28 7 39 47 35 1 77 29 60 13 73 36 51 71 32 64 30 45 52 14 27 50 67 34 54 61 25 24 62 44 10 3 22 53 8 23 6 18 49 9 69 38 15 12 75 58 63 66 41 48 5 19 80 72 21 42 26 4 57 78 76 37 46 17 79 59 81 70 65 40 68 33 56 
3 44 48 30 33 27 10 22 60 49 66 73 24 50 19 21 6 36 53 78 54 26 13 81 31 69 79 16 1 11 59 9 65 4 38 17 68 43 76 2 29 56 15 75 42 46 41 70 72 61 40 63 25 7 34 62 32 14 57 28 47 51 39 5 23 58 74 52 64 8 67 45 80 18 35 12 71 55 77 37 20 
57 65 15 59 73 39 54 24 72 16 32 75 64 14 17 8 25 5 74 29 67 80 66 47 10 27 38 44 45 48 40 60 13 62 18 56 31 11 81 78 58 34 19 46 50 33 30 52 43 77 21 68 79 53 7 9 23 37 36 22 35 2 42 55 69 3 20 51 71 12 70 63 1 76 6 41 28 49 4 61 26 
64 71 29 61 19 75 70 50 4 52 33 46 67 3 45 78 26 15 72 68 1 58 35 28 63 9 12 42 49 76 37 6 8 30 31 81 80 21 73 40 51 17 24 39 65 32 20 34 74 14 47 13 55 57 53 27 60 16 18 59 25 43 79 2 62 56 44 48 77 10 11 41 38 36 66 23 54 5 69 22 7 
40 51 78 77 36 56 26 14 5 74 81 61 62 34 55 42 44 22 49 2 46 3 65 23 6 70 7 68 58 35 69 28 52 41 43 80 20 71 18 9 47 72 60 32 13 45 19 73 59 16 10 31 54 37 15 76 11 4 12 8 33 38 67 24 27 39 66 79 1 25 53 50 75 30 29 17 48 21 64 57 63 
47 46 62 63 37 12 21 53 23 69 2 54 68 71 59 30 31 65 44 4 20 22 25 41 40 48 8 39 51 57 15 74 10 33 75 66 38 27 1 79 55 49 64 35 36 26 24 78 28 67 80 5 3 76 77 52 70 17 29 61 81 73 56 32 72 7 6 43 34 16 18 19 9 60 58 42 11 13 14 50 45 
76 52 1 32 42 35 25 81 67 38 20 63 40 58 12 18 53 51 59 57 11 75 77 17 37 15 34 70 79 36 72 46 5 55 19 23 41 16 54 7 26 69 14 61 33 48 56 66 2 4 22 60 39 64 6 50 45 13 30 31 71 24 10 68 65 80 47 9 21 29 49 28 62 43 27 73 74 44 78 3 8 
38 17 68 58 66 69 80 9 6 79 37 41 70 10 72 56 4 27 14 39 18 55 50 16 76 61 43 63 53 22 21 2 3 26 7 12 77 45 57 52 5 48 30 28 74 23 11 51 29 71 62 42 44 8 64 40 1 75 49 54 78 65 20 73 31 36 33 35 81 13 59 60 67 24 19 15 34 25 32 47 46 
25 38 77 55 69 31 29 35 18 73 51 22 72 47 7 14 79 42 17 33 8 20 12 9 57 3 53 4 63 67 78 56 59 13 74 21 1 41 43 39 16 36 61 5 27 37 62 60 76 75 34 54 26 50 23 19 46 11 40 32 70 6 30 81 44 71 28 10 80 64 45 2 52 49 48 58 68 15 65 66 24 
56 78 27 48 47 61 30 67 59 2 44 55 25 29 15 63 49 54 1 60 19 35 14 72 38 5 42 64 17 51 23 18 73 6 26 10 79 50 13 70 32 20 76 24 66 41 4 28 33 80 39 3 45 16 37 68 34 65 52 58 57 9 71 77 12 62 11 31 43 75 69 53 8 22 36 81 40 7 46 74 21 
71 76 42 3 63 23 45 10 41 58 27 34 59 12 81 80 70 67 52 6 15 78 61 18 54 4 13 28 8 72 53 24 43 66 47 40 44 60 29 48 74 73 77 57 30 22 79 55 36 32 25 65 64 56 2 26 17 49 38 51 1 33 31 37 35 68 14 16 46 19 7 21 20 11 5 9 62 75 50 39 69 
7 5 32 9 49 17 58 16 34 36 52 56 50 75 18 31 77 76 43 46 81 41 67 69 11 23 29 79 20 33 65 48 70 38 62 44 2 10 72 4 14 71 51 80 68 30 21 61 66 42 78 40 19 15 45 13 28 64 25 74 73 53 35 22 60 8 3 6 39 55 54 24 59 1 57 37 47 12 26 63 27 
11 24 14 4 20 68 19 28 12 8 21 71 10 13 9 16 66 37 79 34 70 32 2 76 36 58 73 15 39 41 61 57 81 3 5 1 54 40 62 17 65 22 53 6 63 77 67 48 49 44 69 52 35 46 78 72 55 27 7 18 75 56 80 50 74 47 51 30 26 59 33 25 43 31 64 45 60 23 38 42 29 
74 64 73 65 80 2 46 52 33 45 57 3 53 17 69 62 41 43 39 22 50 44 68 51 16 37 63 27 60 42 19 58 55 49 32 11 26 12 75 35 31 8 47 7 67 38 14 18 81 70 59 29 6 72 21 48 77 5 54 20 4 66 24 15 34 40 9 1 61 23 36 76 71 28 79 25 13 78 56 30 10 
54 72 70 66 53 81 79 8 40 28 1 19 26 33 65 11 30 6 10 59 25 77 74 80 64 7 24 46 22 12 34 75 69 16 36 37 18 15 56 21 52 23 45 9 38 31 2 68 17 27 51 71 58 5 43 44 62 63 76 47 50 39 60 48 13 49 42 4 78 57 20 29 35 61 41 55 32 3 73 14 67 
44 39 22 37 57 21 43 62 1 68 46 5 38 48 60 32 20 23 26 31 65 40 49 71 56 28 75 2 35 52 50 45 25 80 30 29 59 69 19 11 33 55 81 64 78 7 9 12 63 10 24 47 13 74 14 61 16 67 15 42 8 3 36 17 18 41 72 27 79 58 73 66 54 77 51 4 76 6 70 34 53 
51 13 26 15 60 50 36 6 75 78 64 24 61 39 35 4 74 40 62 55 47 66 27 21 48 30 45 54 31 68 9 76 7 71 77 14 3 46 42 37 25 28 34 58 49 20 8 43 53 73 11 57 1 23 29 81 22 59 10 41 79 12 69 38 5 32 52 63 67 70 56 65 44 16 80 19 33 72 17 18 2 
63 48 46 44 45 78 15 4 10 55 65 72 58 73 34 22 76 69 47 61 21 81 42 79 24 57 64 23 37 13 66 16 38 11 12 49 5 56 40 43 9 39 6 52 28 27 75 2 18 59 53 17 14 33 51 1 19 30 67 26 54 50 3 20 36 35 25 41 60 71 62 32 74 7 70 29 77 8 31 68 80 
1 32 80 75 17 22 8 77 35 33 53 31 20 78 30 41 21 39 54 16 36 4 60 45 52 67 51 24 40 74 58 3 62 42 71 76 13 68 66 59 19 70 46 26 79 29 43 69 61 11 57 72 12 10 18 6 15 7 14 9 48 23 44 65 63 73 37 55 50 47 38 81 49 25 2 27 56 34 5 64 28 
68 28 55 71 34 43 62 3 27 47 38 14 37 67 46 45 56 12 35 73 40 33 6 5 72 13 48 80 77 26 63 54 78 60 52 7 64 75 25 15 20 1 21 8 81 74 36 58 44 23 4 76 41 42 10 31 57 32 70 49 29 17 2 69 79 66 30 53 22 24 9 59 39 50 65 61 19 51 18 16 11 
13 41 52 73 72 29 59 38 81 71 63 35 80 8 57 64 62 25 69 23 75 27 18 1 39 53 10 19 6 2 44 15 22 9 48 51 50 34 49 32 67 74 65 17 14 47 77 30 54 24 56 28 31 3 66 16 33 61 79 45 36 55 11 12 46 76 7 21 70 78 5 68 58 37 42 26 4 60 20 43 40 
6 50 57 76 74 60 16 12 21 44 3 40 79 54 29 51 32 49 77 38 30 59 9 37 66 31 70 20 10 75 45 47 17 43 61 27 69 24 36 80 7 11 18 63 35 65 5 8 39 55 52 67 15 68 73 41 25 58 46 64 34 81 4 72 28 33 26 19 23 42 2 56 53 71 13 62 78 22 1 48 14 
19 70 58 20 56 54 53 40 11 23 13 27 18 24 2 68 5 7 34 14 28 49 63 12 55 65 15 41 29 25 73 67 79 69 39 64 61 31 4 16 60 51 33 71 72 9 78 50 26 22 48 32 66 81 8 35 42 80 37 75 43 62 47 44 10 6 77 3 45 1 57 74 21 46 38 76 17 52 36 59 30 
39 66 24 51 7 25 2 65 64 6 28 4 43 42 50 52 61 9 80 71 44 8 19 29 17 41 26 18 57 53 35 36 14 32 56 31 30 77 22 27 76 3 62 37 10 70 46 16 73 1 60 45 40 21 74 59 68 20 78 38 72 69 5 58 11 75 13 54 48 34 15 49 33 79 55 67 81 63 47 12 23 
33 23 30 47 5 79 9 69 42 10 75 26 66 59 36 60 1 16 11 74 22 68 7 43 58 50 25 34 70 8 4 72 46 21 81 28 45 53 48 29 78 2 55 38 12 64 80 62 6 19 63 20 37 49 24 71 13 76 56 27 39 77 65 31 51 18 67 61 17 14 52 40 41 44 73 57 3 32 35 15 54 
18 61 37 26 14 49 67 31 36 81 77 74 48 19 11 70 15 17 20 76 78 2 3 46 32 56 62 5 59 65 55 30 1 68 50 33 47 42 41 54 23 57 73 44 58 25 51 7 13 34 79 35 71 38 22 12 63 53 60 21 28 40 52 8 29 43 27 39 16 4 80 64 10 9 69 66 24 45 75 6 72 
50 43 51 16 76 73 34 41 39 77 12 8 57 65 32 23 14 29 31 45 79 70 80 56 19 47 55 69 66 60 24 49 53 52 9 6 75 37 2 72 10 81 40 11 61 5 18 71 48 13 58 38 36 67 44 28 4 78 27 25 22 20 26 1 7 54 62 42 3 74 64 15 63 68 17 59 46 35 30 21 33 
20 14 47 10 27 53 60 48 38 50 54 33 15 21 49 25 39 66 65 58 37 29 46 7 41 26 44 40 2 17 79 31 63 56 76 30 12 22 6 34 28 4 78 1 57 80 16 81 8 68 77 74 11 61 59 32 69 3 73 55 18 42 70 43 19 45 24 13 52 67 35 5 72 64 23 75 9 62 71 51 36 
21 19 71 31 35 59 65 29 58 34 43 16 7 52 61 55 9 10 3 25 69 62 76 15 2 22 1 67 64 78 74 68 48 36 11 18 63 26 70 14 49 32 50 45 8 60 17 54 23 66 44 4 20 73 47 53 40 46 72 79 56 57 75 39 37 30 80 81 6 38 51 33 28 13 77 5 27 41 12 24 42 
77 75 11 28 67 45 61 7 25 56 6 48 69 20 63 36 80 19 50 49 72 64 16 4 33 81 68 35 55 46 32 13 58 57 8 3 24 52 30 60 42 27 44 74 62 78 1 40 10 51 37 59 22 70 17 43 66 12 34 39 5 41 38 71 21 23 2 18 9 73 29 14 47 53 31 54 26 79 15 76 65 
23 9 4 81 18 40 68 42 63 13 71 38 28 60 26 74 75 64 78 12 17 11 36 34 59 35 27 72 54 80 62 20 41 25 65 70 67 5 77 33 21 16 39 69 73 15 55 79 3 56 7 30 76 45 49 24 51 52 58 14 6 37 8 47 48 10 31 22 53 44 50 46 29 2 61 32 1 66 43 19 57 
30 12 8 5 2 57 49 33 55 42 68 37 44 70 58 46 22 3 63 54 73 38 51 39 14 10 23 81 47 19 43 27 77 1 4 45 71 13 15 65 64 80 79 66 53 52 25 29 24 31 41 26 50 9 67 36 74 62 61 35 21 11 7 28 17 59 76 60 32 56 72 75 78 6 34 48 18 20 40 69 16 
62 80 6 52 26 24 56 17 22 40 5 11 78 45 51 2 72 4 30 42 43 74 71 20 13 18 61 50 21 16 33 44 75 23 59 15 36 29 58 76 46 38 54 47 41 19 32 53 35 39 49 14 28 12 9 63 64 1 77 81 31 60 48 57 70 79 69 34 68 66 65 27 25 55 8 3 73 67 10 7 37 
37 3 36 64 1 74 44 79 66 59 18 30 27 81 41 73 35 53 32 24 9 67 57 8 21 52 60 29 38 34 7 10 39 5 28 42 25 17 55 31 68 43 48 19 51 69 47 75 62 72 33 6 46 65 76 54 50 71 23 16 2 15 13 63 20 78 4 77 40 26 12 61 14 80 45 22 49 56 11 58 70 
46 69 54 78 15 70 72 13 32 1 17 79 31 76 47 24 67 62 28 5 66 48 75 53 77 6 40 61 73 37 14 71 26 12 51 22 7 59 9 56 18 35 20 3 23 2 34 27 64 57 42 21 43 63 33 65 29 10 68 80 45 30 19 11 25 16 58 49 55 36 41 8 81 52 4 50 44 39 74 38 60 
59 15 13 80 8 26 52 19 74 72 14 81 77 49 37 66 64 60 45 27 12 54 69 48 34 1 32 47 11 70 16 53 30 58 3 39 56 67 7 20 61 24 71 10 46 50 33 17 40 76 2 22 9 75 4 18 44 29 28 63 38 35 41 23 55 25 79 73 36 5 42 31 51 57 62 43 6 68 21 65 78 
10 11 34 43 71 66 20 76 24 62 55 36 2 25 78 39 13 41 46 65 6 61 31 42 44 72 18 7 81 77 51 8 12 59 21 38 28 35 32 74 15 5 23 22 40 56 57 67 14 54 1 37 68 69 70 73 75 33 26 30 53 16 17 60 47 52 19 64 29 9 27 4 48 45 50 79 63 80 58 49 3 
42 40 53 14 21 9 37 1 61 76 23 20 63 4 22 67 12 30 70 81 24 19 79 58 49 62 66 33 72 71 80 5 34 73 29 68 17 3 64 26 48 52 38 27 69 51 13 10 60 46 32 25 16 28 55 47 31 57 43 6 65 7 15 41 2 74 78 45 11 50 39 77 36 54 56 44 8 18 59 35 75 
31 67 64 45 22 30 69 73 29 21 80 10 71 44 75 6 48 52 57 40 7 37 17 35 3 51 36 56 62 66 27 23 15 28 13 55 34 18 14 68 11 79 4 60 39 58 61 47 70 74 8 19 63 41 12 42 54 81 50 72 46 49 78 16 59 65 32 33 38 76 24 43 5 26 9 77 2 1 53 20 25 
49 47 35 50 58 28 77 55 51 54 70 17 42 18 16 59 43 56 76 75 39 63 52 11 5 8 78 10 61 9 64 22 31 24 45 32 33 73 44 66 2 12 41 62 21 6 65 20 4 53 30 81 29 26 40 37 79 25 48 23 13 36 1 34 57 72 46 68 69 7 3 80 15 27 60 14 67 38 19 71 74 
17 60 25 70 62 18 33 27 57 35 29 50 8 26 74 47 28 32 71 9 55 23 4 68 22 80 14 43 67 44 76 42 2 78 46 63 51 1 45 53 59 6 72 65 75 73 38 15 5 49 36 79 77 31 3 11 39 56 24 34 19 21 64 54 58 81 40 20 37 61 66 48 30 69 12 7 16 10 41 52 13 
65 54 16 39 46 32 38 36 79 51 58 15 73 9 24 34 11 1 21 26 2 25 20 33 47 43 74 60 41 18 52 35 49 37 40 75 78 57 63 30 50 13 29 42 19 59 27 44 7 12 3 80 48 55 69 8 5 22 45 66 77 61 68 67 56 53 71 14 10 62 28 6 17 23 72 64 31 81 76 70 4 
78 63 44 7 4 41 23 5 68 65 31 53 46 40 33 3 69 45 38 56 59 13 15 10 28 77 67 48 36 6 57 50 20 74 79 19 58 70 8 25 81 9 37 16 54 43 35 72 11 64 18 66 34 62 71 14 27 2 80 76 60 52 32 26 49 1 21 17 75 51 30 12 22 47 24 39 42 61 55 29 73 
2 81 75 6 48 72 12 56 3 27 7 57 19 79 5 61 38 68 41 30 29 16 64 73 53 60 50 17 65 1 26 25 4 14 54 69 43 49 31 55 77 47 36 76 80 71 39 24 42 78 45 23 21 52 20 67 59 74 51 62 58 10 9 13 15 22 63 70 44 18 8 35 11 66 40 33 37 46 28 32 34 
5 16 18 57 28 4 63 72 46 20 49 45 1 36 6 17 65 81 33 53 60 21 8 75 70 64 31 26 69 55 3 80 35 47 73 62 22 39 23 42 13 58 32 40 7 67 59 74 9 79 68 24 10 78 50 77 38 41 66 15 52 14 43 29 71 11 61 37 19 2 25 34 12 48 54 30 51 27 44 56 76 
36 53 17 79 44 6 24 75 47 31 61 64 32 35 73 19 3 70 55 1 80 57 23 25 45 49 76 71 16 39 68 52 11 34 58 5 9 78 38 51 54 26 59 41 18 40 28 22 30 29 27 46 69 2 42 20 12 60 63 37 7 4 33 74 50 48 56 8 66 81 77 67 13 15 10 21 14 65 72 62 43 
55 29 2 33 43 64 78 66 80 22 67 7 52 27 44 26 50 14 58 72 62 9 10 77 74 54 16 65 76 56 36 38 37 46 41 48 11 28 69 19 35 15 3 49 5 12 70 32 34 60 81 73 61 1 31 17 21 8 39 71 51 75 6 79 45 20 18 57 42 68 13 30 24 40 63 47 53 4 25 23 59 
12 35 59 68 61 76 71 60 26 24 16 2 47 66 39 33 8 72 29 37 13 79 34 65 42 19 20 51 7 14 49 4 74 18 57 25 81 36 53 50 45 10 43 30 77 63 48 41 38 21 31 15 56 17 62 70 80 55 1 44 23 46 22 40 54 9 73 28 27 6 75 3 64 5 67 69 58 11 52 78 32 
81 10 31 62 32 19 27 25 54 41 4 12 29 23 38 53 63 18 48 66 26 15 44 3 69 59 28 9 30 61 8 43 21 70 67 20 65 14 47 75 56 33 16 79 2 76 72 42 58 52 50 77 51 71 35 5 24 68 64 11 40 13 34 78 22 60 1 46 7 49 55 36 37 73 74 80 45 57 39 17 6 
67 7 9 41 11 51 39 15 48 57 42 58 74 56 80 54 40 55 6 32 14 18 30 27 78 73 17 77 33 23 28 1 60 79 22 50 21 64 37 24 63 31 68 29 70 8 44 3 45 20 66 62 5 13 19 2 10 72 53 69 61 25 59 4 76 38 43 65 12 52 47 16 34 75 71 36 35 26 49 46 81 
8 22 49 23 38 65 13 34 70 5 76 77 30 68 10 28 37 78 36 7 56 43 39 50 51 24 4 66 15 54 81 12 40 63 27 59 52 55 46 62 6 61 1 73 71 75 53 80 47 25 14 11 18 19 58 57 9 45 74 67 26 48 29 21 32 64 17 69 35 33 44 72 42 41 3 20 79 2 16 60 31 
14 74 40 56 50 37 73 45 52 11 69 13 75 43 48 9 59 21 61 63 41 46 22 67 71 68 5 32 24 64 10 29 44 72 42 2 60 8 17 12 34 76 57 25 20 54 23 49 55 35 6 39 65 4 16 79 30 36 47 3 27 78 81 51 53 26 70 80 31 15 58 62 7 19 1 38 66 77 33 28 18 
58 30 21 1 77 42 3 20 69 25 15 51 60 46 62 79 71 34 2 11 38 52 47 40 35 12 81 13 78 31 75 19 6 45 17 53 72 80 74 44 27 66 67 4 48 57 26 36 37 33 16 64 7 43 65 56 18 54 32 73 49 76 28 14 39 24 10 59 5 41 63 23 50 70 22 68 61 9 29 8 55 
################proper############## 

 average_time = 62.955011 

 success runs = 1 

 total average iters = 979043.000000 
