Success!!! 
 
 max_col = 
 81 
 
 run_time = 
 321.877548 
 
 once iters = 
 5413766 
 
25 2 18 10 65 40 70 62 50 17 59 51 23 33 12 29 5 63 58 48 45 36 49 71 68 38 60 9 15 34 27 32 64 46 1 61 57 54 28 4 74 81 24 31 30 20 66 75 53 26 42 22 73 39 78 77 76 14 44 11 6 69 35 3 41 7 72 47 8 43 52 56 19 13 67 79 80 55 37 21 16 
1 43 63 78 41 14 77 12 24 47 32 48 68 8 66 13 22 37 7 9 80 11 3 79 53 34 27 81 67 69 2 6 23 30 54 16 36 75 18 71 51 19 55 38 52 4 72 29 10 5 59 65 62 56 17 60 21 64 73 50 61 39 25 42 35 49 57 45 44 40 46 31 76 70 33 58 20 26 74 28 15 
19 56 6 9 27 80 81 34 51 69 25 74 11 42 65 67 38 77 64 39 73 78 43 22 50 33 76 62 10 66 60 12 7 63 70 24 20 72 29 44 59 37 3 2 53 79 31 49 46 18 54 14 45 35 28 41 55 68 8 1 52 58 26 16 61 15 21 32 75 13 23 36 48 71 4 47 5 40 17 57 30 
23 42 20 58 7 75 32 21 60 30 73 81 14 24 49 3 16 52 46 26 54 62 18 12 17 77 10 28 35 53 59 29 56 11 71 8 68 40 64 45 6 76 63 66 67 15 57 74 41 13 78 61 9 1 31 36 70 27 37 4 47 79 43 19 39 33 65 25 80 5 55 48 50 72 34 44 2 38 51 69 22 
44 16 45 49 47 54 28 35 4 61 75 1 53 7 76 46 43 40 19 31 21 32 25 37 24 8 56 58 33 80 22 18 65 72 38 78 17 34 5 48 23 10 9 12 42 11 77 67 60 68 55 50 27 3 57 20 29 30 15 74 13 66 71 51 26 63 6 73 79 2 69 70 52 62 64 81 59 41 14 39 36 
66 37 15 57 59 11 13 68 38 78 34 44 54 72 80 9 6 58 16 63 2 30 41 4 23 28 29 5 21 50 45 77 25 55 40 14 26 49 32 22 39 69 61 79 27 33 43 51 70 47 36 52 7 8 81 75 67 19 24 46 48 18 62 71 76 60 53 10 20 17 64 74 12 42 3 73 35 65 56 31 1 
33 52 39 31 67 29 74 26 71 27 4 70 64 28 55 79 21 2 61 35 42 57 47 14 5 20 66 43 68 44 36 37 48 13 17 51 8 73 62 15 50 7 41 56 60 81 6 69 76 34 25 19 16 23 3 40 65 54 80 72 49 53 59 38 78 12 18 11 1 58 30 22 46 63 45 32 10 24 75 9 77 
46 69 36 79 5 72 17 30 8 10 20 31 41 62 60 35 45 50 44 15 81 75 51 55 40 59 52 57 3 73 47 76 26 39 19 74 21 33 13 65 70 14 1 78 11 80 58 71 63 48 12 2 28 64 56 32 38 23 7 16 42 22 9 67 4 34 29 24 37 66 77 54 27 18 68 25 53 6 43 49 61 
73 55 61 76 22 53 3 48 64 39 18 19 57 56 15 71 26 36 1 74 67 13 70 69 65 72 6 31 79 75 41 42 4 49 52 20 16 35 25 58 47 46 77 43 80 21 40 30 17 24 32 44 37 38 12 63 33 2 5 34 45 10 51 14 9 50 81 27 68 59 62 28 60 54 8 29 23 66 7 78 11 
56 72 2 22 48 62 34 25 1 80 44 63 40 15 67 61 75 39 29 50 66 8 57 49 33 19 16 11 17 71 35 21 41 73 53 68 52 12 70 10 3 26 54 65 24 30 45 64 27 4 5 46 42 74 43 79 36 7 20 78 37 47 14 60 32 6 28 18 69 81 9 59 55 58 23 51 77 31 38 13 76 
43 23 66 5 51 15 59 69 35 79 42 55 58 34 13 14 50 7 17 21 9 12 53 54 6 37 63 61 16 39 77 10 22 52 36 32 46 41 33 78 56 31 57 67 64 8 81 26 20 19 24 72 40 28 1 62 74 18 3 25 71 2 44 27 45 48 76 4 38 29 49 30 73 11 75 68 47 80 60 70 65 
39 9 31 61 78 58 73 36 54 51 37 12 21 19 57 76 74 23 15 11 48 77 69 45 18 1 24 49 66 72 25 80 3 56 60 13 79 16 44 47 75 30 35 34 8 32 7 38 2 6 41 62 22 17 70 42 28 5 59 64 29 33 65 20 68 43 40 55 67 14 26 63 53 50 71 10 81 52 46 4 27 
76 49 41 16 13 21 63 19 12 65 81 47 70 4 45 1 71 8 3 58 79 44 64 39 30 68 31 67 6 5 43 15 34 50 29 26 23 20 7 38 72 27 2 55 40 66 80 73 25 9 61 11 52 36 51 48 69 46 22 32 53 17 60 74 54 35 77 56 62 75 78 10 59 14 57 24 18 33 42 37 28 
52 8 46 74 28 57 44 53 32 20 33 78 29 6 35 49 11 5 42 76 13 59 23 60 14 75 41 69 58 79 70 24 37 38 62 27 81 68 17 77 1 18 80 4 43 55 65 48 21 12 47 15 3 34 9 73 72 56 67 19 10 50 39 2 36 64 31 51 7 71 22 25 40 45 26 30 54 61 16 66 63 
24 77 75 64 42 38 80 29 55 16 30 22 25 18 72 2 9 28 47 20 10 52 62 26 67 71 35 76 65 40 46 33 63 7 81 59 60 74 39 13 69 51 48 37 66 70 53 56 57 58 68 78 44 14 61 11 4 49 45 27 31 54 8 23 17 73 12 5 15 19 41 50 1 79 32 21 43 34 36 6 3 
40 17 7 60 33 81 6 79 45 31 43 62 27 64 59 68 46 24 34 73 56 70 65 25 38 22 51 78 30 14 4 54 9 19 47 42 29 28 11 49 36 61 32 53 58 63 50 18 77 67 71 37 10 76 75 55 23 66 12 57 26 80 15 8 52 21 13 3 72 1 39 16 41 69 2 20 44 74 5 35 48 
47 50 68 4 20 65 71 10 70 26 60 36 3 54 52 73 77 48 32 78 27 81 55 72 2 61 74 8 45 12 1 57 44 18 28 75 14 59 42 19 5 9 62 76 22 39 51 31 16 79 13 69 23 43 35 30 41 34 6 40 38 63 21 53 66 24 58 33 11 46 37 80 56 15 49 67 25 29 64 17 7 
18 14 11 37 26 30 67 3 27 41 66 53 32 10 38 69 56 17 43 28 7 40 36 46 80 5 4 20 48 2 51 55 74 64 23 31 63 50 45 6 15 73 25 21 71 29 59 1 35 75 60 49 54 33 24 68 58 16 77 13 81 52 76 65 70 44 47 57 42 79 61 34 8 19 72 9 12 78 62 22 39 
79 48 33 65 12 6 53 64 47 75 72 20 28 78 50 22 19 73 25 61 16 26 7 67 8 24 34 32 18 27 42 43 29 2 14 44 31 4 37 30 62 39 51 45 5 1 23 66 9 80 58 3 57 40 13 15 54 17 21 41 76 38 77 70 56 59 10 74 63 36 60 46 71 52 55 49 69 81 11 68 35 
11 44 23 18 24 77 4 45 37 6 2 67 51 16 42 34 61 64 31 52 53 47 17 35 43 81 48 46 50 20 54 75 8 68 76 70 38 3 56 29 13 32 74 58 72 78 60 62 73 39 14 79 71 41 59 69 63 10 49 66 30 57 33 28 21 55 5 26 27 25 1 7 9 65 22 80 15 36 19 12 40 
41 22 3 32 57 36 1 31 16 7 27 18 38 59 62 66 79 49 33 46 68 42 73 64 71 74 37 15 61 35 67 69 53 40 48 19 75 47 20 34 21 55 50 23 28 12 26 13 65 72 8 70 30 51 60 78 80 52 14 45 44 81 5 76 6 39 11 9 4 54 58 29 10 24 25 63 17 2 77 56 43 
38 78 17 28 52 13 35 40 63 8 65 57 48 53 39 43 76 41 72 49 15 1 4 70 77 14 12 30 55 74 10 26 66 16 34 62 44 69 54 18 24 80 36 9 68 59 27 5 33 2 31 56 81 42 25 71 79 29 46 37 75 11 20 64 47 19 61 22 51 3 73 32 58 67 60 23 6 7 50 45 21 
75 58 51 20 46 68 49 71 67 25 9 45 4 5 14 70 32 81 62 57 63 55 39 21 66 69 30 36 78 6 37 72 24 60 33 80 15 1 8 53 61 12 40 73 7 48 10 22 18 28 76 64 77 11 50 56 16 3 34 26 19 74 47 41 65 2 35 23 52 44 17 43 42 59 31 27 29 13 54 79 38 
72 76 27 2 39 50 61 55 14 46 23 56 37 1 11 15 12 68 54 22 59 29 80 38 10 45 44 52 4 17 9 13 77 21 31 58 35 60 57 26 79 78 71 63 6 43 36 32 19 25 16 74 24 20 73 18 48 65 62 51 7 40 70 81 53 69 67 49 33 30 66 42 47 8 5 34 64 28 41 3 75 
30 73 80 7 66 19 42 56 21 60 47 52 17 74 44 40 24 55 41 18 65 20 2 50 11 6 13 79 1 22 71 25 51 57 5 3 33 70 49 81 16 43 10 64 59 37 63 54 29 69 35 68 34 46 58 27 9 31 36 28 67 23 53 12 75 45 38 77 78 15 48 8 39 76 62 26 4 72 32 61 14 
8 81 9 29 10 70 62 43 34 13 69 21 30 71 26 77 31 54 5 51 36 60 56 27 76 58 3 7 73 63 23 59 28 45 11 64 67 25 22 66 65 17 46 19 41 52 75 55 15 38 53 47 49 4 39 2 42 35 32 6 12 24 61 80 72 16 68 37 14 50 40 79 78 74 48 33 57 18 44 1 20 
15 60 59 69 25 26 54 5 74 29 63 3 36 58 33 10 35 80 23 75 32 19 40 78 28 79 9 47 56 38 12 81 39 41 49 65 48 11 27 76 42 2 52 77 14 44 17 21 67 50 7 6 61 45 22 4 1 72 43 68 8 55 64 24 57 18 20 34 13 31 71 62 70 51 30 46 73 16 66 53 37 
21 18 53 73 29 48 38 59 3 15 68 76 1 35 54 36 28 70 80 71 17 72 45 66 47 51 64 56 74 13 6 16 55 81 50 23 27 61 10 8 49 52 4 14 63 24 42 7 39 22 11 41 78 67 5 65 77 12 40 75 60 20 32 46 79 31 2 43 26 69 44 57 62 25 19 37 58 30 33 34 9 
57 36 32 55 16 28 60 24 7 21 10 25 42 44 22 47 48 20 67 43 39 6 79 41 13 31 58 37 80 9 73 61 52 5 2 29 11 53 68 23 40 70 78 33 46 19 15 17 81 76 69 30 65 72 4 51 34 74 56 8 50 45 1 75 77 62 59 35 18 49 38 71 66 26 12 54 63 27 3 14 64 
31 54 34 35 62 17 5 27 40 50 80 4 43 11 69 16 18 19 77 44 24 56 14 23 48 65 78 66 70 67 75 8 12 26 57 28 37 71 81 9 30 42 39 47 76 64 68 25 3 49 51 20 33 79 38 52 53 15 58 63 46 61 13 73 22 36 41 1 6 55 10 21 32 29 7 60 74 45 59 72 2 
61 75 42 70 37 47 39 8 80 9 6 30 49 57 81 78 72 38 55 2 33 69 54 52 60 15 25 35 53 77 65 68 40 48 59 18 32 45 21 5 64 22 56 17 51 10 62 14 12 1 63 71 4 26 76 7 19 73 41 3 43 31 27 58 29 67 23 16 66 74 34 24 13 36 11 28 46 50 79 20 44 
22 46 58 45 74 56 41 13 72 12 55 64 62 32 77 51 23 65 36 53 76 21 29 7 42 40 50 3 39 33 11 14 19 47 63 34 1 31 66 75 43 59 69 26 15 5 54 57 44 8 80 18 2 9 37 17 6 79 28 67 78 49 16 61 60 68 27 30 70 52 25 20 4 38 81 48 71 10 35 73 24 
14 4 69 23 50 20 9 52 81 33 53 41 13 66 2 45 3 67 49 1 22 68 46 30 32 16 59 21 25 10 62 44 60 27 64 71 12 80 79 28 29 77 58 57 34 56 74 6 38 61 37 40 43 73 48 35 18 26 55 42 72 36 24 39 63 17 7 54 65 78 11 19 5 31 70 76 75 51 15 47 8 
49 19 77 68 11 25 2 78 43 63 7 27 74 79 17 37 59 14 12 4 18 61 35 75 34 26 8 41 38 36 72 20 45 32 46 1 54 6 48 24 73 3 67 60 62 16 47 28 50 55 70 58 31 66 30 10 81 44 71 23 21 29 22 13 15 40 9 76 5 64 33 51 57 80 39 69 42 53 65 52 56 
6 66 10 33 15 63 26 44 65 56 29 24 71 31 46 5 40 75 11 81 62 3 74 28 27 70 73 22 43 58 79 30 69 17 51 76 50 7 19 55 20 35 72 16 38 60 13 36 52 45 77 34 59 53 2 80 39 57 25 9 54 64 68 37 8 32 48 14 47 4 42 12 61 23 21 78 41 67 1 18 49 
64 67 79 51 71 1 12 76 30 58 39 61 73 52 34 8 60 26 37 38 19 9 63 5 57 10 20 54 24 7 15 31 78 4 42 49 2 18 74 36 25 41 65 44 13 46 35 27 75 32 21 23 48 29 47 70 66 11 33 14 62 59 69 56 50 81 45 72 28 80 3 53 68 17 6 40 16 43 22 77 55 
60 61 38 30 21 8 24 1 25 14 45 73 52 69 29 54 33 15 26 68 46 31 13 2 56 3 75 27 64 19 7 36 42 80 74 66 43 51 16 35 77 6 11 40 48 67 76 59 47 17 79 55 58 70 53 44 22 4 39 49 18 28 12 5 37 78 71 81 34 65 50 9 23 32 20 57 72 62 63 41 10 
28 13 5 11 34 7 51 75 53 24 58 26 6 49 25 42 4 31 74 36 77 23 9 1 70 50 69 16 72 60 63 38 81 12 3 22 56 62 80 52 41 67 8 39 32 65 20 43 71 73 27 54 18 19 10 33 64 37 30 35 55 15 2 66 48 29 46 61 57 47 76 68 14 21 78 59 79 17 40 44 45 
81 74 71 50 40 9 16 22 42 32 1 28 76 3 70 38 17 21 39 24 78 34 27 10 15 57 7 65 51 41 69 5 46 79 20 30 55 19 47 59 14 58 23 68 2 13 37 63 4 36 52 60 72 12 45 29 26 6 54 80 77 8 48 18 31 25 62 44 53 67 75 73 11 56 61 35 33 64 49 43 66 
29 41 19 63 4 18 20 49 73 48 74 72 80 67 47 75 81 53 71 64 44 51 16 76 55 60 65 6 52 54 17 45 68 14 35 40 34 78 24 31 26 50 37 22 57 2 38 39 11 62 33 32 1 61 7 66 25 21 42 56 23 46 79 30 59 10 70 12 43 27 28 58 69 77 13 3 36 15 9 8 5 
80 15 65 17 43 33 23 14 10 36 51 35 19 13 37 62 68 27 48 41 8 22 11 18 61 52 53 55 31 59 56 70 2 28 73 67 64 63 4 25 66 5 79 30 21 57 16 44 49 78 6 9 46 69 34 72 32 75 81 76 40 3 58 45 1 20 60 7 24 42 74 77 38 12 50 71 26 39 47 54 29 
62 35 26 36 56 76 55 70 79 44 22 43 65 50 61 63 66 11 45 72 29 54 12 73 20 4 47 71 75 23 33 39 13 15 25 10 18 9 3 1 17 28 7 81 69 77 41 34 42 64 40 31 53 24 67 14 5 78 68 60 59 19 57 32 80 8 49 2 21 38 6 52 16 37 51 74 48 46 30 27 58 
32 47 37 3 69 59 64 58 39 2 77 79 8 23 9 41 78 46 66 62 6 38 67 19 81 30 14 44 49 57 18 34 1 24 26 21 53 15 72 60 12 29 20 75 54 45 5 10 68 7 22 48 74 80 27 61 43 50 63 31 17 71 11 35 40 51 16 13 56 33 36 55 25 4 52 42 76 73 28 65 70 
77 31 78 72 45 52 68 66 44 57 16 7 60 40 64 59 34 12 28 17 25 80 5 33 37 49 43 4 32 76 29 58 62 61 8 48 10 36 71 74 46 38 42 27 70 26 56 50 30 51 23 75 35 21 41 47 20 13 1 24 65 9 73 54 69 14 79 15 39 11 63 3 6 81 18 53 67 22 55 2 19 
48 12 57 67 54 2 27 46 6 18 5 39 55 20 10 56 30 71 35 40 58 79 42 63 59 21 32 53 77 78 50 11 47 37 9 43 76 44 65 61 33 13 45 49 73 3 8 81 66 14 29 28 15 25 36 74 62 69 16 38 51 70 52 26 23 72 19 41 64 22 4 17 24 60 80 7 34 1 68 75 31 
35 6 64 44 75 49 43 38 78 72 13 54 59 48 71 28 69 9 56 55 30 46 21 68 1 76 18 73 36 45 16 52 67 3 15 2 39 81 12 63 27 20 14 11 74 50 32 19 80 31 34 53 8 65 40 22 51 33 61 7 58 26 37 79 10 47 4 29 25 62 24 5 17 41 66 77 60 23 70 42 57 
36 32 28 8 53 41 25 15 48 66 50 10 35 65 78 31 1 3 75 59 70 27 81 34 74 23 45 77 40 29 68 71 79 69 39 60 61 55 30 56 22 44 49 46 33 58 12 2 62 11 20 5 47 16 42 24 13 76 18 73 14 72 38 17 51 57 37 21 54 63 80 67 64 43 9 6 52 19 4 7 26 
67 24 4 1 31 71 21 9 46 23 57 77 26 68 8 7 36 30 65 5 40 28 78 48 12 53 42 50 76 62 80 64 17 33 43 81 72 32 58 16 60 45 59 25 37 18 52 35 22 3 15 51 39 44 69 54 10 55 2 79 56 41 63 11 14 61 34 6 73 70 19 66 29 75 27 38 49 47 20 74 13 
2 45 76 40 17 39 50 73 56 49 79 75 22 41 18 20 27 34 13 32 72 16 19 77 3 64 26 74 9 25 38 66 57 78 61 53 65 10 35 68 52 47 31 51 29 6 1 24 59 54 43 33 67 60 44 81 11 36 70 5 4 62 30 7 28 46 69 42 48 12 15 23 21 55 58 14 8 37 71 63 80 
27 11 16 54 63 79 37 57 29 45 64 42 12 76 74 4 39 47 38 67 61 43 66 51 7 41 2 13 14 18 55 28 58 65 10 72 5 26 75 3 19 21 53 80 23 40 71 9 69 81 30 73 70 78 46 49 17 77 31 15 68 32 6 44 33 52 22 60 50 8 20 35 36 48 1 56 24 25 34 59 62 
55 33 81 80 18 23 22 42 19 38 56 11 63 17 73 25 29 60 20 69 35 50 24 15 52 39 49 51 47 48 26 7 5 6 37 4 40 2 67 62 57 34 43 70 9 41 14 68 79 21 46 77 75 13 16 59 8 71 27 53 3 12 66 72 64 58 74 36 30 76 31 1 28 10 44 61 65 54 45 32 78 
13 70 62 14 30 34 10 51 66 19 61 58 24 55 5 81 53 44 9 80 31 4 60 47 29 54 57 59 8 42 20 46 32 23 21 41 77 17 38 7 78 79 6 28 18 36 49 76 56 74 72 63 25 37 52 64 75 67 48 39 35 1 50 68 27 71 43 65 16 26 45 40 2 3 15 12 22 69 73 11 33 
68 7 60 52 72 3 58 47 69 37 14 46 67 70 32 80 2 62 22 33 11 63 44 6 25 36 71 75 27 24 49 19 30 35 12 56 4 13 41 54 8 15 73 48 1 61 64 42 26 66 45 17 29 10 21 34 57 20 74 43 28 65 23 59 38 53 55 78 77 9 81 18 79 16 76 31 51 5 39 40 50 
5 59 12 77 61 74 65 20 26 43 15 6 33 51 40 21 52 16 79 8 37 14 10 58 62 73 17 34 54 11 31 1 70 22 44 63 71 42 50 69 76 64 66 24 36 7 48 4 23 57 28 27 38 55 80 25 78 45 19 47 9 60 29 49 2 75 32 39 3 41 56 13 67 53 35 18 30 68 72 46 81 
51 20 47 41 81 5 56 17 23 67 40 15 78 80 48 18 57 69 60 65 52 53 34 16 9 35 1 26 2 43 8 79 21 44 4 50 25 29 55 14 37 54 27 6 75 74 33 3 61 71 10 36 13 58 19 31 30 38 64 62 70 73 45 77 12 11 42 63 32 68 59 39 22 28 46 66 7 49 76 24 72 
53 10 52 42 73 22 18 39 61 35 62 29 2 60 31 17 37 79 70 56 26 58 8 13 63 32 36 23 46 64 14 27 76 74 45 55 49 30 59 11 80 71 28 69 12 38 21 40 78 77 81 16 50 7 15 9 3 47 66 44 5 6 72 57 24 54 1 48 41 34 51 75 33 20 43 65 68 4 25 19 67 
78 27 13 46 3 45 7 67 36 4 38 34 75 14 30 24 70 33 21 47 50 18 77 59 39 25 79 10 20 65 28 40 61 54 66 11 9 52 76 51 2 60 68 32 44 31 22 12 43 41 26 57 19 48 74 23 35 1 17 58 16 42 80 62 49 5 56 64 81 6 72 15 37 73 63 8 55 71 53 29 69 
70 38 49 75 1 35 69 28 15 76 36 71 20 21 23 44 13 22 68 19 4 45 37 74 73 42 33 24 29 30 48 67 72 51 16 12 58 56 34 64 31 66 26 61 81 27 46 47 8 63 17 25 6 59 32 39 60 40 65 55 11 77 41 78 43 9 52 79 10 7 53 2 80 57 14 62 50 3 18 5 54 
59 71 72 19 8 60 30 80 57 74 12 50 81 39 63 26 10 42 27 7 69 5 15 61 54 2 62 68 22 37 78 3 49 1 6 9 13 79 46 41 45 40 38 35 20 53 67 11 24 56 66 4 51 52 18 43 14 25 76 21 33 75 36 29 58 70 73 31 55 28 65 44 77 47 16 17 32 48 23 64 34 
65 34 29 43 64 32 48 4 9 55 3 66 5 25 58 19 8 1 76 12 75 67 6 80 78 44 23 18 69 56 81 63 31 59 13 33 22 21 77 39 7 74 70 62 50 28 30 79 72 42 73 45 68 54 71 53 37 61 57 10 24 51 49 47 20 38 14 46 17 16 35 27 26 2 40 36 11 60 52 15 41 
54 62 24 6 14 44 76 2 11 28 41 59 16 77 27 32 64 56 81 10 57 66 48 20 31 43 40 25 19 52 5 73 71 53 58 36 78 8 1 17 4 72 18 15 47 35 9 23 34 65 75 80 55 49 26 13 46 63 29 22 79 68 7 69 3 74 33 50 60 37 67 61 45 39 38 70 21 42 12 30 51 
16 63 50 66 58 55 40 74 31 68 54 49 61 43 6 52 51 72 14 29 38 71 22 11 64 17 46 60 42 32 39 47 35 77 41 7 24 23 73 67 53 57 33 3 65 69 70 37 5 44 62 1 76 15 8 28 12 48 4 20 2 34 56 36 25 30 80 19 45 18 21 26 75 9 10 13 78 79 27 81 59 
26 68 25 21 79 12 33 37 77 73 46 9 7 47 53 11 65 45 24 30 41 49 28 3 51 55 72 38 62 70 57 17 75 34 80 15 42 5 36 43 63 48 16 10 19 14 18 60 32 29 64 39 20 2 54 50 59 81 52 69 27 67 78 4 71 22 66 8 40 23 13 76 35 6 56 1 61 44 31 58 74 
63 53 35 71 80 4 57 41 76 54 31 16 9 37 24 6 49 18 50 42 23 25 38 81 58 12 5 40 44 55 30 74 36 75 77 52 45 43 78 32 11 65 60 20 56 34 61 15 7 46 19 21 64 68 62 67 47 8 72 17 22 48 3 1 73 27 39 69 29 10 70 14 51 66 28 2 13 59 26 33 79 
58 51 30 48 6 37 79 60 17 52 35 68 10 75 36 64 73 66 63 27 28 39 32 56 16 13 21 1 23 3 24 9 33 71 72 46 47 67 40 57 44 62 29 18 49 22 25 77 14 20 4 26 69 5 65 45 15 42 53 70 41 43 54 31 55 76 78 59 2 61 8 38 34 7 74 50 19 11 81 80 12 
69 29 8 25 23 61 78 7 13 62 11 32 56 12 51 60 15 74 6 34 20 2 52 31 41 46 54 45 59 4 21 48 27 10 18 79 80 64 9 33 38 16 76 42 55 49 44 72 58 53 1 66 63 75 68 19 50 28 35 30 36 14 81 40 67 26 24 17 22 77 43 47 3 5 65 39 37 70 57 71 73 
74 64 22 34 9 27 36 54 62 53 26 13 72 38 4 57 41 76 30 77 47 37 71 65 69 80 11 2 63 15 66 60 50 29 67 25 59 46 31 79 10 8 75 7 17 42 55 70 40 35 39 81 12 6 20 1 44 58 78 61 73 21 18 52 5 3 51 28 19 45 68 33 43 49 24 16 56 14 48 23 32 
20 5 55 81 38 16 31 11 52 70 48 2 39 27 3 23 47 59 78 14 74 64 33 8 35 9 61 42 13 51 32 41 73 58 7 69 6 22 15 21 28 4 19 1 26 71 24 65 36 60 57 43 17 30 29 76 40 80 79 77 25 37 34 50 44 56 63 66 46 72 12 49 54 68 53 45 62 75 10 67 18 
12 1 21 39 2 73 75 32 18 71 28 5 77 81 7 65 63 61 57 60 51 15 68 43 36 67 22 14 11 31 19 62 54 20 56 6 70 66 52 37 35 53 13 72 3 47 29 78 45 10 38 76 79 50 49 46 24 59 26 33 69 27 55 34 74 23 30 80 58 48 16 4 44 64 17 41 40 9 8 25 42 
45 3 14 59 44 67 46 77 68 40 21 80 50 22 19 33 42 29 53 79 49 48 72 17 75 18 55 64 26 28 34 35 43 70 65 5 30 39 69 12 54 24 81 74 61 51 73 16 31 52 9 8 11 27 66 38 56 32 23 2 63 13 10 25 7 37 15 62 71 60 57 41 20 78 36 4 1 58 6 76 47 
50 26 40 56 19 66 47 33 28 1 8 69 44 46 43 30 58 78 10 45 3 24 59 62 4 7 70 12 57 81 61 49 38 76 22 17 41 48 14 73 68 63 34 71 25 23 2 80 13 37 74 67 32 18 64 5 31 51 11 52 39 16 75 9 42 65 54 20 36 53 79 6 15 35 77 72 27 21 29 55 60 
42 65 43 24 70 10 15 72 49 34 67 17 79 45 20 55 14 25 40 66 1 73 76 44 26 29 19 80 37 47 53 78 16 8 68 39 51 27 23 2 58 36 5 50 77 54 3 41 28 33 48 59 56 62 6 57 71 60 9 12 74 7 4 21 11 13 64 75 35 32 18 81 30 46 69 22 31 63 61 38 52 
37 57 48 53 32 51 45 6 75 11 70 60 46 61 41 50 20 10 73 3 14 65 58 42 44 47 68 63 7 1 40 22 80 9 55 77 62 24 26 27 71 23 12 5 16 25 19 52 74 30 2 13 66 31 72 8 49 43 69 29 34 56 28 15 81 79 17 38 76 21 54 78 18 33 59 64 39 35 67 36 4 
7 39 56 13 76 78 66 18 5 77 17 38 15 9 1 72 25 6 69 16 43 41 26 36 19 48 80 29 81 61 64 65 10 31 30 45 28 58 53 50 67 68 22 54 79 62 34 20 51 59 49 24 14 32 33 37 2 70 47 71 57 44 42 55 46 4 8 52 74 35 27 11 63 40 73 75 3 12 21 60 23 
4 30 74 47 68 69 52 61 20 42 78 40 18 2 21 58 62 43 8 25 34 35 1 29 79 56 15 33 12 26 3 53 14 67 75 57 7 77 51 72 81 49 64 13 45 73 28 46 48 23 44 10 60 63 11 16 27 41 38 65 80 5 17 6 19 66 36 70 59 39 32 37 31 22 54 55 9 76 24 50 71 
71 25 1 62 55 24 11 23 58 59 19 37 45 63 28 53 44 35 51 13 12 74 61 32 72 66 38 17 41 49 52 4 15 36 69 47 3 76 6 46 34 56 21 8 10 9 79 33 54 43 50 42 80 81 14 26 7 39 60 18 20 30 40 22 16 77 75 67 31 73 2 64 65 27 29 5 70 57 78 48 68 
34 40 73 38 36 31 19 65 22 3 52 33 47 26 16 12 55 4 18 54 71 76 50 9 45 63 77 48 60 8 74 2 59 25 79 37 66 14 61 70 32 11 15 29 35 17 39 53 1 27 56 7 21 57 23 6 68 24 75 81 64 78 67 10 13 41 44 58 49 51 5 69 72 30 42 43 28 20 80 62 46 
10 79 67 27 77 43 14 81 59 5 24 8 34 36 68 48 7 32 2 23 64 17 20 40 21 62 39 72 71 46 76 51 11 42 78 38 74 37 60 80 18 33 44 52 31 75 4 58 6 70 65 12 26 47 55 3 73 22 13 54 1 35 19 63 30 28 50 53 9 57 29 45 49 61 41 15 66 56 69 16 25 
9 28 54 15 35 64 29 16 2 81 49 23 31 30 56 39 80 13 4 6 55 7 75 57 22 11 67 70 5 68 44 50 18 43 27 73 19 65 63 20 48 25 17 36 78 72 69 8 37 40 3 38 41 77 79 21 61 62 10 59 66 76 46 33 34 42 26 71 12 24 14 60 74 1 47 52 45 32 58 51 53 
17 80 44 12 49 42 72 63 33 64 71 14 66 73 79 27 54 51 59 70 60 10 31 24 46 78 81 39 28 21 13 23 20 62 32 35 69 57 43 40 9 75 30 41 4 76 11 45 55 16 67 29 5 22 77 58 52 53 50 36 15 25 74 48 18 1 3 68 61 56 47 65 7 34 37 19 38 8 2 26 6 
3 21 70 26 60 46 8 50 41 22 76 65 69 29 75 74 67 57 52 37 5 33 30 53 49 27 28 19 34 16 58 56 6 66 24 54 73 38 2 42 55 1 47 59 39 68 78 61 64 15 18 35 36 71 63 12 45 9 51 48 32 4 31 43 62 80 25 40 23 20 7 72 81 44 79 11 14 77 13 10 17 
################proper############## 

 average_time = 321.877548 

 success runs = 1 

 total average iters = 5413766.000000 
