Success!!! 
 
 max_col = 
 81 
 
 run_time = 
 132.736282 
 
 once iters = 
 2099983 
 
55 7 77 72 19 22 40 73 9 42 34 15 20 54 58 35 38 8 70 41 4 37 78 57 69 60 65 16 12 61 10 1 18 74 14 30 2 45 64 33 25 28 53 21 6 75 48 36 5 31 32 80 11 26 51 27 43 24 29 67 23 71 59 52 68 3 50 79 63 46 13 56 47 76 62 39 66 17 49 44 81 
66 14 39 43 2 42 17 41 59 30 76 55 12 10 5 13 16 21 3 1 26 24 27 45 36 47 67 71 77 11 34 80 25 19 50 49 69 60 57 78 68 62 48 81 20 56 58 64 63 72 28 51 38 23 65 74 46 37 9 40 22 44 6 29 7 35 73 15 32 54 18 53 31 79 33 52 61 4 8 70 75 
58 70 15 26 79 8 13 71 33 32 23 65 51 62 72 68 6 11 35 43 12 17 64 63 54 75 29 36 4 59 46 55 31 56 7 22 37 14 47 27 30 39 66 42 44 25 49 34 21 73 18 16 24 69 76 61 52 28 77 48 3 38 53 78 1 40 10 45 81 41 9 80 74 2 60 20 50 67 57 5 19 
63 75 68 56 48 27 69 64 47 14 49 52 66 60 78 4 36 71 11 74 21 51 53 50 61 39 33 58 73 24 8 65 70 20 45 38 3 46 1 35 32 31 9 29 23 43 81 42 41 62 57 22 2 10 12 13 79 7 18 80 5 72 55 19 34 25 28 67 76 26 17 44 59 30 40 6 37 77 54 16 15 
45 20 18 78 1 46 60 21 38 48 74 37 43 25 9 31 79 53 19 71 52 76 32 30 72 77 81 62 23 75 29 3 35 39 27 42 73 56 7 22 80 40 10 59 26 61 47 44 17 15 6 67 4 12 50 64 57 2 54 34 58 70 68 5 69 8 65 33 14 49 16 66 36 11 28 41 24 51 63 55 13 
81 35 52 49 80 65 37 44 51 27 22 33 67 28 63 7 2 24 40 5 46 66 31 73 55 59 79 9 76 68 57 60 32 43 64 78 77 15 11 54 71 61 16 58 17 70 3 1 13 50 39 74 19 53 62 47 25 10 41 36 8 69 14 72 30 4 48 20 21 6 42 75 45 34 18 23 12 56 26 29 38 
30 28 11 36 4 3 50 6 23 39 44 40 57 69 41 73 56 46 34 2 16 10 80 49 14 20 62 66 15 5 63 48 72 52 54 67 70 38 43 13 55 79 24 12 18 59 33 37 76 9 65 8 45 29 26 35 81 1 17 19 21 78 75 77 47 27 60 74 51 31 61 71 64 32 7 22 25 42 58 53 68 
53 32 5 25 54 29 76 67 34 50 59 61 70 45 18 81 64 3 38 13 58 9 15 6 68 42 56 47 41 44 28 26 21 2 17 33 19 72 49 36 75 65 8 74 51 77 46 79 7 60 40 52 27 20 16 73 11 31 30 39 66 4 63 22 23 43 55 62 57 12 37 24 1 71 10 80 14 35 48 78 69 
12 16 31 24 57 61 74 62 10 80 77 47 17 1 29 75 26 19 7 18 25 48 28 44 23 22 8 69 51 40 79 37 13 6 81 53 52 34 41 50 76 5 63 67 4 66 54 71 30 68 14 55 78 35 42 15 45 56 32 60 20 49 33 59 39 2 64 38 58 70 36 11 65 9 43 21 3 27 46 73 72 
43 8 38 50 27 56 64 47 66 61 10 67 63 9 74 6 54 31 37 60 72 44 45 35 49 18 71 40 14 33 20 19 57 70 48 73 4 76 17 3 29 1 30 52 7 12 51 25 58 21 68 32 13 62 75 36 65 15 34 22 11 2 41 69 26 55 78 77 28 42 80 23 53 5 16 59 81 79 39 24 46 
7 15 78 34 59 39 75 32 25 18 19 42 40 76 50 27 52 30 33 9 2 20 3 81 10 62 31 6 74 69 44 54 41 35 43 77 28 16 56 21 73 13 36 23 66 37 63 24 53 22 55 4 8 67 79 26 64 58 51 5 49 68 46 48 60 12 29 11 61 57 70 45 72 80 71 1 38 47 65 14 17 
70 23 37 69 5 14 10 61 49 46 28 68 4 55 66 58 29 81 17 65 56 54 6 79 51 16 30 26 31 21 71 7 1 64 18 27 9 22 78 40 67 34 77 47 12 44 74 33 38 80 59 50 75 3 52 45 8 60 13 42 57 63 35 32 15 62 53 25 24 39 73 72 20 36 76 2 11 43 19 41 48 
16 18 76 30 9 19 53 22 55 59 7 23 62 37 57 70 32 26 25 75 36 68 74 8 12 14 4 46 13 81 65 78 3 28 61 50 5 42 58 45 41 48 80 44 11 39 64 72 77 20 15 27 60 73 1 56 67 69 38 17 71 54 24 35 63 34 79 43 2 10 66 47 40 51 49 31 52 33 21 6 29 
62 6 44 42 29 52 45 36 1 2 16 20 75 73 33 77 80 49 43 78 53 63 7 59 41 26 23 79 32 22 5 17 12 11 38 51 24 70 69 8 46 71 54 50 68 34 9 40 14 28 81 65 18 57 39 3 55 48 72 47 31 25 66 76 67 21 74 37 64 4 19 30 56 61 27 15 13 10 35 60 58 
74 68 2 11 77 57 54 17 20 12 78 5 71 34 36 41 39 45 80 47 42 28 13 24 66 55 1 56 60 30 72 53 59 15 62 58 63 26 61 43 64 75 49 65 35 31 52 48 19 46 69 29 16 79 21 7 6 76 73 10 14 40 70 44 3 81 33 51 38 22 27 8 18 25 23 50 67 32 9 37 4 
40 71 35 73 60 21 51 81 12 22 24 25 38 13 56 53 69 48 29 70 39 34 46 64 32 57 58 55 67 37 49 75 68 47 4 16 72 18 19 62 79 33 15 2 10 23 76 6 11 45 30 36 26 78 61 50 9 44 43 74 27 20 80 14 41 5 59 31 17 1 52 65 77 42 63 66 7 3 28 8 54 
3 13 80 48 24 72 46 26 79 1 64 8 35 21 43 65 47 15 67 73 11 77 61 22 52 27 38 76 9 45 23 63 42 25 36 39 51 31 59 20 14 32 74 37 60 71 5 17 66 2 54 10 7 41 78 28 53 29 19 33 4 81 30 58 56 6 40 18 49 75 50 16 69 70 68 44 55 12 34 57 62 
67 31 63 65 41 58 33 4 28 44 60 11 79 72 3 51 14 17 76 69 50 15 48 19 21 40 5 8 52 29 66 24 80 10 2 34 53 25 38 39 6 57 55 27 81 42 1 56 61 35 49 70 47 43 18 16 37 12 62 23 77 59 32 68 20 9 71 7 36 13 54 46 78 64 26 30 73 75 22 74 45 
51 37 7 62 67 81 22 57 11 35 38 30 33 80 32 23 75 2 12 64 10 78 16 77 5 25 45 18 20 76 13 79 15 50 42 44 47 59 26 71 72 70 43 61 1 27 4 9 40 65 3 58 28 8 73 14 48 52 46 21 68 41 36 53 29 39 66 17 19 60 69 34 54 31 74 24 6 63 55 56 49 
18 79 42 28 23 80 3 54 17 4 56 16 59 78 14 74 51 20 27 6 9 53 49 66 57 46 76 48 34 55 38 30 36 68 47 52 22 24 21 60 77 15 64 31 62 7 10 81 50 5 70 45 35 2 43 40 26 33 61 75 63 19 8 67 12 72 41 73 71 65 11 37 25 69 44 58 29 39 1 13 32 
49 26 66 35 55 38 25 58 39 3 62 69 61 29 13 10 40 76 44 24 71 31 54 56 67 32 51 23 1 19 74 16 60 73 33 17 46 75 53 37 42 45 65 79 34 30 11 47 43 59 41 63 72 14 80 57 22 20 78 64 6 18 12 70 5 48 36 50 4 7 77 21 52 28 8 27 68 2 81 15 9 
36 60 53 63 72 40 41 46 21 55 71 28 9 48 67 42 66 7 69 8 79 38 52 11 29 65 68 31 49 35 45 57 64 22 58 43 6 39 54 14 16 50 32 51 27 20 23 74 1 18 33 76 15 17 10 4 56 5 70 77 24 3 44 25 13 78 30 59 47 62 81 2 19 26 12 61 75 80 73 34 37 
59 5 1 76 68 44 27 12 30 47 58 63 8 46 26 25 22 39 60 14 33 81 21 48 3 4 55 72 24 54 77 6 78 80 11 29 17 36 28 49 66 19 20 69 2 51 71 13 73 42 62 61 31 52 37 34 7 32 15 9 50 45 79 40 74 75 16 57 43 56 38 18 10 23 67 70 41 64 53 35 65 
8 4 50 19 74 9 56 34 71 73 11 43 36 27 17 44 77 18 62 15 35 58 59 61 20 30 72 70 81 26 37 46 51 69 21 63 10 68 33 48 38 52 41 25 13 67 53 16 39 55 12 75 79 80 66 65 29 54 60 2 47 76 28 1 24 64 23 6 31 32 14 49 5 57 45 78 42 40 7 22 3 
78 33 48 6 64 43 16 2 65 19 5 21 24 53 37 49 45 54 22 34 28 74 41 1 73 50 70 39 75 14 40 32 62 8 9 10 29 80 63 12 11 56 7 4 3 26 36 77 25 44 38 57 66 68 67 42 69 13 23 72 59 31 81 51 27 58 61 52 20 15 55 35 76 47 17 79 60 30 71 46 18 
24 77 70 20 45 75 32 13 52 6 68 1 31 12 65 15 34 41 23 36 17 7 42 47 2 43 26 67 25 3 56 5 27 4 53 61 74 40 81 76 8 18 44 57 73 46 69 60 64 19 78 37 29 21 58 38 39 49 55 71 35 30 11 80 22 33 63 54 9 28 79 10 66 72 51 14 62 59 50 48 16 
10 69 73 47 61 31 15 29 14 60 79 81 50 52 70 57 72 64 39 63 13 80 19 18 75 37 40 12 28 71 7 41 66 59 65 2 58 23 67 55 78 30 5 35 9 49 6 22 56 54 24 34 48 32 17 53 74 51 16 62 25 27 1 3 44 45 46 8 42 76 68 26 4 38 36 33 21 11 43 20 77 
65 12 61 75 33 20 30 50 42 57 54 80 18 47 55 60 15 74 48 22 66 46 14 37 8 44 43 64 69 49 76 56 79 32 40 7 36 81 25 28 5 63 72 24 59 52 31 62 45 13 53 3 1 6 27 67 41 17 68 29 38 35 26 73 2 77 34 21 78 16 51 70 71 39 4 11 19 58 10 9 23 
60 74 69 22 31 62 21 79 27 49 8 73 72 20 46 52 4 13 45 3 24 65 29 17 47 58 57 51 54 70 59 67 37 1 23 71 35 41 50 19 18 68 2 40 42 78 7 26 75 10 56 39 30 44 33 11 28 25 76 16 61 34 15 12 48 32 43 9 55 36 64 5 80 14 66 77 53 38 6 81 63 
41 53 24 14 44 68 4 59 45 33 17 26 77 40 22 63 1 10 13 76 78 56 5 25 74 21 42 43 38 12 2 58 61 57 80 9 71 62 70 46 34 11 73 16 79 15 29 65 67 69 23 48 51 36 60 31 47 19 81 8 52 39 50 7 35 20 18 72 66 27 49 6 3 55 75 32 64 37 30 54 28 
29 17 54 39 36 13 6 15 70 66 14 32 65 56 45 48 71 12 72 11 30 41 9 27 33 64 52 22 46 8 35 25 63 3 20 75 26 7 55 47 53 67 31 77 49 4 34 28 81 40 74 73 21 61 24 10 18 43 37 59 69 79 62 38 57 19 68 23 1 80 58 42 51 50 5 60 78 44 16 2 76 
77 57 28 32 71 49 1 43 8 36 30 59 42 70 44 62 21 68 73 26 81 18 79 54 7 34 39 29 45 10 55 15 6 72 5 19 64 33 80 51 58 27 60 38 74 14 24 12 35 16 11 25 37 63 4 9 13 23 66 78 2 46 40 56 17 65 75 53 50 3 47 76 48 20 41 69 22 31 61 67 52 
46 76 3 10 56 25 73 52 26 81 51 38 23 50 19 34 5 35 55 40 20 61 2 15 4 80 53 28 47 31 33 18 16 30 44 14 39 57 48 32 37 66 78 43 8 58 60 54 72 77 17 64 9 27 7 6 63 75 1 70 36 42 74 11 59 13 67 69 41 71 22 62 12 49 24 29 79 65 68 45 21 
80 11 19 38 47 23 78 7 63 58 6 2 28 16 75 61 9 79 1 62 49 12 67 68 59 35 50 74 39 65 73 81 4 17 34 21 44 13 14 30 69 54 45 20 29 41 55 57 46 76 66 43 42 71 22 77 32 53 64 51 48 5 3 24 33 31 37 40 60 52 10 15 8 18 70 72 56 26 27 25 36 
5 48 40 18 37 34 66 55 81 76 3 41 7 39 24 64 67 43 28 51 31 71 75 16 70 69 77 27 11 36 42 13 53 78 68 60 56 9 52 4 15 6 23 10 21 38 79 19 22 32 80 2 50 49 57 44 20 30 65 12 54 58 72 46 14 63 45 61 8 29 26 25 17 62 59 73 35 74 47 1 33 
64 72 58 67 16 51 9 35 2 29 37 27 25 31 53 11 78 69 6 19 63 32 38 23 60 36 10 50 66 62 24 77 52 26 41 48 1 65 22 75 12 17 61 3 76 47 8 59 70 33 5 68 20 18 14 55 71 73 21 45 56 80 49 79 4 28 44 39 54 81 30 74 42 43 15 34 46 7 13 40 57 
69 54 49 21 70 64 47 72 18 34 63 35 11 61 12 43 55 42 32 20 76 79 22 78 1 52 17 3 27 28 41 4 14 75 16 6 60 44 15 26 81 51 25 48 57 33 77 30 59 8 29 5 40 66 45 46 38 9 56 13 73 7 39 2 53 74 31 58 62 67 24 50 23 19 37 68 10 71 36 65 80 
4 9 71 33 3 10 48 78 80 77 70 66 2 41 51 37 44 56 15 45 73 40 81 26 16 67 46 54 22 13 30 49 58 42 69 24 18 79 74 68 19 7 28 5 38 1 57 61 20 43 63 31 34 55 36 12 76 14 50 27 32 29 21 47 8 23 6 64 25 17 65 52 35 60 72 75 39 53 62 59 11 
1 46 6 74 50 59 28 56 67 9 45 60 14 30 8 40 53 4 5 57 51 35 36 12 80 31 75 81 72 34 78 21 65 37 39 20 66 43 42 17 49 55 58 41 64 2 22 70 15 27 16 79 23 13 3 68 19 62 44 24 26 10 77 61 11 38 7 76 48 69 71 29 73 33 25 54 63 18 52 32 47 
14 22 16 45 13 66 42 53 58 71 65 39 10 49 25 19 48 47 59 77 68 3 8 69 56 61 27 52 18 1 9 73 7 36 26 35 62 54 30 23 70 24 67 76 33 28 50 41 78 51 46 44 81 11 20 43 2 63 6 55 40 75 4 57 72 80 32 60 37 34 15 79 21 29 31 12 17 5 74 38 64 
23 27 75 81 35 60 20 31 7 67 29 24 21 57 28 59 62 80 10 58 54 6 4 65 38 2 63 68 33 46 19 74 71 66 51 32 40 47 45 61 50 36 12 22 72 3 17 69 52 39 37 26 14 64 11 8 15 79 25 53 78 48 18 55 73 44 13 41 77 5 43 9 34 1 42 49 16 70 56 76 30 
32 61 41 29 40 55 62 25 36 5 52 7 68 17 54 20 31 58 9 37 18 72 66 74 11 13 44 59 70 77 43 50 47 23 79 56 75 21 39 10 2 8 27 1 71 53 38 73 48 49 60 24 6 76 34 30 80 64 33 69 67 65 16 4 45 42 19 12 26 63 35 28 46 22 81 51 57 15 78 3 14 
37 34 65 52 12 79 19 8 77 74 73 13 16 38 15 36 27 22 42 23 14 60 50 29 39 53 41 57 64 63 25 2 48 61 76 31 32 11 6 69 3 78 35 46 56 54 62 18 4 75 67 21 80 72 71 5 49 81 59 66 28 17 47 30 70 1 20 68 10 51 40 33 7 58 9 55 43 45 24 26 44 
73 39 26 51 38 11 44 68 5 75 18 50 1 32 79 76 33 23 47 30 43 64 24 28 62 48 34 17 10 15 80 12 67 55 8 40 16 53 4 29 63 9 59 14 52 65 45 7 71 25 42 19 74 56 35 22 58 70 57 31 72 37 60 27 36 49 54 3 46 78 21 81 2 6 77 13 69 41 66 61 20 
76 30 17 15 43 2 63 24 57 69 26 78 81 64 6 3 46 72 49 33 7 21 25 55 71 70 19 11 44 38 53 62 5 60 29 45 13 73 31 34 20 77 37 80 65 9 12 32 68 47 36 35 10 58 54 1 51 42 52 41 74 61 23 18 16 14 56 66 39 59 75 22 50 67 48 4 28 8 40 27 79 
50 41 14 27 8 53 23 49 32 56 21 62 44 22 38 72 63 34 74 4 48 30 12 5 13 10 25 37 2 39 52 33 73 45 19 64 31 71 3 77 40 43 68 66 69 81 15 75 16 7 20 1 59 42 29 60 24 46 58 28 79 26 9 54 78 67 70 80 6 18 57 17 11 35 55 65 47 76 51 36 61 
25 36 45 57 28 54 2 63 3 26 33 77 27 19 64 80 8 40 58 46 44 1 17 51 79 76 15 7 61 18 62 59 24 16 22 74 65 52 9 42 39 73 47 49 30 6 37 38 10 29 50 56 71 60 68 78 31 4 12 11 55 14 69 41 43 66 35 75 53 23 48 13 67 21 34 5 32 81 20 72 70 
20 38 22 7 52 15 65 33 35 41 42 75 47 6 68 24 30 50 26 32 67 43 18 34 27 23 3 80 36 53 58 40 54 51 60 69 81 10 62 57 59 64 46 55 5 11 72 76 31 12 45 78 77 19 8 48 61 39 49 73 70 56 13 16 21 79 1 44 74 9 28 14 29 63 2 37 71 66 4 17 25 
47 66 43 13 42 48 39 80 37 28 12 10 5 65 2 78 76 73 75 61 62 69 71 21 24 81 16 44 68 56 6 34 50 79 57 46 27 51 35 1 60 53 17 45 67 55 26 49 74 3 25 41 64 70 38 52 72 36 63 30 33 23 19 8 58 11 4 32 29 40 20 31 9 77 22 18 15 54 14 7 59 
56 58 4 77 46 78 68 69 61 53 15 9 49 51 59 71 13 36 2 39 40 11 65 20 45 54 35 38 55 72 47 66 29 41 75 25 79 19 76 80 48 16 6 7 70 18 21 14 27 17 73 33 32 24 44 62 10 67 3 81 34 1 57 42 50 37 26 5 22 64 12 63 30 74 52 8 23 28 60 43 31 
6 81 10 70 62 76 12 19 73 79 1 4 58 23 31 55 43 60 56 28 29 57 68 72 37 7 66 20 63 27 67 9 11 48 32 5 14 78 75 24 26 2 38 34 41 36 40 8 80 53 44 54 52 22 25 21 16 74 35 18 15 64 17 49 65 47 51 71 30 61 59 77 33 13 39 3 45 46 42 69 50 
17 67 59 79 30 74 72 51 40 11 32 70 37 18 39 69 25 16 77 42 19 47 60 36 53 33 80 10 78 23 14 28 26 31 49 4 20 50 29 63 54 22 21 8 61 57 35 43 62 58 9 13 46 5 41 2 66 65 27 76 45 6 71 15 55 52 3 81 68 38 34 7 24 44 56 48 1 73 75 64 12 
31 24 21 1 75 71 29 16 60 7 20 14 48 74 81 66 61 67 50 52 64 55 73 38 78 6 9 13 17 43 70 35 77 65 3 8 15 12 32 11 28 44 56 18 25 79 39 4 23 63 34 69 68 30 59 80 5 47 42 54 37 22 51 45 10 46 2 27 72 33 76 36 57 40 19 26 58 62 41 49 53 
9 44 34 5 11 26 55 18 64 54 46 45 29 3 35 17 57 52 8 59 41 14 63 70 31 49 22 15 21 42 1 71 76 81 30 12 23 58 37 72 4 74 33 13 36 48 65 66 2 67 51 28 61 47 40 32 75 77 7 50 53 43 20 39 62 56 69 24 73 19 25 60 16 78 38 10 27 68 80 79 6 
42 40 55 59 34 45 38 14 72 10 4 22 6 11 23 50 73 61 53 21 69 67 35 9 65 41 24 60 30 80 48 68 28 18 78 54 49 64 2 44 74 46 19 17 43 76 32 63 37 56 47 66 36 16 5 39 27 57 26 1 29 77 58 31 52 71 15 13 33 20 62 3 75 12 79 81 8 25 70 51 7 
21 47 79 41 7 37 57 5 44 13 69 19 64 81 30 45 17 78 18 48 3 33 70 60 26 29 49 35 16 4 50 61 38 53 25 55 68 6 36 15 65 72 40 73 58 8 42 10 12 11 2 59 67 75 31 76 62 71 28 63 9 51 52 34 77 54 39 22 80 66 46 27 14 56 20 43 74 24 32 23 1 
35 3 9 31 18 77 81 23 68 62 75 46 39 26 27 32 65 14 51 10 47 4 56 42 44 72 12 1 8 2 15 70 17 63 52 57 45 30 34 66 13 76 11 28 53 29 73 80 60 71 79 49 25 40 55 20 21 16 74 61 43 50 38 37 64 7 24 78 5 48 41 58 6 59 54 36 33 69 67 19 22 
28 63 46 54 51 36 11 75 16 52 53 29 60 15 47 18 7 5 30 66 59 8 23 76 34 45 32 65 62 20 26 42 40 44 56 13 57 27 24 38 22 37 69 39 55 64 61 35 9 4 43 14 58 74 19 33 78 80 2 3 12 67 48 81 25 70 49 10 79 68 6 1 41 17 21 71 31 50 72 77 73 
2 43 62 17 66 73 8 30 19 16 57 56 74 58 48 9 59 25 61 81 1 52 37 46 77 78 36 75 7 64 32 11 33 12 72 47 42 5 20 41 31 80 4 71 14 45 27 39 6 23 21 38 65 34 49 24 70 68 22 79 60 53 54 26 40 50 76 29 69 55 67 51 63 15 3 28 44 13 18 10 35 
71 50 64 61 26 69 52 10 6 40 43 51 34 68 42 79 35 63 54 80 57 22 20 62 19 28 74 73 5 9 36 27 46 76 67 59 78 77 12 56 21 23 3 70 32 24 41 31 33 1 72 7 55 81 15 37 30 66 11 25 44 13 65 75 18 53 17 4 45 14 8 38 58 48 47 16 2 49 29 39 60 
22 78 67 80 76 1 49 20 48 31 2 54 55 24 77 12 41 44 68 27 38 5 43 58 17 71 11 45 79 74 39 14 10 34 66 81 59 29 18 25 33 60 52 63 75 19 30 51 3 70 13 15 53 50 47 69 35 40 8 6 46 36 7 28 61 73 72 16 23 21 56 32 62 37 65 57 26 9 64 4 42 
15 29 25 12 58 33 24 74 4 38 66 71 76 67 49 1 28 70 14 31 75 73 39 13 40 63 2 19 3 51 22 23 43 21 6 37 50 35 8 7 62 81 79 26 16 69 20 78 18 52 77 46 54 48 72 17 34 59 10 56 41 32 64 65 9 36 42 30 44 47 60 57 55 45 80 53 5 61 11 68 27 
27 65 13 60 53 32 70 39 56 37 72 3 80 36 21 8 20 33 16 50 6 25 55 7 15 79 64 77 29 58 31 69 49 24 71 41 54 61 51 67 47 10 1 9 48 62 44 68 57 26 22 17 5 28 23 81 14 45 75 4 18 73 42 63 19 59 11 35 12 74 2 43 38 66 30 46 40 34 76 52 78 
61 49 32 3 15 5 79 9 43 65 81 12 78 75 16 26 24 57 66 56 45 70 77 71 76 74 18 4 50 47 17 38 8 62 59 11 21 63 27 64 36 20 22 60 39 10 14 53 54 30 31 42 44 25 6 72 68 35 69 7 19 55 34 33 80 29 52 46 67 37 23 48 13 73 58 40 51 1 2 28 41 
54 59 47 8 73 67 31 60 50 51 9 44 52 2 11 21 74 29 24 12 65 27 1 3 30 68 48 49 42 78 69 10 34 7 70 76 33 66 16 79 61 58 14 53 40 17 75 46 26 37 35 72 39 38 64 71 36 41 5 57 13 62 43 20 28 15 25 63 18 45 4 55 32 81 6 19 77 22 23 80 56 
39 42 57 40 22 4 58 38 46 25 35 64 69 71 10 67 18 27 81 16 80 49 44 32 28 5 73 33 53 66 75 51 20 77 74 36 55 17 72 59 7 29 62 54 47 13 70 21 24 41 19 60 3 65 2 79 23 78 45 37 30 15 56 9 6 61 8 1 34 50 31 68 26 52 11 76 48 14 12 63 43 
75 21 27 71 81 30 7 45 13 23 36 72 73 63 1 28 50 77 57 53 60 59 33 67 6 19 20 25 65 41 68 29 22 54 12 26 48 74 44 70 9 69 34 56 80 16 2 15 8 64 58 62 43 51 32 18 40 11 47 46 76 52 31 66 38 24 14 49 35 79 78 39 37 3 61 17 4 55 5 42 10 
68 55 33 53 17 18 80 1 74 43 40 31 46 42 76 56 70 6 52 25 34 36 58 10 64 51 61 14 37 60 3 44 81 9 63 79 41 4 5 65 45 35 57 11 15 32 28 23 49 78 71 77 73 7 48 75 50 38 39 26 16 66 67 21 54 69 22 19 13 2 72 12 27 24 29 62 30 20 59 47 8 
26 10 56 16 6 70 14 48 69 68 61 34 54 8 62 38 37 59 63 35 23 2 72 40 50 17 13 24 19 32 27 64 45 71 73 28 30 3 77 52 43 49 75 78 31 74 18 55 79 66 4 20 22 1 9 25 42 21 80 44 81 12 29 36 76 51 5 47 11 58 53 41 39 46 57 7 65 60 15 33 67 
72 25 51 66 65 24 77 11 29 20 41 48 3 7 80 14 19 55 78 54 22 62 26 31 46 9 47 30 56 57 61 39 23 58 35 15 38 37 68 2 10 12 13 32 50 40 67 5 34 36 52 6 76 33 70 63 17 8 4 49 1 28 73 43 81 60 27 42 59 44 74 64 79 75 53 45 18 16 69 21 71 
19 52 23 2 78 12 35 28 41 15 13 53 45 5 60 22 58 66 4 79 8 75 69 39 42 38 37 21 43 48 16 72 55 40 31 1 76 67 71 18 24 26 51 6 46 63 80 11 29 81 27 47 57 9 77 59 54 3 20 14 65 33 61 17 32 10 62 56 70 30 7 73 44 68 64 74 49 36 25 50 34 
44 64 36 37 20 63 34 76 62 17 39 79 30 33 4 47 49 32 21 7 55 29 11 41 43 15 14 5 6 67 18 52 2 13 46 80 8 1 73 81 23 25 42 19 28 68 59 50 69 48 61 12 56 45 74 51 60 22 53 58 10 24 27 71 75 26 57 65 16 77 3 40 70 54 35 9 72 78 38 31 66 
13 62 81 23 14 7 18 37 31 21 50 36 56 35 69 29 68 65 79 72 74 26 40 43 48 11 28 2 58 52 51 22 75 33 77 66 12 20 46 73 57 41 39 15 63 80 16 3 47 61 10 53 70 59 30 54 44 34 67 32 64 60 25 6 42 17 9 55 27 8 5 78 49 4 1 38 76 19 45 71 24 
11 80 8 55 69 50 5 3 24 64 67 6 22 4 40 30 81 75 20 68 70 42 10 33 58 66 21 61 26 7 60 76 19 27 28 18 34 32 79 74 44 47 71 36 78 35 56 45 51 38 1 23 17 15 13 41 73 72 48 52 39 9 37 62 49 16 77 14 65 25 29 54 43 53 46 63 59 57 31 12 2 
38 2 12 4 63 28 59 70 78 24 27 58 32 14 52 16 42 51 65 44 77 45 57 75 35 73 69 41 40 6 64 43 9 49 15 72 80 48 60 31 56 3 18 30 54 5 25 29 36 74 76 11 62 39 46 19 33 55 71 68 17 47 10 13 79 22 21 34 7 53 1 61 81 8 50 67 20 23 37 66 26 
52 45 74 9 49 6 43 42 22 8 80 76 26 77 7 33 3 37 41 29 61 19 51 2 81 1 54 32 71 73 11 47 39 67 55 65 25 28 13 16 35 59 50 68 24 60 66 20 44 34 48 40 69 31 53 23 12 18 79 38 62 57 78 10 46 30 58 70 56 72 63 4 15 27 14 64 36 21 17 75 5 
33 56 30 46 32 16 26 77 75 70 55 57 53 66 34 54 23 9 31 38 27 13 76 14 25 3 6 78 48 17 12 8 74 29 1 62 67 2 10 5 52 4 81 64 19 22 43 58 28 79 7 18 41 37 63 49 59 61 24 15 42 21 45 50 71 68 47 36 40 73 39 20 60 65 69 35 80 72 44 11 51 
79 19 20 58 10 35 36 27 76 63 48 74 41 44 71 5 12 1 64 55 32 23 47 80 9 8 59 42 57 50 4 31 56 46 13 68 11 69 66 53 17 21 70 62 45 72 78 2 65 14 75 81 49 54 28 29 77 6 40 43 51 16 22 60 37 18 38 26 15 24 33 67 61 7 73 25 34 52 3 30 39 
48 51 60 64 21 17 61 40 53 78 25 18 19 79 20 46 11 38 71 67 15 39 62 52 63 24 7 34 59 16 54 36 44 5 37 3 43 49 23 9 1 42 29 72 22 73 68 27 32 57 26 30 12 77 56 66 4 50 14 65 80 8 76 74 31 41 81 2 75 35 45 69 28 10 13 47 70 6 33 58 55 
34 1 72 68 39 47 71 66 15 45 31 17 13 43 73 2 60 28 46 49 37 16 30 53 18 56 78 63 80 25 21 20 69 38 10 70 61 8 65 6 27 14 76 75 77 50 19 67 55 24 64 9 33 4 81 58 3 26 36 35 7 74 5 23 51 57 12 48 52 11 44 59 22 41 32 42 54 29 79 62 40 
57 73 29 44 25 41 67 65 54 72 47 49 15 59 61 39 10 62 36 17 5 50 34 4 22 12 60 53 35 79 81 45 30 14 24 23 7 55 40 58 51 38 26 33 37 21 13 52 42 6 8 71 63 46 69 70 1 27 31 20 75 11 2 64 66 76 80 28 3 43 32 19 68 16 78 56 9 48 77 18 74 
################proper############## 

 average_time = 132.736282 

 success runs = 1 

 total average iters = 2099983.000000 
