Success!!! 
 
 max_col = 
 81 
 
 run_time = 
 103.911548 
 
 once iters = 
 1603814 
 
68 81 48 50 79 32 57 52 4 35 8 27 5 12 33 23 3 1 39 54 24 56 61 67 71 34 13 45 10 42 60 73 18 16 29 20 31 36 55 26 44 43 25 14 28 62 78 59 22 7 77 21 38 76 51 40 9 58 11 74 49 41 63 46 19 37 80 64 70 47 65 66 53 30 17 6 2 15 69 75 72 
14 69 9 61 76 12 53 19 43 56 80 38 70 52 45 46 17 57 21 64 74 1 55 49 22 2 47 44 54 58 41 68 59 34 36 75 42 8 30 11 3 37 33 78 66 65 40 13 4 60 71 73 63 26 7 27 31 18 77 10 15 35 6 62 28 5 24 23 67 72 20 29 50 16 79 48 39 25 81 51 32 
22 70 80 60 55 54 5 59 78 73 42 69 37 72 31 15 47 77 20 51 45 11 58 27 38 6 46 1 57 25 79 52 14 7 4 81 35 12 68 17 49 65 32 63 24 66 53 64 18 67 44 34 43 9 36 19 29 75 39 30 21 61 23 10 41 76 40 8 50 2 16 48 3 13 33 62 71 28 56 74 26 
65 27 74 63 36 75 39 23 46 51 11 21 67 79 68 81 30 6 18 42 76 31 5 78 66 60 28 64 48 3 12 71 22 15 8 62 47 77 58 72 54 7 59 80 38 61 20 33 16 57 50 29 70 45 52 26 32 2 17 4 69 56 37 9 35 25 13 14 55 43 1 53 41 73 44 49 34 10 24 40 19 
42 20 13 56 72 26 66 25 40 64 49 18 16 53 44 4 24 2 68 48 63 69 12 32 17 10 65 74 33 19 50 47 11 43 23 5 41 73 71 79 1 46 52 62 67 6 75 58 14 39 8 27 37 51 38 81 80 54 70 45 34 55 28 60 3 22 57 7 59 21 30 15 76 35 31 29 61 9 78 36 77 
45 11 7 64 15 2 34 47 67 60 39 14 28 74 20 50 41 62 23 59 73 79 40 19 43 29 9 61 49 69 37 70 35 13 26 55 10 48 18 6 22 51 53 76 27 30 25 56 80 17 32 36 1 12 44 42 72 46 24 57 78 3 16 33 81 31 68 77 71 54 75 63 66 4 52 21 58 65 8 38 5 
6 18 17 62 51 41 29 35 30 54 25 32 75 78 26 48 40 76 15 7 8 16 37 52 57 44 50 9 27 56 28 72 21 77 66 31 34 13 70 45 60 4 64 2 19 24 49 3 46 81 23 11 10 74 20 65 53 59 33 5 67 71 73 38 58 36 39 42 12 69 61 79 68 80 22 14 1 55 63 47 43 
10 37 73 31 77 58 33 71 1 66 55 59 29 61 22 63 65 7 36 14 81 80 35 26 3 72 70 6 30 32 38 51 46 76 53 24 56 21 40 75 5 39 15 9 16 19 42 41 48 2 28 79 68 69 50 43 25 8 62 60 64 47 13 44 52 49 17 78 34 4 18 74 12 57 45 54 67 27 23 11 20 
21 44 8 24 49 28 16 38 3 34 9 58 36 19 10 43 13 71 33 53 41 25 77 75 30 62 4 78 80 17 67 39 65 40 63 2 57 29 69 23 61 50 20 74 81 5 35 72 31 47 55 52 15 54 1 66 12 22 48 79 76 68 14 51 45 6 26 11 32 27 56 73 64 60 18 42 7 46 37 59 70 
77 54 11 9 6 14 75 2 21 20 19 51 15 76 73 17 66 28 63 49 29 38 3 31 46 36 24 60 1 8 59 62 16 4 37 69 72 56 64 18 41 70 78 52 12 40 39 80 55 74 13 47 35 50 53 25 57 67 58 68 81 42 48 26 7 27 71 34 61 32 10 22 65 79 30 33 45 5 43 44 23 
27 36 78 7 16 56 81 10 35 23 5 46 60 1 64 38 75 48 40 74 25 13 41 12 58 14 67 63 77 73 72 50 55 39 49 6 11 69 47 20 21 33 66 65 71 28 2 18 30 3 61 44 52 8 17 22 26 37 80 62 9 70 32 19 54 79 43 45 15 24 53 68 57 76 29 51 31 4 42 34 59 
49 41 45 69 13 62 38 74 76 29 71 39 11 27 18 7 67 16 77 44 53 22 9 20 47 79 19 31 43 64 78 35 12 57 51 33 73 26 24 48 25 55 30 61 15 68 1 60 65 42 34 5 6 46 56 54 10 36 23 52 2 75 8 50 4 58 59 63 3 40 14 80 70 37 72 17 28 81 32 21 66 
24 55 25 53 71 68 3 58 47 72 2 61 31 80 14 70 49 26 52 81 34 6 17 4 7 15 1 28 44 66 56 21 32 65 5 74 23 60 51 67 16 9 79 75 13 29 11 76 45 20 10 59 73 43 40 46 69 63 64 27 50 39 30 35 42 78 48 33 57 37 12 18 19 36 54 38 77 62 22 8 41 
30 39 19 20 59 33 72 70 64 12 74 42 25 4 41 36 44 3 26 23 75 2 32 60 56 61 35 68 79 18 11 14 15 9 17 10 50 57 7 22 38 8 31 43 53 54 77 66 63 27 37 16 81 48 78 21 47 76 5 34 24 73 45 28 29 13 55 49 52 65 62 51 58 69 67 40 6 80 1 71 46 
66 22 44 23 63 61 79 4 60 50 69 81 30 33 65 10 37 52 55 43 57 59 73 28 76 18 62 36 67 46 34 45 75 24 54 41 80 19 32 29 27 42 5 58 40 31 26 71 12 78 38 17 72 7 49 20 35 51 3 15 11 1 74 8 77 47 6 56 21 70 25 64 13 68 2 9 48 53 14 16 39 
28 29 46 67 43 15 1 5 37 24 35 34 68 54 57 40 63 9 45 27 80 48 71 70 8 21 33 23 25 22 42 58 13 52 38 19 14 6 62 76 17 74 49 81 3 4 79 51 56 32 53 75 36 64 12 59 77 72 7 44 55 65 66 31 30 39 69 73 16 60 41 2 26 18 78 20 50 11 47 10 61 
12 26 52 73 42 17 40 80 31 8 45 53 47 13 58 22 77 32 78 5 50 51 68 30 69 65 10 48 20 7 76 27 70 61 81 3 59 54 35 2 37 44 39 34 4 67 19 57 21 24 41 62 33 15 18 16 28 43 6 71 14 29 79 66 38 46 11 36 1 23 9 72 63 64 56 55 25 74 75 60 49 
51 34 32 48 65 50 8 18 57 21 43 6 78 62 79 56 59 55 11 72 16 54 42 66 64 37 39 47 29 71 53 80 26 2 40 30 68 1 63 28 77 45 46 10 36 69 23 9 58 49 14 22 25 70 33 4 13 60 31 19 41 38 61 67 75 20 74 17 76 81 5 44 15 7 35 3 27 52 73 12 24 
78 31 55 49 74 9 58 73 7 63 65 79 66 36 11 18 60 54 42 61 23 46 28 44 53 59 75 5 4 72 80 19 3 67 70 34 81 47 38 51 15 41 22 69 43 50 29 48 35 21 6 32 24 77 39 57 30 25 13 17 33 40 62 71 68 64 12 2 27 52 8 20 14 1 26 76 10 37 45 56 16 
13 62 27 16 47 30 77 12 70 41 73 44 23 45 24 29 81 40 54 18 37 58 6 10 31 56 63 59 32 39 68 17 9 28 7 1 74 14 20 19 71 34 42 3 11 36 57 26 33 4 64 66 53 79 69 8 43 5 55 61 48 60 49 76 50 38 46 67 72 75 22 21 2 25 65 80 78 35 15 52 51 
54 46 29 41 57 18 43 72 52 9 27 50 34 47 28 59 19 68 51 16 69 3 36 14 78 67 25 10 62 26 33 12 71 64 48 11 60 4 66 37 53 5 44 32 75 17 38 15 42 8 20 45 56 61 22 6 76 65 2 35 74 80 58 40 31 30 1 39 79 49 63 81 21 23 7 24 13 77 70 55 73 
36 23 66 59 53 25 48 32 8 70 76 15 2 22 39 37 35 21 38 80 49 74 19 81 9 77 41 57 52 44 75 30 78 18 27 16 61 68 67 31 46 56 62 7 73 13 43 10 69 14 63 71 11 60 28 64 50 24 51 29 1 72 54 55 34 26 3 65 33 5 4 45 6 47 20 58 12 42 40 79 17 
34 51 38 17 21 39 68 24 19 5 13 43 80 64 4 42 8 75 47 76 33 7 52 1 79 20 15 2 66 50 55 56 36 53 31 22 40 9 6 27 70 58 48 29 77 72 74 62 73 46 54 30 23 65 3 37 78 10 16 26 12 45 41 61 44 14 35 28 25 59 69 11 67 81 57 32 60 63 49 18 71 
67 15 10 71 14 44 65 81 50 7 61 48 58 32 62 16 55 69 72 35 5 26 66 57 45 30 29 54 74 24 25 6 37 38 60 42 76 39 8 52 12 28 2 36 64 49 68 22 40 80 27 1 78 34 19 73 20 21 79 63 70 46 56 13 23 77 41 18 17 53 51 47 9 11 3 59 75 31 4 43 33 
60 2 56 6 1 76 28 64 75 26 14 10 52 3 71 33 53 17 34 62 4 40 22 65 12 43 73 77 13 35 69 49 51 20 61 45 16 23 59 55 79 57 72 21 63 41 70 47 44 5 25 81 18 37 32 68 67 9 38 11 42 15 31 80 78 54 66 24 7 36 48 58 74 50 8 30 19 39 46 29 27 
33 35 79 45 80 4 22 37 61 31 46 72 51 67 77 20 57 25 70 32 13 17 48 2 39 27 11 65 40 29 14 8 23 21 15 63 1 18 49 78 10 24 26 30 50 7 52 12 19 76 3 58 9 55 66 34 71 47 44 53 75 81 59 6 74 56 60 43 62 16 73 42 36 38 5 69 54 64 28 41 68 
11 40 63 5 26 69 20 3 42 38 12 56 49 6 78 30 1 74 64 50 21 24 8 71 55 68 60 81 41 79 47 76 73 46 58 43 65 35 54 13 33 25 17 45 80 2 31 75 28 59 39 51 16 67 23 18 7 4 14 77 36 27 52 37 70 19 29 32 10 57 15 9 72 34 61 66 22 44 48 62 53 
37 63 34 66 44 31 14 39 38 10 18 29 73 17 8 68 54 60 6 20 52 5 45 25 19 76 71 26 50 77 43 41 4 72 46 64 36 3 53 33 40 61 70 24 49 32 58 16 27 11 62 56 30 47 80 12 42 81 15 28 35 79 75 7 13 48 21 51 69 22 55 67 23 2 59 65 9 78 74 57 1 
25 65 3 33 52 46 7 68 10 49 26 16 57 35 51 80 50 61 37 21 59 63 56 77 48 64 78 24 38 14 66 36 5 70 6 53 17 2 34 73 67 20 11 72 39 42 4 8 79 28 74 41 31 19 71 55 45 1 47 22 23 13 76 30 60 43 32 75 9 58 44 62 29 40 69 27 81 18 54 15 12 
62 17 54 72 58 57 11 16 28 2 78 66 41 59 12 34 48 42 3 30 44 67 10 55 74 70 23 7 73 81 40 29 19 45 68 25 69 27 77 14 4 64 60 47 31 21 22 43 51 65 52 18 61 24 6 50 33 20 63 9 53 8 5 79 49 1 15 80 35 56 71 38 37 46 39 36 76 13 26 32 75 
50 9 75 42 29 80 27 77 48 58 15 65 55 30 56 47 70 13 53 41 60 72 81 33 1 17 16 79 34 28 39 22 20 44 62 52 32 7 43 38 19 12 18 37 76 45 64 63 23 66 5 69 2 40 74 78 24 49 36 21 26 4 25 68 57 3 8 59 54 11 46 61 10 14 6 67 35 51 71 73 31 
41 79 43 81 69 23 35 76 6 1 40 24 72 7 75 71 21 20 62 9 18 61 29 42 4 46 12 80 51 74 15 11 60 48 13 58 54 55 25 8 68 22 65 44 5 34 50 38 36 26 78 49 39 59 57 32 19 77 67 3 73 14 27 64 10 2 31 66 37 45 17 16 47 63 28 56 52 70 53 33 30 
70 8 59 1 19 5 71 53 26 11 81 3 63 28 9 39 79 22 27 65 43 75 47 36 50 80 58 67 17 57 31 61 69 33 32 54 45 74 42 10 30 66 35 48 78 55 37 68 76 13 15 14 77 25 64 52 16 38 56 51 60 2 46 23 20 12 73 72 6 18 29 40 49 44 62 4 21 7 41 24 34 
74 60 18 47 67 51 78 30 55 43 32 4 6 31 36 53 45 64 13 15 39 28 14 24 54 57 7 37 16 75 2 1 49 12 59 65 46 79 21 71 23 29 41 50 56 48 10 35 81 73 9 70 3 20 68 61 62 44 40 69 66 11 17 27 63 33 34 25 42 76 26 52 80 77 19 72 8 38 58 5 22 
15 61 64 32 22 45 12 13 73 33 52 5 38 37 74 14 25 27 69 26 40 49 79 51 35 8 2 30 76 47 23 10 63 56 78 21 75 59 9 16 28 6 1 57 62 53 54 44 67 71 80 60 46 72 41 31 58 34 65 18 7 43 29 4 39 81 36 50 24 77 19 70 17 55 42 11 68 48 20 66 3 
2 49 4 36 24 40 21 20 56 44 77 19 69 46 76 67 62 23 22 66 68 73 34 38 11 32 31 71 8 27 9 55 42 3 35 18 13 51 26 80 58 63 81 15 52 12 33 17 7 1 75 6 57 29 48 72 59 30 10 70 37 54 39 41 14 28 47 53 5 74 78 65 60 45 25 16 64 43 50 61 79 
63 21 16 40 54 20 31 66 29 67 59 52 26 18 5 62 38 49 75 22 17 71 69 72 36 81 57 33 6 23 48 79 68 30 28 13 37 65 4 56 64 27 34 41 46 51 7 74 24 35 58 19 55 44 47 3 14 42 53 50 25 78 77 1 15 60 45 70 39 80 11 8 61 10 12 43 32 73 9 76 2 
59 1 60 4 35 67 51 9 15 27 63 17 7 65 6 24 2 45 16 10 3 62 11 13 41 55 30 58 64 37 81 26 43 42 56 78 19 75 44 61 29 71 28 33 57 22 73 50 70 36 12 48 76 53 54 38 23 39 32 40 52 5 68 77 18 74 49 21 20 46 72 31 34 8 14 25 47 66 79 80 69 
71 80 50 46 64 34 49 48 45 13 79 70 32 73 47 51 11 78 31 40 77 60 43 58 18 35 14 29 39 20 36 7 53 5 25 15 24 38 10 69 76 23 8 26 54 3 21 61 72 6 66 63 65 56 62 2 37 57 75 81 44 59 19 12 33 4 42 41 22 9 27 30 55 67 16 28 74 1 17 68 52 
55 32 28 11 39 74 36 42 68 25 30 77 50 69 60 72 29 33 73 34 67 21 59 76 65 7 61 3 12 40 45 2 8 19 22 57 70 20 31 5 66 78 80 6 14 23 9 46 15 41 17 37 27 75 13 79 48 71 26 1 4 10 64 54 43 52 16 47 44 63 58 35 38 53 24 81 51 56 62 49 18 
5 25 2 26 38 3 19 41 69 57 21 37 54 81 80 8 68 14 12 6 32 45 70 53 63 1 42 66 24 10 27 75 72 11 44 35 52 49 50 9 51 17 47 40 7 59 60 77 39 79 18 43 13 28 16 33 74 56 20 65 61 30 67 34 76 23 62 48 78 73 64 55 4 71 58 15 36 22 31 46 29 
79 47 23 14 30 81 62 22 58 3 53 36 1 44 40 9 39 19 74 38 51 37 33 50 52 24 5 46 65 16 61 59 17 49 21 60 18 43 72 15 32 67 12 11 45 25 69 4 20 64 31 68 8 78 27 76 66 73 35 55 29 34 80 2 71 75 10 13 56 7 28 57 54 48 70 26 41 6 77 42 63 
72 57 24 78 27 53 17 43 13 16 34 20 12 56 42 35 10 4 49 28 46 47 54 68 80 66 64 76 18 41 70 38 62 74 55 32 3 63 39 59 73 48 77 22 58 1 71 2 52 29 33 26 67 11 21 36 60 31 9 8 6 69 15 81 25 61 51 19 14 79 50 37 5 65 75 23 44 45 7 30 40 
56 76 12 75 61 10 70 44 33 46 28 22 43 23 66 64 15 41 4 8 48 39 25 79 27 9 26 52 31 67 73 63 77 71 47 80 2 16 74 62 55 68 36 1 60 81 34 14 38 54 49 57 42 30 58 24 11 7 45 72 17 51 18 69 6 29 65 5 53 3 40 32 78 21 37 19 20 59 13 50 35 
73 7 6 18 37 65 52 8 77 71 75 31 76 55 48 74 61 58 19 29 56 20 2 15 23 78 44 69 9 4 54 34 50 51 1 14 79 30 81 35 13 53 21 42 25 16 47 45 5 62 40 80 32 10 63 70 49 28 22 41 46 12 43 17 26 59 67 68 66 38 24 36 33 39 27 60 57 72 64 3 11 
19 16 51 76 10 7 23 55 32 81 41 13 61 8 29 77 58 80 44 12 2 50 30 5 73 22 66 34 75 36 57 64 27 69 67 72 38 62 28 25 47 21 37 4 35 74 65 52 54 53 42 9 48 39 43 14 6 68 71 31 79 24 33 49 46 18 63 26 40 20 59 1 56 78 11 45 15 17 3 70 60 
52 59 39 27 73 78 24 21 14 68 38 11 40 15 1 19 72 37 56 77 26 23 20 45 62 33 53 55 71 43 58 3 28 60 9 46 30 70 75 49 2 16 10 13 17 80 44 31 8 25 7 50 12 6 4 35 63 61 81 36 5 66 47 65 51 67 22 79 64 42 57 34 32 29 41 74 18 69 76 54 48 
47 72 15 30 75 38 64 62 20 6 50 60 3 43 49 66 52 73 24 69 65 8 13 35 59 19 68 39 37 76 5 81 56 25 41 61 63 33 23 74 48 1 67 53 26 71 28 79 78 10 21 2 22 18 70 77 27 45 34 42 58 44 57 14 12 32 4 54 11 29 80 17 46 9 36 7 40 16 51 31 55 
46 67 33 37 25 42 54 6 22 48 47 28 27 9 35 12 5 31 79 39 36 43 16 7 70 11 72 53 63 2 19 40 66 68 50 49 78 58 14 44 52 69 24 55 34 60 51 1 57 30 4 76 29 81 10 62 17 64 8 32 3 18 26 74 56 71 38 15 73 41 45 13 59 20 80 75 23 61 65 77 21 
57 56 35 65 9 71 45 11 66 4 17 74 24 34 55 26 76 10 60 47 6 52 18 64 25 28 27 73 42 51 21 16 44 31 12 48 43 80 61 3 50 36 68 46 20 58 67 32 75 15 59 23 41 33 37 69 54 29 19 49 38 7 40 5 8 70 77 62 30 78 2 39 81 22 13 53 63 79 72 1 14 
31 4 70 8 41 63 26 40 53 78 20 67 64 16 46 44 18 36 29 1 61 57 51 17 34 49 54 14 47 15 62 23 10 6 45 38 9 71 79 60 42 32 76 39 59 43 72 5 77 56 19 3 69 13 2 11 65 52 74 12 80 25 22 21 48 50 37 81 75 55 66 7 24 58 68 73 30 33 35 27 28 
43 50 69 3 2 29 80 49 17 75 70 57 56 63 21 65 51 59 46 71 9 42 15 74 14 40 38 18 78 13 7 54 79 32 30 4 5 66 19 77 31 81 27 73 22 37 62 11 64 55 24 61 45 35 76 67 39 41 60 48 20 16 1 58 36 72 53 10 28 68 23 33 44 52 34 12 26 47 6 25 8 
58 74 5 12 60 36 18 1 79 32 62 25 14 2 53 45 22 39 76 3 78 4 21 63 37 48 81 20 70 11 26 33 80 29 52 77 8 41 15 65 6 54 7 51 72 46 17 40 34 68 16 38 66 27 30 23 56 13 73 75 59 28 55 47 9 35 44 69 19 61 31 24 42 43 64 50 49 71 10 67 57 
61 28 68 77 48 13 44 34 81 30 23 33 42 71 69 54 7 79 32 75 58 55 67 41 10 31 80 8 35 65 22 24 1 17 74 59 12 11 45 40 56 18 57 64 29 47 63 73 26 70 36 20 14 49 9 51 15 78 50 46 72 21 53 52 27 16 25 3 60 6 76 43 39 5 4 37 66 19 38 2 62 
69 45 40 10 62 60 42 75 24 59 57 2 44 50 52 31 73 29 67 25 11 19 72 37 81 51 22 49 55 9 18 20 39 27 34 7 64 28 13 47 63 76 58 71 70 38 46 36 1 23 43 78 17 21 35 48 79 66 61 54 56 6 12 32 16 80 30 74 65 26 77 14 8 3 53 68 5 41 33 4 15 
18 5 53 21 33 66 59 54 44 47 68 45 74 40 30 32 16 56 14 2 15 10 76 62 20 63 36 75 28 80 8 69 24 41 43 67 27 25 73 1 35 3 4 17 65 70 61 49 60 19 51 12 7 58 72 29 52 26 46 39 71 64 9 48 22 55 78 57 81 34 79 50 77 6 38 31 42 23 11 37 13 
4 38 67 25 50 43 13 46 63 18 66 75 39 48 61 76 80 8 30 78 55 12 64 21 68 58 74 56 19 52 44 77 31 14 42 36 6 72 57 54 26 15 23 59 33 11 81 69 37 34 35 53 62 71 45 17 5 32 28 73 22 49 10 3 24 9 2 29 51 1 47 41 20 27 40 79 70 60 16 65 7 
64 19 31 39 20 11 2 79 80 65 67 26 71 38 23 21 4 72 5 73 42 66 46 6 40 16 69 32 61 68 63 53 33 35 76 12 77 10 78 7 36 30 50 60 51 15 27 28 9 18 47 74 75 14 34 41 81 55 57 37 8 62 3 56 17 45 58 44 43 13 70 59 22 54 49 1 29 24 52 48 25 
16 58 47 57 8 1 74 51 34 42 54 78 53 70 81 41 36 35 48 13 31 65 80 29 26 23 77 50 59 45 17 25 6 22 64 79 39 37 5 46 24 11 55 68 18 33 76 30 3 52 56 72 20 32 15 60 44 14 4 7 40 19 21 75 69 66 27 61 49 28 38 12 43 62 63 71 73 67 2 9 10 
35 14 71 68 3 73 56 15 23 19 7 12 22 58 43 27 34 46 41 24 38 70 49 9 28 53 18 62 21 54 10 5 57 37 65 47 44 81 16 32 45 52 69 66 48 8 13 25 6 50 29 55 79 4 42 75 1 11 59 20 77 76 2 36 64 63 72 40 31 33 67 60 30 51 74 61 80 26 39 17 78 
32 77 30 28 78 27 76 7 9 62 64 49 17 20 15 13 14 51 1 4 47 44 50 59 33 52 3 11 60 48 16 74 29 66 72 26 22 67 2 12 8 79 38 56 61 73 5 42 10 40 68 31 80 41 24 58 70 53 18 43 65 63 69 39 37 21 54 46 23 25 6 71 35 19 81 34 55 75 57 45 36 
17 48 61 29 12 52 37 65 49 55 6 1 9 10 3 25 69 5 43 60 79 27 57 54 32 75 45 70 2 38 13 4 81 78 71 23 20 34 80 53 62 40 14 31 41 39 59 24 66 22 26 77 44 63 67 30 51 33 68 47 16 74 36 42 73 11 18 35 8 15 7 19 28 72 76 46 56 50 21 64 58 
81 6 22 55 70 72 41 26 36 79 24 63 33 77 37 60 28 11 35 17 71 34 7 8 61 39 56 51 58 30 46 15 40 1 3 73 49 42 29 21 43 75 74 19 9 64 45 65 2 16 48 67 54 57 25 80 38 27 78 23 13 31 50 20 53 62 5 4 68 10 52 76 18 59 32 44 14 12 66 69 47 
3 33 14 22 5 35 32 29 59 36 10 76 48 60 34 75 46 43 81 58 70 30 26 16 44 54 51 38 69 21 4 13 67 23 57 28 15 78 37 39 20 47 71 79 1 27 18 19 61 12 72 65 64 80 8 63 40 74 66 24 31 52 7 11 62 53 9 55 41 50 42 56 25 49 73 77 17 2 68 6 45 
20 66 26 43 81 49 47 78 71 52 72 54 13 21 67 28 23 18 17 63 14 68 74 56 60 4 6 12 15 53 65 46 48 62 80 39 25 22 36 50 75 73 61 77 44 10 16 55 41 51 2 7 34 31 59 9 3 35 27 38 45 37 42 29 5 24 33 76 58 8 32 69 79 70 1 57 11 40 30 19 64 
44 10 57 34 11 48 60 61 51 37 4 9 19 49 17 69 78 24 59 45 62 64 75 43 5 42 8 35 7 63 6 66 76 47 79 29 26 31 12 58 65 2 56 38 74 77 36 20 68 33 46 13 28 52 73 53 18 50 1 25 30 32 71 22 67 40 70 16 80 39 21 54 27 15 23 41 3 14 55 72 81 
7 68 36 58 46 70 73 63 2 22 33 30 8 25 59 1 71 38 66 37 28 32 39 69 29 3 79 17 45 31 77 9 64 54 75 40 51 24 48 41 57 72 19 27 6 26 15 53 49 43 81 35 50 23 11 56 55 62 21 78 47 67 20 18 61 34 14 52 74 12 60 4 16 42 10 5 65 76 44 13 80 
38 12 37 52 40 19 55 69 72 39 56 73 62 68 63 58 32 53 71 67 35 78 23 80 24 47 34 41 81 5 1 60 30 26 20 44 4 45 76 43 11 10 54 28 42 14 3 70 74 9 57 8 59 66 61 13 64 15 29 16 51 33 65 25 2 7 79 27 77 17 49 6 75 31 48 18 46 21 36 22 50 
23 53 1 74 17 21 4 50 54 61 31 64 79 41 16 11 12 81 10 57 27 9 65 40 77 73 76 19 36 78 32 42 52 59 2 70 55 46 3 66 34 62 13 18 30 56 6 67 71 37 69 25 58 22 5 44 75 80 49 14 68 48 72 63 47 15 28 20 45 35 43 26 51 33 60 39 24 8 29 7 38 
39 24 41 79 31 6 15 67 18 74 3 55 45 57 7 5 27 47 50 52 1 36 38 48 13 25 20 72 68 61 51 43 34 73 14 8 33 64 60 63 80 49 29 16 69 44 30 21 11 75 76 42 40 17 26 28 22 70 54 2 19 77 4 78 65 10 81 71 46 66 37 23 62 32 9 35 59 58 12 53 56 
8 75 76 80 45 16 30 27 65 14 29 40 77 42 70 2 26 15 7 55 19 18 53 11 72 41 49 22 56 33 74 37 25 50 24 71 21 32 17 68 81 35 9 67 23 78 48 54 62 38 60 39 5 1 79 10 46 69 12 6 57 58 34 73 59 51 64 31 36 44 13 3 52 66 47 63 43 20 61 28 4 
9 42 77 13 56 64 25 28 62 80 51 35 65 66 50 6 20 44 2 46 22 33 31 61 15 12 21 16 3 55 49 18 58 10 11 27 7 53 52 70 14 59 40 5 8 63 24 29 32 45 79 4 47 73 81 39 36 23 41 76 43 17 60 72 1 57 19 30 38 48 68 75 69 74 71 78 37 34 67 26 54 
53 71 42 38 4 55 10 60 39 15 16 23 81 26 54 78 56 66 28 68 20 29 1 22 67 5 43 27 46 49 64 31 74 58 33 76 62 52 65 24 59 19 73 12 79 9 41 34 17 44 45 40 21 3 77 7 2 48 69 13 63 50 35 57 80 8 75 37 47 30 36 25 11 61 51 70 72 32 18 14 6 
80 43 49 70 66 37 6 33 5 17 48 8 4 24 27 73 31 63 58 11 72 77 62 18 42 38 52 15 23 34 35 57 45 55 10 50 29 61 1 30 7 13 75 54 47 79 12 39 53 69 65 64 71 2 14 74 41 19 76 67 32 9 78 59 21 68 20 60 26 51 3 28 40 56 46 22 16 36 25 81 44 
48 73 81 15 32 47 61 36 25 40 44 80 20 75 19 79 9 70 65 31 30 14 60 23 6 69 17 13 72 1 3 28 54 8 18 37 67 50 27 42 39 77 51 35 2 76 55 78 43 58 22 33 26 68 46 5 21 16 52 64 62 57 24 45 11 41 56 38 4 71 34 49 7 12 66 10 53 29 59 63 74 
76 78 72 54 18 77 67 31 74 45 58 47 46 51 32 3 43 65 80 19 64 35 24 73 75 13 37 40 26 59 52 44 7 81 16 56 71 15 22 36 69 38 6 8 21 57 66 27 50 63 70 10 4 42 60 49 68 12 25 33 28 20 11 53 79 17 61 1 29 14 39 5 48 41 55 2 62 30 34 23 9 
29 3 21 35 28 8 46 17 11 77 1 62 59 5 13 55 6 67 57 79 7 81 78 39 16 50 32 25 53 12 71 65 2 80 19 9 48 44 41 4 72 14 45 49 10 52 56 23 47 61 30 54 51 36 75 15 34 40 42 58 18 26 38 70 66 69 76 22 63 31 74 27 73 24 43 64 33 68 60 20 37 
1 30 20 44 34 22 69 57 27 53 60 41 18 11 2 49 64 50 25 56 12 76 63 46 21 71 48 43 14 70 29 32 61 79 39 68 66 40 33 81 9 26 16 23 37 35 8 7 59 77 67 28 74 5 65 45 4 17 72 80 10 36 51 24 55 73 52 6 13 62 54 78 31 75 15 47 38 3 19 58 42 
75 64 65 2 23 59 9 45 41 28 22 68 10 39 72 61 42 30 8 70 54 15 4 3 51 26 40 21 5 62 20 78 47 36 69 66 58 76 46 34 74 60 63 25 55 18 14 37 13 31 11 24 49 38 29 71 73 6 43 56 27 53 81 16 32 44 7 12 48 19 33 77 1 17 50 52 79 57 80 35 67 
40 13 62 51 7 79 50 14 12 76 37 71 35 29 38 52 33 34 9 36 66 53 44 47 49 74 55 4 11 60 24 67 41 63 77 17 28 5 56 57 18 80 43 20 68 75 32 6 25 48 73 46 19 16 31 1 61 3 30 59 39 22 70 15 72 42 23 58 2 64 81 10 45 26 21 8 69 54 27 78 65 
26 52 58 19 68 24 63 56 16 69 36 7 21 14 25 57 74 12 61 33 10 41 27 34 2 45 59 42 22 6 30 48 38 75 73 51 53 17 11 64 78 31 3 70 32 20 80 81 29 72 1 15 60 62 55 47 8 79 37 66 54 23 44 43 40 65 50 9 18 67 35 46 71 28 77 13 4 49 5 39 76 
################proper############## 

 average_time = 103.911548 

 success runs = 1 

 total average iters = 1603814.000000 
