Success!!! 
 
 max_col = 
 81 
 
 run_time = 
 47.562753 
 
 once iters = 
 705349 
 
48 5 80 81 9 20 39 6 67 70 79 29 75 42 69 49 10 58 7 66 25 14 16 1 26 40 34 71 62 72 36 33 54 12 28 47 55 43 41 64 56 50 57 19 52 53 63 38 35 65 2 74 22 77 44 23 59 3 60 61 51 15 8 18 46 76 4 11 21 78 31 17 45 30 37 32 24 13 68 27 73 
28 74 36 13 61 62 19 15 4 7 16 73 41 26 72 57 8 64 60 22 52 10 51 24 23 59 33 3 2 14 45 63 80 66 53 75 27 21 17 35 47 5 18 68 70 43 9 54 11 39 56 78 1 25 48 50 58 49 6 46 30 42 77 38 40 79 34 69 37 20 12 32 71 65 29 81 31 44 55 76 67 
49 3 60 17 66 29 22 26 30 50 28 38 74 1 67 21 48 13 65 71 61 36 37 32 72 80 35 77 8 81 52 42 46 55 34 20 39 14 11 45 31 24 40 2 69 62 44 5 76 64 18 33 79 15 73 54 57 53 9 75 10 43 70 58 59 27 23 56 51 7 63 68 19 41 16 4 47 78 12 25 6 
2 11 64 70 71 69 41 56 31 77 44 9 4 66 43 78 30 34 27 49 54 12 8 15 47 76 63 39 32 61 50 74 18 7 19 6 80 75 73 22 67 29 33 81 20 14 21 23 17 72 42 36 26 68 65 55 52 24 38 1 25 37 13 57 28 10 16 48 60 53 5 45 51 59 46 35 79 3 62 58 40 
33 65 23 34 50 40 45 27 21 52 59 19 37 56 62 46 68 32 9 20 57 77 48 18 2 3 58 25 5 60 13 51 44 17 43 64 79 38 54 28 71 61 78 16 74 70 30 67 4 55 10 69 49 12 35 22 63 72 80 41 76 31 47 29 81 6 66 39 24 73 26 14 1 15 53 7 8 11 42 36 75 
79 1 7 68 59 77 76 18 8 6 20 80 45 61 14 15 35 5 74 42 64 50 55 56 81 69 30 38 10 37 70 11 22 27 24 58 53 63 12 62 25 34 65 4 3 75 31 41 51 16 57 28 46 73 29 32 67 78 17 39 21 40 19 36 2 13 9 71 44 47 43 49 72 60 48 33 52 66 26 54 23 
24 54 14 37 72 25 47 75 32 3 33 65 11 12 81 51 76 71 78 67 41 38 73 79 53 43 70 21 35 30 31 49 69 23 9 29 10 1 58 59 13 46 6 26 44 27 61 20 48 40 7 50 60 8 5 64 66 68 56 16 4 36 45 74 52 15 55 62 42 80 77 19 57 28 34 18 39 2 22 17 63 
16 55 35 58 53 73 57 46 38 63 31 24 47 2 60 22 27 23 17 6 39 45 21 44 11 13 75 76 78 40 68 4 1 26 41 56 77 37 51 48 15 36 42 49 30 34 59 29 71 52 32 66 19 3 74 12 7 81 18 20 28 79 62 67 33 70 25 54 65 64 72 8 80 10 69 61 43 14 9 50 5 
44 51 43 78 10 52 12 63 42 55 18 54 36 39 25 17 40 53 28 68 46 62 5 19 29 31 4 15 65 73 67 48 59 16 57 79 60 76 23 7 9 8 32 72 66 6 24 81 80 47 45 37 58 13 2 34 33 11 26 71 27 14 69 22 35 50 75 3 1 41 61 30 56 20 49 74 21 70 64 77 38 
20 4 42 40 73 79 17 41 63 16 3 1 68 81 22 56 64 25 39 43 80 59 32 75 34 58 66 60 70 67 37 36 14 71 54 69 11 48 7 57 10 76 49 29 8 5 53 12 72 19 44 61 62 23 28 52 24 38 50 27 26 30 2 33 78 51 65 15 13 46 35 55 6 9 74 47 77 21 31 18 45 
29 16 15 53 81 78 5 69 37 62 9 46 19 10 80 26 41 30 33 77 22 72 64 38 51 48 11 63 73 35 27 66 79 2 40 12 23 70 56 52 50 65 14 21 55 8 45 76 68 1 6 49 43 31 61 44 18 74 36 13 3 47 4 28 24 58 32 25 7 34 75 39 54 17 67 60 57 42 71 59 20 
34 9 66 52 7 59 49 12 57 51 13 23 20 45 11 33 60 37 29 4 27 35 17 10 65 47 61 6 30 80 8 18 15 3 46 26 41 69 31 24 63 77 74 1 43 38 79 75 78 28 36 2 71 64 58 5 39 48 54 19 42 32 67 76 56 53 21 70 50 62 40 81 44 14 55 68 22 72 16 73 25 
75 58 32 35 67 8 31 23 51 36 43 42 70 72 55 40 21 18 76 3 9 6 44 62 15 74 16 24 41 50 61 28 52 78 13 59 64 25 22 17 79 66 54 71 4 33 69 47 20 60 39 27 56 14 11 10 53 34 1 73 29 49 46 77 38 26 68 57 63 45 80 12 5 19 65 48 37 81 30 7 2 
38 48 71 45 55 56 62 72 36 53 2 69 32 58 50 54 29 63 12 19 18 60 14 57 24 68 20 49 47 16 1 25 65 33 4 23 61 78 81 51 28 73 75 9 6 7 67 15 42 13 37 26 40 70 79 8 41 66 21 77 22 80 17 30 74 5 44 27 10 59 52 31 43 11 76 39 46 35 3 34 64 
3 46 11 25 64 24 61 65 39 76 34 27 17 75 78 77 6 59 69 26 36 73 53 28 56 8 37 74 22 43 38 62 57 9 68 7 33 35 47 67 5 19 44 30 13 21 48 52 63 50 80 55 41 32 40 72 20 31 16 45 15 60 81 1 4 42 79 2 14 54 71 18 49 66 23 70 12 58 51 10 29 
10 33 2 30 60 47 21 44 13 35 52 14 39 7 66 31 67 65 46 79 1 55 42 54 63 23 71 19 48 5 34 17 72 51 81 76 68 18 26 80 40 15 20 32 45 4 58 74 59 11 25 77 73 29 9 70 12 75 78 62 6 57 37 49 22 16 64 36 41 3 69 43 50 61 8 24 28 53 56 38 27 
54 6 26 28 14 50 70 22 68 12 38 79 71 48 73 44 57 74 49 7 5 41 67 31 13 2 81 56 21 55 77 64 10 45 32 11 58 27 36 37 39 3 34 53 42 17 16 46 65 9 24 30 35 18 59 43 23 51 63 25 33 69 76 20 66 29 8 72 19 61 60 47 52 4 1 62 75 40 15 80 78 
74 80 77 18 19 76 27 43 1 49 24 8 15 5 47 61 28 4 70 25 30 40 52 78 50 45 21 75 31 42 29 39 20 53 58 44 38 2 46 60 62 72 16 12 59 66 54 57 22 3 51 81 34 10 14 56 65 35 68 64 71 55 7 6 48 67 17 23 73 9 11 37 26 69 32 36 63 79 13 41 33 
68 24 65 23 47 9 11 57 15 38 45 10 13 59 6 18 79 2 20 33 28 67 58 17 73 46 74 42 14 27 51 75 25 4 77 8 22 16 19 49 48 12 56 36 50 80 71 69 55 30 64 76 29 54 53 3 62 41 32 52 60 5 40 78 63 43 39 37 81 70 66 21 34 31 44 1 61 26 35 72 7 
53 43 52 14 16 2 10 38 41 25 56 71 30 63 20 64 36 1 81 76 50 11 80 49 48 35 57 62 60 31 73 72 67 32 17 65 13 26 33 47 45 54 28 66 51 24 34 18 8 59 21 7 70 75 68 69 4 39 79 37 55 12 6 3 44 61 58 22 40 29 9 42 74 46 77 78 5 27 19 23 15 
27 18 70 32 40 5 20 78 22 75 72 21 76 16 51 41 4 77 79 31 24 9 1 7 61 26 69 53 46 49 39 68 55 15 12 30 34 3 35 6 37 67 81 80 29 28 56 42 25 63 60 43 52 47 23 71 14 65 44 2 8 38 50 73 64 33 19 74 54 36 57 59 62 48 11 66 58 10 45 13 17 
8 31 21 63 29 7 4 61 12 60 57 55 48 46 32 34 43 49 72 78 66 3 36 64 37 27 51 54 19 6 23 35 26 24 22 28 42 79 53 74 44 38 30 52 10 40 33 58 73 5 50 17 2 81 70 16 76 77 45 18 9 13 75 25 62 56 11 65 15 1 67 71 20 68 14 59 41 47 39 69 80 
39 75 37 49 74 54 26 36 35 33 29 50 62 67 24 12 9 52 14 16 10 22 2 34 32 56 19 48 44 21 58 47 81 69 5 70 73 23 71 77 65 57 11 27 18 15 3 78 79 66 38 68 61 46 80 1 72 25 59 43 7 63 31 13 55 60 51 45 53 17 20 41 8 76 6 64 40 30 4 28 42 
13 28 50 48 58 44 51 42 73 37 5 70 69 3 15 14 47 80 55 45 65 25 23 21 60 38 39 34 74 66 33 40 78 41 59 10 4 17 8 46 24 20 1 43 61 57 72 31 62 35 12 16 77 9 26 81 49 36 64 29 11 19 27 7 6 68 30 52 32 76 2 79 18 67 63 22 71 75 54 53 56 
66 69 19 33 1 17 77 34 71 61 78 44 27 8 54 81 11 28 52 62 42 43 75 59 40 15 6 50 7 79 20 13 29 64 3 9 70 72 55 5 68 32 76 39 63 45 74 4 41 37 67 53 48 36 46 57 56 21 47 30 58 10 22 35 16 80 18 31 23 26 14 38 25 73 12 51 49 65 24 2 60 
76 72 55 60 3 80 25 79 64 58 53 7 66 17 31 73 74 39 47 30 29 8 13 68 54 18 44 45 37 63 11 56 71 52 36 1 69 15 2 40 78 41 62 59 9 10 22 65 6 26 23 14 20 19 51 42 28 61 35 67 34 24 48 4 12 77 49 75 27 5 46 50 38 81 57 21 70 43 32 33 16 
81 45 30 46 56 6 67 62 59 23 35 40 22 65 26 42 19 68 4 53 70 63 71 41 77 5 12 16 61 38 57 43 76 18 2 80 75 58 64 21 14 25 7 60 31 11 51 13 27 32 1 39 44 49 33 15 73 54 66 17 20 78 74 24 10 34 28 47 72 69 8 48 36 37 50 3 29 9 52 79 55 
63 21 61 19 77 35 73 20 3 18 71 26 31 74 64 66 65 40 37 24 44 58 60 2 68 53 78 22 23 17 6 80 47 48 51 81 12 36 32 43 55 56 67 57 16 41 1 70 34 62 59 45 8 79 75 14 50 30 15 38 5 72 28 9 7 49 69 42 4 10 76 54 46 33 52 27 13 25 11 29 39 
9 49 76 57 8 12 32 74 78 20 67 2 38 11 79 7 50 46 61 72 43 15 59 30 17 36 47 27 13 18 62 73 16 39 56 60 14 5 65 23 42 80 25 34 41 81 40 55 19 24 68 48 33 6 52 35 69 10 77 63 31 44 51 71 37 64 3 66 29 21 53 1 58 26 45 28 4 54 70 75 22 
15 22 10 72 18 65 69 14 47 81 51 13 77 19 27 6 23 16 31 70 7 56 34 74 75 25 67 11 66 12 63 76 58 37 71 3 8 52 49 38 60 44 2 45 48 9 39 30 64 54 4 35 57 61 62 20 29 73 33 80 41 26 42 40 32 17 5 28 79 68 55 46 24 78 21 50 53 36 59 1 43 
1 40 58 5 52 64 66 37 16 39 54 30 24 34 49 72 73 75 23 41 81 51 18 22 71 19 8 69 43 44 2 32 7 28 31 67 3 50 77 78 74 13 59 20 33 47 76 10 29 15 53 46 36 42 25 21 6 4 65 79 56 17 55 63 70 14 45 35 26 38 27 11 48 57 68 80 62 60 61 9 12 
60 39 45 44 13 34 81 53 2 43 48 58 12 15 70 47 78 29 62 73 76 79 6 5 28 49 10 61 72 59 14 54 33 50 25 4 63 7 1 9 27 26 68 51 21 3 37 16 23 77 20 38 69 74 19 24 46 32 11 40 57 71 18 80 36 75 31 67 22 30 56 52 55 64 35 65 66 17 8 42 41 
4 38 33 75 68 41 50 59 6 5 17 25 55 53 36 52 42 45 32 9 16 48 40 14 21 1 46 10 26 57 15 20 19 65 8 24 71 61 79 72 69 35 29 11 22 60 28 66 18 73 27 80 63 56 49 67 64 7 2 76 70 39 54 43 58 62 12 13 47 81 78 34 30 44 31 23 74 37 77 3 51 
43 71 25 24 27 42 48 70 54 57 69 76 14 22 56 4 3 60 50 12 77 52 26 80 38 39 55 68 79 36 78 45 75 29 49 35 17 30 40 15 64 62 31 46 28 2 13 32 5 7 58 21 11 44 37 53 8 16 34 74 66 9 1 65 23 19 20 41 61 33 59 51 81 63 47 73 72 67 18 6 10 
46 26 29 36 80 23 7 28 79 32 8 62 61 44 35 10 33 21 11 57 69 65 66 45 42 63 64 52 9 41 30 1 40 5 55 74 19 53 37 76 4 70 58 73 54 22 75 51 49 17 31 12 25 67 13 59 27 43 3 81 47 68 78 60 72 39 6 50 77 18 48 24 14 38 2 16 15 34 20 56 71 
67 62 51 55 31 30 56 11 17 68 41 59 28 80 37 63 1 9 3 35 33 20 54 13 27 4 29 70 77 53 46 21 64 34 38 42 81 47 24 66 6 10 39 18 75 52 78 43 50 14 65 71 72 26 45 61 60 22 48 12 36 58 23 44 73 25 2 8 57 74 16 15 79 32 7 40 19 69 49 5 76 
69 8 13 12 48 63 29 30 55 66 11 78 50 6 16 35 72 61 64 34 45 42 47 20 59 10 43 44 25 15 17 65 56 54 62 32 46 4 18 39 73 23 37 58 60 1 27 80 67 79 52 41 53 33 77 19 22 26 24 5 75 51 57 2 31 36 38 14 9 28 21 74 40 71 3 49 76 68 7 70 81 
31 53 81 76 46 18 6 51 34 26 32 68 73 36 45 2 56 19 16 55 23 39 57 69 35 66 27 12 52 7 9 14 50 72 64 40 74 22 75 63 21 28 10 41 5 78 65 61 24 20 17 29 15 38 71 58 54 1 8 3 43 59 79 48 25 44 62 60 30 49 42 70 13 47 4 11 67 80 33 37 77 
19 32 17 80 44 16 23 24 62 29 21 18 58 51 8 70 12 67 36 48 74 30 46 73 79 9 26 2 38 1 42 78 43 49 76 33 54 6 69 53 77 40 66 15 81 71 68 3 37 25 13 72 31 63 41 45 11 20 55 7 14 27 10 47 61 35 52 4 64 57 22 65 28 5 59 75 60 56 50 39 34 
73 25 20 64 33 4 59 49 27 9 42 41 54 13 7 28 69 38 40 51 21 37 81 70 12 60 50 26 29 8 75 10 30 31 67 53 76 11 3 44 17 68 55 47 2 46 19 36 77 22 16 23 45 43 18 65 35 6 52 72 48 62 32 34 39 71 1 80 5 58 15 56 66 74 79 57 14 63 78 61 24 
37 66 9 21 70 61 3 60 11 59 14 81 46 76 40 79 22 57 38 15 49 71 78 4 58 17 53 41 55 13 28 24 35 77 39 5 29 67 50 31 32 7 45 62 1 30 26 6 44 2 73 56 47 34 63 68 36 42 74 33 16 23 80 8 75 12 54 43 69 27 51 72 65 18 10 20 25 52 48 64 19 
40 47 74 26 42 68 43 54 56 65 39 31 1 71 75 27 49 48 6 14 3 32 62 77 7 61 80 79 58 4 22 19 34 46 16 63 78 24 9 25 20 52 64 33 57 18 35 11 60 8 69 51 76 5 67 38 70 12 30 28 13 50 44 59 41 45 37 10 55 66 81 73 2 72 36 29 17 23 21 15 53 
7 14 28 77 15 75 1 35 72 24 10 52 5 43 17 30 20 55 44 2 67 13 41 25 18 65 31 51 11 47 81 60 23 57 37 68 36 71 16 70 80 49 26 38 34 39 4 21 74 12 48 59 42 58 69 29 61 56 40 53 64 76 66 19 3 63 78 33 46 50 79 6 22 45 9 54 73 62 27 32 8 
36 2 67 50 5 39 79 58 10 74 64 47 44 60 63 25 34 33 22 52 68 1 28 11 76 24 56 80 18 71 59 3 45 6 73 27 72 12 61 65 19 42 8 48 14 54 62 49 32 70 75 57 66 55 4 78 81 37 46 15 17 21 9 53 29 20 77 7 16 13 23 40 35 43 41 69 30 31 38 51 26 
52 41 57 38 78 22 71 45 65 80 37 4 53 62 3 23 77 15 5 54 63 75 19 29 8 33 72 66 20 70 48 61 21 74 69 36 35 59 27 56 30 43 51 13 79 50 7 14 28 10 81 64 9 40 39 25 31 60 49 47 2 73 34 11 68 24 26 18 17 67 32 76 16 12 42 58 55 6 44 46 1 
70 50 5 79 62 3 18 64 49 44 73 60 21 78 74 53 71 81 56 13 31 17 69 52 22 57 68 58 39 24 65 9 2 40 29 16 28 8 80 36 76 4 38 55 32 20 47 59 66 43 72 1 27 37 7 51 26 19 12 42 23 48 11 10 30 41 15 6 35 77 34 75 67 25 33 45 54 46 63 14 61 
56 15 24 67 12 60 74 10 53 4 63 20 9 33 30 76 55 62 21 37 6 27 61 51 19 29 23 78 3 34 41 50 66 22 52 14 65 57 45 79 54 39 43 7 64 77 11 48 75 46 40 8 16 2 81 13 25 69 72 31 80 35 5 17 42 32 73 58 18 44 1 36 70 49 26 38 68 59 47 71 28 
71 13 38 61 11 55 33 39 81 64 6 36 18 31 58 3 66 14 1 28 20 7 9 12 41 50 2 47 68 48 25 8 70 67 72 15 52 77 42 75 35 30 63 40 26 19 57 22 54 80 5 32 74 60 34 4 21 17 43 65 59 46 16 45 69 37 76 49 62 79 29 27 53 23 51 56 10 24 73 78 44 
59 73 48 20 75 14 40 80 76 19 47 43 7 69 10 1 52 26 25 63 32 44 49 35 46 77 38 31 81 11 21 5 4 42 18 37 6 33 60 68 22 9 3 61 23 12 17 50 36 56 41 65 24 30 54 27 45 2 71 8 74 28 58 55 67 57 70 53 66 51 39 78 15 62 13 34 64 29 79 16 72 
77 27 72 42 22 21 54 52 58 13 40 49 29 25 59 32 75 70 26 18 8 34 3 71 43 79 48 55 33 62 44 46 74 56 80 45 5 51 14 69 2 37 17 24 53 68 23 64 81 67 61 15 78 4 76 39 47 57 73 10 1 20 60 12 50 7 63 19 38 11 28 16 31 35 66 6 9 41 36 30 65 
65 44 46 47 57 36 30 16 28 41 22 5 72 35 61 48 51 54 80 58 73 4 45 67 64 78 60 1 75 26 49 6 13 38 20 77 62 66 34 29 59 81 27 10 12 42 25 71 14 76 63 31 39 21 50 79 37 18 53 68 32 70 15 23 9 8 43 24 52 56 33 2 3 7 17 55 69 19 40 11 74 
17 37 34 4 6 26 78 2 19 27 46 77 67 23 65 24 45 12 53 40 62 74 15 55 16 81 59 36 28 54 69 30 60 35 63 57 31 13 72 73 18 11 50 25 71 49 38 7 3 29 70 79 10 51 66 33 44 64 41 9 52 22 56 5 47 21 48 20 80 14 68 61 39 42 75 8 32 1 76 43 58 
45 23 63 7 51 43 68 1 66 2 15 37 16 38 28 11 80 8 42 36 75 33 30 72 39 54 14 73 59 76 64 12 32 79 10 17 47 56 70 19 41 74 48 44 78 58 52 26 9 69 35 34 18 53 24 62 55 29 61 6 40 67 49 81 65 22 71 46 3 31 13 25 4 77 27 5 50 20 60 21 57 
41 29 69 31 35 32 8 25 9 34 50 57 56 79 68 39 17 42 10 65 47 70 24 76 66 11 5 43 71 23 53 27 51 61 7 19 49 20 15 16 1 21 46 67 58 55 6 44 45 33 28 73 13 62 78 75 3 63 14 36 38 77 30 64 54 72 40 26 59 4 74 60 12 80 18 37 81 22 2 48 52 
55 34 44 6 25 49 28 66 14 54 36 56 63 24 18 29 46 35 51 1 38 53 68 26 33 52 17 81 42 69 74 57 41 47 70 2 45 64 21 13 12 71 19 79 67 61 77 9 39 58 62 60 7 65 10 11 16 15 5 50 37 4 59 32 43 3 22 30 31 72 73 20 75 27 78 76 23 8 80 40 48 
26 77 73 29 54 51 16 31 23 22 65 6 42 50 53 19 58 20 57 69 13 47 10 43 14 70 76 28 67 56 18 59 12 60 11 71 40 32 48 1 33 63 80 3 62 64 55 45 15 44 8 52 4 17 36 9 74 46 39 24 79 75 21 61 5 66 27 78 34 37 49 7 41 2 30 72 35 38 25 81 68 
35 10 53 43 45 46 63 48 70 40 75 15 2 52 39 8 38 41 34 81 19 5 50 36 4 12 25 7 51 29 16 77 73 68 33 62 59 65 76 20 61 22 47 69 72 67 32 37 30 23 3 13 80 71 6 49 78 58 27 54 18 1 64 42 14 74 60 9 56 55 17 28 21 79 24 44 26 57 66 31 11 
80 17 27 56 79 15 72 47 74 11 81 28 60 9 57 37 59 43 63 44 71 23 29 66 20 30 73 40 24 32 10 22 31 13 21 78 51 68 38 55 26 75 36 14 25 35 49 1 16 42 54 5 6 41 3 2 48 67 19 34 62 8 53 70 18 46 33 12 76 65 50 58 61 39 64 52 7 77 69 45 4 
5 36 62 11 2 38 58 19 60 47 26 48 78 49 76 45 32 31 75 8 59 61 7 40 74 41 3 4 63 65 72 15 6 80 79 52 9 54 44 50 46 18 24 42 27 73 10 68 70 34 33 20 28 22 43 17 30 23 57 55 81 66 35 69 77 1 13 21 25 39 64 53 37 16 56 71 51 12 29 67 14 
61 57 41 65 20 33 42 67 50 69 4 34 10 27 44 74 13 17 24 39 78 18 11 37 9 21 79 14 64 45 3 55 8 58 75 49 30 28 43 2 23 60 53 56 7 59 46 40 38 31 66 19 81 72 32 76 77 70 29 26 12 25 71 51 15 52 80 16 68 48 62 35 47 54 5 63 1 73 6 22 36 
12 30 75 1 32 81 24 9 40 21 70 72 64 77 23 80 16 3 45 56 55 46 31 58 49 67 54 17 27 20 5 37 61 76 66 48 15 73 39 8 34 78 41 6 35 25 36 63 53 74 14 11 51 69 42 28 68 52 7 22 44 33 38 79 26 47 57 29 2 71 10 4 60 13 19 43 18 50 65 62 59 
22 68 3 59 4 13 37 21 18 1 55 51 25 30 71 5 7 79 15 27 60 28 65 48 6 64 62 23 53 39 35 26 36 19 44 34 16 10 57 81 66 17 52 74 77 76 2 56 43 78 29 47 12 50 31 73 40 80 69 14 61 41 72 54 8 11 67 38 75 24 45 63 33 58 20 9 42 32 46 49 70 
78 64 8 69 39 71 52 76 7 14 68 67 33 73 12 62 61 66 77 32 2 16 35 42 80 72 22 46 1 25 43 38 9 30 50 54 37 31 29 4 49 58 70 5 11 48 18 24 26 57 79 75 21 27 56 63 51 47 13 60 45 65 20 41 19 59 81 44 36 40 6 23 10 55 15 17 34 28 53 74 3 
18 35 47 71 37 10 2 32 45 78 77 17 6 57 5 38 25 36 13 23 26 29 12 16 70 34 52 65 15 22 4 44 48 20 1 46 56 60 67 42 81 59 69 76 49 72 64 27 33 75 74 40 68 11 55 41 79 8 31 21 39 54 61 62 53 28 24 73 43 19 30 9 7 50 80 14 3 51 58 63 66 
42 7 12 16 69 48 14 33 61 31 23 45 79 37 52 71 26 50 73 17 35 64 43 27 78 62 28 29 57 3 19 53 39 81 47 66 44 46 6 10 70 51 77 22 38 13 20 8 21 49 9 58 54 24 15 30 80 76 75 11 68 2 25 56 34 40 36 55 74 63 65 5 32 1 72 67 59 4 41 60 18 
57 19 40 3 21 66 38 5 26 48 61 64 80 14 4 60 2 22 18 75 53 24 76 9 67 51 41 13 17 68 54 34 11 8 74 50 7 39 52 71 72 27 12 31 73 29 70 28 69 6 30 25 55 1 16 37 32 62 81 59 65 56 63 15 45 78 47 77 58 42 44 33 23 36 43 46 20 49 10 35 79 
50 63 59 39 28 72 75 73 24 10 1 74 49 54 13 9 53 51 58 80 56 81 38 61 55 6 40 64 76 2 79 31 62 25 60 43 20 45 78 30 3 48 5 65 68 37 41 34 7 36 46 22 14 35 47 77 71 44 42 23 19 52 12 16 27 18 29 17 67 32 4 66 69 8 70 15 11 33 57 26 21 
6 67 79 9 41 74 65 55 46 56 58 11 3 20 21 68 62 24 71 60 4 69 77 8 10 44 32 37 45 52 12 7 49 14 30 51 66 80 28 33 57 64 23 50 40 63 15 73 61 18 47 42 17 48 72 36 43 5 70 78 35 29 26 75 1 31 59 76 39 25 38 13 27 34 22 53 2 16 81 19 54 
25 76 49 15 34 53 13 17 44 46 12 35 65 70 19 16 39 27 66 74 72 2 63 33 31 37 36 67 80 78 32 71 28 10 23 55 18 29 4 54 11 14 9 75 47 56 43 79 52 81 26 62 50 59 22 60 1 45 58 51 73 64 3 21 57 48 7 68 20 8 41 69 77 6 40 42 38 61 5 24 30 
11 70 22 54 23 31 36 68 52 8 7 33 43 47 41 67 63 72 48 59 79 21 20 65 30 42 45 18 16 77 26 69 27 75 6 73 32 19 74 34 58 1 13 35 15 51 60 39 57 38 76 4 5 78 17 66 9 40 10 49 46 53 24 14 71 81 50 61 12 2 3 80 64 29 62 25 56 55 28 44 37 
51 20 56 62 30 58 60 8 77 73 76 32 34 28 29 59 81 44 68 46 15 57 25 50 1 22 7 9 36 33 40 70 5 21 42 72 2 55 63 41 43 16 61 17 24 23 80 53 10 45 19 67 3 66 38 6 13 27 4 48 69 18 14 26 49 54 35 79 11 52 37 64 78 75 71 31 65 39 74 12 47 
64 78 4 27 43 1 80 81 29 15 30 66 40 55 42 75 18 69 54 47 11 19 39 3 5 14 49 59 56 58 24 41 38 63 35 61 21 62 25 26 36 53 79 8 37 32 12 2 31 71 77 44 65 16 20 7 34 50 28 57 67 74 33 72 60 23 46 51 6 22 70 10 76 52 73 13 45 48 17 68 9 
72 61 6 22 17 45 55 40 5 28 60 75 51 18 2 69 37 10 35 50 14 54 70 39 25 20 9 8 49 64 66 29 68 73 26 41 67 44 13 32 7 47 21 77 80 65 42 62 56 27 11 63 30 76 12 48 15 71 23 58 78 81 43 46 79 4 53 34 33 16 24 57 59 3 38 19 36 74 1 52 31 
62 60 78 66 65 67 53 50 80 17 19 12 26 4 34 36 44 11 2 5 58 68 22 63 3 71 13 32 69 28 7 79 42 43 27 25 24 74 59 61 51 31 73 70 46 16 8 77 1 41 15 18 23 57 64 40 75 55 37 56 72 6 39 52 76 38 10 81 48 35 47 29 9 21 54 30 33 45 14 20 49 
23 12 18 41 26 27 35 13 20 45 66 16 52 29 48 43 54 73 67 11 37 76 72 46 69 75 65 57 40 51 47 81 24 59 15 38 1 42 30 3 53 33 4 28 39 31 14 25 58 21 78 10 64 7 8 74 19 79 22 44 49 61 68 50 17 9 56 32 71 6 36 77 63 70 60 2 80 5 34 55 62 
14 79 1 2 36 19 34 77 43 72 25 3 57 32 33 65 5 7 8 29 48 78 27 23 62 28 24 35 12 9 56 16 37 70 61 31 26 49 68 18 38 55 22 64 76 69 73 17 46 51 71 54 67 80 21 47 10 59 20 66 63 11 52 39 13 30 74 40 45 60 58 44 42 53 81 41 6 15 75 4 50 
30 56 68 74 76 70 9 29 48 67 49 39 81 21 38 13 24 47 41 64 51 80 4 6 57 32 77 72 54 19 71 52 63 62 65 22 50 34 10 14 75 45 15 78 17 44 5 35 12 61 43 3 59 20 60 31 2 33 25 69 53 16 36 66 11 55 42 1 28 23 7 26 73 40 58 79 27 18 37 8 46 
32 42 31 10 24 57 64 7 69 30 80 61 59 68 9 55 70 56 43 21 12 66 33 81 52 16 18 5 50 74 60 67 17 1 48 39 25 40 20 58 8 2 71 23 36 79 29 19 13 53 49 6 75 45 27 46 38 14 62 4 77 34 65 37 51 73 41 63 78 15 54 3 11 22 28 26 44 76 72 47 35 
58 52 39 73 63 37 44 3 25 42 62 22 23 40 46 50 14 76 59 10 17 49 79 60 36 55 15 30 6 75 80 2 53 11 45 21 48 41 66 27 16 69 35 54 19 74 81 33 47 4 34 70 38 28 1 26 5 9 51 32 24 7 29 31 20 65 72 64 8 12 18 67 68 56 61 77 78 71 43 57 13 
21 81 16 8 38 11 15 4 33 71 74 53 35 64 1 58 31 6 30 61 40 26 56 47 45 73 42 20 34 46 55 23 77 44 78 13 43 9 5 12 52 79 60 63 65 36 50 72 2 68 22 24 37 39 57 18 17 28 76 70 54 3 41 27 80 69 14 59 49 75 19 62 29 51 25 10 48 7 67 66 32 
47 59 54 51 49 28 46 71 75 79 27 63 8 41 77 20 15 78 19 38 34 31 74 53 44 7 1 33 4 10 76 58 3 36 14 18 57 81 62 11 29 6 72 37 56 26 66 60 40 48 55 9 32 52 30 80 42 13 67 35 50 45 73 68 21 2 61 5 70 43 25 22 17 24 39 12 16 64 23 65 69 
################proper############## 

 average_time = 47.562753 

 success runs = 1 

 total average iters = 705349.000000 
