Success!!! 
 
 max_col = 
 81 
 
 run_time = 
 406.117515 
 
 once iters = 
 6438678 
 
56 26 49 46 39 74 43 41 8 36 16 12 54 29 55 5 65 6 37 1 48 64 10 22 17 76 3 66 67 59 57 34 51 81 24 19 52 68 35 13 38 27 40 72 30 7 75 79 23 71 11 78 31 42 61 14 4 63 18 21 45 69 50 28 9 58 73 33 15 32 70 80 44 20 62 53 60 77 2 25 47 
72 28 7 75 51 22 13 47 73 71 64 35 9 62 8 17 66 20 32 21 19 23 18 40 67 31 2 33 42 41 63 49 61 48 30 58 36 77 70 39 29 10 54 57 14 76 43 56 37 5 50 6 15 60 24 59 38 78 79 53 25 68 11 34 45 74 55 1 52 69 44 27 26 4 46 80 3 65 12 81 16 
60 77 33 52 12 50 25 48 1 41 58 73 26 37 51 78 81 68 15 59 61 72 70 74 16 65 35 23 54 39 40 4 27 7 2 55 6 32 44 19 20 24 66 21 79 45 30 18 34 13 28 17 46 80 3 57 31 71 5 8 49 56 62 64 43 53 42 29 11 38 10 47 69 76 14 22 67 75 9 63 36 
69 29 9 36 38 24 66 80 30 47 13 27 25 70 63 75 76 34 14 81 57 6 39 44 7 20 5 62 78 32 45 79 3 53 60 50 43 56 33 28 67 55 58 59 11 72 10 19 49 4 74 16 26 68 12 65 46 42 41 64 51 15 52 2 71 23 54 61 22 77 37 18 31 48 40 73 1 35 21 8 17 
57 81 2 71 65 61 63 70 79 80 19 45 10 30 31 44 74 15 62 42 25 11 53 9 8 50 33 37 14 72 22 36 68 52 56 77 41 12 18 46 4 3 23 1 7 21 58 20 27 64 40 32 51 69 48 43 66 26 73 39 60 76 47 35 67 75 6 17 13 49 78 16 28 55 54 38 5 34 29 59 24 
64 35 31 14 16 76 37 40 27 24 50 33 79 77 59 7 2 42 29 41 54 58 73 38 78 49 28 20 69 43 10 6 44 65 11 46 75 71 53 22 26 45 5 15 25 1 12 81 36 8 3 63 67 47 30 74 80 32 34 9 55 72 17 4 51 48 62 60 21 39 57 66 13 61 68 23 70 52 56 19 18 
67 5 18 19 68 23 32 6 62 56 61 48 52 69 39 3 1 40 80 30 4 34 46 60 45 79 12 73 21 15 28 26 75 16 71 9 8 42 31 17 81 2 47 49 51 54 22 55 57 66 29 38 53 44 37 13 70 33 35 10 36 77 27 14 63 65 20 76 50 25 59 24 11 41 43 78 7 58 72 74 64 
55 45 59 42 78 44 53 20 17 46 4 57 18 49 21 72 11 14 43 71 68 51 36 47 75 63 52 74 12 70 5 13 38 1 25 80 76 34 16 61 64 50 48 60 69 77 62 65 33 73 9 39 24 35 58 23 67 29 28 54 2 22 81 19 8 26 41 31 3 40 56 7 66 30 6 27 37 79 15 32 10 
10 11 15 3 21 4 58 54 34 60 22 38 53 67 23 28 43 32 24 77 27 13 56 69 26 66 55 18 64 8 35 29 17 31 47 76 62 63 9 37 78 73 80 74 65 48 70 52 41 14 25 2 59 61 75 6 44 40 16 20 7 1 19 12 30 46 36 81 68 5 72 79 42 33 71 50 51 45 49 39 57 
5 68 66 34 43 65 51 30 57 23 12 55 77 15 47 52 60 2 59 20 29 24 27 61 62 73 40 14 38 78 48 7 46 74 72 25 42 67 11 18 1 63 44 33 54 75 49 22 70 69 81 9 17 36 71 39 64 28 13 45 21 19 3 16 32 76 58 79 56 4 35 53 37 8 10 41 50 31 26 6 80 
25 7 81 58 9 72 67 75 29 57 49 50 4 8 18 69 21 10 63 32 53 46 23 17 36 30 14 60 20 1 70 33 13 34 80 16 71 31 68 35 5 56 24 55 41 38 26 2 45 15 43 12 19 37 77 42 76 54 66 62 6 65 59 78 52 27 40 51 48 44 28 22 64 3 74 39 73 61 47 79 11 
16 69 27 70 48 15 35 79 11 63 53 9 38 59 65 68 13 54 67 44 1 75 41 19 42 52 76 17 2 45 71 8 6 26 49 18 58 29 50 36 37 81 62 3 21 60 51 46 25 74 56 80 5 39 73 32 24 14 72 55 40 31 30 57 7 12 64 10 77 47 66 61 78 28 34 43 33 4 20 22 23 
62 39 13 49 26 10 80 45 19 66 75 81 41 36 78 42 67 43 12 22 16 50 34 11 15 74 54 5 68 40 30 55 24 47 28 4 2 14 27 52 46 32 60 6 73 33 76 59 71 57 31 3 35 64 51 1 58 53 44 79 48 23 61 37 65 9 38 8 63 20 69 25 7 72 29 18 77 21 17 70 56 
17 74 22 56 6 37 20 32 31 35 11 19 73 51 24 64 71 30 26 55 77 33 65 43 10 60 18 59 66 61 39 62 29 54 36 57 53 69 34 47 49 28 8 23 72 68 27 41 79 40 1 13 7 63 50 9 12 52 67 78 16 25 4 75 81 70 3 14 80 46 21 15 45 42 2 58 76 44 5 48 38 
38 47 12 18 71 3 64 61 28 32 56 40 5 44 79 14 48 1 21 51 81 37 45 2 49 57 31 76 63 23 15 77 42 9 58 27 10 80 39 7 19 22 59 43 13 50 65 73 62 53 8 34 78 4 17 11 20 70 33 46 29 26 35 41 6 54 67 74 72 30 55 60 75 25 66 36 69 16 24 68 52 
4 40 23 44 33 42 78 73 63 72 7 34 29 58 76 37 16 46 70 9 69 39 25 28 79 38 71 19 11 56 51 35 10 22 67 3 64 48 17 30 66 15 74 77 20 18 52 14 55 6 32 61 47 21 57 49 41 68 80 60 8 36 75 5 31 43 50 26 24 2 45 59 81 53 27 54 13 12 65 1 62 
14 24 36 1 59 41 52 2 50 45 80 3 27 20 70 74 61 39 6 68 5 66 64 4 13 7 8 75 37 21 53 12 69 32 65 31 25 16 26 38 57 51 79 76 78 58 67 42 28 48 54 72 44 77 34 10 43 47 56 81 18 63 22 73 23 33 11 71 19 17 29 62 30 40 15 35 55 60 46 49 9 
77 21 53 76 60 54 46 8 55 25 33 31 17 28 62 6 22 26 47 35 3 78 72 80 56 58 48 50 44 73 64 43 81 79 52 41 4 75 45 40 9 12 65 70 61 16 29 30 66 10 24 11 23 20 5 69 2 7 15 38 37 27 74 39 13 36 68 18 34 1 42 49 14 32 57 71 63 19 67 51 59 
26 18 57 72 79 32 73 64 74 13 60 24 45 2 81 34 58 28 69 70 50 20 38 1 39 14 9 46 51 4 77 76 37 12 10 30 61 41 19 8 35 75 49 68 66 55 48 11 21 42 6 43 36 7 54 25 52 62 23 80 22 29 56 59 40 3 33 27 53 65 63 31 67 71 47 15 16 17 78 44 5 
30 56 40 55 19 11 41 5 15 64 68 18 22 27 54 38 8 79 58 52 37 28 3 13 65 47 81 9 62 7 29 42 59 67 50 75 63 76 73 53 70 72 1 45 31 46 71 49 44 77 66 23 14 33 21 20 35 43 10 4 17 60 6 32 39 57 78 16 61 36 48 26 51 80 25 12 2 74 69 24 34 
59 43 14 81 8 46 33 76 60 31 77 32 36 55 17 41 51 37 54 11 71 26 12 23 6 27 16 21 80 22 2 78 28 13 34 48 30 7 67 44 15 69 20 38 3 52 5 72 50 1 19 74 10 56 63 79 9 18 45 75 66 53 24 58 35 42 70 49 25 68 47 73 61 64 39 4 57 29 62 40 65 
9 38 77 37 66 2 36 29 4 33 25 20 12 21 42 15 75 23 76 61 78 31 30 41 5 44 10 70 56 26 58 39 43 14 45 53 54 81 57 48 47 80 27 65 40 17 34 67 73 60 16 22 3 59 72 46 28 69 19 74 13 64 55 11 62 8 51 24 7 50 18 71 68 63 49 6 32 1 52 35 79 
45 62 42 10 54 78 68 67 58 65 59 30 50 47 16 73 39 7 8 40 66 55 60 56 46 34 77 24 61 35 19 63 74 5 41 6 11 9 37 12 14 43 71 32 4 80 15 28 13 25 18 64 29 79 49 36 27 51 76 57 70 81 48 21 17 44 2 22 1 72 52 69 53 75 31 3 20 38 23 26 33 
12 51 24 61 35 63 7 34 21 62 3 49 6 1 71 67 5 78 79 80 43 42 29 57 68 18 25 44 81 66 52 40 20 73 31 47 55 22 46 64 13 16 26 39 17 53 54 9 69 75 4 45 41 70 8 33 65 2 37 15 50 59 32 38 60 28 74 56 76 19 14 23 72 10 58 77 11 48 36 30 27 
47 20 16 53 22 6 70 52 80 48 76 26 61 14 66 19 29 69 74 15 35 2 49 36 21 51 72 32 71 27 1 11 60 17 18 33 5 79 28 24 25 23 56 62 59 40 81 57 65 68 12 31 63 58 7 44 3 39 78 34 30 67 38 43 10 64 13 4 46 75 77 55 8 45 37 42 54 9 50 73 41 
13 3 48 23 25 39 44 65 49 74 52 10 40 53 46 4 70 9 75 17 73 59 63 45 32 64 62 36 57 55 72 68 79 15 8 69 34 60 42 2 18 29 51 50 33 61 35 24 30 20 38 26 27 78 1 16 47 5 31 71 58 11 77 66 80 67 37 54 6 12 41 81 21 7 19 14 43 56 22 28 76 
50 27 71 28 75 17 31 1 69 11 72 80 44 63 43 57 35 56 7 19 24 67 33 48 4 22 53 64 16 3 65 25 49 23 54 38 21 10 52 74 77 58 36 78 6 2 8 51 39 32 37 47 76 62 42 41 73 12 61 68 14 40 26 45 29 30 34 15 9 79 20 5 59 66 70 81 18 46 13 55 60 
23 67 62 66 15 8 1 78 10 20 54 29 63 6 57 22 72 31 4 37 11 81 59 27 58 53 32 26 41 34 74 73 35 38 51 42 50 17 43 71 24 68 2 12 70 79 39 64 76 47 80 49 56 30 69 40 5 75 9 18 33 61 46 36 3 14 65 44 60 28 25 21 16 77 55 45 48 13 7 52 19 
34 41 76 16 14 9 21 24 75 38 28 60 65 3 48 80 4 18 73 8 2 79 42 29 44 25 57 72 46 10 81 61 7 19 53 63 45 40 62 69 23 49 13 56 67 5 50 74 43 27 33 59 70 52 22 77 30 6 55 36 1 20 64 31 78 17 12 35 66 11 32 58 47 54 51 68 71 37 39 15 26 
70 53 45 35 58 33 26 81 5 37 42 71 56 61 15 40 69 64 60 76 13 38 74 75 47 48 34 28 3 24 23 17 30 78 79 52 16 21 65 55 59 77 31 20 27 62 41 8 7 51 46 68 11 10 19 50 25 73 2 66 67 14 44 1 22 49 80 6 29 57 39 54 32 18 9 72 12 63 4 36 43 
7 50 65 51 37 73 79 39 54 17 74 47 34 16 41 77 55 27 52 36 28 71 67 10 9 72 22 2 49 12 21 32 11 6 66 20 18 25 1 15 60 48 42 5 64 35 53 23 63 58 14 19 13 75 80 81 56 8 24 26 59 57 43 70 69 45 4 68 33 61 46 38 3 31 78 44 29 76 30 62 40 
43 13 52 63 57 71 48 46 61 44 14 66 33 68 45 50 32 21 55 7 15 56 5 12 31 70 23 39 59 25 9 58 40 77 62 29 22 53 41 34 30 8 76 35 80 37 60 78 1 2 17 36 54 67 4 3 74 65 27 28 47 42 49 51 72 20 79 19 26 18 16 10 73 69 64 11 6 24 75 38 81 
19 6 11 25 64 20 74 17 36 53 5 7 1 35 49 81 30 59 45 3 80 16 43 77 40 41 26 31 27 67 18 75 50 71 76 15 46 39 78 14 44 57 32 47 37 65 69 29 38 12 22 4 61 48 79 63 51 21 70 72 68 10 54 9 55 34 24 42 62 73 13 52 2 58 33 8 56 23 66 60 28 
18 49 32 59 2 29 47 68 44 58 24 39 13 19 67 36 9 52 46 33 30 17 78 54 35 6 63 43 65 60 8 69 56 55 22 70 51 72 38 66 10 61 4 28 26 73 20 34 16 3 45 21 81 40 23 76 71 41 12 11 62 48 31 53 37 7 5 77 75 64 15 74 1 27 79 25 42 80 57 14 50 
40 42 60 69 31 56 4 77 12 76 26 23 43 73 11 51 10 62 49 64 39 21 1 50 14 19 61 68 45 5 36 37 80 33 48 44 9 74 63 54 6 79 3 75 52 66 72 32 18 24 55 28 57 25 16 7 15 35 58 29 38 78 13 71 59 81 27 47 30 41 8 2 70 46 20 67 17 22 34 65 53 
80 72 3 30 28 27 22 55 38 70 8 75 2 46 25 79 78 12 20 66 18 69 62 65 24 68 51 57 1 13 54 16 47 64 4 14 73 36 81 58 7 33 11 29 19 44 6 31 9 26 15 77 42 71 39 34 32 60 17 37 53 52 45 40 56 63 76 67 23 43 50 48 35 74 61 21 10 59 41 5 49 
28 80 50 5 70 35 39 42 26 40 30 62 57 38 3 53 49 77 78 6 22 18 54 64 27 9 44 10 79 19 11 51 23 29 63 17 7 43 55 72 36 37 33 13 74 15 66 47 8 65 68 76 16 73 2 52 69 81 21 24 31 45 14 56 75 71 48 12 41 34 61 4 25 59 1 32 46 67 60 58 20 
61 46 20 38 1 79 3 63 6 15 71 65 80 5 12 23 68 74 17 69 70 19 35 72 11 59 43 22 48 58 14 52 25 45 78 37 49 8 60 41 51 39 75 34 29 28 24 40 26 54 64 27 55 81 33 4 16 66 36 32 76 13 10 50 47 2 77 57 42 31 67 30 62 44 73 9 53 7 18 56 21 
76 36 72 48 29 45 81 21 65 55 41 67 35 50 32 27 6 13 3 23 51 30 79 16 12 33 49 71 15 2 62 64 9 20 75 39 1 61 56 68 69 11 38 25 24 4 31 58 10 44 52 53 80 14 28 78 18 19 54 73 26 70 42 60 5 22 8 46 37 59 7 40 17 34 77 57 66 43 74 47 63 
78 25 67 33 53 31 19 27 24 75 81 17 60 4 69 8 18 70 48 58 20 10 47 5 55 39 7 3 77 36 46 30 73 72 43 66 65 6 14 63 22 62 52 26 23 34 57 21 56 11 42 35 37 2 59 15 40 9 29 50 41 74 1 49 16 32 45 28 79 80 68 44 76 12 38 13 61 64 54 71 51 
32 59 4 47 52 34 16 62 77 26 9 51 7 22 37 61 56 45 81 2 65 25 8 42 1 75 21 38 74 50 12 28 54 60 55 35 15 30 58 67 76 78 57 66 18 49 13 69 46 33 72 48 79 41 68 64 17 20 3 44 11 71 80 27 73 29 53 63 14 10 43 39 40 36 5 24 19 6 70 23 31 
8 75 64 54 49 13 23 10 18 29 43 44 72 33 14 1 24 76 36 63 52 57 66 73 28 15 68 41 47 69 80 31 16 61 70 59 40 46 77 3 32 71 45 4 53 51 25 5 6 38 62 60 50 17 67 22 39 56 30 12 79 34 7 20 58 11 9 65 55 21 74 19 48 37 35 26 81 78 27 2 42 
22 15 43 73 69 57 12 7 56 78 20 11 42 39 52 66 31 36 34 50 67 29 37 26 53 80 74 4 32 76 27 44 33 8 81 40 19 54 48 79 2 21 16 9 35 70 77 63 59 61 71 75 1 3 25 60 6 46 51 47 65 5 58 23 24 62 18 38 17 13 64 72 41 68 30 49 28 55 14 10 45 
44 9 37 11 40 55 71 58 2 10 34 54 48 64 19 21 73 63 38 46 60 61 14 32 76 13 41 7 26 68 56 65 1 24 6 5 47 28 80 31 50 59 17 42 12 43 18 45 20 30 78 67 74 22 53 62 72 23 49 27 77 75 57 25 36 51 35 70 69 66 81 33 4 79 16 52 8 39 3 29 15 
51 17 74 60 30 68 14 66 41 28 46 25 59 79 2 58 47 16 71 31 45 4 40 62 77 24 56 67 13 57 49 21 53 18 42 34 81 20 10 27 73 64 70 44 5 29 32 36 12 9 23 7 39 19 38 55 8 61 48 43 63 35 37 15 26 1 52 3 78 76 54 6 65 22 50 33 75 11 80 69 72 
71 60 35 67 5 58 77 37 40 34 48 8 16 74 4 26 42 65 30 10 17 15 51 25 57 36 11 54 22 80 6 66 12 76 19 7 24 2 59 32 3 53 61 41 56 20 38 27 31 21 44 14 62 18 52 45 50 13 68 33 78 49 63 46 28 69 39 9 73 29 23 75 43 81 72 55 47 70 79 64 1 
2 70 46 50 11 43 56 59 52 5 62 63 64 76 33 10 40 29 18 48 6 44 13 78 80 21 47 30 25 37 24 81 4 68 77 61 31 26 74 23 34 17 69 67 42 57 1 7 53 39 49 71 32 72 27 51 19 16 14 35 20 55 73 22 79 38 60 41 12 58 36 45 15 9 8 66 65 54 28 75 3 
73 44 25 13 42 1 76 57 47 6 67 68 39 11 75 18 80 58 50 49 26 8 71 55 63 4 29 79 23 46 33 72 65 35 27 62 38 52 22 77 12 30 81 16 28 19 3 66 15 78 36 37 45 54 41 48 61 10 32 5 69 43 9 74 2 31 7 64 59 24 34 70 60 17 56 20 21 40 51 53 14 
3 78 41 26 63 51 9 4 48 14 27 59 31 12 38 35 57 72 53 54 46 73 24 37 74 77 45 58 28 42 44 60 8 39 15 13 20 49 66 76 68 25 19 11 43 64 40 16 75 56 2 30 33 50 6 70 1 34 71 17 81 79 23 47 61 55 32 21 18 67 5 65 29 52 7 69 36 62 10 80 22 
6 30 68 80 81 38 15 74 64 52 78 56 23 7 61 24 46 71 2 75 79 40 32 66 33 62 39 55 5 9 26 20 36 70 57 43 44 1 4 65 27 35 73 14 48 10 47 13 22 67 58 69 60 12 18 54 29 37 8 59 28 21 53 63 42 72 16 11 49 3 17 51 34 19 76 31 41 50 45 77 25 
53 34 55 17 27 12 45 18 33 50 69 13 51 54 30 20 77 81 61 5 64 9 68 67 3 35 19 63 31 38 47 10 14 21 74 2 39 15 79 70 58 7 6 71 46 8 23 26 80 43 41 29 52 28 65 56 60 36 75 22 57 62 72 76 66 4 25 37 44 78 40 1 49 24 11 16 59 73 32 42 48 
36 14 21 31 20 75 49 19 7 3 15 2 32 60 22 43 53 44 23 28 34 41 81 76 38 16 65 51 18 11 73 50 48 40 69 1 80 55 29 57 62 5 72 63 45 59 17 70 4 35 79 42 9 46 47 67 77 30 39 25 64 24 66 13 54 6 71 52 10 8 33 56 58 78 12 74 26 27 37 61 68 
65 16 10 29 61 69 24 72 66 21 37 79 28 17 1 45 41 55 22 27 59 70 7 52 43 12 58 56 75 53 3 67 71 49 64 32 60 33 36 9 54 40 78 8 47 25 68 6 77 81 34 73 48 51 74 38 11 4 42 31 44 46 76 62 57 19 26 50 20 15 80 14 5 2 23 63 39 18 35 13 30 
79 54 39 32 62 28 8 23 22 49 73 70 47 66 36 9 19 25 56 14 72 60 69 31 20 1 42 16 17 52 78 41 34 59 29 45 37 51 13 50 21 18 64 10 75 11 63 76 24 55 61 5 65 74 40 12 26 15 7 58 3 80 2 48 77 35 43 30 81 27 53 68 6 57 4 46 44 71 38 33 67 
63 57 75 41 7 59 72 71 3 43 38 78 81 24 20 49 52 73 40 12 76 32 15 51 66 11 13 77 39 33 60 53 70 2 17 8 74 18 69 62 80 1 29 19 10 56 64 54 67 23 27 65 28 26 14 37 48 79 25 61 35 9 36 42 34 50 47 45 16 55 30 46 22 6 44 5 31 68 58 21 4 
27 31 70 65 44 30 11 69 45 16 40 21 14 48 9 63 79 22 68 34 38 43 61 39 64 10 80 49 6 20 25 47 41 36 7 23 67 4 8 75 56 60 50 52 77 42 2 37 51 62 53 46 72 1 26 28 78 58 57 19 32 33 5 81 12 15 66 59 74 54 76 29 24 73 13 17 35 3 55 18 71 
35 4 58 15 55 16 40 12 39 77 51 46 67 25 26 31 50 53 5 47 33 62 44 21 52 17 79 29 73 30 66 22 18 75 9 64 3 78 32 81 63 13 37 2 76 14 74 68 19 45 59 20 71 8 56 80 49 38 11 65 42 41 70 10 1 60 57 23 28 6 24 36 54 43 48 7 34 72 61 27 69 
54 48 56 2 77 19 28 33 81 8 44 15 11 65 10 30 12 4 42 78 49 1 9 3 37 46 67 61 35 51 50 45 21 27 68 26 17 47 64 20 39 41 43 24 22 6 79 60 5 34 13 57 18 66 76 72 55 31 40 69 74 7 29 52 14 73 63 25 58 53 71 32 23 38 80 75 62 36 59 16 70 
66 1 8 74 24 53 18 60 46 42 6 61 68 34 28 32 33 80 27 29 41 14 19 20 59 2 36 48 4 54 43 38 57 56 5 72 79 23 15 51 40 9 25 73 58 69 16 77 35 52 47 55 75 31 44 17 21 50 63 30 71 3 67 26 70 13 22 7 64 62 49 78 10 11 65 37 45 81 76 12 39 
21 23 61 22 80 36 17 25 42 18 2 1 74 56 64 62 59 47 72 65 75 7 57 63 73 71 70 69 24 16 31 15 76 3 37 81 27 11 5 6 55 26 46 30 49 39 78 10 32 29 48 58 12 38 43 8 34 45 52 13 4 54 68 33 20 41 44 40 35 9 51 67 50 14 28 60 79 53 19 66 77 
37 64 51 6 10 49 29 13 14 54 70 5 58 75 27 55 17 57 77 53 56 45 31 24 60 69 50 34 40 63 67 19 52 46 59 65 35 38 72 16 61 66 28 7 71 36 4 33 3 80 76 44 25 9 81 2 62 22 1 23 73 12 15 18 68 79 21 39 8 48 11 43 20 47 26 30 74 41 42 78 32 
68 52 26 43 47 62 50 38 67 7 39 41 76 13 29 71 45 19 35 16 23 48 58 8 81 54 6 78 10 14 79 74 55 80 32 28 59 44 12 42 65 31 34 36 57 22 73 17 11 70 30 24 21 15 60 18 53 64 20 77 75 66 51 61 4 5 72 69 27 37 2 3 33 56 63 40 49 25 1 9 46 
20 73 78 79 32 5 34 9 76 69 36 37 66 23 72 60 3 35 25 26 74 22 55 18 30 28 4 13 58 44 42 1 62 11 12 71 33 70 21 45 53 54 14 48 68 41 61 50 40 7 63 81 43 49 46 47 10 27 59 6 24 16 39 65 38 80 17 75 31 56 19 77 52 29 67 51 64 15 8 57 2 
49 33 28 24 36 18 60 14 68 2 21 53 15 43 35 25 37 48 51 13 42 80 11 46 61 3 64 1 8 75 4 9 31 50 16 74 77 27 23 5 41 52 39 81 44 30 45 62 78 72 26 79 40 34 20 66 59 57 47 70 12 6 65 29 19 56 10 58 54 71 22 17 63 67 69 76 38 32 73 7 55 
52 65 29 12 45 66 62 50 53 22 55 64 46 31 5 54 23 24 33 25 14 76 26 6 71 8 17 15 34 49 37 3 58 43 20 79 72 19 40 78 75 74 21 51 32 67 44 1 60 59 7 10 73 16 13 35 68 77 38 42 56 18 41 69 11 39 28 36 47 63 27 57 9 70 81 2 80 30 48 4 61 
81 10 19 4 13 77 5 11 72 12 63 69 30 52 34 76 28 33 1 57 44 74 21 58 23 55 60 6 29 48 68 24 45 25 40 73 56 64 2 49 31 65 67 79 50 32 36 15 47 17 39 70 38 43 9 27 22 80 62 16 54 8 78 7 41 18 61 20 51 26 75 37 71 35 3 59 14 42 53 46 66 
46 8 1 78 67 26 75 51 32 68 79 77 19 57 73 70 14 49 39 24 9 54 20 53 18 5 27 47 52 62 55 59 2 69 61 22 66 35 3 33 48 36 7 58 38 13 11 71 42 76 65 56 64 6 29 31 45 17 81 63 72 44 21 80 25 16 30 34 40 23 4 50 74 60 41 28 15 10 43 37 12 
15 61 38 20 3 40 27 35 25 59 66 42 75 78 6 29 44 60 41 4 63 49 2 81 50 43 37 11 33 17 76 57 19 10 46 56 14 73 30 26 71 47 55 53 62 9 80 12 74 22 69 18 58 5 32 24 7 1 64 67 52 39 28 68 48 21 31 72 45 70 79 13 77 65 36 34 23 51 16 54 8 
42 76 79 7 56 64 30 43 23 27 47 74 8 10 80 16 26 67 31 72 62 12 28 70 22 40 59 35 36 65 32 18 66 41 21 60 29 57 25 4 17 46 63 61 34 81 37 48 2 50 51 54 20 53 55 73 14 11 69 3 19 58 71 77 49 52 15 78 38 33 6 9 39 13 24 1 68 5 44 45 75 
58 55 34 57 74 47 2 31 16 51 18 36 3 45 13 39 7 41 66 73 32 65 75 68 69 56 15 80 30 81 38 71 72 44 23 67 12 37 6 60 11 70 22 54 9 63 19 4 14 28 77 25 49 24 10 61 79 48 26 76 43 50 40 8 46 59 1 53 5 35 62 42 27 21 17 29 52 33 64 20 78 
39 71 6 21 73 48 69 22 59 1 65 4 20 9 40 11 38 17 19 67 36 47 77 34 29 78 30 27 70 28 7 14 64 63 26 54 13 45 76 43 16 42 10 80 8 23 46 61 52 41 35 66 68 57 15 75 33 74 53 51 5 37 25 55 44 24 81 2 32 60 3 12 56 62 18 79 72 49 31 50 58 
41 63 80 9 17 70 54 44 37 81 32 58 71 72 50 56 62 61 10 79 7 52 16 35 48 45 38 12 53 77 13 5 78 42 39 51 69 59 24 1 28 20 68 18 15 27 21 3 29 31 75 33 8 55 36 30 23 49 46 2 34 4 60 67 64 66 14 73 43 74 65 76 57 26 22 19 40 47 25 11 6 
29 2 69 39 23 81 57 16 20 4 35 28 21 71 74 47 63 51 44 38 10 36 52 59 19 26 66 25 72 18 34 48 67 37 33 12 68 5 61 56 45 14 9 31 1 3 55 43 64 49 73 15 30 13 78 53 42 24 6 40 46 17 79 54 27 77 75 62 65 22 60 41 80 50 32 70 58 8 11 76 7 
1 79 63 64 41 21 55 53 43 39 57 16 78 40 44 2 25 38 65 60 12 77 6 49 54 23 46 42 9 29 69 27 26 28 3 11 48 66 71 73 8 34 30 17 81 74 14 75 61 36 67 51 22 45 62 5 13 76 4 7 80 47 18 72 50 68 56 32 70 52 58 35 19 15 59 10 24 20 33 31 37 
11 66 30 45 34 80 59 26 9 79 17 6 62 81 58 46 54 75 13 18 31 27 22 33 70 67 20 40 55 74 61 56 32 51 73 10 28 24 49 25 72 4 41 69 60 71 42 38 48 37 21 52 77 65 35 19 63 3 50 14 15 2 16 44 76 47 23 5 36 7 1 8 12 39 53 64 78 57 68 43 29 
48 19 5 62 72 52 42 28 78 9 31 22 24 41 68 13 15 50 11 39 8 63 76 14 2 29 75 53 7 6 17 54 77 58 38 49 26 65 20 80 79 67 18 46 36 47 56 35 81 16 10 40 34 27 70 21 37 59 74 1 23 32 12 30 33 25 69 43 57 45 73 64 55 51 60 61 4 66 71 3 44 
31 37 17 68 50 14 65 49 71 67 29 76 70 18 60 48 20 66 64 45 58 35 80 79 25 42 1 52 43 47 41 2 15 30 13 36 23 3 7 59 74 6 12 22 16 78 33 53 72 19 57 8 4 32 11 26 54 44 77 56 10 51 69 24 21 61 46 55 39 81 9 63 38 5 75 62 27 28 40 34 73 
33 12 47 40 46 25 38 36 35 19 45 52 55 80 77 59 34 3 16 56 21 53 17 7 51 32 73 65 50 64 75 70 5 4 1 24 78 58 54 10 43 76 15 27 39 26 28 44 68 63 60 62 2 11 66 71 57 72 22 49 61 30 8 6 18 37 29 13 67 14 31 20 79 23 42 48 9 69 81 41 74 
24 32 73 27 18 7 10 3 70 30 1 43 37 42 56 12 36 8 28 74 40 68 4 15 41 61 69 81 60 71 59 23 63 62 35 21 57 13 51 11 33 44 77 64 55 31 9 25 58 79 5 50 66 76 45 29 75 67 65 48 39 38 20 17 53 78 19 80 2 16 26 34 46 49 52 47 22 14 6 72 54 
74 58 54 8 4 60 6 56 51 61 10 14 49 26 53 33 64 11 9 62 47 5 48 30 72 81 24 45 76 79 20 80 22 57 44 78 32 50 75 29 52 19 35 37 63 12 7 39 17 46 70 1 69 23 31 68 36 55 43 41 27 73 34 3 15 40 59 66 71 42 38 28 18 16 21 65 25 2 77 67 13 
75 22 44 77 76 67 61 15 13 73 23 72 69 32 7 65 27 5 57 43 55 3 50 71 34 37 78 8 19 31 16 46 39 66 14 68 70 62 47 21 42 38 53 40 2 24 59 80 54 18 20 41 6 29 64 58 81 25 60 52 9 28 33 79 74 10 49 48 4 51 12 11 36 1 45 56 30 26 63 17 35 
################proper############## 

 average_time = 406.117515 

 success runs = 1 

 total average iters = 6438678.000000 
