Success!!! 
 
 max_col = 
 81 
 
 run_time = 
 115.923280 
 
 once iters = 
 1635383 
 
27 34 19 77 10 39 29 2 28 68 9 57 46 50 21 22 42 67 66 44 70 48 4 58 41 20 31 69 78 80 55 16 13 51 23 60 63 11 81 38 65 36 52 7 18 15 1 43 30 79 54 12 45 35 56 26 3 24 47 75 40 32 62 72 37 33 64 14 5 8 17 25 6 61 71 53 73 59 74 49 76 
51 6 33 22 62 44 13 30 64 37 78 25 34 43 7 61 47 31 54 5 52 60 63 10 21 76 1 14 49 72 28 71 65 46 70 32 16 8 79 66 41 23 73 15 74 36 18 9 55 40 26 11 3 75 77 12 59 38 4 39 69 19 45 81 53 35 29 56 24 58 80 20 50 57 48 42 67 2 68 17 27 
8 37 79 9 55 17 26 63 24 13 65 51 32 56 77 12 54 6 2 46 75 15 22 61 14 40 19 57 27 45 53 7 76 29 52 36 35 34 4 62 68 70 50 5 69 10 39 44 48 38 42 59 78 58 31 49 25 80 74 20 73 81 72 23 11 1 47 30 43 16 71 67 33 64 21 41 3 66 60 18 28 
38 32 58 16 45 74 42 35 23 15 8 62 27 39 11 72 55 53 67 77 81 73 50 13 26 18 47 43 20 40 59 22 30 17 31 34 6 9 71 78 51 49 76 29 37 65 61 41 2 4 21 24 14 64 60 36 10 28 33 1 79 70 68 54 57 3 52 48 19 12 66 46 80 63 44 75 7 25 5 69 56 
3 69 46 81 56 54 59 61 7 63 14 71 45 52 33 20 36 19 39 8 49 24 79 78 72 68 74 41 4 5 10 35 11 62 44 67 31 25 32 27 30 53 57 55 17 60 51 66 6 16 77 28 23 80 21 15 37 48 43 42 2 64 76 75 70 18 22 13 50 34 73 40 1 58 47 9 65 38 29 26 12 
11 52 43 25 49 66 31 78 53 73 60 38 80 10 28 23 79 69 62 12 9 71 42 29 17 59 51 21 47 75 63 39 24 68 1 81 54 14 3 56 33 48 45 44 64 72 57 74 76 20 50 32 67 27 8 18 41 5 35 46 58 22 34 61 55 2 77 7 65 15 26 6 37 16 19 4 36 13 70 30 40 
60 80 5 76 73 4 72 75 68 64 49 35 17 40 16 41 81 3 6 28 25 30 69 65 57 7 37 58 79 12 26 48 15 33 56 18 47 61 1 10 21 39 2 22 43 13 34 71 19 70 46 8 62 29 67 51 23 50 9 55 63 53 66 78 44 74 31 36 42 38 27 59 24 20 45 11 52 32 54 77 14 
67 71 15 20 40 65 12 57 41 18 75 5 1 70 48 74 29 4 11 43 16 33 56 32 36 45 80 50 42 3 38 66 61 2 73 64 13 19 46 77 58 26 60 59 24 47 53 22 31 63 25 81 17 37 6 78 14 30 27 52 54 7 44 76 68 49 62 69 9 10 28 21 39 8 79 34 51 23 35 72 55 
47 21 70 50 36 1 14 18 48 76 2 44 26 58 30 66 24 59 35 64 55 3 23 27 34 38 53 8 37 74 6 54 19 25 77 9 42 12 80 20 28 75 67 40 72 52 7 69 33 56 5 68 73 49 71 61 65 17 57 11 13 16 29 45 39 63 4 60 51 41 79 32 31 46 10 78 15 22 81 62 43 
75 36 66 19 79 69 5 54 38 31 22 67 51 61 17 1 12 42 72 39 74 2 7 3 43 10 24 27 62 15 13 20 48 40 25 21 44 35 28 14 47 65 18 63 50 59 58 30 78 60 29 45 80 8 46 33 55 23 34 81 70 73 16 64 6 52 49 53 4 56 77 37 76 9 57 32 26 71 11 41 68 
18 35 2 32 1 73 28 80 81 10 33 26 7 59 66 77 34 21 25 41 4 5 64 63 27 47 45 3 9 60 70 12 44 57 14 24 56 49 13 23 75 76 19 36 68 67 43 15 52 53 6 37 61 79 58 71 17 31 42 78 29 38 74 50 8 54 11 46 22 55 20 48 51 72 39 40 30 16 69 65 62 
6 47 10 65 26 76 11 25 50 74 71 39 53 78 73 36 3 43 32 52 15 57 16 49 70 29 58 80 55 23 8 61 1 7 59 51 37 77 67 22 79 46 72 69 81 62 28 24 17 33 4 56 20 2 48 27 18 12 68 9 64 41 21 30 13 31 45 63 40 19 42 66 60 34 5 54 75 44 38 14 35 
15 8 52 61 60 40 24 17 9 50 19 65 41 76 75 14 25 44 55 13 79 35 67 21 1 6 30 11 71 18 74 47 28 45 58 16 57 20 48 34 31 51 78 70 26 42 81 73 32 64 3 46 10 66 63 77 54 43 72 49 4 56 5 39 59 12 68 27 69 62 23 38 53 22 37 36 80 29 2 7 33 
62 55 23 74 42 68 57 67 39 79 20 9 29 45 8 54 11 70 48 36 22 69 77 38 56 26 18 31 72 33 81 17 64 65 43 37 52 73 53 16 24 71 80 1 12 27 49 14 41 47 13 5 35 34 59 60 30 75 25 40 66 2 10 7 28 51 58 15 44 32 61 76 21 6 50 46 63 19 78 3 4 
59 43 37 44 29 64 53 7 63 80 28 2 24 4 56 46 68 27 61 75 51 65 31 20 33 12 60 66 38 36 22 32 34 50 49 6 30 5 54 11 39 21 62 17 25 16 26 72 74 23 71 70 9 40 52 35 69 45 76 13 15 1 19 41 67 10 57 18 3 47 78 14 58 81 73 79 55 77 48 42 8 
34 12 77 71 48 41 33 3 22 40 37 49 58 23 69 32 64 30 53 78 76 81 11 50 68 8 44 54 56 46 2 42 29 52 5 35 10 38 60 9 27 74 59 45 4 7 31 55 57 19 65 18 63 21 51 39 62 6 20 80 61 67 14 79 16 36 75 73 72 70 24 26 17 15 66 1 43 47 13 28 25 
30 70 20 14 58 16 78 45 56 57 52 13 62 81 63 15 72 5 73 71 19 28 9 40 46 37 66 67 76 26 41 10 69 39 4 75 43 29 33 6 2 64 42 8 55 22 38 48 51 25 68 77 44 54 47 7 11 3 50 32 53 36 79 17 35 34 80 65 60 74 21 1 49 59 31 27 24 61 12 23 18 
72 49 51 21 4 13 27 31 46 16 18 60 55 48 6 47 35 38 23 34 80 59 14 17 42 62 54 73 77 19 30 79 78 63 68 53 58 3 66 15 40 7 41 61 32 50 75 36 39 76 12 1 69 11 65 28 26 57 8 22 44 37 24 5 2 81 9 71 33 25 43 29 20 52 70 74 10 56 45 64 67 
66 11 6 55 22 45 32 73 40 4 31 42 30 69 34 33 60 1 47 16 78 7 74 9 3 72 13 36 54 17 48 76 67 18 71 12 38 80 59 39 53 37 28 64 77 43 41 20 68 27 24 51 57 81 70 58 61 21 19 65 62 5 25 46 10 14 50 75 29 63 15 8 56 26 35 2 23 79 49 44 52 
10 57 9 39 19 7 15 60 78 51 45 12 35 18 62 48 77 16 37 17 67 46 5 8 71 22 41 59 40 4 24 44 81 49 33 63 23 58 30 32 66 79 3 6 75 25 2 64 65 1 56 61 28 76 80 52 36 68 14 50 43 74 69 21 42 13 73 47 27 26 34 70 29 54 53 31 20 11 72 55 38 
4 56 25 69 65 61 41 64 14 70 68 8 47 9 72 53 10 73 38 6 26 27 76 44 77 79 28 46 74 42 5 29 43 22 21 2 20 55 50 33 78 11 34 12 7 31 40 17 49 39 19 30 60 23 75 32 15 37 45 66 24 71 3 62 81 80 18 35 52 54 51 36 16 13 58 57 59 48 63 67 1 
79 31 71 34 3 8 37 77 70 54 81 22 56 36 55 21 6 63 59 1 10 58 43 48 29 69 25 51 32 28 75 65 35 73 13 26 72 76 52 61 49 47 15 16 60 5 4 7 62 67 9 50 18 46 78 41 57 2 53 17 23 11 38 12 64 24 30 44 74 20 33 19 68 40 80 66 45 14 39 27 42 
81 59 13 68 75 26 67 38 16 23 29 37 20 74 49 78 43 28 24 30 42 80 66 55 65 60 50 72 1 9 34 3 8 14 41 57 22 36 21 19 70 35 71 62 27 77 52 63 53 32 48 58 54 10 12 56 4 79 64 18 39 44 33 40 25 6 7 45 31 2 69 11 61 5 46 47 17 76 73 51 15 
21 5 24 29 23 50 58 43 49 19 38 7 79 17 59 25 14 80 70 56 54 32 18 52 75 57 11 53 15 39 27 37 10 20 62 68 1 45 42 13 9 63 31 2 8 74 12 34 26 22 44 47 6 73 55 46 16 40 30 77 48 51 35 66 61 72 41 76 67 28 4 65 36 78 33 64 60 81 3 71 69 
76 1 27 30 47 35 52 44 12 67 15 46 71 24 41 26 40 2 36 51 20 61 19 68 53 39 33 70 64 55 80 50 16 31 60 11 14 69 10 73 74 81 54 25 5 79 13 3 42 45 75 66 59 38 9 8 6 29 63 28 72 49 22 58 48 32 23 17 78 57 56 43 18 21 7 37 4 62 65 34 77 
42 51 53 36 80 48 17 28 33 65 32 58 5 75 13 57 76 52 40 73 63 64 21 31 2 23 62 45 61 25 78 6 7 38 69 66 18 43 41 67 44 4 24 56 46 55 35 29 16 8 72 14 11 15 1 34 47 26 81 59 20 54 27 71 77 68 3 39 79 49 37 60 70 30 9 12 19 74 10 50 22 
46 54 63 72 74 2 18 20 62 27 44 66 64 3 50 11 61 39 49 35 45 12 15 34 4 81 14 52 19 79 56 23 77 58 47 30 29 68 17 51 48 40 26 65 57 78 70 37 80 21 69 71 36 33 7 10 73 76 67 60 42 13 31 1 9 59 5 22 38 53 16 55 28 41 32 8 25 24 43 75 6 
14 79 22 49 2 58 6 51 26 21 76 1 69 28 12 64 19 33 78 9 47 70 71 46 74 42 68 75 67 20 17 60 4 81 16 52 59 31 43 40 57 55 39 27 11 61 45 13 29 34 10 73 24 7 5 62 35 63 32 36 41 65 48 80 50 53 25 54 18 37 3 23 38 44 77 15 66 8 30 56 72 
40 41 80 66 39 10 81 50 27 78 70 36 23 62 54 31 22 45 52 79 7 37 32 57 11 2 4 1 24 6 29 38 71 12 55 8 76 17 63 47 73 42 69 30 3 20 25 51 77 43 53 48 75 26 15 9 34 33 13 44 67 46 49 35 74 28 59 61 58 72 5 56 19 65 68 21 14 18 64 60 16 
20 62 69 64 21 18 47 4 13 25 26 61 8 57 60 52 15 49 76 27 23 45 10 35 50 44 55 32 65 59 37 34 5 74 40 41 51 78 58 7 56 9 75 71 80 6 19 42 63 17 36 67 33 22 53 16 39 77 38 14 68 72 70 48 43 79 2 1 66 30 81 31 54 11 28 3 12 73 24 29 46 
71 29 32 73 67 60 75 11 17 3 16 40 2 46 20 79 5 77 81 33 12 54 6 30 8 21 15 35 66 51 57 13 42 23 64 47 50 74 61 26 18 25 36 48 49 39 80 65 28 62 58 44 72 56 19 31 1 78 24 7 76 59 4 9 22 27 70 38 14 68 63 69 43 53 34 45 41 55 52 10 37 
52 48 45 31 53 78 61 8 42 14 35 43 73 66 51 27 38 29 26 67 56 13 62 25 18 58 63 7 3 77 68 36 50 79 80 54 12 72 24 28 34 32 81 21 19 46 74 57 23 9 37 2 41 70 30 75 22 11 71 64 10 55 20 16 60 65 44 4 39 17 76 15 5 33 59 69 49 40 1 6 47 
65 30 57 54 35 59 1 70 44 72 55 17 9 32 53 4 37 24 22 80 77 41 34 75 51 64 39 15 45 2 61 26 31 19 76 73 60 62 38 52 16 5 29 14 10 18 69 79 66 68 40 78 8 47 74 50 12 81 3 43 28 25 56 36 21 20 33 6 46 11 13 49 71 48 42 67 58 27 23 63 7 
36 24 7 37 25 15 77 68 43 34 11 56 74 67 47 6 71 50 5 60 59 16 1 72 48 28 73 49 14 30 58 21 27 70 63 69 65 46 44 53 20 33 22 41 2 81 32 38 54 3 55 4 12 31 23 42 66 18 61 29 45 79 80 52 19 64 10 57 26 40 8 75 62 51 76 35 13 39 17 9 78 
9 38 3 28 12 55 74 16 5 41 30 75 13 63 18 10 39 81 19 31 40 29 65 66 49 53 69 48 44 56 11 72 33 78 46 43 8 15 68 1 37 77 4 23 70 64 76 60 59 50 14 35 21 71 27 6 2 47 73 58 17 52 54 32 62 42 24 34 45 51 67 7 26 36 61 20 22 57 25 80 79 
63 76 56 46 33 72 19 23 34 7 59 68 44 65 42 58 80 48 43 3 14 17 20 24 61 36 38 10 28 22 25 18 9 53 39 62 64 67 45 35 13 54 6 66 79 30 16 49 1 5 11 15 27 52 37 40 21 69 51 8 57 60 26 77 29 41 78 12 47 71 55 73 2 32 74 70 31 4 50 81 75 
77 14 75 70 6 36 34 71 35 47 3 79 54 22 31 55 65 10 4 25 46 51 61 2 58 32 52 13 33 64 20 41 73 16 9 80 24 40 26 63 42 56 43 68 45 21 60 28 8 74 39 62 1 5 17 30 72 59 12 57 18 76 81 11 27 67 38 49 48 66 7 53 78 29 23 44 50 69 15 37 19 
16 81 40 60 9 43 56 65 8 39 67 45 38 44 32 19 26 57 21 15 24 10 37 71 54 35 27 30 2 69 66 49 55 1 11 25 28 41 62 5 80 29 23 50 34 73 20 6 14 12 18 72 77 63 22 70 46 4 7 61 3 75 36 68 78 58 13 31 17 42 52 47 48 76 64 51 79 53 33 59 74 
73 74 64 17 69 27 3 46 11 9 50 24 25 7 4 2 49 75 42 14 44 47 59 76 38 48 23 62 8 53 60 40 12 6 10 77 79 57 18 71 36 31 35 72 30 37 68 26 43 54 34 19 51 78 16 21 5 41 65 67 1 20 55 22 15 39 63 81 28 33 29 80 52 70 56 58 61 45 32 13 66 
22 63 38 80 59 12 68 79 31 1 74 72 15 77 71 28 18 78 7 69 13 11 53 70 39 17 3 34 5 52 51 57 56 67 36 29 32 81 16 76 46 66 20 49 48 23 47 33 58 42 35 64 30 41 40 73 50 27 37 45 19 10 43 55 24 44 61 62 54 65 6 4 9 25 8 14 21 60 75 2 26 
53 7 72 10 28 37 55 62 54 29 66 76 52 16 23 63 51 61 45 68 57 36 26 64 9 1 77 19 70 58 4 31 59 24 78 46 15 39 2 69 3 12 25 33 14 75 27 32 11 81 38 40 65 44 13 74 48 35 49 71 34 6 8 20 56 30 60 41 21 43 50 79 47 73 18 17 5 42 67 22 80 
44 4 39 52 18 5 25 66 57 81 48 33 59 60 70 17 73 68 20 50 34 19 41 6 30 56 65 79 7 35 43 14 37 47 38 72 9 64 27 74 55 61 58 67 21 80 71 76 22 49 31 13 53 69 42 2 78 32 15 26 11 29 23 10 75 40 51 8 16 36 1 45 77 24 12 62 54 63 28 46 3 
45 78 47 2 13 23 76 41 21 11 27 80 37 14 40 43 53 56 33 63 31 8 75 12 67 55 29 22 50 71 42 28 32 26 15 44 4 6 51 59 54 52 65 77 73 70 10 25 61 7 66 17 46 48 62 79 68 64 58 24 9 39 60 69 72 5 19 74 57 3 18 35 34 49 36 81 38 20 16 1 30 
26 50 29 33 61 19 48 32 51 69 36 30 21 20 5 42 62 58 79 72 43 18 73 22 40 74 49 81 63 54 76 45 17 3 27 65 7 75 78 8 10 1 44 60 13 57 24 67 4 59 15 9 2 16 38 14 28 56 80 53 47 66 52 25 46 70 34 37 23 77 12 64 11 31 55 68 6 35 41 39 71 
1 20 42 67 15 24 30 49 58 35 12 64 6 41 46 34 8 13 28 62 60 78 81 5 80 66 16 74 48 21 23 68 75 61 18 39 19 22 11 70 38 17 37 53 47 29 79 56 50 55 45 3 52 36 25 54 44 51 69 33 31 63 77 2 14 76 32 26 71 73 59 9 7 10 4 72 27 43 57 40 65 
2 77 11 15 63 9 4 22 67 24 6 54 50 34 1 65 32 62 69 74 28 49 70 80 52 25 75 20 60 10 35 33 14 8 81 23 5 44 72 21 61 16 30 31 66 3 29 27 64 41 59 53 38 45 73 76 58 13 36 47 7 12 71 56 79 17 40 55 37 78 19 39 42 68 51 48 46 26 18 43 57 
23 58 68 53 54 62 69 47 36 33 41 16 77 73 39 30 70 17 34 19 48 67 57 37 76 31 26 6 25 11 49 46 52 28 3 56 75 18 9 79 45 43 10 4 29 32 63 50 13 44 80 42 15 51 20 24 38 65 22 27 59 14 78 74 71 61 66 72 81 35 60 5 8 12 1 55 40 64 7 21 2 
32 19 8 24 64 79 66 13 74 58 40 10 49 47 29 76 59 55 51 4 1 20 17 42 35 78 61 5 34 48 31 67 18 43 22 7 25 70 37 41 50 28 14 46 65 54 21 11 71 73 2 26 81 68 57 80 33 39 60 6 56 23 9 27 38 75 12 3 53 44 62 52 30 69 63 16 72 36 77 15 45 
28 3 81 35 20 31 80 72 45 42 61 15 4 25 43 75 69 12 18 10 5 39 30 54 44 9 71 2 17 29 65 74 66 21 79 27 68 32 22 64 1 6 13 26 63 24 56 52 70 46 7 57 19 60 34 37 8 55 48 16 49 40 11 14 36 73 67 51 41 76 58 77 23 38 62 33 78 50 53 47 59 
50 44 55 38 17 42 71 56 25 36 46 28 81 21 68 37 74 14 8 58 3 40 2 7 22 33 79 47 73 62 45 30 53 13 72 4 39 59 69 57 12 80 77 24 23 49 78 35 34 75 43 65 76 61 66 5 51 10 1 54 32 18 64 6 63 26 48 29 15 31 11 16 67 19 60 52 70 9 27 20 41 
43 75 34 57 78 70 51 27 76 48 53 11 22 19 79 45 63 60 68 21 73 38 55 47 12 15 6 71 36 32 77 9 26 54 61 1 2 56 40 42 62 3 7 74 52 8 72 39 20 66 16 31 5 14 35 69 67 44 41 25 81 17 28 33 30 23 46 59 80 18 64 50 4 37 65 10 29 49 58 24 13 
12 18 59 40 52 6 46 14 61 66 23 3 72 5 2 9 13 71 27 29 65 56 45 41 60 63 43 16 57 78 64 24 58 69 19 38 67 53 20 55 81 8 51 35 36 17 33 47 10 37 30 74 48 77 50 68 79 42 62 4 21 26 15 70 7 25 54 32 34 1 49 22 73 75 11 80 44 28 31 76 39 
39 26 21 7 16 30 49 33 10 8 51 20 31 64 57 35 78 18 46 11 66 62 24 23 59 50 32 44 80 70 12 55 63 41 37 76 48 27 34 60 15 73 38 47 71 40 22 1 79 6 67 36 58 4 29 19 45 52 75 72 74 77 53 42 69 9 65 43 2 13 68 28 25 17 81 5 56 3 14 54 61 
48 65 60 41 37 29 73 5 1 38 80 52 67 26 27 56 44 7 13 81 36 53 72 14 16 77 64 39 68 50 15 59 51 75 42 40 49 54 76 58 11 78 17 19 33 28 9 23 25 18 62 69 55 12 2 3 70 61 31 63 46 43 30 4 45 47 8 21 20 24 10 57 22 79 6 71 74 34 66 35 32 
78 15 4 43 5 63 21 74 18 61 69 77 40 37 36 8 57 79 3 42 68 22 46 26 45 34 81 65 51 38 16 27 41 32 20 59 70 2 25 24 76 44 55 28 31 56 11 58 67 14 33 54 49 9 10 17 64 60 29 73 35 62 39 13 80 48 71 19 1 50 75 72 12 7 52 6 53 30 47 66 23 
61 72 44 3 81 49 65 59 2 55 64 53 60 38 15 16 52 46 74 76 50 77 29 36 37 41 9 26 75 8 47 1 6 66 57 45 69 42 19 4 14 34 79 78 58 63 17 62 73 51 27 43 25 24 11 48 31 71 21 70 12 30 13 67 40 7 39 5 10 23 32 33 35 56 20 18 28 80 22 68 54 
64 46 35 62 11 52 16 19 32 43 7 29 28 33 26 81 56 41 44 24 58 1 12 4 13 71 57 25 22 34 18 53 3 55 48 14 36 50 49 37 8 10 40 75 54 45 30 80 60 65 23 39 68 72 76 47 42 15 66 5 78 61 6 51 73 21 20 79 59 27 31 63 74 2 38 77 69 67 9 70 17 
33 45 12 79 50 14 70 76 71 17 13 23 19 72 65 44 31 74 15 47 35 66 39 73 28 67 40 9 21 24 69 78 49 36 30 58 53 1 56 48 77 60 27 32 62 41 64 16 38 57 81 7 42 18 3 20 52 25 54 2 51 80 63 8 26 4 37 68 6 46 22 34 59 43 29 61 11 75 55 5 10 
29 9 17 48 8 20 10 6 55 12 25 18 78 42 35 68 2 76 64 7 61 21 33 43 63 51 56 37 46 44 71 5 72 80 54 74 41 13 39 3 67 38 66 57 16 19 59 31 40 77 70 34 47 50 32 4 75 14 23 69 22 28 65 53 49 11 36 52 30 60 45 58 79 62 27 24 1 15 26 73 81 
7 22 73 13 27 53 38 36 37 71 39 48 70 54 58 80 4 11 14 55 2 23 8 16 6 30 20 33 31 63 50 52 62 60 29 10 17 65 12 68 64 45 47 51 59 1 66 21 5 15 32 75 79 28 24 67 74 72 40 56 26 9 57 3 76 43 81 77 61 69 35 18 46 42 49 25 34 41 19 78 44 
57 60 26 58 68 51 54 42 75 20 21 27 63 1 24 67 9 22 80 18 32 31 38 62 25 19 17 40 81 73 39 43 2 77 28 61 74 52 7 30 23 15 5 11 35 69 55 46 3 48 8 10 29 6 45 53 49 34 79 41 33 50 59 44 12 66 56 16 70 14 47 78 65 71 13 76 37 72 36 4 64 
25 67 31 56 77 47 39 40 30 62 73 34 14 6 10 49 66 51 65 70 69 72 54 59 78 75 5 23 11 68 19 4 79 35 7 15 80 33 29 18 71 22 46 43 61 2 36 53 12 26 52 76 13 20 44 1 81 16 55 37 38 27 58 28 41 57 17 24 64 9 74 42 45 60 3 63 48 21 8 32 50 
41 66 28 1 24 34 23 69 80 32 5 50 75 30 3 59 45 47 60 49 11 52 48 53 79 27 10 64 13 76 67 56 70 42 12 17 73 21 6 81 26 72 63 20 9 71 44 4 35 61 78 22 37 74 36 43 7 8 46 19 77 68 18 38 65 62 15 25 55 29 2 54 40 14 16 39 33 58 51 57 31 
80 23 74 75 51 38 45 21 6 49 63 78 16 68 64 69 7 20 29 65 53 43 44 67 81 14 2 61 10 66 52 62 36 30 26 31 55 60 57 25 72 18 9 3 56 76 5 40 46 24 79 33 39 32 28 59 71 58 11 15 8 48 37 34 1 77 27 42 35 22 41 12 13 50 54 73 47 17 4 19 70 
68 27 62 8 57 3 63 12 69 22 58 73 10 2 9 18 67 72 16 38 71 25 78 60 31 11 35 56 6 14 54 80 74 64 50 5 66 28 77 46 59 24 33 79 51 26 37 81 15 13 20 55 4 53 39 65 29 7 70 30 75 34 47 49 17 19 21 40 76 45 48 44 41 1 43 23 32 52 42 61 36 
54 17 30 47 31 22 40 1 66 45 34 59 39 12 61 50 75 35 77 23 21 26 13 79 69 70 72 28 18 41 46 2 38 37 67 19 27 16 73 80 32 20 74 58 44 48 6 78 9 52 49 29 71 57 64 63 60 36 56 68 14 42 51 15 5 55 43 11 7 4 53 10 81 3 25 65 62 33 76 8 24 
19 13 48 18 46 32 36 55 29 6 62 4 43 71 14 51 41 65 58 66 17 76 47 1 20 3 34 60 59 49 72 69 57 15 75 42 61 30 64 45 35 67 70 37 22 44 77 12 56 80 28 23 50 25 79 81 9 54 5 38 16 24 73 31 33 8 26 78 63 52 39 2 27 74 40 7 68 10 21 53 11 
58 39 76 5 71 67 9 34 73 26 1 70 36 53 52 13 21 54 41 45 8 63 28 33 64 24 12 78 29 27 7 77 47 48 32 20 11 4 23 43 17 50 68 10 42 14 62 2 75 35 61 60 31 19 72 55 40 49 18 74 6 69 46 65 3 38 79 66 25 59 30 81 44 80 15 22 57 37 56 16 51 
70 28 61 4 41 56 44 10 59 30 47 81 3 15 25 5 33 66 9 57 18 42 68 19 55 49 46 63 58 13 40 8 21 11 65 71 34 48 31 29 52 62 53 76 1 51 73 45 27 36 74 16 7 17 43 23 77 22 78 12 50 35 67 37 32 60 14 80 75 64 54 24 72 39 69 26 2 6 79 38 20 
37 64 50 26 72 25 7 24 60 28 42 74 11 79 19 38 46 32 10 48 27 75 51 56 15 61 36 55 35 81 3 73 45 76 34 33 40 47 65 2 69 13 8 39 41 68 67 54 21 30 1 63 22 43 4 66 80 53 44 31 52 57 17 18 23 29 16 20 62 6 70 71 14 77 78 49 9 5 59 12 58 
49 2 65 78 14 11 79 53 15 56 77 55 76 80 44 29 23 40 30 54 37 6 52 39 7 73 59 17 16 43 9 25 68 4 24 22 71 26 36 12 5 19 21 81 38 66 42 8 18 69 47 41 70 3 61 45 20 1 10 62 27 33 32 57 51 50 72 58 13 67 46 74 64 28 75 60 35 31 34 48 63 
35 33 16 42 43 81 20 52 77 60 17 31 57 27 37 24 48 8 50 32 62 4 40 74 5 80 22 12 39 1 79 51 23 44 53 70 78 7 15 75 63 14 49 54 6 11 65 10 72 58 64 38 34 59 26 13 76 19 2 3 25 21 41 73 47 69 28 9 56 61 36 68 55 66 67 30 18 46 71 45 29 
74 40 41 51 32 21 35 39 52 77 10 6 42 31 80 70 58 9 63 37 33 68 27 69 47 5 78 18 12 57 14 11 25 72 8 3 26 23 55 50 4 59 48 34 28 53 15 19 81 29 17 79 64 13 54 44 43 66 16 76 60 45 61 24 20 22 1 2 73 7 38 62 75 67 30 56 71 65 46 36 49 
5 10 54 59 76 77 60 81 19 2 24 69 33 55 78 71 16 23 75 53 29 44 58 11 62 52 48 42 43 67 36 15 80 9 66 49 21 37 74 17 6 57 61 13 20 12 50 70 47 72 51 27 56 65 41 25 63 46 28 34 30 8 1 26 18 45 35 64 68 79 14 3 32 4 22 38 39 7 40 31 73 
24 73 78 11 34 33 43 9 3 44 56 47 12 49 67 39 1 36 57 59 30 14 80 15 19 46 70 76 52 7 62 63 22 10 17 79 81 66 8 72 29 58 16 38 40 35 48 75 45 28 41 25 32 55 68 64 27 20 26 21 37 4 50 60 31 71 6 23 77 5 65 51 69 18 2 13 42 54 61 74 53 
55 61 49 12 44 75 50 48 72 53 4 63 18 51 76 62 27 15 31 22 38 34 36 45 32 13 8 77 41 16 73 19 46 59 6 78 33 24 5 65 25 30 1 9 39 58 23 68 7 2 60 20 66 67 14 29 56 74 52 35 71 3 42 43 54 37 69 10 11 81 40 17 57 47 26 28 64 70 80 79 21 
56 53 1 45 66 80 2 37 20 59 72 41 68 35 22 40 28 25 17 26 6 79 49 81 24 4 21 38 30 61 32 75 54 27 74 55 3 10 47 31 60 69 64 42 67 9 46 77 36 71 73 52 43 62 18 11 19 70 39 51 65 15 7 29 34 16 76 33 12 48 57 13 63 23 14 50 8 78 44 58 5 
17 25 18 6 7 57 8 15 47 52 43 32 48 29 81 3 50 34 56 20 72 74 60 28 73 54 42 4 23 65 1 64 40 71 35 13 45 79 75 49 22 68 12 80 76 33 14 61 37 31 63 21 26 30 69 38 53 67 77 10 5 78 2 19 58 46 55 70 36 39 44 41 66 27 24 59 16 51 62 11 9 
31 16 36 27 70 46 64 29 79 75 57 21 66 8 38 7 30 26 71 40 41 9 35 77 10 65 67 68 69 37 44 81 60 5 51 50 62 63 14 54 19 2 11 18 53 34 3 59 24 78 22 49 74 39 33 72 13 73 6 23 55 58 12 47 4 56 42 28 32 80 25 61 15 45 17 43 76 1 20 52 48 
69 42 67 23 30 71 22 26 4 46 79 14 65 13 45 60 17 64 12 61 39 55 3 18 66 16 7 29 53 47 33 58 20 56 2 28 77 51 70 36 43 41 32 73 15 38 54 5 44 11 76 6 40 1 49 57 24 62 59 48 80 31 75 63 52 78 74 50 8 21 9 27 10 35 72 19 81 68 37 25 34 
13 68 14 63 38 28 62 58 65 5 54 19 61 11 74 73 20 37 1 2 64 50 25 51 23 43 76 24 26 31 21 70 39 34 45 48 46 71 35 44 7 27 56 52 78 4 8 18 69 10 57 80 16 42 81 22 32 9 17 79 36 47 40 59 66 15 53 67 49 75 72 30 3 55 41 29 77 12 6 33 60 
################proper############## 

 average_time = 115.923280 

 success runs = 1 

 total average iters = 1635383.000000 
