Success!!! 
 
 max_col = 
 81 
 
 run_time = 
 314.494603 
 
 once iters = 
 5400629 
 
62 39 13 14 64 78 27 16 76 24 67 32 74 23 65 10 29 60 6 42 47 55 18 40 48 7 31 75 73 11 3 66 34 46 28 49 15 9 56 70 8 21 80 33 4 19 59 43 61 44 54 57 36 41 53 37 5 38 50 52 20 71 79 51 68 69 22 35 72 63 12 25 77 2 30 45 26 58 17 81 1 
71 61 56 44 28 74 11 42 36 57 38 40 41 53 37 43 13 18 21 33 73 46 5 77 16 17 35 55 32 15 51 12 50 29 4 7 52 67 1 78 19 62 66 68 54 58 14 76 10 22 63 70 2 72 49 3 24 34 6 69 47 26 9 80 39 30 64 31 81 45 75 60 59 79 8 27 48 20 65 25 23 
18 52 15 77 10 50 17 79 51 75 1 46 21 31 3 22 6 49 4 68 8 78 36 43 70 69 41 76 25 27 48 40 42 20 14 64 60 55 73 47 59 81 74 39 63 30 29 26 66 33 24 28 38 35 56 72 45 80 67 65 2 62 44 37 54 23 7 34 58 32 57 16 11 12 53 5 19 9 13 71 61 
35 46 41 3 38 2 63 55 30 11 44 8 25 73 62 64 68 20 10 29 32 51 76 24 9 72 37 6 53 19 69 58 1 79 26 47 57 34 75 45 22 5 65 27 14 80 18 50 81 48 13 4 52 67 43 36 28 21 23 12 16 66 70 74 17 61 77 49 40 33 71 59 78 31 15 7 60 42 39 56 54 
58 45 33 7 20 34 60 22 24 77 50 17 70 78 56 59 39 16 63 81 3 54 74 44 49 61 15 71 38 67 57 2 5 18 80 21 43 25 13 64 35 6 40 53 11 9 51 23 75 27 12 8 79 37 76 1 31 19 32 29 48 30 46 42 26 41 10 14 55 65 73 28 4 36 66 47 52 69 62 68 72 
43 72 65 57 6 69 23 66 81 19 5 33 48 80 12 30 71 36 60 34 45 26 25 59 14 64 52 77 13 35 39 17 31 70 61 44 50 16 42 7 58 51 2 3 29 73 62 47 46 53 11 1 68 49 10 54 55 22 8 78 15 41 63 20 56 67 4 9 38 79 27 21 76 74 75 28 40 32 24 18 37 
40 29 19 8 47 25 12 70 49 55 42 4 35 45 54 79 27 2 62 30 1 53 58 20 65 28 22 10 23 33 81 72 74 60 24 9 32 48 38 76 69 46 37 26 17 64 34 3 56 77 5 15 31 71 39 59 68 14 75 7 61 51 73 13 18 36 78 44 52 66 11 6 80 41 63 50 57 21 16 43 67 
31 75 59 21 5 26 73 32 9 81 72 76 14 61 58 47 63 34 67 66 2 27 80 39 23 13 12 8 52 30 78 54 56 68 43 37 44 79 77 28 18 71 24 41 36 69 20 25 7 55 45 65 74 16 57 40 42 33 11 64 4 60 17 53 3 70 19 62 1 48 15 50 46 6 35 29 51 38 10 49 22 
48 54 1 67 53 68 4 80 37 9 52 69 15 26 51 28 7 66 57 56 50 79 38 11 71 19 75 63 62 59 16 22 65 45 41 36 31 49 72 10 12 20 30 23 61 60 40 39 78 17 42 32 21 6 27 35 25 58 18 74 81 13 77 76 47 43 2 46 5 29 24 8 64 55 3 33 14 34 70 44 73 
6 71 53 25 66 24 32 17 12 59 47 45 46 3 27 52 14 35 39 15 42 31 37 75 41 60 40 21 19 76 36 63 33 5 68 11 26 74 28 20 78 22 13 30 55 34 8 9 54 64 7 58 62 48 50 18 65 1 77 44 43 10 4 70 2 80 49 69 23 61 38 73 56 72 57 51 79 29 81 67 16 
22 19 36 76 57 55 50 47 31 48 23 73 34 38 67 29 32 7 81 69 74 20 61 33 78 70 65 14 2 37 72 26 39 64 25 40 1 35 66 44 15 59 21 4 8 5 43 68 12 18 30 16 27 56 54 58 63 62 46 71 53 11 6 3 13 60 45 52 79 42 51 17 10 24 28 75 77 49 41 9 80 
13 5 21 69 33 20 29 40 7 22 65 44 8 77 28 61 53 55 49 6 10 58 64 62 11 68 63 56 43 80 73 71 54 23 42 74 9 38 25 16 32 45 18 48 57 75 24 66 31 39 36 76 70 4 81 67 41 30 17 59 51 79 52 1 27 37 46 19 15 72 35 34 2 14 60 12 78 50 3 26 47 
75 35 16 80 27 58 37 54 44 10 62 74 79 40 39 9 26 70 51 57 24 32 34 46 50 5 23 13 3 7 8 1 77 55 17 6 68 29 71 42 41 49 19 63 76 2 47 72 38 52 20 78 67 33 15 25 48 66 56 14 60 21 22 12 64 81 43 4 31 28 59 53 69 73 11 36 30 61 18 45 65 
73 81 2 64 61 49 68 11 3 41 57 54 78 12 75 42 18 37 80 27 55 59 43 38 76 48 9 58 50 51 52 4 47 35 66 15 53 56 6 36 72 60 31 7 10 14 65 17 63 46 77 74 22 79 45 16 32 24 69 34 28 8 23 26 71 20 25 29 44 67 30 5 21 13 39 19 70 40 1 62 33 
28 59 51 34 48 18 65 45 70 66 16 71 80 17 30 20 25 1 13 2 54 67 14 29 47 8 26 57 49 22 44 62 75 78 60 41 24 58 39 50 64 12 81 79 43 35 15 40 53 6 32 21 19 69 31 73 76 61 72 68 5 42 3 11 77 56 63 10 36 74 33 9 7 52 38 23 4 46 37 27 55 
78 43 72 42 79 60 74 63 23 13 33 2 76 19 36 81 50 21 16 17 22 52 56 4 66 30 44 28 46 29 12 34 69 53 65 18 70 51 61 77 67 47 54 14 73 45 25 1 59 3 55 26 10 11 38 80 9 27 20 49 37 7 39 48 40 68 41 32 24 75 62 57 31 71 6 58 15 5 64 35 8 
38 15 26 1 14 46 30 10 41 68 4 5 64 11 63 6 72 56 35 79 77 45 71 21 53 73 28 67 9 48 24 20 32 31 81 70 23 69 27 34 62 3 52 2 40 51 13 29 60 80 50 37 49 61 78 19 57 12 55 36 75 74 33 65 7 54 47 8 18 39 16 58 44 17 76 25 42 43 22 59 66 
4 62 67 39 52 9 56 77 8 49 60 58 51 15 43 24 69 31 25 72 12 3 7 18 1 36 19 27 45 79 59 16 30 38 10 61 11 37 46 65 80 33 17 75 5 23 28 81 73 42 57 41 71 44 35 13 29 26 40 2 70 47 64 78 6 55 21 66 14 50 76 22 74 54 32 48 34 63 68 53 20 
66 4 64 63 76 71 77 13 56 15 78 49 30 70 69 72 16 39 46 65 6 22 21 61 17 67 5 19 79 47 40 28 52 48 53 31 38 44 7 43 29 57 59 32 20 8 80 73 11 50 62 27 23 14 41 60 51 2 24 18 58 81 68 10 37 42 9 74 75 25 45 54 33 34 1 35 55 36 12 3 26 
49 53 50 41 70 80 58 12 11 32 74 51 62 21 23 66 9 43 34 20 40 71 13 57 77 33 2 17 63 81 10 44 55 6 7 60 16 27 45 61 31 69 8 25 72 79 42 18 26 29 65 5 39 28 67 14 59 36 76 48 1 22 78 19 35 52 38 3 56 30 47 15 73 46 54 68 64 24 75 37 4 
57 16 68 43 59 79 72 29 15 53 71 60 58 4 64 46 73 17 8 37 75 14 44 51 32 25 30 54 33 77 13 45 22 66 1 2 67 76 26 62 28 70 55 81 48 40 49 63 21 56 52 24 34 38 69 47 10 31 27 80 3 35 74 6 36 18 12 23 41 78 61 7 5 20 9 65 39 19 11 42 50 
3 36 14 62 30 40 24 48 27 54 75 31 18 5 26 33 55 8 9 41 19 39 69 79 81 76 45 29 59 12 58 56 20 71 64 38 2 6 11 15 42 53 35 22 51 77 16 37 43 4 72 17 60 1 46 50 52 32 61 57 49 25 21 66 44 28 73 68 67 80 34 65 23 10 74 78 47 70 63 7 13 
9 18 75 78 45 65 54 73 34 44 59 42 47 56 61 11 28 12 36 26 68 24 31 50 64 62 29 39 14 49 21 70 72 3 46 16 19 40 23 41 5 52 4 37 79 66 74 10 67 2 35 33 15 32 8 17 7 6 63 30 77 38 20 22 58 13 1 60 27 81 55 43 57 69 25 80 53 71 51 48 76 
33 42 22 19 2 38 20 74 21 35 25 14 1 6 10 7 52 68 72 16 48 12 59 53 28 78 80 30 76 65 23 69 61 8 27 43 64 73 3 71 34 39 9 18 77 13 75 36 41 31 47 55 57 46 79 11 40 70 66 62 45 37 54 63 51 50 32 5 17 4 26 24 29 58 49 56 67 44 15 60 81 
32 69 10 61 1 8 55 44 67 63 80 3 81 76 45 40 57 13 23 38 56 49 35 7 27 4 11 25 36 41 9 5 62 75 37 26 33 60 47 21 24 74 58 65 50 54 6 51 20 30 68 59 78 70 73 15 34 72 42 19 12 43 29 64 48 71 39 53 16 77 46 79 18 66 17 2 22 31 52 14 28 
25 23 35 37 46 52 39 26 17 50 19 77 65 27 48 41 2 22 47 73 58 43 15 70 60 66 3 51 42 18 74 24 57 34 67 68 80 78 63 54 30 36 1 10 75 12 44 53 76 7 81 71 69 45 28 56 64 4 33 55 13 9 5 31 49 11 20 72 29 59 8 14 38 61 40 62 32 6 21 16 79 
5 6 7 47 60 81 31 51 28 29 20 24 36 34 38 37 79 67 55 52 18 1 42 10 63 74 54 15 11 32 80 50 73 4 78 35 56 13 12 66 14 68 46 17 49 48 22 19 58 9 61 25 64 3 26 39 44 75 16 23 71 53 65 21 69 62 76 57 70 40 2 33 30 8 27 41 59 45 72 77 43 
52 31 32 70 67 53 19 33 60 56 45 6 22 39 18 34 15 62 2 25 16 35 66 9 26 79 1 80 61 20 38 10 12 41 69 46 49 75 5 68 13 64 50 36 71 44 48 27 37 74 73 40 7 42 47 65 8 78 59 28 72 77 57 23 24 76 55 54 51 11 17 63 14 30 21 81 43 4 58 29 3 
41 66 12 13 9 6 40 18 77 27 46 53 50 7 72 38 48 14 32 67 64 75 63 8 22 3 24 62 70 54 34 60 15 19 36 59 10 1 21 73 39 42 78 29 26 56 52 31 25 16 69 11 4 51 55 43 80 5 30 81 33 45 76 28 61 58 35 37 47 49 79 2 20 57 68 71 74 23 44 65 17 
30 17 47 73 4 48 21 28 2 80 49 43 37 33 31 54 67 5 74 62 36 70 65 56 68 50 7 64 1 23 18 32 45 58 72 42 40 61 35 24 52 41 60 8 44 10 55 38 34 13 15 19 81 57 6 63 16 71 14 26 46 29 51 75 59 77 27 78 22 20 39 3 9 25 79 53 12 11 76 66 69 
16 78 34 23 15 29 62 35 58 1 77 57 17 9 2 55 21 28 52 14 43 72 49 48 31 47 27 3 66 68 5 13 8 50 6 4 46 11 33 81 45 76 25 51 22 61 26 24 39 71 64 79 54 63 75 32 60 42 36 20 69 56 18 44 67 65 30 70 19 12 53 74 40 59 37 10 41 80 38 73 7 
45 27 55 20 36 7 26 43 10 73 61 47 42 68 70 78 60 30 12 28 57 33 11 54 58 44 39 40 81 21 17 67 51 56 52 65 63 15 37 69 4 23 77 74 6 62 76 35 22 49 75 3 59 8 9 2 38 79 53 66 25 31 41 29 5 1 14 48 71 18 72 80 16 50 19 13 24 64 34 46 32 
79 74 80 54 68 5 8 72 1 4 24 65 69 71 16 12 59 64 15 40 17 37 23 76 46 42 78 73 29 44 22 77 11 25 39 55 7 47 30 67 57 28 32 19 38 20 2 21 9 66 43 14 53 58 3 48 27 49 52 61 35 70 62 60 50 10 81 36 34 41 13 56 63 26 33 31 6 75 45 51 18 
81 63 39 75 25 64 51 24 69 79 8 20 52 41 44 36 10 26 59 53 29 13 77 71 61 45 21 35 31 2 7 14 49 57 76 78 48 12 70 72 3 55 34 66 65 6 17 30 1 23 33 18 5 80 11 74 37 40 19 50 22 4 58 32 62 73 16 43 46 68 9 38 42 28 47 67 27 60 54 15 56 
50 76 61 49 44 22 59 71 38 58 63 11 75 81 13 32 3 40 19 18 5 30 51 41 73 80 60 26 74 16 43 33 79 37 47 24 20 54 31 2 27 9 14 56 53 29 12 70 77 28 46 67 72 65 21 10 23 7 68 1 34 17 15 25 57 45 66 42 64 6 69 4 55 78 62 8 35 52 36 39 48 
56 37 3 46 11 42 14 57 65 23 29 19 66 35 25 76 51 74 20 10 34 4 55 69 38 81 6 9 28 53 27 75 48 30 71 63 18 59 62 58 17 16 79 43 80 68 78 32 50 36 60 45 41 47 13 12 54 64 44 73 39 24 67 52 8 7 31 21 33 15 40 26 22 70 77 72 49 1 5 61 2 
46 28 52 79 72 67 13 1 68 74 51 56 55 43 77 48 40 54 69 63 44 23 45 2 20 11 64 60 21 24 32 57 71 27 33 76 35 19 59 8 36 37 75 16 7 81 58 42 49 73 4 47 66 12 18 41 70 50 38 15 26 39 10 9 34 3 80 65 30 5 31 61 62 53 29 14 17 22 6 78 25 
36 22 37 71 39 45 34 2 61 60 18 50 59 64 76 3 41 27 78 58 49 28 30 52 56 46 51 72 67 69 77 23 35 7 9 10 12 65 81 40 70 43 5 57 1 16 68 15 6 25 79 13 32 24 29 20 14 55 73 31 74 63 47 62 19 53 11 17 54 26 4 48 75 80 42 66 21 33 8 38 44 
59 3 48 9 56 73 10 19 54 16 68 61 7 29 21 14 42 15 50 75 60 36 17 32 80 53 18 2 12 1 65 49 64 62 13 51 4 66 20 11 44 25 6 72 24 55 67 8 57 41 40 38 43 26 33 23 69 77 28 46 78 34 37 35 63 22 70 79 74 27 81 45 52 5 58 39 31 76 30 47 71 
65 47 69 74 17 57 44 6 35 12 31 25 13 28 19 53 80 63 43 5 33 34 40 22 8 37 72 68 15 38 41 52 58 81 45 48 29 50 54 56 55 27 39 42 30 3 10 14 23 70 9 62 61 21 59 79 2 60 1 75 24 64 36 16 66 46 18 7 73 76 78 71 26 32 67 4 20 77 49 11 51 
55 32 11 31 50 51 16 78 53 71 69 1 45 2 33 65 75 81 24 19 67 61 68 26 21 12 76 46 20 40 79 74 18 42 30 25 77 63 10 17 60 80 73 58 62 36 56 7 44 54 27 39 28 5 66 9 4 43 35 22 52 48 49 47 38 57 8 41 37 14 6 29 15 23 13 70 72 3 59 64 34 
42 21 20 33 80 63 66 76 40 30 35 37 6 8 49 17 46 73 65 71 62 57 10 47 3 29 59 34 4 56 70 39 43 36 22 14 78 32 53 18 9 31 26 38 41 52 50 64 48 19 51 2 77 74 7 45 13 67 81 72 44 5 11 55 15 75 60 25 68 23 58 69 1 27 16 54 61 79 28 24 12 
23 25 24 58 41 30 18 8 14 72 66 36 39 79 5 44 62 47 70 13 27 81 9 31 4 77 38 11 16 26 61 29 59 63 3 17 74 46 52 49 2 48 22 15 64 37 71 80 69 76 78 60 75 34 32 6 21 53 51 54 19 65 42 67 12 33 50 28 43 56 1 20 68 7 73 55 10 35 40 57 45 
27 70 38 5 43 4 81 60 62 26 9 22 23 32 52 57 24 78 7 48 41 6 79 15 74 39 16 44 75 66 19 80 53 54 55 73 45 28 34 3 47 14 67 61 33 31 1 20 72 11 17 35 29 59 12 30 58 8 71 76 40 68 25 36 21 64 42 51 77 10 49 13 65 18 69 37 63 56 50 2 46 
7 77 49 26 75 12 64 15 29 70 34 67 38 10 20 58 4 11 42 35 66 73 54 25 55 1 14 31 8 78 37 6 28 47 5 50 13 21 76 51 68 79 71 69 23 22 45 65 30 63 18 46 33 53 80 61 62 17 57 27 56 3 16 40 52 59 44 39 2 24 32 72 19 60 43 9 81 41 48 74 36 
47 55 76 32 63 21 69 27 13 51 39 10 24 66 15 4 31 23 11 74 59 7 20 37 36 58 49 5 41 64 14 79 3 9 35 53 22 30 40 26 56 17 72 54 19 50 70 60 28 81 1 75 42 77 61 57 46 52 48 25 68 16 45 43 33 29 34 18 8 44 80 67 71 65 12 73 62 78 2 6 38 
24 33 17 38 31 41 71 5 80 36 70 18 29 47 46 73 11 6 30 44 4 68 22 66 51 56 77 45 48 75 15 78 16 43 63 62 61 52 79 55 65 50 7 12 9 25 32 2 13 35 21 49 20 64 42 26 67 3 34 8 23 54 69 39 81 40 28 59 53 57 19 27 60 76 72 1 37 74 14 10 58 
70 73 30 51 29 72 46 56 26 38 76 21 57 69 78 45 64 52 54 50 9 2 6 28 39 18 62 22 24 8 66 47 23 44 77 20 14 53 80 33 11 1 41 34 42 65 19 4 5 61 37 12 58 68 40 27 43 15 13 10 63 55 81 17 25 16 48 71 60 7 74 36 32 3 59 49 75 67 31 79 35 
19 12 66 35 18 15 25 49 42 3 43 34 54 16 14 50 65 80 1 24 21 38 67 73 57 63 48 52 10 70 60 81 26 17 29 72 5 77 4 23 75 44 47 76 13 39 9 33 27 59 74 53 40 55 71 7 56 51 78 37 62 2 30 58 20 79 6 22 45 31 68 32 28 64 41 46 36 8 61 69 11 
64 48 8 53 78 77 79 3 4 67 40 59 33 20 9 13 81 72 75 47 14 80 26 60 12 35 34 74 7 36 56 27 25 61 11 28 62 10 32 46 71 58 57 24 16 41 23 22 51 69 31 54 73 17 44 49 19 29 21 38 6 76 1 30 65 15 37 55 66 2 50 42 70 45 18 52 5 68 43 63 39 
37 20 62 6 7 36 75 9 59 5 27 63 12 42 32 74 49 19 53 61 71 25 33 45 40 43 46 1 54 13 68 65 2 67 34 30 3 18 64 60 81 29 69 21 28 11 66 56 47 78 8 72 14 52 17 4 22 39 79 35 73 58 31 77 23 24 26 38 76 70 10 41 48 16 51 44 50 15 80 55 57 
74 34 28 45 16 54 57 39 50 61 30 62 77 55 35 60 44 53 3 64 13 41 81 42 15 32 17 69 71 6 49 37 76 33 59 58 73 8 2 31 51 67 68 78 27 43 38 79 18 10 26 7 48 36 70 24 11 9 80 47 65 14 75 46 4 5 72 12 63 21 52 1 25 19 56 40 23 66 20 22 29 
68 67 44 81 58 11 2 14 43 17 22 79 28 37 7 8 1 75 5 31 52 29 78 23 72 65 10 18 40 55 4 21 19 39 50 32 59 70 15 38 48 63 45 49 25 76 3 16 80 57 71 6 46 30 36 53 66 20 74 60 41 33 12 69 73 51 61 64 62 35 56 47 27 42 26 34 9 13 77 54 24 
1 60 40 10 23 61 22 65 52 2 48 68 71 58 41 26 56 25 76 8 70 16 27 19 79 55 69 38 51 57 42 73 46 12 31 80 37 36 74 6 66 35 43 20 39 24 63 67 15 62 44 34 45 29 72 77 50 59 64 5 32 18 28 54 11 78 13 75 9 3 14 49 17 4 81 30 33 47 7 21 53 
15 40 73 55 37 44 42 30 71 52 12 28 56 1 8 2 78 65 66 9 81 21 19 58 67 41 50 36 17 74 20 35 70 10 18 77 76 23 22 13 53 7 61 46 68 38 33 49 4 79 29 51 6 31 62 64 72 48 25 11 59 57 32 34 16 14 54 24 69 43 3 75 39 63 45 26 80 27 47 5 60 
10 68 31 17 65 59 6 23 78 33 58 29 53 62 57 27 54 44 26 1 35 11 70 16 5 51 42 49 22 71 63 41 24 2 56 19 75 72 48 9 73 4 36 45 3 18 46 55 32 14 39 69 25 13 60 34 15 76 47 79 30 50 61 7 80 74 67 81 12 52 28 77 8 43 64 20 38 37 66 40 21 
60 14 79 66 77 28 53 25 16 69 41 7 61 22 81 35 36 24 31 49 63 15 46 65 18 52 68 78 5 4 64 11 40 13 54 29 47 80 57 37 1 32 38 62 67 72 30 48 3 43 76 10 9 20 51 70 71 23 39 45 8 75 26 2 42 27 56 6 59 73 21 55 58 33 50 17 44 12 74 34 19 
63 64 5 36 49 39 80 62 46 37 17 72 60 48 74 70 38 50 29 55 7 76 2 12 54 27 47 66 30 14 25 42 67 32 51 45 6 31 58 79 26 34 15 44 78 71 77 57 8 75 19 52 1 40 16 81 53 73 43 21 18 69 13 68 10 9 33 20 61 22 23 11 3 35 65 24 56 59 4 28 41 
2 1 81 50 8 70 3 67 32 40 55 75 43 51 71 77 30 10 73 36 79 74 48 6 59 20 61 12 39 28 26 7 9 21 44 69 27 42 65 5 49 11 16 64 52 53 37 45 62 58 34 56 80 15 19 46 33 35 4 63 17 78 24 38 41 72 29 76 13 47 60 66 54 22 14 18 68 25 57 23 31 
26 13 74 11 35 19 7 58 48 76 64 80 73 14 4 21 20 9 77 22 25 8 3 78 45 23 71 79 34 61 55 38 81 72 57 33 51 17 24 59 43 18 63 28 12 70 5 54 16 68 67 42 47 60 65 66 1 44 41 56 29 27 2 50 53 39 40 30 49 62 37 31 36 75 52 6 46 10 69 32 15 
54 38 45 52 69 33 61 75 20 47 6 15 31 59 79 68 5 3 44 4 53 40 62 13 34 24 32 43 37 46 50 48 60 16 8 23 66 39 14 30 21 56 10 71 81 27 41 28 64 65 22 63 11 73 58 42 49 74 12 9 36 80 7 57 70 25 17 26 35 19 18 51 67 1 2 77 76 55 29 72 78 
12 9 27 24 34 56 76 41 57 39 11 23 32 18 66 63 19 45 14 43 28 17 72 30 75 10 33 47 65 52 53 31 80 1 58 3 25 2 69 29 77 54 70 50 60 74 61 44 35 21 59 81 26 78 68 38 20 37 22 67 55 6 40 79 46 48 36 15 4 8 5 64 51 49 7 42 73 16 71 13 62 
72 51 4 29 22 47 43 21 18 25 13 16 26 67 42 49 34 46 56 39 69 64 60 80 37 38 57 59 27 62 76 68 6 73 15 75 55 41 8 19 33 40 20 35 74 17 7 12 2 24 23 36 50 66 5 28 3 54 31 77 10 52 14 45 32 63 58 1 78 71 65 44 79 81 48 61 11 53 9 70 30 
61 57 42 68 71 75 52 4 79 18 3 35 11 30 6 1 70 32 48 12 20 62 28 49 44 26 36 16 78 9 46 25 38 65 21 39 58 14 51 53 50 19 23 60 69 15 54 41 29 34 66 64 13 81 63 8 77 56 10 43 7 73 27 5 22 31 59 2 80 17 67 76 47 37 24 74 45 72 55 33 40 
17 44 54 72 51 76 49 36 25 78 37 39 27 65 34 16 58 4 40 3 46 5 32 1 42 75 53 50 47 45 28 18 10 80 79 67 81 24 55 63 74 73 56 31 35 26 11 62 71 20 6 61 8 43 23 68 30 13 9 33 38 59 19 41 29 21 57 77 48 69 64 52 66 15 70 22 2 7 60 12 14 
69 50 60 15 3 35 38 7 6 42 73 41 67 63 55 56 23 59 61 76 72 77 47 74 2 21 66 32 26 31 33 30 14 40 62 52 8 22 68 4 54 13 27 11 46 57 79 78 65 51 58 48 17 25 37 29 75 28 70 53 80 44 71 81 1 12 24 45 20 34 43 10 49 9 5 16 18 39 19 36 64 
14 10 70 30 26 1 33 31 55 62 79 38 19 46 22 51 66 76 41 60 78 65 16 34 25 59 73 7 72 63 54 43 37 69 23 8 21 71 17 39 61 2 29 77 45 28 35 5 68 32 80 9 24 75 64 52 81 18 15 58 42 12 48 56 74 49 3 47 6 53 36 40 50 44 20 11 13 57 67 4 27 
11 2 77 27 62 32 5 59 74 21 54 48 10 25 47 80 17 33 45 7 38 56 29 55 13 31 43 53 57 73 75 64 4 76 12 81 42 20 18 1 6 72 49 67 15 63 36 69 19 60 70 23 37 50 24 22 79 41 26 40 14 61 34 8 9 66 68 58 28 16 44 39 35 51 46 3 71 65 78 30 52 
20 58 43 12 21 23 47 46 22 64 53 26 2 72 24 31 61 57 68 54 15 9 4 63 35 14 79 41 6 60 11 36 29 49 74 13 30 62 16 52 40 65 3 59 34 33 73 77 45 67 56 44 55 18 1 69 17 25 5 39 66 32 50 71 75 19 51 27 7 37 70 78 81 38 80 76 28 48 42 8 10 
34 8 18 28 40 16 41 81 19 7 36 52 9 60 68 75 45 71 17 70 11 69 57 64 24 22 58 48 56 5 2 15 27 77 20 66 79 43 44 12 10 38 33 80 37 42 4 46 14 47 49 31 3 39 74 78 6 65 54 51 76 67 72 73 55 35 23 50 32 13 25 30 53 21 61 63 29 62 26 1 59 
39 65 63 56 24 13 9 53 64 43 28 12 44 49 40 69 8 29 37 23 80 10 50 67 52 6 81 61 58 3 71 55 17 51 19 22 36 57 78 75 76 66 48 5 70 7 72 59 74 1 2 30 16 27 20 62 35 47 45 4 21 46 60 15 14 26 79 33 11 38 42 18 41 68 34 32 54 73 25 31 77 
67 80 29 48 73 66 78 37 45 14 15 81 20 13 50 5 74 77 18 51 30 19 39 27 33 71 8 42 44 34 35 59 68 24 70 1 41 64 9 25 7 26 28 47 32 21 53 52 40 12 38 22 76 10 2 31 36 11 3 16 57 49 55 72 60 4 62 61 65 54 63 46 43 56 23 69 58 17 79 75 6 
53 11 25 18 54 62 36 38 66 20 7 30 5 50 59 39 43 41 27 21 23 47 8 81 19 15 55 33 69 10 29 3 63 74 32 79 71 4 60 14 46 78 12 13 58 49 31 75 70 40 16 80 56 76 34 44 61 45 2 6 9 28 35 24 72 17 65 67 26 64 77 68 37 48 22 57 1 51 73 52 42 
21 41 9 16 81 17 45 20 47 46 26 55 63 24 73 15 76 79 22 11 39 60 75 5 7 34 67 65 35 43 31 53 78 52 2 12 72 3 49 32 38 10 64 6 66 1 57 13 33 37 28 77 44 54 4 71 74 68 29 42 27 19 80 18 30 8 69 56 50 51 48 62 61 40 36 59 25 14 23 58 70 
44 79 6 60 12 27 1 64 75 31 21 70 4 36 29 62 77 58 71 46 37 48 52 3 30 40 74 24 80 39 67 51 66 14 16 54 65 68 41 35 63 15 76 73 47 59 69 34 17 72 25 43 18 7 22 55 26 57 49 32 50 23 56 61 78 2 53 13 42 9 20 81 45 11 10 38 8 28 33 19 5 
76 7 78 40 32 31 48 69 73 65 56 9 3 74 11 18 47 42 58 80 51 63 24 35 10 49 70 81 68 72 1 8 36 28 38 5 34 33 50 57 23 30 44 55 2 67 64 61 52 26 14 29 12 22 77 21 39 46 37 17 79 15 53 59 45 6 71 16 25 60 41 19 13 62 4 43 66 54 27 20 75 
80 49 46 22 13 3 35 61 33 34 14 64 72 52 17 19 37 69 28 32 31 18 1 68 62 16 4 23 55 58 45 9 7 11 73 57 54 81 43 48 79 8 51 70 56 78 39 6 42 38 10 66 30 2 25 5 47 63 60 41 67 20 59 27 76 44 75 40 21 36 29 12 24 77 71 15 65 26 53 50 74 
77 30 57 4 42 43 70 52 39 28 32 27 16 54 53 71 33 51 64 59 65 44 41 72 69 9 25 37 18 50 47 61 13 26 75 34 17 45 67 22 20 24 62 40 31 46 60 74 36 15 48 73 35 19 14 76 12 81 58 3 11 1 8 49 79 38 5 63 10 55 66 23 6 29 78 21 7 2 56 80 68 
51 56 23 59 55 14 15 50 72 8 81 78 68 57 1 25 35 38 33 45 61 42 12 36 43 2 13 70 64 17 6 19 44 22 49 71 39 26 29 80 16 77 53 52 21 32 27 11 79 5 41 20 63 62 48 75 18 10 65 24 54 40 66 4 28 47 74 73 3 58 7 37 34 67 31 60 69 30 46 76 9 
29 24 71 2 19 37 67 34 5 45 10 66 49 75 60 23 22 48 38 78 26 50 53 14 6 57 56 20 77 42 30 76 41 59 40 27 28 7 36 74 25 61 11 1 18 4 21 58 55 8 3 68 65 9 52 51 73 69 62 13 64 72 43 33 31 32 15 80 39 46 54 70 12 47 44 79 16 81 35 17 63 
8 26 58 65 74 10 28 68 63 6 2 13 40 44 80 67 12 61 79 77 76 66 73 17 29 54 20 4 60 25 62 46 21 15 48 56 69 5 19 27 37 75 42 9 59 47 81 71 24 45 53 50 51 23 30 33 78 16 7 70 31 36 38 14 43 34 52 11 57 1 22 35 72 39 55 64 3 18 32 41 49 
################proper############## 

 average_time = 314.494603 

 success runs = 1 

 total average iters = 5400629.000000 
