Success!!! 
 
 max_col = 
 81 
 
 run_time = 
 253.861813 
 
 once iters = 
 4200700 
 
39 65 20 45 61 75 67 80 62 18 78 26 9 52 77 41 50 16 76 36 21 1 74 32 55 70 58 2 3 13 34 60 81 38 24 56 69 72 54 22 44 59 66 51 79 53 71 33 7 73 64 11 35 4 31 6 8 63 47 19 27 14 37 15 10 40 5 23 29 68 43 30 28 42 12 25 17 46 57 48 49 
53 60 50 25 36 30 46 9 24 33 62 17 13 43 21 5 14 3 15 66 51 49 6 18 22 54 37 40 7 58 71 55 75 19 35 23 8 76 20 4 68 48 78 47 38 42 31 52 29 28 74 45 79 72 44 57 10 56 70 12 65 26 34 81 63 77 61 69 73 67 11 27 64 59 41 39 32 2 16 80 1 
18 74 56 70 2 58 35 49 68 48 80 20 46 61 29 10 27 81 60 71 47 64 77 31 13 57 43 45 15 25 26 78 73 28 59 30 12 14 50 65 75 36 52 53 23 37 24 39 63 17 21 6 38 41 32 67 9 76 79 62 40 16 5 7 51 19 33 66 42 1 44 72 3 4 69 54 8 55 22 34 11 
55 34 28 42 21 76 57 66 52 4 8 47 54 25 64 79 32 30 23 40 12 29 56 45 7 11 41 6 10 43 62 61 46 74 70 5 13 60 67 1 24 33 3 16 27 78 36 26 75 20 9 19 51 77 49 58 48 69 59 80 73 81 39 14 50 22 2 18 71 35 17 65 15 53 72 68 31 38 37 44 63 
48 47 15 44 40 10 72 1 26 67 71 2 69 7 35 37 70 42 52 19 78 65 63 5 79 38 53 27 17 9 8 80 31 68 77 57 32 29 64 49 11 61 46 81 39 55 34 76 59 62 3 50 58 22 60 21 33 28 18 51 75 30 45 20 4 16 13 41 54 25 36 12 73 14 56 74 66 23 43 24 6 
73 37 29 19 69 12 38 8 81 22 55 40 23 34 1 59 24 57 75 33 72 50 4 39 16 42 27 11 67 65 49 76 36 64 18 41 17 63 25 70 31 21 74 28 71 13 32 44 14 68 80 60 54 10 2 15 46 7 61 35 53 66 43 47 48 52 56 6 78 9 3 26 79 20 45 51 5 58 77 30 62 
23 54 71 33 16 27 51 22 79 75 58 76 53 11 31 38 28 6 62 26 69 8 68 24 67 59 10 14 66 32 52 39 44 48 63 72 73 2 15 77 43 7 42 56 5 40 61 65 30 49 81 12 18 1 41 17 78 4 13 64 3 25 20 55 34 45 37 21 74 46 57 80 70 36 50 9 19 60 47 29 35 
32 59 77 13 4 5 41 6 14 60 19 74 63 56 73 36 45 39 25 44 2 28 3 17 20 61 34 69 42 47 33 51 22 12 54 53 9 10 37 26 40 35 62 30 80 66 43 16 57 15 48 8 46 23 38 71 29 55 68 50 11 72 1 24 64 70 76 75 58 49 31 79 81 18 78 27 65 21 52 67 7 
11 64 17 3 31 43 63 78 7 44 49 65 68 12 51 15 72 66 81 46 80 14 30 35 48 9 73 4 29 50 21 79 16 37 1 20 57 45 18 19 34 58 6 55 41 47 25 69 56 27 70 67 2 5 74 24 42 77 22 52 23 54 36 39 8 32 59 28 53 62 38 60 10 26 71 61 75 40 13 76 33 
37 28 30 78 5 45 61 62 3 55 4 72 22 20 39 29 69 38 70 60 59 71 19 27 25 49 57 10 54 41 65 6 79 75 43 76 31 32 26 58 51 18 14 21 64 52 8 1 17 11 7 13 81 46 40 48 56 33 15 2 24 67 77 50 66 74 44 47 68 80 9 53 35 73 34 63 16 36 23 12 42 
71 48 11 46 7 80 2 26 19 49 60 12 64 73 54 70 67 53 77 35 38 24 10 30 41 78 69 57 14 61 68 56 25 42 29 58 36 74 5 81 20 8 63 72 52 22 4 62 27 23 79 76 59 15 65 75 17 3 44 9 21 28 47 18 55 33 45 16 1 34 37 13 39 51 40 50 6 32 31 43 66 
22 4 35 34 17 81 36 21 51 65 24 44 19 9 47 13 71 18 2 48 6 75 52 66 23 50 63 30 45 16 74 32 77 67 39 26 15 38 59 11 12 55 60 46 40 41 54 73 53 10 31 69 68 29 80 14 49 25 37 61 42 7 78 57 43 20 3 58 72 27 70 56 8 5 76 64 1 62 33 79 28 
8 55 44 18 39 6 23 14 56 34 10 42 43 78 33 77 37 61 74 11 62 76 80 15 64 17 54 36 50 49 47 31 72 9 21 66 35 13 7 27 73 19 68 4 48 58 26 70 71 30 60 28 16 67 57 63 81 22 29 32 1 41 69 59 40 51 24 12 5 79 2 52 75 46 53 38 20 3 45 65 25 
27 41 54 47 74 77 73 33 76 57 75 81 35 45 58 63 26 2 40 28 68 67 13 53 72 3 20 46 64 71 5 70 19 44 52 48 78 42 10 29 65 6 9 1 25 50 49 32 80 12 43 39 34 56 79 62 55 66 16 38 59 36 51 31 11 4 17 61 22 23 8 21 30 7 18 69 60 24 14 15 37 
66 70 1 50 53 32 42 31 69 21 23 14 80 8 15 51 74 25 55 47 7 73 5 36 61 58 26 12 4 59 27 3 18 81 28 13 24 62 76 56 39 16 2 79 67 48 37 78 45 44 40 33 64 19 72 46 20 34 60 11 35 43 52 65 77 30 6 63 41 10 75 38 22 71 57 17 29 68 9 49 54 
75 20 64 60 68 16 12 40 58 52 31 27 79 50 66 3 30 56 32 4 37 21 1 51 43 34 14 15 80 63 23 35 24 73 2 33 22 57 41 54 45 17 70 49 69 72 77 36 9 65 25 38 6 61 5 39 18 26 71 53 19 8 74 42 76 81 28 29 7 78 46 62 67 10 55 47 11 44 48 59 13 
13 67 57 63 72 59 79 15 9 62 16 6 7 36 17 76 1 32 56 45 29 22 81 46 42 31 65 34 38 8 20 11 40 53 60 69 50 75 61 37 66 44 43 33 28 35 74 47 3 5 18 55 24 51 64 4 23 30 10 54 58 68 12 73 14 26 48 19 39 71 49 25 2 52 77 80 27 78 41 21 70 
49 10 38 65 25 52 29 24 43 68 46 5 28 41 11 48 59 40 79 39 18 16 12 9 44 33 8 37 22 1 55 17 7 62 78 51 3 47 71 80 30 34 77 23 53 14 57 42 20 2 66 75 21 63 6 45 76 27 31 73 50 70 13 36 32 54 60 67 15 69 35 64 58 61 26 56 74 81 19 4 72 
43 8 16 80 65 21 11 28 73 23 30 9 39 51 59 4 29 52 24 5 42 35 40 33 1 26 81 78 79 3 18 12 66 6 55 68 47 36 69 32 50 25 54 34 10 74 45 41 77 37 2 58 62 31 53 72 19 13 67 17 60 61 71 48 7 44 63 15 76 14 56 20 57 75 70 46 64 49 27 22 38 
51 19 6 53 60 13 10 67 38 66 44 58 18 5 69 75 2 21 45 54 14 63 36 43 50 23 78 49 61 46 42 52 65 1 62 34 39 20 9 72 48 77 31 74 4 29 15 12 55 16 56 25 57 81 27 47 64 8 80 7 26 24 32 71 70 68 11 22 40 73 30 33 59 41 28 76 37 35 17 3 79 
76 42 7 66 47 39 31 79 29 1 26 80 11 32 57 22 20 37 58 12 10 70 41 68 27 53 67 73 8 77 60 25 59 2 40 4 28 64 56 15 63 62 71 5 33 17 48 13 51 54 38 61 19 65 35 34 69 45 23 46 74 75 18 9 78 3 55 49 52 36 6 43 44 21 81 16 50 30 72 14 24 
45 58 12 59 30 55 1 41 33 7 77 31 60 74 81 47 61 76 80 15 3 19 11 48 71 22 17 38 72 21 32 28 13 27 37 10 43 79 24 44 67 53 75 14 68 64 66 40 4 6 35 52 5 73 70 36 57 49 25 65 29 62 63 23 18 46 50 8 16 54 69 42 34 78 9 2 39 26 56 20 51 
3 5 46 54 24 72 64 56 44 71 36 50 27 40 12 73 55 14 51 75 79 6 38 77 62 76 4 48 39 69 63 23 17 30 57 74 49 80 16 66 35 78 8 7 26 60 33 22 21 34 28 59 70 9 68 37 11 10 1 20 52 31 58 29 45 53 32 65 81 2 61 41 19 13 42 18 25 15 67 47 43 
77 27 23 15 75 40 4 32 49 35 79 68 78 6 13 33 42 62 20 65 61 69 25 60 9 64 74 56 47 70 54 67 5 43 80 81 41 22 17 46 3 11 57 76 1 71 10 18 44 8 14 72 39 26 16 73 51 2 66 28 30 55 50 38 59 12 58 34 37 21 24 19 31 29 7 52 45 48 53 63 36 
17 69 74 35 48 14 50 25 63 45 67 3 10 46 53 8 65 64 18 59 49 66 37 34 29 55 39 58 41 76 44 15 33 31 16 75 70 21 38 40 52 2 19 13 42 30 20 7 23 32 24 43 47 36 9 56 79 12 78 22 81 77 54 5 28 72 62 4 57 26 27 51 61 60 6 1 80 73 11 71 68 
34 62 81 57 37 71 9 70 20 19 15 28 24 54 41 72 43 48 73 56 16 30 46 2 32 52 47 50 51 26 22 14 35 36 53 7 60 18 12 61 55 27 45 29 65 1 78 11 49 3 75 63 42 68 21 44 38 59 6 5 39 40 76 67 74 79 25 17 80 13 64 31 23 58 10 66 33 77 8 69 4 
52 2 61 22 26 18 68 36 78 56 70 34 16 38 25 17 63 49 28 21 13 31 44 8 57 7 72 24 71 19 29 20 9 11 64 45 23 73 6 30 58 81 51 59 37 80 67 50 79 46 76 53 27 69 4 3 15 48 43 14 41 42 33 75 39 35 66 1 47 60 10 77 55 65 32 5 12 74 62 54 40 
41 81 69 10 27 38 6 4 15 42 64 23 36 79 55 80 46 67 22 51 11 20 33 75 12 16 70 17 78 31 43 63 76 71 5 61 66 54 40 28 26 57 37 62 32 44 29 24 2 74 72 77 56 60 7 30 58 39 21 18 48 73 25 52 19 50 68 9 49 3 45 59 47 35 1 14 13 8 65 53 34 
47 40 52 75 1 35 78 11 13 37 61 7 73 26 65 54 5 10 3 38 55 81 18 49 60 8 56 20 69 6 14 36 39 70 19 16 27 51 72 12 79 76 22 67 43 4 59 9 64 42 63 15 31 58 46 77 2 50 28 68 44 32 53 66 29 34 57 30 23 17 25 71 74 80 21 41 48 33 24 62 45 
60 18 24 49 34 22 30 23 25 17 2 48 77 72 8 52 16 9 37 42 5 59 66 44 45 79 62 74 32 12 58 21 47 57 51 64 38 55 53 73 15 80 7 35 63 6 69 20 36 39 71 68 67 40 81 13 65 54 26 1 78 29 27 70 31 75 14 33 46 41 76 28 50 43 3 19 56 4 61 11 10 
62 71 42 61 50 48 37 5 8 70 1 35 29 63 56 74 3 51 9 6 4 13 69 57 54 30 40 7 53 67 28 44 11 46 45 73 20 31 49 14 59 39 41 77 78 26 75 27 33 55 52 65 17 80 23 19 34 79 24 43 16 47 10 60 15 58 81 2 21 38 72 18 32 68 22 12 76 66 36 25 64 
9 56 55 43 19 44 7 59 32 39 81 49 20 4 76 71 31 41 35 74 1 48 67 78 46 14 15 66 77 2 30 26 62 34 3 27 68 33 47 21 61 65 5 45 24 28 53 23 11 22 54 37 50 25 8 60 75 51 42 72 63 69 64 79 36 6 80 40 13 12 16 10 17 38 29 57 52 70 18 73 58 
12 80 79 67 14 63 77 45 53 78 11 13 15 68 19 57 33 69 26 43 58 52 32 47 31 65 2 75 40 56 59 22 23 72 8 50 6 3 74 64 18 10 48 25 29 21 70 5 66 51 34 30 73 62 17 41 61 71 76 4 36 9 38 1 44 37 54 35 24 42 7 39 60 16 27 20 46 28 49 81 55 
33 26 51 2 64 3 74 16 66 14 43 60 40 28 50 30 58 27 68 17 41 61 21 29 36 63 23 65 25 10 24 54 80 18 38 35 11 4 19 71 42 75 69 52 34 81 76 46 32 7 12 48 1 13 15 20 37 6 57 45 70 49 59 56 62 8 73 53 77 47 22 55 78 72 31 79 44 67 5 9 39 
36 57 72 20 70 29 39 65 28 38 53 18 25 66 75 34 21 12 64 50 24 10 7 80 73 27 76 9 81 68 4 41 42 15 79 55 58 44 2 17 8 13 1 60 46 49 35 45 16 78 19 47 61 3 62 31 14 52 33 67 5 56 22 11 26 63 69 74 43 32 51 48 40 6 54 23 77 71 30 37 59 
58 31 73 21 54 68 17 76 46 24 47 32 59 44 22 62 6 45 39 25 77 72 53 28 34 19 71 60 13 52 48 37 1 33 49 29 30 81 23 16 56 9 36 70 50 8 38 79 18 41 10 57 43 14 66 74 40 11 55 3 12 80 35 61 67 5 27 78 64 20 65 4 63 15 51 7 2 42 69 26 75 
4 39 9 64 63 20 56 69 48 51 72 16 61 53 18 31 12 33 36 77 71 26 65 19 15 75 68 29 59 60 66 27 30 79 46 38 81 24 52 50 1 43 47 10 44 11 14 21 78 35 45 40 41 28 34 22 70 57 58 37 8 2 17 76 23 49 67 13 25 6 42 5 62 3 80 73 55 54 32 7 74 
24 66 68 51 3 11 8 30 27 32 40 64 45 13 43 9 78 19 46 22 74 44 34 12 2 41 79 25 26 53 56 77 55 23 73 63 7 59 39 67 6 31 58 75 14 61 80 37 48 57 49 71 52 16 69 38 35 62 65 76 33 4 21 72 20 1 70 54 18 50 15 47 5 28 36 29 81 17 42 10 60 
40 72 37 52 73 49 59 7 36 11 48 67 62 58 28 6 34 22 29 3 76 51 50 23 18 13 5 68 70 44 57 19 74 39 75 31 42 16 65 35 41 12 33 38 56 20 81 4 25 47 15 66 77 32 10 79 1 60 54 78 55 63 24 69 30 17 46 64 61 43 80 2 21 27 14 45 26 9 71 8 53 
28 77 14 58 46 34 80 44 6 74 54 10 49 17 2 56 35 79 4 67 27 55 62 40 8 43 9 61 20 11 1 7 71 22 13 24 48 37 30 78 64 5 53 63 15 12 68 60 38 70 65 42 72 39 18 32 41 16 75 29 51 52 3 45 21 66 36 31 19 81 26 73 25 47 33 59 23 50 76 57 69 
50 43 5 17 42 57 54 2 74 73 37 71 21 69 27 65 68 26 33 53 30 7 49 81 24 60 1 18 76 14 41 62 32 45 47 36 80 46 4 34 9 79 61 40 66 56 22 6 31 64 55 51 10 8 11 12 25 23 48 59 67 39 72 44 58 78 29 3 38 16 28 63 13 70 75 77 35 19 15 52 20 
31 78 21 23 15 65 45 55 18 80 57 66 47 1 70 7 77 24 38 10 48 17 14 58 59 37 25 81 12 51 67 72 4 52 50 6 54 27 28 36 2 73 13 32 3 75 30 19 76 29 69 46 63 53 71 64 74 61 5 26 9 20 42 62 60 11 41 79 35 33 39 8 68 56 49 44 40 43 34 16 22 
61 25 67 16 10 1 26 35 60 15 29 52 14 3 42 20 36 75 31 69 73 39 45 63 11 47 6 28 65 17 37 64 8 54 33 49 76 71 55 23 72 70 21 18 57 59 5 34 43 79 62 7 74 50 13 80 27 19 77 81 46 44 30 53 56 24 40 32 9 4 68 22 48 66 2 78 38 12 51 58 41 
19 53 62 32 38 79 33 81 71 63 76 25 4 55 60 23 41 44 57 52 70 80 42 16 78 72 66 21 9 35 2 40 48 5 34 43 29 17 68 69 77 22 20 8 45 3 1 58 67 13 27 36 26 54 28 7 47 73 50 49 56 15 31 74 37 10 65 59 75 51 12 14 18 64 11 30 24 39 6 61 46 
29 76 75 12 13 70 22 47 41 5 50 39 81 30 38 46 8 59 61 64 32 56 54 20 28 21 35 80 16 42 69 58 78 10 15 3 19 25 62 74 49 60 26 11 51 9 73 2 24 33 17 44 23 18 43 68 66 14 36 6 45 53 40 27 57 55 71 77 48 52 34 7 72 79 67 37 4 63 1 31 65 
21 6 53 29 78 51 3 50 75 12 52 59 38 10 80 60 18 15 17 2 19 54 58 1 49 24 33 47 44 40 31 45 14 32 30 77 25 70 73 7 28 71 23 64 20 36 62 61 8 72 42 41 69 34 26 5 22 65 27 16 13 46 57 35 68 48 39 43 55 37 4 11 66 67 79 81 9 76 63 74 56 
57 79 59 8 23 46 44 19 22 25 73 24 51 31 68 58 66 50 48 13 20 4 61 71 69 12 45 54 43 75 7 81 64 60 17 65 53 77 33 52 47 29 11 27 76 10 28 35 5 21 26 56 3 37 67 55 32 38 40 15 72 18 6 30 9 41 1 62 63 74 14 49 16 2 39 36 34 80 70 42 78 
81 14 47 1 56 2 25 18 80 3 39 45 30 49 5 32 4 8 59 57 9 42 16 26 35 73 38 33 52 55 13 68 63 29 27 37 72 67 22 10 74 51 17 66 21 7 65 77 54 53 46 23 11 48 78 69 36 64 62 60 43 50 44 40 71 28 34 24 20 70 79 76 12 19 15 31 41 75 58 6 61 
38 16 76 72 52 69 49 27 17 13 35 77 65 2 67 61 9 74 30 62 8 36 55 37 39 56 3 26 18 78 11 48 20 51 23 42 14 41 60 79 81 46 4 44 54 68 64 29 19 25 33 70 66 47 24 1 73 75 63 34 31 10 28 21 80 15 12 57 50 53 58 6 71 45 5 22 43 59 7 40 32 
65 73 33 30 41 9 71 60 64 81 34 75 70 48 63 26 62 28 66 68 40 32 47 14 51 46 31 3 24 57 80 16 58 50 36 19 37 6 43 55 78 49 15 39 8 76 27 74 22 67 59 79 4 12 45 53 54 20 52 42 2 35 61 10 38 13 77 7 56 18 5 44 69 11 25 72 21 1 29 17 23 
26 36 43 24 11 28 34 39 70 40 56 69 37 42 46 64 23 20 21 7 50 77 60 76 5 6 22 59 49 74 53 38 67 25 72 15 45 61 57 62 80 32 35 19 58 63 2 51 73 9 1 17 44 30 33 81 68 29 3 79 71 12 41 78 75 31 47 27 66 8 52 16 4 54 65 13 18 14 10 55 48 
35 13 10 5 45 4 66 48 37 16 6 54 55 47 36 14 44 43 41 23 15 27 72 70 74 81 75 22 1 34 79 2 21 76 71 8 65 12 3 9 69 63 18 68 59 57 60 31 50 40 78 20 32 38 56 49 39 80 30 77 7 58 11 17 42 61 64 25 51 19 29 67 33 62 24 28 53 52 26 46 73 
54 7 32 40 58 74 20 68 12 53 17 79 1 21 71 27 19 72 34 78 25 43 29 11 63 67 18 41 62 39 73 66 69 61 10 28 2 5 13 42 38 56 50 24 31 16 52 14 15 80 6 49 75 55 48 9 59 70 4 8 76 51 23 3 46 65 26 45 33 22 81 36 37 44 64 60 57 47 35 77 30 
67 63 31 77 55 62 15 42 61 76 7 33 41 22 78 11 57 29 65 80 52 79 64 10 53 28 44 70 6 5 9 4 56 35 12 46 1 34 48 75 36 30 40 26 16 45 39 43 13 18 58 81 71 24 19 66 21 37 74 25 47 17 14 54 2 73 72 60 32 59 23 69 38 8 20 3 49 51 68 50 27 
30 61 45 14 22 66 48 46 4 8 20 78 58 27 6 68 81 13 1 73 17 18 15 50 52 29 80 71 34 79 36 74 60 40 32 9 62 35 11 47 21 37 44 42 2 67 7 59 69 24 5 64 33 43 39 65 26 31 53 63 28 76 55 19 49 57 38 56 10 77 41 75 51 25 23 70 54 16 3 72 12 
7 3 2 55 51 15 13 75 11 64 63 4 71 29 61 1 39 47 12 9 33 45 28 56 14 44 59 53 35 24 50 69 41 66 31 25 67 40 79 57 70 20 10 54 60 65 17 38 58 52 16 34 37 49 77 42 62 46 72 27 22 78 19 8 73 43 18 26 36 5 21 23 80 74 30 48 68 6 81 32 76 
63 9 39 38 77 8 40 20 35 36 51 73 26 62 37 24 76 54 6 49 31 57 78 64 70 71 32 72 11 27 17 75 61 58 81 67 18 52 66 5 46 45 12 80 19 23 56 48 74 4 44 3 14 21 1 25 43 47 2 10 69 33 60 34 65 42 16 68 79 30 59 15 29 55 13 53 7 22 28 41 50 
56 21 65 36 81 50 70 57 23 9 66 15 17 75 52 45 60 80 19 41 46 68 27 7 76 74 13 62 33 18 6 5 51 3 42 59 77 78 31 38 4 69 30 48 73 79 55 25 28 26 8 35 20 2 58 54 71 40 49 44 32 37 16 12 22 14 53 72 67 29 1 61 24 63 43 34 10 11 39 64 47 
80 33 49 68 29 42 58 74 5 79 32 19 72 35 40 43 7 34 47 81 65 62 75 3 21 66 77 63 55 15 64 1 37 16 56 54 26 28 51 39 27 50 76 22 6 73 41 30 61 60 53 10 12 78 14 18 67 36 9 48 4 23 70 25 24 69 52 44 11 45 13 17 46 57 8 71 59 20 2 38 31 
64 32 27 26 44 41 60 71 10 77 25 21 42 23 16 2 38 11 43 24 67 5 79 72 37 48 51 13 46 4 39 47 12 78 65 22 61 15 58 68 53 14 34 17 36 62 6 54 70 63 57 31 29 76 52 50 45 81 73 30 66 59 8 28 33 9 7 80 3 55 20 74 1 40 19 49 69 56 75 35 18 
6 17 34 37 12 47 43 54 67 10 3 70 5 18 44 28 22 46 63 55 35 53 39 69 4 25 42 23 48 30 45 73 2 26 20 14 16 56 8 59 71 74 49 41 13 27 50 80 72 19 36 1 9 11 29 61 24 15 7 57 68 38 75 58 81 64 51 76 31 40 78 32 65 77 60 21 62 79 66 33 52 
25 1 18 73 28 53 62 72 59 69 65 41 74 57 30 67 48 31 8 16 22 11 23 54 38 20 36 52 19 7 10 43 70 49 76 80 64 9 75 33 29 24 55 3 81 15 40 66 68 77 47 32 45 42 51 35 12 21 56 13 34 5 79 46 6 71 4 39 2 63 60 50 14 37 58 26 78 61 44 27 17 
69 24 19 79 76 78 16 52 31 50 59 56 33 14 49 12 53 55 10 34 60 2 26 61 58 40 30 77 28 29 38 57 68 8 44 21 63 65 32 25 23 1 72 43 7 39 18 71 46 81 51 22 13 75 20 11 6 74 17 41 64 3 80 37 27 47 35 70 62 66 48 54 36 9 73 67 42 5 4 45 15 
16 51 63 81 33 61 55 17 65 41 9 36 44 64 48 25 54 77 69 72 28 3 73 62 19 2 12 67 37 38 15 8 26 13 14 52 21 1 45 53 60 40 32 57 74 31 46 10 39 59 20 18 7 66 22 43 50 5 35 58 79 6 68 49 47 29 23 42 34 75 71 70 11 76 4 24 30 27 78 56 80 
68 52 78 4 49 24 75 37 21 6 12 61 50 59 20 42 17 70 27 14 34 47 35 67 40 15 64 5 60 73 19 46 3 55 58 2 33 43 80 8 76 38 56 69 9 51 79 63 41 45 11 62 30 44 36 29 72 1 39 71 77 57 26 13 54 18 10 48 28 7 66 81 53 31 74 32 22 65 25 23 16 
15 12 13 56 43 67 18 38 39 29 22 37 57 33 45 53 79 73 71 8 54 23 24 59 30 5 46 16 74 36 78 50 10 17 61 47 52 11 63 41 62 42 81 65 72 70 3 49 35 48 77 27 76 6 25 40 4 9 19 55 20 34 66 2 69 80 31 14 60 58 32 68 7 1 44 75 51 64 21 28 26 
46 11 70 6 59 31 47 34 1 28 69 51 8 15 14 40 80 23 13 37 36 25 9 55 77 10 21 43 30 22 72 24 27 41 66 39 75 19 35 2 7 67 64 12 17 32 42 53 65 61 4 5 60 57 73 76 52 78 45 74 62 48 81 16 79 56 20 38 26 44 50 3 49 33 63 58 71 18 54 68 29 
72 29 41 9 8 23 14 73 45 43 18 30 56 65 3 21 13 5 16 79 66 74 31 52 26 68 48 42 75 62 25 71 49 80 4 1 44 58 70 51 10 47 28 20 77 34 19 55 40 69 50 54 78 33 61 59 60 32 38 24 37 11 7 63 53 76 22 36 27 64 67 46 6 81 17 35 15 57 12 39 2 
74 30 66 76 32 60 28 3 40 47 38 11 67 39 62 81 49 58 44 63 45 41 70 42 33 18 61 51 56 23 35 65 57 7 48 12 34 68 29 13 54 4 27 50 22 25 21 15 52 1 73 26 36 71 75 16 80 53 14 31 10 64 2 77 17 59 19 37 6 24 55 78 43 69 46 8 79 72 20 5 9 
20 44 22 7 71 26 5 53 54 46 68 63 32 76 24 66 10 35 50 1 39 58 51 65 75 80 60 79 31 33 70 34 45 77 9 40 55 23 78 6 16 3 73 15 49 2 72 67 81 14 37 29 28 64 42 8 30 17 69 47 18 27 56 4 25 21 43 52 12 11 74 57 41 48 38 62 61 13 59 36 19 
2 35 25 62 80 36 19 58 77 31 27 55 34 16 26 78 52 4 7 76 43 38 57 6 17 32 49 64 68 20 81 29 53 63 69 11 79 48 46 18 37 66 59 71 30 24 23 56 12 75 13 9 22 74 3 28 44 41 51 70 54 21 65 33 72 39 15 5 8 61 40 1 42 50 47 10 67 45 73 60 14 
42 50 48 69 79 64 27 10 57 72 74 1 2 71 7 19 75 60 53 29 81 78 20 22 56 4 11 32 21 28 76 18 54 59 6 44 5 39 36 24 14 26 25 31 61 38 58 8 47 43 68 16 80 17 12 23 63 67 46 33 15 13 49 41 35 62 30 51 45 65 73 9 77 34 52 55 70 37 40 66 3 
78 75 80 39 57 33 53 29 55 59 42 62 6 77 4 49 47 7 11 31 26 46 22 25 66 69 28 35 63 45 51 9 52 24 67 79 74 30 27 3 19 41 38 58 18 43 13 64 1 56 23 21 48 70 76 10 5 44 32 36 61 65 73 68 16 60 8 71 17 72 54 40 20 12 37 15 14 34 50 2 81 
59 23 36 71 35 37 52 64 16 2 5 43 48 19 32 55 25 78 49 58 75 15 76 4 6 51 7 31 27 66 12 42 34 56 68 18 10 50 1 60 22 28 29 73 11 54 44 3 62 38 39 14 53 20 63 26 77 72 8 69 17 74 46 80 13 67 9 81 65 57 33 24 45 30 61 40 47 41 79 70 21 
5 38 60 27 18 17 65 51 42 61 13 8 31 24 23 50 64 63 54 30 44 37 48 21 10 45 52 55 57 80 3 33 15 20 26 62 56 7 14 76 25 68 16 2 47 77 12 81 34 58 22 78 40 79 59 70 28 43 41 75 49 71 29 6 1 36 74 73 4 39 53 35 9 32 66 11 72 69 46 19 67 
44 68 8 41 66 54 69 43 34 27 28 46 12 81 10 39 11 36 5 18 64 60 2 79 3 1 16 76 58 37 75 30 38 4 7 17 40 53 21 63 32 72 65 9 55 33 51 57 42 71 61 74 25 59 47 78 31 35 20 56 14 19 67 22 52 23 49 50 70 15 62 45 26 24 48 6 73 29 80 13 77 
79 45 3 48 9 25 81 77 50 54 21 53 52 60 74 18 15 71 42 70 57 40 43 13 65 36 19 39 23 72 61 49 29 14 41 78 4 69 44 20 5 64 24 6 35 46 47 68 26 31 67 73 55 27 30 51 7 58 34 66 80 22 62 32 12 2 75 11 59 56 63 37 76 17 16 33 28 10 38 1 8 
1 22 40 11 62 73 21 63 30 20 14 29 66 70 9 69 51 17 67 61 56 33 59 38 80 35 24 19 2 48 77 13 50 65 74 32 46 26 34 31 57 23 79 37 12 5 16 72 6 76 41 4 8 45 55 52 53 18 81 39 25 60 15 43 3 27 78 10 44 28 47 58 54 49 68 42 36 7 64 75 71 
14 15 26 74 6 19 32 13 2 58 33 57 76 80 72 16 73 68 78 20 53 9 71 41 47 39 50 1 5 64 46 10 43 21 22 70 59 8 81 48 17 52 67 36 75 69 11 28 37 66 29 24 49 35 54 27 3 42 12 40 38 45 4 51 61 7 79 55 30 31 77 34 56 23 62 65 63 25 60 18 44 
70 49 58 28 20 56 24 61 72 30 45 38 75 67 34 35 40 1 14 27 63 12 8 73 81 77 55 44 36 54 16 53 6 47 11 60 71 66 42 43 33 15 39 78 62 18 9 17 10 50 32 80 65 7 37 2 13 68 64 23 57 79 48 26 41 25 21 46 69 76 19 29 52 22 59 4 3 31 74 51 5 
10 46 4 31 67 7 76 12 47 26 41 22 3 37 79 44 56 65 72 32 23 34 17 74 68 62 29 8 73 81 40 59 28 69 25 71 51 49 77 45 13 54 80 61 70 19 63 75 60 36 30 2 15 52 50 33 16 24 11 21 6 1 9 64 5 38 42 20 14 48 18 66 27 39 35 43 58 53 55 78 57 
################proper############## 

 average_time = 253.861813 

 success runs = 1 

 total average iters = 4200700.000000 
