Success!!! 
 
 max_col = 
 81 
 
 run_time = 
 56.841687 
 
 once iters = 
 803658 
 
2 1 60 20 47 49 21 38 16 14 4 19 71 13 11 41 9 22 79 31 37 32 45 66 27 65 53 40 43 26 48 52 3 34 44 29 81 17 25 36 50 23 6 12 28 35 57 54 24 10 59 74 80 46 30 64 55 72 68 5 56 76 70 62 7 73 77 15 78 18 58 33 42 39 51 69 67 61 75 63 8 
58 73 64 61 79 45 29 36 52 49 28 56 40 25 23 10 44 54 6 77 76 38 19 30 24 26 18 55 69 33 13 70 35 22 41 16 31 46 65 74 47 63 15 21 7 48 20 66 42 51 68 43 53 81 11 8 75 34 17 37 1 60 32 71 2 39 3 72 67 4 57 9 59 27 14 78 80 5 12 50 62 
63 75 18 70 12 43 56 26 72 20 57 42 51 35 8 29 39 33 52 23 62 28 74 58 55 17 41 67 31 7 60 54 6 14 30 73 19 27 77 53 13 34 80 11 66 78 9 50 5 25 49 37 76 3 40 69 71 16 22 61 4 59 38 68 32 47 36 44 21 64 24 46 65 45 48 2 15 1 10 81 79 
22 13 3 23 40 41 7 15 34 74 32 73 6 75 55 26 24 76 29 50 42 71 56 63 69 60 35 28 66 46 49 77 59 51 25 81 30 5 72 78 62 9 2 33 43 45 47 61 70 64 8 39 12 21 53 14 36 18 10 58 20 48 67 1 79 80 65 38 16 27 31 17 68 4 11 37 52 44 19 54 57 
54 80 6 76 81 46 9 17 57 70 79 18 50 53 64 30 12 5 39 47 3 4 25 7 59 67 51 27 23 10 2 68 65 63 71 21 44 73 45 24 48 38 69 37 58 1 14 11 15 41 40 34 16 32 29 26 33 78 19 42 77 62 52 20 43 8 22 75 49 74 56 61 13 28 55 66 36 31 72 35 60 
74 62 77 32 67 51 30 25 35 3 66 36 69 1 48 72 81 27 73 68 43 10 33 2 21 11 61 37 20 15 39 17 64 9 5 78 8 14 60 49 42 40 41 75 55 18 31 29 71 4 56 19 22 26 54 80 65 57 44 6 79 28 47 50 34 52 12 13 63 70 59 45 38 16 23 58 7 24 76 53 46 
59 33 48 19 44 39 11 4 53 68 52 2 43 78 58 45 31 38 49 64 72 8 13 5 80 22 15 1 75 61 24 12 56 47 50 36 26 71 16 18 67 57 54 70 20 62 60 79 63 55 65 28 69 7 23 25 74 9 73 66 27 51 46 42 14 76 10 81 37 40 41 35 21 3 17 30 6 34 29 32 77 
66 31 68 14 42 24 37 71 8 15 16 34 77 59 67 65 7 61 36 78 40 1 70 57 75 9 46 62 58 76 32 72 11 53 74 80 79 64 22 51 35 29 10 4 3 44 73 38 2 27 6 30 52 17 12 39 81 45 21 43 63 13 50 69 28 48 54 60 19 23 5 55 33 56 25 26 41 49 47 18 20 
5 28 65 10 69 78 50 27 55 46 37 47 63 60 21 80 17 62 48 34 20 54 16 44 14 81 12 19 18 4 42 8 45 79 57 38 61 68 56 1 52 39 59 32 76 36 75 13 58 67 33 23 77 72 15 24 7 35 2 31 41 3 49 66 53 11 29 25 6 26 30 51 70 43 22 64 40 74 9 71 73 
71 39 15 79 25 63 41 81 28 43 53 72 10 20 7 17 2 75 74 19 16 60 80 18 48 56 68 42 32 57 62 27 33 35 47 14 59 30 12 64 40 37 49 66 24 38 23 65 73 6 67 50 78 9 77 51 46 36 61 69 21 26 76 4 11 29 5 45 54 22 34 8 55 13 58 1 70 52 31 44 3 
78 17 45 67 72 50 34 11 2 6 5 63 70 69 37 61 13 73 33 4 52 57 66 40 42 25 23 9 48 1 19 59 49 43 46 79 55 56 47 3 38 75 74 14 44 76 26 60 68 53 54 22 36 28 10 62 18 80 8 32 35 29 41 58 31 21 30 24 12 77 27 64 15 65 16 7 20 39 81 51 71 
64 18 40 43 73 19 58 13 70 21 24 76 54 14 16 46 32 26 30 45 51 9 79 35 12 59 78 50 61 77 74 56 10 36 11 15 68 20 63 52 31 6 71 7 48 49 25 69 29 8 4 3 47 66 72 5 44 81 38 67 75 65 22 39 55 1 57 33 17 37 60 23 62 80 53 27 2 42 28 34 41 
44 61 75 30 26 62 4 46 76 41 3 40 19 12 1 64 45 36 55 54 10 47 72 43 38 28 69 63 5 31 53 22 21 60 29 20 17 11 42 34 81 65 18 78 8 52 59 16 77 13 58 80 48 2 27 57 23 49 15 79 7 14 39 56 66 70 68 32 51 71 67 6 9 50 74 73 33 35 24 25 37 
35 20 7 66 33 22 49 1 51 34 65 25 23 8 71 38 47 42 81 2 24 37 3 29 73 31 76 39 55 40 69 44 17 80 64 75 62 4 57 67 70 13 27 79 61 19 10 32 18 12 41 14 5 43 28 45 68 54 6 59 58 9 48 52 46 74 16 50 53 78 36 15 56 26 72 11 21 63 60 77 30 
6 3 29 37 5 54 10 8 60 33 48 49 28 57 9 78 4 81 75 1 44 21 20 77 11 62 34 73 52 45 30 25 16 41 38 58 15 35 39 22 43 2 51 36 23 72 46 55 56 31 70 42 24 27 13 74 50 19 71 53 66 40 63 59 80 7 26 79 47 61 69 65 76 32 64 18 68 12 67 17 14 
77 56 52 9 59 31 16 74 36 39 67 51 68 18 22 62 60 58 13 7 53 61 27 70 46 14 6 71 2 54 4 23 37 65 26 12 80 76 50 33 32 19 25 69 1 21 81 35 20 15 44 45 30 64 47 11 34 43 24 17 55 42 73 41 49 38 28 3 72 63 40 75 57 79 5 8 66 78 48 29 10 
48 23 21 27 14 69 12 42 24 52 30 59 55 80 44 74 50 35 58 15 49 41 32 65 36 63 17 78 67 68 66 7 51 70 28 8 5 77 29 16 72 53 26 9 73 57 71 39 11 79 37 75 62 34 4 56 1 3 31 20 60 33 64 43 25 2 13 18 10 19 81 76 22 6 46 40 38 54 61 45 47 
57 47 38 53 80 68 55 32 65 11 15 66 31 77 27 79 29 56 22 5 67 26 50 39 71 64 8 18 24 13 72 34 81 3 6 76 54 10 46 45 60 58 28 41 21 33 1 17 7 40 61 63 51 74 37 52 78 25 16 30 70 12 2 14 44 20 62 48 35 73 9 42 43 23 75 36 59 4 49 69 19 
18 63 28 47 76 6 48 9 44 8 78 21 60 4 65 37 71 39 57 66 7 45 30 72 74 38 16 35 17 58 41 31 14 50 27 11 1 24 20 25 36 49 40 43 51 12 64 42 22 23 2 61 19 55 75 59 54 10 32 34 29 56 62 77 81 79 15 70 68 46 3 13 67 52 80 33 5 69 26 73 53 
4 60 11 5 68 32 71 41 13 29 42 80 12 23 31 47 74 16 64 25 19 53 73 59 51 35 48 36 3 8 6 26 61 30 45 44 70 55 81 7 58 79 62 54 2 39 37 49 75 66 27 40 67 52 18 46 17 63 65 28 15 78 72 9 22 14 33 69 1 50 43 24 34 10 38 56 57 21 77 20 76 
8 24 50 72 57 1 15 7 73 58 70 75 26 17 59 32 5 52 10 67 22 39 77 27 56 71 37 2 33 16 40 64 18 49 60 46 23 53 35 12 68 30 29 38 14 43 62 51 65 63 11 21 28 45 61 42 9 41 20 47 80 19 69 36 48 6 55 74 34 76 25 4 54 78 81 44 3 13 66 79 31 
55 30 35 62 45 2 20 69 23 19 63 7 66 72 76 14 38 41 43 65 61 3 52 32 34 36 75 10 12 21 9 13 22 29 79 5 6 47 15 48 11 26 42 56 64 16 50 33 81 24 74 1 31 59 67 40 53 8 77 70 68 73 57 78 39 51 17 54 18 44 71 80 60 46 28 49 4 37 27 58 25 
16 66 78 3 10 26 46 65 64 56 44 69 1 27 54 33 61 49 18 12 81 80 55 47 58 24 31 77 28 42 68 51 57 75 53 34 71 59 9 63 39 73 19 8 74 25 70 6 30 76 79 17 60 41 14 37 4 13 35 36 22 38 43 21 62 23 67 20 45 52 32 5 50 72 7 15 48 2 40 11 29 
14 54 33 56 27 21 40 80 38 53 6 3 57 30 18 43 25 9 60 70 29 20 15 26 2 42 5 7 74 19 81 37 78 23 67 39 52 34 17 32 69 4 31 22 77 46 68 48 8 72 73 13 10 35 50 76 79 58 51 1 44 64 24 16 47 66 11 49 28 75 65 59 36 63 61 55 71 41 45 62 12 
51 43 49 31 74 37 25 59 67 79 11 10 22 55 40 77 35 34 50 69 17 46 63 6 78 68 62 15 70 24 20 4 48 66 54 65 76 44 75 28 18 27 57 13 72 47 58 36 80 7 29 9 32 38 3 71 52 21 33 26 81 45 5 12 60 56 73 53 8 2 61 41 39 19 30 23 1 14 16 42 64 
52 42 53 17 77 58 61 70 75 28 51 62 64 45 81 13 36 67 40 9 21 79 8 54 4 49 14 76 47 72 73 1 32 56 43 25 50 41 66 60 33 16 37 80 46 5 15 20 69 34 78 71 3 44 31 23 48 2 7 39 12 11 55 29 19 26 38 57 27 30 10 63 35 74 6 65 18 22 68 24 59 
12 22 79 29 34 36 81 19 39 24 73 46 2 15 20 68 48 50 1 28 33 11 76 23 41 44 13 52 71 69 80 62 38 59 63 55 21 78 3 10 61 5 65 67 45 56 18 4 26 14 77 54 57 53 6 60 16 30 27 25 49 74 66 31 72 40 58 64 7 42 35 37 75 70 8 43 9 51 32 47 17 
72 10 19 36 39 66 24 16 21 40 68 61 5 37 80 11 6 43 35 81 60 76 48 52 77 8 50 59 26 47 75 42 9 54 18 31 3 12 34 79 15 22 58 27 49 53 74 41 32 78 62 20 25 51 33 13 69 64 29 2 38 1 30 17 67 55 70 63 46 14 4 28 73 71 56 57 65 45 44 23 7 
31 35 51 2 60 57 17 62 61 72 71 44 32 9 53 19 21 46 11 38 56 70 36 74 18 16 26 45 7 27 52 49 28 6 8 66 78 29 23 39 37 10 75 81 67 13 33 3 50 42 1 15 34 12 22 20 59 4 63 80 73 68 40 5 76 30 47 65 24 43 48 54 77 69 79 41 64 25 55 14 58 
68 48 81 25 30 70 18 40 12 26 77 4 20 24 13 75 51 8 47 53 28 14 62 45 6 79 49 43 46 73 22 55 34 74 10 23 42 69 11 5 7 71 33 17 36 27 65 64 59 60 80 38 35 57 76 58 56 66 41 44 54 39 9 72 16 50 78 1 15 32 52 2 29 67 21 61 31 19 37 3 63 
45 4 42 75 63 76 28 34 71 7 56 15 49 3 17 73 52 65 27 58 13 72 69 31 44 1 20 81 30 67 25 32 41 62 39 19 38 21 54 59 26 55 46 51 60 40 61 22 14 77 9 79 6 23 48 43 5 24 57 8 53 50 78 37 64 12 66 68 36 10 80 29 74 47 2 70 11 18 35 33 16 
32 8 27 69 78 56 38 77 29 66 55 54 35 48 47 31 79 10 42 22 80 64 71 68 19 51 65 72 11 50 3 15 36 4 58 33 24 40 61 20 2 45 76 30 16 63 44 52 67 5 17 18 73 37 7 6 14 70 60 81 74 21 23 75 9 49 25 34 57 41 26 39 46 53 12 28 43 62 59 1 13 
23 7 74 6 41 33 3 53 5 16 14 60 34 50 36 58 59 78 46 10 75 67 2 25 39 15 24 57 64 65 56 35 71 37 1 51 43 9 48 8 63 77 13 68 70 4 30 26 72 54 45 47 29 69 42 12 19 11 28 55 18 17 61 79 21 81 20 31 44 62 22 73 32 76 66 38 27 40 52 49 80 
46 11 80 50 15 13 22 49 37 1 27 23 33 81 29 42 57 45 54 21 30 7 17 55 9 73 63 70 79 38 5 78 60 12 77 40 32 28 14 65 53 18 44 64 41 58 36 76 66 43 48 16 2 71 62 31 72 67 34 52 10 47 25 74 69 61 59 35 3 51 19 56 6 75 24 4 8 20 39 68 26 
26 52 55 1 20 64 65 43 79 76 41 70 38 74 28 67 18 63 66 3 34 78 59 61 37 12 32 53 14 29 44 2 69 48 80 68 73 50 4 56 57 25 47 6 62 24 49 8 19 39 21 10 46 31 35 75 27 51 36 45 71 16 15 33 40 58 7 42 23 13 11 77 72 9 60 22 81 17 54 30 5 
9 44 67 58 54 59 14 73 47 62 12 30 39 2 25 22 64 69 23 40 57 5 4 41 43 29 33 16 63 20 21 61 76 17 24 13 74 31 80 72 1 66 35 19 52 70 11 81 28 68 7 56 55 75 79 3 49 32 37 46 26 77 65 27 18 53 6 71 60 45 8 38 48 51 15 42 78 36 34 10 50 
80 68 43 51 71 52 35 44 33 22 38 32 14 41 72 59 54 21 12 30 2 63 60 50 15 66 25 65 57 5 31 28 13 69 34 26 20 79 70 47 4 7 67 40 10 37 78 27 49 45 24 81 18 76 36 55 61 75 64 16 11 46 8 23 3 77 48 17 62 53 6 58 1 42 73 19 29 9 74 39 56 
28 25 57 48 55 47 59 10 42 13 36 9 17 56 19 1 8 53 65 11 27 31 61 24 49 43 67 29 51 23 63 40 12 46 2 41 75 54 74 81 6 76 64 77 39 7 3 30 16 69 5 35 58 4 32 72 60 62 79 78 33 70 68 34 37 22 18 73 71 20 21 66 45 15 44 80 26 50 14 38 52 
62 65 73 26 19 18 39 12 58 30 69 57 74 64 52 25 34 55 45 13 1 17 54 28 29 77 80 49 6 70 15 43 4 16 81 53 46 61 8 50 41 21 60 59 37 66 48 31 47 2 75 68 14 40 44 9 24 56 42 38 76 22 71 63 51 35 32 36 11 7 78 67 79 33 3 72 10 27 20 5 23 
61 77 66 49 50 34 53 29 22 73 75 11 46 40 45 81 58 28 9 16 36 52 10 56 79 70 21 30 8 37 47 3 27 18 20 59 48 2 33 44 51 42 17 72 57 60 54 23 55 80 71 26 39 13 5 15 6 1 25 63 67 43 7 24 74 65 76 19 69 12 38 14 31 41 32 68 35 64 62 4 78 
79 6 41 38 8 30 1 2 17 67 29 39 15 65 62 16 66 23 4 73 47 42 68 34 81 53 40 58 72 60 76 36 75 55 9 54 12 49 32 11 24 80 14 71 78 20 19 46 61 56 64 51 43 70 21 35 26 28 13 74 3 27 59 57 52 5 45 10 33 31 50 44 37 18 77 63 25 7 69 22 48 
81 69 46 54 37 9 63 3 74 50 26 68 4 49 51 70 33 71 32 8 18 75 57 20 35 76 38 14 78 22 11 67 7 77 48 24 13 19 31 29 73 43 5 45 65 79 6 72 44 62 15 59 21 25 39 10 41 52 12 23 17 53 34 30 1 42 56 27 80 16 64 60 66 55 40 47 61 28 58 2 36 
11 36 5 4 56 23 72 14 40 31 10 43 76 44 78 35 20 60 59 51 74 6 7 48 64 37 58 17 25 80 33 38 1 61 19 32 69 22 55 27 16 62 3 63 30 42 8 9 57 52 28 41 50 73 65 47 45 77 54 29 2 66 18 81 70 75 46 39 26 15 79 68 71 12 13 34 49 67 53 21 24 
70 27 24 15 75 60 76 67 7 77 47 37 61 42 79 6 80 48 72 71 69 19 5 33 62 78 3 44 45 66 64 10 68 39 21 52 9 23 26 35 56 1 38 18 25 74 34 53 12 36 63 32 11 22 73 4 31 14 50 57 51 58 20 2 41 28 49 55 29 54 13 40 16 17 43 59 30 65 8 46 81 
21 16 13 78 64 20 45 31 32 12 2 27 18 63 24 5 3 7 41 14 26 55 44 46 23 39 22 79 56 74 35 50 62 42 73 71 53 58 52 66 34 68 36 28 15 65 29 77 1 38 10 33 17 67 19 49 30 48 81 40 69 37 80 25 59 43 61 8 4 9 72 47 51 11 57 76 54 75 70 60 6 
47 49 70 34 13 67 44 75 41 9 7 24 36 31 15 56 19 51 37 74 38 48 65 64 3 21 54 23 22 32 50 20 58 26 59 28 57 16 10 73 77 52 68 76 18 17 72 12 25 35 42 4 81 63 46 1 8 60 39 11 40 71 29 55 6 45 69 80 43 66 53 27 61 14 33 62 79 30 5 78 2 
73 81 62 28 16 40 5 54 68 45 60 67 11 66 57 49 37 13 69 75 32 22 31 80 47 61 1 4 29 43 78 18 77 52 17 64 39 51 41 46 8 33 63 2 9 59 76 74 21 48 53 36 20 15 58 65 42 27 3 50 6 24 12 7 38 10 14 30 79 72 23 26 25 34 70 35 19 56 71 55 44 
56 71 31 52 43 4 74 24 20 69 1 26 27 21 30 53 41 64 5 79 8 12 81 73 72 55 59 48 62 2 38 80 63 68 37 57 34 3 67 6 25 44 78 58 17 54 40 45 46 50 47 65 9 16 70 7 66 23 75 14 36 61 77 19 33 60 35 28 22 29 18 32 10 49 39 13 51 11 42 76 15 
30 45 8 22 9 29 33 76 11 47 61 81 75 79 12 28 68 70 67 20 23 56 51 14 7 52 43 60 10 6 55 66 42 5 16 74 35 26 19 15 64 50 72 48 4 80 77 71 34 44 38 2 1 58 78 53 57 37 62 41 25 49 54 3 17 63 39 46 13 59 73 36 24 21 18 31 69 32 65 40 27 
17 32 2 59 38 14 26 50 18 35 54 20 58 10 77 40 78 44 62 27 25 29 41 4 30 46 36 51 76 39 7 24 8 71 12 69 47 80 5 55 66 11 21 49 53 3 28 37 31 57 19 60 70 68 45 63 22 79 72 33 64 81 13 67 65 9 42 61 56 34 15 16 23 1 52 6 74 48 73 75 43 
69 79 10 64 1 35 6 39 77 25 33 55 29 22 32 76 63 59 15 42 9 13 24 49 16 57 45 75 36 3 54 14 53 11 65 27 40 43 28 70 30 74 7 62 38 51 66 56 23 61 18 67 41 5 80 19 2 73 52 68 31 34 21 44 20 4 71 78 50 8 12 48 81 37 47 60 58 46 17 26 72 
60 19 36 65 23 53 78 21 25 71 80 50 8 43 2 3 62 14 77 6 66 35 39 17 33 18 11 46 44 81 34 30 67 40 72 49 27 1 13 42 22 32 20 61 69 10 79 75 64 73 55 7 26 29 16 38 47 76 56 48 5 15 74 70 68 37 52 58 41 24 51 31 12 59 9 45 63 57 4 28 54 
42 57 61 80 46 72 51 48 63 5 74 17 16 73 4 18 23 6 76 26 58 40 53 60 68 34 19 33 13 56 70 21 31 15 35 1 29 75 37 71 45 24 12 65 79 14 22 78 43 32 52 8 27 39 9 28 20 55 30 10 59 69 44 49 54 62 64 11 2 25 47 81 3 7 67 50 77 38 36 41 66 
27 58 37 12 3 7 66 55 15 48 39 38 52 46 42 34 65 72 44 63 78 2 28 10 70 50 71 41 73 9 79 19 25 45 61 47 60 36 59 54 14 31 81 23 56 6 24 62 33 11 13 69 49 30 51 32 35 17 4 18 43 67 26 76 5 57 40 21 77 1 75 74 64 68 20 29 53 16 80 8 22 
50 5 76 73 66 71 19 79 1 61 18 8 59 29 60 63 70 74 17 55 15 33 35 13 32 20 64 24 21 49 10 11 52 28 4 30 7 62 38 68 54 46 45 34 31 67 69 43 36 26 12 57 23 77 25 41 37 40 53 75 14 72 51 80 27 3 81 2 39 58 16 22 47 48 65 9 44 6 78 56 42 
34 2 44 55 65 48 62 56 69 4 20 35 73 51 50 36 49 24 31 60 14 27 42 22 63 58 7 3 40 64 59 53 66 72 33 45 77 70 21 13 5 8 32 1 80 11 38 68 37 47 76 25 75 19 17 81 29 61 78 54 16 52 79 46 57 15 43 23 9 6 28 18 26 30 10 67 39 71 41 12 74 
29 26 39 11 24 61 57 72 46 42 45 6 80 5 3 12 28 15 16 36 48 51 67 79 10 54 44 20 41 71 17 81 55 19 23 7 4 63 58 14 78 60 9 53 22 30 21 59 35 18 31 62 66 49 1 68 73 47 43 76 34 32 27 13 50 33 74 56 25 65 70 69 40 77 37 52 75 8 2 64 38 
25 64 58 13 53 75 42 28 10 65 81 71 47 76 66 69 14 2 78 80 59 77 37 9 1 23 30 12 39 62 57 46 26 44 32 56 51 18 43 17 3 67 24 52 33 61 55 63 6 70 16 29 74 48 49 21 15 22 5 4 8 31 35 40 36 68 72 41 20 38 45 34 7 54 19 79 60 73 50 27 11 
15 51 17 74 32 80 70 45 54 78 72 22 67 16 56 9 77 25 28 57 73 43 75 19 66 69 81 47 35 36 1 79 5 8 68 18 11 48 71 40 27 12 55 10 29 50 7 58 41 3 20 52 42 14 60 44 39 38 26 13 65 2 6 61 30 24 63 62 64 21 37 49 4 31 76 46 23 53 33 59 34 
49 37 14 18 36 16 77 47 43 54 23 52 30 19 75 7 53 31 68 39 6 25 34 62 76 5 4 61 38 63 67 74 50 13 69 70 41 65 2 57 20 15 73 35 26 64 27 28 79 1 72 44 40 33 71 66 58 46 11 56 9 10 42 32 8 59 51 12 48 60 29 78 17 81 45 21 24 3 22 80 55 
20 38 59 63 4 27 52 30 6 55 46 48 37 62 68 57 1 40 21 41 45 49 29 3 65 2 74 31 9 14 43 73 54 58 42 60 56 72 79 76 19 81 23 16 47 22 53 34 51 17 39 78 8 80 64 70 28 50 69 12 24 7 33 10 77 67 75 26 66 11 44 71 5 61 36 25 32 15 18 13 35 
41 12 9 35 21 8 67 78 3 17 58 64 44 33 38 27 26 32 61 24 46 18 11 53 52 40 70 22 65 34 37 16 15 25 75 77 66 39 69 30 49 59 50 74 6 2 13 10 4 81 60 73 71 56 63 36 80 20 23 19 48 55 45 54 42 31 79 5 14 47 76 7 28 29 68 51 62 72 57 43 1 
33 40 22 60 7 81 23 68 31 10 43 13 21 34 41 39 11 79 71 56 12 50 26 38 8 47 72 6 80 78 51 29 2 27 76 48 36 42 44 37 28 64 61 25 75 15 45 5 54 9 32 46 65 24 59 18 62 74 67 77 30 57 3 73 35 19 4 52 55 17 1 53 20 58 49 14 16 70 63 66 69 
43 14 32 45 11 77 27 64 49 63 40 31 65 6 61 50 16 68 24 17 55 66 21 37 20 74 28 8 4 41 26 58 30 76 52 62 22 25 1 9 10 70 79 39 19 73 67 80 13 71 34 5 33 36 56 54 3 29 59 51 57 18 60 53 78 46 44 7 38 48 2 12 69 35 42 81 47 23 15 72 75 
3 34 69 57 2 38 79 20 78 27 19 74 41 70 35 23 76 30 80 48 77 73 22 11 25 72 29 64 68 53 46 71 39 31 36 17 65 32 51 58 12 47 4 42 81 9 16 44 40 75 43 24 61 62 52 33 63 6 55 15 50 8 37 28 10 18 1 67 59 56 66 21 14 5 26 54 45 60 13 7 49 
76 72 26 81 61 12 60 51 56 57 25 1 79 52 69 54 43 80 63 18 71 34 46 67 53 4 39 32 59 44 14 47 70 24 3 10 49 45 64 77 23 36 8 73 27 31 17 15 38 21 22 48 68 65 66 2 11 7 58 35 19 5 75 6 13 41 50 16 40 55 42 62 78 20 29 74 28 33 30 37 9 
75 21 30 39 17 28 13 37 9 81 62 78 7 38 49 44 73 66 14 52 70 59 40 36 61 32 79 56 60 18 29 5 20 67 22 42 2 74 68 69 80 41 34 26 50 55 4 25 3 58 35 6 45 8 43 48 76 12 1 24 72 23 16 15 71 54 31 47 65 33 77 19 27 64 63 53 46 10 11 57 51 
53 67 54 33 35 55 80 58 19 32 21 29 9 39 46 48 42 20 2 43 68 44 12 69 57 3 10 38 34 11 65 75 23 7 78 50 72 15 24 62 59 61 56 31 5 77 51 47 60 30 14 27 37 18 26 22 13 71 40 49 28 41 36 45 73 64 8 76 74 81 63 25 52 66 1 16 17 79 6 70 4 
65 46 47 24 6 44 36 23 59 75 13 53 45 67 5 8 55 11 26 33 54 30 1 51 31 19 9 66 77 79 27 63 74 2 15 37 16 7 40 38 17 20 52 60 71 28 41 70 76 29 50 49 64 42 81 61 10 69 80 21 78 25 14 35 4 72 34 22 58 57 39 3 18 73 62 12 56 68 43 48 32 
1 15 63 42 48 74 31 22 50 37 64 77 56 36 14 2 72 17 7 35 5 62 6 16 60 41 47 25 81 55 28 33 80 73 51 61 18 67 76 43 44 54 66 3 13 26 32 57 10 20 46 12 79 78 38 30 70 65 9 27 45 4 53 11 24 69 23 29 75 49 68 52 8 40 59 71 34 58 21 19 39 
7 41 71 16 62 5 68 52 66 60 22 58 3 47 34 4 10 18 56 76 65 15 78 8 50 13 42 69 1 48 12 45 40 21 49 6 37 33 53 75 29 28 30 57 35 81 63 19 39 59 23 11 72 54 74 77 64 44 46 73 32 79 17 51 26 27 9 14 70 36 20 43 2 38 31 24 55 80 25 61 67 
40 29 25 8 70 10 73 18 4 51 59 33 24 28 26 71 15 12 38 49 64 58 23 81 45 75 27 54 19 35 16 9 43 57 13 72 63 6 78 21 55 14 48 46 11 69 2 7 52 74 66 53 56 1 68 34 67 39 47 62 42 20 31 60 61 32 80 37 5 79 17 30 44 22 41 77 50 76 3 36 65 
38 50 16 21 52 42 69 63 62 36 76 41 81 58 70 20 67 47 25 46 39 68 18 78 40 80 66 11 27 51 45 60 24 33 7 43 64 57 73 2 75 72 77 15 32 34 5 14 53 22 26 31 4 79 55 17 12 59 49 9 13 54 10 48 56 44 19 6 61 35 74 1 30 8 71 3 37 29 23 65 28 
36 74 56 46 28 25 75 35 26 44 9 14 72 61 73 55 30 57 70 29 79 65 58 71 54 7 60 34 53 59 8 69 47 38 31 4 10 66 6 19 21 48 16 5 42 23 43 24 27 49 51 76 63 11 20 67 40 15 45 3 37 80 1 18 12 13 2 77 32 39 33 50 41 62 78 17 22 81 64 52 68 
24 70 4 7 31 65 64 66 45 59 8 12 62 71 10 51 40 29 3 61 63 74 9 21 13 30 56 80 15 75 18 41 73 1 55 22 14 52 49 26 76 17 53 20 34 68 39 67 78 46 69 58 44 50 2 16 25 5 48 60 47 35 19 38 23 36 37 43 81 28 54 72 11 57 27 32 42 77 79 6 33 
67 59 34 71 18 15 8 6 27 80 35 79 78 54 33 52 22 19 20 44 4 16 38 12 17 48 73 26 42 28 77 39 72 81 14 2 45 60 36 23 74 51 1 50 40 75 56 21 62 37 57 64 7 10 41 29 32 68 76 65 61 30 58 47 63 25 53 66 31 3 55 11 49 24 69 5 13 43 46 9 70 
13 9 23 40 29 79 43 57 48 18 31 65 53 68 63 24 56 1 8 37 35 69 47 15 26 6 77 5 49 30 58 76 44 20 66 3 67 81 27 4 71 78 11 55 12 32 52 73 45 16 25 72 38 60 34 50 21 33 70 22 62 36 28 64 75 17 41 51 42 80 46 10 19 2 54 39 14 59 7 74 61 
37 55 20 77 49 73 54 60 14 2 17 5 42 11 39 66 46 3 34 32 50 81 43 75 28 27 52 21 16 25 36 57 29 10 40 35 33 13 62 80 9 69 22 47 68 41 12 1 74 19 30 70 15 61 8 78 51 53 18 64 23 6 56 65 58 71 24 59 76 67 7 79 63 44 4 48 72 26 38 31 45 
19 78 72 41 22 11 47 5 81 64 50 16 25 26 6 60 69 77 53 62 31 23 49 1 67 10 2 13 37 12 71 48 79 32 70 9 28 38 30 61 65 56 39 44 59 29 80 18 17 33 3 55 54 20 24 73 43 42 74 7 46 63 4 8 45 34 27 40 52 68 14 57 58 36 35 75 76 66 51 15 21 
39 53 1 68 51 3 32 33 30 23 34 28 48 7 43 21 75 37 19 59 11 24 14 76 22 45 57 74 54 17 61 6 46 64 62 67 58 8 18 41 79 35 70 29 63 71 42 2 9 65 36 77 13 47 69 27 38 31 66 72 52 44 81 26 15 78 60 4 73 5 49 20 80 25 50 10 12 55 56 16 40 
10 76 12 44 58 17 2 61 80 38 49 45 13 32 74 15 27 4 51 72 41 36 64 42 5 33 55 68 50 52 23 65 19 78 56 63 25 37 7 31 46 3 43 24 54 8 35 40 48 28 81 66 59 6 57 79 77 26 14 71 39 75 11 22 29 16 21 9 30 69 62 70 53 60 34 20 73 47 1 67 18 
################proper############## 

 average_time = 56.841687 

 success runs = 1 

 total average iters = 803658.000000 
