Success!!! 
 
 max_col = 
 81 
 
 run_time = 
 46.204694 
 
 once iters = 
 600195 
 
46 29 57 14 25 5 38 13 1 68 15 2 8 55 80 42 73 12 54 51 6 50 4 16 19 79 47 36 40 48 7 63 39 72 21 62 67 75 74 34 9 56 53 24 78 70 17 45 28 43 76 41 27 81 20 37 52 11 58 65 69 31 33 18 60 3 22 35 49 23 66 64 71 77 26 10 61 44 32 30 59 
26 3 35 19 56 40 12 47 78 58 17 75 27 10 1 72 16 14 62 25 65 13 59 8 24 23 69 66 77 57 45 6 70 52 11 5 76 44 46 51 33 50 31 68 73 49 63 64 9 22 32 48 61 15 4 53 18 30 55 21 2 42 43 28 29 36 54 20 74 81 38 71 67 39 41 37 60 34 79 80 7 
61 59 67 79 72 45 55 75 22 81 47 50 56 37 60 77 20 24 10 27 44 66 53 39 43 76 12 58 8 80 30 54 18 32 29 31 17 41 19 49 2 13 11 4 65 68 73 16 26 3 23 69 71 35 9 15 38 78 48 46 5 25 64 6 7 42 62 14 34 1 70 51 33 57 28 74 40 63 36 52 21 
8 43 60 80 37 54 23 2 33 5 4 78 66 74 25 63 39 67 20 38 15 29 36 58 45 17 31 46 12 61 22 64 47 26 27 42 1 77 28 35 48 18 81 62 70 55 7 10 50 30 34 65 79 19 16 3 56 41 71 72 51 44 59 57 32 11 21 68 52 76 73 40 9 49 6 13 24 69 14 53 75 
11 39 34 64 15 44 36 28 20 79 6 38 61 31 32 69 3 30 2 5 48 21 7 33 70 22 77 71 73 4 56 68 78 14 9 50 52 8 55 58 47 10 43 27 63 57 54 42 72 62 60 12 80 25 74 81 19 75 26 49 40 24 23 37 16 45 65 67 53 13 41 59 46 51 29 76 17 66 18 1 35 
17 65 69 16 50 41 52 68 32 22 43 18 35 33 45 29 62 44 67 81 64 42 56 1 75 72 3 49 51 74 13 34 10 60 79 2 6 54 14 25 15 21 71 26 57 46 20 77 53 37 59 40 11 24 63 12 76 70 28 80 7 66 36 39 47 31 61 30 9 78 19 27 48 55 73 4 58 23 38 8 5 
9 18 30 31 6 48 4 42 70 76 49 34 36 71 53 57 64 23 41 68 40 28 37 55 80 11 46 44 1 20 24 43 59 65 81 35 79 32 38 39 5 61 7 69 3 47 74 29 14 52 56 21 51 66 22 45 67 17 10 13 8 73 60 75 26 77 15 33 58 50 63 72 62 16 2 78 12 19 27 54 25 
7 58 24 71 53 63 74 21 51 19 41 46 65 28 9 40 13 59 49 52 35 26 78 73 61 18 14 67 16 37 75 76 15 17 23 69 66 20 60 72 80 22 45 30 29 39 4 44 2 1 36 38 31 33 34 50 6 57 77 32 54 62 27 55 43 12 79 10 5 25 8 48 42 70 11 3 64 47 68 81 56 
77 76 49 10 81 62 27 73 66 26 54 11 51 7 70 52 21 48 60 30 63 34 32 57 9 74 71 28 19 33 38 55 25 41 53 3 42 40 12 36 37 16 23 64 59 6 58 8 78 18 5 67 13 75 68 1 39 14 47 35 61 79 29 4 80 17 56 44 2 69 24 46 22 43 45 15 65 72 31 50 20 
78 45 13 66 52 17 51 37 3 27 67 36 28 70 68 1 56 46 53 7 4 10 21 64 59 40 63 62 6 47 44 75 73 61 42 41 69 58 29 32 74 33 49 14 12 34 72 65 48 11 16 71 9 60 15 38 31 43 30 57 24 18 2 5 76 50 20 55 26 77 35 22 79 80 81 23 54 8 25 39 19 
70 56 68 53 43 15 39 36 31 40 24 71 54 32 38 76 30 17 80 26 75 19 5 46 37 12 66 48 78 64 52 20 65 11 18 28 25 67 21 57 59 4 51 9 8 58 49 41 29 45 22 27 44 50 61 23 63 73 81 33 6 1 3 79 14 72 7 74 69 34 47 16 60 2 42 35 77 13 10 55 62 
54 72 55 23 12 14 26 60 48 20 53 49 18 57 13 39 81 31 51 76 17 24 58 71 56 73 70 33 43 15 21 19 9 37 5 16 47 1 3 79 64 34 42 35 40 36 59 63 52 6 62 10 68 46 32 75 50 77 25 45 28 41 74 27 11 8 29 61 67 80 4 2 38 69 30 65 44 7 78 66 22 
44 25 38 28 74 35 2 29 75 15 79 63 69 72 55 66 8 7 68 61 42 60 11 13 62 77 30 24 59 34 27 58 40 22 14 57 37 18 17 23 43 41 39 65 16 1 78 31 80 19 81 51 64 5 49 70 4 10 36 53 12 71 56 52 9 21 33 32 45 73 6 54 47 48 67 50 20 3 76 46 26 
64 67 19 20 46 80 81 33 8 3 16 47 26 61 6 22 29 9 15 54 14 55 49 31 44 69 79 4 71 32 70 38 72 76 60 1 50 7 13 68 30 75 2 48 66 43 77 56 23 35 74 42 18 39 58 59 17 52 78 37 11 51 62 10 57 53 63 24 65 41 12 25 34 36 40 27 73 5 45 21 28 
5 9 6 58 79 22 61 34 10 21 52 12 33 41 50 11 75 19 38 39 8 78 18 2 74 25 48 81 31 3 29 77 80 36 67 45 27 62 24 26 28 20 73 71 60 76 66 57 40 47 37 7 69 13 54 72 14 46 35 68 44 65 55 15 17 1 23 56 42 43 51 30 70 4 49 32 63 64 16 59 53 
65 63 42 76 69 59 7 16 4 44 73 14 23 78 5 35 80 51 6 72 3 33 41 47 27 9 36 12 53 17 55 50 26 74 49 10 77 61 11 46 45 31 56 22 38 30 28 20 32 15 2 54 25 8 39 21 13 67 60 79 64 34 19 48 70 71 40 75 81 66 62 37 52 18 1 68 29 24 43 58 57 
1 77 47 41 32 49 11 57 27 10 42 64 62 25 59 65 43 58 28 16 50 20 67 35 34 45 23 30 79 63 2 51 7 13 39 46 15 80 76 53 55 81 52 72 54 75 70 73 61 4 26 24 21 17 29 5 8 66 69 9 48 40 22 3 38 19 44 60 18 68 78 36 14 71 33 12 37 31 56 6 74 
73 40 18 62 30 21 71 50 24 48 34 37 45 2 77 74 4 60 43 65 52 81 22 32 1 29 57 25 54 23 8 56 35 69 66 68 10 5 6 70 36 78 63 44 19 33 12 14 3 38 53 79 67 55 80 27 26 7 76 47 20 16 42 58 49 64 39 31 46 59 13 28 11 72 9 51 75 15 17 41 61 
74 20 59 27 57 61 24 79 42 18 11 32 10 66 15 36 68 64 12 33 38 39 6 50 51 19 62 73 69 1 60 13 14 77 8 7 35 17 23 55 25 54 21 40 71 67 29 75 47 56 80 16 76 52 48 43 58 2 49 30 4 78 31 70 37 34 28 63 72 53 22 65 81 46 44 9 3 26 41 5 45 
25 14 4 55 60 81 45 56 72 73 57 42 5 63 51 16 46 79 21 28 61 75 52 59 35 58 68 53 20 22 62 32 11 44 10 18 33 30 78 31 29 37 1 49 48 15 41 19 36 9 54 66 7 74 12 80 70 47 65 3 17 26 71 24 69 43 2 13 50 8 64 23 6 76 39 77 34 27 40 67 38 
47 10 63 51 71 32 70 62 34 56 28 3 60 13 31 43 17 29 30 67 25 18 42 81 15 2 24 39 5 38 48 4 45 23 78 58 20 64 9 69 22 8 75 73 41 40 46 37 68 44 79 50 55 26 77 52 66 36 1 59 27 76 57 54 61 74 12 6 33 21 11 14 35 65 19 49 53 16 7 72 80 
38 36 23 26 3 1 69 66 40 65 74 77 14 52 2 30 58 76 13 4 20 56 46 9 57 43 22 17 29 67 37 61 16 25 55 79 63 59 53 11 7 47 27 81 39 78 32 6 34 5 72 60 70 51 28 73 68 45 64 44 18 19 54 71 31 41 80 62 35 42 75 49 8 21 15 24 50 10 33 12 48 
37 28 78 54 11 50 31 41 17 67 72 39 22 62 4 12 7 75 48 36 53 77 64 10 40 80 60 59 49 30 63 35 21 70 24 27 65 66 15 16 76 52 6 57 79 3 8 33 42 71 25 23 45 38 51 74 46 34 14 61 13 55 81 26 19 9 68 5 47 29 1 44 69 20 43 2 56 18 58 32 73 
80 19 75 6 22 67 16 52 49 1 23 53 78 26 48 9 35 81 11 3 47 54 70 79 29 37 44 40 34 36 65 57 43 46 33 71 2 12 18 24 68 28 38 13 45 69 64 30 21 73 77 63 58 31 50 41 10 56 8 39 60 5 72 76 20 32 55 27 51 4 7 15 59 61 17 25 14 74 66 62 42 
33 8 48 29 77 2 73 44 68 47 55 54 40 21 71 45 50 25 14 74 32 69 66 76 72 7 41 26 80 28 15 3 51 81 31 12 5 19 56 61 46 62 70 34 43 65 13 49 35 27 24 17 57 4 23 79 37 20 42 6 9 53 67 36 59 52 18 38 10 58 16 39 75 22 64 1 78 60 30 63 11 
58 12 76 5 21 46 65 43 15 34 33 24 44 19 41 70 49 61 8 17 1 63 23 45 26 27 73 68 50 9 64 72 6 2 74 56 32 42 10 14 3 51 4 67 80 28 48 18 81 20 39 53 62 59 69 22 29 35 16 75 38 7 11 66 40 60 77 25 57 79 30 78 13 37 31 55 47 54 71 36 52 
35 13 53 30 64 39 18 7 9 38 20 69 59 80 8 27 37 6 16 78 55 49 71 34 31 65 5 75 42 76 47 52 54 19 41 66 60 26 58 77 50 74 44 36 72 11 2 12 22 61 1 43 14 10 21 33 24 25 63 40 62 15 32 17 67 81 45 3 73 46 48 56 51 23 4 29 28 57 70 79 68 
31 47 3 39 24 68 22 46 79 69 25 23 32 29 35 17 44 50 65 8 71 15 60 63 77 5 38 74 64 53 49 45 20 12 7 55 43 57 70 37 21 30 33 56 67 81 42 61 11 75 18 14 2 54 73 9 34 40 19 41 59 58 4 51 66 48 6 52 76 36 10 26 72 13 78 28 62 80 1 16 27 
14 66 37 56 35 64 67 32 12 6 45 76 53 30 26 10 38 34 24 57 79 59 1 18 54 75 13 22 9 46 69 27 62 16 50 73 81 51 5 4 61 49 17 80 31 63 25 21 60 33 70 72 52 48 44 77 65 42 11 23 78 2 47 7 15 58 43 28 19 3 71 29 55 40 36 8 68 39 20 74 41 
19 17 40 1 48 43 44 49 25 8 51 80 16 46 27 14 70 15 29 53 36 30 2 56 76 3 55 52 75 35 33 47 13 54 4 59 41 38 42 9 58 63 77 20 28 10 24 66 67 34 65 57 12 6 62 71 64 26 31 18 21 39 5 74 68 79 78 73 61 72 50 11 32 45 7 22 81 37 23 69 60 
28 21 10 70 2 69 9 45 65 37 63 41 64 49 57 59 11 74 27 73 72 46 62 12 25 48 61 42 66 58 26 71 5 15 17 6 29 23 50 13 18 1 40 52 32 31 80 47 16 79 4 56 78 36 53 55 60 24 68 20 35 81 7 22 33 67 8 39 75 38 34 77 76 3 54 43 19 30 44 14 51 
36 33 11 15 20 77 62 80 50 13 78 72 48 12 75 71 67 66 64 69 49 23 45 17 39 52 16 21 65 31 76 18 60 43 19 29 54 55 7 27 10 68 74 3 26 35 44 32 51 8 38 22 73 40 1 25 57 79 61 28 56 63 37 41 81 5 46 70 30 14 53 47 4 24 34 42 2 59 6 9 58 
27 81 58 61 18 53 60 23 55 36 1 22 42 56 52 4 24 54 35 34 33 67 40 78 7 31 20 80 70 11 72 41 28 51 77 39 16 48 2 45 73 25 14 66 75 29 30 26 5 59 69 37 19 68 13 76 74 8 43 12 3 49 6 64 63 44 32 65 62 57 21 9 17 15 47 71 38 79 46 10 50 
52 74 29 34 59 6 30 76 38 77 61 33 68 65 7 58 40 47 22 32 81 9 43 70 14 4 19 57 3 56 1 48 24 8 2 78 44 72 62 71 79 69 15 11 46 53 55 28 45 41 49 13 39 20 67 17 80 51 50 54 36 10 75 35 27 37 16 18 25 60 23 42 12 63 21 26 66 73 5 31 64 
51 16 7 13 78 57 42 4 63 31 81 21 20 18 79 73 19 5 47 37 41 6 26 66 11 50 28 23 68 10 34 44 38 40 30 36 64 76 22 65 60 53 8 39 24 62 9 43 77 58 71 74 1 3 46 32 72 15 27 29 14 52 69 59 2 54 49 12 80 17 55 45 25 75 61 56 35 70 48 33 67 
72 73 41 75 8 26 5 71 54 60 3 62 9 39 43 28 55 2 74 80 58 68 10 44 21 51 42 32 14 25 81 37 79 67 61 63 19 47 59 12 34 6 36 78 35 7 76 23 17 46 50 64 15 27 45 66 22 33 38 48 16 30 70 56 4 69 24 1 31 40 20 13 57 11 52 53 18 65 77 29 49 
39 35 22 65 1 55 80 17 19 11 38 10 37 9 21 67 5 73 44 45 30 16 48 51 13 53 15 18 25 75 36 14 71 20 63 32 26 43 52 29 6 24 66 46 2 59 79 4 56 12 31 76 54 77 40 34 69 72 33 27 68 57 50 62 64 61 58 49 78 7 74 3 28 81 8 70 23 41 60 42 47 
75 46 20 40 58 29 3 18 73 66 13 30 31 14 54 23 22 49 1 21 60 61 50 19 81 64 52 5 67 72 35 79 42 10 69 11 8 71 27 33 16 36 55 47 4 26 51 39 38 28 43 68 65 44 78 6 77 9 62 2 70 45 41 32 24 80 53 37 59 12 15 17 56 34 48 7 74 76 57 25 63 
23 79 14 25 5 56 13 6 30 46 29 16 70 1 65 15 2 63 76 75 67 47 12 42 68 33 7 51 61 40 43 39 55 78 28 34 3 35 64 62 31 59 72 50 22 73 37 53 18 74 57 8 41 69 24 20 48 60 21 26 58 80 17 45 36 66 71 11 44 9 81 10 49 19 77 54 32 38 52 27 4 
81 50 45 68 31 37 32 48 11 33 56 35 12 58 64 26 74 55 63 18 59 17 8 5 71 78 4 13 23 2 57 49 27 47 44 24 7 65 41 76 40 60 69 25 34 20 36 52 1 80 61 9 42 16 19 46 54 22 66 38 79 29 51 30 72 14 70 77 39 28 67 73 21 10 75 6 43 62 53 3 15 
2 71 66 52 61 42 41 9 74 39 68 19 80 20 69 32 51 36 58 31 54 37 72 38 28 24 43 50 56 62 46 12 22 21 3 15 48 79 57 44 1 77 13 63 5 60 67 7 70 17 27 35 23 49 81 11 55 65 75 10 76 4 53 16 18 6 47 34 29 26 25 8 40 78 14 73 45 33 59 64 30 
10 53 51 33 47 27 28 69 60 57 77 45 25 59 17 41 76 62 23 79 11 74 20 65 3 49 9 7 38 70 19 29 4 73 48 8 12 78 61 30 67 39 18 37 68 21 81 24 58 50 13 6 34 71 64 14 43 32 5 42 15 56 44 40 46 63 35 2 1 52 54 75 31 66 80 16 55 36 22 26 72 
12 78 54 63 16 34 59 15 26 43 44 79 24 75 40 18 48 4 56 29 80 70 73 14 32 36 10 77 37 6 74 65 76 31 45 53 21 81 51 42 38 9 28 58 20 64 47 2 66 72 19 55 3 62 35 49 25 1 7 52 30 67 8 60 23 27 41 57 22 33 5 68 39 50 13 61 71 17 69 11 46 
43 24 36 67 62 7 8 72 77 50 60 61 34 27 47 81 6 78 69 46 26 35 57 25 22 41 2 1 30 52 16 66 58 64 80 17 56 53 49 74 23 14 54 70 10 45 33 11 63 40 15 5 75 32 3 13 12 28 73 71 39 59 18 42 48 55 38 4 21 31 76 19 29 44 20 79 9 51 37 68 65 
57 70 21 44 38 4 49 64 76 71 7 28 72 53 42 8 52 3 66 40 77 62 34 27 6 55 39 54 33 60 59 26 41 9 68 81 73 11 75 80 17 45 32 19 15 48 10 22 25 78 30 46 29 14 36 63 47 61 74 31 37 23 16 13 79 65 51 69 56 20 43 50 58 5 24 18 1 67 2 35 12 
6 60 65 22 45 11 43 81 35 54 70 9 58 48 3 44 31 16 26 12 29 7 15 30 55 42 74 61 18 69 68 46 34 28 36 19 78 39 20 40 14 17 37 76 56 4 71 62 8 64 67 47 33 21 27 10 53 23 24 63 73 13 25 72 75 51 52 50 32 49 57 5 2 1 66 41 59 77 80 38 79 
21 2 71 17 9 18 58 19 16 25 59 51 76 79 23 68 1 37 73 62 66 43 3 41 33 6 11 29 22 12 32 42 44 5 52 67 72 13 26 63 4 65 24 54 77 74 35 27 69 36 46 45 10 57 60 48 28 50 20 70 49 64 40 38 8 47 81 78 7 39 61 80 15 53 55 75 30 14 34 56 31 
49 69 25 37 44 23 47 55 36 41 35 29 73 64 18 6 42 77 32 9 39 53 31 20 52 56 34 78 57 13 4 33 2 79 72 40 61 27 1 5 66 71 68 21 50 24 65 81 54 63 17 59 38 28 11 8 75 76 45 7 80 14 12 46 22 15 30 43 16 19 26 62 10 74 60 48 51 58 67 70 3 
42 15 27 48 34 33 63 59 13 45 2 40 49 17 14 24 60 57 72 70 78 44 68 4 65 10 1 3 58 8 66 25 37 7 47 76 28 46 30 75 52 12 67 41 6 80 53 9 73 23 51 11 26 56 38 31 81 71 22 36 74 61 39 69 77 20 64 79 55 35 29 21 54 32 50 5 16 43 62 19 18 
20 38 52 73 70 79 72 10 41 62 8 81 75 36 78 34 61 53 46 48 18 27 80 21 58 28 59 55 35 39 54 11 63 50 56 65 31 69 16 47 49 44 19 33 74 2 22 1 12 77 7 25 32 30 5 68 15 3 51 66 43 17 26 67 71 40 42 23 6 24 14 60 37 9 76 64 57 45 29 4 13 
29 32 46 74 80 31 40 5 61 4 39 66 7 50 10 21 72 13 36 35 22 2 16 77 67 14 45 60 15 26 51 23 53 75 71 38 34 9 25 73 62 55 64 59 58 19 18 68 20 70 3 49 6 43 41 57 79 44 54 78 1 47 30 11 56 33 37 76 48 27 28 12 24 8 65 81 42 52 63 17 69 
53 62 64 4 68 51 50 12 7 63 22 56 30 5 33 19 69 26 75 71 13 8 81 24 38 57 76 20 10 27 31 9 1 59 16 74 80 45 79 60 11 43 3 42 36 37 39 72 55 66 14 15 48 61 18 67 32 21 52 34 29 46 77 2 44 73 17 41 54 70 65 58 78 47 25 40 49 6 35 28 23 
30 26 1 78 67 28 75 8 39 80 71 55 47 43 11 46 27 65 25 49 37 40 79 23 64 54 50 45 24 81 17 70 77 48 62 14 51 15 32 10 57 38 22 7 53 41 52 60 13 76 44 29 5 42 56 69 35 6 2 16 19 9 58 63 34 4 59 66 3 74 18 31 73 12 72 20 36 68 21 61 33 
76 57 56 77 54 24 66 3 14 28 32 74 38 15 67 20 12 52 17 60 19 5 69 61 47 63 51 6 21 41 73 80 30 49 43 64 18 70 81 2 8 35 48 29 23 79 31 78 75 16 40 34 50 58 42 4 59 55 37 62 33 72 65 1 45 25 13 9 36 10 68 53 27 7 22 11 26 46 39 71 44 
4 6 8 45 73 19 68 27 53 9 76 65 67 38 58 60 54 10 3 22 16 52 25 62 48 1 81 72 17 78 12 31 75 57 59 70 46 21 66 50 51 11 34 5 30 77 56 35 64 7 20 32 43 80 14 18 23 63 40 55 71 36 28 29 39 13 69 47 37 15 49 41 61 79 74 44 33 42 26 2 24 
22 75 5 57 42 16 10 35 71 64 80 70 41 69 30 78 23 56 33 66 45 4 39 54 12 38 49 43 76 14 79 40 32 18 25 26 24 31 72 3 13 19 59 28 61 27 1 46 74 51 21 58 8 53 7 60 44 37 29 73 52 77 48 9 55 2 36 81 20 65 17 67 50 68 63 62 6 11 15 47 34 
41 49 32 9 66 30 56 1 44 61 12 48 81 16 74 33 79 72 70 15 24 80 51 40 17 13 53 35 4 50 77 5 64 62 20 60 75 14 43 54 27 29 65 2 18 22 11 55 10 69 47 28 36 34 25 39 42 68 59 8 31 6 38 21 58 78 26 46 23 63 52 57 3 67 37 45 7 71 19 73 76 
50 37 74 46 76 20 33 63 29 17 21 8 55 68 39 53 26 18 57 2 34 64 44 75 79 35 65 19 45 51 71 7 49 3 15 47 36 73 48 52 81 42 12 60 9 13 16 59 62 25 6 78 24 70 43 56 11 69 41 22 67 27 1 80 5 38 10 54 28 30 31 61 77 58 23 14 4 32 72 40 66 
3 7 80 47 17 25 34 54 59 29 31 13 15 42 36 51 77 32 50 20 21 71 63 6 73 8 67 10 28 55 11 53 68 27 46 23 45 74 44 22 69 58 26 79 64 52 61 40 37 49 66 19 72 41 2 24 5 4 12 76 81 75 78 33 62 70 1 48 14 16 60 18 30 38 56 57 39 35 65 43 9 
69 23 12 36 40 13 64 61 18 2 75 7 6 73 63 50 34 35 9 59 31 14 28 11 10 60 27 65 44 42 41 8 66 58 1 30 57 37 67 38 56 80 62 53 76 5 26 17 15 48 68 39 81 29 79 16 33 49 72 19 47 74 46 77 3 24 25 71 4 45 32 43 20 54 51 52 21 78 55 22 70 
60 52 39 38 51 58 77 78 81 14 62 5 1 3 19 37 45 27 7 55 69 32 76 43 30 26 72 56 36 24 67 2 61 29 22 13 68 33 47 6 20 70 41 23 25 71 57 79 44 31 75 4 63 18 65 35 9 54 15 50 34 21 80 73 74 59 11 40 12 64 42 66 53 17 10 46 8 49 28 48 16 
79 31 62 2 65 72 21 11 28 49 46 52 43 44 24 25 71 20 42 77 56 58 47 37 78 61 18 9 63 54 80 74 33 6 38 48 55 4 39 15 35 40 16 10 1 23 45 67 76 14 12 3 60 73 17 26 30 13 32 51 57 70 66 68 53 7 50 19 8 22 27 34 36 41 69 59 5 29 64 75 81 
67 48 15 24 55 70 14 26 43 59 40 57 11 4 28 47 66 22 5 23 68 36 19 74 41 46 29 69 52 73 39 16 81 34 37 21 49 63 8 7 71 32 78 77 17 54 38 50 65 42 9 33 30 2 10 62 61 58 53 64 45 3 20 44 6 75 76 51 79 56 72 35 80 31 12 60 27 25 13 18 1 
16 11 43 72 23 74 6 53 69 7 27 31 19 81 29 75 36 71 61 24 46 25 54 22 20 59 35 70 62 44 78 17 57 68 65 80 9 60 45 41 63 67 76 1 51 66 3 5 49 2 10 52 47 12 8 42 73 38 39 4 26 37 34 14 28 30 48 21 77 55 79 32 18 64 58 33 15 56 50 13 40 
48 68 50 12 10 47 29 70 64 53 30 20 46 6 16 49 14 21 78 44 73 1 77 80 5 39 8 63 11 19 28 81 23 55 76 72 38 56 69 66 42 2 35 43 7 18 15 51 57 60 45 61 40 79 33 58 27 62 13 17 75 32 9 25 65 26 74 22 71 54 37 52 41 59 3 31 67 4 24 34 36 
56 61 81 49 41 9 54 30 80 74 37 58 79 47 62 2 15 8 52 43 12 65 29 69 63 21 26 34 46 71 3 10 31 4 75 20 14 25 40 64 77 57 50 32 33 38 27 36 6 55 11 73 16 22 70 7 78 5 18 67 72 28 45 23 13 68 66 53 60 44 59 24 19 42 35 17 48 1 51 76 39 
13 42 2 21 75 60 37 39 5 35 69 73 4 34 56 80 65 38 71 58 27 45 14 68 16 47 40 15 7 59 18 24 12 66 26 51 22 49 54 48 19 79 30 74 52 17 23 76 33 32 28 70 53 67 31 64 3 29 57 43 25 20 61 81 50 10 72 36 41 11 9 1 44 6 62 63 46 55 8 77 78 
32 4 31 7 27 65 46 51 52 70 66 17 13 23 12 54 59 68 79 42 74 48 38 15 49 67 33 8 60 45 40 22 50 53 35 25 71 3 34 20 24 26 58 55 44 14 62 80 19 21 41 75 37 1 30 36 2 81 6 56 77 69 63 47 78 18 73 64 43 61 39 76 5 29 16 72 11 28 9 57 10 
18 22 28 59 63 78 57 77 58 42 10 60 50 67 44 48 25 33 31 13 23 11 9 36 2 62 75 41 27 43 14 73 69 39 64 52 53 29 37 21 12 15 47 8 81 56 34 71 4 24 35 26 20 72 66 54 1 16 80 74 55 68 76 19 51 46 3 17 40 5 45 6 65 30 70 38 79 61 49 7 32 
24 44 26 35 14 73 17 38 45 51 9 43 77 11 76 5 78 39 4 64 10 41 55 3 53 32 56 37 13 16 42 1 36 30 58 49 70 6 80 28 75 72 61 18 62 25 68 69 31 29 48 81 59 65 71 40 21 19 46 15 50 60 79 34 12 57 67 8 63 2 33 7 66 52 27 47 22 20 74 23 54 
66 55 33 3 36 76 15 40 67 52 18 1 63 24 22 61 41 28 34 19 57 72 17 7 60 81 37 79 48 77 6 21 56 38 32 9 59 68 4 78 65 23 5 16 13 42 50 54 46 39 8 30 74 64 47 51 49 53 44 11 10 12 14 31 35 29 27 80 70 62 58 20 43 26 71 69 25 75 73 45 2 
34 1 79 8 19 71 20 25 62 32 64 26 3 40 72 55 57 45 18 50 76 51 30 28 66 70 6 2 47 29 5 67 74 33 54 61 11 10 36 17 39 73 46 31 27 9 43 58 7 13 63 44 77 78 52 65 41 59 23 24 22 48 35 49 42 56 4 16 15 75 69 38 68 14 53 21 80 81 12 60 37 
40 64 17 43 13 52 79 31 2 30 14 67 39 77 37 38 18 42 59 41 5 73 74 49 36 15 78 76 81 65 23 28 3 24 6 22 4 50 68 1 53 48 80 61 55 44 19 25 71 26 33 20 35 63 72 29 45 27 56 60 32 11 21 12 10 16 75 58 66 47 46 70 7 62 57 34 69 9 54 51 8 
68 30 16 60 29 75 1 20 21 78 65 4 71 76 81 62 63 43 45 47 70 79 61 26 42 34 25 11 41 5 53 36 19 80 73 77 74 28 31 18 32 27 9 15 49 12 6 13 59 57 52 2 22 37 55 44 40 39 67 69 66 8 10 50 54 23 14 7 38 51 56 33 64 35 46 58 72 48 3 24 17 
71 34 70 32 28 8 48 58 23 75 5 68 29 51 73 3 53 1 77 56 7 31 65 60 4 44 54 27 74 66 9 62 46 35 12 33 40 22 63 59 26 64 10 45 14 61 69 15 39 67 42 18 49 47 37 30 36 80 17 81 41 38 13 78 21 76 57 72 24 6 2 55 16 25 79 19 52 50 11 20 43 
59 41 9 69 26 12 76 24 6 55 58 27 2 22 61 56 28 11 40 63 51 3 13 53 18 20 32 16 72 79 25 78 52 45 34 54 62 36 71 8 70 46 60 75 37 50 5 48 30 68 29 31 66 23 57 47 7 64 4 77 65 35 73 43 1 49 19 15 17 67 80 81 74 33 38 39 10 21 42 44 14 
45 27 77 81 49 66 19 65 47 23 36 6 21 54 20 31 9 41 39 11 2 12 35 72 8 71 64 14 26 18 58 69 67 56 51 37 30 34 33 43 44 76 57 17 42 32 60 38 79 10 73 1 46 7 59 78 16 74 3 25 53 50 24 61 52 62 5 29 13 48 40 4 63 28 68 80 70 22 75 15 55 
62 51 73 11 4 38 53 22 46 72 48 15 52 8 34 7 32 70 81 10 43 57 24 67 23 68 58 31 39 21 50 30 17 42 40 75 13 2 35 19 78 66 29 6 69 16 14 3 27 54 55 80 56 45 76 61 20 18 79 5 63 33 49 65 25 28 9 26 64 71 44 74 1 60 59 36 41 12 47 37 77 
15 54 61 18 33 36 35 14 37 16 50 44 57 60 46 64 47 80 55 6 9 22 27 29 69 30 17 38 2 7 10 59 48 63 13 4 58 24 65 67 72 3 25 12 21 8 75 74 41 53 78 62 28 11 26 19 51 31 70 1 23 43 52 20 73 39 34 42 68 32 77 79 45 56 5 66 76 40 81 49 71 
63 5 44 50 39 3 78 67 57 12 19 25 74 45 49 79 10 40 37 1 28 38 33 52 46 66 80 64 55 68 61 60 29 71 70 43 23 16 73 56 54 7 20 51 47 72 21 34 24 81 58 77 17 76 75 2 62 48 9 14 42 22 15 8 41 35 31 59 11 18 36 69 26 27 32 30 13 53 4 65 6 
55 80 72 42 7 10 25 74 56 24 26 59 17 35 66 13 33 69 19 14 62 76 75 48 50 16 21 47 32 49 20 15 8 1 57 44 39 52 77 81 41 5 79 38 11 51 40 70 43 65 64 36 4 9 6 28 71 12 34 58 46 54 68 53 30 22 60 45 27 37 3 63 23 73 18 67 31 2 61 78 29 
################proper############## 

 average_time = 46.204694 

 success runs = 1 

 total average iters = 600195.000000 
