Success!!! 
 
 max_col = 
 81 
 
 run_time = 
 52.937223 
 
 once iters = 
 806824 
 
40 28 43 22 56 27 3 50 7 11 61 18 20 36 52 45 1 75 21 44 2 37 16 23 59 47 54 67 17 48 5 14 4 34 62 73 68 81 79 6 32 10 29 49 12 69 9 66 24 31 33 15 58 60 46 57 55 38 51 76 13 26 30 8 71 35 80 19 39 70 77 74 42 53 72 63 78 25 64 41 65 
69 20 34 8 53 30 78 31 35 27 4 70 80 42 63 57 32 41 48 28 12 13 46 75 9 24 51 3 64 50 65 58 79 72 18 49 26 39 61 17 14 16 43 40 55 54 71 59 67 68 76 47 62 74 21 29 44 25 2 6 36 77 66 10 81 45 5 11 38 1 37 33 56 52 7 23 22 15 73 19 60 
26 75 66 71 19 81 6 39 60 13 44 23 10 24 21 65 67 51 63 76 53 62 77 14 70 58 42 68 46 25 36 27 69 16 40 56 52 2 80 1 15 73 47 72 11 3 20 43 37 7 38 35 4 55 79 64 45 28 18 32 54 41 78 50 57 12 22 31 30 9 34 48 33 59 5 74 8 17 49 29 61 
16 10 1 4 48 68 77 13 58 30 72 35 47 26 74 60 66 2 31 79 71 78 27 39 17 73 80 33 21 15 8 55 42 52 59 6 28 65 54 70 53 25 67 69 41 49 22 57 5 45 44 11 46 29 61 81 75 34 19 7 63 43 50 64 40 23 36 62 56 14 3 32 9 20 76 12 37 51 38 24 18 
42 72 62 14 46 41 52 36 57 7 28 77 81 64 73 9 78 76 15 11 3 29 45 32 34 67 18 53 23 12 2 1 80 20 60 22 74 75 71 63 35 5 27 4 38 26 65 30 51 19 61 17 50 8 49 31 56 69 47 39 37 59 33 55 24 44 16 66 25 68 13 54 58 48 43 79 70 6 21 10 40 
45 74 17 11 5 49 32 64 80 12 37 22 79 48 14 58 59 19 40 56 55 35 6 20 65 50 25 29 30 78 38 13 28 61 24 43 57 7 44 60 18 3 46 33 62 23 77 21 36 2 10 1 53 41 9 16 8 68 42 67 70 15 27 69 47 26 73 52 63 76 51 72 31 54 81 39 34 75 71 66 4 
47 76 44 12 37 51 24 63 2 38 56 6 3 33 62 53 50 54 66 68 8 69 10 43 4 57 49 70 77 19 41 9 39 32 71 75 59 30 45 13 22 21 31 20 42 73 81 40 34 64 16 25 72 14 60 48 58 65 52 23 11 5 74 7 18 78 15 29 61 27 79 17 46 26 55 67 35 36 28 1 80 
54 61 18 9 67 65 38 23 25 16 5 71 55 29 43 39 17 15 7 81 52 74 26 33 19 41 72 44 11 31 57 37 35 10 45 47 51 76 77 8 56 36 64 66 34 79 80 28 75 78 48 63 12 70 4 40 1 22 24 14 53 73 20 6 2 46 59 42 58 49 60 21 30 13 3 62 27 50 32 69 68 
70 79 59 73 33 15 55 21 29 40 69 25 34 8 31 49 46 68 61 38 30 64 22 36 5 60 1 66 26 76 54 7 81 74 63 51 78 37 19 50 23 9 24 48 58 13 52 18 39 32 56 42 6 27 35 71 10 17 72 80 62 12 3 75 28 4 67 43 65 53 41 20 2 16 11 77 14 45 47 44 57 
67 1 65 2 9 37 71 75 59 69 32 10 52 78 27 64 55 46 33 21 5 73 80 45 60 25 63 74 53 51 68 3 22 49 79 42 18 58 24 20 34 11 23 54 13 56 17 62 31 77 14 43 41 72 16 70 40 76 28 57 81 19 8 61 39 29 38 15 35 50 6 44 47 4 26 66 48 7 30 12 36 
22 4 10 77 79 73 43 52 33 21 25 65 2 13 60 31 19 12 44 8 66 56 74 6 37 16 3 34 35 41 48 32 70 38 57 15 64 62 40 61 55 51 59 1 14 45 53 69 11 75 20 39 9 47 27 23 50 72 49 17 30 7 80 68 26 71 81 78 24 63 42 36 29 28 58 76 67 5 18 54 46 
44 7 56 30 6 19 14 72 68 81 1 54 24 61 20 16 80 23 27 46 26 39 42 17 69 12 15 13 52 58 62 28 36 66 33 77 41 32 70 76 71 47 73 22 78 21 50 74 18 55 65 34 59 48 37 63 38 9 3 35 2 79 29 5 53 67 4 64 43 8 57 60 75 31 10 25 11 49 40 51 45 
13 5 54 70 55 3 25 17 62 68 29 33 45 56 50 51 49 44 53 67 4 10 9 38 78 1 2 14 60 21 76 59 75 11 27 31 46 72 6 36 43 12 66 16 28 8 35 26 23 61 52 64 24 7 41 42 71 74 15 58 18 32 39 79 65 47 40 80 48 20 30 19 73 81 34 57 69 37 63 77 22 
51 64 15 63 39 12 42 11 66 5 8 43 9 72 22 7 4 40 81 23 18 14 57 70 36 35 28 71 37 17 29 54 2 46 20 50 10 79 75 27 30 26 33 21 19 76 1 58 3 38 80 13 49 73 6 67 61 52 65 48 69 44 47 31 77 41 45 25 59 16 56 34 62 55 24 32 74 60 68 53 78 
74 53 40 58 27 76 57 32 8 36 34 48 6 70 42 14 62 18 68 7 79 19 24 54 29 77 41 47 67 30 72 12 73 26 56 9 31 38 39 80 69 35 45 81 49 78 4 44 63 15 51 16 5 37 59 60 43 64 22 13 55 20 25 66 11 1 17 28 75 10 46 2 50 71 33 52 65 23 61 21 3 
81 80 26 48 38 16 49 45 20 74 75 76 59 35 15 11 37 30 58 47 62 50 51 61 31 40 34 78 18 69 6 39 23 44 25 19 4 57 65 5 2 29 8 68 63 71 60 33 28 70 27 67 42 10 24 12 53 36 77 66 46 21 14 32 52 7 54 55 9 3 73 22 17 41 56 64 72 43 13 79 1 
23 34 60 50 18 21 36 41 28 77 73 47 26 63 71 79 3 66 13 20 72 48 52 55 32 64 75 4 65 80 16 61 24 43 1 40 67 17 37 7 25 53 56 9 74 6 57 2 81 46 22 29 19 30 11 45 54 78 5 33 68 31 10 49 14 76 27 69 12 58 62 51 44 42 59 15 38 8 35 70 39 
61 46 24 35 31 69 47 29 78 39 17 53 41 28 58 38 57 67 76 71 65 59 43 49 30 22 11 64 8 45 63 10 7 5 81 55 15 60 42 3 44 77 50 52 48 32 40 12 66 54 36 68 25 79 34 56 62 26 75 51 73 4 1 33 37 72 18 70 74 13 21 23 6 80 20 2 16 14 19 9 27 
35 48 64 36 50 55 1 69 74 43 20 52 77 44 68 42 61 11 70 40 54 33 56 29 67 32 10 30 19 34 4 57 46 15 80 14 72 16 8 24 47 39 26 5 7 66 18 51 27 60 31 23 22 78 75 79 17 73 41 3 45 81 6 12 58 63 65 71 37 38 9 76 59 2 49 53 28 21 25 62 13 
52 63 7 72 26 20 22 16 12 47 3 74 67 65 13 4 6 36 42 27 38 80 41 57 58 66 69 55 1 18 49 56 45 64 35 5 70 19 78 44 50 43 32 71 25 28 68 73 10 79 37 53 81 40 31 15 29 61 39 60 48 9 21 77 46 62 34 2 14 59 8 11 51 76 54 75 24 30 33 17 23 
33 27 77 19 42 39 15 61 23 70 64 30 48 14 2 37 22 16 50 31 63 51 47 28 6 18 13 11 81 72 24 40 76 59 26 38 34 53 35 21 41 56 57 80 73 62 5 52 17 9 75 46 8 49 7 44 67 55 25 65 32 74 36 60 78 3 1 54 4 69 45 43 12 79 71 29 68 10 66 58 20 
28 81 41 78 13 80 8 4 6 26 54 19 62 25 72 32 58 9 73 35 76 30 48 79 55 75 61 65 43 16 67 51 52 12 37 68 11 45 23 29 17 31 40 27 10 15 39 63 77 20 50 56 2 24 69 18 46 59 66 71 22 1 53 21 33 5 70 47 57 44 36 49 64 3 14 42 60 38 74 7 34 
17 70 57 43 21 38 5 3 31 15 60 80 12 59 29 18 41 63 74 72 1 81 36 71 62 44 7 25 39 73 42 69 8 22 75 10 55 6 51 79 37 2 49 30 67 64 58 14 16 33 4 65 45 54 47 28 76 50 56 34 77 13 68 53 20 66 61 48 32 23 35 24 19 40 9 26 52 46 27 78 11 
68 47 51 54 49 71 30 56 32 75 39 66 38 69 55 73 53 50 26 60 23 12 65 46 11 45 43 2 28 61 9 78 6 79 70 29 36 3 48 15 42 13 4 77 18 7 59 76 1 57 67 74 21 34 62 10 14 33 58 20 24 8 37 52 19 16 41 27 17 40 25 64 63 44 35 5 80 81 31 22 72 
46 37 14 62 10 66 40 59 11 78 51 28 56 34 17 76 21 57 8 24 77 52 64 68 39 2 53 48 71 7 3 31 63 58 47 27 12 61 81 9 33 20 60 74 22 30 44 32 42 29 25 72 69 13 38 5 49 16 35 54 43 23 19 80 79 50 75 73 26 55 67 18 36 6 70 65 45 1 4 15 41 
18 73 2 29 75 24 58 25 79 33 40 1 71 45 35 10 23 8 9 4 78 34 21 5 14 49 59 60 20 62 17 74 66 13 44 53 54 28 46 69 64 68 76 38 65 48 36 55 47 80 3 41 70 19 30 52 26 11 63 27 12 72 57 42 51 6 31 81 22 15 7 39 67 56 16 37 61 77 43 50 32 
34 65 76 60 44 9 45 53 67 79 81 49 27 7 5 46 24 31 3 22 20 16 25 37 15 17 19 50 36 77 23 21 32 54 41 33 62 66 58 75 52 63 14 59 1 12 26 35 71 11 43 61 38 6 40 51 78 70 80 2 42 64 4 28 30 74 56 68 10 29 72 13 18 73 69 8 57 47 39 48 55 
12 32 52 76 34 11 17 7 46 41 9 72 23 5 45 30 75 39 2 42 31 54 20 24 48 21 68 15 44 53 81 60 51 78 28 80 58 18 1 49 10 33 65 64 35 37 66 56 69 71 29 62 63 57 73 55 4 19 59 70 16 3 61 14 36 22 50 26 47 67 40 8 43 77 38 27 6 13 79 25 74 
64 18 30 66 15 61 2 33 75 53 24 69 68 17 6 63 27 38 1 43 49 70 4 12 57 7 73 21 5 47 26 22 62 25 14 11 3 59 56 77 13 60 19 79 36 52 34 67 48 42 55 40 16 76 72 37 39 20 9 8 74 65 71 44 32 54 46 51 41 78 31 80 28 10 50 45 23 29 58 35 81 
6 62 42 41 71 79 44 43 49 29 16 58 51 10 8 25 20 22 56 33 39 40 35 81 46 30 76 23 70 68 64 38 50 3 69 2 61 34 28 54 4 67 74 37 9 75 31 13 72 17 19 32 14 36 18 78 63 66 48 5 47 60 12 24 45 73 11 77 27 52 55 65 15 7 53 80 26 59 1 57 21 
48 45 47 51 14 36 23 19 40 60 65 3 66 57 80 59 42 43 22 25 37 41 62 72 52 53 16 49 24 8 12 71 55 73 4 63 32 5 76 11 7 30 20 70 75 1 33 68 74 10 79 44 61 81 2 77 35 27 26 50 6 46 15 38 9 58 13 34 21 39 28 29 78 18 67 17 54 64 69 31 56 
65 21 37 68 54 78 27 26 39 55 13 15 74 67 77 56 73 49 17 80 32 11 28 51 38 61 8 75 29 1 79 36 31 30 42 59 69 40 63 47 16 41 6 44 52 53 7 70 4 50 35 58 64 46 25 14 57 45 33 22 76 34 23 43 48 18 10 5 62 2 71 81 20 12 19 3 66 9 72 60 24 
9 58 55 1 28 13 69 24 38 4 79 2 36 32 81 33 70 61 71 34 59 26 18 15 77 19 65 35 57 67 66 52 54 76 6 7 50 43 72 46 73 22 53 12 21 51 78 45 30 27 5 3 60 11 17 68 80 31 40 10 44 29 62 25 56 20 63 23 49 64 74 16 39 75 48 14 47 41 37 8 42 
77 60 16 31 70 57 20 67 5 46 48 44 14 54 1 71 47 35 36 69 10 58 55 78 27 3 50 41 56 32 74 45 9 33 72 34 80 42 68 66 29 8 81 2 51 18 21 23 43 22 39 12 26 25 64 49 13 79 30 28 38 24 75 4 17 19 6 7 15 37 53 59 11 63 52 73 40 65 62 61 76 
29 35 63 53 73 59 81 74 22 50 52 31 7 21 76 26 64 37 67 14 75 5 23 66 47 79 6 19 16 40 20 18 10 65 13 39 71 48 25 45 78 38 62 17 27 24 49 80 15 8 9 77 54 28 32 41 51 1 11 69 56 58 43 57 70 33 72 60 3 42 61 12 55 36 46 4 30 44 34 68 2 
4 50 25 56 80 72 10 8 3 34 12 62 78 18 11 19 40 28 45 63 29 9 60 64 44 13 74 37 61 46 43 17 27 77 48 58 14 31 55 23 39 24 15 26 57 2 47 6 59 65 41 38 73 20 52 21 42 7 54 36 67 53 81 1 35 75 68 79 69 66 76 30 32 49 51 22 33 70 5 16 71 
62 26 78 37 64 77 59 12 10 35 42 41 33 51 47 27 81 45 75 58 15 8 68 52 43 69 17 22 40 57 55 72 34 6 76 65 23 25 18 53 79 74 39 56 3 46 38 50 54 16 70 9 32 63 66 2 21 14 73 49 4 71 31 13 44 11 19 20 29 61 48 7 80 1 30 60 36 67 24 5 28 
32 33 50 5 22 23 16 28 70 8 26 46 30 58 9 72 68 10 51 54 41 42 40 62 66 48 39 17 25 75 14 35 37 1 52 44 21 36 73 71 24 4 7 43 20 81 67 49 45 59 6 27 76 64 15 34 65 53 12 55 3 38 18 47 31 80 2 57 60 56 63 79 13 29 61 11 77 69 78 74 19 
63 66 73 13 72 45 34 65 43 80 78 12 44 31 25 54 52 70 10 2 7 18 76 47 79 9 5 26 38 36 11 62 74 39 19 8 27 50 57 37 51 46 61 15 69 14 30 71 58 21 28 48 29 4 22 6 60 75 67 81 40 56 41 59 3 55 24 1 77 17 23 53 49 35 42 33 32 68 20 64 16 
36 55 71 81 57 2 29 46 51 59 67 4 64 49 66 40 16 32 38 13 61 27 3 25 53 74 78 20 79 56 50 77 21 68 58 24 6 11 26 65 70 34 9 19 60 72 75 10 80 44 8 69 15 5 39 33 23 37 1 63 7 48 76 35 73 28 42 22 45 30 12 41 52 14 18 47 17 31 54 43 62 
1 11 67 39 47 7 74 80 18 20 63 13 57 77 69 36 43 21 29 70 64 65 50 60 45 59 32 54 15 49 31 23 48 2 10 66 81 41 38 33 62 75 17 14 72 55 79 61 19 35 24 22 56 3 5 58 30 46 8 68 26 28 42 27 16 34 78 4 40 6 52 9 25 37 44 71 51 76 53 73 12 
20 44 53 79 3 31 21 54 15 61 76 17 18 6 65 24 39 48 4 30 67 23 19 35 81 37 55 7 27 60 59 64 71 69 73 70 47 78 16 2 68 58 63 28 40 33 51 42 26 12 1 36 52 66 74 11 77 29 13 43 25 80 9 72 8 14 32 49 5 62 38 10 41 45 22 46 50 34 57 56 75 
24 52 48 49 40 4 41 38 61 14 15 37 28 1 75 34 2 79 80 6 33 31 44 56 73 71 77 9 63 42 53 5 47 81 3 16 13 29 12 22 66 76 10 67 30 43 11 39 57 23 62 60 74 17 78 32 36 35 20 19 50 54 45 65 64 25 69 46 18 51 68 26 72 21 27 55 7 58 70 59 8 
25 56 9 17 8 42 68 27 76 71 22 73 50 55 19 74 38 60 49 26 14 20 72 11 63 36 24 28 12 29 78 46 30 51 32 67 1 80 52 59 5 45 44 35 31 77 41 34 13 40 2 18 7 53 10 69 16 62 70 47 61 57 64 39 21 15 43 37 54 33 58 75 79 65 23 48 3 66 81 4 6 
75 69 58 6 30 14 60 35 19 23 11 56 53 62 3 5 29 7 57 12 46 22 34 16 1 28 21 80 45 43 13 41 33 4 61 18 77 54 49 64 48 42 55 8 32 68 25 20 65 73 47 78 37 31 51 17 79 24 44 52 59 27 72 71 76 70 74 50 66 36 81 67 40 15 2 10 63 39 9 38 26 
60 57 68 52 51 58 54 78 72 37 43 59 22 19 46 50 8 29 62 15 16 75 7 77 21 5 26 73 10 11 70 47 17 45 39 41 9 1 74 35 20 81 2 13 6 27 76 24 61 36 12 31 67 32 80 3 34 44 4 30 14 33 63 23 38 56 71 65 53 79 66 55 48 64 25 28 18 40 42 49 69 
3 2 29 69 43 70 39 47 50 17 7 21 40 53 56 75 35 55 32 36 11 46 38 22 74 4 58 42 14 27 61 26 15 23 12 52 49 64 33 34 67 37 77 41 80 16 72 79 62 6 57 73 65 18 54 66 25 10 78 45 60 51 48 19 5 81 9 44 8 28 24 68 76 30 13 1 20 63 59 71 31 
27 38 81 40 77 63 48 44 55 67 30 39 73 74 33 3 60 47 6 65 50 68 2 31 49 34 52 72 58 24 51 20 29 56 8 69 45 10 11 4 19 28 71 62 15 9 13 54 53 66 59 26 43 75 42 7 12 57 79 61 23 37 46 18 1 64 35 17 76 25 78 70 21 22 80 41 5 32 16 36 14 
49 14 19 24 61 5 65 9 56 76 66 36 25 38 28 1 44 78 37 53 35 71 54 40 18 20 27 79 62 63 75 30 57 31 50 13 16 22 3 55 8 69 51 73 59 29 10 17 33 74 15 52 11 21 77 26 32 58 43 64 41 68 2 46 34 48 60 39 42 12 80 6 7 23 47 70 4 72 45 81 67 
10 42 75 45 35 18 4 79 30 31 41 57 32 9 51 12 48 20 43 39 80 28 63 8 61 14 23 46 2 81 33 19 3 37 21 76 66 27 5 72 36 54 25 7 26 38 56 1 44 47 64 49 78 69 70 53 22 6 71 11 29 52 13 40 67 59 77 16 73 74 50 62 65 24 68 58 15 55 60 34 17 
15 31 8 59 32 17 76 34 13 58 45 27 65 81 26 77 72 64 24 1 60 57 33 73 51 29 66 40 74 55 25 6 43 80 54 71 39 68 14 56 21 48 78 42 23 41 70 22 46 28 63 2 3 35 50 9 5 47 36 16 19 18 67 20 69 30 49 10 7 11 75 4 53 61 79 38 62 12 44 52 37 
80 22 74 67 25 64 28 71 21 18 2 79 49 16 54 62 69 34 41 9 56 44 13 42 76 10 70 77 4 65 32 48 5 53 7 78 24 47 30 12 75 57 38 46 61 20 19 60 40 39 23 37 68 58 1 8 59 15 81 31 17 55 35 36 27 43 14 45 52 72 33 63 66 11 6 51 73 26 29 3 50 
73 36 6 20 12 26 37 1 53 10 70 14 11 52 23 68 13 71 64 17 81 3 30 67 25 72 48 16 66 44 60 34 59 18 49 35 29 63 50 32 40 65 79 31 76 4 42 7 55 51 45 5 77 80 28 38 69 39 21 56 75 62 24 54 22 57 58 61 2 41 47 15 74 46 78 19 43 27 8 33 9 
11 16 23 46 62 33 7 66 41 63 6 42 5 4 24 61 15 80 59 19 47 55 79 69 12 78 45 38 68 9 22 67 1 28 36 64 44 70 60 43 58 17 52 18 53 34 14 8 25 48 30 81 71 50 20 73 72 40 27 74 49 76 65 29 13 31 37 32 51 21 26 3 54 57 39 56 2 35 10 75 77 
58 12 69 55 11 22 72 15 44 64 68 67 29 39 70 20 71 14 52 41 6 1 59 10 26 54 81 36 32 74 35 2 56 19 46 28 53 4 21 31 27 80 3 50 8 60 63 75 49 25 17 79 13 45 33 30 37 77 76 73 34 61 40 51 43 42 7 24 16 47 5 66 57 38 65 78 9 62 23 18 48 
7 67 31 28 20 74 62 60 27 24 33 51 72 2 32 66 77 73 14 64 19 25 12 58 80 70 40 45 34 6 44 43 61 21 11 48 17 23 69 57 63 55 1 47 39 65 8 46 52 30 78 71 10 56 81 4 68 13 29 9 35 42 54 76 41 49 53 59 36 26 18 38 3 5 15 50 75 16 22 37 79 
56 17 36 32 65 48 73 77 52 28 58 5 35 43 49 78 74 42 34 55 9 7 61 4 72 11 30 10 47 14 80 33 16 75 23 60 37 67 64 51 46 70 18 45 81 59 29 31 21 24 54 19 40 44 71 25 20 3 57 41 1 66 38 15 12 69 62 6 79 22 27 50 26 68 8 13 39 53 76 2 63 
21 78 80 57 16 8 19 51 4 65 50 7 63 79 18 55 54 81 47 75 74 67 66 53 20 38 46 31 42 37 77 29 12 17 5 3 60 44 15 40 49 61 22 76 2 36 62 41 9 26 32 6 27 33 45 59 28 23 64 24 58 70 69 48 68 13 30 35 11 73 39 71 34 25 1 43 56 52 14 72 10 
53 24 13 25 63 6 35 37 14 45 80 75 17 3 36 69 12 52 16 57 51 43 31 18 50 8 62 59 7 66 27 15 58 55 68 72 5 73 29 38 65 79 34 32 71 11 23 47 70 1 42 76 48 22 44 39 19 21 60 26 78 2 49 9 10 40 20 56 33 81 64 28 4 74 41 30 46 61 77 67 54 
59 71 49 75 68 10 79 30 34 62 47 61 16 23 41 21 11 6 5 78 36 77 73 2 22 39 60 76 69 38 1 70 40 63 67 57 48 9 13 19 26 72 12 25 24 35 28 3 14 37 53 7 55 43 65 50 15 56 46 18 27 17 32 45 54 8 52 74 44 80 4 58 81 33 66 31 64 42 51 20 29 
41 29 39 3 1 46 33 70 81 57 27 60 15 40 44 22 34 56 65 45 13 49 32 48 68 76 37 8 54 79 30 73 53 9 64 26 42 35 59 10 74 6 16 58 43 50 69 38 2 18 66 4 20 51 14 72 52 5 62 75 31 11 7 63 25 61 23 21 67 77 19 78 24 17 28 36 71 80 12 55 47 
43 40 5 42 66 54 50 76 9 25 38 8 1 46 53 13 30 26 28 3 21 63 71 27 24 23 33 39 49 22 18 81 78 41 65 4 75 20 7 52 77 62 68 11 56 58 73 15 64 72 74 80 34 61 36 47 48 67 16 12 51 10 79 70 29 17 55 14 31 57 2 37 45 69 60 44 59 19 6 32 35 
38 23 61 18 45 47 26 2 64 19 31 9 37 76 59 48 10 4 35 29 69 15 17 44 56 42 79 62 50 20 52 24 13 71 51 25 30 33 41 28 54 14 36 78 66 67 16 81 12 5 68 57 39 77 43 74 6 8 55 53 80 63 22 34 75 60 3 72 1 32 65 46 27 70 21 7 49 73 11 40 58 
14 51 21 80 69 43 64 55 54 3 49 24 19 12 38 15 65 17 25 59 68 60 1 30 40 46 67 52 31 5 10 63 44 7 78 23 20 77 66 74 28 50 72 75 29 39 32 4 35 58 18 45 33 2 76 22 81 41 37 62 8 36 56 26 61 79 57 13 6 34 16 27 70 47 73 9 42 71 48 11 53 
2 39 12 7 29 67 18 49 73 9 59 63 21 75 30 80 28 69 11 77 22 76 14 74 41 15 20 32 72 54 56 68 64 60 55 1 40 71 53 48 57 19 70 65 37 44 43 16 8 52 46 66 79 62 23 27 24 4 31 25 33 6 26 3 42 38 51 58 50 45 10 47 35 34 17 61 81 78 36 13 5 
30 59 46 26 81 35 11 48 17 42 14 45 43 37 64 2 31 5 18 66 58 38 39 21 8 80 44 6 73 70 71 16 49 47 22 61 56 24 9 67 3 32 13 34 4 57 27 29 78 76 72 28 23 12 53 75 7 60 68 77 10 50 51 41 74 36 33 63 20 19 69 25 1 62 40 54 55 79 52 65 15 
76 41 3 65 24 28 75 68 16 6 36 40 70 47 78 23 51 53 12 61 34 45 81 63 54 56 9 43 59 26 37 50 38 48 77 62 35 8 27 25 60 1 69 55 33 5 15 19 20 49 13 21 30 67 58 46 66 71 17 42 79 14 11 73 4 52 44 18 80 7 22 31 10 32 74 72 29 57 2 39 64 
79 9 32 10 23 34 56 62 36 54 18 20 4 73 16 67 7 13 55 52 48 2 37 3 71 27 47 12 75 28 19 8 11 42 74 46 22 51 31 41 38 15 58 6 44 25 61 77 60 14 40 59 17 1 57 43 64 63 69 72 39 78 70 30 66 65 21 53 81 35 29 5 68 50 45 49 76 24 80 26 33 
37 8 4 27 52 40 53 22 77 48 57 32 76 68 61 41 25 72 79 73 24 36 49 13 75 26 31 58 80 33 45 66 18 29 34 20 2 14 43 81 59 78 5 10 17 63 64 65 7 56 69 50 47 42 55 19 3 54 74 21 15 35 16 11 62 9 39 67 23 71 70 1 60 51 12 6 44 28 46 30 38 
19 6 38 47 78 60 61 42 1 66 74 26 8 71 39 29 33 77 72 50 17 32 53 65 10 43 35 51 76 2 21 79 67 57 15 36 7 52 62 16 11 18 80 23 46 70 55 37 22 41 81 54 75 9 48 13 73 30 34 40 5 45 44 56 59 68 28 12 64 24 49 14 69 27 31 20 58 4 3 63 25 
57 13 70 33 74 50 31 20 45 22 35 55 58 60 10 44 56 27 78 16 42 4 5 19 28 62 29 81 41 3 69 25 14 40 53 30 79 26 47 39 12 64 54 63 68 80 6 36 73 34 11 24 51 71 67 1 9 2 61 38 65 49 52 17 15 32 48 76 72 46 43 77 8 66 37 59 21 18 75 23 7 
66 25 72 15 58 44 63 5 71 52 62 11 46 50 34 81 79 1 23 51 70 6 69 7 64 33 57 27 13 35 39 4 65 24 9 17 73 21 36 42 76 49 30 61 45 74 3 48 68 53 26 10 31 38 29 80 18 12 32 59 20 47 28 37 55 2 8 75 78 60 54 40 22 19 77 16 41 56 67 14 43 
78 19 27 44 4 52 66 14 26 72 53 50 54 30 37 35 36 33 39 48 40 21 29 76 42 81 56 69 3 13 73 75 25 70 16 12 43 49 10 58 9 7 28 51 47 31 2 11 41 63 77 55 1 23 68 65 74 32 45 46 57 67 34 22 80 24 64 8 71 5 17 61 38 60 62 18 79 20 15 6 59 
39 3 35 64 41 29 67 10 47 32 19 78 42 27 12 70 5 24 69 74 57 53 58 34 7 31 71 18 48 59 15 49 20 36 38 54 63 56 2 62 72 23 75 60 79 22 46 25 50 43 21 30 66 68 26 61 33 80 14 1 28 40 77 16 6 51 76 9 55 65 44 52 37 8 4 81 13 11 17 45 73 
8 15 45 38 76 32 13 58 37 56 10 64 69 22 67 28 9 3 54 18 44 61 11 41 23 52 4 57 6 39 34 53 60 14 43 74 25 46 17 68 31 66 48 29 5 42 24 27 79 62 73 33 80 59 63 20 70 49 50 78 71 30 55 81 7 77 26 40 19 75 1 35 16 72 36 21 12 2 65 47 51 
72 43 22 34 60 62 9 81 69 51 46 38 61 11 48 6 26 65 30 5 45 24 75 50 16 55 12 1 78 71 47 44 77 8 66 32 76 15 67 73 80 59 37 36 70 10 54 64 56 4 7 20 28 39 13 35 2 18 53 29 21 25 17 74 49 27 79 33 68 31 14 57 23 58 63 40 19 3 41 42 52 
50 68 20 21 2 25 70 18 65 1 77 81 13 66 7 8 63 62 60 32 73 17 15 80 3 6 38 5 51 64 58 76 41 67 30 37 33 55 22 14 61 40 42 39 54 19 45 53 29 69 34 75 44 52 12 24 27 48 23 79 9 16 59 78 72 10 47 36 46 4 11 56 71 43 57 35 31 74 26 28 49 
31 30 33 74 36 75 80 73 63 44 55 16 60 41 4 43 14 25 46 49 27 47 67 59 2 68 64 24 22 10 7 42 19 35 17 79 65 13 20 18 45 52 21 3 77 40 12 78 32 81 71 8 57 26 56 62 11 51 6 37 72 39 5 58 23 53 66 38 28 54 15 69 61 9 29 34 1 48 50 76 70 
5 49 11 61 7 1 51 6 48 73 23 29 75 15 57 47 76 59 19 62 28 79 70 26 35 63 36 56 9 52 40 80 68 27 2 21 8 69 4 78 81 71 41 53 16 17 74 72 38 13 58 14 18 65 3 54 31 42 10 44 64 22 60 67 50 37 12 30 34 43 20 45 77 39 32 24 25 33 55 46 66 
55 77 28 23 59 53 12 40 24 49 71 68 39 80 79 17 45 58 20 37 25 66 8 9 13 65 22 61 33 4 46 11 72 62 31 81 38 74 34 26 1 44 35 57 50 47 48 5 6 67 60 51 36 16 19 76 41 43 7 15 52 75 73 2 63 21 29 3 70 18 32 42 14 78 64 69 10 54 56 27 30 
71 54 79 16 17 56 46 57 42 2 21 34 31 20 40 52 18 74 77 10 43 72 78 1 33 51 14 63 55 23 28 65 26 50 29 45 19 12 32 30 6 27 11 24 64 61 37 9 76 3 49 70 35 15 8 36 47 81 38 4 66 69 58 62 60 39 25 41 13 48 59 73 5 67 75 68 53 22 7 80 44 
################proper############## 

 average_time = 52.937223 

 success runs = 1 

 total average iters = 806824.000000 
