Success!!! 
 
 max_col = 
 81 
 
 run_time = 
 60.982926 
 
 once iters = 
 1002173 
 
51 12 61 54 55 13 35 37 27 7 81 16 6 28 46 26 42 76 21 66 60 22 57 62 65 2 3 34 40 39 71 10 56 79 33 41 73 30 59 11 74 20 19 44 45 4 63 18 43 49 67 8 23 14 48 47 36 53 5 64 58 9 24 32 38 25 1 31 15 52 77 75 68 69 80 72 17 78 70 50 29 
17 78 46 68 7 25 14 50 23 43 22 12 70 51 24 63 18 54 5 10 15 38 40 81 29 80 73 62 64 45 69 55 66 75 48 20 76 13 72 21 37 57 31 58 39 3 26 2 33 9 42 53 19 56 52 27 61 65 41 60 11 8 79 74 30 59 71 16 44 36 47 4 34 67 1 6 49 28 77 32 35 
81 11 65 38 40 20 62 72 69 75 15 58 80 41 14 47 2 13 68 52 51 31 67 49 56 54 26 29 17 23 74 27 59 70 76 60 43 66 18 48 25 63 12 5 22 61 1 44 36 24 21 28 45 64 42 33 7 77 50 35 32 71 16 57 3 19 34 78 39 55 53 6 10 46 4 30 8 73 79 37 9 
4 73 79 60 76 22 56 71 39 74 53 44 78 48 49 66 68 30 32 55 18 9 1 6 72 77 23 13 54 58 26 5 8 57 50 11 52 27 65 10 64 2 17 36 38 25 47 37 46 16 34 12 59 69 14 21 29 3 40 63 19 20 70 62 67 33 35 42 80 81 28 51 15 41 75 45 7 43 24 61 31 
53 15 47 1 3 42 45 34 31 79 77 72 32 69 20 25 8 57 76 50 58 41 48 17 39 13 36 67 44 43 35 37 46 38 2 7 28 56 6 70 62 71 81 33 49 65 75 27 11 40 52 29 78 80 68 54 18 4 59 10 55 26 30 73 24 12 5 21 63 9 66 61 74 19 60 14 64 16 51 23 22 
21 36 41 28 9 8 33 67 5 64 11 4 65 55 52 37 19 56 27 35 63 24 70 12 74 71 20 78 53 30 16 51 14 25 22 73 15 40 1 47 32 34 61 29 3 77 68 39 6 7 54 50 17 81 57 43 44 69 45 31 75 66 80 18 46 10 26 49 79 60 23 72 13 62 48 58 59 42 38 2 76 
64 74 70 30 19 24 44 59 6 3 61 34 62 31 27 71 39 21 11 75 8 37 78 43 47 42 33 49 72 77 4 9 65 15 81 63 68 16 50 14 26 35 60 53 80 5 32 76 22 58 79 10 38 48 1 17 73 67 56 51 46 23 28 29 45 69 13 7 2 41 40 20 57 66 25 12 52 18 36 54 55 
80 32 63 49 52 18 48 16 66 35 5 23 73 45 10 29 33 17 46 14 59 34 79 61 4 44 25 42 6 19 24 28 36 3 1 47 69 8 51 54 77 67 75 9 7 55 41 30 72 70 60 20 57 31 37 12 62 15 2 78 13 74 38 76 50 58 64 65 22 43 27 68 56 21 26 40 11 53 81 71 39 
10 29 26 57 75 77 43 58 2 60 9 67 50 40 1 59 36 38 64 69 45 19 28 30 16 53 7 52 31 61 32 12 68 80 18 21 42 23 4 78 41 46 79 24 55 13 35 73 74 51 71 15 66 62 6 34 81 76 72 39 25 22 49 11 8 37 54 70 17 56 14 48 63 47 65 33 3 27 20 44 5 
23 24 7 40 25 5 57 79 61 50 71 66 46 27 31 69 20 8 38 49 39 42 44 37 52 65 12 60 68 26 41 6 76 55 32 48 45 80 53 36 1 19 74 18 34 30 29 43 67 78 59 62 22 75 51 15 72 47 70 11 56 2 21 16 10 9 73 14 13 3 4 54 77 35 17 81 58 63 33 64 28 
66 46 11 77 29 26 32 10 75 52 80 3 42 9 43 4 54 14 70 72 17 67 81 45 41 30 60 19 24 64 38 25 47 8 62 36 21 51 78 68 16 59 2 65 12 39 6 49 76 35 37 56 61 1 22 57 48 33 44 53 7 63 20 71 74 34 28 79 18 23 58 27 55 13 31 15 69 50 5 73 40 
22 49 67 71 28 72 69 17 12 73 26 30 75 33 78 51 59 1 25 43 48 6 29 74 68 8 64 80 11 37 14 2 10 81 58 79 62 31 77 5 40 76 63 20 44 50 70 60 52 57 13 36 9 23 3 55 19 32 39 46 18 38 27 65 41 53 61 56 42 15 35 7 47 4 16 54 21 34 66 24 45 
13 30 38 27 54 37 31 81 62 19 64 49 15 65 57 21 47 48 69 20 10 79 3 58 36 59 77 74 46 7 72 17 67 40 4 53 29 61 28 71 60 66 56 22 73 51 25 34 80 33 32 26 63 16 35 6 45 23 78 5 1 41 14 12 55 70 50 43 76 2 24 8 18 52 11 9 42 75 68 39 44 
36 33 16 44 43 76 52 47 34 17 74 39 55 68 70 12 22 11 35 56 57 4 18 66 54 21 2 63 9 1 28 45 23 13 78 71 8 25 14 67 24 38 50 27 72 81 65 40 41 15 69 3 5 19 61 10 77 60 73 58 31 42 75 6 64 80 30 46 51 32 26 49 20 29 62 53 79 59 7 48 37 
73 59 56 8 53 3 41 80 15 81 58 6 40 24 63 34 16 32 9 1 7 5 51 78 55 22 28 75 50 31 33 30 42 20 43 18 39 37 35 4 17 54 49 11 52 79 45 38 77 21 64 27 71 47 66 74 69 13 12 76 62 65 26 48 25 44 29 60 57 68 72 67 46 36 61 2 14 23 10 19 70 
1 6 4 19 68 78 55 42 9 56 79 2 25 38 76 18 67 28 63 73 47 14 16 23 61 31 71 35 51 34 54 21 15 39 66 59 70 81 58 69 75 13 10 41 32 12 74 46 7 72 44 17 48 53 30 24 49 29 36 80 50 64 37 52 62 5 77 20 33 11 45 40 43 57 27 8 22 65 3 60 26 
60 21 45 39 64 70 74 51 18 23 35 37 7 61 53 41 44 62 26 40 19 13 33 11 50 75 80 73 27 52 65 22 77 12 29 5 48 15 3 55 57 30 43 46 42 20 58 10 24 8 4 31 14 2 34 16 79 68 9 28 67 54 59 36 81 47 78 17 1 66 63 69 72 25 71 56 32 49 76 6 38 
14 65 58 63 20 50 2 35 48 36 60 45 5 77 72 13 10 29 34 53 62 46 27 76 24 15 32 57 49 44 56 69 16 61 3 70 9 79 26 64 7 33 23 6 47 68 11 54 55 73 18 42 28 66 71 25 43 81 8 40 52 4 17 39 19 22 38 75 37 59 21 31 1 12 41 67 80 51 74 78 30 
31 64 72 16 30 34 9 73 36 68 6 13 77 60 41 2 56 4 47 19 24 45 75 48 63 81 66 15 61 17 50 52 44 35 7 67 46 71 23 1 20 74 27 78 53 76 54 59 70 22 33 65 25 11 40 8 55 49 29 26 5 62 3 14 51 57 21 80 32 37 42 43 79 38 28 69 39 10 12 18 58 
8 71 23 81 61 38 54 18 47 15 27 65 28 16 12 36 35 3 10 41 1 7 74 46 76 49 39 79 42 62 64 75 33 19 73 45 66 77 55 26 69 52 21 51 59 32 44 20 56 6 50 4 29 60 70 53 24 37 22 9 2 58 13 78 34 63 25 11 48 17 5 30 80 14 67 31 68 40 72 57 43 
78 53 13 43 62 40 28 63 22 67 47 17 33 19 18 24 64 26 3 21 25 15 61 73 11 5 51 39 66 57 6 46 72 14 36 76 30 75 56 79 42 29 45 38 8 2 23 35 68 37 7 48 1 58 50 69 27 80 71 12 59 34 32 10 31 65 4 55 74 44 81 52 9 20 54 70 16 77 60 49 41 
25 37 6 66 32 41 42 45 46 48 21 57 20 10 8 62 61 74 53 78 27 71 68 26 59 9 31 30 1 80 22 54 34 51 38 3 2 58 43 50 12 11 70 13 64 17 77 36 49 39 55 16 79 67 73 7 28 14 18 65 60 56 76 40 35 15 24 69 72 75 29 23 5 81 44 4 19 33 63 52 47 
76 56 14 33 15 21 49 75 26 31 52 46 45 39 55 43 70 72 16 77 4 62 20 32 67 34 50 47 37 48 12 8 27 74 10 29 6 24 44 35 65 60 54 61 40 78 19 5 63 42 80 30 69 51 23 38 11 79 81 41 36 1 57 59 28 18 9 73 68 58 3 2 64 71 66 22 53 25 13 17 7 
69 5 17 7 11 80 1 2 44 53 51 79 37 58 59 76 34 81 56 18 14 23 13 65 43 72 38 55 28 24 63 78 40 21 9 4 47 57 67 39 49 16 3 68 48 73 31 61 64 27 12 46 15 41 77 20 33 45 10 52 42 75 25 8 54 60 19 36 66 22 70 71 29 30 35 26 74 6 50 62 32 
77 50 39 79 12 4 58 19 52 5 73 1 38 25 11 54 32 49 57 29 30 55 17 80 60 35 42 71 59 81 23 43 70 69 65 2 18 22 33 72 9 14 37 63 36 66 10 53 40 75 24 47 62 28 15 31 51 74 68 16 44 67 48 26 20 6 41 13 64 7 61 76 21 27 3 78 34 8 45 46 56 
68 10 27 67 48 57 51 24 70 9 14 29 63 80 69 40 71 42 12 33 2 58 22 8 44 52 79 31 13 5 60 18 20 41 11 56 81 17 7 62 73 32 28 25 4 72 38 45 26 34 3 21 74 43 78 19 30 54 66 6 35 61 64 1 47 77 49 50 53 16 46 39 75 55 23 37 36 76 59 15 65 
3 35 29 74 65 59 60 55 20 66 30 75 23 78 7 44 50 22 40 37 28 70 54 64 6 36 69 68 58 16 25 53 26 32 49 77 5 34 10 31 15 80 76 19 41 18 14 52 9 81 8 57 13 71 46 39 47 17 63 72 43 21 4 67 12 45 79 27 62 33 38 56 73 24 42 51 48 1 2 11 61 
26 80 55 12 49 10 3 44 58 27 39 20 59 17 67 38 29 69 60 71 50 73 37 28 77 61 53 6 47 75 31 14 45 30 72 34 19 36 40 76 51 1 22 64 16 23 7 78 21 13 70 81 2 5 41 46 57 11 62 32 79 18 74 42 52 48 63 33 43 35 56 65 8 54 68 24 15 66 9 25 4 
30 16 73 24 42 69 72 70 4 14 55 78 51 53 48 50 3 68 58 57 79 25 6 44 35 67 21 1 71 63 7 40 17 36 20 46 61 5 27 56 80 12 77 75 11 41 37 28 19 65 74 22 18 15 31 23 52 43 49 47 39 13 54 45 9 8 66 26 60 10 2 34 62 76 32 64 38 81 29 33 59 
9 8 76 41 22 28 18 1 71 30 34 26 43 73 25 49 11 23 29 47 75 68 46 39 15 14 72 70 80 4 78 13 55 24 19 38 7 44 57 53 3 69 33 59 31 27 48 64 54 52 63 58 60 61 65 66 12 16 35 56 6 40 2 5 36 81 62 51 77 21 32 37 45 74 20 10 50 67 17 79 42 
57 52 5 46 38 65 66 13 25 76 28 41 19 64 71 42 58 77 8 32 33 18 34 51 62 45 48 81 26 22 10 56 53 60 61 68 23 54 79 20 63 72 47 37 50 43 4 31 59 67 16 9 39 35 44 78 75 24 21 36 27 80 73 49 11 17 40 3 29 6 74 15 2 70 7 55 12 30 1 14 69 
48 7 34 45 6 74 47 32 51 63 44 36 56 22 5 65 60 2 17 24 12 81 66 59 78 20 10 33 18 28 58 15 64 62 23 43 4 73 9 29 52 21 41 42 13 40 49 80 25 26 11 1 46 72 8 76 37 70 53 14 68 55 69 54 79 30 57 19 71 50 67 38 16 31 39 61 77 3 27 35 75 
40 31 50 29 21 17 20 77 60 33 75 81 66 52 16 15 46 10 30 36 9 74 64 54 26 56 41 76 5 11 27 79 37 65 69 44 71 28 70 2 35 43 39 62 68 8 55 51 42 32 47 73 6 45 19 4 67 25 3 38 34 7 61 53 80 24 18 1 59 14 12 78 23 22 72 63 57 48 49 58 13 
54 39 75 14 23 61 79 43 64 21 18 80 74 32 40 9 62 31 22 13 11 27 7 2 69 19 70 51 16 59 66 35 3 67 12 8 65 45 48 34 78 49 15 17 58 57 50 24 38 53 29 33 68 30 5 63 42 26 60 81 77 10 1 55 72 76 20 28 73 4 41 25 52 37 56 46 47 44 6 36 71 
33 68 15 62 35 56 37 11 78 47 57 61 79 70 4 6 12 45 1 65 40 49 42 63 31 23 55 2 48 54 77 41 32 29 52 39 24 60 81 66 38 8 25 74 67 14 17 69 3 76 10 34 36 44 9 72 50 59 28 71 20 30 51 64 75 7 58 22 46 27 13 16 19 53 18 21 26 5 73 43 80 
19 81 59 2 36 67 27 53 63 54 72 24 13 7 35 8 1 37 43 76 80 52 5 38 3 16 4 25 21 9 42 73 74 50 57 49 55 18 46 6 30 26 14 32 10 56 71 75 20 62 66 79 77 12 64 29 58 48 15 33 17 45 22 47 44 68 31 61 23 69 39 70 11 51 78 28 40 60 41 65 34 
41 40 66 21 71 49 12 26 68 44 33 38 22 75 30 17 80 35 78 70 20 57 23 72 48 3 65 59 19 46 79 24 29 43 60 69 51 67 15 18 4 10 13 50 2 9 73 11 62 31 5 39 58 42 47 52 32 6 76 1 64 14 45 56 7 55 53 81 8 28 16 36 54 63 34 74 25 61 37 77 27 
2 79 9 72 34 63 36 30 55 61 24 76 58 54 42 3 5 53 6 7 71 47 35 67 8 28 40 38 32 18 48 4 11 52 31 13 14 65 68 33 39 44 26 77 78 16 15 29 45 23 1 75 37 17 43 51 10 57 46 62 22 60 56 69 70 74 27 41 19 25 50 64 12 59 81 73 20 80 21 66 49 
75 67 43 73 78 48 80 15 38 16 23 11 31 13 62 64 9 25 39 58 69 76 30 4 12 74 14 53 7 36 68 1 5 42 71 54 34 29 20 32 59 28 52 45 46 22 81 47 61 3 27 19 8 70 26 77 63 41 55 37 21 79 40 33 18 66 51 35 49 57 65 17 6 44 24 50 72 2 56 10 60 
70 20 3 65 39 33 53 56 29 26 7 47 8 2 51 28 48 71 55 9 81 77 24 18 25 50 52 22 74 15 76 61 57 73 6 37 54 38 19 63 72 62 80 31 17 44 64 14 30 43 68 67 10 49 16 5 66 12 42 27 4 35 36 34 58 21 46 23 45 78 60 59 41 32 13 1 75 79 69 40 11 
50 28 24 61 59 44 11 5 45 77 4 70 18 57 73 1 43 40 31 22 34 56 80 27 42 41 75 66 10 20 55 16 39 64 67 12 53 49 74 30 36 79 58 21 76 69 46 7 60 71 51 72 33 65 54 9 13 8 25 19 48 81 29 15 63 2 52 32 6 26 37 3 38 17 14 35 78 68 23 47 62 
46 18 8 13 58 7 25 69 54 78 49 21 72 56 32 81 65 6 62 64 29 53 10 19 33 1 37 40 30 14 75 63 35 27 17 80 16 43 41 22 55 9 24 60 5 59 66 79 12 50 38 2 34 52 39 11 70 44 61 3 74 31 23 77 71 20 76 67 4 73 68 47 36 45 15 48 51 26 28 42 57 
42 4 35 17 60 32 6 23 10 39 45 69 12 50 79 19 15 52 54 5 73 16 43 36 2 66 13 41 77 70 62 49 21 26 51 33 27 48 37 81 47 7 8 3 75 28 78 25 57 56 20 63 40 74 59 58 38 18 67 34 65 68 72 80 29 11 14 44 61 24 1 22 76 64 55 71 31 9 46 30 53 
27 62 81 47 14 19 77 52 57 34 10 63 29 20 74 46 37 67 51 68 26 44 21 60 38 32 59 50 56 8 3 65 2 23 45 28 1 6 12 42 11 25 64 66 61 35 76 4 53 41 36 55 80 24 17 49 15 71 75 73 30 69 78 13 43 54 72 48 31 40 9 79 39 58 70 5 18 7 16 22 33 
74 51 37 76 1 31 22 64 16 59 66 68 41 14 36 60 27 55 49 11 46 61 45 15 79 63 17 72 25 47 9 44 78 58 34 81 57 70 71 73 23 56 69 40 35 54 18 48 32 77 26 6 21 13 24 80 53 7 20 2 33 28 50 30 5 39 12 10 38 42 75 62 3 8 43 19 29 4 65 67 52 
38 1 30 59 33 16 13 60 40 41 63 19 52 15 17 77 51 66 61 26 44 65 50 53 10 4 81 32 39 12 73 20 58 22 5 64 31 46 34 7 29 42 57 54 9 49 67 8 69 36 56 70 47 76 21 37 74 75 24 55 71 43 35 3 2 27 48 45 78 62 79 18 14 28 6 80 23 72 11 68 25 
15 25 77 56 24 47 39 78 37 42 36 22 57 11 65 14 13 46 7 74 72 8 38 3 21 43 76 44 62 79 80 71 69 53 68 61 60 55 63 41 70 17 35 48 81 29 2 23 28 18 9 32 31 50 4 26 40 1 19 30 45 16 67 75 33 49 6 52 34 54 64 10 27 73 51 20 5 12 58 59 66 
72 76 21 52 73 64 26 20 11 38 8 48 4 30 60 70 69 80 75 34 68 2 62 13 45 29 22 27 57 42 47 36 18 16 55 24 49 53 5 15 50 77 32 1 43 10 51 74 65 17 58 41 44 33 63 3 54 9 14 59 28 25 6 37 23 35 56 66 40 61 71 12 67 39 19 79 81 46 31 7 78 
12 44 71 42 45 68 5 46 49 37 32 74 35 34 54 75 25 64 14 80 23 39 31 24 20 70 6 43 52 13 81 38 51 56 28 9 3 62 30 58 66 18 36 10 27 48 59 26 79 63 73 77 4 21 72 61 65 78 57 22 53 17 15 50 16 67 11 8 7 76 19 41 33 1 69 47 60 55 40 29 2 
67 22 62 36 79 53 70 54 74 49 16 56 71 76 39 58 78 73 48 63 41 33 55 40 18 51 5 11 15 50 21 59 60 2 14 30 37 4 80 45 19 68 6 8 28 34 27 42 13 12 61 25 75 38 7 81 64 31 23 69 29 32 66 20 77 1 43 72 26 47 44 46 65 10 52 57 9 17 35 3 24 
32 27 57 55 50 75 7 9 8 29 12 10 81 43 21 23 72 33 52 17 35 66 19 77 1 60 78 45 3 65 34 31 25 37 46 40 13 2 69 44 76 64 67 14 51 71 22 16 39 80 53 68 54 6 62 70 41 20 11 79 47 36 5 38 73 4 15 24 58 30 59 28 49 61 63 18 56 74 42 26 48 
58 3 31 18 41 29 61 48 14 1 40 55 27 79 6 67 24 7 28 15 16 59 47 42 71 11 54 10 4 66 49 23 63 33 8 19 72 26 25 75 21 73 20 12 74 64 43 62 81 5 45 78 35 46 76 56 2 39 80 44 38 51 52 17 68 32 69 9 36 65 57 60 53 50 22 13 70 37 30 34 77 
35 34 10 80 2 43 81 66 17 20 62 28 47 59 68 53 31 61 37 79 32 69 49 57 30 64 9 48 67 76 1 77 41 6 74 26 78 33 24 38 22 23 65 52 56 11 3 72 14 19 40 60 55 7 58 73 46 27 13 50 8 12 18 51 42 29 39 63 70 5 25 21 44 15 36 75 71 45 54 4 16 
28 23 19 6 69 51 63 4 65 18 2 50 9 5 3 45 26 44 67 12 56 36 73 25 58 46 27 17 78 35 29 70 7 72 54 75 40 11 47 59 71 61 16 39 79 24 57 66 37 1 15 52 30 20 49 68 60 34 33 48 10 77 42 81 14 13 22 53 55 80 31 74 32 43 21 41 76 64 62 38 8 
55 48 2 75 57 73 78 41 72 28 20 31 1 67 66 56 45 43 81 8 74 63 26 10 5 33 35 54 14 21 36 34 71 7 39 17 64 42 52 19 79 37 30 76 29 15 60 58 44 61 23 38 53 68 11 59 22 46 16 13 80 50 77 4 27 40 47 18 69 12 62 32 70 65 49 3 6 24 25 9 51 
47 61 1 34 56 36 71 12 79 22 38 9 24 72 29 73 7 63 80 44 65 78 58 50 51 48 18 26 45 53 40 11 4 68 77 31 17 10 75 23 8 15 59 2 60 62 5 70 27 28 6 64 3 55 32 35 39 66 69 67 14 33 81 25 49 46 16 37 20 19 52 57 30 42 74 76 41 21 43 13 54 
49 13 40 37 74 14 10 3 28 71 78 54 53 23 50 68 57 18 15 6 77 72 39 69 27 55 46 64 22 41 70 29 81 48 16 52 25 7 36 61 58 5 11 35 33 31 21 32 47 59 30 45 42 63 75 44 56 51 4 43 24 19 12 79 60 73 65 76 9 1 34 26 66 2 8 17 62 38 80 20 67 
44 66 32 22 5 30 68 39 35 12 19 60 2 3 15 74 17 34 59 42 43 11 9 29 28 57 62 69 76 49 67 33 13 10 63 25 50 47 38 77 48 4 55 56 1 37 80 41 75 20 72 40 73 54 18 65 21 36 31 45 26 27 8 7 78 23 70 6 14 64 51 24 81 16 58 52 46 71 61 53 79 
6 38 18 64 77 27 59 31 76 8 46 35 39 47 61 52 81 65 19 25 70 21 32 75 40 12 24 58 23 51 37 50 1 44 30 42 26 63 13 80 53 3 9 28 69 74 16 33 4 29 17 43 11 78 79 62 20 2 48 54 49 57 60 72 56 41 10 5 67 71 15 66 7 34 73 68 45 22 14 55 36 
65 42 51 50 26 58 4 7 33 6 48 64 69 62 37 32 77 70 36 3 67 30 53 41 66 17 1 61 60 73 46 19 80 59 79 57 20 14 49 16 44 78 68 43 54 52 8 81 2 25 76 24 56 10 28 71 23 5 34 74 9 29 47 35 13 38 45 39 21 63 22 55 40 72 12 11 27 15 75 31 18 
52 17 69 23 80 60 24 21 81 25 42 40 11 4 33 30 49 41 79 2 61 20 76 14 13 38 16 5 8 27 43 32 9 47 75 66 22 74 62 51 45 65 71 34 70 67 12 57 1 48 46 35 50 18 55 64 68 73 6 15 72 37 7 44 53 36 3 29 28 31 54 58 78 77 10 59 63 39 26 56 19 
29 45 53 15 63 11 46 62 19 80 59 51 10 44 75 79 21 16 73 4 22 54 71 31 34 7 68 3 65 78 20 74 6 18 56 55 67 12 39 24 27 40 72 81 57 36 13 77 66 69 14 49 26 9 38 1 25 52 58 61 76 70 41 43 48 42 2 30 50 8 17 33 28 60 37 32 35 47 64 5 23 
43 9 20 70 8 54 16 25 67 13 76 14 26 36 58 5 55 27 23 60 52 64 56 47 49 37 45 24 38 2 15 62 12 28 35 72 32 41 21 46 31 6 18 73 66 19 39 22 71 79 65 51 7 34 10 40 78 42 30 17 63 3 53 68 59 61 81 77 75 74 11 80 4 48 50 29 33 57 44 69 1 
24 47 48 78 72 45 29 74 3 70 37 33 60 81 44 39 14 12 50 28 5 32 63 52 46 79 34 36 35 10 61 26 73 71 25 6 77 69 66 43 67 75 42 55 23 38 53 65 17 68 41 76 51 40 27 18 31 58 7 21 16 11 19 9 4 64 59 57 56 20 49 13 22 80 30 62 2 54 8 1 15 
5 58 64 9 16 1 21 65 56 51 41 18 67 46 34 55 63 15 24 23 36 3 12 68 22 27 57 4 75 29 11 39 38 76 42 62 10 59 17 8 28 45 7 49 6 47 79 13 31 14 2 37 43 73 53 30 80 50 54 25 78 52 44 60 26 71 32 74 81 70 69 77 48 40 33 66 61 35 19 72 20 
11 2 33 25 51 81 38 8 59 45 54 62 64 74 13 72 66 78 71 67 37 1 69 9 73 6 29 21 12 60 19 80 24 49 27 16 63 68 76 40 5 22 4 79 65 26 28 50 23 55 57 61 20 3 36 32 14 56 47 75 70 48 34 46 17 43 42 15 52 39 30 35 58 7 53 77 44 31 18 41 10 
37 60 68 69 17 52 23 27 43 10 56 32 49 6 38 7 75 58 13 16 31 80 2 20 53 76 15 14 34 55 5 64 30 63 47 65 35 1 29 12 61 50 73 70 19 21 24 67 8 74 78 18 72 59 81 79 71 40 51 77 66 39 62 41 22 28 33 54 25 48 36 44 26 3 9 42 4 11 57 45 46 
34 55 49 10 67 15 40 6 80 24 50 43 17 8 22 31 76 19 41 51 66 26 59 21 75 47 44 77 20 69 52 72 28 45 13 32 38 39 60 3 56 58 53 16 62 70 30 9 48 46 25 54 81 27 29 42 4 35 1 23 57 73 33 2 61 79 68 12 11 18 7 5 37 78 64 36 65 14 71 63 74 
20 26 22 31 66 79 19 61 77 57 65 42 16 35 80 11 73 59 74 30 78 40 4 70 14 25 49 56 2 3 44 58 43 46 15 50 33 21 54 13 18 24 48 71 37 45 52 6 10 60 75 7 32 36 12 67 9 38 64 68 41 76 55 63 1 62 23 47 27 72 8 53 51 5 29 34 28 69 39 81 17 
71 63 42 53 18 46 30 36 41 2 25 52 21 29 23 61 40 79 77 48 38 60 72 35 7 62 43 37 81 33 17 68 54 78 70 74 80 9 64 27 14 31 51 57 20 58 56 1 5 44 39 11 12 4 69 28 8 22 26 49 15 59 10 24 66 3 75 34 65 45 55 19 50 6 47 16 67 13 32 76 73 
62 57 54 4 13 12 76 14 73 69 1 77 36 26 28 20 53 5 42 45 55 10 8 56 64 39 11 9 41 40 18 7 48 31 59 51 44 78 32 74 81 47 34 30 15 80 33 63 35 66 19 71 49 22 60 2 3 72 17 24 61 46 65 58 21 50 37 38 16 67 6 29 25 23 79 27 43 70 52 75 68 
7 75 44 35 70 39 50 28 32 4 3 27 68 71 47 48 30 9 18 81 54 17 65 33 19 58 61 8 79 67 57 66 22 1 53 23 36 72 11 52 2 41 46 26 25 42 62 15 34 64 77 69 16 29 13 45 5 63 74 20 37 6 43 31 76 14 80 40 10 51 78 73 59 49 38 60 24 56 55 12 21 
56 54 80 3 31 9 67 49 1 46 13 8 76 63 2 33 52 36 66 38 53 48 14 34 57 68 30 12 29 71 39 47 61 17 41 78 11 50 73 28 6 81 40 7 18 60 42 21 16 10 22 5 27 32 25 75 59 19 37 70 51 15 58 23 69 72 44 62 24 79 43 45 35 26 77 65 55 20 4 74 64 
59 72 12 20 81 62 65 22 30 58 17 25 44 49 56 35 6 60 2 54 21 75 15 71 70 24 67 46 43 74 8 76 52 66 64 14 79 3 31 9 34 51 5 23 77 63 36 55 18 11 28 80 41 37 45 13 26 61 32 57 73 78 68 19 39 16 7 4 47 53 10 42 69 33 40 38 1 29 48 27 50 
16 43 25 26 44 71 8 68 50 62 70 53 3 42 81 27 28 47 20 46 49 29 60 5 23 18 74 7 33 32 59 67 75 9 80 58 12 19 45 17 13 36 78 15 30 6 34 56 73 54 48 66 65 79 2 41 1 10 38 4 69 24 63 21 40 31 55 64 35 77 76 14 61 11 57 39 37 52 22 51 72 
39 14 60 32 37 55 34 33 53 40 29 73 54 66 77 16 74 20 72 61 42 28 52 7 81 78 58 23 36 6 45 48 49 11 26 22 41 64 2 65 10 70 44 4 21 1 69 68 15 47 62 59 76 25 56 50 35 30 79 8 12 5 31 27 57 51 17 71 3 38 18 9 24 75 46 43 13 19 67 80 63 
18 77 74 51 47 6 15 38 24 72 31 7 14 21 26 10 41 50 4 39 76 35 36 16 80 73 19 65 55 25 2 3 62 5 44 1 58 52 61 49 46 48 66 69 63 75 9 71 29 45 43 13 67 57 33 22 17 64 27 42 40 53 11 70 37 56 8 68 54 34 20 81 60 79 59 23 30 32 78 28 12 
45 19 52 58 46 23 75 57 7 55 69 15 48 12 64 80 4 39 33 62 6 43 11 79 32 26 47 18 63 38 13 42 31 54 24 10 59 76 22 37 68 27 1 72 71 53 40 3 51 30 35 74 70 8 20 60 16 28 77 29 81 44 9 61 65 78 67 2 41 49 73 50 17 56 5 25 66 36 34 21 14 
63 70 78 11 10 66 64 29 21 32 67 5 34 18 19 57 23 24 45 31 13 12 41 22 37 69 56 20 73 68 51 81 79 77 40 27 74 35 16 25 43 55 38 47 26 33 61 17 50 4 49 14 52 39 80 36 76 62 65 7 3 72 71 28 15 75 60 59 30 46 48 1 42 9 2 44 54 58 53 8 6 
79 41 28 48 4 35 73 76 42 65 68 59 61 1 9 78 38 51 44 27 3 50 77 55 17 40 63 16 69 56 30 57 19 34 37 15 75 20 8 60 33 53 29 67 24 46 72 12 58 2 31 23 64 26 74 14 6 21 43 66 54 49 39 22 32 52 36 25 5 13 80 11 71 18 45 7 10 62 47 70 81 
61 69 36 5 27 2 17 40 13 11 43 71 30 37 45 22 79 75 65 59 64 51 25 1 9 10 8 28 70 72 53 60 50 4 21 35 56 32 42 57 54 39 62 80 14 7 20 19 78 38 81 44 24 77 67 48 34 55 52 18 23 47 46 66 6 26 74 58 12 29 33 63 31 68 76 49 73 41 15 16 3 
################proper############## 

 average_time = 60.982926 

 success runs = 1 

 total average iters = 1002173.000000 
