Success!!! 
 
 max_col = 
 81 
 
 run_time = 
 49.656615 
 
 once iters = 
 700356 
 
38 7 71 29 21 76 30 72 12 36 48 11 62 79 81 17 37 44 73 54 77 74 8 5 56 10 22 47 49 24 3 25 33 34 28 43 78 27 32 39 46 14 68 20 63 1 35 67 65 61 64 31 13 50 59 75 45 58 52 66 18 51 60 57 70 41 53 40 23 26 15 55 69 42 19 2 4 6 9 80 16 
60 15 67 68 49 13 24 18 53 30 12 46 5 16 66 33 64 40 59 57 45 78 63 4 51 43 20 32 39 17 54 74 42 61 7 80 50 47 56 19 26 36 28 76 75 3 29 41 62 25 52 81 58 44 71 23 35 1 8 70 2 69 34 79 21 37 11 6 73 22 72 9 31 55 27 14 65 10 38 77 48 
66 35 34 6 62 77 22 26 14 73 51 18 31 78 72 56 50 65 32 52 53 1 69 19 3 79 2 41 71 46 13 10 21 63 70 68 60 58 67 59 43 23 7 29 57 42 17 47 55 45 39 20 11 80 38 49 74 9 5 24 4 40 30 61 48 44 27 28 54 76 64 16 25 75 15 33 37 12 8 81 36 
74 57 59 32 63 75 55 19 70 35 47 7 49 68 27 39 13 3 23 17 71 36 24 30 76 40 12 38 8 60 66 53 2 14 78 69 41 33 44 16 25 1 15 65 61 18 5 48 72 73 9 4 51 79 21 6 50 54 64 80 81 77 37 43 62 29 45 31 58 42 10 67 26 52 46 34 20 22 28 11 56 
40 50 8 28 52 64 80 79 39 23 60 9 69 59 4 41 14 43 61 72 21 68 55 25 47 31 29 65 51 12 27 16 5 11 36 1 49 62 73 54 37 34 71 81 18 63 26 22 70 77 66 10 6 57 44 56 46 15 67 76 42 19 48 20 33 13 78 75 3 35 2 38 7 45 53 24 32 74 58 17 30 
44 48 43 10 56 47 65 9 16 71 52 29 58 61 75 1 54 76 13 42 11 6 15 7 70 67 33 50 26 64 81 77 30 4 55 20 69 5 66 8 45 21 22 2 31 34 28 38 12 19 27 23 37 40 17 53 72 3 78 57 73 25 32 39 14 46 74 24 36 18 80 63 41 59 68 62 35 49 51 60 79 
51 33 17 61 42 11 1 36 54 22 2 67 6 24 38 10 25 26 80 28 9 64 60 75 16 58 62 19 31 45 29 57 23 40 56 37 77 13 48 72 55 35 3 79 53 46 59 76 8 15 74 68 69 21 20 7 39 63 27 14 65 47 41 52 12 34 4 81 71 49 32 30 73 5 70 43 50 78 44 18 66 
25 69 4 23 37 46 73 3 27 42 63 55 70 34 53 77 20 45 48 14 39 66 50 49 81 41 18 72 9 35 75 15 52 44 58 62 6 74 17 80 24 10 12 51 38 30 71 78 56 36 2 32 16 60 33 26 31 13 28 11 22 43 79 19 8 7 47 59 1 65 5 68 61 57 29 54 64 21 67 40 76 
41 45 58 2 81 78 5 20 31 21 32 74 19 15 28 8 80 57 34 44 35 65 38 37 46 26 27 79 18 48 67 59 73 22 6 76 64 9 30 11 42 40 52 70 4 75 7 54 49 53 43 24 33 14 29 55 68 16 12 62 10 36 61 56 77 69 66 17 50 60 25 51 47 1 63 39 23 3 71 72 13 
35 52 15 1 14 18 76 39 50 55 22 45 75 32 42 43 26 37 19 11 65 29 79 13 61 33 58 69 68 73 38 31 49 27 4 53 7 24 40 51 70 63 2 28 3 16 48 57 59 20 6 67 47 64 36 46 71 80 44 17 12 78 10 8 56 25 81 41 5 34 77 60 62 72 54 74 9 30 21 66 23 
3 38 41 30 40 8 37 42 2 78 6 14 46 27 67 50 77 10 69 16 7 5 56 34 60 32 25 9 70 80 47 1 36 20 81 33 58 48 75 52 62 31 55 59 12 28 76 49 39 68 73 54 79 17 4 13 23 29 65 61 43 35 26 72 24 45 51 21 57 74 71 66 44 18 11 19 63 53 64 22 15 
46 74 53 20 68 43 44 7 71 64 28 79 12 17 11 62 60 19 31 76 49 75 52 57 22 18 78 55 24 51 40 21 54 35 45 67 25 42 50 15 10 47 80 73 23 41 58 36 38 65 37 29 30 8 72 2 81 48 9 77 66 34 27 16 61 6 63 26 33 13 3 70 32 69 1 4 14 39 56 59 5 
67 81 51 19 34 55 26 45 63 47 65 23 54 1 68 72 29 31 50 12 59 77 44 43 2 80 10 66 41 14 32 7 15 16 48 18 35 79 20 13 57 64 27 4 30 22 25 61 5 9 71 75 56 3 52 38 11 73 49 21 33 74 6 36 78 53 76 69 37 39 62 40 60 46 24 42 70 28 17 8 58 
5 75 64 78 73 57 54 17 6 63 56 76 13 18 16 80 48 81 30 55 4 42 21 40 9 66 45 61 12 62 34 2 72 10 43 23 1 22 65 46 49 68 33 14 11 74 60 26 69 27 53 44 15 77 3 8 24 19 39 41 70 37 25 50 58 32 29 35 79 59 28 52 51 31 67 36 71 38 20 47 7 
56 10 49 66 70 9 72 23 65 57 33 53 21 58 39 35 41 34 71 47 28 62 81 17 24 20 36 25 78 77 11 60 6 37 3 79 38 43 5 45 8 44 76 74 69 50 13 32 51 4 55 19 63 31 18 40 30 22 54 16 1 59 64 7 80 42 67 15 2 46 73 14 12 29 48 52 61 68 75 26 27 
47 61 60 25 79 22 58 21 11 7 40 15 71 3 9 52 44 74 67 41 27 48 46 68 26 51 38 42 28 59 56 19 63 29 5 8 54 37 36 78 39 66 17 32 77 35 2 24 34 1 70 18 72 45 53 62 69 75 76 50 14 20 57 64 10 31 30 65 4 55 12 23 16 6 33 73 13 81 43 49 80 
28 29 69 24 13 59 62 12 36 4 73 20 66 2 25 51 70 8 3 63 1 53 14 15 23 64 72 75 17 30 65 52 22 39 26 74 56 6 61 71 67 18 9 16 34 40 11 43 80 81 10 46 21 33 31 32 79 5 58 45 7 60 42 27 38 49 48 47 68 19 54 44 78 50 55 35 57 41 77 76 37 
48 4 80 31 27 32 33 16 77 61 59 24 30 49 69 36 38 5 37 70 74 73 54 6 39 35 8 13 50 76 71 44 58 57 64 46 72 19 81 21 29 26 53 41 60 12 78 62 42 52 14 66 7 23 51 47 28 68 15 63 55 67 56 1 11 75 18 9 22 17 20 43 40 79 2 45 34 65 10 25 3 
12 76 6 36 33 14 59 55 60 81 5 63 23 35 61 7 75 15 11 20 31 18 67 42 43 25 41 45 30 57 62 79 19 53 72 10 26 56 21 3 52 37 70 13 47 48 8 71 50 66 44 16 73 74 77 4 1 24 22 2 34 17 80 46 51 27 58 39 32 69 9 29 49 40 65 38 54 64 78 28 68 
54 58 78 22 44 48 69 5 37 33 71 70 76 4 34 26 47 27 79 32 55 81 16 36 40 2 6 1 77 56 31 68 66 73 49 50 10 14 15 74 12 19 43 61 65 64 20 9 35 29 11 80 39 28 46 51 18 38 13 75 59 52 72 67 45 3 60 25 63 7 53 21 17 8 42 30 62 57 24 23 41 
21 16 28 46 9 68 77 81 10 12 8 31 51 53 50 6 3 69 62 37 38 54 30 60 35 17 24 33 44 47 39 11 64 80 65 48 42 76 29 36 4 25 79 18 73 32 1 75 52 58 78 57 22 26 40 61 49 41 14 55 15 27 63 34 74 20 2 72 43 5 23 59 13 71 7 67 66 56 19 45 70 
39 73 42 71 11 35 64 24 23 79 57 68 72 36 1 54 16 55 76 50 56 52 53 26 13 75 34 59 58 2 15 17 67 28 40 22 45 7 49 69 44 9 30 31 81 5 6 14 27 38 51 43 62 37 47 29 12 74 66 10 78 65 21 4 41 61 77 80 19 8 70 48 18 32 20 25 33 60 3 46 63 
18 34 52 47 75 72 19 56 3 9 14 44 43 20 73 32 2 77 57 74 69 4 49 10 80 70 46 29 7 81 41 71 78 24 38 54 33 23 58 66 68 67 63 50 8 45 21 12 60 40 17 53 59 30 48 35 64 36 26 5 25 11 76 55 28 22 62 13 65 37 31 42 15 39 79 51 16 27 6 1 61 
20 31 65 80 50 45 8 27 74 29 49 10 25 38 59 18 52 11 39 58 44 22 66 47 19 1 9 76 4 21 63 34 69 32 42 26 51 2 64 55 17 60 78 54 62 79 41 46 68 13 7 61 67 15 16 37 70 28 6 3 57 30 23 33 71 73 14 56 12 40 24 35 72 43 77 53 81 36 5 48 75 
62 13 66 79 2 41 43 61 29 80 24 30 78 67 74 45 65 42 7 68 12 71 5 3 8 63 59 52 14 37 36 23 51 18 20 27 22 57 72 28 1 46 40 75 48 10 81 77 19 54 49 34 25 70 39 60 73 56 33 53 32 9 69 6 15 38 17 44 64 50 16 76 4 35 47 11 31 58 26 55 21 
53 49 30 40 57 51 63 4 67 28 39 37 56 64 17 48 62 41 27 29 14 45 33 65 15 21 77 5 55 75 25 61 70 46 60 13 71 38 24 6 34 16 11 35 32 31 3 42 23 47 18 69 36 72 8 43 44 7 19 58 54 50 20 78 68 66 26 1 81 10 52 79 59 80 74 9 73 76 2 12 22 
17 70 1 15 32 26 25 38 7 40 21 19 60 46 22 13 66 58 64 51 72 61 78 23 73 28 48 35 74 3 16 8 12 43 9 6 53 59 80 20 5 39 41 77 27 4 24 56 63 76 65 33 55 2 68 71 62 42 45 67 79 81 31 47 18 30 54 36 75 57 11 49 37 14 52 29 10 50 34 69 44 
16 72 46 75 25 52 51 58 17 67 55 8 20 11 14 5 69 32 21 38 24 19 22 76 64 47 26 80 29 68 43 73 71 6 23 56 81 1 39 18 9 74 44 48 50 66 57 34 13 10 33 65 12 7 70 3 60 35 77 78 28 49 54 37 42 36 40 62 31 41 30 27 45 2 4 63 79 59 61 15 53 
59 80 3 81 60 69 29 43 22 74 50 77 15 65 46 58 51 71 66 67 33 17 34 20 6 49 70 24 40 5 76 18 47 7 27 9 13 10 35 25 56 72 45 42 21 78 32 52 54 2 75 39 53 36 26 31 19 4 62 79 64 14 1 73 57 48 61 16 11 68 63 12 23 30 38 44 55 8 37 41 28 
61 12 50 45 15 65 4 77 42 26 75 2 34 66 23 21 7 9 29 56 54 41 62 18 31 57 80 70 25 78 52 51 44 19 32 81 73 60 33 22 53 6 59 38 5 37 55 69 79 17 28 27 71 24 30 16 63 76 11 36 40 13 68 14 64 67 72 43 35 3 1 8 20 74 49 47 58 48 39 10 46 
14 62 68 64 5 7 57 44 47 37 80 43 29 72 48 60 18 49 78 10 3 2 36 27 55 15 53 16 38 34 22 33 41 1 66 21 30 28 31 77 40 52 51 63 26 76 73 58 46 8 35 11 50 81 67 39 61 23 24 12 20 32 17 45 4 54 65 79 59 9 6 74 75 19 13 70 42 71 69 56 25 
55 41 13 54 18 71 11 6 20 56 19 40 42 22 57 73 63 30 5 35 46 12 1 61 50 65 23 39 59 72 53 26 28 62 10 58 16 67 70 68 75 79 37 69 49 51 4 15 74 44 38 3 9 25 7 21 52 34 43 8 47 48 45 81 76 33 80 60 17 66 78 2 36 77 14 32 27 29 31 64 24 
31 37 79 63 74 28 66 49 9 38 3 36 33 39 45 27 61 78 44 4 73 14 11 72 25 42 52 2 20 8 17 65 48 13 75 64 46 41 76 12 58 43 24 57 54 70 30 80 1 62 60 56 40 47 55 81 15 50 69 59 53 6 71 21 32 10 23 22 29 77 26 19 5 51 34 16 67 35 7 68 18 
27 30 24 56 38 53 32 40 19 76 25 12 41 10 35 47 17 64 68 48 37 51 39 45 74 60 81 54 61 49 69 46 79 77 15 31 34 8 71 7 11 4 65 36 66 26 14 63 16 67 5 59 23 42 22 18 75 57 2 33 9 29 73 28 44 50 52 55 70 20 58 13 43 78 21 72 3 80 1 6 62 
33 8 70 35 48 34 36 10 1 54 79 52 81 31 13 4 24 6 16 69 32 28 71 59 63 30 43 60 67 74 55 37 57 12 14 11 2 80 47 61 78 62 23 3 17 68 64 19 77 21 20 41 45 29 5 42 58 27 46 51 44 72 38 15 25 39 56 49 7 53 18 75 22 65 66 76 26 73 40 9 50 
76 21 73 67 23 2 39 78 26 68 53 1 44 28 62 70 59 16 8 13 58 79 40 77 75 9 7 3 36 4 45 42 35 50 63 30 20 29 27 64 19 32 14 15 55 43 72 6 18 31 22 49 48 61 74 80 25 10 37 56 41 66 65 51 69 24 71 34 46 38 47 5 52 33 81 60 17 11 57 54 12 
15 55 10 37 20 73 23 71 75 58 66 17 35 43 5 81 53 13 54 39 2 69 61 78 12 59 67 48 52 32 7 14 31 45 76 24 44 50 34 57 28 65 64 72 29 49 33 3 4 79 30 42 38 11 6 63 56 46 18 19 36 41 40 9 1 51 68 77 8 70 27 80 74 62 26 21 22 25 47 16 60 
81 28 36 18 8 80 60 1 48 72 37 21 38 77 2 55 71 39 49 62 64 63 57 73 45 14 66 26 23 40 59 9 34 58 74 47 70 31 22 53 30 3 42 78 20 15 67 13 7 12 56 6 35 43 69 5 27 44 4 65 52 33 16 25 29 11 10 32 24 54 19 50 76 41 51 75 68 61 46 79 17 
24 19 45 27 69 4 35 11 38 46 26 78 32 54 20 61 57 62 60 36 68 76 80 31 21 22 75 12 79 71 6 50 17 3 51 63 47 55 43 41 15 2 13 1 58 52 18 25 40 74 34 5 81 16 23 10 37 14 59 29 30 64 49 42 72 56 44 48 67 28 66 65 9 7 8 77 39 70 73 53 33 
2 14 7 17 30 3 42 51 46 25 23 80 45 75 47 63 1 67 58 81 34 26 29 74 71 55 65 21 33 15 20 62 37 64 22 35 68 12 16 38 76 69 54 11 40 8 50 27 41 48 57 77 24 10 73 66 9 32 61 28 72 70 78 60 53 5 59 18 39 43 79 36 19 13 56 6 44 31 52 4 49 
50 65 12 34 67 54 21 62 64 15 7 28 52 8 40 30 36 70 10 18 43 35 77 41 79 23 11 68 69 13 44 56 46 72 39 5 66 25 14 4 48 71 19 49 24 9 63 20 31 32 61 51 17 1 60 45 42 47 74 38 26 22 53 3 37 58 75 73 16 33 76 6 57 27 59 78 80 55 29 2 81 
49 68 31 57 76 56 13 47 59 51 10 27 18 60 24 16 74 14 53 19 6 33 9 32 1 72 44 81 42 70 4 78 8 54 2 25 62 21 79 17 77 73 35 26 80 69 36 39 29 37 45 22 66 65 50 20 3 71 55 7 58 75 43 23 46 12 38 61 52 15 34 41 48 11 64 28 40 5 63 30 67 
29 53 5 72 6 39 16 74 43 41 34 56 48 44 49 59 73 12 38 3 25 30 17 51 42 27 4 28 19 10 18 36 11 66 77 61 9 75 23 32 60 33 46 52 67 80 68 70 21 64 47 76 26 71 81 1 57 62 79 31 8 15 24 13 40 63 22 2 55 45 7 78 54 37 58 65 69 20 50 14 35 
22 40 33 70 77 25 61 41 32 65 4 3 64 29 31 9 19 79 46 7 50 16 28 48 52 8 56 49 75 55 80 43 1 38 57 73 27 51 63 10 6 59 81 5 37 60 54 23 2 78 62 58 44 53 12 76 67 17 68 13 35 39 11 71 30 74 21 14 26 47 69 20 66 24 36 15 45 18 72 42 34 
26 63 44 52 78 58 9 66 79 69 42 33 68 50 6 11 76 22 15 40 47 24 20 70 5 13 37 30 53 29 60 27 65 41 67 16 36 18 45 56 74 7 61 8 39 72 75 59 28 14 19 73 46 55 25 34 51 77 48 54 80 21 2 35 31 57 49 64 62 81 17 4 10 12 3 23 38 1 32 43 71 
64 32 57 5 28 6 70 50 73 49 76 69 55 41 18 29 30 68 45 25 79 46 65 16 37 78 1 17 48 38 10 24 62 33 80 72 8 39 77 58 20 13 31 7 19 14 43 44 22 51 40 2 74 59 66 9 26 81 34 52 21 42 15 75 67 23 3 63 56 12 60 71 11 47 35 27 36 54 53 61 4 
77 24 19 53 61 33 10 48 41 62 16 34 36 6 15 28 81 66 72 5 17 59 23 2 11 54 21 4 76 27 49 30 68 67 73 78 57 26 38 29 80 22 50 44 14 58 31 35 47 3 42 12 65 75 63 79 20 39 71 64 45 46 13 69 7 55 8 74 25 52 51 37 1 9 43 56 18 32 60 70 40 
75 27 26 43 80 67 46 37 56 39 11 61 24 74 3 20 79 33 55 22 57 34 58 66 32 19 68 51 35 52 21 29 16 71 13 28 59 30 69 65 2 12 25 40 15 53 45 1 6 60 63 48 49 62 54 50 47 78 73 44 23 38 14 41 36 81 31 70 9 4 42 18 64 10 17 7 72 77 76 5 8 
42 2 55 62 65 66 81 30 72 53 27 38 8 63 51 44 58 23 18 61 36 80 47 64 14 76 71 56 46 79 77 32 3 31 50 41 4 45 52 49 35 28 16 43 10 54 9 11 20 7 69 26 5 78 37 74 17 6 40 60 19 1 70 24 73 59 34 68 15 21 29 39 33 25 22 13 48 67 12 75 57 
13 9 21 7 71 79 78 29 76 52 64 48 2 40 32 57 12 54 35 31 30 67 51 33 62 56 69 44 22 18 14 5 74 15 37 19 75 68 60 24 36 81 66 46 6 17 38 8 73 70 23 50 80 39 58 72 4 53 25 27 11 55 59 10 43 47 20 45 28 1 61 77 42 63 16 3 49 34 41 65 26 
11 54 38 59 45 23 52 14 4 31 67 72 37 5 77 71 21 75 43 26 40 7 73 8 20 12 28 64 81 53 61 69 25 60 1 39 55 70 3 76 63 42 47 9 74 13 34 18 32 56 15 36 68 41 80 48 16 51 10 49 29 24 62 66 17 65 57 33 27 30 35 22 46 58 78 50 6 44 79 19 2 
63 17 35 12 36 40 47 69 8 14 45 60 10 80 78 42 4 73 52 9 13 3 48 38 29 44 15 7 66 11 26 54 43 70 59 55 61 72 1 62 32 51 34 23 64 27 77 33 25 71 46 28 57 19 76 67 41 65 75 18 56 31 22 53 5 79 16 50 6 2 49 58 21 68 39 81 24 37 30 74 20 
68 39 20 74 31 16 18 60 44 13 1 25 50 47 43 19 22 56 70 77 63 49 4 81 27 24 42 34 65 58 2 6 9 75 8 57 17 53 54 73 41 11 48 37 79 21 52 10 67 55 29 30 64 66 35 33 36 61 7 69 5 3 12 40 26 78 32 76 80 62 46 72 38 28 23 71 59 15 14 51 45 
1 51 25 3 58 49 34 22 15 70 17 35 9 26 7 65 46 59 6 75 10 60 74 50 41 53 39 20 63 36 12 40 45 23 47 42 5 71 78 33 18 27 67 21 56 81 79 16 24 72 4 37 61 76 32 57 43 2 30 68 77 8 28 48 54 19 13 11 38 44 14 64 55 73 31 66 52 69 80 62 29 
10 22 75 11 51 74 53 8 13 59 78 73 16 19 36 40 31 4 20 64 76 39 68 29 33 37 49 58 80 41 5 63 50 69 12 17 23 34 6 2 54 61 18 24 35 25 15 7 71 43 67 1 77 48 9 70 55 45 72 42 38 28 44 65 52 14 46 66 30 79 57 56 3 81 60 26 21 62 27 32 47 
69 20 81 9 16 1 17 67 33 3 38 6 22 21 10 37 72 25 51 73 5 27 7 62 48 50 60 46 34 23 30 75 77 74 11 40 14 32 4 42 59 57 29 68 52 61 66 79 45 80 8 70 41 56 13 64 78 18 31 26 76 58 47 2 19 15 55 54 49 71 39 24 53 36 44 12 28 43 35 63 65 
58 25 14 21 35 60 48 46 80 5 81 26 77 71 56 74 55 53 42 2 8 47 31 67 10 61 54 6 32 44 19 20 24 36 33 52 65 63 28 9 51 50 1 66 22 11 27 73 37 49 68 72 3 18 79 30 34 43 16 23 69 4 29 70 75 64 41 12 76 78 13 62 39 38 40 17 15 7 45 57 59 
78 79 23 41 43 30 27 76 66 18 35 54 7 12 52 24 49 48 1 45 15 38 25 28 65 4 32 31 72 42 57 55 60 59 71 51 3 17 10 26 47 56 69 67 70 39 44 53 64 46 16 40 75 58 2 36 77 20 63 6 62 68 33 80 50 8 73 37 21 29 81 11 14 61 9 5 19 13 22 34 74 
4 77 56 42 3 5 2 59 28 20 70 32 80 14 65 76 33 46 26 71 22 11 43 63 57 69 74 53 45 16 9 47 7 48 79 49 39 81 12 44 73 75 38 58 78 36 62 30 17 50 13 52 54 34 24 41 21 40 1 15 51 61 19 31 27 60 35 23 18 72 67 10 29 64 25 55 8 66 68 37 6 
52 18 63 26 12 61 68 73 57 2 62 47 39 23 60 67 15 50 40 78 16 44 41 14 30 34 17 27 13 65 28 64 81 21 29 66 43 36 19 48 72 8 77 80 25 55 10 74 76 22 24 38 20 5 75 11 54 49 3 46 37 71 35 32 9 1 7 53 42 6 59 45 70 4 69 31 56 79 33 58 51 
34 47 37 39 19 15 50 54 45 44 9 64 61 57 63 75 28 1 24 6 52 55 70 58 18 36 79 8 2 26 78 67 14 56 62 3 11 46 53 5 13 41 21 33 7 29 23 31 81 35 12 60 42 32 65 73 66 59 17 22 27 80 74 68 16 40 43 4 69 51 38 25 30 20 76 48 77 72 49 71 10 
36 71 62 44 29 24 6 70 49 43 68 42 17 30 58 79 34 51 75 66 81 9 72 56 53 46 13 22 1 25 73 35 4 76 54 38 31 40 37 27 64 15 60 55 45 19 65 21 33 28 59 63 14 69 10 12 8 67 32 39 50 57 7 26 47 77 5 3 20 48 74 61 2 23 80 41 78 16 18 52 11 
72 64 32 55 7 38 31 65 40 11 41 13 27 69 8 66 45 29 12 23 80 21 19 35 59 77 3 18 43 39 37 70 10 68 61 15 74 49 62 79 71 76 20 30 16 6 51 2 78 57 26 47 4 9 56 14 48 25 53 81 60 5 52 63 22 17 33 58 34 36 44 28 67 54 75 46 1 24 42 50 73 
57 66 61 38 1 19 79 52 78 17 74 49 4 7 30 12 68 21 2 60 70 58 64 71 36 48 35 77 56 9 8 41 32 81 69 29 28 73 46 50 22 54 5 25 42 65 40 37 11 6 72 14 43 67 15 44 13 31 23 20 3 18 75 76 63 80 24 51 10 16 45 34 27 26 62 59 53 47 55 33 39 
71 43 47 73 72 44 3 63 81 77 15 16 26 52 33 14 56 61 74 46 41 13 59 53 34 11 51 67 27 6 79 4 39 55 31 7 32 64 18 1 65 49 36 45 68 62 19 60 57 24 50 25 76 20 28 54 22 21 42 37 48 10 8 38 2 9 12 29 78 75 40 17 80 66 30 58 5 23 70 35 69 
32 56 27 69 17 10 15 64 58 19 36 5 67 76 79 38 9 24 63 80 20 31 26 54 68 16 14 74 62 1 51 66 13 42 18 75 48 52 11 35 61 53 72 60 44 77 46 29 3 23 41 21 2 4 34 65 40 70 57 25 39 12 55 30 59 71 37 8 47 73 50 33 6 22 28 49 43 45 81 7 78 
80 6 16 51 4 70 14 35 68 75 54 50 40 13 64 31 32 2 56 30 42 57 12 24 17 38 73 36 37 28 23 49 53 78 46 60 76 66 59 67 33 29 58 27 71 47 74 81 44 69 1 8 10 63 45 19 7 79 41 43 61 62 9 22 55 26 39 5 48 25 65 3 34 21 72 18 11 52 15 20 77 
8 26 77 49 46 36 45 2 55 6 58 71 59 25 37 34 39 72 65 33 18 10 75 22 67 7 47 73 3 50 24 48 20 17 19 44 40 69 74 70 21 30 4 62 43 38 61 28 15 42 32 35 31 12 27 78 80 66 60 1 16 63 5 54 23 52 79 57 53 11 68 81 56 76 41 64 51 14 13 29 9 
9 59 39 50 22 12 67 34 25 10 29 62 1 55 80 78 27 47 28 49 23 15 37 21 77 6 61 43 57 54 68 45 40 65 52 70 63 16 7 81 3 17 26 56 2 33 53 66 48 5 58 13 18 51 11 24 32 72 38 30 74 76 4 44 20 35 42 46 14 64 41 69 8 60 71 79 75 19 36 73 31 
7 60 54 65 41 29 40 31 62 8 20 81 73 42 70 3 35 63 9 79 66 32 45 39 72 5 76 11 16 22 33 12 38 30 21 59 37 78 55 34 23 77 57 19 13 56 80 64 26 75 36 17 52 27 14 68 53 69 47 71 6 2 51 18 49 43 28 67 74 58 4 15 50 44 61 10 25 46 48 24 1 
37 5 74 76 53 42 75 13 18 66 46 51 57 48 44 23 11 28 81 43 29 8 27 69 78 52 55 15 10 61 64 58 80 25 35 14 79 20 9 47 38 24 6 39 41 71 70 68 30 16 54 45 34 22 49 77 59 33 50 73 67 26 36 62 60 21 19 7 72 31 56 1 63 17 12 40 2 4 65 3 32 
23 11 48 33 24 21 20 28 30 60 69 65 53 45 41 22 43 18 25 1 19 40 3 44 4 62 50 71 5 63 72 76 26 47 34 2 12 15 8 31 14 80 75 10 51 59 49 55 9 39 79 7 78 73 64 17 29 52 81 35 46 56 58 77 13 70 6 27 66 61 36 32 68 16 37 57 74 42 54 67 38 
65 42 9 8 66 81 38 15 51 48 61 39 74 62 26 49 78 36 77 53 75 25 35 12 28 68 31 40 73 67 58 22 27 52 44 4 24 11 2 30 16 55 56 47 72 7 37 50 10 18 21 64 29 54 1 59 6 60 20 34 63 79 46 5 3 76 69 19 45 14 33 57 71 70 32 80 41 17 23 13 43 
70 46 40 48 10 63 12 68 21 50 18 58 79 33 55 69 6 60 4 24 26 43 76 9 54 45 57 78 64 19 1 39 61 49 41 36 67 65 42 75 31 38 32 22 59 23 56 72 53 11 3 15 27 35 62 28 14 8 29 47 13 73 66 17 81 16 25 71 51 80 37 7 77 34 5 20 30 2 74 44 52 
73 3 22 77 55 37 74 32 5 16 31 75 28 9 12 68 23 7 41 27 78 70 2 46 38 81 63 10 6 20 50 13 76 8 24 71 18 44 51 60 66 58 62 34 36 57 47 17 14 26 48 79 19 52 43 25 33 30 80 4 49 53 67 11 35 72 1 42 61 56 21 54 65 15 45 69 29 40 59 39 64 
43 67 72 60 47 62 41 53 61 45 44 66 11 37 71 15 8 35 14 59 48 20 6 55 49 29 40 23 21 31 46 80 18 26 17 65 19 54 13 63 7 78 39 64 33 2 69 5 75 34 25 74 70 38 57 52 10 12 56 32 68 16 81 58 79 28 9 30 77 27 22 73 24 3 50 1 76 51 4 36 42 
45 78 76 58 39 20 49 25 24 32 13 4 47 73 29 53 10 17 36 8 61 56 42 52 66 71 30 37 15 33 70 3 59 5 68 34 80 35 57 14 69 48 74 6 1 44 16 40 43 63 81 55 28 46 41 27 2 64 51 72 31 54 77 12 65 62 50 38 60 23 75 26 79 67 18 22 7 9 11 21 19 
19 44 18 13 54 31 7 33 69 27 77 41 65 81 21 25 5 52 17 34 67 72 32 11 58 39 64 57 47 66 48 38 75 51 30 12 15 3 26 43 79 45 8 53 9 73 42 4 36 59 80 62 1 49 61 22 76 37 35 74 71 23 50 29 6 2 70 20 40 24 55 46 28 56 10 68 60 63 16 78 14 
6 1 2 16 26 27 28 80 52 34 30 59 63 56 54 64 67 20 22 21 62 37 10 79 69 3 19 14 60 7 74 81 55 9 53 77 29 4 25 23 50 5 73 17 76 24 12 51 58 41 31 71 8 13 42 15 65 11 70 40 75 45 18 49 39 68 36 78 44 32 43 47 35 48 57 61 46 33 66 38 72 
79 23 29 14 59 17 71 75 35 1 43 57 3 51 76 46 40 38 33 15 60 50 18 80 7 73 16 63 11 69 42 72 56 2 25 45 21 61 41 37 27 70 10 12 28 20 22 65 66 30 77 78 32 68 19 58 5 55 36 9 24 44 39 74 34 4 64 52 13 67 48 53 81 49 6 8 47 26 62 31 54 
30 36 11 4 64 50 56 57 34 24 72 22 14 70 19 2 42 80 47 65 51 23 13 1 44 74 5 62 54 43 35 28 29 79 16 32 52 77 68 40 81 20 49 71 46 67 39 45 61 33 76 9 60 6 78 69 38 26 21 48 17 7 3 59 66 18 15 10 41 63 8 31 58 53 73 37 12 75 25 27 55 
################proper############## 

 average_time = 49.656615 

 success runs = 1 

 total average iters = 700356.000000 
