Success!!! 
 
 max_col = 
 81 
 
 run_time = 
 184.809196 
 
 once iters = 
 2708254 
 
59 16 60 2 50 81 14 18 44 17 51 4 78 45 62 49 30 39 69 33 11 77 64 65 32 46 57 63 1 76 54 22 53 26 52 75 43 67 70 74 5 37 41 25 42 72 8 58 28 31 23 40 27 71 15 66 13 10 47 3 12 48 36 56 29 38 9 24 35 55 80 61 19 6 21 7 73 34 20 79 68 
64 17 29 43 45 12 72 20 28 46 23 74 33 25 18 55 44 60 26 81 31 58 14 19 41 61 22 30 24 40 56 11 38 2 34 70 80 10 15 3 51 71 47 21 52 79 9 78 76 77 7 67 42 36 16 54 5 59 35 63 6 49 68 50 65 73 57 37 62 32 4 75 66 8 69 27 1 39 13 48 53 
11 1 42 10 49 46 80 32 37 68 59 73 20 3 5 19 31 47 43 74 53 21 72 70 7 12 52 28 64 48 36 57 29 14 45 27 4 50 78 9 33 6 62 38 40 44 75 56 55 15 35 66 54 24 22 61 30 34 77 2 23 71 39 79 58 69 63 17 16 13 8 26 67 65 60 51 41 81 25 76 18 
5 21 74 23 19 25 31 66 4 64 72 69 11 1 81 24 70 12 71 29 56 47 68 27 37 13 36 6 44 62 79 77 8 65 73 58 55 32 2 17 20 59 63 39 49 26 34 30 45 48 43 61 16 50 41 78 53 42 33 40 57 67 75 3 51 18 60 7 10 76 22 15 28 14 9 38 52 80 54 46 35 
26 78 35 67 7 79 65 58 36 41 63 8 77 61 52 28 21 50 55 75 16 73 15 45 49 42 20 5 33 51 13 39 12 9 43 80 57 81 11 66 60 19 27 72 22 32 3 17 2 70 53 25 62 47 14 1 69 38 76 31 29 18 74 34 6 40 64 44 46 68 48 54 59 10 23 4 71 37 30 24 56 
48 55 61 52 76 27 77 57 71 35 67 2 13 75 14 29 15 36 54 6 38 10 34 5 8 28 59 25 32 69 81 17 42 78 66 4 18 56 53 46 73 31 65 58 68 63 21 64 37 39 41 74 22 60 80 51 79 24 7 72 9 26 62 45 30 20 1 23 70 11 47 19 3 12 33 49 40 43 44 16 50 
56 15 6 38 51 8 63 47 13 34 37 27 48 7 9 26 65 80 39 2 62 18 40 24 60 76 4 10 71 61 3 74 67 55 31 50 69 54 36 28 79 35 30 16 23 29 68 11 81 14 49 1 59 73 58 21 20 32 19 44 64 25 46 52 66 33 41 43 12 53 78 77 5 45 17 57 75 22 72 70 42 
41 53 73 33 54 68 70 39 69 22 32 16 79 76 66 58 40 6 48 44 3 63 9 35 30 80 67 15 19 7 46 59 49 21 23 72 24 1 13 29 34 61 45 75 64 38 4 18 57 10 12 51 20 65 56 60 17 37 81 52 43 50 8 27 42 31 71 28 14 5 36 25 26 78 2 11 77 47 62 74 55 
75 34 22 24 30 9 40 62 3 53 57 10 42 71 54 38 43 56 50 78 51 66 23 17 25 1 79 16 18 35 41 68 60 37 20 47 8 7 77 26 44 76 12 14 48 6 19 5 52 33 80 46 13 69 11 4 28 27 55 70 65 73 45 49 81 59 67 72 39 21 74 2 64 58 36 61 63 29 15 31 32 
20 44 33 29 40 72 75 19 63 49 66 81 21 5 79 3 45 11 73 38 46 6 52 28 68 62 9 24 43 55 50 48 76 12 14 23 15 2 80 71 10 70 51 22 60 7 64 57 61 54 77 4 26 59 67 41 36 39 56 30 17 58 37 1 32 8 25 27 42 16 31 18 74 47 53 35 13 78 65 69 34 
69 36 79 71 24 76 60 51 47 39 33 18 25 12 53 6 41 74 61 56 40 49 3 10 11 27 26 54 77 32 35 42 31 67 2 59 75 20 14 21 8 62 34 30 13 68 65 16 17 58 66 23 70 37 55 48 78 57 1 38 81 44 29 7 15 80 28 5 72 45 43 73 9 19 64 63 4 50 46 52 22 
13 39 32 61 48 45 42 70 68 47 16 58 52 57 30 8 4 9 77 43 79 23 75 67 55 21 78 26 17 15 64 19 41 22 5 81 74 28 50 69 37 12 3 27 31 14 56 36 29 76 62 53 34 35 66 2 10 72 59 7 33 11 25 20 44 60 46 63 54 65 24 49 71 51 80 40 18 1 6 38 73 
38 81 27 16 3 52 74 50 53 65 62 63 15 55 24 23 14 69 29 42 22 80 18 7 2 20 48 72 58 71 45 66 4 39 47 57 56 36 46 11 54 67 49 6 78 10 28 1 31 51 44 8 19 25 40 32 12 77 13 64 21 60 73 70 35 26 37 33 34 17 9 76 43 68 61 41 79 75 5 59 30 
12 77 80 66 5 31 73 56 18 60 29 44 76 68 61 22 59 42 72 15 64 33 65 36 81 54 24 70 37 27 1 63 10 69 51 74 38 4 39 47 25 55 48 52 57 30 43 13 32 79 78 2 46 41 9 49 34 8 28 23 50 35 26 40 21 19 75 53 71 6 14 3 62 7 58 45 20 17 11 67 16 
54 49 43 65 17 78 6 23 55 26 1 28 36 38 72 34 7 27 12 37 41 50 45 14 63 5 31 53 25 9 68 80 79 60 13 8 44 73 61 58 19 18 64 59 35 40 71 20 22 75 67 21 11 42 46 24 70 62 3 16 15 74 76 69 47 52 39 51 30 66 81 4 57 2 10 48 32 77 33 56 29 
1 35 15 37 9 11 62 14 21 13 54 56 17 43 46 32 2 77 34 8 44 60 71 57 69 58 66 7 52 29 20 78 73 61 18 30 53 26 79 40 16 24 33 41 45 74 80 27 49 3 47 6 39 72 4 5 75 65 22 19 42 63 51 64 67 50 55 59 38 48 10 68 12 31 70 76 36 23 28 81 25 
46 7 34 28 2 59 57 10 30 40 71 20 67 70 78 64 80 75 4 51 25 13 19 39 35 53 17 11 36 38 21 56 16 33 3 65 66 76 32 63 1 72 9 5 29 18 73 15 48 52 69 55 50 81 79 6 68 47 14 43 54 45 31 62 22 77 12 58 74 61 41 23 49 42 26 44 27 60 24 37 8 
22 4 26 25 64 41 58 8 67 48 73 35 31 50 51 37 10 19 76 32 30 1 16 59 70 74 47 34 40 75 28 46 62 49 6 44 17 42 68 23 77 7 43 65 81 9 60 63 12 5 33 24 45 38 20 71 27 53 80 69 18 61 52 13 78 2 79 56 29 36 57 11 55 3 72 15 21 66 14 39 54 
76 45 8 44 34 32 33 72 61 3 55 36 69 11 64 52 79 81 63 49 47 42 56 6 10 50 68 58 48 26 40 4 7 54 53 12 20 51 60 57 59 17 66 31 73 39 14 23 65 25 38 77 78 67 71 15 1 21 74 62 5 37 41 28 18 27 29 19 2 30 13 35 70 43 22 75 9 24 16 80 46 
19 12 41 62 16 13 10 11 38 44 53 50 23 31 73 71 60 46 9 35 66 39 78 75 80 59 69 49 45 42 17 33 24 3 28 79 26 74 81 6 68 25 56 76 1 2 52 47 21 37 63 34 30 40 27 22 77 58 29 36 4 70 61 55 48 15 65 64 5 67 7 43 18 32 51 20 14 54 8 57 72 
7 57 46 55 56 35 79 1 39 66 25 9 62 51 33 45 27 48 17 64 14 53 77 20 23 4 70 60 72 30 29 5 71 52 76 67 58 21 10 44 47 54 16 13 75 36 12 8 42 22 50 18 43 19 24 73 65 31 2 59 40 80 34 74 37 32 68 49 11 63 3 69 61 15 81 6 78 41 38 26 28 
36 70 25 5 23 74 78 48 20 75 76 54 37 24 17 68 26 21 81 61 65 45 28 2 67 44 41 55 22 39 47 9 1 38 32 14 40 52 3 18 27 29 15 34 63 69 46 31 53 35 11 7 51 64 60 33 43 6 42 8 79 56 30 57 72 66 10 77 80 71 59 16 4 73 62 50 12 13 19 58 49 
31 47 54 49 60 64 21 73 75 57 39 30 43 35 59 65 13 8 24 76 48 19 36 15 58 71 55 81 69 50 80 18 56 74 77 16 61 11 12 5 42 4 22 67 2 1 32 62 6 44 70 79 28 10 72 46 14 51 68 9 38 17 63 26 25 34 23 20 41 52 45 78 33 66 40 29 37 53 3 7 27 
53 2 30 81 29 14 68 69 42 67 80 32 28 4 20 15 56 22 18 5 43 26 12 79 1 34 74 61 66 37 19 10 64 27 65 63 45 41 35 62 23 46 38 49 71 73 24 33 75 9 59 57 72 16 3 39 48 7 54 50 78 47 13 8 31 58 36 70 40 51 6 44 60 21 52 25 76 11 17 55 77 
58 65 59 9 26 71 3 37 43 19 41 70 6 16 12 40 42 5 27 54 13 51 7 72 38 32 60 31 2 21 34 73 25 44 68 78 50 8 28 48 24 77 55 33 36 20 61 80 15 17 76 49 29 74 52 69 66 11 57 18 10 75 53 4 14 1 22 46 81 56 39 62 63 67 35 23 64 30 79 47 45 
24 18 67 50 77 15 27 80 40 1 7 29 63 72 58 10 61 38 16 52 57 62 73 22 33 30 3 20 51 13 6 8 36 35 11 46 78 70 37 65 9 43 14 53 69 4 81 68 66 56 71 48 41 45 26 23 55 28 25 32 49 19 64 17 54 12 47 76 60 75 21 79 34 74 44 39 5 42 59 2 31 
63 28 51 6 52 4 66 17 22 77 14 47 74 18 49 2 78 34 21 11 37 31 25 8 29 40 46 57 62 23 15 41 75 59 70 43 39 79 30 72 80 32 7 64 19 3 26 55 54 13 60 27 5 58 44 35 45 12 16 67 20 76 81 61 33 42 53 73 9 24 38 50 68 71 48 69 65 36 56 10 1 
67 80 14 60 10 1 28 46 16 71 11 64 56 6 74 53 23 2 59 3 33 81 21 69 43 79 76 18 54 57 63 37 66 47 7 55 27 62 8 20 4 45 50 12 9 48 78 22 36 26 39 35 52 13 49 29 25 73 41 34 70 15 77 72 5 75 31 30 68 38 40 17 65 61 32 58 42 44 51 19 24 
45 30 69 12 43 24 55 29 2 28 77 52 14 13 4 67 48 17 19 20 9 5 61 53 65 78 18 1 76 36 75 51 81 64 62 68 31 3 74 79 49 39 11 15 25 70 72 42 7 34 58 56 63 23 54 26 57 40 8 33 44 32 60 37 73 71 16 21 66 27 50 10 80 46 41 22 38 6 47 35 59 
77 26 40 54 70 36 8 9 32 81 79 68 38 66 47 50 55 73 75 60 10 7 11 56 28 57 62 48 46 5 58 67 52 20 35 2 76 24 1 34 17 53 13 19 61 12 6 51 41 74 37 59 15 18 42 3 63 23 69 65 22 27 4 14 39 78 44 80 43 33 25 45 30 64 31 16 72 49 29 71 21 
71 74 20 21 53 44 18 4 56 62 46 42 19 39 45 7 69 3 41 68 23 64 6 31 50 49 32 27 80 28 11 61 59 30 25 15 33 43 26 77 22 78 52 37 70 65 10 60 79 47 16 54 66 76 12 17 38 35 24 75 13 72 2 29 55 48 34 9 51 8 58 57 1 40 14 36 67 5 73 63 81 
37 62 23 35 47 5 22 65 76 10 31 43 49 78 34 61 8 30 67 72 55 44 80 74 24 15 73 42 12 53 71 40 33 6 41 45 54 59 64 68 81 2 57 48 66 17 38 32 14 28 29 75 1 27 39 79 16 9 58 46 51 21 50 19 69 63 56 18 77 4 11 36 52 13 20 26 25 7 60 3 70 
72 48 17 7 41 58 15 81 79 24 12 37 16 20 70 75 76 51 14 71 34 4 39 42 66 29 38 8 49 3 22 65 13 77 19 32 67 55 21 80 63 56 40 44 18 31 11 25 46 69 2 45 73 57 30 47 52 64 36 10 28 1 5 59 61 35 62 54 53 26 60 6 78 23 43 74 50 68 27 33 9 
66 51 13 57 6 38 61 63 33 29 27 5 59 60 80 72 36 25 35 58 70 16 54 1 45 8 12 9 31 74 44 26 23 17 79 21 65 69 47 73 75 30 42 10 41 24 77 81 64 40 55 50 71 3 76 14 18 68 78 48 19 43 20 46 28 67 2 22 32 49 52 7 15 4 39 37 56 62 34 53 11 
25 31 49 11 39 73 34 42 52 54 65 40 35 44 41 21 9 1 30 17 77 27 51 46 26 22 63 69 14 78 16 70 43 50 4 60 32 58 29 36 6 38 28 23 72 19 20 61 62 8 5 33 53 68 45 67 37 56 71 66 7 59 80 81 24 13 74 47 3 79 15 64 48 57 12 55 10 2 18 75 76 
27 68 75 78 59 19 50 3 64 32 58 26 57 15 63 18 22 33 47 25 52 37 13 40 36 48 2 56 34 24 73 72 39 29 38 10 7 5 16 14 71 60 46 35 51 43 44 49 67 30 4 80 9 21 81 74 11 55 62 61 53 31 6 12 23 65 70 41 1 42 76 20 77 79 54 8 66 69 45 28 17 
6 54 10 59 27 69 1 35 25 45 81 14 73 56 43 63 28 58 38 67 78 70 32 61 31 39 64 3 7 19 53 29 18 66 15 17 34 22 5 41 11 75 24 50 46 42 62 71 26 20 65 13 49 30 48 44 76 80 12 37 68 40 9 2 36 74 51 55 21 57 33 52 72 77 8 60 16 79 4 23 47 
79 38 12 42 32 39 30 22 41 8 10 25 66 48 15 69 67 71 28 40 7 54 2 47 27 68 14 50 57 44 4 31 26 46 72 77 35 23 55 70 62 33 74 80 53 21 63 76 73 11 1 78 6 52 64 59 49 5 51 81 3 29 24 16 9 56 45 60 19 43 75 65 13 36 18 34 61 20 58 17 37 
2 40 48 45 62 56 51 13 31 5 35 19 1 22 57 70 53 72 58 79 60 20 4 11 17 3 30 43 16 12 14 75 9 36 63 39 68 77 66 37 67 15 76 29 26 8 47 10 23 46 24 32 69 54 18 34 41 61 52 74 25 55 27 78 59 49 81 71 6 44 42 38 7 33 28 64 80 73 21 50 65 
55 43 68 46 73 23 53 78 19 74 50 39 12 62 36 30 37 61 13 24 71 69 76 49 75 45 6 2 65 20 5 81 32 58 48 64 42 40 63 16 7 52 72 28 79 57 70 29 44 59 18 22 80 15 1 77 26 66 21 60 35 33 14 10 34 25 4 8 27 47 17 31 56 41 67 54 11 3 9 51 38 
14 11 16 76 36 37 52 67 77 80 34 31 65 47 13 42 49 41 1 9 81 22 10 62 44 72 50 38 74 73 30 21 40 68 33 6 19 78 18 12 56 3 71 60 59 51 5 4 43 61 27 17 64 75 70 58 15 69 46 53 8 20 28 35 26 23 7 66 79 39 54 63 2 25 55 24 45 32 48 29 57 
18 20 50 3 72 63 44 60 81 27 9 55 7 33 6 79 75 76 42 23 36 8 46 16 51 77 15 59 13 34 24 28 37 10 78 69 14 17 58 49 57 64 21 54 4 25 48 45 38 2 74 39 35 56 43 11 73 19 30 47 71 65 22 32 41 53 5 61 67 80 29 1 31 52 66 68 26 40 70 12 62 
29 58 9 80 33 65 17 28 49 21 78 11 64 2 32 16 77 4 53 66 35 12 37 26 18 25 5 45 8 22 52 54 61 62 56 41 36 13 38 1 43 44 31 51 47 34 50 3 60 55 79 19 68 14 7 75 72 67 6 42 63 57 23 73 20 70 69 48 24 15 46 40 39 81 27 10 59 74 76 30 71 
70 66 47 75 74 34 24 61 15 20 38 51 18 29 26 59 52 68 33 80 63 41 57 55 48 73 21 23 35 1 60 76 11 42 27 71 9 30 45 25 32 81 2 8 65 37 40 7 16 36 28 31 67 53 17 10 54 79 4 78 39 13 56 58 64 62 77 50 22 3 72 12 69 49 46 5 44 14 43 6 19 
8 5 7 4 21 26 71 64 57 23 40 3 54 46 60 44 17 24 52 34 19 74 43 29 59 65 56 51 67 79 25 55 47 70 80 49 73 39 69 27 48 20 6 61 10 66 33 41 58 72 9 81 12 77 62 38 31 16 50 45 2 36 32 30 11 68 76 14 28 18 37 13 22 63 75 42 53 35 1 78 15 
32 9 19 36 20 21 76 71 17 52 18 33 80 63 37 51 62 78 44 65 54 3 42 12 15 38 23 74 79 58 31 47 57 41 8 34 25 35 4 60 13 28 81 24 67 61 30 50 39 27 6 11 55 70 10 53 22 14 26 68 69 46 66 75 1 29 40 16 64 72 5 48 73 56 49 59 7 45 77 43 2 
3 13 66 41 22 10 23 24 14 43 70 45 58 17 21 77 20 7 79 36 28 52 74 25 53 6 75 39 59 49 62 38 50 81 30 9 16 63 71 33 2 68 61 11 56 60 67 37 1 78 64 73 40 12 65 42 29 76 15 4 27 54 18 31 8 51 80 26 55 46 35 47 44 5 57 19 34 72 69 32 48 
4 72 56 63 61 16 37 40 74 30 6 38 39 14 76 11 1 54 7 41 69 59 29 73 5 35 10 46 28 60 78 25 48 15 22 42 49 64 20 19 58 26 80 47 32 45 51 75 18 65 17 68 3 8 50 9 81 2 67 55 31 77 43 21 53 44 66 57 33 62 12 34 24 27 79 71 70 52 36 13 23 
30 50 65 70 58 80 11 27 73 69 5 79 26 41 75 9 46 31 78 18 1 67 20 4 61 47 40 71 68 66 77 24 54 45 55 3 23 72 34 8 29 36 37 43 74 53 35 38 19 62 14 28 10 7 63 57 56 52 32 21 48 64 44 42 60 39 59 81 13 2 49 22 51 76 25 17 6 16 12 15 33 
42 25 18 8 31 75 43 38 51 4 49 72 71 74 22 56 19 10 2 27 17 32 60 77 34 9 45 40 11 70 7 64 5 53 21 13 52 12 62 39 55 65 44 46 6 80 76 69 63 81 57 16 48 26 36 28 59 1 73 79 41 3 33 67 50 14 24 15 78 54 23 58 20 29 37 30 47 61 35 68 66 
28 6 1 26 44 55 35 33 59 73 48 61 47 53 67 27 12 15 66 13 39 71 22 64 57 14 58 76 29 56 69 32 65 43 16 36 41 45 75 10 3 50 54 70 38 52 2 21 77 4 20 5 23 34 74 72 80 49 40 24 11 51 19 25 79 9 17 68 7 37 63 30 46 18 42 31 81 8 78 62 60 
68 60 81 15 12 57 5 52 54 16 42 23 55 65 2 13 64 29 80 26 76 56 63 43 19 70 11 35 75 18 51 1 14 72 37 61 30 31 48 7 66 40 79 78 77 33 49 59 9 24 46 44 47 22 34 62 8 25 20 6 45 39 17 71 27 3 73 36 69 41 32 28 10 50 38 21 58 67 53 4 74 
62 46 45 34 78 29 2 77 48 59 36 66 50 28 68 35 81 44 49 16 24 55 8 30 21 31 33 17 27 80 26 52 19 63 67 73 22 57 51 76 53 14 5 69 15 13 79 43 72 71 25 42 56 32 61 37 7 60 70 12 47 23 58 38 4 11 18 6 20 10 65 74 75 39 1 3 54 64 40 9 41 
47 64 53 39 69 49 67 79 7 25 8 60 24 34 3 57 32 40 68 46 50 48 62 51 72 37 81 44 10 4 2 20 6 23 12 33 59 27 9 42 18 21 73 1 17 54 31 66 74 41 36 15 58 29 38 30 71 13 5 35 75 78 16 76 70 43 19 45 52 77 61 56 14 55 65 28 22 63 80 11 26 
39 73 78 31 35 60 69 74 10 42 61 24 68 19 56 1 16 18 8 59 21 25 47 48 12 43 51 79 41 46 66 27 77 57 54 76 13 53 7 32 50 63 29 81 28 49 45 2 70 67 26 72 65 55 6 64 3 44 23 58 80 5 71 11 17 30 33 40 75 22 20 14 38 37 15 9 62 4 52 34 36 
43 42 3 56 18 20 45 36 27 6 74 65 10 81 25 73 39 28 40 14 58 75 38 50 13 60 1 33 15 72 32 7 63 11 61 62 64 46 59 30 69 16 4 2 37 35 66 24 68 23 22 41 21 51 31 19 9 17 34 57 55 12 70 5 52 76 26 67 47 78 77 8 53 44 29 80 49 48 71 54 79 
57 71 72 40 11 33 49 44 62 79 52 13 41 8 35 14 5 63 22 39 2 34 69 18 46 67 7 47 4 59 23 58 74 24 75 28 70 61 65 78 76 10 25 73 55 64 53 48 3 38 31 60 17 6 32 20 42 26 43 15 37 16 21 36 80 45 54 29 56 1 19 9 50 30 77 12 68 27 81 66 51 
61 52 2 14 46 30 32 34 65 38 15 78 4 21 27 80 71 59 3 55 72 76 31 41 20 64 16 36 81 17 70 6 35 19 49 1 79 9 44 56 26 66 23 62 43 77 18 12 8 29 42 37 25 5 51 68 33 45 48 54 73 69 11 24 7 10 13 74 50 60 53 39 40 28 47 67 57 58 75 22 63 
17 63 5 1 28 50 9 25 23 37 75 57 60 32 44 20 58 70 56 45 15 65 66 54 6 24 29 14 39 64 42 53 69 16 26 52 71 68 49 38 21 27 77 36 12 78 59 19 13 73 30 76 74 80 47 40 67 22 61 41 46 79 10 51 62 4 3 34 48 31 18 81 35 11 7 72 55 33 2 8 43 
81 37 38 68 13 7 12 15 58 76 69 48 3 64 50 46 72 43 10 77 49 61 27 80 4 11 28 65 9 67 55 2 34 51 60 29 5 18 31 54 45 22 35 17 8 75 57 39 47 1 40 36 32 33 53 52 62 74 63 25 56 30 59 44 16 41 21 79 73 70 71 66 42 24 6 78 19 26 23 20 14 
80 29 24 77 66 6 47 41 8 12 2 22 53 26 40 17 11 55 32 19 5 9 70 71 52 36 44 13 73 68 48 30 3 56 50 25 51 75 42 67 14 74 60 57 33 62 58 54 34 63 10 20 79 43 35 76 4 81 72 28 1 7 78 15 49 46 27 38 59 23 64 37 45 69 16 18 31 21 39 65 61 
16 75 76 19 4 22 59 55 26 36 47 49 51 9 77 66 54 67 23 53 42 30 79 33 62 63 37 21 78 45 38 12 80 40 71 31 1 48 41 15 52 34 20 3 58 46 69 44 27 7 81 14 61 11 29 50 2 18 39 13 24 8 65 43 57 6 35 32 25 28 68 72 17 70 56 73 60 10 74 5 64 
51 67 64 53 79 48 54 21 70 33 45 7 29 30 23 31 34 62 57 73 74 17 26 68 78 81 35 37 20 8 10 43 22 18 44 5 11 47 6 24 72 80 19 40 39 50 15 52 71 16 56 9 4 28 75 27 60 36 66 14 77 38 49 65 2 55 61 12 63 58 69 42 76 1 13 32 46 59 41 25 3 
73 10 28 20 67 17 25 53 24 70 3 46 27 59 8 4 29 14 45 12 68 79 5 21 56 75 49 32 55 41 33 69 15 71 9 11 62 34 57 81 31 58 39 77 16 47 1 74 78 6 19 63 60 48 13 80 61 43 38 26 72 42 40 18 76 22 52 35 37 64 30 51 23 54 50 66 2 65 7 36 44 
9 61 57 30 63 2 81 49 72 15 19 75 45 52 16 41 73 64 36 7 20 11 24 78 39 23 65 29 42 47 59 44 51 5 46 37 3 33 54 43 12 69 1 74 21 27 13 28 4 68 32 10 18 17 77 8 50 71 53 22 67 62 35 66 56 79 38 25 31 40 55 60 58 80 34 70 48 76 26 14 6 
74 59 36 58 37 18 7 76 66 56 60 34 61 10 1 43 47 20 70 63 67 46 48 3 22 2 80 75 6 16 12 45 28 13 40 54 29 14 27 64 38 23 53 55 24 41 25 73 51 49 72 62 33 31 21 81 44 4 17 5 52 9 69 68 71 57 50 78 65 19 26 32 8 35 11 79 30 15 42 77 39 
65 3 62 27 8 43 19 12 35 2 28 76 32 79 31 33 63 66 64 1 18 29 50 44 16 55 54 22 23 52 72 34 30 80 24 56 46 60 73 4 78 51 75 42 20 15 7 77 59 53 45 26 14 61 25 36 47 41 37 49 58 68 48 39 74 21 6 11 17 9 70 5 81 38 71 13 69 57 67 40 10 
78 23 77 32 15 54 13 6 34 18 22 71 30 80 69 5 68 49 51 31 4 57 59 52 40 33 42 67 60 81 65 79 27 8 17 26 47 66 25 45 36 48 10 63 50 16 55 9 35 43 21 38 44 39 2 70 64 3 11 1 76 14 7 41 12 24 20 62 58 73 28 53 29 72 19 56 74 46 37 61 75 
33 56 71 51 14 70 16 75 1 50 21 77 40 58 65 48 25 37 62 30 32 15 81 38 74 17 27 73 63 43 39 36 68 4 10 53 2 44 76 35 61 41 8 26 11 5 42 67 24 80 54 69 57 66 19 31 46 78 79 20 60 6 55 23 3 7 72 13 49 29 34 59 47 22 45 52 28 9 64 18 12 
50 69 44 79 38 40 4 31 80 7 24 53 72 67 42 62 51 57 25 47 8 35 41 9 71 26 77 64 70 14 18 3 20 48 58 19 28 6 56 22 65 13 68 32 30 23 37 46 11 12 34 52 76 2 73 16 39 33 45 29 74 66 54 63 75 36 15 10 61 81 1 27 21 59 5 43 17 55 49 60 78 
60 22 52 64 55 42 46 5 11 78 26 6 44 54 39 81 35 13 37 28 61 43 53 76 73 69 34 66 38 25 57 62 21 31 74 7 72 49 19 59 70 9 17 71 80 58 29 40 30 50 8 65 36 79 23 18 24 15 75 56 32 10 12 77 45 47 48 2 4 14 67 33 27 16 68 1 3 51 63 41 20 
21 41 39 48 68 47 26 45 29 55 17 12 9 36 11 74 38 23 60 10 6 72 58 66 14 19 13 77 50 2 61 49 78 76 1 35 37 15 67 52 40 5 18 79 7 71 22 70 56 64 75 3 81 20 28 63 51 30 65 27 59 34 57 80 43 54 8 42 44 69 16 46 32 62 24 53 33 25 31 73 4 
23 27 37 47 81 66 41 68 9 14 43 80 46 73 10 12 24 79 20 69 29 36 67 13 54 51 8 78 26 11 74 35 2 7 57 38 77 16 40 61 64 42 32 4 5 56 39 34 33 60 3 70 31 49 59 55 6 48 18 17 62 52 72 53 19 28 30 1 76 50 44 21 25 75 63 65 15 71 22 45 58 
15 79 70 17 80 67 36 59 78 63 64 62 5 27 7 47 74 65 31 48 26 24 49 34 9 56 39 19 3 6 76 14 55 1 29 51 21 38 72 75 46 73 58 66 54 28 23 53 50 57 68 71 37 4 69 25 35 20 10 77 61 81 42 22 40 16 43 52 45 12 2 41 11 60 30 33 8 18 32 44 13 
35 8 31 74 57 62 56 26 6 58 20 15 70 40 38 36 66 52 5 4 75 68 1 81 3 16 19 41 61 63 37 71 72 25 42 18 60 80 43 53 39 47 59 7 14 22 17 79 10 21 51 12 2 44 33 45 32 46 27 76 30 24 67 48 13 64 11 65 23 34 73 55 54 9 78 77 29 28 50 49 69 
49 14 4 22 1 53 64 54 45 51 44 59 34 42 19 60 33 32 46 50 80 40 17 63 76 10 25 12 47 65 8 15 70 28 69 66 48 37 23 55 30 57 67 56 27 11 41 26 5 18 13 29 7 9 68 43 58 75 31 71 16 2 3 6 77 72 78 39 36 74 62 24 79 20 73 81 35 38 61 21 52 
10 33 11 13 71 28 29 2 46 61 56 41 8 69 55 39 57 16 65 62 59 38 30 32 77 52 72 80 21 31 43 60 17 75 36 48 6 19 22 50 35 49 70 68 3 81 27 14 20 45 15 58 24 1 78 7 74 54 44 73 34 53 79 9 63 5 42 4 18 25 51 67 37 26 76 47 23 12 66 64 40 
52 19 55 18 42 77 38 30 12 31 13 21 75 37 48 76 50 53 74 22 27 14 44 58 79 41 43 68 5 33 9 16 45 73 59 40 63 25 24 51 15 1 78 20 34 67 54 35 69 66 61 64 8 62 57 65 23 29 49 11 36 28 47 60 46 81 32 3 26 7 56 71 6 17 4 2 39 70 10 72 80 
34 32 63 73 25 61 39 43 60 72 68 1 2 49 29 78 3 35 6 70 45 28 55 23 42 18 53 4 30 54 67 13 58 79 81 20 10 71 17 31 41 11 69 9 44 76 16 65 40 19 52 47 77 46 5 12 21 50 64 51 26 22 15 33 38 37 14 75 8 59 66 80 36 48 74 62 24 56 57 27 7 
44 24 21 69 65 3 20 16 5 9 30 17 81 23 28 54 6 45 11 57 73 2 33 37 64 7 71 62 53 77 49 50 46 32 39 22 12 29 52 13 74 79 26 18 76 55 36 72 25 42 48 43 75 78 8 56 40 63 60 80 66 4 38 47 10 61 58 31 15 35 27 70 41 34 59 14 51 19 68 1 67 
40 76 58 72 75 51 48 7 50 11 4 67 22 77 71 25 18 26 15 21 12 78 35 60 47 66 61 52 56 10 27 23 44 34 64 24 81 65 33 2 28 8 36 45 62 59 74 6 80 32 73 30 38 63 37 13 19 70 9 39 14 41 1 54 68 17 49 69 57 20 79 29 16 53 3 46 43 31 55 42 5 
################proper############## 

 average_time = 184.809196 

 success runs = 1 

 total average iters = 2708254.000000 
