Success!!! 
 
 max_col = 
 81 
 
 run_time = 
 203.895185 
 
 once iters = 
 3064985 
 
66 75 71 2 45 14 31 18 77 62 51 4 16 17 54 56 27 52 74 39 81 59 49 65 32 46 64 63 1 30 37 78 53 26 69 76 43 67 11 70 41 42 68 25 33 55 7 58 28 23 60 40 5 44 15 21 36 29 50 22 12 48 24 73 57 38 9 13 35 8 80 61 19 6 72 3 34 47 20 79 10 
72 34 42 43 13 12 26 68 58 64 24 69 33 3 61 79 44 59 60 66 31 4 22 19 41 36 14 15 45 28 56 11 73 5 7 70 46 10 29 65 51 71 47 21 27 20 63 74 80 77 8 67 57 9 16 25 81 55 35 52 6 49 75 78 32 18 50 37 48 40 62 17 38 76 2 54 1 39 23 30 53 
81 9 19 73 62 49 80 32 46 68 22 13 53 7 5 39 31 47 43 30 37 12 72 71 57 17 10 60 42 40 18 55 29 25 35 24 4 8 78 36 66 6 74 50 48 61 75 1 52 15 34 64 54 65 14 76 20 38 59 2 23 3 27 79 58 45 63 51 16 21 69 26 67 33 70 28 41 44 56 77 11 
56 21 51 25 28 47 79 24 4 76 72 74 11 1 81 34 70 12 23 29 7 35 68 27 6 38 52 19 44 62 9 20 8 65 46 13 58 32 77 55 75 73 14 54 49 26 69 30 45 48 43 36 16 31 17 10 53 42 33 40 57 67 63 3 22 39 60 5 71 59 2 41 15 50 37 61 66 18 78 80 64 
1 29 23 67 52 44 65 60 36 35 49 8 77 30 14 28 42 50 61 53 75 20 15 40 26 78 79 58 31 51 38 39 12 34 17 80 63 57 2 24 9 19 3 72 22 41 66 18 21 56 47 70 71 10 62 74 69 7 32 37 5 45 11 33 6 76 64 27 46 68 55 54 59 43 48 4 81 73 13 16 25 
48 78 10 50 76 27 16 55 37 2 32 21 9 75 45 29 15 57 54 47 63 56 69 13 73 28 5 4 64 33 79 67 36 74 66 6 18 38 60 35 31 62 81 61 53 22 25 17 11 39 42 3 59 68 80 51 1 41 77 72 70 26 46 65 30 14 34 23 43 20 44 19 8 12 52 49 40 71 58 24 7 
74 61 6 38 63 8 70 39 20 71 40 25 36 26 48 41 10 67 33 9 62 77 76 24 45 55 2 75 72 3 43 59 54 47 49 50 69 30 80 17 7 34 15 16 23 29 46 37 4 14 27 79 35 73 58 28 78 13 19 44 64 18 68 52 66 31 12 1 11 56 53 81 5 21 65 57 32 22 51 60 42 
41 15 17 33 54 53 30 5 69 6 23 65 63 18 66 58 37 19 48 80 3 70 42 44 50 11 67 22 57 52 16 68 10 21 14 27 79 1 39 13 59 20 45 40 64 38 81 78 32 51 12 2 72 76 56 60 71 47 73 61 43 34 8 29 4 7 77 28 75 49 24 25 26 46 31 36 9 35 62 74 55 
35 59 22 57 11 7 40 64 3 46 55 20 60 73 80 38 43 78 58 21 51 8 34 18 25 1 16 81 71 41 32 23 48 2 77 61 28 56 52 26 44 76 12 5 37 6 19 24 33 62 50 49 13 53 31 4 30 79 54 39 65 66 9 47 10 15 67 70 72 42 74 36 69 45 14 63 17 75 68 29 27 
58 44 33 29 19 67 73 40 63 50 65 81 78 70 79 3 64 27 55 52 49 80 13 28 68 57 9 77 2 11 14 42 76 56 54 38 24 23 10 45 20 1 32 22 60 51 21 46 61 59 6 4 26 18 34 41 7 39 62 30 17 25 71 66 48 8 37 43 36 12 31 5 74 47 69 35 53 15 72 75 16 
3 38 56 30 17 9 15 51 47 60 33 18 25 76 44 6 41 54 62 10 40 29 61 74 11 42 58 39 43 32 35 79 31 72 12 21 75 4 36 5 71 59 34 55 13 66 78 63 27 16 14 23 70 37 77 48 68 57 45 67 81 69 53 7 26 80 28 24 65 2 20 73 64 19 1 8 49 50 46 52 22 
2 39 32 66 61 45 42 70 7 30 16 9 52 57 63 8 4 22 77 72 24 23 48 67 79 21 78 10 17 15 20 26 41 60 27 81 6 28 50 69 46 12 31 74 14 35 5 36 68 76 75 53 34 58 43 47 38 37 80 1 29 11 33 64 55 62 59 44 56 3 19 49 71 51 18 40 13 65 25 54 73 
28 25 4 6 57 52 74 65 78 72 62 36 15 2 53 69 20 48 37 76 22 32 27 51 39 47 50 61 58 71 45 66 75 40 64 29 81 7 21 11 26 56 49 3 80 1 79 9 24 67 44 77 19 43 60 54 8 12 10 16 55 46 73 70 35 42 18 14 34 17 23 13 30 68 33 31 63 41 5 59 38 
12 16 77 71 79 76 46 80 18 45 29 34 68 5 23 14 13 42 38 73 64 7 65 66 81 43 59 70 36 49 1 24 55 69 51 74 44 19 63 67 25 72 37 52 2 30 50 54 8 33 10 32 31 41 21 56 27 22 28 3 9 35 26 40 15 47 75 53 39 60 6 57 62 4 61 48 20 17 11 58 78 
13 48 43 36 37 68 21 49 23 26 1 28 55 38 32 59 7 17 12 5 41 60 46 14 15 75 31 78 19 9 4 80 47 50 67 8 62 73 51 58 61 18 64 53 35 65 71 20 22 3 39 25 11 42 24 44 70 63 40 66 52 74 76 69 72 54 16 33 30 81 79 29 77 2 10 45 27 34 6 56 57 
27 35 11 22 55 31 62 14 50 66 47 56 61 43 46 24 39 77 19 44 34 6 71 45 20 3 26 7 37 18 63 73 23 59 53 30 78 54 79 40 16 41 33 8 57 74 60 48 49 52 17 69 64 72 4 5 75 65 15 13 42 2 51 21 67 25 1 10 38 9 58 68 12 70 29 76 80 28 32 81 36 
53 20 34 1 64 59 24 72 8 49 71 40 67 21 10 74 80 75 35 25 17 33 18 69 2 54 4 52 5 68 57 22 16 13 3 65 66 39 70 38 48 27 9 30 29 62 73 15 47 28 56 55 81 12 36 6 19 58 14 32 78 50 31 11 51 77 46 63 45 61 41 76 43 42 26 44 23 60 7 37 79 
54 69 26 75 5 41 60 10 81 51 73 35 31 58 12 37 19 11 63 36 30 1 16 8 70 53 56 34 25 48 28 46 62 33 6 44 17 42 68 43 77 15 76 65 47 7 40 80 57 38 45 13 2 29 20 49 64 59 18 23 79 61 72 22 78 52 32 74 27 50 71 4 55 3 66 67 21 9 14 39 24 
63 45 8 44 34 65 55 75 28 36 42 52 69 10 64 53 22 81 71 49 35 21 58 6 77 50 12 2 48 26 15 62 4 73 59 60 14 18 20 57 72 40 66 31 32 39 3 23 41 79 38 56 78 25 46 27 37 17 74 33 67 68 7 61 16 5 29 19 80 76 13 43 51 1 9 30 54 24 70 11 47 
19 12 25 4 16 13 10 33 35 44 9 50 57 8 73 71 60 46 59 54 5 27 78 30 80 34 55 11 3 42 17 31 24 61 1 79 39 74 81 6 68 36 56 76 26 2 52 47 67 37 63 15 20 40 45 53 77 66 29 43 38 70 64 28 65 22 21 69 51 23 49 58 18 32 41 62 14 48 75 7 72 
77 57 46 41 7 79 72 1 61 55 54 58 66 51 18 45 12 62 17 13 14 15 64 20 23 4 70 29 39 25 36 44 63 52 76 67 60 11 42 71 21 30 53 47 69 34 22 8 10 32 74 16 43 19 26 75 65 49 24 59 40 73 80 56 68 48 31 2 9 37 3 35 33 27 81 6 78 5 38 50 28 
80 70 54 5 51 74 59 48 29 33 76 38 28 24 17 68 26 23 18 61 65 66 75 2 56 44 41 55 22 21 47 9 45 12 32 14 37 15 3 27 43 67 25 78 63 69 1 31 53 81 11 35 58 64 72 50 34 62 6 8 71 19 30 57 42 10 20 77 7 52 36 39 4 79 16 60 73 13 40 46 49 
26 47 62 23 18 81 78 42 52 20 11 30 43 35 15 75 40 79 24 45 48 19 36 39 10 7 53 74 69 50 80 38 56 54 5 46 61 77 12 22 65 4 29 59 16 73 70 33 6 44 49 51 27 28 1 13 14 21 60 9 2 76 32 72 25 34 71 17 41 63 64 55 37 66 57 58 68 8 3 67 31 
20 73 30 11 60 32 22 50 68 37 80 67 70 4 21 13 56 65 1 28 43 26 9 3 69 79 74 35 16 81 19 53 64 27 18 7 45 41 33 23 2 46 58 49 34 14 12 71 5 72 59 57 24 75 42 39 48 51 31 36 10 47 54 8 62 66 6 15 40 78 38 44 76 61 17 25 52 29 63 55 77 
36 58 24 9 3 71 2 37 43 59 63 27 6 16 25 31 74 5 51 42 67 68 47 72 38 32 60 41 49 8 33 70 40 66 65 78 35 75 28 48 19 54 55 44 73 45 77 62 13 17 76 21 29 7 52 69 79 11 61 15 22 57 56 50 53 1 14 46 81 4 30 18 39 80 20 23 64 10 12 26 34 
69 14 67 49 40 15 64 27 56 1 41 29 39 72 19 2 61 34 76 16 57 62 73 31 33 52 81 20 51 13 10 37 71 6 68 77 9 70 17 7 24 8 5 38 50 4 80 65 66 36 46 48 42 30 3 23 55 28 25 18 63 58 78 32 54 12 47 26 60 75 11 79 22 74 43 53 35 21 59 45 44 
31 76 38 21 39 6 66 17 53 77 48 47 3 14 49 7 78 32 8 11 29 22 25 37 63 40 46 57 30 23 58 28 72 75 34 43 10 13 64 52 62 80 79 1 51 50 26 55 54 60 68 18 9 61 44 12 4 35 16 41 20 5 81 27 33 74 45 73 70 24 59 67 42 71 19 15 65 36 69 2 56 
67 55 75 60 47 1 54 11 16 53 66 64 37 6 74 61 23 2 44 3 25 81 21 62 78 80 63 42 26 57 68 72 70 35 56 58 27 17 8 20 4 45 46 51 76 48 10 43 36 7 40 22 52 13 49 29 12 19 41 34 28 39 77 71 59 30 5 9 31 38 73 69 65 15 32 50 24 33 79 14 18 
25 80 69 12 53 24 18 43 2 65 52 26 14 13 4 67 29 30 34 20 9 79 28 7 35 60 61 1 32 36 75 51 74 64 62 15 73 55 48 31 49 39 11 10 5 70 38 41 72 45 58 76 63 23 40 57 33 78 44 50 37 6 3 42 8 17 68 21 54 66 16 77 46 22 56 81 71 27 47 19 59 
8 26 14 52 48 36 57 81 33 41 79 5 80 31 62 50 17 69 75 40 42 10 53 76 72 19 11 54 46 55 21 25 28 67 9 71 12 24 22 34 56 60 61 66 38 18 68 51 37 74 15 59 30 6 13 32 63 43 70 65 47 27 23 4 39 20 44 3 49 58 7 45 2 35 64 16 77 78 29 73 1 
71 40 20 7 41 3 63 29 21 81 57 42 73 39 22 46 45 51 64 68 23 5 33 59 74 16 32 27 10 76 11 61 60 30 4 18 80 43 26 77 1 50 6 37 70 19 8 49 79 47 35 54 55 78 25 24 56 9 58 75 15 17 2 12 34 28 65 72 14 36 52 48 44 69 62 13 38 53 67 31 66 
37 31 35 62 4 5 17 9 30 38 28 48 27 78 11 10 8 72 36 51 55 13 6 58 24 15 47 33 59 53 22 40 77 7 41 12 64 81 44 68 23 2 57 75 65 67 42 66 14 80 29 39 1 34 69 79 73 16 71 46 54 21 61 19 76 63 56 18 32 43 60 50 52 20 74 26 25 49 45 3 70 
32 28 15 72 74 58 45 56 22 24 12 44 34 20 70 33 76 1 73 71 38 14 39 50 66 29 57 48 81 65 49 3 13 8 19 37 67 9 59 21 63 79 62 41 18 77 16 25 46 27 2 17 69 11 30 42 52 64 36 10 4 31 5 75 47 35 55 80 53 26 78 6 40 23 51 7 61 68 54 43 60 
78 66 13 39 6 10 61 38 76 16 77 49 59 60 55 18 75 7 31 43 70 67 56 1 27 8 65 45 79 63 44 29 52 17 80 23 54 69 47 15 40 25 42 19 74 28 32 81 64 73 71 50 12 3 48 14 11 26 53 35 68 72 20 46 24 51 62 41 33 22 57 2 9 36 21 37 5 30 34 4 58 
44 51 49 34 65 73 27 19 70 54 3 68 35 47 56 21 9 25 41 37 77 48 4 46 17 22 18 69 6 78 2 14 43 16 50 66 32 36 30 29 52 58 28 71 72 31 20 61 62 26 5 33 53 24 38 67 74 76 1 60 7 59 45 81 64 13 23 40 10 79 15 11 75 57 39 55 12 42 8 63 80 
42 68 79 77 59 46 50 23 64 43 58 63 40 15 71 19 32 36 30 2 52 45 12 26 54 49 69 24 34 31 73 5 39 38 47 20 7 3 16 14 33 53 13 35 78 44 56 57 65 75 4 9 60 21 81 22 66 8 55 62 51 80 18 1 61 29 70 67 74 27 25 37 48 10 11 72 76 6 41 28 17 
6 54 55 59 27 30 69 35 25 63 5 14 1 56 37 72 79 8 39 67 58 44 40 47 22 61 38 3 7 19 53 57 18 4 31 45 34 21 66 41 11 13 48 64 9 68 62 32 42 20 65 60 28 70 74 2 76 80 12 71 77 23 10 36 50 26 51 49 24 15 33 52 78 16 46 75 29 81 73 17 43 
79 7 48 24 38 75 8 16 74 61 10 45 29 9 77 43 52 3 6 60 12 25 11 57 4 68 73 50 67 44 66 41 26 46 72 35 56 62 55 47 39 33 70 80 31 21 30 14 76 69 1 78 22 54 64 59 49 40 51 81 19 63 28 53 71 27 13 42 2 5 17 65 32 18 23 34 58 20 15 36 37 
76 18 78 20 32 56 12 4 31 80 59 15 17 22 58 70 55 60 2 79 66 65 14 16 71 72 30 43 27 77 61 75 42 36 63 39 8 53 1 37 67 24 7 29 68 23 57 10 51 46 41 19 50 26 54 34 62 73 52 5 48 33 47 74 45 9 25 81 6 44 35 38 3 49 28 64 11 40 21 69 13 
57 43 68 46 73 23 1 2 19 74 50 16 49 34 33 30 36 6 13 81 45 69 7 55 75 27 8 25 65 20 5 56 32 58 48 64 42 76 71 51 54 52 63 28 61 17 31 29 44 40 77 11 80 15 53 38 26 18 66 24 35 22 14 10 21 78 4 60 47 62 37 3 72 41 67 70 59 79 9 12 39 
64 11 50 45 36 37 52 13 51 21 35 31 20 40 76 42 81 41 80 78 32 49 10 17 28 77 3 38 74 12 29 1 30 68 33 54 19 5 18 44 22 14 26 23 59 53 27 4 43 9 73 75 67 71 70 58 15 72 46 69 8 65 60 34 56 16 7 66 79 39 61 63 47 25 55 24 2 62 48 57 6 
33 22 58 61 72 40 44 28 49 57 53 2 7 12 13 27 62 39 42 23 36 50 70 64 51 48 15 59 24 34 71 81 37 10 21 69 77 46 75 79 78 74 38 60 4 63 47 3 25 35 18 5 6 56 9 11 43 32 30 17 16 20 41 14 73 55 76 8 67 80 29 1 31 52 54 68 26 45 65 66 19 
29 17 60 80 81 34 9 53 41 19 78 11 64 66 51 32 28 4 26 1 54 63 37 5 18 59 35 13 23 22 62 16 6 14 2 47 36 58 43 30 73 49 65 15 3 72 24 12 39 55 79 52 61 38 7 45 25 56 21 42 44 75 67 68 20 70 69 48 57 31 46 40 27 77 8 10 50 74 33 76 71 
10 42 47 70 77 63 3 66 15 69 38 75 18 71 26 65 67 68 56 24 46 41 62 33 31 20 21 28 73 60 52 76 11 79 55 9 40 50 45 25 32 81 2 6 17 36 64 7 48 34 16 8 49 74 37 61 57 1 27 78 39 13 29 58 23 19 54 59 22 72 43 12 80 30 5 14 44 4 53 35 51 
14 67 39 65 21 26 71 62 5 23 25 73 54 44 47 48 46 24 52 34 19 74 43 29 53 9 76 51 40 80 8 17 78 70 15 49 20 16 69 72 27 57 35 12 10 37 33 59 58 2 13 81 66 45 79 68 31 4 3 55 50 36 6 30 77 11 41 64 28 18 32 75 56 63 60 22 42 7 1 38 61 
15 65 9 76 23 21 28 6 17 52 27 19 71 45 60 55 68 64 79 70 2 18 32 42 30 81 24 80 33 58 69 47 61 41 74 36 25 35 4 62 13 63 72 14 67 56 43 53 77 5 54 44 3 46 10 37 22 34 26 38 11 8 66 48 1 75 49 16 20 29 39 51 73 40 12 59 7 31 57 78 50 
51 13 66 26 22 20 34 12 71 15 18 24 58 48 41 63 69 21 67 75 28 53 74 25 59 6 17 46 62 10 30 8 3 9 43 55 16 40 61 33 37 29 36 11 7 57 14 45 1 70 52 73 79 50 2 35 39 23 81 68 76 54 44 31 38 56 80 78 42 77 4 47 49 5 27 32 60 72 19 64 65 
4 72 61 3 58 25 14 63 38 10 6 32 62 33 31 20 53 76 7 64 69 52 29 73 34 56 48 21 28 39 78 54 35 42 22 11 1 2 74 19 60 47 80 27 81 15 51 75 18 65 55 68 41 59 50 9 17 36 67 45 49 77 40 26 5 44 66 57 37 46 12 30 24 8 79 43 70 16 71 13 23 
24 33 37 32 56 48 77 79 27 73 70 54 26 61 7 9 49 16 47 14 50 55 23 12 5 62 40 71 68 66 31 18 67 81 45 2 76 78 34 42 57 65 51 43 39 80 35 38 74 4 30 28 10 36 63 15 46 52 72 21 53 64 69 17 60 59 19 58 13 11 8 22 41 75 25 20 6 3 44 1 29 
62 5 36 19 50 80 81 57 39 4 75 72 79 74 28 78 30 35 16 27 68 51 60 77 3 10 45 40 12 1 59 64 25 49 13 56 38 66 15 73 17 22 44 46 6 58 76 67 63 31 37 7 48 8 65 20 29 14 42 70 41 32 43 55 9 23 24 71 18 54 21 33 61 26 53 52 47 11 2 34 69 
47 49 18 8 70 43 35 31 40 17 46 12 13 11 67 36 77 14 72 58 39 71 44 38 9 65 22 76 50 27 34 6 57 24 16 19 41 45 5 10 3 26 52 69 56 42 29 21 81 78 20 61 23 60 59 1 80 48 7 73 75 51 74 25 79 53 2 68 64 32 63 28 54 55 4 33 37 66 30 62 15 
68 60 73 10 44 64 11 52 54 34 39 23 42 50 2 5 59 29 78 26 1 57 35 43 19 63 13 65 53 70 51 48 14 15 37 72 30 31 58 28 8 75 20 32 77 33 49 16 9 12 66 24 47 22 71 62 61 25 4 6 56 55 79 76 27 3 40 36 69 41 81 7 45 17 38 21 46 67 80 18 74 
75 46 45 78 2 29 7 30 59 22 37 66 81 80 43 44 1 56 49 41 11 36 8 4 21 31 33 17 60 5 26 52 38 63 20 73 68 64 23 53 79 55 54 70 24 40 72 69 19 71 25 34 62 32 57 18 13 3 47 12 27 16 58 67 14 50 61 6 15 10 65 74 28 39 35 42 51 77 76 9 48 
55 53 41 42 69 16 67 74 1 25 8 51 38 65 3 57 47 40 66 46 15 76 80 54 61 37 20 44 29 4 77 32 7 23 79 75 59 49 9 12 18 21 50 48 71 13 6 26 2 11 64 27 17 39 33 30 28 60 5 31 24 78 19 62 70 43 35 45 52 73 34 72 14 58 36 56 22 63 10 68 81 
38 8 40 53 35 69 56 47 10 42 67 39 4 55 1 26 16 18 22 59 60 31 45 36 12 5 51 79 41 73 24 27 9 57 25 63 13 52 7 32 50 68 30 81 20 75 28 19 34 54 78 72 65 77 6 64 3 44 23 58 80 29 70 2 17 33 74 76 21 71 48 14 11 37 15 66 62 43 49 61 46 
59 3 1 31 26 78 13 36 60 29 74 46 24 81 6 73 14 28 40 62 27 39 38 23 47 58 42 8 15 72 48 7 65 11 71 32 53 63 37 49 69 16 75 33 41 79 2 35 55 50 22 30 56 51 76 19 9 10 20 57 18 12 17 5 52 67 43 54 61 34 77 66 25 44 68 80 45 64 4 70 21 
39 50 81 55 30 11 49 21 72 79 68 59 44 25 52 35 5 38 69 15 78 34 54 63 46 67 7 36 80 74 23 58 33 20 75 28 70 61 65 3 76 10 4 17 40 64 53 73 16 8 31 45 14 48 32 66 42 24 43 47 26 37 62 60 19 6 27 29 1 13 22 9 57 56 71 12 18 2 77 51 41 
61 52 2 14 46 57 32 34 65 3 36 78 41 53 27 80 33 9 4 55 73 72 20 11 8 64 25 49 13 17 6 77 68 19 42 5 21 79 56 66 35 44 1 62 43 12 18 76 26 29 70 37 40 81 51 71 59 45 48 54 74 15 16 24 7 69 39 31 50 30 75 23 10 28 47 38 67 58 60 22 63 
17 63 5 48 20 19 58 25 45 13 34 60 65 32 30 15 11 70 57 6 18 75 66 49 44 24 29 14 76 16 81 12 69 1 26 52 71 72 38 9 36 28 77 2 46 43 59 68 23 41 21 47 74 80 39 40 67 61 22 53 73 79 50 51 37 4 3 62 78 64 10 56 35 31 7 27 55 54 42 33 8 
7 37 74 68 29 4 51 71 75 40 69 76 21 64 50 77 72 43 10 56 53 61 3 81 65 41 28 47 66 35 55 2 59 44 60 62 22 12 31 54 45 48 23 67 15 9 13 39 17 1 57 38 32 33 11 52 5 27 63 25 46 30 36 49 80 58 42 79 73 70 18 8 34 24 6 78 19 26 16 20 14 
43 24 80 54 66 70 6 41 62 12 56 22 47 37 75 17 71 10 32 19 76 9 2 68 52 33 77 53 4 67 64 50 51 18 61 3 29 59 14 74 5 78 73 57 8 49 58 42 60 63 36 20 25 27 35 55 21 81 34 28 31 7 13 15 11 46 26 38 44 45 72 16 1 48 40 79 69 23 39 65 30 
16 27 12 15 9 22 23 77 67 48 2 61 51 19 57 66 54 63 50 35 13 30 79 80 43 71 37 56 38 45 40 21 34 29 70 31 55 26 24 18 42 64 60 39 58 46 11 44 3 10 69 6 7 62 68 78 41 33 8 14 1 4 49 59 81 65 36 32 25 28 47 20 17 53 75 73 72 52 74 5 76 
18 79 64 28 42 33 76 73 44 8 45 7 23 62 20 49 58 31 21 48 74 17 26 70 16 14 1 37 54 43 46 30 22 39 78 10 11 27 6 80 47 51 19 34 25 24 15 52 71 61 67 66 4 5 75 72 60 2 56 77 69 38 65 35 41 40 57 12 63 55 68 53 50 29 13 9 36 59 81 32 3 
73 10 28 35 49 17 25 67 66 27 13 70 32 59 24 1 2 58 45 12 72 16 5 21 60 26 62 9 55 46 3 69 15 71 44 42 57 47 76 50 81 37 39 77 30 8 48 11 78 6 19 63 38 52 41 80 51 68 79 7 33 43 4 18 31 36 22 20 29 65 40 64 23 54 34 74 56 14 61 53 75 
9 6 57 63 12 38 75 46 32 5 19 55 45 52 16 22 73 49 20 7 61 11 24 78 1 23 43 26 70 47 41 13 17 51 30 59 48 33 54 4 80 69 40 36 21 27 34 28 29 68 72 10 18 14 66 8 50 31 65 74 25 62 35 37 44 71 79 56 77 53 67 60 58 81 42 39 3 76 64 15 2 
40 74 72 58 78 18 33 69 34 56 60 53 48 29 42 4 51 20 70 63 71 46 19 15 55 2 75 31 52 61 12 45 79 62 11 16 65 14 27 64 38 66 43 24 1 47 23 50 59 49 80 41 21 67 22 81 44 77 76 26 3 9 39 13 28 57 10 25 5 6 54 32 36 7 73 17 30 37 35 8 68 
65 41 59 27 8 2 19 76 55 78 31 10 30 79 68 64 63 66 29 33 56 3 50 35 13 51 54 5 14 75 72 34 81 80 24 25 23 60 73 61 28 7 22 42 45 32 4 77 12 53 26 46 15 69 67 36 47 6 37 49 58 1 48 39 74 21 52 11 17 16 70 62 20 38 44 71 43 57 18 40 9 
30 23 7 37 31 77 36 20 48 75 43 71 74 54 69 62 3 80 81 17 4 73 59 10 40 76 39 67 8 38 65 33 27 78 28 57 49 68 25 56 29 32 41 63 52 16 45 60 35 13 24 1 44 55 61 70 18 53 11 64 21 14 34 9 12 2 15 47 58 19 51 42 66 72 50 5 79 46 22 6 26 
70 56 16 51 14 61 47 15 26 18 21 77 76 46 65 40 25 33 68 38 79 64 57 48 49 30 27 32 63 29 39 36 1 37 10 53 2 44 62 78 6 31 8 58 75 5 74 22 7 43 9 42 73 66 19 17 54 71 69 20 60 24 55 23 3 81 72 34 4 35 50 59 13 67 45 11 28 80 52 41 12 
50 62 44 79 43 39 4 3 11 7 14 57 72 67 9 23 34 61 28 65 8 42 41 22 36 18 80 64 56 6 60 19 20 48 58 68 74 51 53 46 15 35 71 26 12 54 37 2 75 25 81 31 76 17 73 16 45 5 78 29 13 40 52 63 49 24 38 30 66 33 1 27 21 59 77 69 10 70 55 47 32 
60 71 52 64 24 42 5 22 80 28 26 6 50 41 8 81 35 44 25 74 47 37 31 53 67 69 34 66 18 54 7 43 21 77 73 4 72 20 19 59 70 9 17 13 11 3 39 40 30 57 33 58 36 79 23 46 2 15 38 56 32 10 12 45 75 68 48 61 55 14 76 78 29 65 63 1 16 51 27 49 62 
21 1 29 81 68 54 53 45 13 47 17 37 12 36 39 11 38 15 9 32 6 58 77 52 14 66 44 23 35 2 74 49 50 76 40 22 3 34 67 16 10 5 18 79 55 71 61 70 56 64 62 65 51 20 28 63 72 30 75 27 59 42 57 80 43 41 73 7 8 69 26 46 60 78 24 19 33 25 31 48 4 
23 81 21 47 75 66 39 78 9 14 61 80 46 28 72 12 24 37 11 69 20 54 67 56 58 13 68 16 77 7 25 35 2 32 57 34 50 48 41 8 53 70 27 4 36 76 17 5 40 22 3 71 33 49 18 26 6 74 64 79 62 52 1 44 29 60 30 55 19 51 42 31 63 73 59 65 15 38 43 10 45 
11 19 70 17 15 35 37 59 73 39 64 62 5 63 38 47 65 13 27 18 16 24 81 34 7 74 66 6 75 69 76 4 80 43 29 51 52 25 72 1 14 23 21 9 54 78 55 79 50 58 28 26 46 57 12 31 10 20 2 48 61 56 42 41 40 49 53 22 3 67 45 71 68 60 30 77 8 32 36 44 33 
22 4 31 74 67 72 38 26 14 58 20 17 8 68 29 52 66 53 5 77 33 47 1 75 37 35 36 73 61 79 42 71 49 55 81 41 15 80 40 63 34 3 59 7 19 60 44 56 70 24 51 12 45 2 27 43 32 46 39 76 30 28 21 16 13 64 11 65 23 57 9 10 6 62 78 18 48 69 50 25 54 
49 2 65 16 1 62 68 54 42 32 44 43 10 27 36 60 48 45 46 8 80 40 17 9 76 70 6 12 47 24 50 15 19 28 23 26 31 22 35 81 30 38 67 56 66 11 41 34 73 18 7 29 77 4 55 33 58 75 13 63 14 53 25 20 69 72 78 39 59 74 5 21 79 64 3 51 57 61 37 71 52 
46 64 3 13 71 28 29 58 79 67 15 41 19 77 35 51 57 26 65 50 59 38 63 61 62 45 72 18 21 56 54 60 5 31 36 48 33 37 32 39 55 43 10 68 42 81 9 27 20 30 53 74 75 1 78 7 16 69 17 80 34 44 22 6 2 73 8 52 76 25 14 24 70 11 49 47 4 12 66 23 40 
45 30 27 18 10 55 48 61 12 31 81 33 75 42 34 76 50 74 14 22 44 43 51 41 29 73 19 68 9 59 70 63 66 3 52 40 5 6 57 60 58 77 78 20 28 25 54 64 69 21 32 62 8 16 47 65 23 67 49 11 36 71 37 38 46 79 17 4 26 7 56 15 53 13 80 2 39 1 24 72 35 
34 32 53 40 25 50 41 8 6 70 7 1 2 49 59 16 21 73 3 4 10 28 55 79 42 39 23 30 78 64 67 65 58 45 38 17 47 71 46 76 12 11 69 18 44 52 36 13 31 19 61 14 68 35 5 77 24 54 57 51 72 60 15 43 63 37 33 75 62 48 66 80 81 9 22 29 74 56 26 27 20 
5 36 63 69 80 60 20 44 24 9 30 3 56 23 78 54 6 55 53 57 26 2 52 32 64 25 71 62 11 14 13 10 46 22 39 33 51 29 49 75 74 17 16 45 79 59 65 72 15 42 48 43 37 47 8 73 40 50 68 4 66 81 38 77 18 61 58 35 12 1 27 70 7 34 76 41 31 19 28 21 67 
52 77 76 56 33 51 43 7 57 11 4 79 22 69 40 25 18 71 15 31 21 78 30 60 48 12 49 72 20 37 27 74 44 53 8 1 26 65 13 2 64 61 24 73 62 10 67 6 38 66 23 80 39 63 29 3 35 70 9 19 45 41 59 54 36 32 81 50 68 47 28 34 16 14 58 46 75 55 17 42 5 
################proper############## 

 average_time = 203.895185 

 success runs = 1 

 total average iters = 3064985.000000 
