Success!!! 
 
 max_col = 
 81 
 
 run_time = 
 53.883090 
 
 once iters = 
 800464 
 
63 67 3 62 9 12 13 79 42 7 41 14 40 34 43 37 28 53 1 60 61 23 18 5 38 80 22 50 24 29 36 19 48 8 76 57 44 49 27 59 54 64 81 45 11 16 30 74 6 47 78 56 32 69 66 33 31 55 73 10 25 65 21 70 26 51 52 2 17 58 15 68 35 77 4 20 39 46 75 71 72 
6 34 28 7 71 81 77 70 10 2 19 12 74 5 23 36 49 35 63 8 68 20 50 14 11 41 16 43 75 18 61 3 59 30 31 65 57 33 72 73 21 76 67 69 60 29 55 51 80 4 58 62 9 66 37 26 22 40 52 54 45 47 46 42 44 56 79 24 53 32 39 38 78 1 27 15 13 48 64 25 17 
2 11 29 27 66 1 73 33 16 78 31 65 45 72 46 63 61 17 6 15 19 24 59 21 42 79 47 52 5 58 40 54 38 25 56 53 34 41 28 51 35 39 8 4 37 77 23 44 64 20 48 26 71 70 69 80 74 68 60 3 57 75 50 13 12 14 76 55 81 49 36 43 67 62 22 9 30 32 7 10 18 
32 49 25 68 37 65 4 54 39 47 50 18 1 16 13 51 44 33 76 55 12 77 78 66 7 74 27 46 71 23 6 63 72 10 21 9 26 30 62 52 24 17 53 36 42 43 73 34 79 41 45 31 2 67 20 64 48 11 81 70 15 58 19 59 75 40 35 22 57 29 80 61 5 69 3 14 60 38 28 56 8 
22 31 46 35 53 47 80 57 44 32 25 56 77 66 69 52 15 58 9 54 73 28 81 49 36 26 64 41 78 2 45 39 70 68 67 42 75 74 48 3 19 18 61 55 10 17 65 24 60 33 11 14 21 7 5 76 72 8 13 4 79 38 29 71 16 6 62 1 20 30 27 37 12 23 40 34 59 63 50 43 51 
50 76 52 20 56 14 17 61 21 26 75 4 64 10 42 39 71 73 70 43 57 29 51 72 30 46 33 62 80 81 34 13 35 49 55 11 7 23 40 79 5 6 15 63 58 38 59 25 54 18 22 3 68 27 24 78 16 28 1 2 12 32 53 48 69 8 65 9 77 67 45 60 74 66 36 44 47 31 19 37 41 
30 36 48 41 5 18 45 8 19 29 67 60 21 76 38 62 55 59 65 10 69 58 17 13 37 4 3 22 26 79 28 7 44 15 74 16 25 66 56 9 20 43 1 32 47 75 81 61 53 12 40 57 39 50 34 77 6 35 27 42 71 51 14 72 11 31 78 54 64 23 46 63 80 70 68 73 52 24 33 49 2 
15 64 26 59 69 72 75 40 55 24 9 48 81 57 70 8 22 30 53 31 71 44 67 25 35 32 34 51 33 14 20 27 60 66 37 17 2 13 38 68 80 12 77 78 16 1 52 5 46 19 63 28 42 49 23 18 7 36 43 39 62 56 61 41 10 74 21 3 47 50 4 73 6 79 76 65 54 45 29 58 11 
58 51 43 24 78 38 74 23 60 54 6 11 80 68 20 79 27 3 45 40 48 2 62 56 39 52 75 64 12 69 77 1 32 4 73 47 14 46 71 70 50 31 29 22 65 15 35 72 36 8 76 37 10 13 67 9 59 41 17 30 63 44 49 33 66 25 19 5 28 7 18 34 21 16 42 81 53 57 55 61 26 
24 16 47 67 30 19 59 12 5 17 63 49 72 27 57 50 4 71 78 25 43 75 37 38 8 28 70 15 77 26 53 42 22 73 39 79 56 1 68 36 69 52 20 48 21 74 14 62 41 60 34 13 40 35 18 45 32 7 66 80 61 76 33 51 55 65 46 6 29 11 81 23 10 54 58 64 31 9 44 2 3 
77 63 75 49 81 13 32 39 40 70 10 64 42 80 34 43 20 78 73 65 60 12 46 79 76 16 58 7 2 59 3 4 1 9 54 6 35 22 19 29 17 72 31 11 30 53 45 66 37 56 24 51 5 61 55 71 69 23 15 8 41 26 25 50 57 44 18 14 67 47 21 52 48 33 74 38 68 62 27 36 28 
61 70 35 42 15 69 37 76 29 53 68 79 73 7 59 23 81 8 4 19 17 57 14 77 5 9 21 38 46 52 11 75 41 48 16 55 6 64 51 27 28 60 25 33 74 18 43 49 22 10 1 63 3 44 62 54 20 31 78 56 24 36 65 39 13 12 45 58 2 40 66 72 30 26 32 47 50 34 67 80 71 
31 9 50 73 22 33 14 74 2 56 66 21 39 37 3 45 13 38 55 72 47 48 1 34 24 40 69 32 27 61 10 57 17 67 20 25 18 80 58 7 4 78 54 44 62 6 71 46 26 29 28 81 70 42 12 59 63 52 30 51 16 11 60 36 79 53 43 68 41 8 64 5 76 35 15 23 49 19 65 75 77 
55 18 8 43 65 3 7 41 20 14 2 35 15 30 24 29 54 6 11 64 56 36 32 62 31 71 66 23 44 28 80 58 47 21 60 51 50 16 77 75 76 40 37 46 45 72 48 68 12 25 27 17 79 33 39 19 49 70 38 67 10 9 57 4 78 69 63 61 1 34 26 74 22 53 73 52 5 59 81 42 13 
17 1 4 66 45 64 11 44 34 69 52 28 12 77 48 32 60 26 41 74 30 67 80 27 68 53 18 56 8 31 29 72 50 36 13 33 10 39 5 47 65 57 63 81 59 54 21 9 19 23 7 55 20 73 46 14 2 75 40 58 6 22 42 15 35 3 49 38 25 76 62 71 37 43 79 16 24 51 61 70 78 
48 57 80 23 38 52 26 28 62 25 51 36 44 19 55 75 65 61 15 20 39 33 45 35 63 42 59 66 68 64 49 40 76 70 81 74 24 34 79 71 41 73 14 12 8 58 2 78 67 69 16 30 47 31 27 43 53 13 50 37 4 5 3 7 77 9 60 32 54 17 22 10 29 72 18 46 6 11 56 21 1 
25 53 71 72 79 78 6 68 36 1 5 40 58 46 62 9 11 76 10 7 44 13 26 22 61 51 54 12 18 34 63 30 14 69 35 24 55 67 43 23 42 3 49 70 2 39 15 50 59 65 80 32 52 38 28 29 81 47 21 73 64 77 74 56 48 27 75 16 37 31 19 33 41 60 66 17 45 8 20 57 4 
60 54 56 58 21 51 10 27 46 18 47 31 33 41 74 16 67 22 81 3 2 49 29 23 52 50 6 19 45 43 62 65 71 5 78 37 53 26 9 15 38 66 13 61 32 76 75 77 4 36 64 11 57 8 35 48 1 79 68 17 44 72 34 73 80 24 59 20 30 42 28 70 63 55 39 69 40 25 14 7 12 
41 62 39 11 80 44 71 46 65 20 29 69 25 73 56 22 12 67 58 32 78 68 31 64 57 19 15 33 1 63 21 37 52 72 3 2 81 48 54 60 10 28 45 47 79 49 13 8 61 14 59 75 30 23 50 35 27 74 70 38 17 6 26 5 43 34 4 51 18 53 76 42 36 24 55 7 77 40 9 16 66 
1 3 42 4 48 40 2 55 18 64 46 71 31 58 61 13 36 80 5 9 79 45 77 44 23 81 67 11 10 6 41 28 66 76 50 69 19 15 73 12 30 51 43 26 38 7 70 57 33 16 54 25 74 78 65 22 34 62 24 32 68 63 20 60 59 47 39 27 75 52 37 14 72 49 8 35 21 56 17 29 53 
53 52 67 36 73 24 69 51 74 60 81 50 43 6 66 17 30 21 13 71 14 35 2 16 55 33 48 29 65 8 23 64 4 20 5 78 1 77 46 63 62 58 22 34 9 32 68 11 72 3 18 42 38 37 59 7 57 39 76 40 19 31 15 12 25 79 10 49 26 45 56 54 70 61 28 27 80 41 47 44 75 
47 61 33 32 34 15 12 20 57 40 72 8 41 23 27 24 16 18 22 38 29 42 54 75 21 11 36 45 59 46 26 74 81 51 58 60 17 68 76 53 70 49 69 14 7 56 44 28 35 39 62 43 65 55 25 3 67 77 48 9 37 2 30 66 19 13 1 64 80 63 73 31 71 5 52 6 79 10 78 4 50 
13 7 78 25 26 77 8 63 79 33 57 74 19 44 65 15 14 5 50 39 80 56 4 46 41 60 12 9 49 62 67 24 34 27 53 36 66 72 37 20 23 16 35 59 18 45 22 58 52 51 47 71 48 40 64 28 61 10 75 21 73 1 11 55 17 70 3 81 32 69 29 6 54 76 43 68 38 2 31 30 42 
27 37 21 56 14 43 76 30 68 3 55 45 70 42 53 26 38 77 74 28 66 7 6 47 10 69 65 44 22 35 73 16 31 19 48 75 71 5 39 57 25 61 4 64 50 24 79 67 2 17 36 60 80 63 29 58 78 49 54 46 13 52 51 20 8 11 41 72 15 62 40 9 33 18 59 12 34 81 1 32 23 
54 28 70 6 50 66 49 29 59 48 32 39 63 2 9 34 35 75 43 1 25 18 73 30 40 3 37 71 17 42 57 12 77 79 38 80 11 52 78 24 13 55 27 56 44 10 5 20 31 15 4 76 26 41 72 69 8 14 33 47 53 45 81 21 36 67 68 7 58 61 23 16 19 22 60 74 65 64 62 51 46 
45 58 38 81 64 10 23 31 9 76 79 37 7 62 11 4 59 51 27 52 49 17 53 61 72 70 24 25 14 30 18 55 54 47 68 39 65 8 74 40 33 32 80 6 75 19 46 29 73 34 66 21 69 1 43 36 56 42 12 41 5 60 16 35 22 78 71 50 44 77 2 28 3 13 20 26 15 67 57 63 48 
75 17 16 5 19 35 60 22 72 49 28 1 10 54 78 47 68 52 20 34 59 26 63 51 62 8 76 70 13 32 7 15 56 43 61 40 67 36 31 42 29 41 2 21 3 64 77 27 81 9 12 50 6 53 71 79 44 4 23 66 55 18 80 46 33 30 48 57 74 24 38 65 25 39 45 37 14 73 69 11 58 
4 12 5 47 72 37 29 64 27 45 1 78 8 65 21 55 48 62 60 79 67 51 33 28 25 17 52 31 32 9 2 56 23 24 69 44 70 71 10 76 57 20 58 73 26 63 38 54 40 49 61 7 75 11 19 68 42 6 22 35 81 30 59 80 34 18 66 36 39 46 16 53 43 41 50 13 3 77 74 14 15 
65 39 6 28 63 57 22 2 30 43 12 26 76 4 73 74 33 40 80 61 23 14 47 19 58 13 55 36 21 70 27 18 16 11 15 54 45 29 8 41 37 77 75 9 66 68 24 60 62 72 42 34 25 3 53 5 52 51 46 50 7 17 69 1 38 32 56 31 78 10 79 64 59 81 71 67 35 44 48 20 49 
36 13 32 78 77 56 55 15 50 57 58 42 75 14 30 68 3 60 71 26 11 43 40 70 49 34 29 53 51 80 59 61 64 65 66 62 47 27 24 35 52 7 21 79 39 44 17 41 1 67 46 74 12 20 9 31 76 45 16 28 33 10 72 81 63 2 25 23 48 37 6 69 18 4 54 8 19 22 73 5 38 
70 74 51 38 52 76 19 67 54 31 35 9 69 63 32 25 50 10 8 24 18 16 66 48 20 45 68 3 37 47 22 34 49 46 77 13 40 12 6 28 2 53 64 5 17 80 26 39 55 59 79 29 81 65 14 44 36 73 61 57 78 4 56 43 15 7 58 71 42 41 33 11 60 27 30 1 75 72 23 62 21 
66 42 53 17 25 73 16 43 3 6 11 59 67 22 37 41 34 70 46 12 75 5 15 81 56 76 57 20 60 78 72 52 7 39 14 48 54 44 36 13 31 62 74 23 80 33 47 71 28 2 10 9 4 30 79 63 18 38 77 49 27 55 1 29 51 21 50 19 68 26 8 35 65 58 61 45 64 69 24 40 32 
20 10 49 40 8 68 58 34 48 81 17 23 61 47 5 77 79 29 69 36 27 3 35 54 53 59 7 1 6 45 74 38 19 26 43 73 72 55 65 14 56 30 33 42 67 22 16 18 51 50 21 52 31 15 32 41 75 2 37 64 80 71 66 62 9 4 24 60 12 13 44 76 11 46 57 39 25 78 63 28 70 
69 41 61 45 24 59 31 35 11 13 54 52 51 38 16 72 39 46 30 44 42 73 22 63 4 62 10 17 58 5 33 29 68 71 12 76 60 18 81 32 78 48 50 1 49 37 64 36 43 70 14 53 27 19 21 25 3 15 67 74 26 23 8 77 28 57 47 65 40 75 55 20 7 6 2 80 9 79 34 66 56 
26 21 79 60 46 23 81 14 1 44 64 66 18 49 71 27 80 7 37 77 74 31 65 2 9 78 72 75 40 50 8 25 10 42 41 28 22 38 11 19 34 63 68 15 4 57 69 35 58 45 32 6 73 56 13 47 24 43 39 48 29 20 62 54 3 61 17 30 59 70 5 67 53 36 16 33 51 52 12 55 76 
9 71 7 33 62 75 44 18 80 36 20 24 53 56 28 19 2 15 32 21 6 39 41 50 64 1 38 67 4 55 79 81 63 35 57 30 46 59 3 69 61 25 51 16 43 23 78 13 76 48 8 66 77 5 60 70 12 58 65 11 54 34 40 45 14 22 72 52 73 74 49 27 26 29 37 10 42 17 68 31 47 
28 33 60 12 58 36 62 50 25 9 61 30 5 75 4 1 29 43 3 18 54 64 24 15 48 63 35 69 57 56 38 26 46 74 52 10 23 42 13 39 11 2 44 80 31 20 76 22 27 6 71 78 66 14 51 21 17 59 32 7 72 40 45 53 65 19 77 73 16 55 34 79 8 47 81 49 41 37 70 68 67 
76 29 72 10 3 39 21 19 31 51 44 32 2 40 60 53 42 11 26 33 22 6 5 43 1 66 50 16 70 27 9 8 18 62 24 61 36 4 75 30 71 81 79 37 34 48 12 65 49 73 41 38 17 46 47 57 58 56 64 15 69 35 67 63 20 68 80 13 23 54 25 59 52 74 7 55 78 28 45 77 14 
79 43 20 37 23 22 54 80 66 62 24 25 78 26 47 14 21 34 38 53 41 8 55 9 59 7 2 40 28 19 39 17 75 31 49 77 74 57 35 64 60 69 70 58 68 81 29 32 42 44 5 33 13 45 36 73 46 18 4 1 3 12 63 52 67 10 51 48 76 6 72 50 27 65 56 71 16 30 11 15 61 
8 59 34 65 75 2 35 16 64 73 15 81 20 52 68 31 19 41 79 27 77 76 71 11 45 36 80 47 48 53 50 67 29 55 25 58 78 21 12 18 32 33 3 40 63 69 72 30 7 54 39 1 37 43 38 60 26 5 44 24 23 14 13 17 70 49 28 74 46 66 61 56 51 42 10 22 57 4 6 9 62 
68 48 63 26 13 67 51 11 71 72 69 57 37 8 77 10 56 54 61 23 46 19 28 29 81 58 30 2 73 44 1 76 42 14 36 15 16 47 22 65 49 59 6 27 53 50 74 4 70 62 9 80 35 60 31 39 55 20 25 52 75 66 78 40 21 41 64 43 45 5 7 24 79 3 17 18 33 12 32 38 34 
40 73 1 61 17 46 57 7 45 79 38 63 48 13 33 67 6 39 68 16 70 47 44 78 69 12 56 81 66 22 30 23 37 60 71 20 43 25 29 55 14 8 52 51 54 36 53 64 3 31 26 77 28 58 2 10 80 9 74 65 34 49 41 11 42 35 15 4 27 18 32 62 50 75 19 21 76 5 72 24 59 
56 77 81 52 44 4 41 69 38 58 59 76 27 28 17 65 66 49 72 14 32 10 39 42 75 67 74 35 79 33 64 68 5 6 45 34 15 24 20 62 9 46 73 7 1 55 61 21 8 40 57 18 51 16 54 53 19 50 11 43 70 29 37 3 47 26 22 78 31 71 12 30 2 25 63 36 23 80 13 48 60 
14 15 18 53 47 27 30 5 78 35 22 70 55 64 80 71 7 74 40 17 62 25 13 31 60 21 49 4 63 3 43 51 65 12 32 41 76 10 50 48 67 45 19 38 72 11 34 2 24 52 68 23 56 59 6 42 33 16 79 61 77 8 28 37 39 75 57 44 9 81 1 36 69 73 46 58 29 54 66 26 20 
74 6 24 70 55 49 9 42 32 50 45 3 36 12 18 46 23 16 52 73 4 37 57 65 34 20 51 13 54 11 78 59 80 7 72 21 41 61 66 26 77 56 28 17 5 79 25 15 75 63 19 10 67 47 22 81 71 48 62 27 30 68 76 8 58 38 2 69 60 33 14 29 31 64 44 53 43 1 39 35 40 
5 35 45 15 36 8 56 62 12 46 49 43 71 70 63 58 25 20 39 6 33 22 76 3 2 48 4 54 81 21 60 31 73 18 30 1 59 51 17 34 47 9 10 29 64 78 42 19 68 24 44 40 14 52 57 32 23 53 7 75 11 67 77 27 72 66 13 28 69 38 74 55 61 37 80 41 26 50 16 65 79 
3 22 57 48 39 28 27 17 51 41 4 10 54 53 2 80 32 45 66 75 72 34 56 40 47 64 25 61 29 16 76 9 13 59 33 43 37 81 7 74 55 35 26 19 70 21 49 63 23 1 6 8 62 79 73 24 68 71 42 69 50 46 58 65 18 52 31 77 14 60 30 15 44 38 11 78 67 20 36 12 5 
49 81 65 1 74 41 33 72 37 8 14 55 6 29 35 73 17 66 44 59 20 63 70 69 28 27 9 26 47 75 12 50 11 2 19 46 68 56 21 58 18 71 38 53 23 3 32 16 57 64 15 67 7 80 4 40 60 30 45 76 51 43 54 79 5 42 61 25 62 36 48 78 77 52 24 31 10 13 22 34 39 
71 44 23 80 31 11 70 9 76 37 7 61 22 79 15 12 75 28 14 62 45 46 10 26 51 43 60 74 52 41 55 49 24 63 40 72 69 65 32 66 36 54 16 67 78 59 27 38 50 13 77 39 34 18 81 1 47 29 8 5 2 25 17 57 64 20 6 21 56 19 58 4 68 30 48 42 73 33 3 53 35 
78 32 19 75 7 60 50 38 47 42 27 62 52 1 67 11 77 68 17 81 55 80 12 58 15 54 61 79 25 37 51 36 57 44 64 4 28 40 49 6 73 22 30 24 13 35 20 69 71 5 70 46 29 48 26 56 10 65 14 33 39 74 31 34 41 76 23 53 63 16 59 3 66 8 9 2 18 43 21 72 45 
18 69 68 30 42 34 64 73 61 59 74 38 16 9 26 33 31 48 77 67 24 21 36 71 13 29 19 5 7 15 66 32 53 80 23 27 8 20 4 72 79 50 11 3 14 2 58 10 56 43 17 65 76 28 44 12 62 78 35 63 52 41 6 75 46 54 37 45 22 1 51 39 40 57 49 25 70 47 60 81 55 
67 14 66 77 10 25 63 13 26 65 21 34 30 50 72 56 40 57 49 5 1 52 7 74 73 18 23 58 62 68 71 69 78 3 17 8 31 60 45 46 39 75 42 43 33 41 37 12 9 53 51 36 54 22 61 27 38 64 20 79 48 16 55 2 81 80 70 11 35 44 24 47 32 28 6 76 4 29 15 59 19 
29 55 2 79 20 21 46 4 53 19 78 5 24 18 64 76 51 69 42 37 16 50 38 41 65 30 31 14 39 67 35 6 45 77 10 70 52 62 25 1 48 44 12 57 15 47 66 73 74 81 60 61 11 75 80 13 28 34 72 59 22 3 36 68 40 33 26 8 49 9 43 32 58 56 23 63 71 7 54 17 27 
43 40 59 16 54 6 52 58 24 39 23 44 60 3 36 81 47 13 35 78 8 79 68 53 32 57 11 28 42 48 56 22 20 34 65 38 80 63 41 2 27 5 76 77 61 31 4 26 25 30 33 45 55 72 15 49 70 37 19 18 66 21 9 10 50 71 73 29 7 12 67 17 62 14 64 75 1 74 51 46 69 
42 46 27 69 70 80 20 26 63 55 73 7 29 59 40 30 52 14 25 35 15 9 34 18 6 77 13 76 3 57 31 66 79 22 4 12 38 32 53 33 75 11 72 62 19 67 54 43 21 58 65 68 45 81 49 23 37 17 41 16 36 78 39 28 74 1 5 56 10 48 47 44 24 50 51 60 2 61 71 8 64 
7 75 62 55 2 31 67 48 14 4 34 22 35 60 76 49 78 65 47 80 36 74 79 57 12 24 17 59 41 1 5 45 21 29 70 50 20 37 18 43 68 13 40 28 73 9 10 33 39 71 30 72 16 32 42 61 77 54 58 19 56 64 44 25 52 15 8 66 6 27 3 51 23 63 53 11 46 26 38 69 81 
10 8 12 74 35 5 66 60 17 63 13 58 47 61 75 57 70 2 23 48 51 41 21 73 67 37 46 49 43 36 68 53 39 33 80 19 3 6 55 77 45 15 34 50 27 28 11 56 44 22 31 20 59 29 76 65 4 69 26 62 14 24 79 78 7 16 40 42 38 64 71 81 9 32 25 54 72 18 52 1 30 
16 68 64 13 57 45 25 81 33 21 53 77 38 36 41 69 9 56 54 50 31 55 52 1 44 49 43 37 61 72 24 20 28 58 7 14 42 17 60 80 51 65 23 39 12 27 19 76 15 78 3 35 8 4 11 74 40 46 10 71 47 73 32 18 30 29 34 59 70 2 63 26 75 48 62 79 66 6 5 67 22 
59 24 58 21 43 71 79 53 73 16 3 19 32 17 50 20 5 64 7 22 65 30 61 76 26 72 78 63 23 38 42 44 74 56 27 18 9 31 52 8 66 47 36 10 48 12 80 6 34 75 69 70 46 25 1 2 35 81 51 55 67 33 68 14 54 62 11 41 13 4 60 77 39 15 29 28 37 49 40 45 57 
38 4 36 54 11 9 72 56 15 74 39 33 23 48 81 6 46 44 62 68 63 40 16 60 14 2 42 77 67 73 52 10 26 64 8 71 21 69 61 78 58 24 59 35 25 51 18 1 47 79 53 5 49 17 30 66 43 27 3 29 28 50 7 31 45 37 32 12 19 57 75 22 55 34 65 70 20 76 41 13 80 
19 47 76 39 29 32 18 37 41 67 26 72 11 25 45 28 8 24 33 66 3 71 69 20 27 38 53 30 16 51 54 48 62 75 6 81 79 14 64 44 1 4 57 49 46 13 40 7 63 74 50 73 61 2 70 52 21 22 34 60 59 15 5 23 68 55 36 80 65 43 9 58 56 12 31 77 17 42 35 78 10 
23 30 40 44 49 50 1 3 77 10 80 54 68 51 12 18 37 79 28 70 64 59 11 4 29 56 39 78 34 25 65 60 15 17 47 32 5 76 63 22 7 26 71 2 81 42 62 52 38 66 55 41 24 36 8 75 9 57 6 45 31 13 48 67 73 72 53 35 61 20 69 46 16 19 14 43 27 21 58 74 33 
51 78 22 34 28 61 65 6 52 71 42 27 62 15 1 66 43 31 75 58 81 32 8 10 19 5 45 55 69 13 46 2 9 40 11 35 30 70 16 67 74 29 41 54 56 26 60 14 48 57 37 64 23 77 63 38 25 72 53 20 18 80 12 24 76 50 33 39 79 21 17 49 73 44 47 4 7 36 59 3 68 
44 56 9 57 60 79 53 65 49 52 71 16 28 43 54 2 45 1 67 41 13 4 30 8 46 35 77 39 74 40 32 47 61 50 34 29 33 75 80 25 63 27 17 66 22 5 7 81 10 11 38 24 36 68 58 20 73 76 31 12 21 42 70 64 62 23 55 37 72 51 78 48 14 59 26 3 69 15 18 19 6 
80 50 11 22 33 30 24 1 67 23 36 75 4 69 31 70 63 27 12 76 34 15 58 32 16 14 28 73 64 54 25 62 43 81 51 3 29 2 47 38 40 74 60 52 20 65 6 48 17 37 56 44 18 57 78 55 79 66 49 13 35 59 10 61 71 46 7 26 5 68 77 19 42 45 21 72 8 39 53 41 9 
64 19 41 51 6 70 48 71 81 30 60 73 49 55 10 21 76 50 29 56 37 69 3 17 22 23 20 68 38 4 75 77 36 78 79 7 58 54 26 31 15 34 18 72 24 46 1 47 14 80 25 12 63 39 45 11 5 32 28 44 8 61 43 9 53 59 27 40 66 35 42 13 57 67 33 62 74 16 2 52 65 
72 23 15 31 40 29 42 36 69 34 8 53 66 81 58 35 57 25 51 63 26 65 60 52 33 68 79 18 56 24 44 41 55 45 9 49 48 43 1 37 12 14 5 30 71 62 3 59 20 27 67 22 78 76 77 4 39 19 47 6 46 54 2 16 32 28 74 10 11 73 70 21 13 17 38 50 61 75 80 64 7 
34 45 13 63 32 16 78 25 28 38 56 46 65 20 7 61 26 42 31 2 9 72 64 36 70 47 62 27 35 12 14 80 69 37 59 5 51 3 67 10 8 19 39 68 55 30 33 53 66 21 49 58 15 74 48 50 41 24 71 22 40 57 18 6 4 43 44 17 52 79 54 75 1 11 77 29 81 23 76 60 73 
52 20 17 46 61 74 5 77 58 15 40 80 14 78 22 59 64 19 24 49 21 1 48 6 54 75 71 42 72 10 13 33 2 57 28 67 62 11 44 4 81 70 7 76 36 73 9 45 32 55 23 16 41 26 3 34 30 60 29 68 65 53 27 69 56 39 38 63 8 25 50 18 47 31 35 51 12 66 37 79 43 
73 2 14 18 76 7 39 66 43 77 62 51 17 67 6 44 74 12 59 11 10 27 19 55 78 61 40 21 53 20 58 71 8 23 26 22 32 45 42 56 16 79 9 65 28 60 31 75 13 35 52 4 50 64 33 72 15 63 69 25 1 37 38 47 29 81 30 34 3 80 41 57 46 68 5 24 48 70 49 54 36 
37 26 55 3 12 62 47 59 4 68 48 13 9 32 39 5 18 72 57 42 50 38 43 7 80 25 73 65 76 17 15 11 30 1 46 66 64 35 69 49 53 21 78 41 6 40 8 70 77 61 29 79 19 54 75 16 51 67 36 23 74 81 52 22 2 60 20 33 24 14 31 45 28 71 34 56 44 58 10 27 63 
21 38 10 8 27 54 68 75 35 11 37 41 79 33 29 3 24 47 18 45 5 53 74 39 66 44 81 48 19 60 16 70 6 52 63 31 61 73 57 50 59 23 46 13 77 71 51 42 69 28 72 2 43 34 7 17 14 80 56 26 9 62 64 49 1 58 67 76 36 15 65 12 4 20 78 40 32 55 30 22 25 
11 65 73 19 68 63 34 24 56 66 43 6 13 71 44 64 10 9 2 30 28 70 27 33 3 31 14 57 50 77 37 21 67 16 29 59 49 58 23 5 26 1 47 74 76 4 39 40 78 38 35 15 22 51 52 46 45 25 80 53 42 79 75 32 61 17 69 62 55 72 20 41 81 7 12 48 36 60 8 18 54 
81 60 44 2 51 58 3 49 6 61 65 47 56 21 52 7 53 37 64 13 40 78 23 67 18 73 26 80 15 66 69 46 33 32 42 63 4 28 14 17 72 10 62 8 29 70 36 31 45 68 20 59 1 24 41 30 50 12 55 77 76 19 71 74 27 48 54 79 34 22 57 25 38 9 75 5 11 35 43 39 16 
57 25 54 14 59 48 28 32 8 27 16 67 3 74 51 42 58 36 21 29 76 62 20 45 71 55 1 60 11 7 47 43 40 41 75 68 39 79 33 61 22 37 65 31 52 34 50 80 5 46 2 69 44 10 17 15 64 26 9 81 38 70 35 30 23 73 12 18 4 56 13 66 49 78 72 19 63 53 77 6 24 
46 66 74 50 16 17 40 21 22 12 76 29 57 45 49 38 72 55 36 4 7 61 75 68 79 6 5 10 20 65 19 35 51 53 18 23 13 78 34 11 43 67 32 25 41 14 28 37 30 77 81 27 64 62 56 8 54 3 2 31 60 48 73 26 24 63 9 70 33 39 52 1 15 80 69 59 58 71 42 47 44 
12 72 30 71 1 53 38 78 23 5 77 20 26 24 79 48 41 4 16 47 58 60 42 59 43 10 32 8 31 39 70 73 27 61 62 52 63 50 2 21 64 36 66 75 69 25 67 55 11 7 74 54 33 9 68 37 65 44 18 34 49 28 22 19 6 45 81 15 51 3 35 80 17 40 13 57 56 14 46 76 29 
35 79 69 9 41 55 15 47 70 22 18 2 50 31 25 78 73 23 48 46 52 54 72 80 17 39 8 24 36 74 81 5 58 38 1 64 12 53 59 45 6 42 56 20 40 66 57 3 65 76 13 19 60 71 16 51 11 61 63 14 32 27 4 44 49 77 29 75 43 28 10 7 34 21 67 30 62 68 26 33 37 
62 80 77 29 18 42 36 10 7 75 30 15 46 35 8 54 69 63 56 57 38 11 9 37 50 65 44 34 55 76 4 79 12 13 22 26 73 19 70 81 3 68 48 71 51 52 41 17 16 32 43 49 72 6 74 67 66 33 5 78 20 39 24 58 60 64 14 47 21 59 53 40 45 2 1 61 28 27 25 23 31 
39 27 31 64 67 26 43 45 13 80 33 17 34 11 14 40 62 81 19 69 35 66 49 12 74 22 41 72 30 71 48 78 25 28 2 56 77 9 15 54 44 38 24 60 57 61 63 79 18 42 75 47 53 21 10 6 29 1 59 36 58 7 23 76 37 5 16 46 50 65 68 8 20 51 70 32 55 3 4 73 52 
33 5 37 76 4 20 61 52 75 28 70 68 59 39 19 60 1 32 34 51 53 81 25 24 77 15 63 6 9 49 17 14 3 54 44 45 27 7 30 16 46 80 55 18 35 8 56 23 29 26 73 48 58 12 40 62 13 21 57 72 43 69 47 38 31 36 42 67 71 78 11 2 64 10 41 66 22 65 79 50 74 
################proper############## 

 average_time = 53.883090 

 success runs = 1 

 total average iters = 800464.000000 
