Success!!! 
 
 max_col = 
 81 
 
 run_time = 
 110.090527 
 
 once iters = 
 1600293 
 
50 45 46 53 73 64 15 80 8 52 41 14 21 49 70 43 36 48 59 26 38 4 54 68 47 61 58 24 9 71 39 79 78 13 62 56 16 20 23 67 30 7 31 60 5 44 40 27 28 55 51 6 66 3 11 22 81 25 76 63 2 18 34 29 17 42 77 69 65 33 37 12 35 19 10 75 74 72 1 57 32 
55 25 23 47 12 31 37 42 70 1 63 15 29 32 69 67 72 24 22 74 5 39 30 71 62 19 43 27 4 76 44 52 36 61 49 68 75 35 40 38 58 56 14 66 54 50 78 18 79 64 13 20 60 11 3 59 45 77 9 65 53 46 8 26 28 81 57 10 34 7 48 21 17 16 41 80 51 2 73 33 6 
11 9 7 59 43 52 32 4 72 77 55 18 75 3 42 74 26 6 33 53 41 50 40 27 28 24 25 66 46 37 1 38 51 58 8 64 21 69 29 2 44 17 36 39 57 19 15 12 35 65 45 63 16 81 73 68 14 20 10 80 48 5 23 47 76 78 56 60 79 22 71 31 13 34 30 70 62 61 54 49 67 
60 20 44 81 51 61 54 35 19 23 4 5 71 16 10 62 7 80 78 9 21 14 17 79 31 56 49 11 34 65 55 6 63 50 3 59 33 41 76 42 47 46 72 26 32 25 57 53 75 70 48 2 77 74 27 30 58 37 64 39 67 28 24 68 66 1 15 43 45 73 13 38 22 8 12 69 52 36 18 29 40 
26 65 58 78 18 69 62 77 48 76 37 57 45 35 17 46 31 22 51 16 80 3 10 64 13 67 60 40 19 74 33 14 15 54 28 23 71 49 63 9 25 34 70 55 61 52 39 30 68 8 73 36 21 4 12 29 38 75 79 42 6 1 72 53 50 5 2 41 24 32 44 20 43 66 81 47 7 27 11 56 59 
49 75 16 28 39 13 3 63 22 64 11 25 81 47 40 56 34 53 1 55 35 37 66 72 6 20 76 32 18 17 12 10 67 80 2 57 8 59 19 79 65 73 77 27 24 69 58 33 71 26 9 54 29 41 70 21 52 50 78 43 7 60 51 62 36 4 30 14 61 46 23 74 42 68 48 31 44 38 15 45 5 
2 34 57 21 14 6 17 79 10 58 27 33 9 61 8 65 59 66 45 7 12 63 46 73 29 75 11 42 5 70 20 41 30 26 72 48 1 3 52 37 81 78 80 13 68 56 31 62 22 32 38 43 47 24 44 4 74 40 19 15 71 36 69 51 35 16 67 18 49 54 55 64 25 60 77 23 39 76 53 28 50 
56 67 36 30 66 41 71 76 27 51 68 2 79 19 73 38 44 78 48 18 81 42 70 65 34 52 57 77 16 29 21 22 45 25 60 69 50 15 74 12 10 43 53 28 11 59 80 1 17 5 23 49 37 7 13 33 35 62 61 32 54 31 47 6 40 39 72 8 63 75 58 3 24 4 55 14 64 20 46 9 26 
38 40 5 74 1 29 24 68 33 12 39 30 54 60 28 50 20 13 32 69 2 36 44 8 23 77 15 73 35 31 53 81 75 43 7 47 18 6 48 51 45 62 4 64 22 61 67 42 46 10 34 14 72 76 16 66 17 49 57 41 55 26 56 25 9 52 80 27 11 70 19 59 37 21 71 63 58 65 3 78 79 
35 80 21 24 69 48 29 72 34 43 64 50 37 40 20 55 12 74 56 63 78 70 25 30 57 36 9 46 27 1 47 68 52 14 79 33 53 75 10 45 39 8 22 67 28 13 16 23 59 60 58 5 41 65 54 81 19 61 31 4 11 3 66 38 18 77 7 76 73 17 42 71 32 6 44 49 26 62 2 51 15 
12 63 67 71 30 40 4 47 13 11 78 54 60 33 19 49 14 52 5 42 32 62 35 1 18 73 46 34 74 41 81 36 69 75 58 25 77 43 59 50 20 70 38 15 66 21 6 76 39 17 56 53 45 29 22 23 7 10 51 48 16 9 26 61 27 2 3 64 44 68 72 24 65 37 8 57 79 28 80 55 31 
8 18 51 62 45 81 78 74 44 56 67 6 7 30 3 15 17 39 76 38 71 59 53 16 41 54 19 60 22 13 4 2 48 70 26 65 57 63 80 61 31 79 52 33 34 32 66 50 27 12 1 73 64 42 25 37 36 47 43 55 77 35 58 5 23 40 69 49 46 21 28 10 75 24 72 68 9 11 14 20 29 
65 23 38 49 33 42 10 32 41 8 26 53 24 75 80 21 58 1 39 6 20 44 69 37 74 12 27 64 78 59 31 57 77 51 66 62 72 54 5 19 60 18 16 25 40 70 11 15 7 36 46 61 43 28 79 2 50 68 17 67 52 34 14 9 22 48 55 4 13 63 29 81 3 35 45 30 73 56 71 47 76 
66 60 53 19 70 58 2 52 5 29 81 41 68 59 51 45 4 32 14 24 75 40 28 61 10 79 17 21 56 9 11 43 7 76 20 67 65 47 49 30 73 23 13 35 55 18 3 71 77 34 44 25 80 31 72 42 46 78 27 69 39 8 1 15 62 57 6 37 50 26 74 54 36 63 22 33 48 16 38 64 12 
31 77 56 57 22 14 61 27 3 79 70 72 10 48 76 71 9 69 55 8 11 58 45 29 52 23 68 16 37 38 5 39 12 15 18 6 4 44 21 32 78 64 42 46 51 81 19 63 33 49 47 26 2 20 75 24 73 28 60 40 59 62 30 66 41 65 25 36 1 80 43 35 7 50 74 67 13 34 17 53 54 
25 79 37 1 64 46 9 43 75 2 77 73 28 13 18 22 61 65 50 3 72 31 34 60 66 51 26 8 54 80 24 19 49 63 42 29 27 7 14 36 17 74 48 6 56 68 62 55 10 67 4 35 78 38 15 57 44 41 71 76 45 12 20 16 33 11 53 32 47 58 52 30 40 59 21 5 69 23 70 39 81 
73 16 26 68 6 17 36 15 50 63 38 34 47 46 57 35 5 23 13 65 77 22 2 7 43 81 67 30 45 40 28 55 53 72 44 71 3 1 24 76 41 9 11 58 62 8 79 48 37 75 69 51 52 54 18 32 64 33 80 29 49 74 21 59 20 12 70 31 39 14 56 78 60 10 27 4 66 19 25 61 42 
7 39 11 55 54 59 20 28 76 36 16 62 31 27 44 66 25 42 21 48 47 64 4 80 15 49 33 35 17 32 73 61 23 3 10 50 68 29 12 26 71 81 69 2 37 30 24 9 57 40 14 74 22 72 65 5 53 63 6 13 56 70 38 79 75 19 60 51 8 67 45 34 58 52 46 18 77 41 43 1 78 
61 35 63 34 58 57 33 10 43 25 24 29 41 74 15 26 42 16 64 19 8 47 72 59 51 76 37 38 32 23 7 53 31 39 11 5 22 9 1 17 70 40 21 73 77 20 36 67 66 71 68 45 75 6 46 27 65 79 54 30 81 50 49 78 52 28 48 62 3 56 12 80 18 69 14 2 60 44 4 13 55 
68 52 32 29 15 44 27 19 38 31 71 66 23 78 5 48 2 61 24 54 55 17 1 28 77 42 20 3 6 46 49 9 35 45 69 74 47 80 30 62 36 72 50 76 41 79 21 51 65 39 70 13 53 26 10 18 56 60 63 16 25 64 73 81 7 22 14 75 4 37 8 40 57 33 67 43 11 59 58 12 34 
69 37 14 6 79 62 67 59 26 35 65 40 22 12 39 70 63 72 74 73 53 52 5 21 50 27 61 54 20 55 75 80 44 19 78 41 46 57 13 8 56 10 68 4 42 60 23 81 34 43 18 7 25 64 71 28 32 38 11 47 58 15 48 30 1 36 16 17 33 49 2 29 77 51 3 45 31 24 66 76 9 
77 53 22 51 56 23 28 8 18 13 32 58 64 37 7 1 76 43 49 66 40 6 71 45 4 31 78 33 72 63 48 27 14 57 61 81 29 65 60 11 34 3 12 79 20 41 69 5 24 30 16 38 55 73 74 67 59 80 36 9 17 75 2 35 70 68 21 39 26 44 15 46 19 47 52 54 50 25 42 62 10 
71 48 12 64 21 16 41 31 66 75 73 67 33 44 62 81 50 55 60 79 7 57 11 26 36 43 23 17 68 2 13 65 25 1 56 34 28 19 39 6 52 24 18 63 45 78 14 61 42 72 3 4 27 59 40 53 8 35 20 22 76 69 70 58 77 10 54 9 32 74 47 51 49 29 37 15 5 46 30 38 80 
4 11 20 46 81 7 13 75 74 34 8 17 27 68 36 28 3 49 29 32 10 12 16 35 14 30 44 15 24 73 42 64 58 60 77 18 54 37 69 71 48 33 23 5 67 47 9 2 50 1 40 80 56 22 78 31 62 51 55 45 43 66 52 19 65 61 59 38 57 76 25 53 26 79 39 21 72 6 63 70 41 
80 73 76 39 72 3 25 1 9 60 54 52 6 57 4 30 77 21 18 46 69 41 33 56 2 15 75 36 62 16 66 47 79 40 51 70 38 32 55 78 49 61 26 43 59 17 74 11 8 63 28 31 58 10 29 19 37 13 24 14 12 42 44 34 67 64 50 71 5 20 27 45 53 23 7 65 81 68 22 35 48 
17 49 42 50 24 55 70 5 45 19 18 11 56 53 9 47 38 14 67 80 68 13 39 34 25 65 62 4 30 22 76 59 28 37 52 10 2 58 44 7 64 31 51 81 75 54 32 35 12 15 57 29 46 48 61 26 3 21 1 77 33 23 41 69 73 72 66 6 43 79 63 60 20 36 78 16 40 71 8 27 74 
78 2 60 36 65 30 47 54 40 45 79 69 46 51 59 20 80 10 81 22 3 48 38 9 63 58 70 71 29 67 43 50 26 8 12 21 14 25 53 74 66 27 35 16 15 77 37 49 52 76 33 44 19 62 68 34 6 39 72 57 4 7 5 31 11 55 13 24 23 18 41 42 73 1 17 61 56 64 28 32 75 
19 10 47 43 4 54 18 9 24 55 40 80 11 62 58 12 66 28 71 56 14 20 57 52 22 8 6 49 64 53 26 74 39 30 75 76 67 60 50 31 3 25 37 61 23 1 68 70 45 44 21 78 7 69 63 65 79 46 32 51 34 17 33 42 48 15 35 77 27 81 73 2 41 38 29 72 16 13 59 5 36 
28 12 13 5 55 34 22 39 71 33 47 70 53 52 75 63 46 3 10 25 43 23 50 15 68 17 42 79 69 4 60 72 41 73 48 24 56 51 81 16 57 1 44 62 64 6 27 38 31 18 77 67 49 8 21 11 2 66 58 37 78 30 76 45 14 9 20 26 29 61 59 36 74 65 54 40 32 80 19 7 35 
15 32 49 11 20 2 76 73 81 68 48 37 51 77 43 44 22 25 38 47 36 35 18 69 24 3 80 52 31 21 29 56 17 55 67 9 78 14 72 40 74 5 8 19 6 66 13 59 16 33 54 71 61 79 7 12 39 1 50 53 41 4 27 10 57 23 28 46 64 65 70 62 30 75 58 34 45 42 26 63 60 
33 17 68 3 48 35 1 29 65 74 45 60 38 50 79 64 10 57 40 13 27 53 55 66 11 34 2 7 44 19 8 63 16 77 54 28 36 30 43 39 59 75 71 49 70 4 73 26 23 51 25 32 5 58 9 61 15 52 42 18 31 22 62 21 56 76 24 78 80 41 67 72 46 81 47 12 6 14 20 69 37 
41 62 8 38 31 63 30 78 80 21 5 20 39 26 16 23 13 76 58 75 54 65 67 51 32 59 4 57 3 18 27 12 61 81 37 42 79 45 2 69 35 52 73 34 9 10 29 46 40 22 43 15 14 47 6 77 72 55 44 36 24 19 60 1 68 7 17 74 66 71 53 49 70 48 33 64 28 50 56 11 25 
53 66 59 61 40 77 6 45 64 15 31 19 65 73 24 41 18 4 44 70 60 49 9 46 81 26 29 20 1 78 36 62 33 34 25 35 63 48 7 21 32 13 58 68 47 39 30 75 76 74 72 42 12 55 67 56 69 71 5 28 14 38 80 22 51 3 37 16 54 11 50 52 23 17 79 27 2 43 57 10 8 
23 58 25 60 42 21 14 57 52 61 6 7 17 36 35 69 78 81 30 1 62 28 12 63 72 33 74 13 65 51 50 5 32 68 59 2 10 26 38 27 55 66 76 77 46 48 20 64 56 80 41 11 24 37 47 75 16 54 70 73 29 45 43 40 79 31 34 19 18 8 39 4 71 53 9 44 15 49 67 3 22 
46 26 50 72 27 70 51 36 7 67 34 71 49 56 29 42 32 30 16 37 39 78 21 5 19 64 79 43 14 45 38 58 11 66 23 22 80 53 17 54 33 20 15 41 18 9 65 28 60 52 81 57 62 2 8 35 10 3 59 74 13 48 40 12 25 75 63 44 6 47 69 55 76 73 61 77 68 1 24 31 4 
79 44 74 69 16 75 56 67 37 14 2 1 59 9 54 72 8 27 73 77 76 7 61 41 48 45 31 6 10 47 15 40 70 71 80 46 11 12 28 24 22 42 65 29 4 3 50 34 63 35 17 19 36 53 57 64 49 81 26 20 23 25 68 32 43 30 58 13 60 38 5 33 21 78 66 55 18 51 39 52 62 
75 33 70 14 38 9 49 12 51 40 66 16 73 79 65 5 68 47 53 2 37 27 78 25 42 55 34 72 21 24 46 48 13 22 50 77 43 36 67 15 4 58 54 7 3 80 81 17 69 6 74 28 31 56 23 10 26 29 52 71 63 44 64 20 61 35 39 45 59 19 11 76 62 57 32 1 8 60 41 18 30 
63 24 30 66 5 71 59 3 29 72 51 27 20 18 46 9 75 34 69 43 52 8 47 70 44 32 16 81 61 49 68 26 60 35 1 53 76 2 73 64 13 22 74 38 19 15 55 21 62 42 79 37 57 78 36 48 4 58 45 6 65 41 11 33 80 17 12 40 14 50 31 7 67 56 23 10 54 39 77 25 28 
72 8 79 26 50 67 40 18 78 4 14 45 74 21 2 76 57 33 41 64 48 54 59 49 60 39 81 44 7 28 3 31 43 62 27 30 5 34 51 53 42 77 24 37 12 65 61 22 25 20 32 9 23 68 56 13 1 73 38 46 66 47 75 71 69 63 52 58 70 29 10 6 11 80 36 35 55 17 16 15 19 
13 15 35 42 77 73 81 61 21 70 3 36 63 17 67 54 60 29 31 72 33 80 76 14 58 5 45 37 79 39 78 11 4 69 64 8 41 55 20 10 50 47 56 18 1 16 46 44 51 7 75 40 26 30 62 74 28 22 2 12 19 49 57 23 32 66 27 25 9 43 34 68 38 71 6 52 24 48 65 59 53 
37 4 1 54 60 39 55 44 46 81 42 56 35 7 22 19 71 41 17 57 61 15 24 20 40 11 73 76 51 36 63 25 10 32 14 52 31 23 62 33 26 59 6 80 79 43 49 13 48 53 64 50 70 34 30 8 77 27 68 21 72 16 67 65 74 38 18 28 2 5 78 75 47 45 69 9 29 66 12 58 3 
10 27 52 65 7 28 45 58 53 62 1 48 61 39 13 6 55 12 23 21 66 77 19 22 46 50 3 41 40 34 67 17 74 2 73 80 44 16 70 57 11 49 25 69 78 63 4 72 47 29 60 24 38 71 32 20 76 31 18 59 9 33 35 56 15 8 51 54 30 36 79 26 5 64 68 42 75 81 37 14 43 
32 57 43 48 41 76 19 64 68 59 10 78 30 38 23 77 11 8 7 12 6 74 29 13 56 62 28 70 15 42 45 71 65 9 47 20 81 40 75 14 46 39 63 52 60 58 1 36 5 66 35 27 67 18 80 17 61 53 25 79 69 54 3 24 4 37 44 55 22 72 21 16 31 49 50 51 34 26 33 2 73 
16 47 62 22 34 36 80 25 23 28 50 31 69 43 64 32 52 37 75 4 79 1 26 67 38 35 71 29 55 12 6 18 54 56 5 58 61 17 27 65 9 68 66 72 30 11 8 10 19 77 2 33 59 45 14 51 40 7 15 60 42 24 39 49 3 53 73 81 48 57 46 41 78 20 76 13 70 21 74 44 63 
74 6 31 17 2 56 69 11 20 24 15 26 58 25 49 80 53 44 9 51 18 68 65 10 30 63 36 59 33 75 23 66 19 38 57 16 45 21 32 48 28 35 29 8 71 76 52 14 41 54 12 3 73 39 5 50 55 43 34 70 37 78 81 60 47 13 62 67 42 1 64 77 27 72 40 79 4 7 61 22 46 
22 43 80 31 74 15 38 51 14 10 76 23 8 71 1 11 39 75 27 40 73 69 60 50 54 46 35 12 41 62 64 4 2 20 65 37 66 18 16 44 6 29 9 59 13 45 63 77 72 56 30 55 68 21 28 25 24 42 49 17 5 79 32 57 78 67 47 52 19 3 81 48 33 61 53 26 36 70 7 34 58 
40 55 6 76 23 1 79 71 58 54 12 9 48 65 37 13 16 38 52 28 19 10 3 33 67 29 77 18 39 26 57 49 46 27 53 73 32 72 61 5 24 51 78 11 35 75 25 80 74 14 42 8 44 50 43 15 31 36 81 68 22 56 4 41 30 70 45 7 20 34 60 17 69 62 64 59 63 47 21 66 2 
21 3 41 18 35 50 66 26 2 32 56 63 78 45 68 29 49 67 42 31 24 16 74 23 8 37 47 80 52 33 61 1 81 59 36 51 34 28 64 73 12 57 62 30 38 5 17 6 70 79 19 48 54 60 20 9 71 14 7 44 10 58 46 75 53 27 11 22 69 13 65 43 55 39 15 25 76 4 40 72 77 
36 30 34 4 61 45 77 7 67 57 80 22 26 5 55 79 27 40 43 44 70 32 49 6 21 41 39 69 28 25 72 3 50 42 19 78 17 68 37 63 75 48 20 71 10 53 33 52 38 73 66 47 81 9 64 76 11 18 13 2 62 65 59 14 31 46 1 15 58 23 35 8 51 54 16 24 12 29 60 74 56 
81 68 24 9 19 27 53 65 63 20 44 74 34 42 72 7 15 17 62 71 4 25 51 12 45 48 1 31 75 56 35 23 21 6 55 38 70 8 54 43 14 2 79 36 49 29 28 58 11 46 76 22 69 61 33 78 60 16 47 3 50 39 77 37 64 32 40 59 10 66 26 18 80 5 57 73 41 30 13 67 52 
29 70 73 33 62 8 72 16 56 50 52 21 4 64 60 31 47 35 57 81 17 34 58 76 5 2 30 22 63 44 14 24 66 11 68 45 15 46 25 3 69 67 7 65 53 40 41 37 1 59 10 39 13 27 19 6 51 74 75 23 26 55 54 77 71 80 36 79 12 42 38 61 28 9 20 32 49 78 48 43 18 
54 69 75 32 10 5 42 49 17 53 19 3 77 6 66 61 28 46 63 11 64 38 68 36 80 78 59 58 13 43 71 70 29 7 15 60 55 76 56 81 1 4 40 47 39 26 34 57 67 24 20 18 51 12 52 73 41 30 48 8 35 72 45 50 2 25 74 21 16 62 33 9 14 27 31 22 23 37 44 79 65 
44 28 48 12 59 78 60 46 47 73 62 81 25 58 41 36 30 51 15 14 13 9 20 53 7 18 66 67 76 79 16 8 5 17 34 54 52 31 22 23 77 26 33 74 80 35 43 3 2 4 71 64 65 32 37 70 27 69 21 61 57 40 29 72 24 6 68 63 55 39 49 56 45 42 11 50 38 10 75 19 1 
20 13 64 52 57 11 39 37 25 18 43 59 2 69 33 14 24 70 65 61 56 26 79 55 75 72 22 47 48 10 40 77 9 74 30 32 19 27 58 41 21 45 60 42 50 36 7 16 78 31 62 23 15 49 53 63 34 67 66 1 38 80 12 4 54 44 29 73 76 28 51 5 68 46 35 71 3 8 6 81 17 
64 36 54 15 76 10 63 22 61 80 60 49 16 23 12 3 73 71 2 34 44 45 56 47 9 57 65 62 81 58 69 46 55 28 35 79 30 77 4 68 5 50 59 31 25 7 48 40 14 37 8 75 39 17 51 43 20 72 29 66 70 53 74 52 19 24 32 42 38 27 18 1 6 41 13 11 21 67 78 26 33 
70 21 45 67 17 43 57 66 69 37 9 4 76 28 53 58 40 36 68 39 16 18 23 54 35 80 12 56 2 27 41 7 64 52 13 31 62 73 8 22 19 71 34 20 81 49 10 65 55 50 24 60 11 5 42 47 25 59 30 26 15 61 6 3 44 29 33 48 74 78 77 63 1 32 38 46 14 79 72 75 51 
18 81 27 2 52 24 7 13 60 78 57 35 43 70 38 68 67 77 26 20 51 21 75 74 73 66 41 39 53 30 19 45 80 12 33 3 48 61 65 72 79 63 49 32 16 71 42 69 36 58 29 56 4 1 76 40 5 34 8 10 44 11 50 46 6 59 23 47 28 31 14 22 9 15 62 37 25 54 55 17 64 
59 41 78 77 8 19 73 62 31 17 46 39 14 20 81 25 21 54 79 27 15 29 37 40 61 7 32 48 60 72 51 67 71 65 70 11 58 33 6 75 23 69 47 44 36 74 12 43 18 3 53 16 34 35 55 1 22 24 4 38 28 13 63 80 26 45 64 2 56 10 9 50 66 30 5 76 57 52 68 42 49 
9 38 40 44 32 72 46 56 79 22 59 61 19 55 47 52 69 31 25 30 28 33 48 62 71 10 50 5 26 68 34 37 24 23 6 75 42 39 45 66 43 15 1 21 14 64 70 54 73 13 78 76 63 51 41 3 80 17 35 49 27 81 7 11 58 20 8 12 67 60 36 57 4 2 18 53 65 74 29 77 16 
51 5 65 58 11 26 34 48 6 30 7 10 62 24 56 2 1 63 8 78 49 46 77 17 3 60 14 61 43 57 25 54 42 44 4 36 37 74 41 18 38 28 64 12 29 67 59 19 81 9 80 68 32 33 39 45 75 23 16 52 21 71 31 55 13 79 76 72 15 53 40 66 50 22 70 20 35 69 27 73 47 
3 74 4 25 75 47 35 53 28 26 33 65 18 72 34 27 48 50 36 59 67 43 52 42 55 6 24 1 66 15 9 73 76 78 29 63 13 10 11 46 51 60 2 57 17 62 38 41 20 21 22 77 30 23 69 54 12 64 14 19 32 68 79 39 5 49 71 70 7 16 61 37 8 44 56 58 80 31 81 40 45 
14 42 55 37 71 68 50 20 16 66 13 8 5 29 11 75 6 79 70 58 22 72 31 81 76 1 64 74 59 77 17 21 38 49 32 40 9 24 35 80 67 53 3 54 52 57 26 45 15 47 27 46 28 44 2 60 33 48 62 56 18 73 78 43 34 51 4 65 41 69 30 25 10 7 63 19 61 12 23 36 39 
30 1 39 80 29 49 23 33 12 42 74 44 15 41 32 51 64 45 4 5 63 19 13 11 69 38 53 10 50 8 18 16 20 47 22 14 40 78 26 56 7 76 55 70 27 2 72 31 61 25 6 52 79 66 77 46 67 9 37 58 36 57 65 17 81 62 75 68 21 35 54 73 59 43 28 60 71 3 34 48 24 
5 61 69 16 9 79 11 24 57 41 49 51 44 31 71 59 70 58 46 52 45 67 6 38 39 53 55 26 25 60 2 33 27 18 17 43 12 81 3 28 63 32 30 1 65 37 47 73 54 48 15 72 74 80 66 36 68 4 56 7 8 76 22 64 10 21 19 29 35 77 62 14 34 13 75 78 42 40 50 23 20 
39 7 10 45 78 18 44 6 55 46 29 38 32 76 26 37 19 2 54 50 25 71 22 58 27 16 56 51 77 52 79 13 62 64 41 61 74 42 47 70 8 14 17 23 72 24 5 20 4 28 31 69 35 75 1 80 9 65 3 11 60 21 15 63 59 43 49 34 40 30 66 67 81 12 73 48 33 53 36 68 57 
48 29 2 70 13 53 31 14 59 3 72 75 1 15 27 17 23 64 28 76 26 11 63 4 33 47 5 45 71 6 32 34 56 21 46 7 20 22 18 60 68 36 41 10 69 38 44 66 9 57 49 58 40 19 81 39 30 12 67 24 51 52 25 73 16 74 42 50 78 55 80 65 79 77 43 8 37 35 62 54 61 
27 76 28 56 47 33 65 60 4 16 53 55 50 14 30 10 43 11 37 29 34 61 62 19 78 40 13 23 12 3 70 69 72 48 63 1 25 64 66 77 80 54 39 9 7 51 71 68 6 41 36 79 8 46 31 38 42 57 73 35 20 59 17 18 45 26 81 5 52 2 75 32 15 58 24 74 67 22 49 21 44 
52 71 19 20 80 32 58 23 77 39 28 68 67 34 74 4 65 7 72 35 1 79 81 3 49 70 10 9 36 5 30 29 40 53 31 44 6 62 57 59 61 38 27 48 73 12 22 60 64 2 50 21 42 63 45 41 54 26 69 78 75 43 13 8 37 33 46 11 25 24 17 15 56 18 51 66 47 55 76 16 14 
67 64 66 40 37 38 74 17 49 48 35 47 57 22 45 24 79 20 77 68 42 60 32 2 65 9 18 14 73 11 58 78 8 16 81 39 26 71 31 13 15 21 75 50 43 33 56 25 30 61 59 62 76 52 34 44 63 70 53 27 46 10 55 36 12 54 41 3 72 51 1 23 29 28 4 6 19 5 69 80 7 
34 54 81 35 68 25 75 30 15 9 36 42 40 8 21 33 56 73 12 23 31 51 41 43 64 74 69 19 80 66 59 20 22 10 24 55 49 4 46 29 2 11 45 78 44 14 77 7 26 16 67 1 17 13 48 62 18 5 28 50 79 32 37 70 39 58 61 57 53 6 76 47 72 3 65 38 27 63 52 60 71 
1 46 3 73 36 12 21 50 62 5 61 13 66 63 77 78 54 18 80 15 59 75 8 48 17 14 7 28 57 35 65 42 68 67 38 49 24 56 33 52 37 55 19 51 76 34 45 29 53 23 11 81 10 43 58 16 47 2 74 72 40 6 71 27 60 69 79 20 31 4 22 44 64 26 25 39 30 9 32 41 70 
43 51 72 8 63 22 26 41 42 69 25 12 52 80 6 60 81 62 66 36 57 30 73 24 20 44 21 75 47 50 54 76 37 4 74 15 35 5 79 34 53 16 67 40 58 27 18 39 32 78 55 65 3 70 49 14 29 19 23 33 64 77 61 13 38 71 9 56 68 48 7 28 2 31 1 17 59 45 10 46 11 
6 31 18 79 53 66 52 21 73 7 20 43 12 54 61 8 41 19 34 49 23 76 42 39 16 13 40 55 70 81 62 35 47 46 45 26 51 50 71 25 29 44 32 56 48 28 60 24 3 68 5 30 33 15 4 58 78 11 22 75 80 27 9 67 72 14 65 1 17 59 57 69 63 74 2 36 10 77 64 37 38 
47 78 29 23 25 4 68 69 1 71 22 32 42 10 52 53 74 56 61 67 58 5 14 18 12 28 54 65 8 7 80 51 34 33 43 72 64 13 36 20 16 30 57 24 31 55 76 79 21 45 39 17 50 40 26 49 66 44 77 81 73 37 19 2 63 60 38 35 62 15 3 11 48 70 59 41 46 75 9 6 27 
58 50 15 63 28 51 43 70 39 47 30 77 3 67 25 40 33 26 35 62 9 55 36 78 1 4 8 2 11 64 37 32 6 29 16 27 73 38 34 49 18 80 81 75 21 23 53 74 44 69 65 59 48 14 17 79 13 45 46 54 61 20 10 7 42 41 31 66 71 12 68 19 52 76 60 56 22 57 5 24 72 
45 59 61 27 49 80 64 38 36 44 17 76 55 66 63 57 51 15 11 10 65 24 7 32 26 22 72 68 23 54 74 28 73 41 71 13 60 79 9 47 62 19 46 14 2 31 75 78 29 81 52 34 20 77 50 69 70 6 12 5 1 67 18 48 8 56 43 30 37 25 16 58 39 40 42 3 53 33 35 4 21 
24 14 17 75 44 20 8 55 11 27 58 28 80 81 78 18 37 60 47 41 50 66 15 77 59 68 52 53 49 48 22 30 57 31 9 4 39 67 42 35 72 65 5 3 33 46 54 56 13 19 63 12 1 36 38 7 21 32 40 64 74 2 16 76 29 34 10 23 51 45 6 70 61 25 26 62 43 73 79 71 69 
76 72 77 10 3 65 5 81 35 49 69 24 70 2 50 39 62 68 19 45 46 73 43 75 37 21 48 25 67 61 56 44 1 79 40 66 59 52 78 4 54 12 28 22 63 42 64 32 58 38 7 41 6 57 60 71 23 15 33 31 30 14 53 74 55 47 26 80 36 9 20 27 16 11 34 29 17 18 51 8 13 
62 56 9 41 46 60 48 2 32 38 23 79 13 4 14 34 29 5 6 17 74 81 27 44 53 71 63 78 42 20 52 75 3 36 76 19 69 70 15 55 40 37 43 45 26 73 35 47 49 11 61 10 18 16 59 72 57 8 65 25 68 51 28 54 21 50 22 33 77 64 24 39 12 67 80 7 1 58 31 30 66 
57 22 71 13 26 74 12 40 54 65 21 46 36 1 48 16 45 59 20 33 30 56 64 31 70 25 51 63 38 69 77 60 18 24 39 17 7 11 68 58 27 6 10 53 8 72 2 4 80 62 37 66 9 67 35 55 43 76 41 34 3 29 42 28 49 73 5 61 75 52 32 79 44 14 19 81 78 15 47 50 23 
42 19 33 7 67 37 16 34 30 6 75 64 72 11 31 73 35 9 3 60 29 2 80 57 79 69 38 50 58 14 10 15 59 5 21 12 23 66 77 1 76 41 61 17 74 22 51 8 43 27 26 70 71 25 24 52 48 56 39 62 47 63 36 44 46 18 78 53 81 40 4 13 54 55 49 28 20 32 45 65 68 
################proper############## 

 average_time = 110.090527 

 success runs = 1 

 total average iters = 1600293.000000 
