Success!!! 
 
 max_col = 
 81 
 
 run_time = 
 58.108819 
 
 once iters = 
 900815 
 
2 12 17 68 44 55 71 73 81 66 67 18 9 41 49 54 13 70 16 20 48 80 77 31 29 53 24 75 30 8 3 60 46 58 64 32 56 21 42 78 59 11 76 63 61 26 23 40 43 4 37 10 72 51 74 27 5 35 50 7 62 33 1 19 36 28 34 25 47 39 65 22 38 14 57 69 15 79 45 6 52 
41 35 74 8 47 69 26 48 30 44 77 17 55 14 12 25 1 27 15 33 49 67 54 11 13 75 50 28 40 61 65 78 18 31 62 71 19 64 29 16 20 79 3 5 60 38 63 56 7 76 9 68 6 21 80 10 34 70 22 57 66 42 81 45 43 73 23 53 37 32 52 59 46 36 72 24 39 2 51 4 58 
22 66 64 33 9 56 16 23 79 40 10 61 59 26 19 36 69 15 14 72 4 43 52 42 71 39 37 38 70 77 55 50 49 57 20 44 67 30 32 53 65 34 62 41 28 74 35 73 60 48 29 47 80 2 11 31 8 12 13 45 18 58 51 24 3 27 46 68 6 54 63 75 81 5 17 25 7 21 78 76 1 
53 54 24 77 59 6 38 29 60 34 43 28 21 5 47 39 74 8 57 78 55 69 19 18 56 79 58 9 37 11 27 15 73 81 66 26 7 44 10 25 72 22 51 12 75 70 41 49 13 52 45 20 64 1 68 46 61 32 2 3 36 17 48 14 16 50 4 33 35 67 31 76 42 80 23 65 71 63 62 40 30 
72 7 67 3 4 15 31 14 80 60 37 46 79 29 32 62 51 68 1 9 23 81 34 76 63 47 8 5 21 45 48 10 19 56 2 13 74 39 50 69 17 49 43 58 35 57 22 11 54 65 55 53 75 36 71 24 44 78 52 26 25 6 40 66 38 61 30 20 12 42 70 18 27 16 33 77 59 64 28 73 41 
10 57 49 58 62 78 70 61 75 52 22 80 42 4 63 50 64 20 65 41 12 51 17 74 2 38 45 53 76 24 68 33 16 59 35 25 31 18 9 13 6 40 48 73 36 69 34 44 79 39 27 46 32 66 43 67 23 14 30 28 21 19 77 15 11 81 5 71 29 1 7 72 47 55 26 37 56 54 60 3 8 
40 28 32 11 27 76 63 51 25 30 23 48 2 38 45 65 24 7 70 59 6 35 46 61 73 5 68 69 67 17 29 43 36 79 34 74 1 81 4 52 80 37 57 8 26 78 16 18 71 3 33 42 14 77 64 39 72 15 47 75 54 60 20 58 56 41 21 55 62 9 49 13 66 19 44 22 50 10 53 31 12 
5 21 65 46 18 37 50 42 39 73 33 72 3 75 58 16 6 78 66 32 60 40 7 64 30 62 36 23 1 12 14 63 22 52 80 51 24 70 45 55 27 47 71 68 54 81 28 67 8 17 19 31 25 15 41 59 76 53 56 49 38 29 4 26 10 44 48 69 2 79 77 57 13 11 61 74 34 9 43 35 20 
34 20 52 45 13 19 43 1 36 35 31 81 71 57 53 56 11 76 3 21 28 27 10 22 26 25 44 54 41 7 42 4 39 72 6 47 33 66 38 2 46 15 23 77 14 59 12 30 62 24 58 5 50 61 79 37 63 73 9 16 69 65 55 64 17 80 40 74 51 8 78 60 18 67 29 70 48 75 32 49 68 
1 69 42 64 31 36 29 50 2 28 57 5 78 25 14 6 65 59 10 3 37 13 32 73 41 54 23 48 49 60 72 77 4 45 67 53 21 34 68 58 19 75 44 47 66 46 51 8 56 81 76 79 30 17 63 18 22 33 20 40 55 61 11 43 80 12 39 62 7 70 16 15 35 24 74 9 52 26 38 27 71 
26 3 72 23 17 4 62 66 20 61 18 2 70 11 54 21 32 58 48 65 56 64 76 45 6 19 77 22 80 34 59 51 25 43 68 36 46 29 5 8 81 42 52 13 27 53 10 69 28 71 57 75 41 9 16 74 49 60 7 73 15 35 50 38 44 1 24 14 30 40 67 47 31 78 79 12 37 33 55 63 39 
68 19 10 9 81 22 75 65 51 39 4 79 24 1 76 49 66 47 12 61 63 71 69 34 53 30 26 20 8 15 64 29 54 50 55 58 48 67 18 7 11 45 17 36 41 37 44 35 42 13 31 38 77 62 2 14 52 80 27 6 70 21 59 5 57 23 33 46 74 78 28 56 16 73 32 72 40 25 3 43 60 
57 15 54 63 58 8 52 60 78 41 42 9 30 13 38 81 36 43 7 5 68 17 72 40 33 35 27 19 73 10 21 75 74 16 47 69 23 31 49 71 64 51 24 1 62 55 65 29 80 59 4 70 20 12 37 53 77 39 3 34 46 79 67 25 2 26 32 76 48 50 66 61 45 18 11 14 6 44 22 56 28 
39 77 21 48 6 32 34 49 35 55 44 67 33 53 27 68 50 56 46 25 1 59 16 2 28 42 75 12 61 3 66 17 13 70 63 52 26 69 79 40 38 76 60 30 78 15 73 22 23 74 24 14 18 7 57 43 47 71 64 81 58 62 36 37 51 72 9 45 11 31 19 8 80 10 54 29 4 5 41 20 65 
27 33 40 79 73 41 59 37 38 10 26 51 29 71 60 75 46 48 81 70 62 74 4 39 21 43 11 42 5 1 2 56 35 9 7 28 12 6 53 3 15 77 63 14 80 67 32 78 47 25 61 19 16 52 65 8 24 44 68 72 31 45 66 55 18 17 20 64 36 22 54 58 69 34 76 50 13 30 49 57 23 
16 74 44 12 28 30 13 80 55 77 64 40 62 52 69 19 22 45 31 36 14 57 58 67 15 50 79 6 18 71 24 37 78 26 27 46 61 43 2 33 9 73 25 32 20 54 1 72 39 66 11 60 63 5 4 76 75 42 29 17 56 38 23 10 65 49 35 34 21 81 3 41 53 70 68 48 8 51 59 7 47 
24 67 14 53 70 47 45 7 61 63 20 73 74 8 15 17 31 3 29 18 38 49 60 66 80 51 52 30 44 65 57 11 23 76 40 39 16 22 37 54 56 10 35 55 72 21 43 34 50 33 68 58 26 6 5 25 41 28 78 9 48 12 32 75 4 59 79 42 69 13 71 27 1 2 36 46 19 81 77 62 64 
25 18 56 5 71 11 46 76 43 12 80 37 72 35 23 7 16 34 78 8 24 55 44 20 22 9 47 41 32 33 31 81 14 62 38 79 39 59 28 70 57 50 65 4 74 2 40 48 36 27 49 3 45 64 19 69 30 26 51 54 10 1 13 63 68 53 6 52 77 60 29 73 67 15 42 61 58 66 17 75 21 
66 61 38 70 75 31 42 6 33 51 50 11 26 7 40 77 21 69 49 43 3 14 41 30 74 16 5 58 62 59 19 39 52 65 73 17 34 47 13 22 35 1 20 45 18 9 46 37 48 56 72 32 81 24 15 71 12 67 80 64 2 55 78 36 25 8 53 4 79 63 68 29 54 76 27 57 28 23 44 60 10 
47 39 30 73 11 63 21 16 4 43 24 31 37 3 70 57 78 29 59 45 44 6 23 81 19 56 38 77 75 79 8 76 1 46 26 20 58 41 80 68 5 36 49 53 65 62 7 74 67 10 2 64 40 22 17 50 42 52 28 27 13 51 54 48 9 33 60 61 18 12 15 71 25 35 14 55 66 72 69 32 34 
81 60 68 28 54 57 36 53 41 74 6 71 61 19 10 27 20 62 22 34 78 11 13 50 76 70 21 51 7 16 80 18 44 15 31 55 63 52 24 14 40 29 8 23 9 49 42 33 73 35 65 12 5 4 32 72 25 79 75 48 45 39 56 59 69 43 66 3 46 30 64 1 17 47 67 38 26 37 2 58 77 
67 2 76 74 45 79 80 10 15 16 34 58 53 48 75 47 73 65 71 64 33 77 40 24 39 8 42 66 68 30 13 57 9 12 72 27 55 37 7 61 69 28 32 54 44 25 3 31 17 29 43 26 60 50 1 23 59 18 41 62 20 5 22 35 78 51 52 11 81 38 14 6 21 56 4 19 49 46 70 36 63 
58 23 19 24 26 29 77 8 3 46 35 32 4 9 1 28 56 80 60 66 51 79 75 62 72 37 55 25 64 22 71 67 47 34 33 54 11 15 6 27 21 12 59 42 39 76 18 36 68 16 14 52 69 70 73 38 57 40 74 63 53 43 61 2 45 7 13 10 49 17 44 65 5 48 30 41 78 31 20 81 50 
37 25 18 7 69 52 55 78 56 22 8 12 66 49 13 15 39 79 53 48 65 2 67 1 54 68 35 61 43 14 50 70 63 32 28 24 71 57 46 73 31 4 72 17 10 45 58 20 59 19 38 77 27 44 30 6 36 81 60 76 3 11 47 62 41 5 80 21 23 34 26 74 33 64 75 42 9 16 40 29 51 
14 32 62 17 40 43 1 12 5 45 36 33 76 72 18 38 59 81 27 63 58 46 26 52 69 80 7 49 35 21 11 2 6 42 60 56 70 25 74 50 78 64 75 48 3 79 30 41 55 57 66 8 51 23 77 34 29 10 4 24 44 68 9 28 54 37 47 67 16 19 20 31 15 53 73 39 61 22 65 71 13 
51 48 22 27 20 59 65 64 49 2 63 44 41 42 25 30 23 14 32 12 61 29 57 9 18 17 31 74 4 37 36 53 5 3 10 40 66 38 81 56 67 43 26 60 16 47 54 71 11 78 15 34 13 28 21 35 70 8 19 46 33 69 7 72 39 75 76 50 73 58 55 77 24 52 45 68 62 6 1 80 79 
71 50 35 72 34 13 9 46 44 17 68 55 5 67 52 60 54 64 25 47 10 28 36 4 20 73 15 45 38 69 81 48 41 23 29 78 76 77 33 79 30 62 19 2 51 75 61 53 1 6 21 80 39 63 14 65 58 16 31 37 49 66 26 27 40 22 56 70 57 24 42 32 12 43 59 18 74 11 7 8 3 
30 4 47 51 61 9 74 79 48 62 38 49 23 66 64 24 42 5 75 40 8 10 33 29 58 41 65 76 54 18 44 28 31 53 14 35 13 80 20 36 71 69 70 19 2 32 78 46 26 67 17 15 22 25 3 81 56 72 1 21 27 37 68 7 12 55 43 63 52 16 59 45 39 77 34 6 57 60 50 11 73 
60 1 34 52 66 23 54 56 67 26 25 50 20 32 36 14 33 10 2 27 35 68 42 19 47 11 73 64 72 48 7 62 69 29 70 30 57 61 55 81 63 3 79 22 17 18 49 21 37 43 6 65 8 58 13 77 9 41 40 15 39 80 28 71 53 38 44 31 75 74 76 4 51 46 78 45 24 12 16 5 59 
36 45 41 20 25 12 3 75 11 71 39 27 13 77 16 8 34 44 56 67 5 18 37 60 14 66 54 63 55 81 4 6 59 24 32 10 51 62 76 38 1 65 46 78 49 33 53 47 2 40 30 72 48 80 23 58 50 29 57 42 52 74 73 70 35 15 26 79 22 69 21 28 68 61 9 7 43 17 19 64 31 
42 73 58 71 35 26 27 55 16 59 51 65 67 60 68 72 80 74 23 1 70 20 21 3 57 15 46 52 13 43 61 34 66 78 45 38 6 48 56 24 44 32 41 50 37 10 39 4 81 5 64 7 12 29 54 62 33 31 76 79 63 18 53 17 19 9 49 30 40 77 11 14 36 69 8 2 75 28 47 22 25 
28 22 7 14 76 80 24 69 8 19 15 52 1 54 2 53 30 57 77 50 39 45 63 16 81 31 62 68 26 46 17 9 79 21 36 12 47 4 72 29 18 60 33 43 42 71 75 13 74 51 59 23 11 3 78 20 66 49 65 70 35 25 34 67 61 58 73 6 64 41 56 5 55 44 38 32 27 40 48 10 37 
29 49 81 40 63 38 64 59 13 11 28 3 48 31 22 45 37 75 24 4 80 36 78 6 61 69 9 65 77 23 67 25 20 2 16 19 53 58 26 5 7 39 21 27 12 73 56 79 34 60 70 50 1 76 51 44 43 55 17 32 30 8 71 47 42 46 57 54 10 68 33 62 41 72 18 52 35 74 15 14 66 
15 53 78 32 2 50 33 39 77 6 47 76 40 43 73 61 81 55 13 7 17 44 12 79 38 26 51 1 27 58 60 74 8 80 49 37 64 75 54 11 23 67 28 66 30 41 69 68 57 45 35 9 52 31 46 16 14 19 59 4 22 10 5 65 24 18 29 72 25 48 34 36 56 63 62 20 70 3 71 21 42 
31 62 46 18 65 21 6 72 19 79 56 7 17 63 78 12 70 9 55 52 43 34 53 48 32 76 71 39 3 57 75 73 40 5 41 22 59 68 25 15 10 74 14 35 77 42 38 16 44 54 28 36 24 27 61 60 45 64 67 11 47 2 69 50 23 20 8 66 13 51 37 80 26 81 58 1 33 29 4 30 49 
44 17 43 57 10 68 37 5 70 21 29 35 18 69 46 58 41 4 72 28 30 25 22 49 64 59 74 50 51 42 47 71 56 11 15 33 9 40 16 45 8 52 31 34 73 66 14 63 19 77 20 61 62 55 48 26 7 36 38 12 6 75 24 32 1 3 81 78 39 27 60 2 79 13 53 23 80 65 67 54 76 
19 6 33 42 24 27 7 67 1 20 17 13 35 2 31 70 38 54 61 57 25 41 5 10 65 46 14 79 53 52 69 49 12 30 18 11 44 76 71 37 45 68 22 9 47 51 64 28 21 73 23 59 56 48 36 66 26 4 39 50 78 34 63 60 74 16 62 75 80 3 58 40 77 29 55 43 32 8 81 15 72 
18 65 50 4 51 5 2 32 76 68 11 64 57 10 67 43 62 33 37 53 26 22 47 8 7 60 28 27 14 41 70 16 42 1 75 6 38 56 77 66 29 20 13 81 52 17 55 3 31 30 25 35 58 39 40 9 73 46 48 69 12 54 72 78 15 79 45 49 34 44 23 21 61 74 24 80 63 71 36 59 19 
8 68 29 35 64 60 30 41 21 78 14 42 39 34 37 52 12 72 6 56 32 1 79 36 44 81 69 71 46 67 62 40 45 73 65 7 50 3 19 4 48 16 54 61 23 63 33 43 18 15 13 57 74 47 20 11 38 51 24 2 80 59 75 22 55 66 77 28 76 26 25 9 58 31 70 27 10 49 5 53 17 
3 63 36 16 78 46 57 58 40 27 79 8 56 73 9 23 15 60 80 17 50 42 62 21 66 33 72 26 29 32 39 55 64 77 4 5 75 49 43 28 51 53 11 65 6 20 19 45 12 69 52 24 71 10 31 7 13 74 35 22 81 76 18 1 67 2 70 59 38 47 61 54 48 30 37 44 41 34 68 25 14 
48 47 37 61 12 34 73 28 23 18 45 36 63 24 59 69 19 51 4 15 77 16 31 70 40 52 49 8 22 56 35 13 43 60 81 57 17 72 1 74 41 25 80 64 21 44 50 7 76 38 62 2 79 75 6 55 32 3 58 53 68 14 42 39 27 29 10 5 33 71 30 20 78 54 66 11 46 67 26 65 9 
62 11 9 22 77 25 14 13 74 7 1 41 81 65 50 46 44 21 38 55 59 48 24 54 34 71 39 47 2 76 37 20 58 28 17 80 35 78 31 30 26 18 73 15 69 60 5 70 61 72 67 29 66 49 8 33 79 56 45 10 57 23 27 68 32 36 51 19 63 52 43 53 40 4 6 16 3 42 64 12 75 
69 81 79 59 80 44 72 31 53 25 75 16 6 76 74 32 28 49 67 30 20 58 64 68 11 23 43 24 50 66 33 36 10 54 3 15 8 63 40 39 55 27 2 57 7 14 37 77 78 34 26 22 9 41 29 61 19 65 70 5 60 71 21 18 46 4 17 12 56 73 48 42 62 38 1 47 45 13 52 51 35 
55 75 20 15 56 71 10 52 45 58 53 77 22 61 26 80 40 66 63 74 27 12 29 51 9 18 3 21 19 72 78 31 68 38 59 48 62 36 60 67 79 5 34 70 46 16 8 32 4 11 42 6 54 65 49 47 17 1 25 43 64 44 30 41 81 14 69 35 24 37 13 7 57 39 2 76 23 50 73 28 33 
70 38 26 66 39 49 17 43 54 3 5 30 47 55 48 4 29 71 35 13 2 76 73 78 75 45 19 44 23 63 25 61 51 74 9 34 42 10 14 59 12 24 58 33 32 68 80 81 27 1 36 40 53 46 52 28 16 62 37 41 77 67 15 11 31 6 72 57 50 65 8 64 60 20 21 79 22 7 56 69 18 
11 26 25 6 74 35 58 36 62 29 46 66 68 45 21 22 75 67 50 49 72 4 61 27 52 44 12 34 65 73 10 38 60 55 56 64 78 42 23 18 13 48 5 3 53 80 59 17 30 2 16 37 19 14 70 15 39 76 63 47 9 57 8 20 79 71 41 81 43 28 24 33 32 7 51 40 77 69 31 1 54 
33 16 1 41 32 54 53 63 59 69 73 34 38 62 42 44 71 23 26 60 36 19 39 14 3 65 2 43 47 70 45 30 67 17 21 29 15 12 27 31 24 6 10 79 55 40 13 51 75 22 7 56 35 8 72 68 81 77 66 18 4 49 37 76 50 11 64 48 61 25 57 78 52 58 46 28 5 20 9 74 80 
75 80 60 19 57 77 12 4 37 47 76 20 25 33 56 1 14 35 68 24 40 53 45 59 31 10 70 16 79 44 46 7 11 48 42 41 30 54 22 63 36 71 66 72 43 52 74 23 9 58 39 49 15 69 55 3 21 13 32 67 50 28 64 51 5 34 2 38 8 18 17 26 73 62 65 78 81 27 29 61 6 
73 76 8 78 22 18 56 68 69 49 65 15 52 79 30 11 10 17 34 75 57 37 81 35 42 28 66 40 12 20 9 3 24 4 61 63 2 14 39 51 58 70 67 74 45 27 26 50 6 64 47 41 21 38 7 1 80 48 5 60 43 31 19 54 13 77 59 29 32 36 62 46 44 23 71 53 72 55 25 33 16 
52 5 45 38 67 70 81 20 66 36 2 59 60 40 41 31 72 6 74 51 46 33 8 55 43 13 56 78 15 39 49 14 76 25 53 62 73 32 47 64 37 9 7 26 1 24 48 61 77 28 44 71 29 34 22 75 69 54 79 23 17 30 58 16 21 65 3 27 4 80 35 63 50 12 19 10 68 18 57 42 11 
43 42 71 50 72 17 61 40 10 53 81 19 27 39 3 26 55 28 5 69 22 30 9 23 77 7 63 35 33 2 1 58 32 51 13 18 65 11 52 34 75 80 56 25 38 12 57 76 20 36 54 4 31 79 59 29 62 45 16 44 41 78 46 49 47 74 68 15 60 6 73 70 64 21 48 66 67 14 8 37 24 
79 27 15 39 29 24 44 47 64 9 58 4 77 37 51 63 48 50 73 11 21 32 71 41 1 6 18 72 28 31 54 26 80 8 5 68 81 16 62 57 61 19 40 49 59 43 70 55 3 46 60 66 78 67 53 12 35 2 33 25 65 20 74 52 7 10 14 23 42 75 22 69 76 17 56 13 30 36 34 45 38 
7 55 31 21 46 2 48 30 65 57 54 70 12 64 80 5 8 13 76 16 29 62 15 38 25 58 78 59 52 6 74 69 71 75 23 50 20 17 35 60 4 44 77 28 68 11 72 42 53 32 18 33 73 81 24 51 27 61 10 36 34 26 14 40 66 19 67 1 9 56 45 37 22 49 39 3 79 41 63 47 43 
49 14 3 13 23 28 51 9 34 32 61 78 7 16 24 74 43 18 20 79 67 54 80 47 17 48 64 36 57 27 22 66 37 19 77 81 29 8 21 46 33 41 50 69 76 65 62 25 5 63 1 45 10 68 56 73 11 6 42 71 40 52 38 31 30 39 58 44 72 55 53 12 4 26 35 15 60 59 75 2 70 
13 40 57 49 33 73 20 15 46 76 48 6 34 36 65 79 45 52 69 71 81 47 18 26 50 55 67 29 42 38 56 19 62 7 44 21 5 1 64 80 43 54 30 39 70 23 11 2 35 37 32 28 59 74 58 41 3 22 53 78 16 24 17 77 72 68 75 8 31 14 10 51 9 25 63 60 12 61 27 66 4 
65 71 23 80 43 74 18 77 31 56 12 60 46 70 33 73 9 22 41 54 11 52 48 28 68 2 59 57 81 49 63 32 72 10 50 67 37 53 17 76 47 8 42 38 24 3 36 14 45 79 69 13 7 16 34 40 4 27 62 55 5 15 44 61 29 25 1 58 66 64 39 30 6 51 20 75 21 78 35 19 26 
38 29 2 81 50 14 66 3 26 4 27 53 44 18 62 51 77 32 42 10 74 5 25 15 70 1 22 55 9 80 20 54 75 33 79 43 36 71 12 6 52 61 16 21 40 64 60 39 58 8 73 17 46 78 67 63 68 30 49 19 7 72 45 69 48 35 65 37 28 11 47 34 23 59 41 56 31 76 13 24 57 
64 9 6 60 19 39 67 34 63 23 71 69 31 81 29 20 5 41 58 38 79 66 27 7 49 12 13 2 16 68 76 35 30 37 78 59 14 45 11 48 73 57 18 44 56 1 4 24 70 21 75 62 43 33 47 80 65 25 61 8 51 50 10 74 52 40 42 17 26 15 36 55 28 32 3 54 53 77 46 72 22 
35 24 16 30 41 75 5 70 27 37 3 63 58 68 55 10 47 19 17 46 9 56 14 44 62 32 29 60 6 40 28 8 48 36 1 65 72 74 34 26 66 13 4 51 50 61 52 15 25 20 22 81 57 53 33 64 54 21 69 31 23 77 39 12 59 76 38 43 78 45 18 67 71 42 80 49 2 73 11 79 7 
21 8 69 37 79 7 28 44 22 80 78 75 49 50 11 40 17 24 36 39 64 72 51 77 45 57 61 31 34 4 58 23 3 71 52 70 10 9 15 62 2 35 68 46 25 19 67 26 66 41 12 48 38 54 76 32 6 59 43 74 42 56 29 33 60 13 63 73 20 53 27 16 14 65 47 81 18 1 30 55 5 
61 10 48 76 68 51 11 25 58 64 74 54 43 15 72 2 7 16 30 35 19 23 65 53 60 78 34 46 24 13 41 47 17 18 39 66 77 20 3 75 32 59 27 67 81 29 31 6 63 49 71 55 44 42 12 36 28 9 14 1 26 73 70 21 22 56 50 80 5 57 4 79 37 45 40 8 69 52 33 38 62 
56 59 55 36 1 45 78 62 32 13 66 38 8 28 61 42 25 39 33 76 31 73 3 75 4 21 40 14 11 26 12 5 53 64 51 77 41 79 63 49 22 58 69 29 19 34 47 9 72 80 50 27 65 30 60 52 18 57 81 20 37 48 35 6 71 24 7 2 54 23 46 44 70 68 10 67 17 43 74 16 15 
4 72 53 54 52 42 47 17 12 67 21 1 14 30 57 59 35 26 43 6 16 8 20 37 24 63 80 15 69 25 73 45 27 22 74 61 28 7 78 65 60 23 55 31 33 77 68 5 10 18 40 51 76 56 75 2 71 38 46 66 11 13 79 9 62 32 19 41 70 49 81 3 34 50 64 36 29 58 39 48 44 
32 56 80 43 38 40 8 33 47 31 72 22 69 6 35 64 79 1 54 26 76 65 68 12 27 77 20 11 58 62 18 42 50 66 19 3 4 55 36 44 49 17 15 24 71 28 9 52 29 23 51 16 61 37 25 21 2 63 34 30 14 81 57 13 75 67 78 7 45 46 41 48 74 60 5 59 73 39 10 70 53 
63 31 39 67 42 20 4 19 57 75 62 68 15 58 44 3 49 12 47 73 71 70 2 32 55 74 30 37 48 51 6 46 81 35 22 45 79 60 41 21 28 7 64 76 29 5 25 27 24 14 34 18 36 26 9 78 40 69 11 56 59 53 65 23 8 52 54 16 17 10 72 50 43 66 13 33 1 38 80 77 61 
59 44 66 29 15 64 23 26 9 14 40 45 65 56 77 71 18 11 51 31 41 75 1 43 10 72 17 80 20 28 16 24 55 61 30 49 69 19 70 12 42 2 74 37 48 13 81 57 32 68 78 39 33 60 50 79 46 5 8 58 73 3 52 34 6 62 22 47 53 21 38 25 63 27 7 4 54 35 76 67 36 
74 41 5 75 49 3 76 35 52 48 30 23 54 59 17 55 26 46 8 44 45 21 50 56 67 34 33 7 39 9 38 65 29 13 12 2 25 27 58 32 77 78 47 80 57 72 66 10 22 53 63 1 42 20 62 19 31 68 71 61 28 16 6 79 73 70 36 60 14 4 40 43 11 37 69 51 64 15 24 18 81 
77 36 12 34 7 16 25 18 68 33 70 21 73 80 81 41 60 53 39 37 42 38 49 46 48 61 57 17 78 75 79 59 26 47 43 1 40 13 66 72 54 30 9 20 67 4 15 58 65 50 56 74 3 35 45 22 10 23 55 51 29 64 76 44 28 63 11 24 27 5 69 19 8 71 31 62 14 32 6 52 2 
78 13 73 10 30 48 69 81 71 5 16 29 50 27 28 37 52 63 18 22 7 9 66 58 23 24 53 32 36 54 15 64 57 44 76 8 68 65 51 1 14 33 45 11 31 6 21 62 38 12 46 67 17 43 35 70 60 75 72 77 74 4 49 3 20 42 61 26 59 2 80 39 19 40 25 34 55 47 79 41 56 
17 46 27 62 37 61 22 2 72 24 7 10 32 47 4 34 67 25 19 29 69 78 11 13 5 40 16 73 56 53 23 41 33 14 71 60 3 50 59 35 39 26 6 52 63 31 79 80 64 75 8 76 70 45 44 42 15 20 54 38 1 36 43 30 77 57 18 51 55 66 74 81 49 28 12 21 65 68 58 9 48 
54 70 28 55 53 58 79 24 14 42 9 39 51 74 20 13 57 61 62 81 15 60 35 80 59 36 6 67 31 5 40 52 21 63 25 4 43 46 8 10 34 56 38 75 22 7 77 19 69 47 48 11 2 73 18 17 37 66 26 33 32 27 41 29 49 64 71 65 1 76 12 68 72 3 16 30 44 45 23 50 78 
6 51 11 1 21 65 60 45 50 8 19 43 36 78 66 76 2 38 64 14 52 3 28 63 79 4 25 70 10 74 34 27 77 68 69 72 18 73 61 23 62 81 53 16 5 30 71 54 40 55 41 44 49 59 39 48 67 7 12 13 24 47 80 56 37 31 15 32 58 33 9 35 29 75 22 26 20 57 42 17 46 
23 52 51 65 3 66 40 22 73 1 59 62 64 20 8 67 61 42 11 77 47 26 74 71 46 14 10 4 45 35 53 21 70 27 54 75 60 33 44 43 25 63 78 56 13 50 76 38 16 7 5 30 34 72 28 57 48 17 6 39 19 32 12 81 58 69 37 9 15 29 79 24 2 41 49 31 36 80 18 68 55 
20 34 4 69 16 72 19 71 42 54 60 57 75 17 39 35 27 40 52 23 66 61 55 33 37 29 48 62 74 64 32 12 15 6 24 9 80 51 65 47 50 46 36 18 58 8 2 1 49 26 79 25 28 13 81 45 78 43 21 68 76 7 3 53 63 30 31 56 41 59 5 38 10 22 77 73 11 70 14 44 67 
9 43 59 25 5 33 15 11 6 65 69 24 45 46 34 48 76 36 44 42 13 63 38 72 35 22 81 3 71 29 26 68 28 20 37 14 54 2 30 19 74 21 39 7 4 58 27 12 41 62 53 78 55 57 10 49 64 50 77 80 8 40 31 73 70 47 16 18 67 61 1 52 75 79 60 17 51 56 66 23 32 
46 79 70 26 8 1 49 38 24 15 41 25 10 21 71 78 68 73 40 2 75 31 59 69 36 67 60 81 66 50 30 80 65 39 11 16 52 5 48 9 3 72 29 6 34 56 17 64 51 42 77 43 47 18 27 54 53 37 44 35 61 63 62 57 14 45 55 22 19 20 32 23 7 33 28 58 76 4 12 13 74 
50 64 13 31 48 10 32 21 28 70 52 74 19 44 79 29 3 77 45 58 18 15 6 65 12 20 4 56 60 47 43 1 2 67 46 76 49 35 69 41 16 55 37 62 8 22 24 66 14 61 80 73 68 11 38 5 51 34 23 59 72 9 33 42 26 78 27 36 71 7 75 17 30 57 81 63 25 53 54 39 40 
45 30 61 2 14 53 39 74 29 81 49 56 28 23 7 33 58 31 79 80 54 24 70 57 51 27 76 18 25 36 5 72 34 41 48 42 32 26 67 17 68 38 1 40 11 35 6 59 52 9 3 63 4 19 66 13 55 47 73 65 75 22 60 46 64 21 12 77 44 43 50 10 20 8 15 71 16 62 37 78 69 
76 78 77 47 60 62 41 57 7 50 32 26 80 22 43 18 63 37 9 19 53 39 30 5 8 3 1 10 17 55 51 44 61 49 58 23 45 28 73 42 70 14 12 59 79 48 20 75 15 31 81 21 67 40 69 56 74 11 36 29 71 46 16 4 33 54 25 13 68 35 2 66 65 6 52 64 38 24 72 34 27 
80 58 63 56 36 81 35 27 17 72 55 47 11 12 6 9 53 30 28 68 73 7 43 25 16 64 41 13 59 78 52 79 38 69 57 31 22 23 75 77 76 66 61 71 15 39 29 60 33 44 10 54 37 32 26 4 20 24 18 14 67 70 2 8 34 48 74 40 65 62 51 49 3 1 50 5 42 19 21 46 45 
12 37 75 44 55 67 68 54 18 38 13 14 16 51 5 66 4 2 21 62 34 50 56 17 78 49 32 33 63 19 77 22 7 40 8 73 27 24 57 20 53 31 81 10 64 36 45 65 46 70 74 69 23 71 42 30 1 58 15 52 79 41 25 80 76 60 28 39 3 72 6 11 59 9 43 35 47 48 61 26 29 
################proper############## 

 average_time = 58.108819 

 success runs = 1 

 total average iters = 900815.000000 
