Success!!! 
 
 max_col = 
 81 
 
 run_time = 
 264.732396 
 
 once iters = 
 4301928 
 
48 3 60 81 74 20 66 53 49 58 79 11 67 34 54 29 10 19 7 14 25 26 16 80 44 40 70 6 62 72 36 33 18 57 28 65 5 45 55 42 50 71 43 9 22 56 27 51 39 41 13 47 37 77 31 23 59 63 52 61 12 38 8 35 75 76 2 69 21 78 24 17 46 30 4 32 64 1 68 15 73 
28 65 4 44 10 62 12 15 57 7 31 59 41 26 69 42 38 64 34 61 17 56 2 24 23 46 52 80 55 14 45 53 13 66 35 75 27 21 70 49 47 16 18 33 67 36 63 54 60 43 74 78 1 73 48 50 22 9 6 29 30 51 32 20 40 79 72 58 19 11 68 77 71 3 25 8 39 81 76 5 37 
58 11 25 34 72 39 22 52 30 47 74 44 46 2 36 68 14 3 65 71 9 43 37 32 60 66 20 76 38 81 77 42 48 5 19 63 35 78 17 4 31 57 40 54 69 16 45 26 53 64 55 21 79 15 73 80 24 67 33 75 10 13 70 50 28 59 23 56 51 7 8 1 29 41 12 27 62 61 18 49 6 
2 23 77 70 13 69 32 67 19 4 33 48 75 66 25 21 30 35 39 49 8 64 12 47 36 76 63 11 54 61 43 71 29 27 31 20 80 46 41 7 73 15 26 81 24 9 6 14 17 72 52 68 28 50 65 55 44 78 18 1 42 37 57 45 53 10 16 3 22 62 5 34 51 74 56 38 79 60 59 58 40 
1 29 31 33 50 24 45 56 40 52 8 57 9 13 62 78 61 37 38 79 18 77 10 54 55 3 15 25 32 60 46 51 44 17 69 64 11 76 48 28 75 74 34 20 6 81 30 67 4 5 59 23 58 12 35 68 19 72 49 41 16 21 47 66 27 63 43 39 71 73 26 80 22 65 36 7 2 70 42 14 53 
61 21 36 27 59 73 76 18 8 6 12 80 45 40 71 17 20 50 74 42 51 72 35 28 81 41 69 10 67 37 70 1 22 26 24 58 53 63 29 64 30 68 60 56 3 75 19 2 65 38 57 11 46 31 79 43 25 5 62 39 15 77 7 4 44 9 48 32 13 47 14 49 34 33 16 78 55 66 23 54 52 
26 55 80 41 35 6 47 75 5 77 16 65 43 81 18 32 76 51 78 67 50 33 73 29 53 57 22 59 7 4 68 49 9 23 30 79 39 1 58 2 13 14 12 37 44 40 61 20 48 69 62 10 70 8 3 64 34 54 56 71 66 36 27 74 52 15 46 31 42 25 60 38 21 28 24 72 11 19 45 17 63 
16 54 79 68 17 14 46 78 38 63 1 24 15 73 70 72 22 23 27 6 5 45 62 48 11 13 75 8 39 40 41 74 3 21 34 56 77 52 66 59 51 36 10 19 61 18 44 29 71 49 32 7 42 25 53 58 4 81 60 20 28 2 76 57 33 12 55 65 30 64 67 37 80 26 69 47 43 35 9 50 31 
43 42 63 71 64 37 51 7 9 28 5 60 55 39 27 49 56 53 21 68 30 59 1 19 58 31 4 12 52 73 2 50 78 16 47 15 65 38 23 79 25 8 32 72 62 34 24 66 22 3 80 76 33 35 45 46 40 74 26 17 11 14 69 70 6 36 18 54 29 41 61 81 13 20 10 48 67 75 57 44 77 
79 4 64 39 54 42 17 31 63 49 14 1 68 33 47 61 3 66 44 43 80 35 48 62 34 20 11 67 70 16 37 36 50 19 77 23 57 53 7 24 45 46 8 32 10 5 81 41 76 25 40 65 56 13 28 69 21 38 71 18 26 74 2 52 78 22 59 15 73 29 72 55 75 9 58 51 12 30 6 27 60 
29 6 15 51 21 52 18 69 37 62 2 76 19 16 30 10 9 5 33 77 22 7 64 75 45 63 26 53 73 35 81 20 34 31 40 12 61 56 72 48 17 65 14 60 70 58 78 49 68 1 8 39 43 55 27 44 36 50 3 13 41 47 24 28 4 66 38 25 32 80 79 42 54 23 67 11 57 74 71 59 46 
67 57 38 25 24 49 75 73 59 51 13 46 20 45 11 52 60 78 29 4 27 31 3 16 65 37 61 5 10 54 22 18 58 74 6 26 41 69 81 15 63 2 55 1 19 62 79 34 12 28 30 9 71 64 23 42 39 17 8 48 77 32 66 76 56 53 21 70 50 14 40 33 44 68 80 43 47 36 7 72 35 
45 58 7 47 9 30 80 3 76 25 43 40 44 72 23 64 42 18 53 70 74 6 32 56 15 69 59 60 41 39 61 78 52 8 13 1 28 29 22 31 79 66 36 71 4 33 14 38 20 24 2 50 51 27 75 10 67 34 11 35 54 49 46 17 81 26 68 57 63 77 62 12 5 19 65 21 37 48 73 16 55 
81 48 71 56 40 11 62 1 36 53 28 69 32 58 63 57 29 8 17 12 38 60 14 41 24 23 30 55 75 42 80 25 2 33 4 49 13 54 21 77 78 73 74 52 20 7 67 19 31 47 6 26 72 70 9 15 65 22 68 16 43 59 79 18 46 35 44 27 10 51 37 5 50 66 76 39 61 45 3 34 64 
41 46 12 19 61 5 53 8 2 56 80 27 50 75 21 77 6 59 28 81 36 73 68 58 39 78 54 3 65 43 38 62 57 79 11 32 33 35 47 51 9 67 44 49 23 15 37 22 63 66 60 48 52 16 40 72 55 30 76 14 29 7 4 34 69 64 31 1 74 20 71 45 17 42 13 70 18 25 26 10 24 
10 33 14 20 60 55 23 44 13 35 54 22 17 38 7 31 67 65 9 57 1 25 42 46 47 79 71 15 48 29 27 63 72 51 66 76 50 43 26 39 68 6 80 34 30 4 59 74 18 21 11 77 73 32 12 5 70 61 78 62 64 45 37 75 2 16 41 36 58 3 19 24 49 69 8 40 28 53 56 52 81 
77 32 35 28 16 50 70 22 68 12 48 79 34 41 73 81 26 74 49 66 72 55 67 18 76 2 10 56 21 59 69 24 7 45 71 9 58 27 5 37 11 40 64 75 42 17 3 80 44 36 23 46 57 61 51 1 6 53 63 25 33 19 52 43 65 60 8 13 47 39 30 54 31 4 14 29 20 78 15 38 62 
74 43 65 78 26 27 72 34 66 37 24 39 70 36 55 15 71 4 19 51 13 5 52 40 50 8 21 44 28 30 47 64 14 68 46 17 38 18 3 25 62 76 16 12 59 53 54 69 45 29 35 42 75 10 58 56 73 31 81 60 80 57 20 49 48 67 61 23 7 9 11 6 1 79 32 77 63 22 2 41 33 
34 81 68 49 25 9 77 42 47 23 72 41 13 79 6 59 31 20 35 24 60 67 76 10 43 70 74 58 22 27 14 75 51 65 38 8 26 16 19 21 61 12 57 5 33 71 53 48 40 30 15 80 29 45 50 3 62 69 32 11 36 17 18 78 63 56 39 37 4 46 66 64 2 73 44 1 52 54 28 55 7 
20 7 41 14 44 2 10 38 45 76 56 71 53 63 61 73 36 30 81 33 28 9 80 49 48 47 57 1 46 50 66 72 67 32 17 43 52 58 18 62 35 54 78 70 51 24 34 13 8 59 21 37 4 75 68 60 12 39 16 22 55 25 65 3 29 11 42 74 40 26 6 79 69 31 77 64 5 27 19 23 15 
27 1 70 32 53 16 78 46 24 17 64 21 65 51 75 47 49 77 20 31 42 14 69 25 26 61 34 4 33 7 39 59 55 15 54 30 67 66 50 40 37 22 81 74 45 12 18 10 62 63 28 43 5 3 41 71 76 29 79 2 38 23 6 73 72 44 19 48 35 36 52 57 9 56 11 60 58 68 8 13 80 
69 31 11 63 66 75 4 33 29 60 57 10 48 46 12 34 43 40 72 78 52 62 71 13 37 27 56 81 19 24 49 35 26 80 2 6 42 79 36 68 28 38 30 53 55 20 9 58 23 22 50 16 61 7 70 74 14 64 15 77 5 73 44 8 51 54 65 67 1 76 25 32 3 39 17 59 41 47 21 18 45 
39 51 50 67 15 12 55 36 35 66 26 58 37 25 24 14 4 52 1 16 2 22 41 30 32 54 19 48 44 20 23 3 79 69 5 70 75 10 71 27 65 49 11 80 34 64 73 77 81 56 38 33 74 6 8 47 72 57 59 43 7 63 9 13 60 68 28 45 31 17 18 21 61 76 40 46 29 62 78 53 42 
19 28 58 48 57 59 52 71 73 32 70 29 69 18 15 54 27 80 55 3 65 11 23 68 5 36 39 62 74 77 63 60 21 64 12 10 4 44 8 46 24 20 6 43 76 2 17 31 78 35 25 1 26 79 13 33 49 56 45 53 37 42 40 7 38 47 30 41 81 61 9 50 72 67 51 22 75 34 16 66 14 
6 5 37 30 18 17 61 26 22 44 78 38 81 8 50 3 11 28 59 7 66 15 75 79 40 51 64 34 47 41 31 13 45 53 57 29 56 72 9 32 69 77 1 39 73 76 70 42 52 68 67 55 60 36 46 21 27 35 54 4 58 10 19 14 71 80 62 16 23 2 43 20 25 63 33 12 49 65 24 48 74 
76 72 40 60 3 80 21 79 64 33 62 7 16 1 9 22 74 39 50 45 58 8 29 73 38 18 44 42 37 68 11 56 71 78 36 25 17 15 2 47 23 41 13 59 63 57 69 32 54 46 51 14 65 19 34 66 28 24 67 52 61 31 48 5 12 77 49 55 27 53 75 70 30 81 6 35 26 43 4 20 10 
23 74 43 54 65 8 13 62 56 5 35 55 2 67 42 45 19 68 4 53 63 12 77 17 21 6 46 16 61 52 73 40 76 18 9 28 3 60 64 29 14 25 7 48 31 11 66 47 27 39 44 72 41 49 80 81 30 75 1 26 20 78 51 24 10 34 33 22 15 69 58 59 36 37 50 71 32 57 70 79 38 
21 27 67 23 52 40 73 20 3 18 71 74 31 7 45 66 65 22 70 50 44 58 60 2 68 28 24 36 63 75 19 80 10 46 51 16 12 13 32 61 55 56 59 57 9 48 1 5 34 37 43 35 77 81 15 78 54 41 14 38 8 72 30 69 26 49 17 11 25 4 33 76 79 62 47 53 6 42 64 29 39 
60 49 10 57 78 32 7 74 31 20 67 2 26 11 79 62 41 55 23 72 43 36 34 1 63 30 47 27 8 18 50 73 40 39 81 48 70 25 65 75 42 5 58 29 14 38 16 15 19 51 68 61 9 33 64 35 17 6 77 46 52 69 45 71 13 24 3 66 56 21 53 22 76 59 37 54 4 44 12 80 28 
66 22 17 72 70 65 69 14 61 46 38 23 77 19 53 6 15 16 31 27 7 48 21 37 74 25 13 41 56 12 52 76 33 9 59 3 10 4 11 80 60 51 2 45 8 28 39 30 57 54 24 75 67 47 29 20 81 73 44 63 34 26 42 40 64 43 5 62 79 32 55 36 58 78 68 50 1 18 49 35 71 
35 64 9 5 39 15 41 37 16 80 47 30 24 59 49 58 73 1 40 22 54 51 18 78 8 53 81 69 31 44 17 32 65 28 60 67 74 50 77 6 71 26 20 38 52 21 76 12 11 23 4 29 36 42 25 75 3 68 48 79 62 56 55 63 70 14 45 7 72 10 2 19 43 57 66 34 13 46 61 33 27 
42 62 45 46 8 38 81 48 4 70 61 34 12 10 56 28 78 17 67 73 76 57 39 5 77 9 80 47 29 58 72 54 1 11 22 14 63 37 79 23 43 7 3 16 53 32 74 50 66 40 64 59 69 18 33 24 31 60 65 21 13 71 49 68 35 75 6 30 44 15 27 52 55 51 2 36 19 26 20 25 41 
44 30 34 75 68 53 50 59 6 8 29 25 52 42 32 48 64 54 12 19 16 41 61 14 71 45 55 13 26 57 79 43 15 4 37 5 69 17 33 72 36 35 47 62 18 60 20 78 46 73 27 49 63 56 11 67 66 7 2 76 70 40 22 1 58 39 80 28 77 81 38 51 24 10 31 23 74 21 65 3 9 
33 24 47 43 51 36 25 76 71 50 69 14 39 57 44 4 21 60 32 11 49 52 26 64 17 56 38 77 66 2 78 45 20 6 68 35 15 30 40 41 27 34 31 46 28 79 13 7 55 62 58 8 3 80 37 53 9 10 19 74 18 5 1 65 23 29 12 42 61 54 59 16 81 22 48 73 72 67 63 75 70 
13 26 29 1 80 63 19 28 79 36 81 9 35 3 40 27 33 75 62 10 69 65 66 42 20 15 6 49 71 38 24 61 23 7 55 74 21 68 67 76 64 44 39 73 54 22 72 70 2 17 31 53 25 41 47 59 51 43 4 32 57 58 12 60 8 18 78 50 37 34 48 46 45 52 30 16 14 77 5 56 11 
54 77 2 58 55 18 56 11 12 68 51 72 76 43 37 63 5 13 3 35 33 79 46 59 75 4 29 70 25 53 34 21 64 30 62 42 81 19 24 66 48 78 49 22 1 14 65 52 6 45 10 71 44 26 36 61 50 16 28 27 39 80 23 67 9 41 20 73 57 74 47 31 60 32 7 15 40 69 38 8 17 
8 69 19 55 11 13 31 30 62 72 4 73 63 22 16 35 80 57 37 75 45 42 47 20 67 10 76 66 79 15 1 65 38 54 23 46 64 34 78 12 6 32 50 58 60 44 29 18 59 61 33 41 53 43 77 7 68 26 24 5 9 81 25 2 39 48 71 14 36 70 56 74 40 17 3 49 21 52 27 28 51 
70 66 81 12 46 77 28 23 53 26 32 68 11 5 19 44 1 10 61 62 34 39 57 43 56 74 73 50 58 31 9 14 63 72 76 40 18 59 69 45 54 27 21 30 79 55 8 65 64 20 17 2 15 38 52 6 41 36 13 3 48 60 67 22 25 51 75 4 78 49 7 29 42 47 35 24 71 80 33 37 16 
4 39 22 80 36 44 67 24 54 41 9 18 58 61 13 70 12 29 11 48 6 30 27 21 16 71 5 74 20 69 57 28 43 49 3 33 73 8 62 53 77 17 66 15 25 1 68 60 37 32 42 81 19 63 78 45 35 51 55 72 2 79 10 47 50 23 52 40 64 38 31 65 7 34 59 75 46 56 14 26 76 
73 25 20 64 33 7 59 49 17 75 42 78 54 28 43 51 69 38 14 55 4 29 81 70 52 60 35 26 34 8 13 10 30 47 41 27 37 11 76 44 40 72 48 67 2 46 22 16 77 71 3 36 45 74 21 65 32 19 39 12 56 50 31 53 24 6 1 80 5 57 15 9 66 18 79 58 68 63 62 61 23 
37 16 21 18 41 61 3 60 1 59 45 50 66 76 2 56 79 46 13 15 23 68 78 8 12 17 9 39 5 67 42 4 35 77 70 62 29 65 75 38 7 43 51 55 49 52 26 6 24 58 73 31 47 34 63 14 57 40 53 33 71 22 80 44 30 28 54 81 69 27 10 72 11 36 74 20 25 32 48 64 19 
40 47 6 52 42 34 9 58 75 39 65 31 49 71 67 25 48 21 36 54 3 44 79 38 7 50 53 22 11 32 64 19 56 12 16 80 68 24 46 33 20 1 28 26 57 30 35 23 13 10 14 51 76 5 61 4 69 70 74 66 27 8 73 59 41 62 37 17 55 63 77 18 15 72 43 81 45 29 60 78 2 
56 14 76 26 63 57 43 35 72 64 27 52 6 55 17 30 40 7 80 2 77 32 51 65 18 24 31 68 60 78 25 44 75 61 45 37 36 71 16 70 81 10 5 41 74 39 28 21 79 11 48 54 49 69 1 29 23 20 38 15 47 62 59 58 3 19 73 33 46 42 34 66 67 12 53 4 22 50 13 9 8 
78 45 48 50 5 68 27 32 10 74 15 47 36 53 20 24 34 33 22 26 64 40 28 63 1 49 58 51 6 71 55 2 59 29 7 81 14 3 52 9 19 42 23 35 80 67 62 56 72 70 75 25 66 4 18 54 11 37 46 30 17 44 43 12 79 21 76 8 60 13 16 61 65 77 41 69 38 31 39 73 57 
51 2 74 38 79 71 65 29 15 81 37 77 60 62 3 23 8 14 25 46 41 69 19 66 59 33 72 52 18 21 48 17 24 73 53 36 47 22 31 56 4 61 63 13 39 50 7 9 80 78 12 57 27 40 76 16 58 49 42 64 75 28 34 11 43 45 26 35 20 67 32 68 70 54 5 55 10 6 44 30 1 
24 50 5 45 62 70 1 64 34 11 73 26 25 78 74 43 18 81 56 28 53 17 55 52 22 19 60 61 13 79 65 77 27 67 29 68 8 40 80 36 66 31 46 44 71 35 47 59 51 16 72 3 32 21 7 39 33 48 12 42 23 76 58 10 49 20 15 9 14 6 69 75 37 2 38 57 30 41 54 63 4 
9 71 53 36 14 60 79 10 81 54 40 20 38 30 48 76 55 62 68 37 15 34 24 51 69 29 27 78 3 66 75 7 25 22 52 57 6 70 74 16 39 13 19 18 64 23 11 43 50 67 65 45 8 2 44 63 80 1 61 31 21 35 5 41 42 32 58 46 17 12 4 56 28 49 26 33 73 59 47 77 72 
3 13 23 61 27 56 33 63 55 31 6 36 47 69 58 67 66 71 5 1 78 18 9 12 42 39 2 28 35 48 15 8 70 40 72 34 32 77 4 52 38 30 25 68 75 19 41 81 73 80 26 17 20 54 49 62 29 11 64 65 22 46 16 21 57 37 51 76 59 79 50 43 53 14 45 74 60 24 10 7 44 
59 78 51 69 38 35 40 80 58 19 41 4 7 23 10 1 52 2 77 63 20 3 49 50 46 48 8 31 81 26 21 5 39 62 18 55 60 33 12 57 22 9 56 61 47 6 25 44 75 42 37 30 24 29 54 27 45 14 72 28 74 43 13 36 67 71 70 53 65 68 73 11 16 15 34 66 17 64 79 76 32 
11 37 72 42 22 21 54 66 52 13 39 49 29 77 59 80 75 24 57 41 32 38 70 71 6 67 43 30 2 76 44 46 74 56 33 45 79 51 53 69 26 3 17 14 50 68 58 64 5 12 61 15 78 1 4 25 47 8 73 10 60 20 81 27 16 7 63 19 34 23 28 40 48 35 18 62 9 55 36 31 65 
65 44 46 76 12 41 30 16 25 61 22 5 57 35 14 9 51 72 47 58 73 21 13 7 64 11 33 19 36 17 10 6 49 38 20 60 62 67 34 43 59 81 54 23 27 31 77 71 28 4 63 66 39 53 26 79 37 55 50 68 32 18 15 48 1 8 29 24 52 45 74 2 56 80 42 3 69 40 75 70 78 
31 75 18 4 6 26 68 2 67 3 46 64 21 15 8 60 32 12 16 40 62 74 54 45 35 81 23 24 14 1 59 69 42 37 63 11 7 20 10 73 29 28 76 65 72 49 38 55 36 79 70 56 48 57 66 17 53 52 41 9 19 34 78 61 47 33 77 44 80 5 22 30 39 71 27 25 50 13 51 43 58 
49 17 32 7 77 43 74 39 48 16 63 37 27 65 28 53 44 42 79 36 75 80 30 72 61 26 14 73 4 51 58 12 54 50 64 47 55 5 1 35 41 11 45 2 15 10 52 76 9 33 69 34 18 60 24 57 56 59 70 6 40 67 71 81 62 38 66 78 3 31 13 25 19 8 46 68 23 20 22 21 29 
47 20 73 15 19 29 8 57 28 34 50 33 56 70 68 79 17 45 10 65 31 4 44 76 66 59 25 43 16 23 53 9 32 41 80 71 49 48 37 78 21 24 42 63 58 27 40 46 7 14 22 74 13 62 2 38 75 77 51 36 69 30 3 64 54 72 35 26 18 55 39 60 12 5 52 6 81 11 67 1 61 
55 34 69 74 28 48 63 27 14 38 18 54 78 56 29 39 47 73 51 5 37 2 58 61 33 52 17 20 68 36 67 26 46 81 32 19 9 64 25 13 1 21 53 79 12 3 71 75 35 31 49 60 7 65 10 11 16 15 57 50 59 4 77 23 45 42 22 43 24 72 44 62 41 6 70 76 66 8 80 40 30 
36 76 57 29 71 64 16 4 32 22 44 6 42 50 72 65 58 48 54 69 24 47 74 34 41 43 78 2 77 80 18 38 12 60 73 31 40 23 56 10 33 62 67 3 11 8 55 45 15 9 53 52 14 17 20 13 63 46 30 51 1 75 21 39 66 5 27 49 26 37 70 7 59 61 19 28 35 79 25 81 68 
72 56 42 59 45 46 24 43 70 40 34 15 71 52 66 8 77 79 73 76 19 23 50 22 4 12 48 35 51 9 33 57 41 3 10 7 20 47 63 5 2 39 65 69 81 29 32 1 30 26 18 13 80 67 6 49 78 58 27 54 25 68 64 55 14 74 60 61 53 16 17 28 62 38 21 44 31 37 11 36 75 
80 38 44 31 73 79 49 61 41 45 36 28 10 60 57 37 59 11 63 30 68 71 25 35 3 75 1 40 24 56 8 22 5 42 21 78 51 26 15 55 76 29 27 17 66 70 4 72 16 77 19 20 6 23 67 52 48 62 47 34 14 39 53 33 18 46 13 12 54 65 81 58 74 50 64 9 7 2 69 32 43 
17 40 62 11 75 54 58 19 39 2 20 70 61 49 76 74 7 31 60 18 59 53 6 57 10 38 67 45 72 65 30 15 66 13 79 52 46 14 44 50 32 37 24 42 78 73 48 68 33 34 56 27 21 22 43 28 26 23 36 55 81 9 35 80 77 25 69 47 41 8 64 3 4 16 1 63 51 12 29 71 5 
50 15 1 65 67 33 2 6 23 69 3 62 4 24 80 41 13 63 66 39 40 20 11 77 9 21 7 14 64 25 71 55 16 58 75 53 45 28 43 30 18 60 61 8 36 42 46 57 38 44 79 5 81 37 32 76 74 12 29 19 31 70 17 51 59 52 34 10 68 48 78 35 47 27 49 56 54 73 72 22 26 
12 9 66 10 30 25 5 51 60 21 75 53 64 32 81 19 16 43 45 56 55 46 31 26 49 65 28 17 27 70 62 37 61 76 48 59 72 73 54 71 34 80 68 6 35 47 36 63 41 74 78 69 11 58 42 22 8 3 7 40 44 33 38 79 15 1 57 29 2 50 20 4 14 13 23 52 24 39 77 67 18 
22 68 3 35 47 78 37 21 18 1 55 51 30 17 26 5 25 9 15 13 81 70 8 27 14 64 62 23 49 28 29 39 6 34 44 4 16 75 57 74 58 19 52 7 77 59 2 61 43 50 54 40 12 66 56 73 60 80 69 24 79 41 72 32 11 31 67 38 76 71 36 63 33 53 20 65 42 10 46 45 48 
52 53 8 77 20 81 26 13 7 14 68 67 33 12 35 46 23 27 42 32 29 16 36 44 80 72 79 63 1 47 74 11 69 43 50 54 59 31 38 22 49 48 70 4 41 51 10 24 25 76 39 64 62 28 71 2 18 66 5 37 45 65 61 9 19 30 40 6 75 56 21 73 78 60 15 17 34 58 55 57 3 
18 80 52 6 29 10 71 12 42 78 77 17 73 31 5 38 57 67 46 25 26 13 7 36 2 34 68 65 15 22 4 48 37 24 1 44 30 39 20 60 74 23 33 76 16 72 64 27 56 75 9 32 59 11 55 41 79 47 40 81 50 54 28 62 61 70 53 21 43 19 49 8 35 45 63 14 3 51 58 69 66 
30 73 28 16 69 47 14 50 78 43 23 19 79 74 52 26 2 25 6 64 35 61 17 31 72 55 66 29 53 3 56 27 80 71 39 51 44 81 45 63 70 18 77 10 38 13 12 8 21 7 46 58 54 24 22 37 15 76 75 49 68 11 62 42 5 40 36 20 9 33 65 48 32 1 57 67 59 4 41 60 34 
7 19 33 3 43 66 36 40 26 48 21 56 80 68 64 71 46 49 18 8 10 81 65 67 70 77 45 75 17 13 54 34 11 2 74 50 22 12 14 1 72 58 4 31 5 41 57 28 69 52 29 73 55 20 16 30 61 32 35 59 6 24 63 15 76 78 47 60 38 44 51 27 23 25 39 42 53 9 37 62 79 
57 63 59 79 48 72 20 5 51 24 53 13 28 54 39 12 45 36 58 80 47 27 38 9 29 42 41 64 76 55 40 31 60 25 8 18 19 62 49 65 3 75 73 11 68 37 23 17 26 15 1 22 2 30 74 77 71 44 43 69 46 52 56 16 32 81 4 34 67 66 35 14 10 7 78 61 70 33 50 6 21 
15 67 75 9 4 74 35 45 46 55 58 42 3 20 65 16 50 34 76 60 56 19 43 53 54 1 32 21 23 5 6 68 62 52 14 69 66 80 28 8 57 64 71 51 40 63 33 79 61 18 47 38 10 48 72 70 7 25 31 78 73 29 26 30 37 17 24 77 39 59 41 13 27 44 22 2 36 49 81 11 12 
53 61 49 22 2 76 34 17 44 29 30 35 18 6 60 11 72 70 71 74 79 37 63 33 57 73 12 38 78 46 32 47 28 10 43 77 25 41 27 54 67 59 9 21 48 66 51 36 42 81 5 62 50 14 19 8 1 4 58 23 65 64 39 56 31 3 7 68 45 52 80 69 26 75 55 13 15 16 40 24 20 
38 70 27 13 23 31 11 68 21 9 7 8 22 47 41 33 63 61 48 44 39 75 20 15 30 62 16 79 57 49 26 66 81 59 67 73 43 32 6 34 56 50 69 24 37 74 60 40 3 65 76 4 35 78 17 36 2 42 10 45 51 53 14 46 55 58 25 18 12 28 1 71 64 29 72 80 77 5 52 19 54 
25 41 56 62 37 58 39 54 77 10 76 32 1 14 51 40 81 44 69 59 21 24 5 4 78 22 50 9 30 33 35 70 19 20 42 72 2 55 61 17 15 52 29 36 7 45 43 53 49 6 16 67 34 68 38 12 13 18 66 80 3 27 60 26 73 57 64 79 11 75 63 23 8 48 71 31 65 28 74 46 47 
64 8 55 24 32 1 60 81 65 15 59 66 62 27 4 75 37 69 52 23 11 28 40 3 51 14 49 7 12 45 16 41 36 63 58 61 78 42 35 26 46 53 79 47 13 25 80 39 70 19 77 44 31 71 5 9 20 21 34 57 67 48 33 54 74 2 50 72 6 22 29 10 18 43 73 30 76 38 17 68 56 
5 36 16 21 56 45 6 70 11 73 60 75 51 48 31 18 53 15 24 17 71 49 59 39 25 35 37 46 80 64 28 29 68 14 26 41 54 61 13 81 44 47 38 66 43 65 42 62 10 27 7 63 30 76 69 34 52 79 23 58 72 12 50 77 22 4 32 2 33 40 57 78 20 55 9 19 8 3 1 74 67 
14 60 78 66 31 23 38 9 80 65 11 12 72 4 34 36 28 26 2 29 67 50 22 69 73 58 51 32 42 63 7 30 8 55 27 21 24 74 59 20 5 70 62 25 46 61 15 3 1 57 41 18 16 44 81 40 43 71 37 56 76 6 75 19 68 13 79 52 48 35 45 47 77 64 54 10 33 17 53 39 49 
75 10 30 40 7 67 48 55 20 27 66 16 5 29 78 69 39 47 26 52 14 76 72 74 13 32 65 37 43 11 51 81 4 35 56 24 1 57 73 3 53 33 41 28 21 54 31 25 58 8 45 6 64 46 59 19 77 2 22 44 49 61 68 38 17 50 9 71 62 18 42 15 63 70 60 79 80 23 34 12 36 
46 79 13 2 58 19 42 77 43 57 25 3 14 9 33 7 35 32 8 47 48 78 53 23 62 5 36 72 45 6 20 16 31 70 61 38 76 49 68 18 80 55 22 64 26 69 21 73 29 60 71 28 40 59 39 51 10 65 17 67 63 1 54 37 34 27 74 75 66 24 12 44 52 11 81 41 56 15 30 4 50 
62 18 61 37 76 22 57 41 50 67 49 43 23 21 38 13 24 58 30 20 70 54 4 6 79 44 77 71 69 19 3 52 47 48 65 66 34 7 39 14 10 63 15 78 17 80 5 35 74 2 81 12 68 9 60 31 64 33 25 8 53 16 11 29 36 55 56 51 28 1 46 26 73 40 75 45 27 72 32 42 59 
32 35 24 17 34 3 64 65 69 30 52 61 59 37 22 55 70 56 43 21 12 66 33 81 19 80 18 57 50 74 5 67 77 1 25 39 71 2 42 58 8 45 75 40 29 78 49 11 14 53 20 79 23 72 62 48 38 27 9 47 4 15 36 6 7 73 10 63 16 60 54 41 68 46 28 26 44 76 31 51 13 
63 52 39 73 1 4 44 72 74 42 17 81 40 80 46 50 54 76 41 9 57 10 15 55 28 68 3 33 59 62 12 79 53 75 49 22 48 36 60 19 16 69 35 27 32 77 56 37 47 13 34 70 38 51 14 26 5 45 21 7 24 66 29 31 20 65 11 64 8 30 23 67 6 58 61 18 78 71 43 2 25 
68 12 26 8 81 51 15 25 33 71 19 45 74 64 1 2 62 6 75 34 61 63 56 11 27 16 42 54 40 10 60 23 73 44 78 13 31 9 30 67 52 79 37 77 65 43 50 4 32 55 36 24 17 39 57 18 46 28 20 70 35 3 41 72 80 69 14 59 49 58 76 53 38 21 29 5 48 7 66 47 22 
71 59 54 53 49 28 29 47 27 79 10 63 8 44 77 20 68 41 64 38 46 1 45 60 31 7 40 18 9 34 76 58 17 36 15 2 23 6 51 11 12 4 72 50 56 26 75 33 67 48 66 19 22 52 30 32 42 13 80 73 78 55 74 25 21 61 81 5 70 43 3 39 57 24 62 37 16 14 35 65 69 
################proper############## 

 average_time = 264.732396 

 success runs = 1 

 total average iters = 4301928.000000 
