Success!!! 
 
 max_col = 
 81 
 
 run_time = 
 57.743081 
 
 once iters = 
 901387 
 
39 22 74 42 10 27 36 45 29 75 14 76 63 68 67 44 57 79 17 81 54 25 4 40 7 56 11 61 16 51 64 15 9 23 37 73 8 5 77 46 43 2 71 19 52 31 24 3 6 20 60 58 69 33 62 59 1 34 47 26 48 72 35 28 80 78 70 41 65 32 66 55 49 13 50 21 18 30 53 38 12 
56 67 16 23 52 25 7 73 71 41 40 74 3 33 15 35 53 43 21 9 12 64 45 78 62 47 24 32 27 76 81 68 30 5 49 46 4 51 57 59 72 39 63 18 14 34 80 55 54 50 48 65 28 1 36 19 8 37 75 69 77 70 79 31 58 6 29 38 44 13 11 26 42 20 60 61 10 2 66 22 17 
44 14 59 3 40 46 37 72 19 77 52 78 12 1 39 25 60 13 27 33 51 55 8 80 28 63 57 56 35 18 45 21 29 36 62 41 64 30 42 23 69 38 50 7 26 49 76 66 70 75 43 17 10 22 73 61 4 58 16 65 54 6 71 79 81 2 20 53 15 74 5 24 47 9 34 31 68 48 11 67 32 
20 63 11 75 78 68 33 1 21 19 61 18 58 69 16 66 65 51 59 70 14 67 41 49 53 30 36 80 38 55 26 34 47 13 7 25 27 56 74 31 48 37 28 54 62 45 79 8 2 52 44 32 12 73 5 17 29 9 46 39 43 60 81 71 57 42 77 50 76 10 35 22 15 72 23 4 3 6 24 64 40 
41 48 6 9 26 28 4 81 69 5 17 32 34 38 47 21 59 50 13 37 35 10 19 58 75 42 43 67 57 12 11 31 66 53 74 77 45 24 44 20 22 55 1 60 70 63 46 23 16 71 56 78 61 15 80 64 52 27 68 40 76 2 30 49 54 51 62 73 3 72 39 18 79 65 33 14 7 29 8 25 36 
50 54 62 80 18 51 70 5 34 46 9 20 8 7 6 30 71 56 44 72 73 16 2 79 68 61 32 65 3 48 63 28 58 69 24 78 10 76 33 35 66 29 13 75 53 57 4 39 21 41 37 11 19 36 25 38 42 74 31 22 15 67 49 52 64 17 47 23 14 12 40 60 43 45 59 26 55 27 1 81 77 
43 15 30 57 13 12 55 24 77 72 31 73 2 48 28 64 36 81 1 66 65 39 20 34 69 5 6 60 71 14 70 79 22 50 40 52 80 49 68 3 11 41 47 17 9 29 38 42 74 27 25 62 26 67 53 32 23 51 10 18 78 56 33 45 61 16 59 21 4 75 7 8 46 63 37 54 76 58 35 44 19 
60 61 49 65 66 64 76 47 53 24 26 27 37 11 62 42 10 45 38 71 29 52 23 18 22 31 74 1 17 39 8 59 4 54 33 2 32 58 25 79 40 67 15 6 73 5 51 72 9 13 81 77 35 7 14 20 50 55 21 63 12 3 44 34 48 36 56 68 30 19 43 46 16 78 41 69 75 57 70 80 28 
8 38 79 17 2 31 58 35 32 4 23 80 70 49 54 55 22 29 60 77 3 50 26 15 48 46 76 19 20 72 10 42 43 6 44 75 21 34 81 16 78 61 12 36 65 40 68 30 18 59 14 53 64 47 24 45 13 11 57 28 41 7 66 27 69 37 9 25 67 63 1 33 71 56 51 74 39 62 52 5 73 
55 45 67 50 70 13 62 51 9 10 20 8 21 46 32 79 58 61 19 65 47 6 5 52 3 18 33 34 44 74 80 75 64 15 4 69 11 12 26 27 24 30 81 73 17 28 25 56 36 54 38 48 41 2 78 23 49 29 76 77 7 40 57 43 60 35 66 37 53 39 22 72 68 42 71 63 1 59 31 14 16 
27 4 42 48 12 22 59 54 76 49 56 6 53 5 41 15 43 66 26 17 31 70 67 81 29 1 78 50 13 7 39 11 20 52 8 32 71 21 40 62 64 9 23 68 79 37 69 65 35 18 45 46 72 75 74 14 24 60 30 34 36 19 58 61 33 63 16 3 25 38 47 2 51 57 44 77 28 80 10 73 55 
74 11 8 53 29 39 69 28 44 54 36 38 60 71 78 37 55 33 42 16 25 9 77 43 80 75 49 31 12 21 62 45 79 81 3 57 5 6 1 4 56 14 2 51 76 66 30 40 47 7 22 10 73 23 63 70 46 17 32 27 72 59 13 68 20 34 64 24 50 48 19 52 67 18 15 65 35 41 26 61 58 
46 43 26 30 68 56 63 49 2 52 22 19 24 72 76 62 67 64 73 69 37 71 15 41 35 4 50 58 23 66 9 16 70 10 61 18 74 48 28 44 29 47 8 20 32 27 59 6 14 3 33 60 78 31 12 21 45 42 81 80 1 79 75 40 55 77 65 57 13 11 54 51 7 17 36 53 25 5 39 34 38 
81 6 7 60 37 24 35 19 40 9 16 44 74 65 14 51 27 77 20 10 64 34 53 36 2 23 61 30 47 22 73 56 72 71 55 5 33 63 75 42 52 46 59 70 54 11 1 76 57 43 68 79 17 21 4 39 3 38 41 31 69 18 25 58 15 45 67 26 28 62 80 49 78 29 32 50 12 8 48 66 13 
15 20 52 78 5 71 66 14 1 28 4 70 25 45 68 40 80 17 62 8 38 72 27 13 57 12 79 51 36 65 33 6 77 2 42 63 16 60 22 18 61 58 69 50 43 39 26 34 64 44 9 29 74 53 35 67 73 54 48 37 55 10 11 41 23 59 30 7 31 81 32 76 21 3 47 19 24 46 56 75 49 
58 25 65 72 79 21 3 10 31 1 47 2 23 81 73 13 12 59 11 40 45 7 48 39 14 44 63 68 29 26 43 24 17 38 28 67 57 41 37 49 19 53 36 34 35 80 55 32 4 61 8 15 77 16 66 51 22 71 62 20 64 50 6 42 75 46 5 56 18 27 78 69 9 33 76 60 74 52 54 30 70 
77 57 64 34 41 75 23 32 16 18 7 50 30 31 35 39 11 63 66 46 76 51 56 21 74 58 68 78 40 54 27 25 48 60 14 59 67 3 65 10 55 13 38 80 45 20 5 52 71 62 24 49 42 19 28 15 53 61 33 9 8 26 47 70 12 1 44 29 36 79 73 17 37 69 6 22 2 81 72 4 43 
17 33 73 38 80 61 18 36 47 29 75 3 48 26 34 57 42 69 24 28 32 54 55 22 59 60 30 35 41 19 76 37 49 1 46 53 72 77 39 66 7 15 78 25 31 67 12 58 13 63 70 81 51 50 2 56 44 16 5 68 65 43 52 6 71 21 10 14 8 4 9 74 20 79 27 40 23 64 45 11 62 
34 47 45 69 42 19 25 58 72 50 73 29 71 57 1 75 7 41 31 53 60 68 61 35 38 13 26 52 59 67 3 23 62 56 63 81 66 79 51 78 5 22 33 64 2 18 17 37 11 24 30 6 4 32 15 77 54 70 12 46 27 55 80 39 21 76 36 43 49 28 74 40 65 14 8 20 16 10 44 48 9 
70 40 56 20 22 32 49 53 41 81 48 25 18 61 4 69 28 44 63 78 58 45 59 77 34 27 10 54 9 13 15 19 11 21 12 76 55 39 14 17 8 60 30 37 57 50 7 36 26 35 46 64 33 38 71 5 51 1 52 29 79 65 23 62 66 73 31 2 16 68 67 6 74 75 24 80 42 72 3 43 47 
3 75 77 52 36 17 27 8 7 32 49 63 13 23 33 12 79 15 51 30 16 11 62 42 5 80 48 47 53 46 22 66 60 35 73 65 61 54 43 6 41 28 44 4 24 81 14 71 20 68 67 55 31 76 50 2 39 69 19 10 45 9 74 38 78 29 18 72 34 25 70 59 57 40 56 64 26 1 21 58 37 
6 71 48 79 81 65 5 61 57 31 54 53 35 36 46 72 70 60 64 50 9 49 39 17 40 3 66 2 8 29 38 32 75 78 16 51 1 47 27 74 67 80 26 76 42 19 63 13 73 77 23 69 25 56 68 28 37 24 11 59 14 21 43 22 10 58 41 15 20 55 44 30 45 12 62 33 34 7 4 18 52 
9 62 29 51 74 23 11 2 14 47 64 77 80 30 3 16 52 24 4 36 15 18 43 44 55 72 54 37 45 10 20 33 27 79 17 31 40 13 70 75 81 73 48 35 59 1 49 5 78 39 66 28 21 34 22 58 57 76 60 42 63 53 26 56 8 12 71 46 32 7 50 65 38 61 67 25 19 68 69 6 41 
78 50 37 24 39 55 68 30 28 6 74 5 22 67 21 20 8 26 69 14 41 33 25 19 73 79 47 57 34 80 42 1 18 40 70 36 29 38 15 58 45 31 49 52 10 65 60 43 62 72 16 12 27 59 7 48 66 64 35 56 75 44 32 54 3 4 63 11 61 9 77 23 76 81 17 71 53 13 46 2 51 
80 76 21 13 38 67 64 46 4 37 10 58 68 39 65 34 2 78 74 29 7 20 1 28 23 57 81 49 5 77 69 14 41 43 30 44 50 11 56 63 71 32 18 12 25 54 40 79 8 45 52 42 47 9 31 73 72 3 61 6 62 17 16 26 19 75 48 27 24 33 51 53 55 15 66 70 22 35 36 60 59 
1 35 60 26 63 73 10 59 33 66 19 51 40 9 17 43 76 38 22 21 70 8 32 12 56 67 75 24 28 50 71 55 6 39 64 74 34 46 16 68 77 65 72 62 7 53 2 44 48 15 3 80 58 61 20 36 47 41 49 13 25 4 18 37 52 69 57 81 45 14 42 5 54 31 29 11 78 23 79 27 30 
66 12 15 54 44 16 43 31 18 59 27 62 55 14 42 56 45 11 2 24 71 46 6 37 76 65 52 72 7 58 68 61 25 48 26 4 23 20 53 69 36 19 3 9 21 41 70 22 29 10 74 57 75 51 33 34 30 40 67 81 38 78 8 47 79 64 80 60 35 17 13 1 32 28 73 5 50 77 63 49 39 
69 5 34 8 35 9 45 17 13 79 67 33 66 4 37 22 23 28 52 32 63 81 80 31 42 64 19 16 6 71 55 40 51 12 20 56 48 68 50 21 1 27 7 43 41 70 61 25 76 74 73 3 29 46 38 72 36 53 65 62 44 77 39 14 2 57 78 47 10 54 59 58 26 11 18 75 60 49 30 15 24 
19 58 55 68 11 7 31 23 64 25 46 21 20 56 53 60 77 14 29 13 17 24 72 66 51 41 8 48 2 69 57 62 52 37 81 70 39 16 3 15 28 33 67 22 61 36 35 38 79 4 26 1 44 30 9 54 40 43 6 12 10 49 42 50 63 18 75 71 73 76 45 27 5 34 80 32 65 47 59 74 78 
48 46 20 16 28 42 67 38 50 36 43 31 51 24 74 63 13 39 12 34 49 21 3 47 58 76 23 33 75 30 78 10 5 26 29 27 52 64 18 65 54 40 37 69 8 59 71 9 72 53 15 45 62 41 81 25 19 22 1 2 60 80 70 44 11 55 61 32 17 66 4 7 35 6 77 73 57 14 68 56 79 
53 29 44 1 75 47 54 63 22 30 11 40 6 2 5 17 9 68 10 62 79 60 36 71 37 48 7 4 14 64 31 8 45 41 50 72 35 59 73 51 12 49 70 78 38 16 77 57 32 58 65 56 24 69 18 26 28 67 66 23 52 74 55 25 34 43 13 80 19 15 33 20 3 21 46 76 61 39 81 42 27 
65 70 57 41 3 10 51 60 62 80 81 12 73 15 44 76 38 72 53 20 4 22 74 61 26 59 2 36 67 32 47 54 34 18 39 21 14 23 55 71 58 45 31 79 6 75 11 28 5 66 50 19 49 27 30 69 7 78 29 8 56 68 17 64 42 24 52 77 46 16 48 35 25 37 9 43 13 33 40 1 63 
26 49 61 74 4 76 39 21 52 8 18 69 32 19 7 71 75 27 15 11 67 44 50 65 9 70 28 38 22 63 53 58 35 24 59 60 62 25 66 29 42 77 5 2 47 6 54 81 80 33 78 14 43 20 13 46 34 57 73 41 37 48 45 30 1 3 68 51 56 40 31 79 17 55 64 36 72 16 23 12 10 
73 30 80 36 6 37 56 66 43 45 34 55 10 78 49 50 48 57 77 35 40 14 18 38 27 16 39 46 65 44 25 17 1 42 76 3 9 4 20 26 32 11 60 24 75 22 23 2 52 47 7 67 68 13 59 79 15 5 64 58 33 61 63 29 70 74 12 28 72 21 81 62 53 71 19 41 8 31 51 69 54 
79 18 81 77 27 72 71 12 24 70 59 41 64 29 52 47 1 58 57 56 33 5 73 25 54 78 45 15 68 61 28 43 74 7 9 80 19 10 76 36 46 17 34 13 30 51 8 31 42 55 40 37 63 39 16 35 32 75 14 50 21 11 3 69 26 53 49 65 60 6 23 38 2 62 4 67 48 44 22 20 66 
2 78 25 32 14 15 40 33 59 65 62 42 16 3 26 61 54 35 46 75 43 69 30 6 1 68 55 66 73 49 23 13 19 11 77 79 56 81 80 72 53 44 74 57 63 10 64 18 60 48 12 21 34 17 47 71 20 31 51 76 4 27 24 36 9 22 39 5 37 8 41 67 58 70 7 28 45 50 38 52 29 
11 23 14 44 51 38 72 20 10 43 3 36 75 52 70 53 5 32 47 15 22 78 9 63 4 21 46 55 39 37 65 80 12 33 25 19 41 45 61 30 26 6 35 28 50 13 73 29 58 67 77 68 1 79 40 49 17 48 18 60 71 62 59 16 56 27 76 42 64 57 69 81 8 24 2 66 54 74 34 7 31 
59 8 24 62 73 34 80 25 3 76 72 14 31 47 30 23 29 4 71 79 39 61 17 64 50 33 67 27 1 41 60 5 13 51 57 58 63 65 36 9 70 48 56 15 68 42 74 46 53 81 54 66 45 6 26 7 21 77 22 78 11 28 12 55 44 19 38 49 2 18 20 37 40 43 10 35 52 75 16 32 69 
16 42 54 58 21 18 74 69 45 57 37 39 81 10 13 41 20 65 28 5 68 56 75 55 11 35 59 44 50 53 17 67 32 49 36 71 25 66 8 73 23 24 40 77 1 52 78 33 12 31 47 2 22 60 3 29 79 63 43 72 61 64 38 48 7 80 46 34 26 30 6 9 27 51 14 62 70 4 76 19 15 
40 79 28 29 19 5 22 6 60 63 66 64 9 50 25 11 33 67 23 26 42 27 24 51 10 81 34 70 48 38 72 78 46 16 75 30 58 18 49 7 2 21 76 59 13 14 15 62 43 69 17 20 57 80 8 53 74 56 39 45 35 54 41 32 4 31 3 1 52 71 36 73 12 68 65 55 47 61 77 37 44 
71 39 33 81 9 63 17 41 35 26 78 1 61 16 77 18 6 21 76 54 69 36 37 57 45 2 29 3 24 56 14 7 40 20 15 22 43 62 34 19 74 12 52 27 60 55 48 64 38 11 49 75 32 5 44 31 10 73 58 30 70 25 4 65 51 8 23 59 68 47 28 66 13 46 79 72 80 53 42 50 67 
7 36 75 27 1 4 26 52 67 73 38 56 15 54 51 45 68 55 25 18 72 31 40 62 70 32 65 21 43 2 35 64 23 74 11 66 42 71 78 47 17 81 46 44 29 30 39 59 19 34 61 41 8 10 37 16 76 33 80 24 5 69 14 63 77 50 22 13 79 53 58 12 48 60 28 49 20 9 6 3 57 
30 56 68 43 53 66 2 65 55 71 12 35 17 34 27 49 46 42 7 19 77 38 58 48 60 6 80 9 26 31 29 47 8 4 18 62 54 69 79 32 51 5 20 33 64 44 3 24 28 37 21 16 76 72 57 52 67 13 15 1 23 81 50 10 14 61 45 40 74 78 75 70 73 36 11 39 63 25 41 59 22 
37 77 31 47 46 50 57 78 70 48 58 28 69 22 59 2 44 8 16 52 1 12 49 74 43 14 13 45 76 79 61 81 73 63 34 6 75 53 11 55 3 72 39 10 80 4 56 35 40 25 51 18 7 65 27 42 68 66 9 32 20 36 19 24 29 41 33 67 54 60 62 15 64 26 30 23 38 17 5 21 71 
49 13 32 64 76 48 61 15 12 62 79 60 19 74 24 80 40 7 3 41 66 53 44 30 8 20 73 42 69 59 54 52 68 77 10 28 37 31 38 14 4 16 57 67 22 71 27 70 23 36 63 50 9 26 6 65 55 46 2 75 51 47 34 5 17 72 11 39 43 35 21 25 29 58 78 1 56 18 33 45 81 
24 7 40 56 20 26 42 18 81 67 57 15 33 37 9 31 62 71 49 38 2 28 76 46 79 74 25 39 32 6 12 69 65 44 23 13 78 73 29 60 21 43 68 55 77 58 72 41 34 19 4 63 5 48 52 3 11 50 45 51 17 22 10 35 36 14 1 75 27 80 30 61 70 66 53 16 59 54 64 47 8 
4 32 12 59 65 79 47 71 80 16 44 49 52 76 22 29 18 6 37 3 81 43 78 60 66 9 64 5 30 11 46 35 24 61 27 50 53 42 58 45 13 56 14 31 34 73 36 54 1 23 55 25 40 8 48 68 63 26 20 70 28 33 77 21 38 39 17 74 51 67 2 41 62 10 72 15 69 19 7 57 75 
76 10 51 70 69 44 6 9 75 23 25 11 47 40 63 46 56 48 68 57 62 4 14 7 31 77 27 28 66 34 41 73 67 17 38 16 81 72 52 64 50 20 19 32 74 78 21 80 39 60 59 26 37 49 1 13 58 2 42 54 30 24 53 15 43 5 55 8 71 29 18 3 36 35 22 45 79 12 65 33 61 
45 55 1 66 54 58 8 64 78 68 69 65 39 80 10 38 17 20 30 48 19 35 33 56 13 53 51 74 37 36 7 71 59 72 52 14 70 26 47 41 16 57 11 40 49 62 29 67 15 2 42 22 18 3 32 12 75 6 79 61 34 5 46 76 24 44 25 4 9 77 60 31 81 73 43 27 21 63 50 28 23 
67 19 39 5 15 62 29 74 30 64 8 61 28 51 12 4 78 73 32 6 21 26 63 70 20 55 72 40 79 68 2 48 3 25 43 1 18 27 10 38 44 54 75 46 33 24 16 69 31 57 53 9 71 66 60 41 80 35 23 36 81 14 65 59 22 56 50 52 7 45 34 47 11 76 58 17 77 37 49 13 42 
13 31 72 14 77 3 41 16 23 2 60 43 50 59 81 5 21 19 61 44 34 65 11 24 39 36 12 75 70 62 51 26 10 57 78 15 76 8 67 22 63 7 17 48 69 35 28 68 33 79 32 27 46 45 56 47 9 25 37 4 29 38 64 66 73 49 54 20 40 58 53 42 6 80 74 52 30 71 18 55 1 
25 68 53 35 48 2 50 34 46 14 32 45 27 13 58 1 72 74 67 42 52 73 22 75 16 15 5 77 18 8 21 76 31 29 54 33 36 28 59 24 79 71 80 39 4 61 65 20 30 17 64 47 81 70 55 57 43 49 44 7 40 66 69 12 37 11 6 19 62 23 10 63 56 38 26 3 51 78 9 41 60 
28 73 63 37 61 36 38 11 17 55 42 34 41 75 79 7 35 70 18 45 50 80 54 10 71 40 69 81 64 9 49 60 53 58 22 47 3 1 2 5 15 25 66 30 23 77 43 51 56 12 6 13 52 44 21 62 59 8 27 19 74 76 31 57 65 33 72 78 48 26 16 68 39 4 20 29 46 32 67 24 14 
22 52 27 21 33 57 60 43 49 3 53 26 54 66 36 77 24 30 58 47 23 59 29 1 41 8 17 63 56 20 19 4 42 80 45 55 12 61 9 37 35 62 6 65 51 74 50 7 10 76 75 38 14 11 67 18 16 15 72 71 73 39 78 13 46 81 28 70 69 64 79 32 44 25 5 68 31 34 2 40 48 
38 9 58 19 31 40 78 7 8 39 76 4 1 44 69 67 74 62 54 61 55 23 57 50 36 29 14 53 77 47 56 41 63 27 51 11 2 75 71 12 37 35 21 3 28 64 52 48 25 5 80 33 79 68 49 30 60 72 17 73 22 16 15 18 59 70 42 6 66 65 26 34 10 32 13 24 81 20 43 46 45 
29 80 36 45 23 70 77 75 51 12 65 71 72 8 56 68 3 49 6 43 26 40 79 69 32 22 16 14 33 73 66 44 57 9 2 17 13 19 5 53 20 76 41 42 27 38 10 50 59 21 11 34 55 28 39 37 61 18 74 25 24 58 54 1 62 48 81 30 47 52 46 4 60 7 31 78 64 67 15 63 35 
32 66 41 4 43 33 79 50 15 35 2 57 26 21 61 73 51 18 72 60 78 47 10 11 64 19 20 29 55 81 75 30 37 28 68 34 46 52 62 39 31 36 24 58 40 3 6 77 67 16 13 7 70 74 76 1 65 23 63 5 42 8 9 53 45 38 27 69 12 44 14 54 80 49 48 59 17 22 25 71 56 
57 59 10 55 17 53 34 13 61 15 50 22 46 77 23 32 66 16 45 63 5 76 42 8 67 52 44 20 62 25 24 12 71 70 72 43 6 7 64 80 30 51 73 11 56 9 18 27 65 14 2 31 60 54 19 78 48 81 38 3 47 41 68 33 74 28 35 36 29 37 49 21 75 1 40 79 4 69 58 39 26 
42 72 5 22 64 30 81 37 48 38 29 13 36 27 80 52 63 47 35 74 46 17 21 9 25 51 62 23 15 60 40 49 76 67 65 26 59 32 54 70 34 66 55 61 18 43 57 1 44 73 39 4 20 58 69 75 6 28 71 11 53 45 56 78 16 10 7 79 41 31 24 50 14 77 12 8 33 3 19 68 2 
14 60 35 6 62 20 21 68 74 33 41 54 78 79 40 70 19 10 34 1 53 75 13 27 24 28 15 18 58 16 59 3 7 46 32 42 77 57 23 81 47 8 65 63 48 76 22 45 49 56 69 72 30 37 43 4 31 36 26 52 80 12 67 17 25 71 2 55 39 73 64 11 50 44 61 51 66 38 29 9 5 
18 24 71 73 16 69 52 27 11 20 28 7 14 53 43 48 64 37 65 39 59 2 31 68 30 66 56 22 54 45 74 38 21 8 13 10 44 29 4 25 49 1 9 26 72 17 81 12 75 32 36 40 15 78 46 33 77 79 50 35 57 51 62 80 5 67 60 63 58 61 3 19 34 23 70 42 41 55 47 76 6 
47 3 2 46 49 54 65 67 26 60 6 75 42 55 31 9 30 25 33 12 48 58 81 73 18 7 38 69 4 1 50 39 80 64 5 35 22 14 17 43 68 79 16 45 78 23 19 63 24 8 41 61 53 71 34 27 70 10 59 44 66 32 29 20 40 13 51 76 57 56 15 77 52 74 21 37 11 28 62 36 72 
12 44 76 63 56 1 28 39 25 58 45 24 59 17 11 81 34 5 41 49 80 37 70 3 77 71 4 6 31 52 48 36 78 19 79 61 38 33 69 67 60 50 10 74 15 46 47 26 51 42 29 35 66 62 64 40 14 7 13 55 2 20 21 75 72 68 32 9 23 22 8 43 30 53 54 18 27 73 57 16 65 
10 74 3 49 47 41 19 40 73 21 51 81 43 63 2 33 39 22 79 23 28 62 68 5 52 37 71 13 46 57 32 27 50 66 58 24 31 15 6 56 75 59 45 72 11 7 67 53 55 26 20 76 80 25 29 8 78 4 70 17 9 1 60 77 35 54 69 48 38 36 12 44 18 64 16 30 14 42 61 65 34 
35 17 46 67 8 14 13 42 56 78 80 68 44 6 55 26 25 23 70 59 20 15 69 2 65 50 18 41 19 4 1 9 54 3 53 45 51 37 12 52 38 63 27 49 36 60 66 47 81 64 57 73 11 29 79 76 71 21 34 16 58 30 5 7 28 62 74 31 22 24 61 39 77 48 75 10 40 43 32 72 33 
52 64 9 28 32 81 15 44 63 34 70 79 67 12 45 36 37 54 14 73 61 1 7 53 33 43 35 71 25 42 5 20 56 65 21 38 47 55 24 40 76 69 29 66 58 2 62 10 50 78 72 51 16 77 75 22 18 80 3 74 26 31 48 4 41 30 19 17 11 46 57 13 23 59 39 6 49 60 27 8 68 
54 37 22 71 34 59 20 48 39 11 24 16 57 18 75 65 14 53 56 55 6 41 46 72 63 38 77 26 49 15 30 29 44 73 80 40 17 35 60 2 10 64 32 21 3 33 13 74 45 70 19 5 23 52 61 66 62 12 25 47 68 42 51 67 76 9 8 58 1 43 27 78 69 50 81 7 36 79 28 31 4 
33 27 66 76 55 45 16 57 79 69 13 72 29 28 50 19 41 3 8 31 36 74 60 67 21 11 9 12 63 43 34 22 14 59 6 7 68 70 48 61 39 4 77 5 81 32 75 49 17 40 58 30 54 18 65 10 56 44 24 15 46 35 20 23 53 26 73 64 42 2 52 71 1 47 25 38 62 51 37 78 80 
36 69 4 61 25 60 75 70 38 40 5 46 62 64 71 74 31 9 80 58 24 30 16 32 81 34 42 10 78 28 67 72 33 76 48 68 65 44 7 57 73 26 54 53 19 8 37 21 41 6 1 59 3 35 23 50 2 14 77 43 39 52 27 51 47 20 79 18 55 49 56 45 66 22 63 12 29 15 13 17 11 
31 51 78 2 7 29 24 26 6 27 15 48 4 58 20 8 49 1 39 64 44 57 66 45 47 25 22 79 11 17 36 77 81 75 35 37 30 67 13 50 18 74 62 23 16 12 42 61 69 38 34 71 56 43 41 63 33 59 28 53 32 73 72 60 68 40 14 10 70 5 65 80 19 52 3 46 9 21 55 54 76 
5 21 23 12 50 43 1 62 58 42 30 17 77 60 38 59 61 52 48 76 10 29 51 4 19 54 3 64 74 70 18 2 16 55 47 39 79 9 46 33 80 78 25 8 71 68 31 14 27 22 28 36 65 24 11 6 69 45 40 57 49 13 7 72 32 15 37 66 81 34 63 75 41 67 35 56 44 26 73 53 20 
68 53 18 11 72 77 30 80 65 56 35 47 7 32 66 10 73 76 78 27 75 13 12 26 17 49 40 62 61 23 52 51 69 31 60 8 28 22 41 34 14 42 43 1 20 15 44 4 46 9 79 39 48 63 54 81 64 19 55 38 67 37 36 3 50 25 21 33 6 59 29 16 24 5 57 2 58 45 71 70 74 
23 26 19 40 45 6 48 29 66 22 21 59 76 25 18 58 32 34 75 67 74 79 65 20 61 10 53 8 80 3 37 70 28 14 69 54 15 78 63 1 33 68 42 38 55 56 41 11 7 30 62 52 39 81 77 44 12 47 36 64 16 71 73 2 13 60 4 35 5 50 72 57 31 27 49 9 43 24 17 51 46 
61 81 47 33 71 80 12 3 42 53 77 9 5 73 64 27 50 31 43 4 30 19 28 16 44 45 1 11 52 78 13 46 2 62 66 20 69 40 72 54 25 18 79 14 67 48 34 60 37 51 35 70 36 55 10 24 26 68 7 49 59 15 76 8 6 65 58 22 75 41 17 29 63 39 38 57 32 56 74 23 21 
62 16 69 18 30 35 9 79 54 7 68 67 65 43 60 24 4 46 40 22 13 42 52 23 78 39 70 25 72 75 77 57 38 45 41 64 49 36 31 48 6 10 58 81 37 26 32 73 61 80 71 8 59 12 17 74 5 20 53 33 3 63 2 11 27 66 34 44 21 51 55 56 28 19 1 47 15 76 14 29 50 
63 28 13 39 24 74 14 76 5 17 71 37 38 70 19 3 15 36 55 2 27 32 34 54 12 73 58 59 21 40 79 65 61 68 1 23 20 80 35 8 62 75 53 29 66 72 33 16 77 46 18 44 50 42 51 43 81 30 56 67 31 57 22 9 49 47 26 45 78 69 25 64 4 41 52 48 6 11 60 10 7 
64 41 17 15 59 52 46 4 68 44 63 10 45 20 57 6 16 40 36 80 56 48 38 29 72 62 60 73 51 5 58 50 55 32 67 49 7 2 21 76 9 34 61 47 12 25 53 78 22 65 27 43 13 14 42 11 35 39 8 66 19 23 1 74 31 79 24 54 77 3 71 28 33 30 69 81 37 70 75 26 18 
72 34 50 31 58 49 44 22 36 74 1 52 56 42 8 54 26 2 9 51 11 77 47 76 46 24 37 43 60 35 6 53 15 30 71 48 73 17 32 28 27 3 4 41 39 21 20 19 63 29 10 23 38 57 45 80 25 65 69 79 18 75 61 81 67 7 40 12 33 70 68 14 59 16 55 13 5 66 78 62 64 
21 65 43 25 67 11 32 55 20 13 33 66 49 35 72 78 47 80 81 7 18 3 71 14 6 17 41 76 10 27 16 63 26 34 31 9 24 74 30 77 57 52 51 56 46 69 58 75 68 1 5 54 2 64 70 60 38 62 4 48 50 29 28 19 39 23 15 61 59 42 37 36 22 8 45 44 73 40 12 79 53 
75 1 70 7 57 78 73 77 37 51 55 30 11 41 48 14 69 12 50 68 8 66 64 59 49 26 31 17 81 33 44 74 39 47 56 29 60 43 19 13 65 23 22 16 5 79 45 15 3 28 76 24 67 4 72 9 27 52 54 21 6 34 40 46 18 32 53 62 63 20 38 10 61 2 42 58 71 36 80 35 25 
51 2 38 10 60 8 53 56 27 61 39 23 79 62 29 28 81 75 5 25 57 63 35 33 15 69 21 7 42 24 4 18 36 22 19 12 26 50 45 11 59 70 64 71 44 47 9 17 66 49 31 74 6 40 58 55 41 32 78 14 13 46 37 73 30 52 43 16 80 1 76 48 72 54 68 34 67 65 20 77 3 
################proper############## 

 average_time = 57.743081 

 success runs = 1 

 total average iters = 901387.000000 
