Success!!! 
 
 max_col = 
 81 
 
 run_time = 
 197.467809 
 
 once iters = 
 3212041 
 
57 25 39 2 30 81 11 18 78 76 51 4 42 53 13 59 64 56 8 23 17 77 33 65 32 46 16 63 1 54 37 14 5 26 34 72 43 67 60 73 27 7 75 41 52 10 69 58 24 62 68 40 22 70 15 31 21 74 66 36 12 48 29 50 55 38 9 71 35 49 80 61 19 6 44 47 3 28 20 79 45 
13 74 60 43 7 12 46 24 66 22 14 2 33 65 26 40 62 54 73 78 31 80 75 19 41 9 61 10 76 59 56 11 48 32 79 70 28 81 30 38 51 71 47 21 50 63 44 42 25 77 17 67 64 52 16 55 5 27 35 3 6 49 68 34 57 36 20 37 15 45 4 8 29 18 72 69 1 39 58 23 53 
51 42 19 52 44 17 80 32 1 68 25 73 61 37 5 10 31 47 43 35 64 12 72 11 45 53 50 60 74 69 49 22 29 40 9 55 4 59 78 24 57 6 3 13 14 36 75 66 76 15 28 71 54 27 46 20 30 77 18 2 23 39 70 79 58 56 63 62 16 33 48 26 67 81 21 8 41 34 65 38 7 
15 21 35 28 75 14 23 10 4 79 72 67 11 1 81 19 70 12 22 29 5 58 68 27 20 74 18 6 44 62 64 17 8 65 80 13 63 32 36 66 55 25 37 61 49 26 78 30 45 48 43 56 16 9 38 50 53 42 33 40 57 34 41 3 77 59 60 69 39 47 2 7 46 73 52 51 54 31 24 71 76 
45 20 37 67 26 31 65 79 58 16 23 8 77 30 55 28 27 50 34 13 71 2 15 10 38 57 44 61 36 51 43 39 12 3 52 24 33 9 53 70 62 19 29 72 22 49 80 32 7 21 18 35 41 74 78 75 69 76 1 47 14 81 11 42 6 73 64 17 46 68 5 54 59 25 60 4 40 66 63 48 56 
48 59 61 71 76 27 64 56 55 45 24 44 60 75 7 29 15 36 54 21 47 6 81 52 28 42 69 53 57 41 68 73 25 38 66 77 18 58 40 74 34 31 46 2 8 20 79 3 11 39 33 4 5 50 80 51 13 67 63 72 22 26 62 1 30 65 12 23 70 32 14 19 78 17 37 49 43 9 10 35 16 
47 34 6 38 53 8 36 68 72 17 39 49 63 21 18 74 32 3 30 26 62 7 40 24 37 76 56 45 4 75 28 67 78 20 15 50 69 11 80 35 79 65 48 16 23 29 55 2 60 14 61 1 46 73 58 54 59 9 19 44 64 25 71 52 66 31 13 43 10 51 81 41 5 27 70 57 77 22 12 33 42 
41 9 77 33 54 50 16 29 69 6 35 34 57 80 66 58 52 78 48 70 3 4 63 49 79 59 67 2 30 27 46 19 42 21 7 71 68 1 20 39 17 5 45 10 64 38 23 51 31 72 12 47 81 65 56 60 73 24 61 32 43 37 8 11 22 18 53 28 44 40 76 25 26 15 36 13 75 14 62 74 55 
70 5 22 49 62 63 40 73 3 20 9 69 71 46 41 38 43 48 55 60 51 36 14 39 25 1 66 58 23 16 81 31 33 18 47 35 77 15 42 26 44 76 12 54 56 6 19 37 59 57 8 34 13 53 45 4 79 7 10 52 65 17 28 78 21 75 67 27 29 72 74 24 80 64 50 61 2 11 32 30 68 
58 44 33 29 38 10 77 31 63 13 11 53 81 40 79 3 69 49 25 15 67 51 27 28 68 32 73 56 16 5 70 23 76 75 2 22 72 57 62 78 14 24 71 19 60 66 50 48 61 59 7 21 26 46 34 41 36 39 52 30 17 1 54 12 37 8 43 65 20 6 9 42 74 47 4 35 18 55 45 64 80 
27 61 78 69 68 76 60 51 47 65 33 18 25 42 45 6 58 44 63 74 40 72 20 38 11 10 24 26 79 21 35 53 31 14 12 36 75 4 39 8 41 56 34 32 13 17 16 5 3 43 67 23 70 37 77 48 49 57 2 62 81 29 59 7 71 80 28 55 1 64 54 73 30 19 66 15 9 50 46 52 22 
46 39 32 54 67 45 42 70 6 64 16 74 52 57 48 8 4 55 77 75 79 23 62 80 59 21 78 18 17 15 60 20 41 44 13 81 37 28 50 69 2 12 30 3 61 9 65 36 68 76 27 53 34 31 25 38 35 10 47 43 56 11 7 14 29 19 26 5 66 63 22 49 71 51 33 40 58 1 72 24 73 
40 81 1 21 56 52 74 64 13 30 62 32 15 47 60 72 12 76 26 2 22 29 46 37 3 33 36 78 58 71 45 66 67 77 50 42 53 63 49 11 7 43 38 6 20 51 4 14 8 54 44 39 19 69 9 27 18 23 80 55 79 65 73 70 35 24 57 25 34 17 10 31 28 68 41 48 16 75 5 59 61 
12 71 80 19 50 9 24 16 18 5 29 68 21 61 78 2 36 14 57 42 56 8 55 66 81 7 35 39 43 10 1 4 73 69 51 74 44 76 67 31 25 48 22 52 47 30 64 79 13 60 6 38 45 41 3 46 58 37 28 70 63 32 26 40 59 33 75 53 27 15 23 72 62 65 54 77 20 17 11 49 34 
3 66 43 37 5 53 25 4 48 26 1 28 34 38 24 27 7 39 12 45 41 65 6 14 49 17 31 33 29 9 59 80 40 61 54 8 23 73 46 58 15 18 64 55 35 77 71 20 22 52 78 75 11 42 72 13 19 21 60 68 67 74 76 69 36 50 62 47 30 81 51 16 32 2 10 63 57 44 70 56 79 
2 35 73 17 23 65 62 14 11 66 70 56 10 43 46 41 20 77 64 9 48 60 71 47 61 34 53 7 19 25 57 37 52 55 28 30 54 26 79 40 16 27 33 59 45 74 63 1 49 80 32 58 29 72 4 5 75 22 24 15 42 50 51 13 67 39 21 44 38 3 18 68 8 69 12 76 36 78 6 81 31 
7 8 34 30 20 59 79 49 36 51 71 17 67 50 54 22 80 75 39 76 43 13 18 44 69 19 52 11 64 63 32 68 72 47 3 65 66 10 74 21 1 70 9 5 29 62 73 15 57 35 81 55 24 28 33 6 78 12 14 45 16 40 31 48 46 77 2 58 56 61 41 4 53 42 26 27 23 60 25 37 38 
22 15 26 72 57 41 28 55 75 59 73 35 31 63 23 37 19 9 50 58 30 1 16 54 70 5 4 34 38 49 48 46 62 24 6 27 17 42 68 36 77 80 81 65 51 47 33 12 10 25 40 18 56 2 20 71 66 8 64 53 69 61 44 45 78 79 74 52 11 60 32 76 13 3 29 67 21 7 14 39 43 
25 45 8 44 34 60 53 62 56 18 54 65 69 7 64 52 59 81 21 49 1 43 28 6 63 50 22 15 48 26 58 3 70 33 40 4 5 77 51 57 36 73 66 31 11 39 67 23 16 9 38 72 78 61 41 10 27 68 74 79 71 80 32 20 42 14 29 19 55 2 13 35 12 46 76 75 17 24 37 47 30 
31 12 11 35 16 13 10 20 23 44 57 25 38 55 73 71 60 46 27 48 54 19 78 67 80 3 59 75 72 42 17 5 24 45 49 79 9 74 81 6 68 58 56 76 39 2 52 47 33 37 63 22 43 40 66 61 77 34 29 26 51 70 21 65 28 30 36 7 64 4 53 62 18 32 1 50 14 69 15 41 8 
36 57 46 55 80 79 27 1 61 50 63 66 53 51 32 45 2 37 17 47 14 5 9 20 23 4 70 73 39 12 16 44 77 52 76 67 26 54 29 7 43 13 21 22 30 42 56 8 34 24 41 25 68 19 60 49 65 62 58 59 40 35 64 74 48 69 71 72 18 75 3 15 11 33 81 6 78 10 38 31 28 
26 70 72 5 18 74 78 48 81 33 76 75 39 24 17 68 40 23 66 61 16 10 58 2 29 44 41 55 22 60 47 9 28 7 32 14 65 20 3 42 59 35 25 71 27 69 1 31 53 79 11 46 62 64 36 12 37 73 54 8 15 63 30 57 80 6 38 77 51 52 50 43 4 56 34 21 19 13 67 45 49 
59 47 54 65 51 68 75 21 33 28 48 30 43 35 19 13 74 79 24 8 81 39 36 42 77 55 64 46 69 50 80 25 56 62 18 10 61 40 12 67 72 4 23 15 1 32 29 71 6 44 49 27 7 5 22 2 14 38 17 9 78 76 45 37 63 34 31 70 41 16 58 11 20 66 57 53 52 73 3 60 26 
24 28 14 42 29 6 7 69 73 21 80 12 9 4 20 36 56 10 37 51 13 26 32 68 71 52 74 30 31 61 19 1 64 27 38 11 45 41 44 16 33 46 62 49 34 3 70 65 15 81 59 57 60 58 53 39 48 50 75 18 72 47 67 22 8 17 5 76 40 23 78 66 54 43 63 25 35 2 79 55 77 
32 49 40 9 77 71 63 37 43 62 3 26 6 16 15 14 67 5 18 31 34 75 7 72 53 65 60 29 59 35 36 41 54 66 21 78 38 47 28 48 24 79 55 8 2 50 45 73 12 17 76 74 20 30 52 69 57 11 13 4 19 42 33 44 25 1 10 46 81 27 68 56 70 39 22 23 64 61 80 58 51 
64 58 67 39 52 15 3 50 76 1 42 29 41 72 22 11 61 34 69 56 57 62 73 45 33 30 38 20 51 13 8 65 68 2 81 37 78 70 32 18 19 17 63 53 80 4 10 35 66 36 75 48 77 14 31 23 55 28 25 24 46 43 6 49 54 12 47 9 60 21 26 79 7 74 5 71 44 40 59 16 27 
38 4 41 22 2 19 66 17 30 77 27 47 70 8 49 31 78 58 35 11 12 25 76 79 15 40 46 57 6 23 74 63 34 53 71 43 52 37 10 60 75 64 14 50 69 18 26 55 54 51 80 13 28 21 44 1 56 3 16 7 20 5 81 61 33 32 39 73 45 24 59 67 48 29 9 72 65 36 42 68 62 
67 62 25 60 55 1 54 44 16 37 68 10 40 6 74 75 23 2 14 3 80 81 21 69 7 78 76 9 35 57 71 42 15 31 56 59 27 79 8 20 4 45 73 51 33 48 17 63 36 58 39 24 52 26 49 29 64 72 41 34 70 22 77 28 47 66 46 30 12 38 61 50 65 11 32 19 13 5 43 53 18 
14 76 69 12 40 24 48 30 2 38 65 72 29 13 4 67 3 17 19 20 9 79 34 16 44 54 63 1 45 36 75 51 80 64 62 58 50 56 5 52 49 39 11 25 81 70 32 57 73 31 15 66 35 23 18 26 61 55 42 46 28 33 53 27 41 7 68 21 74 22 43 37 77 78 8 60 71 6 47 10 59 
52 26 15 31 32 36 70 74 68 73 79 61 28 69 14 50 1 33 75 30 72 67 64 25 56 18 11 5 46 76 20 48 47 12 8 60 21 24 17 34 66 55 53 23 3 37 13 49 42 10 19 59 51 77 43 35 63 80 6 65 54 27 9 71 39 58 44 78 4 57 40 45 2 22 62 16 38 41 29 7 81 
71 19 20 57 81 35 9 72 46 80 41 42 49 39 25 16 53 62 28 68 23 59 65 36 50 12 32 27 52 14 11 61 7 30 74 38 29 43 26 77 10 22 13 37 70 34 6 78 79 47 56 54 55 18 51 15 4 40 69 75 1 45 2 17 76 60 8 67 33 5 24 3 44 21 58 66 63 64 31 73 48 
37 38 17 75 65 5 34 80 10 46 81 64 47 78 36 7 8 30 6 43 55 33 45 51 24 15 26 32 50 53 4 40 23 54 41 66 67 19 61 68 31 2 57 58 28 72 22 76 14 27 29 11 1 60 74 79 71 48 44 13 73 21 12 16 49 63 56 18 59 77 62 69 52 20 39 9 25 42 35 3 70 
42 41 79 7 33 58 56 43 27 24 12 51 55 20 70 32 76 31 38 71 73 37 39 4 66 29 57 21 67 77 22 16 13 81 19 18 1 78 59 62 63 60 65 64 48 75 28 25 46 69 2 44 40 45 30 3 52 17 36 10 47 8 5 9 34 35 54 80 53 26 11 6 72 23 14 74 61 68 49 50 15 
21 53 13 45 6 77 61 11 29 56 43 5 59 60 71 18 22 26 74 62 70 31 48 1 35 8 10 28 2 79 44 24 49 17 55 63 76 69 47 15 80 54 42 40 46 7 38 81 64 41 30 50 9 3 57 14 39 58 78 16 68 66 20 73 23 52 19 32 72 65 25 75 36 67 27 37 12 4 34 51 33 
66 18 49 63 4 73 47 28 39 54 34 52 35 48 44 21 9 19 58 40 77 27 2 46 60 22 17 69 70 78 3 10 43 29 65 68 32 75 41 12 6 30 74 38 72 71 20 61 62 16 5 33 53 8 37 67 11 31 50 23 7 59 25 81 51 13 42 14 36 79 15 64 56 57 80 55 76 45 26 1 24 
8 51 3 23 59 78 50 22 64 57 58 45 66 15 77 63 11 27 47 5 52 49 53 61 13 41 42 72 34 33 73 26 39 37 25 6 7 18 16 14 9 44 36 35 71 43 12 74 21 67 4 65 80 68 81 24 62 19 32 38 76 60 56 55 31 48 70 1 2 20 29 10 75 79 69 54 46 30 40 28 17 
6 54 10 59 27 16 2 35 25 32 15 14 44 56 43 39 81 52 78 67 58 24 31 71 47 26 28 3 7 19 53 21 18 60 17 23 34 64 77 41 11 57 70 73 66 22 62 50 80 20 65 36 63 38 69 72 76 5 12 48 45 55 37 75 9 68 51 74 61 13 33 1 49 8 40 30 42 79 4 29 46 
79 17 53 70 9 7 14 60 49 40 10 36 13 58 57 69 51 67 11 6 76 16 4 35 2 68 39 50 42 44 66 28 26 46 72 47 8 30 55 65 56 33 43 80 75 21 74 45 27 32 1 78 3 48 64 59 41 63 77 81 52 19 22 29 15 25 23 24 54 31 73 71 38 62 61 34 5 20 18 12 37 
18 50 42 40 24 56 58 81 31 8 77 33 73 22 47 70 49 71 59 79 60 41 12 5 55 48 30 43 9 1 14 54 16 36 63 39 62 27 15 37 67 74 51 29 68 53 61 10 19 46 69 2 66 75 65 34 17 32 57 25 4 20 23 26 11 76 35 3 6 44 52 38 45 7 28 64 72 80 21 78 13 
19 43 68 46 73 23 45 66 57 74 50 37 3 9 1 30 21 60 13 54 7 69 77 40 75 61 49 24 65 20 5 55 32 58 48 64 42 22 76 63 38 52 79 28 12 44 11 29 17 8 47 31 25 15 35 18 26 2 51 80 53 71 14 10 56 78 4 81 62 34 72 36 6 41 67 33 59 27 16 70 39 
11 69 51 34 36 37 52 78 71 29 2 31 62 28 76 42 45 41 9 72 20 53 10 50 22 64 23 38 77 67 40 79 81 68 33 80 19 6 18 44 5 14 26 1 59 60 30 4 43 13 16 49 12 35 70 58 15 61 46 73 8 3 74 21 65 27 7 66 32 39 17 63 57 75 55 24 56 47 48 54 25 
55 22 74 62 72 48 44 3 38 75 53 63 7 12 6 20 65 16 42 32 36 45 25 17 51 73 81 59 78 34 15 29 37 10 27 69 35 46 71 13 21 61 54 60 4 28 39 18 70 40 64 14 57 56 1 11 43 33 30 66 9 24 49 41 50 47 79 8 67 80 19 5 31 52 2 68 26 23 77 76 58 
29 75 65 80 12 39 8 13 67 27 78 11 64 19 35 61 26 4 56 38 63 44 37 33 18 66 1 41 49 22 25 30 45 6 73 2 36 23 24 3 58 47 31 9 53 52 72 34 5 55 79 77 59 76 7 68 54 60 62 42 21 28 16 43 20 70 69 48 14 46 57 40 51 50 17 10 32 74 81 15 71 
63 1 47 41 28 61 30 33 15 34 38 59 18 17 72 5 79 68 80 65 46 57 70 3 8 14 21 31 62 74 52 76 11 4 35 75 20 50 45 25 32 81 2 48 16 23 24 7 37 26 71 51 67 54 29 56 10 6 27 78 39 13 40 58 64 55 77 49 22 42 60 12 9 36 73 43 66 53 44 69 19 
5 64 4 20 21 26 76 77 32 23 66 48 54 25 80 55 46 24 52 34 19 74 43 29 27 62 15 51 8 56 13 71 57 70 61 12 40 17 69 72 78 49 7 39 10 41 42 68 58 33 9 81 73 6 47 44 31 79 38 67 50 36 75 30 16 53 37 59 28 18 45 2 3 63 11 22 60 35 1 14 65 
44 65 18 77 61 21 38 12 17 52 32 54 50 31 28 49 37 80 51 25 75 15 11 9 78 36 48 19 27 58 42 47 74 41 70 5 79 35 4 55 13 63 68 69 67 45 57 64 72 3 60 8 6 39 10 53 22 56 26 14 24 23 66 62 1 29 81 16 71 30 34 33 73 40 46 59 7 43 76 2 20 
43 13 66 76 22 3 41 8 74 78 59 20 58 44 63 65 42 45 62 4 28 70 23 32 10 6 12 48 33 24 61 77 75 25 67 21 16 39 52 71 81 15 60 11 18 14 7 53 1 30 46 73 50 55 68 57 38 29 79 19 2 54 17 31 26 40 80 64 9 37 35 47 27 5 56 36 49 72 51 34 69 
4 72 27 16 10 25 55 63 42 81 6 76 14 33 61 15 41 11 7 1 69 52 29 73 30 47 58 49 28 46 78 43 20 35 22 45 56 48 64 19 54 53 80 17 32 40 51 75 18 65 37 68 21 62 50 9 34 36 67 60 74 77 3 38 2 44 66 57 5 59 12 39 24 31 79 26 70 71 8 13 23 
75 33 36 11 47 62 5 15 20 19 18 70 26 27 30 9 77 7 53 17 42 54 3 59 74 81 40 71 68 66 2 72 6 39 14 1 58 12 34 23 29 50 49 43 73 79 35 38 67 56 24 28 10 16 63 76 8 52 45 21 31 64 69 4 60 51 55 61 13 48 46 22 41 80 25 44 37 65 57 32 78 
30 7 23 32 70 80 1 39 59 4 64 79 68 74 75 62 17 72 67 27 61 14 60 77 34 38 45 40 18 31 29 12 65 57 69 9 25 51 2 22 8 26 44 46 6 15 76 13 63 5 66 52 48 36 55 37 28 35 81 71 41 73 43 56 53 49 24 50 21 54 20 78 42 10 3 58 47 16 33 19 11 
28 6 9 26 31 49 35 58 14 69 36 60 24 5 67 56 47 21 2 44 39 71 22 57 65 72 13 76 53 55 54 8 50 59 16 34 41 45 38 10 3 66 61 78 37 19 43 17 74 12 20 70 23 4 40 32 80 1 15 33 27 51 46 25 79 42 73 68 7 11 63 18 64 30 77 81 48 52 75 62 29 
68 60 50 78 64 34 73 52 54 71 46 23 12 66 2 35 39 29 16 18 24 76 80 43 19 63 5 13 10 81 51 56 79 15 37 7 30 31 57 28 42 75 40 70 77 33 49 59 9 11 58 26 47 22 48 62 20 25 4 6 44 72 65 32 27 3 14 36 69 41 8 17 1 53 38 45 55 67 61 21 74 
56 46 45 81 79 29 57 40 37 43 22 16 48 34 51 53 55 38 49 66 35 64 8 41 21 31 33 17 3 80 26 52 30 63 11 73 14 36 1 47 20 62 72 24 5 78 27 54 44 71 25 69 2 32 61 42 70 59 7 12 13 75 58 67 19 23 76 6 77 10 65 74 39 4 68 18 50 15 28 9 60 
53 24 71 48 69 2 67 19 51 25 8 13 1 73 3 57 10 40 79 46 68 50 56 55 26 37 20 44 60 4 38 62 36 23 64 32 59 7 9 27 65 21 76 33 74 31 77 41 29 61 34 80 42 81 11 30 16 49 5 39 18 78 47 72 70 43 15 45 52 58 75 28 14 12 35 17 22 63 54 6 66 
78 30 38 53 35 69 71 9 77 42 40 57 20 2 10 26 16 18 60 59 25 22 47 76 12 45 51 79 41 73 24 27 1 67 4 61 13 72 7 32 50 28 52 81 63 54 21 56 48 66 36 5 65 11 6 64 3 44 23 58 80 46 39 19 17 74 33 34 49 55 31 14 43 37 15 29 62 70 68 8 75 
39 67 75 4 42 18 26 36 50 35 74 3 76 81 33 73 30 28 40 41 49 63 38 58 31 13 68 70 15 72 6 7 53 11 43 54 55 25 66 29 69 16 20 47 17 24 8 60 2 23 22 61 27 51 14 19 9 65 59 57 10 12 1 5 52 45 78 56 37 62 77 48 34 44 64 80 79 21 71 46 32 
33 52 59 3 48 47 49 57 21 60 55 24 79 41 37 77 5 25 20 14 2 34 69 15 46 67 7 8 56 39 23 58 35 16 75 28 70 61 65 54 76 10 27 74 26 64 53 62 81 78 31 19 38 17 32 73 42 13 43 63 11 68 4 66 44 22 40 29 80 71 6 9 50 1 51 12 45 18 30 36 72 
61 73 2 14 60 72 32 34 65 53 49 78 75 71 27 80 13 59 44 55 21 35 42 8 5 56 6 25 20 17 10 38 66 19 46 57 64 68 23 4 39 3 41 62 43 67 18 69 77 29 70 37 79 12 76 74 51 45 48 54 33 15 36 24 7 11 16 26 50 1 30 81 40 28 47 52 31 58 9 22 63 
17 63 5 10 45 20 6 25 28 15 56 21 19 32 58 46 44 70 1 81 33 18 66 64 72 24 29 47 12 48 62 13 69 78 26 52 71 2 11 9 60 37 77 34 38 76 59 43 75 73 14 30 74 80 8 40 67 16 31 22 55 79 50 51 68 4 3 41 42 36 39 23 35 49 65 7 53 54 27 61 57 
76 37 81 68 74 11 12 46 7 63 69 38 36 64 50 23 72 43 10 28 27 61 57 48 16 80 3 77 5 65 55 2 71 51 60 49 22 8 31 56 45 67 15 44 42 13 34 39 40 1 35 9 32 33 62 52 25 41 21 17 29 30 18 53 75 54 59 79 73 70 47 58 66 24 6 78 4 26 19 20 14 
1 80 56 8 66 44 13 41 70 12 67 22 4 62 31 17 68 6 32 19 78 9 54 23 52 71 65 36 40 29 18 50 59 74 30 3 73 5 14 75 35 51 24 57 79 25 58 26 55 63 45 20 49 47 27 77 72 81 53 28 37 7 34 15 10 46 61 38 43 76 64 21 60 16 48 42 69 33 39 11 2 
16 55 29 15 19 22 43 27 40 47 52 39 51 11 8 66 54 61 4 50 53 30 79 75 62 77 37 14 80 45 63 64 9 34 68 31 48 21 33 49 12 59 1 36 58 46 3 44 41 7 42 6 72 57 26 78 2 71 70 69 35 56 24 60 32 20 18 13 25 28 67 65 17 76 23 73 81 38 74 5 10 
62 31 64 24 58 54 51 23 79 48 45 7 65 14 9 34 29 1 36 39 74 17 26 70 73 11 43 37 21 32 33 81 22 42 44 76 80 53 6 30 46 78 19 18 40 68 15 52 71 28 50 16 4 10 75 66 60 47 20 5 49 38 61 8 72 2 27 12 63 35 69 57 55 77 13 56 67 59 41 25 3 
73 10 28 36 15 33 72 61 41 2 37 46 30 59 11 1 75 13 45 12 65 48 5 21 9 43 47 42 55 70 7 69 38 71 58 44 81 49 56 50 26 68 39 77 31 57 25 22 78 6 52 63 76 29 17 80 24 51 40 74 3 67 79 18 4 62 34 35 8 53 16 20 23 54 19 14 27 32 60 66 64 
9 48 57 25 43 70 59 2 53 3 19 40 45 52 16 44 73 64 72 7 15 11 24 78 1 23 77 74 81 47 79 32 4 56 31 29 46 33 54 80 37 69 6 30 21 27 14 28 51 68 13 10 18 67 39 8 12 26 65 61 38 62 35 63 5 41 50 22 75 66 42 60 58 71 49 20 34 76 55 17 36 
54 29 7 58 13 55 21 71 26 61 60 50 23 76 68 4 34 20 70 63 66 46 51 53 39 2 62 35 25 6 12 45 19 1 59 17 11 14 27 64 28 40 5 67 78 80 31 33 65 49 74 15 69 43 42 81 44 18 22 41 75 9 72 36 38 57 52 10 24 73 79 32 37 48 16 3 30 8 56 77 47 
65 68 12 27 8 30 19 47 35 41 31 9 78 79 62 33 63 66 76 64 18 55 50 26 67 16 54 22 14 28 72 34 51 80 24 46 10 60 73 43 71 20 4 42 15 1 81 77 32 53 23 3 75 59 2 36 45 69 37 49 58 6 48 39 74 21 25 11 17 56 70 13 61 38 7 5 29 57 52 40 44 
20 23 24 1 49 75 17 38 80 39 5 71 56 18 69 51 28 57 61 36 4 68 59 81 40 60 79 67 73 52 65 33 27 8 78 15 47 3 25 76 53 29 32 63 55 16 48 19 35 45 54 62 44 34 21 70 7 66 11 50 77 14 13 64 12 26 6 2 58 9 37 30 10 72 42 31 74 46 22 43 41 
69 56 31 51 14 32 18 6 62 67 21 77 74 70 65 24 25 22 33 52 37 42 30 13 57 49 27 16 63 40 39 36 61 9 10 53 2 44 35 1 48 34 8 75 41 5 47 11 38 50 73 17 58 66 19 43 46 64 68 20 60 4 55 23 3 71 72 54 76 29 7 59 15 26 45 79 28 81 78 80 12 
50 78 44 79 63 46 4 76 34 7 47 15 72 10 12 43 14 32 31 80 8 3 41 56 17 28 25 64 13 11 30 57 60 48 77 20 74 38 22 51 23 36 58 66 65 61 37 9 26 2 55 42 39 24 73 16 33 54 71 29 5 53 52 68 45 81 49 40 19 67 1 27 21 59 75 70 6 62 69 18 35 
60 3 52 64 39 42 37 67 22 49 26 6 27 54 29 81 35 8 71 73 38 20 44 74 58 69 34 66 75 68 41 18 21 43 5 62 24 16 19 59 70 9 17 45 57 12 46 40 30 4 72 7 36 79 23 25 47 15 76 56 32 10 78 80 61 28 48 33 31 14 55 77 63 13 53 1 11 51 2 65 50 
74 77 16 66 11 40 81 45 5 55 17 58 80 36 53 48 38 42 29 10 6 32 35 22 14 75 19 54 37 2 50 49 3 76 23 26 12 62 13 61 52 72 18 79 7 8 60 70 56 64 21 41 71 20 28 63 1 30 34 27 59 31 57 47 43 15 65 51 78 69 44 46 68 9 24 39 33 25 73 67 4 
23 36 21 47 41 66 22 53 9 14 61 80 46 29 34 12 24 74 68 69 11 56 67 31 54 79 8 81 26 37 77 35 2 72 57 19 51 13 75 45 64 42 16 4 76 73 5 27 39 70 3 32 33 49 71 17 6 78 55 1 62 52 60 59 18 10 30 20 65 50 28 44 25 58 43 38 15 48 7 63 40 
35 14 70 56 78 64 69 59 24 10 7 62 5 68 39 47 48 63 23 16 26 21 13 34 43 25 80 65 11 38 76 75 46 79 29 51 49 55 72 53 18 41 28 27 54 58 66 67 50 22 57 45 15 71 12 33 74 20 73 31 61 2 42 77 40 9 1 4 3 19 36 52 81 60 30 32 8 37 17 44 6 
10 2 48 74 3 67 15 26 60 58 20 19 8 45 40 79 71 65 5 37 29 66 1 62 4 39 75 52 61 18 34 6 63 22 53 33 31 80 70 81 73 77 59 7 25 56 36 24 47 38 51 12 17 44 54 28 32 46 72 76 30 16 27 35 13 64 11 42 23 43 21 55 69 14 78 41 68 49 50 57 9 
49 27 62 73 1 38 31 54 19 36 44 55 37 77 21 60 66 35 46 24 50 40 17 63 76 58 2 12 47 7 69 15 14 28 42 16 6 34 43 5 30 32 67 56 9 11 41 80 23 18 26 29 61 78 59 45 68 75 8 64 25 57 10 33 81 72 22 39 48 74 71 53 79 70 20 65 51 3 13 4 52 
80 40 55 13 71 28 29 42 44 70 75 41 17 23 56 78 57 53 65 77 59 38 19 18 6 27 72 4 32 64 21 60 10 5 36 48 3 52 58 33 22 8 35 68 24 81 9 46 20 74 62 79 30 1 67 7 50 43 39 37 34 69 63 2 14 16 45 15 47 25 49 51 76 61 31 11 73 12 66 26 54 
81 16 63 18 46 57 33 75 12 31 28 27 32 67 42 76 50 51 3 22 44 73 52 30 48 35 14 68 71 43 9 70 17 13 45 40 15 66 37 79 61 38 78 20 19 59 54 21 69 34 10 64 8 25 24 65 23 4 49 11 36 58 80 6 62 5 41 60 26 7 56 29 47 55 74 2 39 77 53 72 1 
34 32 30 6 25 43 39 65 52 72 13 1 2 49 38 64 33 73 81 53 45 28 61 12 42 70 9 23 54 8 67 74 58 50 20 41 57 71 63 46 40 11 69 26 44 55 68 16 4 19 77 60 31 7 5 47 29 14 3 51 48 18 15 76 24 37 17 75 79 78 66 80 22 35 59 62 10 56 36 27 21 
77 11 76 50 37 4 20 5 45 9 30 81 16 26 59 54 6 15 41 57 32 47 49 7 64 51 71 62 24 3 31 78 55 73 39 25 60 29 21 17 74 1 10 12 36 65 2 72 52 42 48 43 14 13 79 22 40 53 56 35 66 44 38 46 69 61 58 63 68 8 27 70 33 34 18 28 80 19 23 75 67 
72 79 58 61 17 51 68 7 8 11 4 43 22 3 52 25 18 69 15 33 10 78 74 60 36 20 55 80 66 30 27 59 44 49 1 56 39 65 48 2 47 23 50 14 62 35 40 6 28 75 53 76 37 63 13 21 81 70 9 77 26 41 19 54 73 67 32 31 57 12 38 34 16 45 71 46 24 29 64 42 5 
################proper############## 

 average_time = 197.467809 

 success runs = 1 

 total average iters = 3212041.000000 
