Success!!! 
 
 max_col = 
 81 
 
 run_time = 
 201.231971 
 
 once iters = 
 3200520 
 
4 18 21 42 69 12 16 26 2 1 44 61 56 75 52 76 28 77 34 36 49 51 78 57 30 17 10 32 15 54 25 62 66 45 64 23 43 53 31 8 67 13 65 58 72 22 19 70 5 11 73 33 48 71 9 38 60 40 63 47 3 7 68 37 46 35 74 14 41 50 39 27 6 55 29 24 20 80 59 81 79 
60 22 14 61 34 9 76 20 31 71 67 79 63 39 5 80 12 35 77 73 62 55 18 33 46 27 3 17 43 57 48 29 44 21 37 72 69 56 68 41 15 81 7 38 28 40 75 49 64 59 54 26 6 30 70 13 74 36 4 50 1 66 19 42 16 52 53 24 51 2 65 10 11 32 47 58 45 23 78 25 8 
73 71 78 15 79 36 45 1 38 70 7 62 20 25 42 69 53 51 43 52 6 65 29 26 60 59 50 2 8 10 56 74 81 35 24 4 61 40 27 12 44 77 66 5 57 23 67 14 47 16 68 31 58 37 17 80 22 41 72 33 32 34 46 11 55 18 13 21 76 9 49 30 63 54 19 3 64 39 28 48 75 
56 41 35 77 62 72 28 6 44 3 47 57 54 36 68 58 8 34 76 11 45 37 25 16 4 81 53 70 46 18 40 49 19 63 20 69 22 26 59 33 14 55 32 64 60 74 13 61 2 21 38 78 12 9 39 52 48 65 5 51 24 30 75 29 23 66 7 71 31 17 80 79 15 10 50 1 27 73 67 42 43 
13 37 3 58 75 29 24 50 7 10 74 23 60 49 2 78 32 11 56 5 40 66 54 72 38 12 15 41 68 73 52 80 33 28 53 67 34 42 70 30 35 18 6 51 9 1 69 76 45 39 25 65 46 79 59 14 61 20 27 81 55 57 8 64 44 63 43 48 4 26 47 19 21 17 31 16 36 71 22 77 62 
11 25 43 8 55 53 32 39 81 30 4 66 17 29 45 65 38 19 35 58 22 24 67 9 48 41 75 78 59 71 60 50 16 27 1 77 47 80 3 63 54 74 23 37 62 34 28 18 10 51 7 20 44 72 64 26 31 79 42 6 21 76 12 36 70 73 69 61 5 15 68 40 49 33 52 46 57 13 56 14 2 
17 27 74 48 68 57 33 10 51 46 55 41 14 50 9 37 59 13 64 8 71 28 70 21 31 63 80 79 38 22 42 26 47 36 76 5 19 49 11 39 73 78 45 16 75 32 56 77 4 62 24 81 52 3 18 15 54 2 23 43 29 58 53 25 12 34 6 67 20 72 60 1 7 61 69 65 30 35 44 66 40 
70 64 5 49 46 66 63 47 65 24 40 73 6 21 18 43 15 72 1 68 44 32 69 23 79 19 7 13 31 61 34 3 39 14 30 9 25 52 50 2 20 71 17 36 48 80 55 29 27 8 35 60 57 42 45 16 77 62 56 78 11 67 10 59 58 38 81 22 75 54 33 28 53 74 4 41 12 51 37 76 26 
40 52 19 23 30 59 54 67 80 64 81 48 16 26 33 22 31 27 42 2 13 47 61 74 39 14 20 11 55 75 58 6 12 51 7 65 46 24 76 21 4 10 29 79 1 36 66 17 63 41 50 43 53 15 49 73 28 25 69 37 71 35 44 78 8 62 45 32 3 57 56 77 5 34 60 68 72 70 9 18 38 
77 68 53 26 20 52 75 61 42 65 51 30 72 63 81 2 57 23 70 19 38 12 60 15 34 40 49 8 35 16 45 44 21 80 47 22 79 43 24 73 5 1 18 48 74 76 17 27 33 25 78 56 50 11 32 31 59 66 9 14 4 29 71 3 13 64 36 46 10 37 6 58 39 41 67 55 62 69 7 54 28 
31 39 36 79 60 24 30 37 23 5 29 53 41 3 17 47 20 69 68 57 66 25 63 11 43 32 44 34 76 15 28 2 51 42 18 62 4 59 71 56 21 7 80 75 10 48 22 58 70 38 14 35 61 13 19 55 1 27 49 77 33 64 26 45 40 54 8 81 65 12 67 72 73 6 78 74 52 46 16 9 50 
64 46 66 14 63 48 21 38 11 37 34 71 44 7 36 6 60 67 58 47 35 8 2 52 5 22 9 27 24 65 30 55 29 78 12 50 49 54 42 53 45 17 77 13 15 51 1 74 3 19 80 73 32 57 16 43 41 10 40 69 81 28 18 79 4 59 26 70 62 39 76 25 23 72 75 33 61 68 31 20 56 
41 6 15 29 35 51 10 28 78 54 70 14 18 62 61 24 25 31 74 67 59 26 71 17 20 16 21 77 9 33 43 79 56 40 3 13 76 22 34 58 38 39 11 81 36 44 4 46 55 42 23 8 45 60 37 47 63 52 53 65 72 12 73 68 50 19 49 66 57 75 69 7 27 48 32 30 2 1 5 64 80 
43 16 57 44 54 8 22 34 9 68 10 40 49 12 1 39 35 46 69 4 48 3 73 13 55 77 30 53 71 19 64 32 41 81 25 59 63 60 29 28 27 14 50 33 65 67 52 79 18 37 72 66 62 24 7 11 75 6 70 38 78 23 80 74 56 5 31 2 61 20 42 15 76 58 21 17 47 36 26 51 45 
62 4 17 13 56 19 2 58 27 66 77 22 48 43 8 26 74 52 33 75 50 72 80 45 78 51 64 57 73 69 49 10 1 39 23 70 6 16 67 55 37 12 41 40 47 31 68 59 7 28 9 54 20 5 46 76 21 60 3 36 35 61 42 71 24 44 63 53 32 34 30 38 81 15 18 25 65 11 29 79 14 
1 73 50 55 72 74 49 40 69 80 27 38 59 9 13 19 78 32 23 6 65 41 28 79 81 29 76 75 60 17 20 61 4 58 66 7 8 2 64 51 52 46 31 25 68 63 53 16 26 43 36 30 15 21 54 24 56 45 44 39 5 62 67 35 18 22 47 11 14 48 77 33 12 70 3 37 10 57 42 71 34 
18 3 25 47 80 45 5 81 71 4 33 21 50 42 11 73 55 76 62 10 36 39 53 7 56 31 61 63 54 72 37 46 67 6 52 14 44 78 32 66 26 30 57 9 70 12 2 64 34 69 29 75 40 65 74 20 68 13 79 58 15 22 48 23 41 51 28 1 16 27 17 43 8 77 59 35 38 24 49 19 60 
12 7 65 59 32 70 67 33 76 15 28 75 45 16 56 64 58 79 54 1 24 27 46 37 42 18 14 38 74 48 36 5 26 68 31 11 20 3 35 23 69 72 62 61 19 39 81 10 77 49 71 6 47 41 57 34 17 50 51 25 2 8 30 21 80 29 52 55 73 60 78 9 66 13 22 53 63 43 40 44 4 
28 70 64 25 42 17 47 5 1 23 31 51 9 66 49 53 16 21 41 38 56 73 68 59 7 60 13 55 57 12 78 71 80 24 39 6 40 10 62 52 8 34 36 45 54 69 76 48 14 26 67 61 30 43 15 72 44 11 29 4 75 74 22 19 77 37 32 58 27 18 3 20 2 81 46 50 35 79 65 33 63 
6 48 4 21 19 46 39 79 60 28 43 5 55 73 22 27 41 70 26 17 20 81 44 75 77 30 31 69 64 53 72 14 18 9 42 16 13 57 23 78 50 65 71 35 49 68 80 3 74 34 63 2 33 25 10 67 12 37 76 40 36 45 61 56 59 8 54 29 38 52 15 66 1 7 11 47 24 32 58 62 51 
75 38 58 57 15 40 50 30 72 34 46 36 32 24 79 1 48 71 63 9 47 43 64 3 70 69 16 22 45 67 66 37 31 77 74 81 14 44 19 4 11 41 39 27 80 53 65 60 52 10 62 23 54 8 56 42 51 35 18 73 20 59 28 2 6 7 17 33 25 68 12 5 78 26 61 76 55 49 21 13 29 
10 65 26 54 41 71 53 63 35 38 52 11 74 2 30 7 56 61 32 22 1 49 58 19 18 6 23 62 29 40 68 13 60 4 50 75 66 77 12 72 81 15 42 43 59 46 24 47 57 70 28 27 16 55 33 5 64 31 39 34 8 78 21 76 67 48 51 73 9 79 44 36 45 14 17 80 37 20 69 3 25 
51 20 56 31 18 37 52 44 43 26 76 65 58 13 63 3 72 54 78 66 2 45 4 48 50 34 79 5 36 38 41 30 25 8 19 33 21 29 1 6 46 24 74 67 32 75 77 40 12 64 49 11 59 81 27 9 14 55 17 7 70 68 69 47 71 28 61 35 80 23 10 62 57 39 42 22 15 53 73 60 16 
27 67 8 45 9 23 34 3 12 44 60 33 75 57 29 18 50 39 15 54 61 35 40 62 10 76 42 21 28 7 59 70 11 79 65 46 55 17 5 16 58 22 20 73 51 37 72 4 36 13 66 32 56 78 2 25 30 47 6 1 63 80 52 26 64 81 14 49 53 69 31 24 48 71 41 43 68 19 77 38 74 
36 2 55 81 29 11 77 13 49 20 69 45 37 59 67 62 10 80 5 33 72 14 57 53 24 25 8 76 32 35 17 48 3 23 73 58 68 47 61 64 28 60 63 31 79 42 15 6 39 22 1 38 51 7 71 41 65 19 54 26 66 50 43 16 78 4 40 34 21 74 46 70 18 12 30 75 9 44 27 56 52 
76 24 7 22 74 61 14 32 66 40 68 77 35 78 25 17 42 12 36 39 11 80 51 67 21 46 52 47 44 20 63 54 34 26 27 15 56 18 2 3 33 69 38 53 37 45 73 31 29 50 19 9 71 58 62 49 13 81 48 23 16 79 57 41 1 30 72 65 43 55 75 60 59 8 6 28 5 64 4 10 70 
69 78 80 16 33 68 62 59 73 19 8 81 47 6 15 14 64 4 28 27 37 29 12 65 71 74 55 56 51 1 10 43 61 2 49 52 75 7 30 48 76 9 70 26 25 17 35 21 44 5 79 18 41 20 38 77 58 32 46 3 53 24 60 57 39 13 22 42 50 63 11 45 40 36 72 54 67 66 23 34 31 
29 45 44 63 5 64 7 14 36 41 39 68 46 74 75 40 21 37 12 55 4 54 6 30 26 20 73 15 34 25 27 19 52 57 79 53 70 32 48 59 80 62 43 23 24 78 33 66 13 56 31 1 11 69 67 61 38 49 22 60 51 16 76 65 47 10 2 50 77 35 28 42 17 3 9 71 58 81 18 8 72 
74 40 12 67 48 20 78 80 32 47 72 6 28 38 26 42 36 63 44 65 3 5 15 43 22 61 25 9 50 66 71 60 77 1 41 35 54 31 21 75 64 33 56 7 27 10 29 2 76 24 17 49 81 45 55 19 11 58 8 59 68 13 4 73 30 46 79 57 37 53 62 18 16 51 14 23 69 34 70 52 39 
66 8 33 35 26 79 65 25 15 22 12 19 10 53 54 34 4 64 21 80 70 1 23 78 9 42 41 45 81 51 14 7 40 73 68 24 39 67 6 76 13 36 61 29 18 30 5 55 16 52 20 71 74 63 28 57 46 75 47 62 69 2 31 58 3 17 48 72 60 43 38 49 44 56 27 11 32 77 50 59 37 
68 62 39 4 57 27 19 49 16 31 17 20 80 1 48 9 81 45 75 79 60 7 59 76 8 28 34 12 70 29 21 78 58 46 56 18 3 72 74 38 42 63 44 47 11 41 64 73 61 65 22 77 37 67 50 30 6 14 32 35 26 36 54 69 51 25 23 15 52 33 24 71 10 5 13 2 66 40 43 55 53 
61 23 75 37 73 54 69 43 34 49 14 2 3 27 50 11 29 60 17 81 18 48 36 32 63 35 77 74 67 55 76 4 22 62 8 30 16 15 45 10 41 5 40 1 52 6 39 72 51 58 53 46 79 12 65 71 7 70 20 64 42 56 24 66 26 9 19 80 68 13 59 44 47 28 25 21 78 33 38 31 57 
50 30 46 18 77 6 60 51 53 78 79 67 66 15 23 56 52 44 71 13 31 62 19 40 16 11 37 65 2 59 3 33 75 61 69 10 28 35 25 9 55 58 49 12 17 14 7 38 32 48 8 57 68 47 80 27 29 43 81 72 74 5 41 39 22 21 20 4 36 1 70 34 24 63 73 42 54 76 45 26 64 
55 9 71 3 52 22 11 42 13 7 30 70 61 58 62 5 76 57 53 51 39 50 72 24 33 67 74 28 37 26 54 47 63 48 16 38 65 8 4 81 2 79 73 69 34 18 59 36 19 27 43 21 23 80 1 45 25 12 66 10 17 44 77 31 75 40 64 78 56 29 14 32 41 35 20 15 60 6 68 49 46 
24 76 72 2 81 58 31 41 28 18 35 59 13 65 16 71 69 33 66 46 57 64 14 38 47 10 56 44 20 42 23 11 32 17 43 49 77 37 26 68 51 19 30 78 50 25 54 15 9 40 60 34 4 70 53 63 52 3 73 21 48 39 79 55 5 27 12 45 8 67 7 6 80 1 62 36 74 29 75 22 61 
59 56 10 1 17 47 38 70 21 73 32 55 25 8 51 77 24 43 52 49 68 58 27 29 2 45 69 6 39 31 13 36 64 72 5 80 53 46 57 60 71 20 22 66 14 3 62 42 50 35 75 44 28 26 78 23 18 34 33 15 9 37 40 81 11 74 16 41 63 76 61 54 4 67 79 19 48 12 30 7 65 
63 34 61 41 66 77 51 56 4 53 19 37 31 76 72 12 2 81 50 32 58 10 24 27 64 7 18 49 62 30 74 22 55 11 57 3 42 69 14 13 36 73 21 15 44 5 20 68 59 67 46 45 9 16 48 75 39 33 26 80 23 47 25 28 43 70 65 54 40 38 79 35 52 78 71 6 8 17 60 29 1 
44 42 32 38 53 10 70 17 59 11 58 3 39 61 47 49 43 24 81 74 78 9 56 28 6 57 45 29 65 52 77 64 36 19 21 12 72 5 7 62 18 23 37 20 76 66 14 25 69 54 48 22 63 27 34 35 40 71 60 30 79 31 51 33 68 75 73 13 15 8 1 46 55 4 2 26 16 50 80 67 41 
71 50 49 9 27 18 72 75 26 67 21 56 64 33 38 54 80 48 29 37 55 79 13 77 51 39 22 59 63 68 32 45 76 47 61 8 52 25 60 35 6 70 2 30 31 73 40 57 17 81 15 3 10 36 58 12 43 1 78 74 62 46 11 7 53 14 34 16 44 5 41 4 19 69 28 66 42 65 24 23 20 
47 29 68 80 31 73 57 55 45 51 18 46 7 14 40 60 23 26 67 48 52 30 8 66 36 75 4 1 79 56 70 25 53 15 13 17 50 12 9 74 77 32 3 71 16 62 78 34 43 33 39 41 35 49 42 54 76 63 65 28 6 20 59 61 72 58 10 69 24 19 64 2 37 38 81 5 22 27 11 21 44 
37 14 24 12 28 1 20 22 30 27 16 9 8 35 59 41 44 75 3 71 21 19 34 61 68 49 26 46 6 39 33 73 23 38 54 31 17 51 47 11 53 56 78 10 67 7 60 65 58 79 64 72 76 2 77 36 66 69 15 5 45 4 70 18 52 42 55 62 81 80 50 29 32 40 74 57 43 25 13 63 48 
46 58 23 33 40 43 36 65 3 6 78 10 22 4 70 13 17 73 14 59 54 2 42 31 25 62 47 67 41 44 69 16 28 5 72 27 1 63 39 24 29 38 55 8 66 11 74 52 71 18 32 12 80 53 61 21 81 68 37 9 57 19 50 48 60 49 30 20 45 56 26 76 34 79 35 51 77 15 64 75 7 
2 54 16 5 13 21 79 78 52 25 62 74 57 20 66 15 77 30 72 53 12 60 35 69 73 80 63 40 42 81 18 34 7 50 51 37 58 33 65 43 48 4 19 46 64 24 26 75 28 44 61 29 1 38 8 56 27 17 67 55 41 3 49 22 32 47 71 23 11 6 9 59 14 76 70 45 31 10 39 36 68 
67 69 62 7 76 15 48 60 64 50 63 32 65 34 55 52 45 5 20 40 23 33 11 1 41 43 70 71 78 14 35 24 2 75 58 66 57 61 28 27 79 80 81 68 26 4 8 56 31 6 13 19 42 51 72 22 10 29 16 44 18 73 38 12 25 77 21 17 39 36 37 74 54 9 53 49 46 47 3 30 59 
8 35 81 11 25 39 6 74 19 29 71 42 69 79 28 36 68 1 16 76 46 38 5 44 65 15 17 20 4 60 80 9 48 43 10 26 45 75 54 34 22 40 59 49 41 77 70 30 23 47 55 37 21 50 13 64 24 7 2 53 14 52 32 63 57 31 66 51 67 3 27 78 33 18 58 62 56 61 12 72 73 
48 72 54 50 61 25 8 57 18 59 45 17 21 52 32 30 6 49 73 77 27 42 81 64 69 56 40 66 1 76 11 75 62 29 14 55 26 74 63 79 78 35 68 80 5 70 31 44 37 46 58 67 22 28 60 65 36 38 24 2 34 71 23 51 9 16 3 7 33 41 20 13 43 53 15 10 39 4 47 12 19 
30 53 73 76 44 67 17 35 58 79 11 50 1 77 4 46 13 55 39 14 32 31 9 8 57 3 5 81 69 6 51 52 24 16 36 19 48 71 66 22 49 29 64 28 12 20 43 62 38 80 65 7 18 34 26 74 70 15 68 54 10 41 72 75 37 23 42 40 47 78 63 56 60 21 33 61 59 2 25 45 27 
52 21 47 46 10 5 74 66 68 56 54 69 27 41 20 67 26 7 38 60 28 53 22 2 75 58 72 25 40 78 50 12 8 32 33 79 62 45 55 31 59 57 76 19 30 13 42 9 15 71 51 48 49 23 4 6 35 73 61 16 43 81 39 1 65 24 80 77 34 44 29 17 36 64 63 18 3 37 14 70 11 
15 19 29 34 70 13 3 62 14 61 42 60 5 22 57 35 73 18 79 63 30 23 45 49 67 71 33 54 77 74 47 21 59 44 17 56 9 4 40 37 24 25 8 65 58 16 11 41 53 2 26 68 64 52 69 28 55 51 12 75 46 48 20 43 10 39 27 36 6 32 81 31 38 66 1 7 80 72 76 50 78 
81 32 1 43 6 2 56 12 39 76 48 31 38 28 64 23 3 58 11 41 34 21 55 68 13 44 46 7 80 45 4 42 15 65 9 61 51 14 36 18 10 47 72 70 20 35 57 33 75 78 40 74 73 29 63 17 53 5 59 66 30 27 37 50 54 60 62 19 79 71 25 22 67 49 24 77 26 8 52 16 69 
33 80 22 51 23 49 26 36 20 62 25 39 53 72 71 10 66 40 7 29 15 74 37 4 76 70 19 43 27 41 38 67 5 34 60 63 73 1 16 42 3 21 75 2 77 54 61 8 81 45 56 24 69 6 14 44 50 64 58 57 47 18 78 52 48 12 59 28 30 11 35 55 31 65 68 32 13 9 79 46 17 
38 79 42 60 45 4 37 11 24 81 80 8 78 44 65 63 33 29 47 43 51 16 62 12 59 26 66 30 49 46 57 35 68 18 28 39 23 50 17 54 32 52 13 41 7 19 27 1 21 72 10 14 36 76 25 3 67 9 77 31 22 40 56 53 69 15 70 74 58 64 2 61 75 73 34 20 71 55 48 5 6 
16 75 40 69 78 7 9 31 63 74 37 34 12 68 14 70 47 36 18 24 80 61 20 35 1 65 48 73 23 64 2 53 10 22 26 71 81 27 43 15 39 44 46 11 6 59 25 50 60 55 77 17 3 4 76 79 32 8 19 52 13 33 62 38 45 72 67 5 66 49 21 57 58 30 51 56 29 28 54 41 42 
65 28 41 64 71 55 59 27 77 16 24 15 2 19 43 75 51 9 25 50 17 36 10 6 54 52 78 37 3 58 31 72 20 13 70 48 67 38 56 69 60 61 53 34 33 47 32 5 79 30 12 63 66 39 11 1 42 80 45 49 7 21 29 8 76 26 68 18 46 4 73 14 62 44 23 40 81 74 57 35 22 
34 10 20 39 22 14 55 15 48 72 57 35 19 45 76 68 49 2 46 18 9 56 43 60 66 73 27 51 52 28 79 69 17 74 59 1 64 11 77 65 62 16 67 32 61 38 23 78 6 53 33 13 25 40 30 81 37 42 75 29 50 54 3 24 36 41 58 63 26 21 71 12 70 80 44 31 4 7 8 47 5 
23 1 77 53 58 65 25 19 61 43 22 52 40 54 24 48 9 38 37 28 5 13 21 36 72 4 62 31 16 8 67 66 70 12 6 2 59 79 75 50 34 27 10 14 71 81 44 7 68 20 47 80 17 64 73 46 49 78 57 76 60 69 35 15 42 3 18 30 74 45 32 51 56 29 26 39 41 63 33 11 55 
79 74 31 66 47 38 64 9 67 77 36 25 30 46 60 21 18 10 59 69 16 6 39 63 44 50 68 4 22 32 24 76 42 41 29 54 35 55 49 20 43 53 1 57 8 27 58 19 48 14 11 15 65 62 23 2 26 72 28 56 80 51 33 5 17 61 78 37 7 70 34 75 13 45 12 52 73 3 81 40 71 
32 33 28 70 49 35 44 8 17 69 50 58 15 31 3 55 5 20 57 30 64 71 41 54 23 2 12 14 21 80 39 56 38 7 48 45 74 6 37 40 25 26 60 76 73 29 10 51 42 4 34 36 67 46 68 53 62 16 52 18 27 9 63 72 19 1 11 47 13 65 66 81 79 43 77 59 75 22 61 78 24 
54 26 60 71 24 81 12 7 40 17 73 13 62 51 78 8 11 42 55 70 25 76 65 47 49 33 32 61 75 5 53 27 37 30 44 57 18 41 52 29 56 2 69 4 38 9 3 39 72 63 45 16 43 1 21 59 34 22 36 79 67 6 74 10 20 68 77 31 35 46 23 80 64 50 66 48 28 14 19 58 15 
80 5 76 36 37 50 13 2 57 39 6 27 4 81 53 59 71 56 10 26 14 22 75 51 11 78 67 64 47 23 9 15 35 20 40 43 30 68 58 45 31 66 12 3 63 60 21 32 49 77 41 28 70 73 24 8 19 61 7 17 38 65 1 44 62 33 29 79 48 25 55 52 46 42 54 69 34 16 72 74 18 
72 59 45 56 43 16 42 68 75 63 26 1 33 37 74 79 65 28 19 3 7 15 48 80 17 53 29 18 58 34 46 81 50 55 11 78 24 70 13 47 23 54 51 44 21 8 30 35 66 12 57 52 31 61 20 10 5 4 41 71 39 77 14 9 27 69 60 76 64 40 22 73 25 2 49 38 6 62 36 32 67 
21 51 27 30 4 62 46 18 29 12 61 44 70 80 41 66 34 47 40 35 8 77 74 81 52 1 24 33 13 3 26 68 49 10 63 73 7 36 15 19 72 42 28 39 78 50 71 69 54 75 5 79 55 22 31 32 45 48 43 11 64 25 58 6 2 67 38 56 59 14 53 16 20 37 65 9 23 60 17 57 76 
78 63 11 52 3 41 73 69 6 75 23 16 29 64 7 32 67 14 61 31 42 20 38 34 45 79 58 36 19 77 62 65 72 25 71 60 33 81 80 17 9 48 5 22 46 2 37 24 56 74 76 59 26 18 12 66 47 44 55 13 40 70 15 4 49 43 57 39 54 28 8 50 51 68 10 27 21 30 1 53 35 
9 15 69 17 67 78 27 24 56 36 75 4 26 60 12 38 70 74 22 25 19 52 79 55 29 48 57 42 18 50 16 63 45 76 32 28 31 23 72 71 68 49 47 54 3 43 6 81 30 7 37 64 34 33 51 58 2 39 62 20 44 53 65 40 73 80 46 59 1 77 5 21 35 11 8 13 14 41 66 61 10 
57 44 48 65 21 28 58 46 47 8 3 54 34 55 31 25 1 16 80 12 76 63 32 10 35 38 36 72 17 24 19 23 79 71 78 64 37 20 41 26 75 11 4 42 2 61 18 22 67 66 59 39 27 74 40 7 73 77 13 70 49 15 9 30 14 53 56 43 29 62 52 69 68 60 5 81 50 45 51 6 33 
26 43 51 62 8 75 35 4 33 52 5 49 76 11 80 61 14 59 65 44 41 17 3 46 40 24 6 58 12 36 1 39 13 70 77 34 60 30 22 7 74 64 9 21 55 71 63 53 73 31 69 25 78 19 47 48 16 18 10 42 56 32 27 20 66 50 15 68 72 81 45 23 29 57 37 67 79 38 2 28 54 
39 66 63 6 14 76 41 53 5 35 64 7 67 18 19 72 27 22 49 62 77 70 1 50 28 47 60 3 33 11 61 51 30 52 46 44 15 58 73 25 57 8 79 24 81 65 45 80 20 9 16 55 38 68 29 69 78 23 21 12 54 75 34 13 31 32 37 10 2 42 48 26 74 59 40 4 17 56 71 43 36 
42 77 13 19 2 60 80 64 74 9 20 63 73 71 39 33 62 68 45 72 26 67 66 56 15 37 51 48 10 27 7 57 43 54 38 21 32 65 46 5 70 28 34 59 53 58 36 12 41 23 4 40 29 14 22 50 79 76 31 8 61 1 81 49 35 6 75 25 17 47 18 11 30 24 16 78 44 52 55 69 3 
25 11 70 10 7 30 71 72 79 21 65 29 51 47 58 57 40 50 2 23 73 34 31 20 74 64 54 26 66 49 81 41 9 37 62 68 38 48 18 67 17 45 14 77 69 15 46 13 24 76 52 5 60 56 6 33 4 59 35 63 28 43 55 27 61 36 44 8 78 22 16 3 42 19 39 12 1 75 53 80 32 
45 36 52 20 38 3 23 16 50 48 13 24 77 17 69 44 37 15 8 78 81 18 30 42 53 9 71 35 56 4 65 40 74 59 55 29 10 39 33 61 12 76 27 6 43 72 51 11 1 32 2 47 75 54 5 68 80 67 14 46 19 26 66 70 79 57 41 60 28 7 58 63 22 31 64 34 25 21 62 73 49 
49 31 37 68 12 34 81 73 55 32 66 78 43 56 46 45 79 41 4 61 69 59 33 39 58 5 11 80 14 2 22 8 6 53 75 20 29 62 44 1 40 50 16 52 13 21 48 28 35 57 42 70 77 10 3 60 72 74 30 24 25 17 36 67 38 71 76 64 19 51 54 65 9 47 7 63 18 26 15 27 23 
22 61 18 40 59 32 1 29 54 2 53 28 42 23 10 81 30 6 13 7 75 68 16 14 27 21 43 60 5 47 15 31 73 69 67 25 36 19 78 80 66 51 35 63 56 79 49 26 62 3 44 50 8 17 41 37 71 57 38 45 52 11 64 34 74 55 33 9 12 24 4 39 77 46 76 72 70 48 20 65 58 
7 12 38 72 51 31 61 76 62 45 56 80 68 30 34 28 75 3 6 21 43 4 47 58 32 8 81 16 48 9 73 18 71 33 15 36 78 66 53 70 1 67 24 60 23 57 79 54 25 29 74 69 2 59 52 39 20 26 50 41 77 14 5 17 63 11 35 27 49 10 19 64 65 22 55 44 40 42 46 37 13 
35 47 9 75 64 63 40 54 46 60 59 18 11 5 77 74 22 62 27 20 79 44 17 25 80 23 65 50 30 43 12 1 69 3 34 51 41 21 81 14 16 37 48 72 39 49 38 67 78 15 70 76 19 31 36 4 8 56 71 68 73 55 6 32 33 45 24 26 42 61 13 53 28 52 57 29 7 58 10 2 66 
20 81 67 78 16 56 4 52 22 58 15 43 36 10 37 50 61 25 31 34 63 11 77 18 14 55 1 23 53 13 29 59 65 60 2 40 80 9 69 57 47 6 33 17 35 64 41 45 8 73 21 42 5 48 75 70 3 46 74 19 12 49 7 62 28 76 39 44 71 66 72 68 26 27 38 79 51 54 32 24 30 
5 13 34 27 36 33 15 77 8 57 2 76 24 69 35 51 7 65 30 42 53 78 52 41 12 66 39 68 61 79 6 20 54 49 45 47 11 73 38 44 63 3 26 62 22 55 16 23 80 60 18 4 72 32 43 29 9 28 64 67 59 10 17 46 81 56 50 75 70 58 40 37 71 25 48 14 19 31 74 1 21 
58 57 2 28 1 44 29 48 10 13 41 72 79 70 27 31 39 53 60 15 67 46 76 71 19 68 38 24 26 21 75 17 78 64 22 74 5 34 8 49 61 59 54 50 42 33 12 37 40 36 81 51 14 35 66 62 69 30 25 32 65 63 45 80 7 20 9 52 55 16 43 47 3 23 56 73 11 18 6 4 77 
3 55 59 32 39 80 18 23 25 14 49 12 81 48 44 20 19 66 51 64 33 69 26 73 61 54 28 10 72 62 5 77 46 31 4 41 71 76 79 36 7 43 15 56 40 52 47 63 65 68 6 58 24 75 35 78 57 21 11 27 37 42 13 60 29 2 1 38 22 30 74 8 50 16 45 70 53 67 34 17 9 
14 17 79 74 11 69 43 71 37 42 38 26 52 67 73 29 63 8 9 16 10 75 50 5 3 36 35 39 7 70 55 58 27 66 81 76 2 28 51 32 19 68 25 18 45 56 34 20 46 61 30 53 13 77 44 40 33 24 1 22 31 60 47 54 21 65 4 6 23 59 57 48 72 62 80 64 49 78 41 15 12 
53 49 6 24 65 26 66 45 70 33 9 47 23 32 21 4 46 17 48 56 74 40 7 22 62 13 2 19 25 37 8 38 57 67 35 42 27 64 20 77 30 31 52 55 29 28 50 71 11 1 3 10 39 44 79 51 15 54 80 61 58 72 16 14 34 78 5 12 18 73 36 41 69 75 43 60 76 59 63 68 81 
19 60 30 73 50 42 68 21 41 55 1 64 71 40 6 16 54 78 24 45 29 57 49 70 37 72 59 52 11 63 44 28 14 56 80 32 12 13 10 46 65 75 58 74 4 26 9 43 22 17 27 62 7 66 81 18 23 53 34 48 76 38 2 77 15 79 25 3 69 31 51 67 61 20 36 8 33 5 35 39 47 
################proper############## 

 average_time = 201.231971 

 success runs = 1 

 total average iters = 3200520.000000 
