Success!!! 
 
 max_col = 
 81 
 
 run_time = 
 37.011314 
 
 once iters = 
 502128 
 
50 20 35 13 66 8 62 38 52 74 32 79 55 25 72 4 28 39 40 59 27 78 26 23 2 80 70 44 11 24 29 21 42 68 6 61 7 67 75 56 43 33 34 51 60 46 14 63 30 5 47 54 18 69 48 73 45 65 31 76 16 64 71 22 3 17 15 49 41 57 9 12 81 37 19 77 10 58 1 53 36 
42 18 23 79 10 54 40 24 75 81 5 19 8 45 27 58 9 13 56 11 66 39 1 63 69 34 73 32 53 41 35 51 22 48 57 78 6 12 31 14 2 29 65 76 26 20 21 38 64 44 80 70 28 61 67 3 30 17 4 47 37 77 7 43 33 36 60 16 46 52 72 55 68 74 59 49 62 71 25 15 50 
29 34 53 26 45 41 63 47 39 43 11 33 78 76 69 22 77 21 14 61 12 18 32 75 60 58 81 54 7 25 62 31 67 30 3 37 46 50 49 59 36 1 19 64 44 74 42 48 72 17 13 35 71 23 28 80 15 38 52 10 5 20 9 66 70 24 27 68 73 6 4 8 56 79 40 16 55 2 57 65 51 
51 77 76 15 30 17 72 69 58 48 31 47 80 6 54 49 59 67 42 36 24 50 79 52 28 65 53 16 19 2 81 4 1 27 46 13 9 20 39 66 74 10 35 22 38 75 45 73 57 55 40 3 29 68 23 70 26 62 8 41 56 12 25 34 44 64 37 71 78 5 61 32 7 21 18 33 43 60 63 11 14 
36 32 4 71 73 80 61 48 59 35 41 66 68 42 1 7 26 64 37 30 13 47 21 43 57 46 6 28 69 75 40 15 20 17 33 58 70 63 24 5 3 77 8 16 25 27 52 78 51 49 11 65 62 60 39 22 55 18 44 34 81 14 72 74 50 56 10 53 79 19 2 45 67 23 12 54 29 76 38 9 31 
5 60 19 65 9 67 55 68 78 3 57 63 38 36 2 17 14 61 33 64 62 48 77 71 49 44 7 10 39 34 74 50 26 12 56 23 79 73 47 45 81 52 11 28 32 16 37 15 31 41 8 4 76 22 66 43 1 58 40 53 51 6 27 29 75 69 25 54 80 18 21 59 70 35 13 30 24 42 46 72 20 
74 11 1 12 31 56 49 22 6 75 52 62 53 65 40 16 46 15 9 51 38 54 20 3 41 55 8 14 59 77 18 76 70 43 71 36 78 21 30 68 17 72 61 37 80 10 67 50 25 39 7 33 24 58 69 79 29 60 19 32 13 2 57 63 42 28 35 48 26 81 47 23 34 64 27 73 4 45 5 44 66 
44 14 64 28 43 57 33 81 7 37 12 70 56 24 71 60 29 30 22 67 5 16 74 10 19 25 31 47 45 55 8 72 73 63 49 9 4 58 42 27 23 41 18 53 15 66 1 26 2 36 32 34 59 79 50 21 46 68 11 35 75 54 78 40 51 20 76 65 77 38 62 13 3 80 39 61 52 69 48 6 17 
21 16 3 70 2 27 37 25 46 34 10 51 44 18 20 50 23 73 35 29 17 15 68 72 76 4 45 38 66 60 79 65 80 52 64 5 13 40 62 57 54 55 48 69 71 12 77 9 6 43 56 19 81 53 49 74 33 42 24 36 63 61 59 14 7 58 39 67 31 11 30 1 28 26 75 41 78 22 47 8 32 
33 9 25 17 58 38 10 61 37 44 23 53 39 8 57 40 67 54 12 27 4 60 63 51 7 78 62 49 64 6 5 3 50 72 14 16 42 32 2 79 55 56 21 73 70 81 76 71 41 11 15 68 20 13 36 34 43 30 1 66 47 52 74 24 28 22 59 69 18 26 65 31 29 19 80 48 46 75 35 77 45 
15 44 78 22 67 48 66 1 14 41 25 36 69 81 17 42 3 75 29 34 53 72 80 50 79 39 74 27 70 28 30 11 47 7 37 76 71 5 43 20 57 62 52 54 40 58 9 49 55 19 21 2 64 18 59 4 77 35 45 63 6 16 73 10 60 38 23 13 8 61 46 33 26 65 56 68 51 32 12 31 24 
12 26 31 54 29 79 16 50 18 62 74 37 32 33 55 24 64 11 2 75 23 66 44 21 3 6 43 73 80 56 36 38 19 65 69 45 51 27 60 34 7 8 77 15 63 59 35 4 48 52 28 5 17 46 41 61 39 20 71 72 22 9 68 57 30 53 40 1 42 70 25 81 13 47 10 58 49 67 14 78 76 
39 13 72 57 59 70 20 42 45 10 79 35 5 63 76 31 21 48 71 33 58 52 15 37 38 47 9 46 32 22 12 78 41 2 51 77 30 11 4 49 65 68 17 75 61 34 69 43 7 60 74 66 16 73 53 25 24 40 28 26 23 80 64 56 55 67 19 29 14 50 27 62 36 1 81 18 44 8 54 3 6 
75 40 34 4 81 49 65 64 47 59 56 13 60 77 58 38 30 78 70 35 32 68 69 20 17 22 46 23 1 42 26 71 53 54 52 10 76 72 16 9 31 18 66 39 24 79 61 25 63 62 14 45 6 67 3 33 7 8 27 19 12 29 21 73 80 41 36 11 44 48 51 15 2 57 5 50 74 37 43 28 55 
71 28 56 7 41 76 2 52 35 4 26 49 43 29 12 70 80 1 36 31 19 45 67 30 5 57 65 61 34 68 17 20 63 40 8 24 53 22 37 13 10 23 59 14 48 51 39 47 38 27 50 42 3 44 75 81 69 78 18 46 55 62 32 72 6 74 54 58 16 9 77 64 11 25 21 66 33 73 15 60 79 
11 63 30 73 36 53 24 23 68 14 6 52 34 2 61 46 19 66 49 10 54 25 59 16 55 41 26 21 67 4 9 81 74 13 18 57 44 38 69 33 50 28 58 3 1 56 8 77 12 80 72 29 32 65 42 31 60 48 5 51 70 15 37 47 79 35 20 78 45 43 75 76 62 27 64 17 22 39 40 7 71 
19 6 62 5 60 69 27 77 51 65 9 20 72 73 18 15 22 68 28 76 14 1 40 8 81 11 42 48 35 33 59 25 55 66 44 43 64 29 67 80 47 74 12 45 46 54 78 36 53 31 26 24 57 75 17 50 38 49 58 13 79 56 10 7 2 21 4 3 37 71 32 39 23 30 16 52 41 61 70 63 34 
80 8 43 46 74 21 3 55 32 16 71 27 28 7 50 45 51 47 77 56 48 73 64 18 24 61 13 29 15 62 31 79 58 60 39 75 25 81 6 26 41 78 36 35 19 1 40 37 70 33 23 22 30 10 2 76 11 67 14 54 65 57 44 5 49 68 34 52 63 17 12 66 38 4 72 42 9 59 69 20 53 
37 38 68 66 55 63 41 20 16 23 72 21 36 48 64 53 40 74 30 24 10 11 29 44 42 19 80 8 57 58 3 60 35 32 17 54 47 31 78 39 9 61 70 56 67 22 73 59 50 46 1 79 33 2 51 7 12 71 34 62 76 26 43 25 5 18 13 81 4 49 15 6 27 28 65 69 77 14 52 45 75 
1 57 59 30 7 74 53 58 22 6 35 80 29 44 66 8 68 2 23 39 67 4 17 14 21 81 38 18 31 52 27 26 46 28 50 65 69 51 48 11 34 36 49 79 55 37 3 5 54 64 42 41 13 62 19 16 25 33 20 40 15 32 77 45 61 75 78 12 60 63 73 70 76 71 9 56 47 10 72 24 43 
26 45 69 48 61 35 32 76 71 5 28 22 24 50 60 39 34 16 59 74 18 77 55 79 78 72 25 7 38 73 10 29 2 20 21 51 8 62 14 64 13 80 15 23 81 65 44 30 9 4 75 52 43 66 31 27 6 56 17 68 58 49 53 37 46 3 33 41 11 47 40 42 1 67 57 70 63 54 19 36 12 
60 24 12 34 6 3 29 33 9 17 58 41 4 46 67 19 47 42 66 65 51 75 52 7 54 48 71 56 16 79 68 5 15 22 30 69 63 25 10 2 77 37 27 18 59 38 55 31 78 72 57 40 23 80 11 14 21 28 73 45 39 70 81 64 36 32 1 50 53 74 76 43 49 20 26 44 13 35 62 61 8 
67 72 52 8 19 5 44 36 73 57 77 75 49 3 81 61 65 56 68 62 70 13 43 1 63 20 37 39 9 48 78 33 64 76 25 14 28 46 26 12 35 50 7 40 41 53 27 10 32 45 71 11 74 15 60 66 47 80 54 69 42 55 4 58 23 30 2 24 17 51 59 16 18 29 79 34 6 38 31 22 21 
4 23 39 25 28 46 64 21 2 20 15 54 73 12 11 27 62 26 76 22 61 53 9 47 31 35 40 6 71 43 45 36 37 49 19 70 33 65 52 42 1 58 60 66 3 24 51 17 18 77 29 81 67 56 74 72 13 57 50 78 10 75 63 69 14 48 44 38 7 34 8 79 80 55 68 5 32 16 30 41 59 
49 47 15 40 14 78 50 31 70 71 43 69 51 79 30 13 7 9 34 6 64 33 57 2 8 32 58 72 81 67 41 77 24 62 59 80 68 54 44 53 75 45 38 17 29 76 20 16 26 63 36 28 12 48 37 18 61 1 3 52 46 5 35 21 22 65 55 56 10 66 19 27 4 60 11 25 42 74 73 23 39 
56 17 75 80 77 65 42 13 79 18 59 32 45 31 78 10 52 33 50 46 60 26 12 73 16 27 28 53 47 61 11 1 44 55 40 63 43 74 76 4 24 19 6 57 5 68 34 21 14 70 69 25 49 39 30 23 48 41 2 22 38 8 36 54 67 72 9 62 20 35 71 29 64 66 7 15 37 81 58 51 3 
18 51 10 62 27 43 81 54 11 76 63 14 37 1 70 25 38 55 41 49 56 3 5 15 45 36 69 74 42 12 13 34 23 75 4 66 72 71 20 30 22 32 16 21 73 35 7 8 58 61 60 6 19 47 65 64 9 24 67 79 44 59 29 68 39 57 52 26 28 31 80 77 50 33 17 40 53 48 78 46 2 
34 76 77 44 72 25 13 74 33 8 49 48 14 5 23 80 54 45 38 58 9 79 2 57 37 30 52 1 17 10 64 59 62 51 73 35 40 18 46 15 19 6 4 65 22 42 12 41 81 3 16 31 66 70 27 11 32 75 61 50 7 69 28 67 24 39 56 20 47 68 43 21 63 36 78 53 71 29 26 55 60 
81 49 47 52 1 45 78 71 50 70 13 68 66 58 73 43 79 32 7 40 72 55 65 53 75 77 14 11 8 20 4 16 18 38 42 3 62 64 57 54 67 25 80 12 27 28 74 60 29 22 2 37 26 24 63 15 23 44 59 9 21 19 41 33 48 34 30 61 51 76 36 17 46 5 69 35 31 56 6 39 10 
20 64 17 68 24 58 79 51 61 11 47 12 65 39 29 78 33 38 63 18 41 28 60 62 44 54 32 69 27 31 48 7 21 46 36 49 37 8 13 74 59 66 42 70 34 30 80 6 76 57 19 50 1 4 35 26 72 22 56 71 67 3 5 23 81 16 53 10 75 15 55 2 73 14 52 9 25 77 45 43 40 
66 31 40 11 48 14 21 10 53 55 20 25 67 34 74 52 42 4 3 43 68 80 39 81 36 12 47 22 29 45 28 61 65 23 77 50 32 30 51 24 60 69 9 1 56 18 63 33 75 15 5 72 78 27 13 8 64 76 49 73 17 79 6 35 37 70 41 57 71 46 58 26 54 16 44 59 19 62 2 38 7 
8 39 16 69 3 23 70 65 28 40 75 26 2 35 59 62 63 77 6 5 1 56 50 78 15 51 27 34 58 9 25 53 43 37 67 47 73 41 21 36 33 7 29 48 76 55 71 44 17 68 61 38 10 64 80 52 42 46 60 4 20 45 18 32 54 11 12 22 19 79 31 14 24 72 30 57 66 13 81 74 49 
6 7 22 29 57 75 36 67 15 69 37 56 81 41 51 18 31 60 21 19 25 8 61 46 70 26 35 13 33 78 80 30 39 24 5 32 14 52 55 50 71 49 3 72 10 45 23 53 79 65 77 20 73 40 43 47 2 16 68 38 1 58 54 42 62 59 66 63 9 44 28 74 12 76 48 27 64 34 11 17 4 
38 12 27 37 63 2 19 59 42 72 3 17 50 16 10 76 1 44 64 13 20 22 73 33 71 66 48 81 79 57 54 14 40 6 60 68 77 35 28 43 39 5 23 26 45 21 11 62 56 9 58 67 46 52 34 36 53 55 74 24 25 30 31 49 29 4 8 18 69 78 7 65 61 15 41 32 75 47 51 80 70 
9 54 26 43 18 73 5 62 30 61 64 46 6 28 19 21 27 71 74 45 11 17 42 69 4 29 24 76 75 15 66 55 12 44 41 56 58 78 53 16 63 38 47 31 2 36 49 35 13 7 51 59 34 32 10 57 14 70 33 81 40 39 48 60 77 25 72 80 52 1 3 50 8 22 67 65 68 20 23 79 37 
41 56 46 32 35 4 60 80 55 15 30 7 9 22 24 57 36 53 67 16 59 23 31 49 34 10 76 70 52 26 2 63 72 71 74 19 75 79 11 81 44 20 68 61 17 25 47 39 8 54 43 69 48 14 12 29 66 37 62 77 78 51 65 6 27 73 64 45 40 13 38 5 58 42 50 21 28 3 18 33 1 
25 78 57 9 56 30 23 7 54 66 70 44 76 55 46 67 15 51 1 37 69 19 3 36 48 59 16 41 2 72 24 32 31 29 20 40 5 43 73 22 49 64 14 27 77 17 81 13 10 26 6 74 65 33 68 75 71 79 35 18 80 53 50 38 8 47 28 39 62 42 45 60 52 58 4 63 34 12 61 21 11 
22 73 21 18 4 6 39 11 76 9 65 3 58 27 49 71 12 69 31 54 79 35 41 24 64 67 68 5 78 14 75 23 30 81 43 1 50 60 70 32 42 2 51 34 37 61 38 19 59 48 62 8 52 16 26 46 36 63 57 20 77 66 47 15 40 55 7 33 13 29 17 72 10 44 53 28 45 80 56 25 74 
16 33 48 10 49 40 58 79 67 77 7 42 21 52 38 26 18 59 17 80 71 51 28 70 66 76 23 12 50 36 34 62 8 74 11 4 45 24 68 55 61 47 63 13 20 44 31 14 73 53 64 1 25 5 9 2 27 6 39 29 69 60 3 19 56 43 65 46 35 41 78 22 75 81 32 72 15 57 37 30 54 
46 75 8 36 51 29 17 34 12 64 48 23 30 80 53 79 74 35 81 7 2 32 18 25 13 15 33 58 55 66 60 69 27 47 63 39 31 16 41 1 72 59 54 9 6 57 50 22 77 56 70 21 45 78 44 24 28 11 42 49 19 43 38 4 20 52 61 76 67 10 68 37 14 73 3 62 40 5 65 71 26 
13 80 71 72 26 20 38 70 41 32 33 24 54 17 14 37 39 57 55 42 29 61 78 22 74 50 34 35 28 44 73 46 77 18 53 64 19 15 7 65 12 40 62 52 21 3 58 68 11 76 4 51 2 43 81 30 5 45 10 8 48 67 56 9 16 79 49 25 27 23 63 75 66 6 1 31 60 36 59 69 47 
32 53 50 19 15 31 77 14 44 1 68 28 47 13 45 29 75 22 57 12 40 63 8 11 26 60 20 65 21 37 52 9 49 10 76 33 56 3 35 38 4 30 46 81 69 72 36 80 66 71 54 39 7 34 16 62 74 64 25 17 61 78 51 48 59 5 58 2 6 73 18 24 42 43 55 23 79 70 41 67 27 
55 5 2 1 64 81 45 63 43 19 36 10 25 61 34 6 60 40 47 72 21 46 4 58 62 14 39 51 54 16 70 57 59 56 68 79 23 75 66 29 28 71 26 11 78 9 15 18 49 67 35 32 27 42 52 12 65 73 37 7 41 13 22 31 74 80 69 44 3 77 53 30 17 48 38 20 8 24 76 50 33 
52 74 66 61 42 24 35 37 69 50 62 78 20 72 4 5 56 43 75 44 49 65 6 9 27 73 30 67 13 17 38 22 3 45 26 25 48 39 80 10 76 53 33 8 18 41 79 46 40 12 63 60 47 28 21 54 31 59 15 55 34 23 58 71 11 1 81 70 57 32 14 36 19 77 2 51 16 7 64 29 68 
68 59 60 3 62 47 28 27 65 31 73 16 41 11 63 81 2 8 10 38 45 43 53 77 52 5 56 19 6 80 71 42 7 61 48 15 17 36 74 25 58 57 44 67 79 23 29 69 24 30 20 75 55 37 70 1 76 4 32 14 72 40 33 26 64 66 21 51 50 12 34 54 35 78 49 46 18 9 39 13 22 
35 36 11 27 44 39 4 32 48 45 21 1 33 70 8 77 41 20 13 9 37 14 76 6 67 17 10 63 22 5 7 80 29 57 24 74 61 66 79 3 62 26 71 2 54 52 59 40 42 78 30 46 31 38 18 51 49 15 12 58 60 25 19 53 43 50 73 28 55 64 69 34 16 68 23 47 81 72 75 56 65 
76 69 81 41 68 26 51 40 72 28 29 2 10 74 31 36 24 65 20 3 43 7 66 59 35 62 60 52 25 70 37 27 45 50 61 8 1 42 32 19 64 15 78 47 9 77 53 11 80 13 79 16 56 49 4 71 67 23 22 75 54 21 39 17 63 12 46 5 38 33 57 48 30 18 14 55 73 6 34 58 44 
58 30 7 47 71 12 15 2 3 26 61 67 16 53 80 35 44 62 65 78 75 5 25 39 11 56 1 20 14 23 77 49 38 73 79 18 27 13 29 41 46 81 72 60 51 63 10 74 28 34 66 48 69 76 64 55 70 36 43 57 68 17 45 52 9 40 42 8 21 59 6 4 33 24 54 37 50 31 22 32 19 
45 79 54 20 80 37 43 16 10 56 50 64 18 66 48 63 13 34 69 23 31 24 71 19 32 68 21 15 40 39 47 28 6 42 55 41 65 53 77 76 38 70 5 49 12 4 57 81 22 75 33 17 61 36 1 44 3 72 9 2 73 27 30 51 26 62 14 35 58 25 74 11 78 52 60 8 67 46 7 59 29 
78 66 42 64 65 33 34 73 25 58 17 81 11 49 32 55 69 72 44 41 50 27 47 29 22 74 63 26 43 53 46 56 68 36 9 31 16 14 23 52 40 24 57 30 28 71 60 70 19 2 45 62 51 12 5 6 80 7 38 59 8 35 13 20 1 54 3 75 61 67 37 18 48 39 76 79 21 4 77 10 15 
59 22 18 63 53 50 1 49 21 39 51 4 23 75 5 47 43 14 46 52 16 38 33 12 61 40 77 30 3 76 69 19 48 78 32 34 10 55 45 17 8 67 73 80 36 6 54 7 68 58 9 15 72 25 56 41 37 74 65 31 24 42 26 81 66 60 71 79 70 2 29 44 57 11 20 13 27 64 28 35 62 
28 61 5 38 46 77 74 56 23 42 54 57 19 60 15 9 6 79 73 8 26 2 36 45 58 49 64 4 51 65 21 75 17 59 10 81 18 68 50 37 11 35 20 7 43 29 24 27 44 32 67 55 39 41 62 69 52 34 66 33 14 48 16 80 78 76 31 30 22 72 13 47 40 53 70 12 3 63 71 1 25 
70 52 6 67 17 19 14 29 62 25 27 40 12 78 68 3 76 7 54 4 28 57 30 55 53 79 15 60 72 71 33 66 13 35 2 44 59 34 22 69 56 48 75 58 31 73 5 64 43 1 37 18 21 8 77 20 63 81 47 11 32 50 46 16 65 23 45 36 39 24 10 41 51 49 61 80 38 26 74 42 9 
57 55 24 75 8 60 31 9 13 30 46 38 71 59 22 73 37 52 72 48 42 70 81 34 80 18 51 62 12 11 58 54 16 64 1 67 39 33 63 21 25 44 74 6 4 47 26 20 65 35 3 23 14 50 79 28 40 53 78 61 29 10 76 27 15 19 32 77 68 7 49 56 43 41 66 45 2 17 36 5 69 
43 29 20 14 22 34 57 26 77 2 80 72 27 51 21 48 17 28 78 63 76 36 58 68 12 7 18 31 61 54 55 70 71 53 62 73 60 1 19 23 6 4 37 33 11 15 30 79 5 47 39 56 50 74 38 9 8 10 81 67 59 24 66 65 13 45 75 32 25 40 64 69 41 46 42 3 35 52 44 49 16 
3 19 45 42 50 51 9 35 4 24 53 18 79 26 52 65 25 58 48 69 44 30 22 31 14 33 72 2 63 46 15 68 56 1 66 38 80 76 5 71 70 17 81 59 64 8 43 75 23 20 10 27 36 7 40 78 73 13 41 16 74 11 49 55 21 77 47 37 34 62 60 61 6 32 29 39 54 28 67 12 57 
24 81 63 31 70 59 48 39 64 38 60 71 35 54 44 20 57 5 32 66 46 21 16 4 25 28 19 80 65 74 42 67 10 8 12 72 55 26 58 40 69 73 30 41 7 11 13 51 33 29 78 61 37 17 76 53 50 52 77 6 45 68 75 2 18 14 43 15 1 3 22 49 9 62 47 36 23 79 27 34 56 
73 58 36 56 32 68 54 6 5 78 66 61 3 43 75 59 49 63 26 81 35 34 45 60 1 71 2 64 20 7 50 48 76 79 47 52 57 28 8 31 16 42 22 29 13 14 41 12 62 69 25 44 9 72 55 37 17 27 70 65 4 33 15 39 10 46 11 23 30 53 67 38 21 51 74 19 80 18 24 40 77 
72 21 37 23 25 44 18 12 38 36 19 50 22 32 7 33 11 46 62 53 57 40 51 42 56 8 55 77 49 35 43 45 78 69 34 26 3 10 27 63 66 79 67 24 74 64 28 58 4 81 68 76 60 59 71 39 54 2 80 48 30 47 61 70 41 31 29 6 5 16 52 9 65 75 73 1 20 15 17 14 13 
79 10 67 74 47 55 11 28 8 73 45 39 40 62 13 1 16 81 24 20 3 64 23 38 29 75 41 57 5 51 6 17 60 9 27 30 2 48 65 18 15 12 56 78 49 70 46 52 21 42 53 63 77 26 58 32 35 14 69 25 31 36 34 59 19 44 68 66 72 4 54 80 22 50 71 76 7 43 33 37 61 
27 46 80 60 75 71 76 41 17 29 4 9 64 37 47 34 55 23 15 77 39 6 70 13 59 43 79 40 18 32 19 44 33 11 58 22 54 61 36 35 52 14 25 50 68 2 16 65 67 66 48 49 38 31 7 56 51 3 63 21 28 1 62 12 73 42 57 74 24 8 20 78 5 69 45 81 30 53 10 26 72 
2 1 13 53 40 16 30 78 66 68 42 15 77 67 56 69 8 10 27 47 65 74 49 17 73 52 61 37 41 21 14 39 81 3 29 59 38 44 9 75 32 34 45 46 62 80 19 54 71 6 24 57 22 55 20 5 18 12 79 43 64 72 23 50 76 51 26 7 33 36 35 28 31 63 58 60 11 25 4 70 48 
65 62 61 33 52 7 69 15 49 12 76 31 74 30 41 14 70 6 5 50 80 37 11 67 10 9 54 75 36 13 16 24 25 4 23 28 21 77 72 47 53 51 43 20 39 40 32 45 1 18 34 73 35 3 29 19 22 26 46 42 57 44 60 79 71 27 48 17 56 58 81 63 55 2 8 78 59 68 66 64 38 
69 50 49 59 5 66 68 53 74 80 55 73 46 47 35 44 61 12 45 14 7 10 24 40 6 13 17 43 48 8 23 52 9 16 22 20 41 57 25 77 29 76 1 71 30 32 4 67 34 37 38 26 70 51 54 65 56 19 21 15 33 18 2 62 72 63 79 27 64 75 42 3 39 31 28 11 36 78 60 81 58 
14 42 29 55 20 52 67 18 34 54 22 60 15 10 36 75 32 3 4 57 8 49 19 80 46 38 66 59 26 1 44 58 5 25 78 27 11 56 40 51 21 43 69 62 23 39 17 28 61 79 73 53 63 6 72 35 41 47 16 12 50 37 70 13 68 2 74 31 81 45 24 71 77 7 33 64 76 65 9 48 30 
17 3 28 76 39 11 46 57 26 7 34 77 31 14 65 68 45 19 43 55 52 41 72 54 20 1 22 79 73 18 32 64 4 70 13 71 36 2 15 58 48 16 53 63 35 78 66 24 27 10 49 9 44 21 61 60 81 29 51 80 62 74 69 30 38 33 5 47 12 37 23 25 59 8 6 67 56 40 50 75 42 
64 27 70 2 16 1 6 43 63 13 78 30 62 40 39 41 71 25 61 15 81 12 48 5 68 42 67 45 60 3 76 47 69 14 72 21 24 59 18 46 73 65 32 55 8 31 33 56 35 74 52 80 11 29 57 49 79 77 75 28 9 38 20 36 34 7 50 19 66 22 26 58 44 10 37 4 17 51 53 54 23 
47 48 38 58 12 61 22 60 31 27 16 5 17 56 33 23 72 24 51 79 73 76 34 65 39 37 29 36 77 19 63 40 54 67 35 6 52 7 64 70 68 9 28 74 42 50 62 57 20 14 81 43 75 30 32 13 10 66 55 3 11 46 8 1 4 78 18 59 49 69 44 53 25 45 15 71 26 41 21 2 80 
23 65 32 78 21 9 56 75 19 51 18 11 48 57 42 74 20 50 16 28 36 59 35 26 30 53 44 24 68 81 49 37 66 33 80 12 34 4 3 67 45 39 13 38 47 60 2 76 69 25 46 71 54 77 73 40 58 43 7 64 27 31 52 41 17 8 6 14 15 55 70 10 72 61 22 29 5 1 79 62 63 
54 71 73 35 13 36 7 8 24 53 69 76 52 38 28 66 4 37 25 32 77 31 27 56 50 21 78 42 62 29 61 10 75 39 15 2 49 17 81 72 14 60 79 44 33 48 64 23 3 16 65 58 41 45 6 63 59 5 30 1 26 22 67 46 57 9 51 40 43 80 11 20 47 12 34 74 70 55 68 19 18 
62 4 33 77 79 15 80 44 81 49 67 59 63 21 43 64 58 29 18 2 47 71 75 74 9 70 11 17 56 30 57 41 51 31 38 7 26 19 54 6 37 22 50 10 66 5 68 72 36 40 55 12 8 1 24 45 78 25 76 23 53 34 42 28 32 61 16 60 48 65 39 52 20 3 35 14 69 27 13 73 46 
10 41 51 45 37 72 25 30 40 79 8 6 1 9 26 2 81 70 58 60 63 69 62 64 33 23 3 55 46 50 65 74 11 34 28 53 12 80 61 78 20 27 31 5 75 13 22 42 47 59 18 7 15 19 14 48 68 39 36 44 71 4 17 77 35 29 67 21 76 54 56 73 32 38 24 43 57 49 16 66 52 
53 35 9 81 54 62 59 5 56 33 38 34 57 15 3 72 48 49 80 17 74 67 14 28 43 2 75 71 23 27 22 13 36 21 16 42 29 37 12 8 79 31 24 77 52 69 18 55 45 51 76 78 4 11 47 58 20 61 26 30 66 41 40 44 25 6 63 73 65 39 50 7 60 70 46 10 1 19 32 68 64 
40 25 65 21 78 42 52 17 57 46 44 45 70 69 62 28 50 31 60 68 34 9 54 32 47 3 36 33 74 63 20 12 61 5 75 55 66 23 71 7 18 11 39 19 58 43 6 29 16 24 41 10 80 81 8 38 4 51 72 37 2 73 79 76 53 13 22 64 59 14 1 67 15 56 77 26 48 30 49 27 35 
7 70 41 51 11 28 8 66 80 21 14 43 13 20 9 12 53 27 79 25 15 29 37 76 40 64 4 78 30 47 1 35 34 58 31 17 67 6 56 48 26 46 55 32 72 49 65 2 39 38 44 77 68 71 45 10 57 50 23 5 18 63 24 75 69 81 62 42 54 60 16 19 74 59 36 22 61 33 3 52 73 
77 15 58 6 33 32 12 3 27 67 24 74 7 4 16 51 10 80 11 73 78 42 13 61 18 45 49 50 76 69 56 2 52 41 54 60 35 9 38 28 5 63 64 43 14 26 48 66 46 23 22 47 40 20 25 59 19 21 53 39 36 65 1 8 31 71 70 34 29 30 79 68 37 17 62 75 72 44 55 57 81 
30 67 55 49 38 22 71 45 20 63 81 8 26 68 25 56 78 76 53 21 33 44 46 66 23 16 59 3 4 40 39 6 14 80 65 29 74 69 1 60 27 54 2 36 50 19 75 61 37 73 31 64 5 35 15 77 62 9 13 70 43 7 12 18 52 10 17 72 32 28 48 57 79 34 51 24 58 11 42 47 41 
61 68 14 50 34 10 75 19 1 60 39 29 42 71 77 32 35 36 8 70 22 62 38 41 72 69 12 25 37 59 53 18 57 26 7 48 81 47 17 73 78 13 40 4 16 33 56 3 15 21 27 30 79 9 46 67 44 31 64 74 52 28 55 11 58 49 24 43 2 20 66 51 45 54 63 6 65 23 80 76 5 
31 37 79 24 23 13 26 46 60 47 40 65 61 64 6 11 66 18 39 1 55 58 56 48 51 63 5 68 10 38 72 73 28 19 81 62 22 70 59 44 30 75 41 42 57 7 25 32 52 8 12 36 53 54 78 17 34 69 29 27 49 76 80 3 45 15 77 4 74 21 33 35 71 9 43 2 14 50 20 16 67 
48 2 44 16 76 64 47 4 29 52 1 55 59 23 37 54 73 41 19 71 30 20 7 27 65 31 57 66 24 49 67 43 79 77 70 46 15 45 33 61 51 3 10 68 53 62 72 34 74 50 17 14 58 63 22 42 75 32 6 60 35 81 11 78 12 26 80 9 36 56 5 40 69 13 25 38 39 21 8 18 28 
63 43 74 39 69 18 73 72 36 22 2 58 75 19 79 30 5 17 52 26 6 81 10 35 77 24 50 9 44 64 51 8 32 15 45 11 20 49 34 62 80 21 76 25 65 67 70 1 60 28 59 13 42 57 33 68 16 54 48 56 3 71 14 61 47 37 38 55 23 27 41 46 53 40 31 7 12 66 29 4 78 
################proper############## 

 average_time = 37.011314 

 success runs = 1 

 total average iters = 502128.000000 
