Success!!! 
 
 max_col = 
 81 
 
 run_time = 
 118.854911 
 
 once iters = 
 1801095 
 
67 4 69 50 12 72 52 44 46 10 56 49 2 32 13 65 48 20 11 23 14 34 40 78 25 29 76 22 51 77 17 54 38 41 39 71 47 61 79 36 57 15 75 42 30 62 59 80 9 68 26 70 64 28 35 45 21 7 73 6 58 60 43 37 66 24 63 31 81 5 53 18 1 33 8 27 19 16 55 74 3 
66 5 37 31 71 70 81 34 75 19 62 68 54 69 27 73 22 61 74 8 13 26 24 46 47 17 18 1 9 64 15 23 49 55 65 44 51 56 16 32 76 12 53 80 11 41 38 2 77 63 35 29 7 43 36 33 59 30 10 52 4 40 3 67 20 21 57 48 58 50 39 14 42 45 72 78 79 28 6 60 25 
13 29 7 60 20 80 19 14 27 51 21 66 24 28 53 18 79 44 2 38 16 55 71 57 70 22 6 12 8 69 30 25 33 78 59 81 67 34 64 52 4 3 49 31 10 45 42 54 56 48 73 58 37 61 11 9 68 47 74 77 26 76 72 75 65 35 15 62 17 1 32 46 63 43 5 23 41 50 40 39 36 
30 24 58 65 73 77 47 78 1 33 39 63 57 46 43 23 40 31 51 42 20 35 3 32 45 15 28 27 13 72 75 36 66 56 16 37 2 62 74 14 68 9 70 8 17 21 67 11 10 52 44 49 4 25 19 53 50 5 61 55 22 18 41 69 79 26 59 76 64 60 6 34 12 7 38 29 54 80 71 81 48 
8 63 42 16 10 76 53 55 33 72 9 70 17 35 34 52 45 6 1 21 7 80 56 4 30 54 43 74 62 31 61 26 68 79 32 14 81 18 59 60 48 28 40 71 46 5 47 20 19 50 22 39 36 15 49 38 37 24 23 29 69 66 67 73 3 78 11 25 51 12 27 41 64 13 2 57 58 65 77 75 44 
43 61 51 3 59 39 56 17 23 50 25 71 64 38 15 41 30 11 5 9 19 67 37 69 58 72 48 24 7 10 40 45 21 20 35 47 29 22 1 26 78 66 63 6 73 60 65 18 34 79 74 13 12 81 42 54 44 16 31 27 57 75 46 2 36 77 68 28 33 80 55 8 70 52 62 4 76 49 32 14 53 
26 74 18 62 48 35 64 41 2 42 36 14 4 81 8 78 5 76 59 53 52 60 12 39 49 77 65 28 67 11 63 6 19 3 43 29 21 50 44 7 37 55 23 27 58 1 72 33 57 66 32 24 75 69 79 20 13 17 25 15 71 34 80 70 56 38 16 40 45 47 54 30 22 31 10 51 61 68 73 9 46 
28 11 68 38 57 54 6 36 49 47 55 75 67 26 7 77 12 37 66 50 61 41 44 33 62 79 27 46 60 73 58 4 18 80 52 2 5 45 13 39 65 25 24 69 19 40 76 53 14 3 16 31 71 51 78 70 1 8 81 63 48 64 32 42 23 22 9 72 29 43 10 74 20 56 35 17 34 15 59 30 21 
9 25 32 22 45 40 21 79 15 74 58 16 60 59 1 29 80 3 10 64 73 36 63 31 68 75 81 70 57 5 34 76 48 42 53 50 20 54 35 41 72 43 38 33 77 46 30 55 27 8 17 23 6 78 62 51 65 39 2 28 12 14 56 71 52 61 7 4 44 49 13 19 47 69 24 67 11 26 18 66 37 
33 66 67 47 78 32 20 13 30 57 27 65 55 45 50 56 59 29 6 28 46 69 75 5 77 64 12 8 37 39 76 40 35 62 73 3 80 9 63 70 49 42 26 19 23 68 58 41 15 11 36 43 44 60 71 2 34 21 72 81 53 10 74 22 16 51 38 17 25 54 7 79 61 18 1 52 4 48 14 24 31 
19 21 57 48 56 63 59 31 8 38 5 22 68 1 40 6 71 24 55 14 80 52 11 49 78 67 72 81 12 17 51 53 50 26 47 20 39 66 7 4 69 75 41 61 29 37 73 16 18 64 62 3 74 42 46 13 23 25 44 65 9 70 28 58 77 15 10 27 60 32 45 2 33 54 76 36 35 30 79 43 34 
72 64 55 39 65 17 76 28 3 70 61 11 34 9 46 37 69 16 68 27 66 53 54 71 51 35 41 14 63 6 21 78 13 43 2 58 79 36 33 8 44 22 31 59 38 25 45 57 5 23 52 20 1 10 30 73 4 32 80 19 40 62 24 18 12 75 26 56 49 48 47 67 81 60 15 77 29 7 74 50 42 
74 71 73 43 37 36 62 25 14 78 48 81 79 41 42 39 58 35 76 10 17 50 57 44 9 8 61 16 18 52 4 30 7 11 24 19 15 60 67 28 77 13 6 45 12 66 54 47 22 38 72 56 80 32 69 29 5 64 51 20 75 68 31 59 70 33 1 65 46 34 21 53 27 63 23 3 40 55 49 2 26 
6 34 16 1 9 69 44 70 12 52 28 53 15 47 36 2 32 72 24 39 81 13 59 25 65 62 73 79 61 23 54 66 64 33 22 38 55 10 43 20 3 30 56 5 18 77 46 26 7 71 27 63 14 40 48 50 8 76 17 57 49 42 60 68 78 37 29 80 74 4 31 35 11 19 45 21 51 75 58 41 67 
24 46 10 40 49 75 54 27 79 20 64 62 74 51 44 4 63 7 60 36 32 1 47 26 21 23 3 5 25 80 45 59 41 67 68 15 14 48 78 71 34 73 52 11 53 50 31 76 29 70 28 2 69 33 61 16 77 12 37 35 18 39 58 72 13 81 30 55 43 19 66 42 65 8 9 22 56 38 57 17 6 
18 35 38 61 15 22 41 7 29 49 3 26 25 60 54 66 73 30 19 33 70 37 31 42 79 20 58 32 27 9 77 48 46 10 36 56 24 72 51 68 64 76 74 17 2 65 75 34 13 39 4 81 55 21 47 59 6 43 67 1 45 11 52 8 28 57 50 63 14 71 23 40 5 62 69 16 44 12 80 53 78 
50 77 11 4 53 5 60 42 68 23 31 8 14 12 17 21 43 80 45 2 30 18 29 34 15 56 63 49 1 65 28 44 72 70 74 75 27 40 81 16 47 57 54 58 25 79 61 35 67 19 51 59 78 48 41 66 26 55 22 3 33 38 7 24 6 76 62 9 52 69 20 36 39 10 71 32 46 64 13 37 73 
23 45 80 81 52 51 2 26 58 77 19 10 33 18 76 13 75 67 48 4 22 16 43 40 7 74 38 29 42 34 69 71 31 60 55 57 65 46 32 1 62 50 21 35 37 9 49 24 6 30 8 53 17 12 27 15 79 36 63 14 54 56 78 44 64 5 3 41 73 11 61 39 72 68 47 28 59 20 25 70 66 
22 78 50 72 61 3 10 59 64 14 73 80 76 33 37 75 49 77 69 40 6 43 46 70 81 52 67 53 47 15 57 29 17 19 27 28 9 7 41 38 30 60 16 68 32 44 71 45 62 55 18 66 25 54 4 11 31 74 12 34 79 51 63 23 48 58 65 8 20 36 2 21 26 42 56 13 5 24 39 1 35 
2 80 4 6 42 20 66 46 51 17 53 28 56 23 62 5 41 71 25 31 33 10 39 22 19 7 44 40 45 30 48 24 77 54 76 13 59 58 34 27 75 79 18 78 64 11 68 50 70 36 12 8 57 49 55 21 81 67 43 73 16 52 37 1 69 9 72 15 35 38 63 26 74 29 32 60 14 3 47 65 61 
60 16 35 68 27 65 29 15 70 26 8 72 11 30 57 44 31 51 20 12 53 38 62 76 71 50 42 37 80 32 1 67 6 2 63 55 56 74 25 47 36 81 43 77 45 75 33 13 4 34 48 22 19 79 5 14 39 78 41 59 61 69 23 17 7 10 46 66 28 52 3 24 49 73 64 54 9 40 21 58 18 
62 1 5 37 54 9 45 49 40 25 70 67 12 65 52 3 61 10 32 78 24 57 2 64 16 51 4 11 21 35 39 56 34 14 7 74 19 42 73 48 29 44 13 23 28 27 80 72 58 6 81 26 43 63 8 17 47 66 18 36 76 71 15 31 50 55 77 60 75 79 22 33 41 53 59 30 69 46 38 20 68 
57 8 31 53 47 48 23 43 26 1 18 15 36 63 39 59 21 32 29 75 79 3 41 13 14 68 55 4 20 60 33 58 69 5 49 72 61 71 24 65 12 46 22 67 70 7 16 42 78 56 76 51 9 38 10 64 35 80 50 30 28 27 25 19 40 44 74 54 11 37 73 45 52 17 81 6 66 77 34 62 2 
32 67 56 41 63 33 74 75 77 16 2 42 58 79 47 43 4 50 37 26 36 23 35 11 59 34 17 9 64 38 81 22 73 52 78 18 69 53 6 66 15 8 57 72 54 28 3 61 40 24 21 65 5 31 7 46 29 20 45 13 60 1 49 12 51 39 14 30 76 62 68 80 25 71 48 44 10 19 27 55 70 
76 17 28 11 24 38 7 39 19 13 78 64 9 34 29 46 6 48 30 5 54 58 21 1 73 27 74 66 36 51 79 16 26 59 71 68 33 52 50 2 80 31 55 62 35 20 15 32 69 14 41 60 10 53 22 44 42 65 3 40 70 57 77 25 61 43 4 18 47 56 49 81 8 37 67 45 75 23 12 72 63 
79 58 81 18 44 55 30 52 34 22 38 69 45 74 68 40 54 19 28 15 77 61 60 66 63 80 49 25 70 41 50 3 12 65 10 8 4 39 20 51 26 21 17 37 14 59 29 1 23 73 67 47 46 35 56 75 48 2 62 9 72 24 53 13 71 32 42 64 27 6 5 16 78 76 57 11 43 36 33 31 7 
12 14 21 25 36 71 13 73 69 24 7 35 81 55 60 20 27 66 72 65 47 9 48 45 56 18 8 44 46 75 42 43 61 23 31 62 63 3 40 10 5 11 76 1 49 17 37 64 39 74 30 77 2 52 58 19 32 68 6 33 38 54 26 34 59 67 53 57 70 29 41 78 80 22 51 50 28 79 4 16 15 
47 54 14 20 33 12 11 6 35 32 76 13 66 64 18 60 56 26 52 7 2 51 73 81 8 36 79 21 68 19 67 62 9 44 45 23 40 55 31 63 42 5 37 29 34 72 57 77 41 69 75 80 22 30 16 43 28 10 1 50 39 58 48 46 25 4 78 3 38 74 71 27 15 65 70 61 24 53 17 59 49 
10 36 66 67 75 68 16 2 13 55 69 51 72 80 20 27 17 43 62 70 49 25 61 24 39 71 34 52 22 81 73 42 74 37 3 76 44 21 19 64 50 54 77 28 78 14 63 5 38 1 9 48 53 65 59 57 40 4 60 46 31 30 11 6 47 7 33 35 18 15 12 56 29 26 41 79 32 8 23 45 58 
37 57 53 26 8 74 3 48 71 5 63 61 46 77 75 79 24 23 64 56 41 45 27 17 55 19 80 59 28 58 13 7 60 49 18 70 1 47 52 11 10 20 12 4 62 81 35 29 43 33 54 78 32 16 9 65 51 15 14 76 44 6 38 50 22 30 34 67 31 39 40 69 68 36 73 66 21 25 2 42 72 
44 40 27 45 43 18 72 50 60 29 33 1 38 8 11 36 15 81 53 32 31 66 5 30 23 58 46 51 4 55 56 80 57 75 12 79 35 73 9 6 14 48 25 65 74 70 26 39 71 49 68 10 62 76 21 41 20 22 69 47 78 3 13 64 54 17 61 2 24 63 42 59 67 77 7 34 52 37 28 19 16 
17 9 23 69 4 52 34 30 22 48 67 40 37 6 25 12 35 28 65 59 74 21 15 60 18 42 33 38 54 43 32 47 63 16 29 53 68 27 8 13 41 70 58 39 72 19 7 3 73 20 24 55 50 11 2 77 71 56 26 61 66 49 64 79 45 62 5 51 36 10 1 75 44 78 80 14 81 31 46 57 76 
59 19 64 78 31 25 51 65 32 39 22 44 62 4 45 34 14 54 16 43 12 63 38 50 3 10 57 77 5 20 8 72 40 69 17 41 76 81 80 56 23 24 15 49 7 6 36 79 28 27 2 46 61 47 37 68 73 75 29 74 52 67 42 21 58 48 66 26 53 70 60 55 18 9 33 1 30 35 11 71 13 
55 56 15 80 5 49 39 77 63 9 41 59 50 73 58 42 7 57 40 47 76 28 22 29 4 78 11 71 2 1 10 31 30 35 48 36 3 67 17 33 46 69 61 75 26 13 60 23 45 37 34 44 21 66 70 79 24 62 54 8 25 53 18 32 19 52 81 16 68 65 14 72 38 74 20 64 6 51 43 12 27 
29 41 76 79 62 28 73 81 42 21 49 19 47 78 74 16 70 68 75 20 44 54 69 67 72 6 1 61 15 14 46 65 24 66 26 39 38 57 2 30 60 36 45 53 71 56 51 52 25 31 59 64 18 58 33 27 17 35 7 32 34 12 55 77 80 11 13 23 9 8 43 37 50 48 4 5 22 63 3 10 40 
21 70 46 24 38 1 58 61 7 31 10 30 53 2 65 71 3 52 26 48 35 77 14 68 37 13 9 33 34 27 6 50 78 64 11 25 32 16 66 22 43 18 59 51 79 15 74 67 8 17 40 12 42 4 81 5 63 72 19 23 80 36 45 28 44 20 73 49 41 57 29 76 69 47 55 56 62 60 75 54 39 
80 30 39 7 18 27 17 45 72 71 29 3 13 20 28 58 46 64 34 55 9 81 32 62 22 43 56 26 78 57 37 75 65 53 33 31 41 4 48 21 54 23 79 74 76 67 52 63 44 5 77 69 11 50 68 6 12 40 15 42 73 19 1 60 10 14 47 59 16 2 25 38 35 61 49 24 36 66 70 8 51 
49 52 1 58 46 47 35 20 4 60 32 43 61 56 73 53 2 5 36 37 10 11 50 80 66 28 78 54 77 71 19 70 76 51 21 17 16 14 75 69 45 29 67 44 3 57 64 31 24 15 79 9 8 6 23 63 7 13 39 25 74 59 65 26 33 40 41 81 12 30 18 62 48 27 68 55 42 22 72 34 38 
68 31 12 54 28 37 9 29 44 63 81 33 39 67 10 76 36 8 58 72 27 42 4 3 1 30 64 48 35 16 20 60 59 32 15 49 43 11 65 19 52 62 78 18 6 74 40 14 66 22 47 38 34 45 51 24 53 46 5 70 21 80 79 7 55 71 56 61 23 75 77 50 13 57 17 25 2 73 69 26 41 
25 60 19 33 11 61 14 53 62 40 44 79 41 7 66 57 1 78 35 52 75 74 13 38 48 31 70 2 3 67 9 5 47 81 72 69 10 17 68 46 8 51 32 15 50 36 43 49 80 21 23 27 59 26 77 55 16 37 76 58 30 22 71 45 24 73 64 34 4 42 65 6 54 28 39 63 18 56 20 29 12 
65 2 22 77 23 73 57 56 38 15 14 21 6 68 35 72 47 70 54 60 5 71 33 12 46 41 24 62 79 29 44 55 36 4 58 30 31 80 26 40 9 49 66 7 81 42 25 48 1 10 20 28 51 19 3 67 18 61 52 64 8 43 34 27 39 63 32 69 37 13 78 17 76 59 74 53 16 45 50 11 75 
5 13 48 71 34 43 67 51 74 4 50 52 30 16 77 69 62 22 39 6 23 15 65 14 40 73 26 80 38 46 18 8 11 27 56 42 57 25 70 59 61 63 20 24 55 2 32 12 72 29 58 33 41 37 75 47 36 9 66 78 17 45 35 49 53 68 28 79 54 44 76 3 60 64 19 31 7 10 81 21 1 
70 15 78 64 66 8 42 63 59 34 26 74 27 37 9 24 51 55 61 79 69 19 18 2 76 45 68 41 40 12 43 14 23 39 25 10 13 35 36 5 22 1 72 38 47 30 56 71 75 16 53 17 73 7 44 4 60 49 57 54 81 28 50 48 29 31 80 21 67 20 11 52 32 6 46 33 3 58 62 77 65 
41 69 3 32 16 26 79 24 21 65 75 23 19 11 59 25 18 42 17 49 51 20 7 63 29 47 77 34 6 66 74 61 45 50 13 73 30 28 12 53 58 56 71 64 60 35 70 81 55 4 39 76 54 68 38 62 33 48 27 72 2 31 10 57 15 8 36 46 1 22 9 43 37 40 78 80 67 14 44 52 5 
36 50 6 76 55 81 75 40 10 12 54 17 48 31 80 45 38 49 8 44 67 59 25 21 53 57 16 64 52 24 68 63 1 22 28 7 73 77 27 37 39 2 42 34 33 18 13 78 3 61 60 62 65 46 26 32 69 11 56 41 14 20 29 51 35 74 19 5 72 66 58 70 4 15 79 47 71 43 30 23 9 
77 27 54 49 17 14 18 23 56 3 47 34 21 19 33 81 50 74 15 66 39 73 10 51 2 5 30 78 69 36 7 11 42 31 4 63 53 41 46 80 71 67 29 12 65 55 22 44 61 40 43 68 28 1 20 58 25 52 70 79 13 35 8 76 60 72 75 45 48 59 26 57 24 38 6 62 37 9 16 64 32 
52 10 13 66 72 42 32 16 31 28 65 77 26 57 55 68 78 60 4 63 1 48 79 35 64 21 71 30 75 40 22 38 62 58 9 46 8 69 11 54 73 39 44 56 24 3 20 70 47 59 15 45 27 14 74 7 61 51 36 53 23 37 2 41 43 19 67 6 80 18 50 5 17 25 34 12 49 76 29 33 81 
64 51 2 34 35 79 68 60 73 66 43 48 10 44 67 38 9 62 23 69 25 75 45 59 80 49 50 76 32 33 41 28 15 24 14 1 58 37 61 18 55 7 81 47 63 31 39 19 53 72 78 21 52 57 54 56 11 26 71 5 65 77 6 29 4 3 17 12 13 16 46 22 40 20 42 8 74 70 36 27 30 
1 26 61 28 70 45 71 19 81 30 79 56 20 14 51 15 37 27 9 74 68 6 55 58 43 46 47 65 66 21 53 13 2 12 64 48 52 5 3 62 33 77 35 16 22 49 18 36 76 60 7 4 38 17 57 31 41 29 59 69 67 72 40 11 42 23 8 32 34 24 44 25 75 80 54 73 78 39 10 63 50 
3 39 20 57 6 15 37 9 55 73 42 76 59 29 70 61 16 53 44 41 26 8 78 77 28 32 7 50 71 18 47 68 10 45 67 60 36 13 14 49 1 38 2 43 48 23 24 51 54 12 25 5 30 80 17 22 75 33 34 66 62 63 4 81 31 27 21 74 40 64 56 65 79 46 58 69 72 52 19 35 11 
63 53 43 75 74 59 8 21 24 36 35 5 49 54 31 80 11 4 22 13 65 14 34 16 12 61 37 3 23 25 29 27 39 17 81 52 60 26 72 76 6 78 19 9 40 10 69 56 42 46 33 50 79 64 15 30 55 73 48 38 32 47 44 66 1 28 51 77 62 58 70 20 7 2 18 71 57 41 67 68 45 
7 22 40 44 76 4 33 62 5 64 46 41 63 58 2 1 25 69 18 67 72 17 19 36 20 24 29 6 49 8 70 37 56 34 54 59 45 23 30 50 32 74 10 57 66 73 48 75 81 65 71 11 16 13 43 28 80 27 68 12 42 21 39 52 14 79 35 53 78 9 38 15 77 51 3 26 55 47 31 61 60 
78 38 36 30 25 58 65 80 11 8 6 12 7 24 22 17 23 39 57 3 56 33 76 27 52 40 60 72 43 74 5 20 55 61 77 16 75 51 28 31 70 34 4 79 42 26 62 66 2 32 29 67 35 41 45 18 64 81 46 49 19 50 9 10 68 54 37 71 63 73 69 47 21 1 44 48 53 59 15 13 14 
46 48 47 12 41 29 69 67 50 18 71 45 52 40 72 32 13 75 81 62 11 70 53 54 42 38 31 57 26 44 35 19 80 73 79 51 25 64 15 17 59 27 68 21 20 8 34 74 63 58 6 37 77 9 1 78 14 3 24 60 10 16 76 39 49 2 55 33 30 7 36 61 56 5 66 65 23 4 22 28 43 
51 23 62 10 19 13 46 74 17 35 40 27 31 75 69 28 66 65 49 58 34 5 30 7 54 76 36 68 44 59 80 39 16 77 20 12 78 2 55 43 79 45 9 32 4 29 6 73 11 25 50 15 60 24 63 81 52 41 33 18 3 8 21 38 67 42 70 47 22 53 37 71 57 14 26 72 1 61 64 48 56 
71 44 63 21 32 7 36 72 66 81 59 4 23 25 3 48 68 47 73 19 62 40 26 43 24 16 13 18 50 79 11 64 22 30 46 9 70 65 53 29 28 37 34 60 8 76 10 58 12 42 14 74 45 39 67 61 15 77 75 56 5 17 51 20 2 49 6 78 57 33 35 1 31 55 27 41 38 69 54 80 52 
54 18 29 73 40 67 55 4 28 37 34 7 51 70 21 74 52 45 56 17 63 27 72 20 60 9 23 36 31 76 49 2 14 15 42 24 22 38 77 12 16 59 64 46 61 47 1 65 32 57 5 19 66 75 39 10 78 79 35 62 50 13 69 80 30 41 43 44 26 81 48 58 3 11 53 68 25 71 8 6 33 
34 76 41 9 50 6 61 57 43 67 30 20 44 49 79 14 55 58 38 77 45 68 52 10 11 48 69 60 65 70 62 21 53 47 75 40 23 15 39 3 24 71 80 73 27 16 4 8 37 81 56 18 33 72 25 42 22 1 64 31 7 26 19 5 32 36 54 13 66 17 28 51 46 35 29 59 12 2 63 78 74 
11 81 77 35 1 2 31 37 39 56 13 57 18 10 6 22 53 36 3 71 50 79 8 61 41 25 59 45 74 48 38 33 4 63 23 66 42 19 47 75 67 26 62 76 5 69 78 21 17 54 49 30 68 20 29 80 46 44 28 16 43 65 27 55 9 34 12 52 7 14 72 64 51 70 40 58 15 32 60 73 24 
38 3 70 42 14 30 49 33 80 2 15 24 29 76 61 9 26 17 47 1 57 64 51 6 75 12 32 13 56 78 71 81 5 8 34 43 74 44 69 25 63 10 11 52 21 22 27 46 79 35 55 41 31 67 72 37 58 53 40 68 20 48 54 4 73 16 45 19 65 77 59 60 36 39 28 18 50 62 66 7 23 
75 12 25 8 58 24 78 64 53 80 16 50 42 71 32 62 60 63 31 35 55 29 70 37 33 14 66 10 73 7 27 1 67 28 41 26 48 20 49 72 17 40 36 54 13 43 9 38 51 2 61 52 3 77 6 34 57 23 30 4 59 74 47 56 11 46 18 39 69 76 15 68 19 44 21 81 65 5 45 22 79 
16 20 45 52 79 60 15 68 48 41 77 73 78 39 5 11 64 1 42 22 18 46 28 65 67 2 53 69 19 37 72 32 58 25 61 54 6 31 56 35 81 33 51 30 57 63 44 40 59 7 80 34 26 36 66 12 38 70 49 71 24 55 14 74 62 50 27 29 21 3 8 23 10 75 43 76 47 13 9 4 17 
69 59 65 27 26 56 5 22 47 43 12 46 8 72 38 54 19 33 21 81 78 44 80 15 74 4 39 55 17 3 52 57 29 6 51 35 50 1 18 58 66 41 7 14 68 53 28 62 64 13 70 71 48 23 73 60 76 45 32 2 11 9 36 61 63 25 31 75 79 40 24 10 30 34 16 37 20 67 42 49 77 
4 75 60 36 51 44 22 38 9 45 1 47 65 5 63 49 81 21 50 29 15 39 17 23 57 33 20 7 53 61 78 77 37 68 69 64 12 30 42 34 56 58 46 25 80 48 2 6 26 43 19 72 24 62 32 52 74 54 13 10 27 41 66 40 8 59 79 70 71 28 16 73 14 3 11 35 31 18 76 67 55 
53 72 30 13 81 41 26 18 54 59 66 39 77 27 16 10 44 9 14 45 48 32 58 79 38 11 35 31 29 50 25 74 43 57 60 34 37 78 71 15 21 52 47 40 1 33 55 22 36 28 64 42 70 8 80 49 3 69 20 75 6 61 5 65 76 56 24 68 2 51 67 63 23 4 12 19 73 17 7 46 62 
56 65 59 19 7 10 40 35 16 79 37 29 22 61 64 50 72 2 78 18 71 4 77 52 5 44 51 63 58 62 23 17 20 13 38 32 49 8 60 67 11 68 27 66 75 39 12 30 21 47 31 54 81 74 76 1 45 28 53 26 55 25 73 14 34 69 48 42 3 46 57 9 43 24 36 70 33 6 41 15 80 
15 43 74 14 80 34 27 69 61 54 20 6 71 52 48 67 57 12 70 68 28 76 42 9 26 81 2 47 39 22 24 73 51 36 8 5 64 33 10 44 38 32 50 41 16 4 11 7 65 77 3 40 63 18 31 23 19 60 78 21 56 46 59 62 17 13 49 37 55 35 30 66 58 72 25 75 45 1 53 79 29 
39 55 71 46 68 62 28 8 52 69 17 31 3 53 23 19 33 25 43 24 21 49 64 56 10 37 75 42 59 2 14 41 44 72 30 80 54 6 76 45 13 61 5 70 9 58 79 60 16 78 66 35 29 73 40 36 67 18 11 48 77 4 57 15 74 12 20 1 50 26 81 7 34 32 22 38 63 27 65 51 47 
58 32 49 5 29 50 1 11 67 76 24 36 35 15 78 26 74 73 80 16 60 30 6 41 13 63 54 75 55 28 65 12 52 48 70 27 18 79 4 81 31 14 3 2 69 51 17 59 20 45 46 61 23 71 34 8 43 42 38 7 68 33 62 53 72 47 25 22 39 21 19 44 9 66 37 10 77 57 56 40 64 
42 47 17 2 64 23 25 3 57 46 68 58 70 13 4 51 28 56 67 73 40 7 66 72 31 1 22 35 11 26 16 79 54 18 19 45 77 43 62 74 53 65 48 55 36 32 14 10 49 41 69 75 76 34 12 71 30 63 9 24 37 15 81 33 27 6 60 38 5 78 80 29 59 50 61 39 8 21 52 44 20 
20 37 79 70 77 78 24 12 76 7 60 18 40 62 30 55 34 38 46 25 3 65 36 8 61 53 19 15 33 4 66 10 81 9 6 21 26 29 22 73 35 17 28 63 59 80 50 27 52 67 1 57 56 5 64 39 72 14 47 44 51 2 16 43 41 45 23 58 32 31 75 11 71 49 13 42 48 74 68 69 54 
45 73 33 63 21 31 48 66 6 75 11 32 80 43 41 8 42 14 12 34 59 47 74 55 27 69 62 56 76 49 3 46 71 1 40 67 7 24 57 23 19 72 39 20 51 38 53 15 68 9 37 25 13 44 50 35 70 58 65 17 29 79 22 54 18 64 52 36 10 61 4 77 16 81 30 2 60 78 26 5 28 
14 33 52 55 69 57 50 58 65 44 72 9 1 3 56 7 76 18 27 46 43 2 16 48 17 60 15 19 30 13 12 51 25 38 62 78 11 75 45 42 74 64 8 81 39 61 5 68 31 26 10 6 47 70 53 40 66 71 79 37 41 73 20 36 21 29 22 24 77 23 34 4 28 67 63 49 80 54 35 32 59 
35 79 44 59 13 46 70 76 25 68 52 2 69 42 81 64 39 41 77 51 4 78 9 19 50 66 40 43 48 63 60 18 3 29 37 61 62 12 5 55 20 80 1 36 67 34 21 28 74 75 45 73 49 56 65 26 54 31 16 22 47 23 17 30 57 53 71 10 15 72 33 32 6 58 14 7 27 11 24 38 8 
61 28 75 56 60 11 77 5 20 6 74 25 43 36 26 47 29 13 7 54 38 24 23 53 34 65 21 67 41 45 59 35 32 76 66 22 17 68 58 79 51 4 69 10 44 71 81 9 50 18 63 14 72 2 52 48 49 19 42 39 46 78 70 16 37 80 40 73 8 27 62 12 55 30 31 15 64 33 1 3 57 
73 7 9 74 3 19 38 47 45 53 80 54 16 66 49 35 67 59 79 76 8 62 81 28 32 39 10 17 24 56 31 52 70 46 44 33 71 63 21 77 25 6 30 22 15 12 41 37 60 51 13 1 20 55 14 72 27 57 4 11 36 29 75 78 5 65 58 43 42 68 64 48 2 23 50 40 26 34 61 18 69 
40 68 26 15 30 21 43 1 41 27 23 37 75 48 24 70 65 34 13 80 29 12 20 47 6 55 14 58 10 54 36 69 79 71 5 4 72 49 38 61 2 53 60 3 52 64 66 25 46 76 57 7 39 59 28 74 62 50 8 45 35 32 33 63 81 18 44 11 19 67 51 31 73 16 77 9 17 42 78 56 22 
27 6 24 23 2 53 12 54 37 62 51 78 5 17 19 33 10 46 71 11 64 31 49 73 36 70 45 39 81 47 26 34 8 21 1 65 28 32 29 57 40 35 14 50 41 52 77 43 30 80 42 16 15 22 18 25 9 59 58 67 63 44 61 3 38 60 69 7 56 55 74 13 66 79 75 20 68 72 48 76 4 
81 49 72 29 67 64 4 10 36 58 45 38 28 22 14 30 20 79 63 61 37 56 68 75 35 26 5 73 16 42 55 15 27 74 57 77 34 76 23 78 18 19 33 13 31 24 8 17 48 62 11 32 40 3 60 69 2 6 21 80 1 7 12 9 46 66 39 50 59 25 52 54 53 41 65 43 70 44 51 47 71 
31 62 8 51 39 66 80 32 78 61 57 60 73 21 71 63 77 15 33 30 42 22 67 18 69 59 25 20 72 53 2 49 75 40 50 11 46 70 37 9 7 16 65 48 56 54 23 4 35 44 38 79 58 27 24 3 10 34 55 43 64 81 68 47 26 1 76 14 6 41 17 28 45 12 52 74 13 29 5 36 19 
48 42 34 17 22 16 63 71 18 11 4 55 32 50 12 31 8 40 41 57 58 72 1 74 44 3 52 23 14 68 64 9 28 7 80 6 66 59 54 24 27 47 73 26 43 78 19 69 33 53 65 36 67 29 13 76 56 38 77 51 15 5 30 35 75 70 2 20 61 45 79 49 62 21 60 46 39 81 37 25 10 
################proper############## 

 average_time = 118.854911 

 success runs = 1 

 total average iters = 1801095.000000 
