Success!!! 
 
 max_col = 
 81 
 
 run_time = 
 315.374869 
 
 once iters = 
 5205241 
 
45 73 24 40 62 64 16 71 79 67 68 75 2 46 63 38 22 48 28 56 25 18 41 7 51 3 37 52 74 54 39 29 53 32 36 69 8 31 43 58 33 76 21 26 14 15 20 49 9 17 19 50 47 55 59 30 6 12 57 70 72 11 60 34 65 66 80 35 13 77 81 5 61 10 27 42 44 1 78 4 23 
61 70 28 46 13 7 29 26 49 5 69 39 78 72 44 16 4 77 19 64 1 47 14 79 57 68 6 17 3 51 65 30 23 12 76 21 54 32 66 11 63 37 42 52 53 45 31 24 22 81 48 27 56 10 43 62 80 38 34 25 2 71 18 20 58 41 15 67 75 60 36 59 40 50 33 9 55 73 35 74 8 
68 77 31 76 9 21 74 17 65 66 11 1 62 26 8 28 35 53 16 45 38 44 42 71 61 34 54 50 5 81 14 22 56 60 18 25 69 10 4 75 41 73 7 51 30 39 78 67 36 70 63 59 80 2 52 55 37 64 29 13 46 23 47 6 72 3 79 40 27 49 43 33 58 20 12 24 32 57 19 48 15 
67 14 60 47 37 43 59 56 66 79 41 50 65 42 21 74 31 17 8 55 30 77 35 40 36 63 27 38 28 57 10 4 45 13 9 24 61 6 48 5 49 81 1 20 72 29 73 3 68 33 34 12 11 58 15 76 78 26 51 54 32 69 39 7 44 19 52 22 70 16 23 25 64 62 53 2 75 18 80 71 46 
6 69 18 44 8 42 75 81 3 58 29 76 60 52 55 37 20 43 31 62 17 50 39 9 10 24 33 59 7 80 48 27 64 2 49 63 70 68 40 15 78 77 38 35 23 26 54 4 46 30 13 25 41 1 66 19 21 22 56 74 53 65 79 28 73 57 47 71 32 61 51 12 34 72 67 45 14 16 5 36 11 
20 19 25 34 22 55 78 50 30 80 27 13 10 15 6 18 14 45 65 53 72 70 12 32 66 43 5 33 26 75 47 40 58 37 46 35 60 79 59 56 44 39 57 2 3 8 64 69 71 42 16 23 51 7 73 36 67 1 81 61 49 9 77 48 62 4 68 76 11 74 24 29 31 41 54 28 21 38 52 63 17 
51 2 35 12 54 41 23 15 38 71 64 19 70 57 24 34 3 36 73 46 74 81 59 48 29 52 11 1 61 78 62 42 55 8 20 43 67 65 27 80 28 22 9 25 13 72 66 5 40 75 77 32 60 18 63 31 44 58 33 45 16 4 17 53 69 37 21 56 26 14 10 50 76 30 6 47 79 7 49 39 68 
36 80 4 33 1 57 5 27 11 56 25 51 54 49 12 32 40 23 58 13 60 15 67 20 21 22 75 6 41 16 19 77 31 71 73 72 34 46 62 47 45 18 74 55 64 52 44 61 14 43 37 79 53 76 35 7 42 10 68 50 24 28 48 39 30 38 63 78 2 17 9 8 69 59 66 26 65 81 3 29 70 
48 52 32 39 10 63 72 53 58 30 7 33 81 61 59 9 47 73 49 26 23 4 2 78 80 76 69 70 44 15 66 11 67 68 34 79 29 71 50 24 19 12 36 16 17 35 6 57 28 62 38 65 21 74 5 40 20 27 8 3 14 75 41 54 45 64 46 55 31 18 1 42 51 43 60 13 37 77 56 22 25 
13 56 43 25 79 18 36 66 1 45 9 27 55 80 38 39 21 49 32 20 42 65 30 26 14 72 40 22 53 10 64 19 17 28 11 57 73 15 3 6 52 16 8 78 2 23 7 75 77 71 44 81 37 61 29 63 51 69 74 62 12 41 67 31 48 70 54 68 35 33 76 46 47 4 34 60 59 24 58 50 5 
12 62 41 4 73 52 14 57 46 50 36 53 3 77 35 54 56 67 37 2 47 80 9 74 23 71 61 34 33 49 5 59 30 24 7 60 10 20 44 43 68 72 63 13 21 40 25 42 51 45 17 76 26 29 18 28 27 39 48 38 55 81 8 65 6 78 66 58 64 19 69 16 15 79 70 11 31 75 32 1 22 
50 68 71 7 34 76 30 35 55 64 63 22 75 11 52 42 43 78 57 44 70 28 58 17 56 27 73 47 4 9 2 18 37 65 62 41 51 38 32 67 40 79 69 66 36 80 48 19 74 8 72 20 15 31 77 1 33 5 10 23 61 21 46 12 53 81 39 14 25 24 59 60 45 54 16 6 3 49 29 26 13 
74 24 51 8 49 26 17 22 61 37 18 47 31 59 46 5 62 40 15 60 3 48 78 67 53 33 39 23 35 36 76 80 77 56 44 58 12 81 42 28 7 30 54 45 55 50 57 6 65 69 27 13 1 14 16 72 71 4 11 34 43 70 19 9 29 20 75 79 52 32 73 21 10 68 25 64 41 66 38 2 63 
16 47 23 48 33 15 21 80 10 2 14 57 61 4 30 26 12 65 62 59 68 79 38 35 11 51 64 31 13 6 42 46 69 66 25 73 58 5 29 18 70 71 53 75 77 60 34 22 54 49 56 39 55 67 32 20 45 3 9 52 50 24 76 27 74 63 41 43 17 1 37 40 81 36 44 72 7 19 28 8 78 
27 31 19 45 67 59 40 39 9 81 70 20 44 29 58 25 72 10 13 43 66 8 36 6 18 4 16 54 52 3 15 55 51 48 26 71 17 49 22 37 61 1 60 50 34 47 33 64 24 53 32 63 30 41 78 35 68 2 42 75 79 80 57 56 23 62 7 5 77 28 11 38 74 69 65 46 73 21 12 14 76 
28 29 38 60 75 2 81 20 69 51 16 15 6 17 19 7 34 79 54 1 50 52 63 21 12 10 76 40 8 67 32 68 39 74 14 27 25 56 24 26 46 48 62 59 41 11 5 9 43 73 4 3 78 70 58 64 31 49 22 47 66 44 65 72 55 18 13 36 45 71 61 80 53 35 57 30 77 42 23 37 33 
32 44 54 77 63 65 11 64 6 33 13 24 68 48 76 66 69 60 5 49 46 25 34 75 19 41 81 29 16 45 72 70 61 21 1 78 47 80 57 4 14 31 23 39 74 79 35 12 52 58 28 18 2 38 30 59 17 36 53 73 37 40 7 42 26 8 67 10 50 3 22 15 9 55 51 20 27 71 62 56 43 
72 37 58 5 53 70 42 3 78 23 73 74 8 28 32 1 41 71 7 29 55 31 22 77 45 69 24 12 81 79 20 43 38 63 50 75 9 11 64 65 27 19 33 76 35 46 68 21 62 36 59 10 66 16 56 54 14 6 26 60 13 25 15 51 49 30 44 47 57 34 4 2 80 40 39 48 52 67 18 17 61 
39 3 44 1 2 58 79 37 76 52 20 17 12 9 15 75 13 26 14 11 67 7 61 19 6 42 56 68 25 74 43 24 29 36 51 10 45 72 55 50 23 8 77 63 78 62 4 48 60 38 70 53 59 64 31 18 69 65 16 21 27 30 40 73 33 54 71 49 81 47 5 22 57 28 41 35 34 80 66 46 32 
22 25 33 72 16 48 6 67 32 21 1 62 37 70 57 51 66 30 43 4 18 69 64 47 20 53 52 46 60 44 75 8 40 9 78 81 7 27 73 68 35 14 29 58 24 63 50 13 31 80 79 15 71 36 49 23 12 59 55 11 76 19 10 17 77 56 34 28 42 26 38 41 54 3 74 5 45 2 39 61 65 
53 63 20 36 70 4 71 61 47 59 35 28 19 22 69 14 27 41 10 50 79 12 24 8 33 9 51 56 58 7 57 32 62 30 5 3 2 74 67 52 76 49 17 65 40 68 21 34 72 18 46 11 23 6 81 80 73 13 45 29 38 60 54 78 31 55 1 37 43 66 75 39 77 25 48 16 26 64 42 15 44 
18 49 14 78 26 50 77 55 17 8 81 25 63 10 43 11 33 44 68 21 36 35 60 72 32 70 58 65 76 59 54 66 20 73 42 48 56 62 75 61 79 28 34 38 31 16 3 40 5 57 2 47 7 45 71 22 41 37 64 46 39 52 4 30 80 27 12 15 69 67 74 24 6 19 9 29 53 23 1 13 51 
43 42 10 27 56 38 62 54 7 76 2 68 74 24 47 31 16 64 80 77 73 59 57 65 15 1 3 41 18 63 21 50 13 53 35 23 37 60 46 25 11 66 39 70 26 17 52 55 69 29 22 19 81 49 20 48 5 44 28 6 33 34 51 45 61 58 32 72 9 36 79 14 75 8 30 78 4 40 71 12 67 
80 34 66 59 15 23 8 19 12 78 67 58 5 45 42 4 39 3 46 38 81 41 29 76 40 75 2 79 11 33 27 71 14 49 69 55 21 47 1 54 20 57 22 30 6 51 43 32 44 35 61 28 73 24 68 74 77 70 72 26 63 7 9 52 13 16 64 65 10 25 53 48 18 37 50 36 17 62 31 60 56 
60 35 21 31 30 69 57 40 45 77 61 56 79 73 29 6 71 55 34 17 63 23 27 5 44 74 49 26 12 38 37 64 80 39 2 28 18 42 15 53 51 13 32 48 16 20 65 14 41 10 54 66 9 33 67 43 36 75 50 1 25 78 62 59 76 7 19 3 8 4 46 68 70 47 24 52 22 58 11 81 72 
11 28 73 9 65 5 68 51 29 36 49 72 46 60 48 80 32 50 78 66 26 39 54 16 22 25 13 4 70 34 67 31 15 45 52 17 64 3 71 44 10 41 19 81 12 74 75 77 1 37 76 56 58 30 47 8 53 35 24 42 57 79 61 40 18 2 23 6 63 21 20 62 27 7 69 55 33 43 14 59 38 
46 64 52 75 81 74 24 41 13 54 38 65 40 34 53 23 7 18 30 48 31 71 37 55 28 45 62 16 47 22 77 61 72 1 19 6 59 69 36 9 43 33 5 80 4 12 27 39 67 78 25 42 8 26 17 66 3 56 2 32 58 15 14 60 70 50 11 29 51 44 35 57 79 49 10 63 76 68 73 21 20 
70 81 75 3 66 35 34 5 19 29 58 67 43 33 79 69 38 76 47 74 2 17 20 49 72 54 7 80 46 8 30 1 21 26 4 36 39 63 53 55 31 59 28 73 60 18 61 45 48 13 15 78 50 32 51 10 22 71 37 14 52 64 11 77 12 44 27 41 65 57 56 6 68 42 23 62 40 25 24 9 16 
49 18 64 6 57 54 37 11 60 24 45 12 13 25 72 81 17 28 3 79 19 29 26 23 58 50 63 10 38 47 73 39 48 62 77 61 30 36 34 20 5 7 27 4 65 66 70 56 8 9 75 46 76 52 80 21 15 68 40 41 69 43 42 2 35 31 14 1 71 78 16 53 33 74 55 32 51 22 67 44 59 
69 21 68 74 48 39 12 59 24 40 37 30 57 54 27 52 50 56 18 36 45 64 51 38 43 62 8 67 31 2 11 6 25 34 71 33 76 9 70 3 13 78 80 14 22 42 55 65 29 60 53 4 16 23 28 73 26 81 49 17 19 47 44 66 10 61 72 20 79 7 63 32 35 75 77 58 15 5 46 41 1 
26 45 42 80 17 78 52 36 40 68 71 64 47 63 66 15 73 59 61 25 28 75 32 1 48 31 21 43 65 76 41 56 49 55 54 18 79 77 23 35 62 38 16 33 50 34 51 2 58 72 11 24 57 44 39 67 30 8 12 7 9 3 6 37 46 60 74 70 22 5 19 81 29 14 20 69 13 10 4 27 53 
25 65 79 73 47 61 28 62 53 55 39 42 36 19 31 60 74 7 40 14 44 9 76 15 67 57 22 32 27 12 29 23 70 64 68 5 71 24 6 10 2 52 51 41 8 81 38 35 49 1 3 30 69 63 46 58 4 45 59 20 77 16 33 21 50 80 17 11 18 75 34 13 56 66 78 54 72 37 48 43 26 
41 22 50 63 77 29 51 1 67 70 44 14 35 2 78 21 10 5 53 33 6 27 71 52 16 73 55 72 42 58 60 20 81 17 3 59 49 48 37 32 56 15 45 19 46 28 80 43 7 79 40 62 68 47 13 24 74 61 25 66 75 54 34 69 4 76 30 9 38 64 26 23 39 31 8 57 11 65 36 18 12 
71 20 76 2 72 14 33 30 8 26 4 49 80 75 77 41 23 32 70 42 56 13 46 66 69 60 59 24 78 40 16 9 28 19 45 44 74 18 11 64 58 29 68 67 57 25 10 37 27 22 31 17 12 21 1 50 65 55 63 79 35 53 5 15 51 36 43 48 62 54 39 47 7 38 81 73 61 52 34 3 6 
15 38 56 16 32 46 44 58 43 22 6 11 9 65 62 3 51 8 4 41 34 78 5 68 39 37 10 69 75 53 50 35 63 7 13 74 66 25 12 81 26 21 61 42 1 59 77 20 64 54 14 71 36 73 57 27 23 48 31 18 60 72 2 33 24 45 29 52 49 40 55 67 28 80 17 19 47 30 76 70 79 
23 55 27 10 7 9 4 13 31 61 53 18 34 16 20 48 1 46 24 35 12 30 11 80 81 65 77 57 51 37 79 52 22 15 66 14 75 44 69 72 47 17 40 43 54 5 39 41 6 67 33 26 74 19 76 70 62 78 32 56 29 38 36 8 28 42 25 73 58 59 68 3 63 60 2 21 71 45 50 49 64 
4 46 80 54 55 66 58 12 20 42 34 3 28 37 39 70 59 21 38 9 15 22 75 2 31 35 44 5 69 73 74 53 43 18 57 1 24 50 72 60 32 6 26 79 47 14 23 62 78 77 51 7 49 68 19 17 63 67 41 81 56 29 64 10 71 40 65 13 30 8 25 27 11 61 52 76 36 33 45 16 48 
21 6 1 69 59 27 65 31 18 15 26 66 64 47 75 10 78 4 45 72 32 33 48 14 77 81 29 11 34 24 49 17 9 61 8 13 40 53 54 57 80 20 25 12 67 3 37 70 30 74 58 43 42 46 7 2 79 62 60 51 36 35 16 50 5 73 76 23 44 38 52 55 41 39 68 22 56 28 63 19 71 
78 26 7 29 61 62 64 34 77 35 12 5 38 43 74 27 68 63 41 30 58 3 55 50 8 80 18 2 45 46 56 48 71 67 28 32 31 22 16 39 59 10 44 36 33 13 11 53 21 65 6 52 40 79 54 9 25 57 76 15 73 20 72 70 60 14 37 4 24 69 47 19 23 81 1 17 49 51 75 66 42 
33 60 2 17 39 79 45 43 23 73 30 52 14 69 54 71 46 25 67 7 37 11 16 51 49 21 57 75 40 70 3 10 4 31 81 42 38 19 58 41 48 74 65 8 68 64 29 76 47 12 55 1 34 72 6 32 61 53 66 27 44 26 24 63 56 22 59 18 36 15 28 78 20 77 5 80 50 9 13 62 35 
37 11 53 52 41 73 32 16 57 19 31 9 20 58 33 55 24 6 26 54 78 34 23 70 79 13 71 36 62 72 25 12 7 44 29 68 15 51 2 1 69 56 35 27 76 38 28 8 18 63 10 61 45 22 4 65 49 50 47 80 40 5 75 46 17 43 81 42 39 48 66 77 30 21 14 67 74 3 59 64 60 
76 30 36 15 74 3 56 49 63 62 80 45 67 23 22 53 61 16 39 40 4 60 25 10 64 6 1 37 79 65 38 41 47 20 33 19 78 73 13 77 9 46 71 5 52 2 17 50 81 66 24 57 48 69 14 42 70 31 21 43 59 18 28 29 11 75 35 7 68 51 12 72 44 58 32 27 8 34 26 55 54 
19 75 5 67 14 81 48 70 68 49 51 32 56 40 17 77 18 2 12 24 69 36 73 42 59 47 65 35 64 66 23 63 60 76 30 50 11 34 28 7 3 61 43 37 45 41 9 15 16 44 20 54 4 27 10 71 39 74 13 22 8 55 52 79 1 21 33 53 80 58 62 26 72 78 46 38 29 6 25 57 31 
9 72 8 38 35 22 47 24 25 13 60 7 50 44 1 79 29 57 56 27 20 76 28 62 5 17 66 51 55 21 80 14 52 6 59 15 42 75 30 63 4 70 49 23 81 33 19 36 26 39 73 67 31 71 11 46 58 77 3 48 45 68 78 32 16 34 2 61 54 41 64 74 43 12 37 10 69 53 40 65 18 
42 51 40 50 28 71 13 10 44 41 48 8 11 76 81 65 36 72 74 63 52 68 43 53 46 61 19 39 54 26 78 58 27 22 16 77 14 55 17 29 66 62 64 21 18 32 56 25 75 59 80 60 5 35 23 69 38 34 30 37 1 33 12 67 3 49 20 31 6 9 57 45 4 70 73 7 24 15 2 79 47 
1 53 37 24 6 47 43 74 50 31 78 63 48 68 49 76 81 75 79 23 21 20 66 36 7 5 25 30 14 13 26 69 34 77 70 46 52 33 35 40 55 51 41 71 38 10 32 54 61 19 18 44 29 3 72 12 28 16 80 67 64 73 56 11 59 9 57 2 4 42 27 17 60 15 62 65 39 8 22 58 45 
54 9 17 26 11 80 60 78 28 46 59 71 53 14 45 13 25 20 1 22 16 2 69 27 24 56 4 19 21 48 18 73 66 72 41 65 32 76 79 70 74 36 37 44 5 30 81 58 50 34 23 77 38 62 75 33 7 47 6 8 68 42 29 35 52 51 61 39 67 43 15 49 3 57 64 12 63 31 55 40 10 
14 8 15 68 20 30 49 7 16 12 72 2 51 18 4 64 55 47 50 81 61 38 77 39 26 44 9 76 57 31 40 67 33 59 37 11 22 1 80 62 65 69 3 28 29 48 60 71 79 6 42 36 35 17 74 45 46 66 19 78 70 10 25 13 41 23 53 24 73 63 32 58 21 52 75 34 54 56 43 5 27 
34 61 46 22 4 67 39 76 75 43 79 37 33 41 5 17 15 35 55 73 64 57 74 45 68 19 70 49 36 27 51 47 10 23 12 62 53 8 21 42 24 50 13 11 56 65 69 63 80 52 1 31 25 66 2 81 59 9 44 40 3 58 38 18 7 6 26 54 60 72 48 20 32 71 28 77 16 29 30 78 14 
35 36 69 70 21 32 3 79 81 28 23 80 42 1 67 19 65 74 6 76 13 40 53 41 34 78 43 25 9 17 22 16 5 50 56 29 77 7 18 27 60 58 73 61 15 4 8 47 20 14 45 2 64 39 24 37 52 63 54 55 51 57 30 75 38 12 62 44 33 10 71 31 59 26 11 66 48 46 72 68 49 
40 13 62 42 58 10 31 63 71 6 24 21 29 50 3 56 77 69 11 67 48 72 33 59 52 8 12 61 1 28 35 79 68 80 15 54 19 23 20 2 81 34 66 57 25 43 74 51 76 55 26 22 75 9 27 49 60 18 5 39 17 36 32 16 14 46 78 45 37 30 65 64 38 73 7 53 70 44 41 47 4 
52 33 45 55 27 72 38 23 2 10 66 44 58 62 34 36 54 61 29 71 14 51 15 18 60 30 35 3 39 32 24 7 74 78 53 8 48 16 9 17 12 63 4 64 75 73 59 46 57 68 49 41 28 37 65 26 11 43 79 77 31 22 21 19 40 25 5 69 47 56 70 1 42 67 13 50 20 76 81 6 80 
5 12 29 19 25 56 41 44 59 16 57 73 52 38 70 22 60 9 17 47 65 63 49 28 54 32 42 55 71 64 45 75 6 81 58 2 43 30 78 31 39 26 46 72 10 67 40 27 13 15 7 21 24 11 62 53 35 20 14 4 48 61 69 76 68 77 8 66 3 80 50 34 1 33 79 74 18 36 51 23 37 
65 57 48 18 64 51 66 77 73 11 32 40 27 30 7 8 26 39 75 10 80 46 62 3 37 58 31 44 20 4 52 60 42 43 63 38 68 59 47 45 67 54 14 6 49 56 72 78 70 5 12 16 33 53 50 15 34 41 71 76 23 1 13 22 36 29 28 81 74 55 21 79 25 2 19 61 9 35 17 24 69 
79 66 11 43 23 49 70 75 48 74 46 29 72 36 41 45 67 31 42 5 77 55 4 61 30 18 17 58 50 60 28 26 59 38 10 9 13 40 39 21 71 3 24 62 37 57 76 68 19 27 35 64 63 51 25 16 32 54 1 65 7 2 81 44 15 69 56 80 12 22 8 52 78 34 47 14 6 20 53 33 73 
38 15 12 37 36 17 67 46 5 44 21 16 76 20 14 62 79 81 52 57 10 54 3 22 1 66 74 71 72 42 53 25 75 35 48 39 26 45 41 19 77 80 55 32 63 49 2 30 33 47 65 34 13 43 40 4 18 51 70 24 78 50 27 68 9 59 58 60 23 31 6 73 8 11 29 56 64 61 7 69 28 
55 1 13 81 78 8 35 14 64 38 10 43 66 6 18 58 30 11 63 32 27 62 50 34 25 39 80 74 73 20 4 3 76 47 31 22 72 29 65 46 75 2 79 7 48 61 67 44 15 23 52 69 54 59 9 41 57 19 36 68 21 56 26 49 37 5 24 33 28 53 42 70 17 51 45 71 12 60 16 77 40 
30 71 6 65 19 16 2 4 22 69 54 35 32 51 40 78 5 24 64 28 49 73 81 60 9 20 68 13 23 11 36 37 44 46 61 52 33 67 25 74 17 53 70 31 27 75 1 26 3 56 66 80 39 8 42 34 76 29 38 12 15 14 58 55 79 47 50 63 7 45 77 10 48 18 43 59 62 41 57 72 21 
44 59 57 56 31 25 18 32 41 1 50 77 22 39 23 61 63 33 51 69 7 53 13 37 75 15 45 21 24 68 12 54 8 29 6 40 20 66 14 34 36 4 47 9 58 78 16 60 42 46 71 55 62 28 3 79 72 80 43 10 74 17 73 38 81 11 48 64 19 65 67 76 49 5 35 70 2 26 27 52 30 
7 50 74 62 3 24 26 21 33 53 42 55 15 56 28 49 37 13 71 16 59 58 65 46 70 23 47 27 2 19 34 45 1 41 64 80 5 12 81 73 8 35 18 69 51 6 14 11 38 32 9 29 72 40 44 77 75 60 52 30 22 48 31 43 57 17 36 25 61 20 78 66 67 63 76 4 68 54 79 10 39 
77 10 72 53 42 68 61 69 52 3 8 34 4 64 9 47 80 70 33 19 40 14 44 24 76 29 26 15 17 56 7 57 78 5 67 16 1 43 60 30 54 11 6 49 59 58 12 74 73 50 41 48 79 25 45 13 55 28 35 71 20 37 63 62 75 39 18 21 46 27 2 51 66 23 22 31 81 32 65 38 36 
73 27 39 58 45 40 20 60 54 48 65 26 25 7 71 12 52 68 2 6 8 43 72 56 78 11 36 63 66 77 70 33 18 51 79 30 44 64 76 38 57 42 50 10 28 37 53 31 17 21 81 5 22 4 69 61 47 23 62 49 67 46 59 41 32 74 3 16 34 29 14 35 55 9 80 1 19 13 15 75 24 
47 76 9 51 80 28 63 29 34 17 75 59 73 27 60 2 57 19 48 12 35 21 79 31 41 38 67 14 32 43 81 62 65 69 55 49 23 52 56 78 16 68 15 22 61 7 18 10 45 24 36 70 20 77 64 6 66 33 39 5 11 8 53 26 54 1 4 30 40 13 72 71 37 46 58 3 42 50 44 25 74 
29 5 26 79 40 31 69 47 21 7 74 6 41 13 61 30 2 34 25 18 51 24 19 57 3 16 46 64 56 55 1 81 35 27 72 4 62 70 68 66 73 45 58 77 43 53 63 28 12 20 8 9 14 60 36 11 54 15 67 59 80 76 50 71 78 10 22 38 48 52 17 37 65 32 49 44 23 39 33 42 75 
3 67 70 30 71 36 22 33 42 20 15 54 1 81 56 35 64 14 23 37 5 66 40 43 74 48 38 45 63 18 69 13 73 79 65 76 27 4 49 8 34 24 75 60 11 31 62 59 2 51 50 58 17 78 61 39 29 46 77 53 47 32 68 25 21 28 9 19 55 6 44 7 26 16 72 41 57 12 10 80 52 
64 23 65 41 43 53 10 28 35 27 22 79 49 12 50 68 44 80 77 15 62 42 21 30 63 7 72 48 19 29 17 78 32 40 47 20 6 37 33 51 25 67 56 1 71 36 13 18 11 16 39 38 52 54 26 57 81 14 75 9 34 45 74 3 66 24 70 46 5 2 60 61 73 76 59 8 58 4 69 31 55 
75 39 34 32 24 20 9 2 51 72 17 31 16 21 73 46 76 42 60 65 11 61 47 29 50 64 41 53 22 52 33 15 36 70 80 37 57 78 5 14 38 55 10 54 69 77 71 66 23 26 30 6 44 48 8 25 19 7 4 58 62 27 43 81 67 68 40 59 1 12 49 18 13 45 56 79 28 63 74 35 3 
81 48 16 66 68 13 50 45 72 18 28 78 77 55 65 57 75 37 59 8 76 67 1 33 4 36 34 62 6 30 58 2 54 11 39 31 46 41 74 12 64 32 52 3 20 19 47 7 25 61 5 49 10 56 38 44 40 24 23 69 42 63 70 80 27 35 73 26 15 79 29 43 22 17 71 51 60 14 21 53 9 
59 54 78 14 44 37 15 52 74 47 33 70 71 67 36 63 11 29 9 75 53 6 10 69 55 26 79 66 77 5 61 51 46 57 43 12 35 39 7 22 42 23 31 18 80 76 45 1 34 4 21 73 32 81 60 3 2 30 17 64 28 13 49 58 8 65 16 50 72 62 41 56 24 48 38 40 25 27 68 20 19 
8 7 77 57 60 1 46 18 62 4 3 38 69 5 10 59 9 52 27 58 39 56 31 73 71 12 32 42 49 25 44 28 24 14 75 26 65 17 63 13 50 40 76 15 19 22 79 72 55 64 74 68 43 80 37 78 48 21 20 16 41 6 35 23 34 33 45 51 53 11 54 36 2 29 61 81 30 70 47 67 66 
58 4 63 49 12 6 55 25 27 39 19 48 23 32 26 43 53 62 20 80 54 45 52 81 17 2 78 9 68 50 8 38 41 10 60 34 36 28 61 16 21 44 59 29 79 69 24 33 35 3 67 40 70 65 22 51 56 72 73 31 18 66 71 57 47 13 42 74 14 76 30 75 46 1 15 37 5 11 64 7 77 
56 17 61 11 38 19 76 73 80 25 40 60 45 66 51 24 8 58 44 68 22 49 70 13 35 14 28 7 59 23 71 21 3 16 74 67 81 2 26 48 30 47 72 53 9 27 42 29 37 41 57 75 46 15 55 52 10 79 65 33 5 12 1 64 63 32 69 77 20 39 31 4 50 6 36 18 43 78 54 34 62 
2 58 67 71 5 77 25 8 39 14 43 81 30 35 13 50 6 15 72 31 24 32 17 44 38 79 53 78 80 41 9 34 26 4 22 64 55 57 10 36 37 65 20 47 62 70 46 52 56 40 29 33 61 42 21 68 16 11 69 28 54 51 45 1 19 48 49 75 59 73 18 63 12 27 3 23 66 74 60 76 7 
31 40 30 23 50 11 7 68 26 34 47 4 18 79 64 67 45 1 36 70 41 5 56 12 27 77 14 60 29 69 55 72 16 58 21 51 80 13 8 76 6 25 48 17 66 71 49 81 63 28 43 74 65 20 33 75 24 32 15 44 10 62 37 61 22 52 38 57 78 35 3 54 19 53 42 39 46 59 9 73 2 
62 32 59 13 18 34 80 38 56 9 55 61 26 78 11 20 42 22 35 52 29 16 68 58 65 46 48 73 15 71 31 49 2 25 40 70 50 21 19 33 1 60 81 74 44 24 30 79 53 7 69 51 3 57 12 5 8 76 27 72 4 39 23 36 43 67 77 17 66 37 45 28 14 64 63 75 10 47 6 54 41 
66 78 49 21 29 33 54 9 70 65 52 36 7 31 37 44 19 51 81 39 57 74 18 25 73 28 15 77 48 14 63 76 79 75 17 47 4 58 45 23 53 27 2 24 32 55 22 38 10 11 68 8 6 12 41 56 1 42 61 35 71 59 3 5 64 26 60 34 16 46 80 69 62 13 40 43 67 72 20 30 50 
63 79 47 61 51 12 73 65 37 32 76 46 24 8 16 40 49 38 66 34 75 19 6 64 62 55 30 28 10 1 68 44 57 54 23 45 3 26 52 69 29 5 67 56 42 21 15 80 59 25 78 72 77 13 53 60 43 17 18 2 81 74 20 14 39 71 31 27 41 50 7 9 36 22 4 33 35 48 70 11 58 
10 41 81 20 76 44 27 6 36 63 56 23 17 53 25 33 28 66 69 3 9 37 80 11 42 67 60 8 43 61 59 5 12 52 32 7 16 35 51 49 72 75 30 46 39 54 58 73 4 48 47 14 19 50 34 38 64 40 78 57 26 31 22 74 2 15 55 62 21 70 13 65 71 24 18 68 1 79 77 45 29 
17 43 22 64 52 45 53 42 14 57 5 69 21 71 80 72 70 27 76 61 33 10 7 63 2 49 50 81 30 62 6 74 19 3 24 56 28 54 38 59 18 9 12 40 73 1 41 23 39 31 60 35 67 75 48 47 13 25 46 36 65 77 66 4 20 79 51 8 29 68 58 11 16 44 26 15 78 55 37 32 34 
57 16 3 35 46 60 19 48 4 75 77 10 59 74 2 73 58 12 22 51 43 1 8 54 47 40 20 18 37 39 13 36 11 42 38 53 41 14 31 71 15 64 78 68 70 9 26 17 66 76 62 45 27 34 79 29 50 52 7 63 30 67 55 24 25 72 6 32 56 23 33 44 5 65 21 49 80 69 61 28 81 
24 74 55 28 69 75 1 72 15 60 62 41 39 3 68 29 48 54 21 78 71 26 45 4 13 59 23 20 67 35 46 65 50 33 27 66 63 61 77 79 22 43 11 34 7 44 36 16 32 2 64 37 18 5 70 14 9 73 58 19 6 49 80 47 42 53 10 12 76 81 40 30 52 56 31 25 38 17 8 51 57 
################proper############## 

 average_time = 315.374869 

 success runs = 1 

 total average iters = 5205241.000000 
