Success!!! 
 
 max_col = 
 81 
 
 run_time = 
 48.552405 
 
 once iters = 
 700949 
 
20 50 54 48 44 68 75 26 3 23 25 62 63 32 39 76 13 49 10 66 6 74 18 79 12 69 59 58 5 31 80 1 28 37 4 35 77 38 81 65 45 43 78 8 42 27 56 11 22 47 53 14 17 73 7 51 30 64 60 34 70 2 16 61 15 40 36 21 33 52 41 71 57 55 46 67 19 9 29 24 72 
12 27 22 63 42 30 6 69 58 26 10 17 77 54 1 9 18 67 46 3 44 13 62 15 50 47 38 61 24 49 76 43 25 79 21 11 80 74 72 70 16 73 56 51 75 29 39 81 37 52 60 59 7 71 28 4 14 19 33 66 23 36 48 20 8 34 5 45 55 57 78 68 31 64 53 32 65 40 41 35 2 
43 4 39 61 52 37 14 66 21 3 78 5 20 27 58 47 71 34 7 8 51 60 57 28 32 23 29 50 62 56 18 53 67 40 54 74 6 41 36 44 59 35 49 15 33 77 25 46 10 80 75 2 64 30 12 9 38 11 45 31 55 69 73 24 76 79 65 72 48 19 16 81 22 42 70 13 68 17 26 1 63 
5 57 28 34 41 78 24 17 13 75 21 53 48 74 60 11 61 44 81 26 70 9 68 71 56 25 31 2 77 32 45 33 66 23 72 14 4 18 64 12 46 30 55 29 58 65 16 19 42 76 38 3 35 8 50 47 62 15 79 63 10 40 67 51 27 6 37 49 43 54 1 22 80 59 20 69 39 36 73 7 52 
1 32 16 7 67 9 33 55 53 31 42 72 38 28 57 81 65 68 77 5 20 80 14 49 17 40 39 73 60 52 70 10 51 15 13 36 25 69 63 27 47 11 3 19 37 78 18 62 54 21 66 34 48 74 24 6 22 41 56 76 8 46 29 75 35 26 64 4 12 58 59 2 50 61 79 23 45 43 30 44 71 
40 76 2 45 46 35 81 65 10 12 70 7 4 80 79 55 64 8 37 24 11 36 41 33 27 19 21 47 48 22 59 30 6 71 78 75 23 34 32 9 39 26 60 14 66 68 43 57 50 20 5 31 13 1 58 53 49 25 18 72 61 54 52 28 42 44 63 29 17 73 69 67 38 62 15 16 51 74 56 3 77 
71 31 62 8 80 36 18 49 59 15 33 37 2 66 50 16 73 29 48 45 52 76 64 54 75 35 72 27 17 19 46 57 41 39 20 69 22 7 61 10 1 13 53 21 24 55 63 79 9 32 4 51 40 67 81 43 78 42 44 3 26 65 68 60 77 74 30 56 70 23 38 14 34 12 6 47 58 25 11 28 5 
73 77 38 25 56 70 47 74 11 35 41 51 30 52 69 19 45 43 65 58 1 22 78 4 63 2 67 16 29 34 42 3 44 55 64 68 5 62 48 40 28 57 54 79 76 15 61 24 36 23 6 26 72 12 80 71 17 32 20 75 59 27 13 9 10 66 39 7 53 50 46 31 49 37 21 18 8 14 33 60 81 
72 51 23 19 29 15 79 64 60 22 14 24 40 56 59 36 6 46 61 55 53 30 34 16 43 42 73 9 38 63 26 81 8 7 65 12 2 31 20 17 52 71 67 50 68 49 28 58 45 69 41 33 44 70 39 37 35 1 5 74 77 21 57 3 32 11 13 80 47 25 62 18 54 10 27 66 78 75 4 76 48 
25 73 45 4 78 46 80 59 52 13 66 47 16 42 6 63 40 37 32 7 62 54 67 8 29 50 23 71 39 70 49 14 24 12 44 81 65 17 15 41 60 5 19 75 56 79 77 18 51 28 2 72 38 26 69 61 43 34 10 22 68 35 1 76 11 53 9 55 20 74 30 33 36 21 48 64 57 3 27 31 58 
17 60 15 18 63 40 26 20 57 30 5 29 54 7 49 27 43 69 39 52 78 21 48 70 72 28 14 8 13 61 58 42 64 47 75 6 73 32 1 79 50 44 38 33 31 67 76 56 11 59 36 66 55 16 62 19 9 51 2 81 65 53 45 77 34 25 23 35 10 68 22 3 4 80 24 41 71 37 74 46 12 
30 7 42 65 64 5 23 43 77 80 44 76 14 72 46 34 60 1 31 61 10 55 6 40 35 59 20 21 28 73 27 41 9 52 2 62 18 11 53 29 78 36 16 12 3 48 19 22 81 71 49 24 68 69 63 74 37 79 67 26 75 25 8 54 17 39 57 50 45 4 56 58 32 70 47 51 38 15 66 13 33 
55 53 72 66 22 6 74 58 9 61 36 57 73 39 67 32 31 19 34 69 15 1 13 45 37 63 81 7 4 35 17 38 3 48 60 78 27 24 62 76 10 25 68 64 51 47 14 5 46 70 50 54 75 65 41 56 23 52 40 11 80 33 30 49 44 21 71 2 79 42 28 12 59 18 8 20 77 26 43 16 29 
81 47 68 38 10 16 28 11 36 58 74 3 51 71 62 53 55 15 27 41 12 4 30 2 77 64 79 33 46 1 56 34 45 65 5 29 37 14 67 39 23 61 63 22 49 43 21 9 13 25 7 20 42 40 70 32 60 24 17 50 76 57 18 8 80 31 73 26 69 48 66 59 75 72 44 35 52 78 6 54 19 
39 12 31 1 71 54 34 29 35 52 65 20 41 78 77 70 21 23 24 17 5 68 53 9 57 36 76 43 19 51 79 22 40 10 74 80 8 45 4 66 48 69 46 59 26 60 64 27 73 63 33 58 32 3 15 49 16 44 6 55 47 14 28 18 13 38 67 61 7 72 75 37 11 56 25 2 81 50 42 62 30 
37 24 41 21 49 3 76 33 70 18 22 10 50 75 68 45 48 79 43 56 66 42 80 19 25 51 58 32 15 57 54 55 59 11 26 77 35 40 74 72 2 81 28 52 30 4 78 61 34 31 8 44 12 6 20 13 29 71 36 73 38 39 7 64 47 27 60 1 62 16 65 46 53 69 63 9 5 23 67 17 14 
69 62 67 44 2 32 61 13 27 8 56 64 28 12 11 38 33 17 26 22 16 49 60 75 3 73 18 20 72 68 66 37 30 53 25 50 42 80 77 71 70 21 43 9 47 74 10 39 15 57 35 41 23 29 46 58 54 4 31 48 78 59 5 6 24 51 81 19 63 36 14 52 76 45 7 1 79 65 55 34 40 
8 56 19 79 48 14 51 50 75 4 35 9 59 81 26 24 2 25 74 33 65 11 44 46 47 38 71 23 76 69 36 67 31 18 63 16 58 54 34 55 57 6 13 20 7 37 53 45 80 17 52 1 30 62 64 42 3 27 12 77 21 72 66 43 5 29 70 78 32 15 40 41 39 73 68 10 22 61 28 49 60 
3 36 17 70 73 22 29 10 62 71 64 28 9 67 51 48 27 59 52 81 30 26 74 14 21 60 25 12 42 47 15 35 1 2 31 66 38 37 41 6 58 75 32 23 34 11 20 13 63 68 44 76 18 55 77 45 69 53 39 56 54 8 72 65 79 19 16 40 5 46 33 57 43 49 4 50 61 7 24 80 78 
80 14 11 37 38 60 72 52 5 16 58 31 32 15 74 6 17 54 76 34 27 79 2 59 66 78 51 81 21 46 20 62 33 45 77 22 1 73 18 69 61 8 26 57 4 24 49 42 47 53 40 71 10 41 25 55 65 68 48 9 43 7 50 23 56 67 28 44 3 63 39 36 12 19 30 70 64 13 35 29 75 
41 65 1 69 74 19 46 12 18 47 76 35 81 68 7 75 29 62 73 23 4 3 36 43 44 16 56 51 54 53 9 40 13 26 32 28 79 77 45 67 25 63 15 39 80 5 60 72 30 64 21 70 58 27 42 24 33 59 34 10 71 61 11 66 50 14 49 37 52 38 20 78 48 2 55 6 17 31 8 57 22 
2 61 9 16 23 81 71 57 34 55 63 36 43 30 8 13 20 40 6 77 17 35 33 24 70 31 45 52 68 74 65 75 39 5 76 49 62 48 12 53 56 7 10 46 19 38 15 25 26 3 80 50 67 54 27 29 44 21 47 78 22 37 79 41 72 64 51 32 18 11 60 4 73 1 58 14 69 28 59 42 66 
68 66 79 55 77 7 54 78 20 57 37 45 11 3 23 60 10 61 22 65 40 67 42 80 64 18 32 56 30 50 43 71 58 69 38 48 52 36 33 28 72 49 24 44 17 12 8 51 4 29 14 16 62 31 2 73 81 5 70 13 19 1 35 15 6 75 59 74 25 27 76 47 63 26 39 21 9 53 34 41 46 
15 13 47 31 28 56 50 24 64 34 53 21 42 26 78 41 52 4 19 20 7 8 69 58 46 1 11 59 6 44 16 29 55 14 79 72 66 9 65 68 40 2 76 70 74 22 81 17 32 33 39 45 77 36 23 3 12 49 75 30 57 51 63 80 54 48 43 73 61 62 35 10 27 5 37 38 60 18 71 67 25 
58 33 49 76 51 42 40 44 6 24 38 50 22 18 66 65 72 70 75 29 48 39 28 55 13 41 68 63 61 10 8 73 11 25 57 27 59 16 35 5 64 54 14 3 43 46 1 78 69 34 79 37 9 19 60 20 31 80 15 32 67 17 4 53 30 71 7 81 26 2 12 21 56 77 23 62 36 52 45 74 47 
35 63 32 67 59 21 43 39 4 77 12 80 33 19 25 49 46 14 15 10 37 5 54 50 53 62 61 60 34 3 7 23 78 36 70 24 31 22 11 42 27 47 71 30 29 73 2 48 57 75 65 56 74 28 66 40 26 38 52 6 18 41 64 1 45 17 58 9 13 55 8 69 72 68 51 79 76 44 81 20 16 
75 26 48 53 8 27 45 30 25 44 79 73 69 1 56 2 39 5 57 63 47 38 72 12 49 71 9 41 18 4 37 17 19 67 80 64 51 21 78 50 55 60 20 81 13 7 23 6 61 66 59 35 52 43 76 14 28 62 16 36 46 58 74 31 22 70 68 77 24 34 29 42 33 65 32 54 40 11 3 15 10 
49 25 70 60 72 74 3 31 40 10 7 23 34 53 45 1 24 77 8 54 32 17 4 63 2 6 5 65 51 20 13 19 81 61 11 15 28 27 44 48 79 29 9 35 50 30 68 33 64 41 26 69 78 56 36 22 57 73 38 14 39 42 47 55 16 59 76 67 80 71 43 62 37 66 52 12 75 46 18 58 21 
19 35 29 2 53 10 1 46 65 60 59 38 76 14 70 79 28 39 20 68 31 56 50 30 67 58 42 75 27 54 33 21 72 17 37 32 41 8 6 52 63 45 36 7 77 9 73 40 23 48 25 80 57 5 18 64 66 55 62 49 51 13 24 78 3 4 12 47 44 61 26 34 16 43 11 81 15 71 22 69 74 
67 34 43 14 11 47 58 7 41 69 13 49 8 17 9 51 44 81 79 36 29 52 71 38 28 74 48 64 2 62 63 18 57 56 50 76 46 53 39 26 54 78 61 25 55 16 75 65 31 22 12 4 21 10 59 15 27 30 37 23 72 19 32 5 68 45 1 66 42 33 73 70 40 6 80 60 35 24 20 77 3 
16 5 24 50 76 4 66 54 44 2 61 18 31 65 40 29 58 64 72 46 81 78 11 37 51 53 19 68 36 71 28 26 47 70 7 41 15 57 75 20 43 32 12 67 23 42 35 59 52 38 55 62 27 77 45 33 1 63 80 79 3 48 34 22 49 60 6 69 8 21 13 74 10 39 14 17 30 56 25 9 73 
62 69 73 39 32 71 30 68 33 5 26 78 46 37 20 15 80 63 49 70 55 34 45 57 1 44 41 35 59 67 60 9 42 22 8 43 19 3 10 13 24 4 64 11 21 81 72 14 66 36 17 6 61 18 75 16 40 31 76 28 12 74 25 52 29 2 77 54 58 56 79 23 51 50 65 7 27 47 38 48 53 
18 20 55 52 37 51 22 80 8 32 11 68 19 50 12 56 57 75 59 14 21 65 76 27 33 66 26 78 74 23 53 45 79 77 49 25 30 60 17 47 31 62 1 16 73 63 13 71 67 15 28 43 3 7 6 81 46 9 69 58 2 4 10 40 39 41 38 24 72 64 48 35 44 36 34 61 29 42 70 5 54 
79 9 59 12 17 75 48 45 56 42 6 41 25 4 3 66 36 55 69 62 73 47 61 64 15 77 13 44 40 16 5 46 38 34 29 52 81 33 22 80 65 68 70 74 2 19 37 32 49 58 24 8 1 39 43 7 11 60 35 54 20 71 21 27 31 30 14 18 50 10 51 53 23 28 67 72 26 76 78 63 57 
78 38 77 23 57 64 63 6 81 72 62 33 21 22 27 54 47 73 40 9 60 10 75 35 16 43 24 66 3 39 12 48 80 4 30 55 76 58 71 56 42 14 37 69 18 45 34 50 2 44 29 74 51 20 52 65 5 70 26 61 53 67 41 7 36 15 19 11 46 28 25 17 8 13 1 49 32 59 31 68 79 
42 21 26 13 15 28 36 27 61 43 48 67 35 16 52 30 74 71 18 39 23 25 22 7 80 3 12 24 73 6 14 31 69 1 10 58 49 51 40 38 66 59 72 34 5 76 54 70 60 11 46 47 53 79 29 78 8 56 50 44 17 68 77 63 37 81 32 20 9 75 57 65 64 4 19 55 62 41 2 33 45 
34 67 40 27 14 77 9 35 78 68 80 54 47 59 48 44 5 45 55 38 79 46 8 6 30 12 62 1 32 41 31 4 26 64 73 51 17 10 25 15 75 37 11 13 69 21 71 36 28 50 70 18 60 53 74 76 19 7 24 52 42 23 39 81 20 3 29 57 65 22 2 43 66 58 61 63 16 33 49 72 56 
24 46 6 62 7 52 59 8 2 27 72 55 3 77 41 17 81 12 36 18 58 51 73 68 19 33 75 54 22 42 29 65 10 28 53 60 16 70 14 31 71 56 35 32 61 80 69 30 5 39 37 49 4 15 40 50 21 48 66 38 25 11 20 67 64 9 26 13 74 78 63 1 79 44 76 45 43 57 23 47 34 
22 45 21 75 65 57 55 32 12 70 16 1 56 79 15 43 8 58 60 80 63 23 5 39 48 61 69 18 50 11 74 72 20 49 66 19 64 52 76 33 26 40 34 73 44 62 3 2 68 78 10 13 46 14 17 36 67 35 77 29 37 28 54 4 25 47 27 71 59 51 53 38 9 24 81 31 42 30 7 6 41 
53 17 71 29 20 80 25 51 30 28 73 32 65 10 18 37 62 38 45 21 49 50 9 13 22 57 3 14 79 59 52 78 12 81 47 34 54 66 58 43 77 74 7 24 67 31 44 64 41 55 23 75 33 35 5 27 63 26 72 46 16 56 15 39 61 76 42 60 19 8 70 6 2 40 36 68 1 48 69 4 11 
38 39 13 49 47 41 70 60 68 33 46 30 66 11 21 31 26 20 53 74 71 14 35 52 24 76 7 80 23 55 75 6 27 43 45 2 50 63 19 81 62 9 48 4 72 34 22 54 56 61 51 42 29 59 73 79 10 58 1 57 69 78 3 32 40 28 17 16 36 12 44 15 18 8 5 77 25 67 64 65 37 
33 16 50 42 54 79 4 1 73 25 69 19 64 23 63 57 35 76 2 43 26 29 56 34 10 67 44 3 58 21 62 13 15 38 40 61 12 49 30 18 36 22 5 60 45 6 7 8 74 77 72 65 81 17 31 80 68 47 9 41 14 32 59 48 66 52 11 46 75 37 55 24 28 53 78 71 70 27 39 51 20 
26 81 66 5 58 69 31 48 74 78 71 2 53 61 14 7 49 51 64 4 54 70 1 42 59 20 37 67 16 76 68 36 35 44 33 46 3 47 28 57 21 38 8 55 39 52 40 43 24 9 27 63 11 25 65 12 13 6 30 62 45 18 75 34 41 50 56 79 77 80 23 72 15 22 60 29 73 19 32 10 17 
64 44 61 15 3 43 56 37 23 36 40 13 67 9 34 42 22 52 41 28 72 81 17 11 31 65 66 69 57 25 77 39 70 63 24 71 78 79 68 46 29 1 6 27 59 20 38 47 76 19 16 48 26 32 49 8 51 2 55 33 4 60 53 45 62 7 10 5 73 18 58 30 14 75 54 74 80 12 21 50 35 
10 72 76 28 36 11 19 18 63 6 24 75 39 60 29 74 4 50 16 78 25 27 47 32 40 15 77 5 8 37 48 56 7 30 17 9 53 65 51 2 80 20 23 42 41 66 67 12 58 45 1 73 79 57 71 44 64 81 61 43 34 22 70 69 21 68 33 14 35 49 31 54 26 3 62 52 13 38 46 55 59 
66 3 57 81 5 39 69 61 71 74 31 22 45 6 54 67 63 11 62 30 18 73 59 77 60 37 36 15 10 38 2 25 32 41 27 56 13 75 46 51 12 80 29 68 28 17 47 1 43 4 64 40 8 23 34 26 79 72 78 20 58 44 65 21 14 42 48 70 76 35 7 19 55 33 50 53 24 16 9 52 49 
77 19 75 58 16 65 10 70 55 9 49 46 60 35 72 64 37 78 38 25 41 24 40 26 34 13 53 28 52 66 11 47 74 62 1 45 39 2 21 23 7 50 69 76 81 33 79 20 27 12 61 29 5 63 4 67 73 36 32 59 56 31 71 17 18 54 8 30 6 44 15 51 3 14 57 42 48 68 80 22 43 
23 41 33 51 21 24 15 9 28 29 17 56 58 43 47 50 30 18 68 12 75 32 10 76 55 52 4 19 14 7 35 59 37 42 71 26 44 20 38 16 22 67 66 65 57 3 6 73 39 2 77 60 31 49 53 5 48 45 46 1 40 63 80 25 74 69 78 36 11 13 72 61 62 81 64 27 54 34 79 70 8 
27 11 37 32 26 48 78 47 54 19 3 14 52 69 10 4 51 28 71 1 64 43 79 72 23 7 63 55 65 33 61 58 76 60 22 70 56 15 8 45 49 77 18 36 35 57 62 80 38 13 9 81 34 24 68 25 74 17 42 21 30 75 6 2 12 46 40 53 16 39 50 29 20 31 41 59 66 5 44 73 67 
76 43 8 64 60 17 52 42 79 73 75 16 13 38 53 12 66 57 70 19 67 2 29 65 20 5 78 39 80 36 40 51 63 6 34 23 10 4 54 59 37 41 33 47 25 69 55 74 71 30 48 32 50 44 14 18 7 22 81 15 24 3 9 26 58 49 62 68 1 31 27 56 61 46 35 11 21 72 77 45 28 
63 59 20 30 18 49 2 40 31 79 55 61 62 8 32 68 1 7 28 44 45 66 27 47 54 46 16 4 64 13 73 69 50 29 48 53 14 19 26 11 5 3 42 58 70 25 65 21 75 67 22 10 36 72 33 77 41 12 57 39 35 43 76 37 9 24 52 23 34 81 71 80 78 74 17 15 56 60 51 38 6 
50 22 80 56 34 1 73 53 67 65 2 81 27 5 71 77 25 36 51 49 42 48 15 31 11 21 8 72 20 78 57 79 68 75 46 44 74 61 24 60 6 17 62 63 9 59 58 35 14 18 19 52 37 45 55 54 70 29 13 64 28 16 38 10 33 43 41 3 4 32 47 66 30 7 26 76 12 69 40 23 39 
14 29 4 74 6 62 13 36 72 20 15 42 26 33 44 23 70 24 35 57 39 61 81 17 69 80 22 49 12 30 3 77 54 21 9 67 48 64 43 34 53 31 73 40 32 41 46 16 7 56 11 78 76 68 47 66 50 8 19 37 27 52 51 38 65 5 55 28 60 59 45 79 25 63 71 75 10 58 1 2 18 
46 68 44 35 45 12 7 25 38 40 39 34 80 48 76 59 41 21 9 50 3 6 58 74 14 56 33 31 43 17 81 8 16 24 18 5 71 55 27 1 30 52 79 72 78 70 42 15 53 26 54 28 66 51 11 62 61 23 49 69 60 10 2 57 75 22 20 63 64 67 77 73 47 29 13 19 37 4 36 32 65 
44 6 51 17 12 55 5 22 80 63 67 77 10 36 37 39 16 26 30 27 50 75 65 66 7 34 70 62 78 18 47 15 60 76 14 31 68 81 13 49 32 79 58 45 38 35 9 52 48 74 56 19 71 4 21 69 59 46 53 2 73 20 42 72 57 8 3 41 29 43 54 40 1 23 33 25 28 64 61 11 24 
61 10 81 71 66 59 35 56 1 46 8 11 74 55 28 72 19 22 47 48 43 58 77 62 38 17 52 25 67 40 44 12 23 32 68 57 24 6 69 37 9 70 41 53 14 18 30 26 65 73 42 5 2 33 54 63 45 13 4 7 29 64 49 36 78 16 34 51 15 60 80 27 21 79 31 39 3 20 50 75 76 
21 15 36 68 25 18 27 67 26 64 9 44 17 57 65 3 59 56 29 53 61 16 32 81 45 24 40 30 35 2 19 74 5 58 39 54 43 72 31 73 11 33 77 78 52 50 80 66 79 7 20 55 14 47 22 10 76 37 28 60 48 6 23 46 4 13 69 38 49 1 42 75 70 71 12 34 41 63 62 8 51 
54 23 64 41 9 53 38 76 50 7 29 66 68 47 2 21 69 60 4 31 8 33 63 78 42 14 10 46 37 77 1 11 71 80 43 79 20 28 55 22 44 15 59 18 36 13 17 75 72 16 34 61 45 58 51 30 25 74 3 12 5 70 26 73 48 62 35 52 56 24 19 39 81 67 40 57 6 49 65 27 32 
31 79 34 72 62 8 37 3 47 14 52 70 12 45 38 80 76 13 5 15 36 18 51 73 74 11 57 6 69 75 64 24 53 33 16 20 61 23 29 63 4 46 50 17 1 40 32 60 78 49 68 21 39 22 67 35 71 43 41 27 81 77 44 59 26 65 2 25 30 9 10 28 58 54 56 48 7 55 19 66 42 
4 75 58 78 70 13 49 73 7 51 27 43 1 20 33 62 79 42 25 71 28 44 19 23 26 39 46 48 41 81 72 61 52 50 36 65 21 12 60 54 35 76 80 56 10 8 31 37 29 24 3 57 6 64 9 34 55 16 14 17 11 38 40 47 67 32 18 22 66 45 74 63 69 15 59 30 2 77 5 53 68 
32 52 60 77 40 29 65 63 69 48 18 15 71 25 30 78 75 31 80 6 35 59 21 67 79 49 54 26 56 28 22 70 73 13 3 42 34 39 47 7 19 16 51 2 64 1 27 53 12 46 43 23 41 11 57 72 24 50 58 8 66 62 33 68 81 61 44 76 14 20 5 55 74 38 10 37 4 45 17 36 9 
74 48 46 43 19 33 11 28 39 41 4 6 24 49 73 5 54 53 13 2 56 69 37 20 9 22 60 17 45 27 21 63 34 51 55 38 40 71 57 8 3 42 30 66 65 36 59 10 70 62 76 67 25 81 1 75 47 78 68 18 32 15 61 50 23 12 79 58 31 77 64 7 52 35 16 80 44 29 72 14 26 
57 42 14 20 30 45 16 2 24 50 81 40 61 34 35 58 23 32 12 76 68 72 3 1 41 55 64 10 66 8 4 49 29 9 59 7 26 67 5 75 74 27 25 62 48 44 51 28 77 54 63 15 69 38 19 52 36 39 65 80 31 79 56 70 71 37 53 33 21 17 6 11 46 47 22 43 18 73 60 78 13 
13 30 56 33 61 63 77 38 14 17 32 39 15 41 36 18 9 6 1 51 76 19 52 29 62 75 47 22 7 64 23 66 65 8 69 21 70 5 50 35 81 58 31 54 27 10 12 55 40 37 57 53 73 60 79 46 42 20 59 45 74 24 78 44 28 72 4 48 67 3 68 49 71 34 43 26 11 2 16 25 80 
28 58 27 26 50 67 20 34 49 53 23 8 29 64 4 35 38 80 56 60 22 77 31 5 81 70 17 42 11 9 25 16 2 74 62 13 45 78 59 61 68 18 75 10 63 14 24 44 3 72 71 30 43 48 37 21 6 57 54 51 36 12 19 33 69 1 46 39 41 79 52 32 7 76 73 65 55 66 47 40 15 
65 70 53 6 68 76 32 41 15 54 20 69 57 46 24 25 7 74 14 72 34 63 55 21 73 10 43 40 33 5 39 27 18 3 12 37 36 29 16 64 67 48 52 77 60 2 26 23 35 1 62 38 47 66 44 28 4 61 22 71 9 49 81 58 19 80 31 8 78 30 11 45 13 17 42 56 59 51 75 79 50 
11 1 78 57 39 25 64 75 45 59 77 27 72 73 13 33 34 65 3 32 24 7 23 36 71 79 35 38 26 80 10 50 43 19 51 17 9 30 56 4 41 55 44 49 15 54 29 67 21 5 58 46 28 42 16 2 52 76 8 40 63 66 60 14 70 18 74 12 37 47 61 20 6 48 69 22 53 62 68 81 31 
51 54 3 47 35 2 8 23 16 66 1 63 78 40 43 71 42 10 58 11 13 37 12 44 6 45 28 76 70 14 55 20 61 31 81 73 69 46 79 24 34 19 17 38 62 56 74 4 25 65 18 68 22 80 48 41 39 77 7 67 15 5 27 29 53 36 75 59 57 26 9 50 60 30 49 33 72 32 52 21 64 
59 18 5 40 55 72 17 62 46 11 68 60 44 70 22 14 56 47 66 67 74 15 26 25 61 9 2 77 49 48 34 52 75 57 28 4 32 13 42 3 33 12 39 37 71 64 36 41 20 51 69 79 16 50 10 31 80 65 73 53 1 30 58 35 7 23 21 43 27 6 81 76 45 78 29 24 63 8 54 19 38 
36 74 10 9 81 73 12 79 37 76 19 52 5 62 55 61 3 30 78 64 80 20 46 48 8 4 65 45 71 60 41 54 56 35 6 1 47 26 66 14 51 53 21 43 22 75 33 49 17 27 31 7 59 34 32 68 72 18 11 25 50 29 69 13 38 63 15 42 2 40 24 16 67 57 77 28 23 70 58 39 44 
29 80 69 22 4 66 42 19 43 37 50 58 49 21 31 28 12 48 33 59 38 57 16 53 18 68 27 79 47 24 67 44 46 78 15 30 11 1 7 25 20 72 2 6 40 32 52 63 8 81 45 39 70 76 13 17 56 75 23 35 62 26 55 71 60 73 54 64 51 65 34 77 41 9 3 5 74 10 14 61 36 
7 71 52 24 31 44 60 21 48 81 45 79 75 51 16 26 67 2 54 42 69 40 49 41 39 30 50 53 63 29 32 68 36 72 58 59 57 76 80 74 73 23 65 28 8 61 11 77 19 6 78 9 15 13 3 38 34 14 64 70 33 47 43 56 55 10 66 62 22 5 17 25 35 20 18 4 46 1 37 12 27 
9 8 7 10 69 50 57 5 17 67 47 74 18 29 81 52 11 33 23 73 46 12 43 22 58 48 6 37 1 65 78 32 4 16 42 39 60 44 2 21 13 34 27 71 20 53 45 38 55 35 30 36 63 61 72 70 75 3 25 19 64 80 31 79 51 56 24 15 68 66 49 26 77 41 28 40 14 54 76 59 62 
47 40 30 3 33 20 68 71 51 21 43 26 79 76 19 8 32 41 50 16 2 31 70 56 36 29 74 13 81 15 69 60 62 66 52 10 72 35 37 58 38 39 45 1 6 23 5 7 59 42 73 17 49 9 78 57 53 28 27 65 44 55 12 11 63 77 80 34 54 14 4 64 24 25 75 46 67 22 48 18 61 
52 2 74 46 24 23 53 14 22 49 57 71 37 13 80 20 77 72 17 75 19 28 39 51 5 27 55 70 31 43 6 7 48 59 56 47 67 42 9 78 15 64 4 41 12 58 66 34 44 10 32 25 54 21 8 1 18 40 29 16 79 45 62 30 73 33 61 65 81 76 36 60 68 11 38 3 50 35 63 26 69 
70 37 18 54 13 26 21 77 19 45 28 12 55 44 42 10 50 27 63 35 33 41 7 61 4 32 15 74 25 72 38 5 49 73 23 8 75 68 52 36 17 66 47 80 46 71 57 69 62 79 81 64 56 2 30 11 20 67 51 24 6 76 14 16 59 58 22 31 40 29 3 48 65 60 9 78 34 39 53 43 1 
60 55 12 73 43 31 62 72 32 56 30 65 7 58 75 40 15 3 67 79 59 45 38 69 78 54 34 29 44 26 51 64 77 27 35 18 63 50 70 19 14 24 81 48 11 28 4 76 6 8 47 22 20 52 61 39 2 33 74 68 41 9 46 42 1 57 25 17 71 53 21 13 5 16 66 36 49 80 10 37 23 
56 49 65 80 27 61 67 81 66 62 54 25 23 63 17 22 78 16 44 37 9 71 24 10 52 8 30 57 53 45 50 28 21 68 41 33 29 59 73 77 76 51 40 26 79 39 48 3 1 14 74 11 19 46 35 60 15 69 43 4 7 34 36 12 2 20 47 75 38 70 18 5 42 32 72 58 31 6 13 64 55 
6 64 35 36 1 38 44 16 42 39 34 48 70 2 5 69 14 66 21 13 57 62 25 60 68 81 49 11 75 12 24 76 17 46 19 3 33 56 23 30 8 65 22 61 53 51 41 31 18 40 67 77 80 78 26 59 58 54 63 47 52 50 37 74 43 55 72 10 28 7 32 9 29 27 45 73 20 79 15 71 4 
45 28 25 59 75 58 39 15 76 1 51 4 36 31 64 73 68 35 11 40 77 53 20 18 65 72 80 34 9 79 30 2 14 54 61 63 55 43 3 62 69 10 57 5 16 26 70 29 33 60 13 27 24 37 38 48 32 66 71 42 49 81 22 19 46 78 50 6 23 41 67 8 17 52 74 44 47 21 12 56 7 
48 78 63 11 79 34 41 4 29 38 60 59 6 24 61 46 53 9 42 47 14 64 66 3 76 26 1 36 55 58 71 80 22 20 67 40 7 25 49 32 18 28 74 31 54 72 50 68 16 43 15 12 65 75 56 23 77 10 21 5 13 73 17 62 52 35 45 27 39 69 37 44 19 51 2 8 33 81 57 30 70 
################proper############## 

 average_time = 48.552405 

 success runs = 1 

 total average iters = 700949.000000 
