Success!!! 
 
 max_col = 
 81 
 
 run_time = 
 54.650305 
 
 once iters = 
 800162 
 
24 31 75 7 73 10 13 30 60 17 41 26 63 34 52 37 28 53 1 9 61 23 11 59 38 36 39 55 40 25 43 46 79 70 80 20 65 49 5 67 19 2 76 45 44 16 57 74 54 47 62 56 32 69 66 33 78 12 27 72 50 21 48 64 22 42 77 29 51 6 3 68 35 18 4 81 14 15 58 71 8 
78 67 70 14 9 72 77 55 45 35 20 38 48 60 15 69 4 62 63 8 68 41 50 40 25 30 7 81 73 71 19 18 59 36 74 1 57 31 80 12 21 61 43 13 75 42 76 51 3 58 28 33 29 66 16 26 10 6 52 54 23 22 39 44 5 56 79 24 53 2 34 32 11 49 27 65 47 46 64 37 17 
2 11 32 27 76 1 4 79 16 75 31 40 33 51 13 73 55 47 78 15 19 74 29 21 42 6 60 3 5 50 28 49 24 61 54 53 52 41 17 63 36 39 8 62 48 46 23 43 64 37 45 26 71 80 69 25 34 81 65 77 57 67 68 7 12 35 20 18 38 58 70 14 59 66 56 9 30 22 44 10 72 
12 49 25 68 37 15 51 3 39 78 59 29 50 16 32 22 2 61 76 56 45 48 28 57 27 26 47 14 63 77 33 23 72 10 21 52 46 35 4 81 24 71 53 64 42 79 73 34 30 41 17 31 44 67 58 18 20 11 55 70 8 62 19 65 66 40 75 54 9 1 80 43 5 69 7 74 13 38 6 36 60 
19 54 48 66 53 41 47 57 62 30 25 56 42 23 6 46 80 58 70 44 73 43 81 49 3 77 4 64 78 2 45 75 9 68 17 31 72 74 28 51 33 59 15 69 10 55 65 20 60 18 11 14 22 7 40 5 24 35 13 29 36 38 76 71 16 21 67 26 8 61 27 37 12 1 32 34 52 39 50 79 63 
50 20 29 33 44 65 17 61 56 49 76 18 64 10 43 39 12 74 54 24 5 22 71 72 46 53 66 62 4 8 57 7 35 38 34 11 55 27 26 79 1 6 23 37 58 19 52 70 77 2 25 13 59 21 42 9 60 28 14 47 73 32 80 48 69 81 78 45 15 36 30 63 16 40 31 75 51 3 68 41 67 
63 80 34 28 8 18 58 52 36 71 5 77 9 54 7 1 68 21 65 35 69 79 17 13 10 33 14 22 26 41 29 27 44 30 76 67 73 66 56 60 38 32 20 16 47 75 81 6 53 12 40 61 15 50 64 59 4 43 37 31 45 51 3 72 11 57 19 49 74 23 46 39 48 70 62 78 42 24 55 25 2 
23 64 26 21 42 81 71 40 59 24 14 65 27 57 70 8 44 72 75 55 80 20 16 58 67 31 12 51 69 6 32 13 60 66 37 15 68 34 11 22 9 18 77 78 3 49 39 5 36 35 63 4 48 38 74 30 7 79 1 46 2 56 61 41 10 52 62 47 25 50 17 73 33 28 76 53 54 45 29 43 19 
5 46 43 69 6 22 38 74 35 36 81 11 19 66 3 79 67 45 51 34 18 32 62 37 2 52 64 39 48 12 65 58 42 47 16 56 14 50 25 70 7 30 29 54 40 8 68 72 9 27 24 78 10 1 75 71 15 41 17 53 63 44 49 59 31 76 33 4 60 55 13 28 21 73 80 23 57 77 20 61 26 
44 16 31 19 30 39 8 25 29 73 63 17 72 27 67 65 53 6 13 38 43 75 41 33 26 28 5 15 71 64 77 76 22 80 42 79 56 1 68 20 69 52 35 48 21 66 14 49 62 60 23 50 47 40 11 70 32 7 36 24 61 74 18 51 55 34 46 78 2 9 81 45 10 54 58 12 59 4 37 57 3 
60 55 57 49 5 75 56 42 40 70 38 30 24 64 34 43 74 44 9 20 48 12 46 68 76 16 22 29 2 59 4 69 50 58 10 6 13 33 19 62 17 66 31 11 71 65 45 7 35 36 78 41 37 61 77 81 3 23 15 8 51 26 53 18 27 79 63 14 67 47 54 1 80 39 21 73 25 52 72 32 28 
61 79 66 37 51 23 36 76 22 13 11 4 58 46 59 19 49 8 71 7 27 57 14 77 18 65 54 26 17 52 31 41 75 1 5 38 70 47 24 29 28 60 25 53 30 63 43 2 55 10 33 32 3 44 62 80 6 20 78 56 67 34 35 39 40 15 16 42 12 73 21 72 9 68 74 64 50 69 81 48 45 
59 9 13 77 48 33 74 69 2 56 66 21 78 37 14 45 3 26 4 32 47 64 1 34 24 72 19 53 27 62 40 57 12 67 61 70 51 38 44 10 80 58 50 36 7 6 18 71 73 81 31 39 68 42 30 28 52 22 54 25 16 55 60 76 17 23 11 20 29 8 43 5 63 35 15 46 49 79 65 75 41 
68 43 27 41 81 3 50 15 80 7 2 35 52 61 20 29 18 54 8 60 56 36 45 62 31 78 58 23 44 28 14 24 73 21 55 51 77 59 67 75 74 65 37 46 6 1 48 16 12 25 9 17 79 72 39 19 47 71 38 57 76 63 33 32 53 64 49 30 69 4 66 10 22 13 34 40 5 26 11 42 70 
17 1 38 63 45 64 6 47 34 69 12 79 5 77 48 28 60 55 73 74 30 67 80 50 44 29 15 32 18 65 25 16 7 11 13 33 49 39 76 9 4 72 22 81 61 54 21 8 26 70 56 51 46 57 27 42 2 75 40 59 41 10 14 58 37 3 35 52 68 19 62 71 23 43 53 31 24 36 66 20 78 
10 24 18 26 14 52 32 28 12 25 51 36 80 47 71 33 16 41 53 39 23 11 55 17 35 42 59 66 68 48 49 20 63 72 81 74 40 64 79 78 54 73 3 34 8 27 29 38 67 69 58 15 5 30 45 43 37 31 50 9 4 46 21 60 77 70 13 75 7 57 22 65 61 62 2 44 6 19 56 76 1 
73 53 71 72 62 78 11 70 20 68 32 57 40 39 1 76 81 75 10 79 25 61 63 51 37 49 21 46 3 34 47 30 36 9 35 54 16 55 43 23 14 15 45 42 2 74 19 28 4 24 80 22 52 77 13 29 58 65 12 69 64 66 5 56 48 44 50 41 6 31 26 59 38 67 17 7 27 8 18 60 33 
58 21 65 67 4 7 35 54 46 9 15 10 31 50 23 62 42 22 40 2 70 81 3 66 52 69 6 19 45 43 56 60 8 39 78 37 5 63 18 26 41 27 12 57 32 76 75 13 20 59 64 11 53 34 49 68 1 48 72 17 44 73 79 74 80 24 28 36 61 38 25 33 30 47 55 16 71 29 14 77 51 
41 62 39 20 71 24 72 78 19 81 29 75 44 56 45 10 23 79 58 42 28 7 31 64 57 11 33 65 1 63 21 37 32 60 3 12 67 48 54 4 51 80 17 47 13 69 15 68 61 30 59 70 40 8 46 35 27 74 49 38 34 6 26 5 43 22 14 50 18 53 76 2 36 55 73 52 77 25 9 16 66 
1 18 42 4 29 11 28 53 15 63 46 51 2 58 61 13 36 64 5 22 78 45 68 80 54 81 16 50 10 23 41 40 43 76 77 24 19 65 73 27 35 25 79 30 38 21 44 66 33 67 20 48 57 9 60 3 55 62 31 32 12 69 72 70 59 47 39 34 71 52 37 26 7 17 8 14 75 6 49 56 74 
22 52 67 35 40 44 69 51 74 60 28 50 7 73 66 17 30 4 21 71 14 9 25 39 19 34 48 54 8 79 81 62 64 6 2 36 1 68 49 58 20 46 16 77 33 31 5 53 72 3 18 42 43 55 70 47 57 63 76 41 59 11 15 75 38 80 10 13 24 45 56 61 37 32 26 27 78 65 12 29 23 
14 36 33 5 34 6 7 12 57 40 72 43 41 76 68 80 39 18 15 51 29 55 47 60 4 38 75 58 59 46 26 74 45 27 71 17 9 3 61 44 63 53 69 32 70 50 11 23 49 56 1 81 65 52 2 8 67 77 48 21 37 78 16 66 62 28 25 64 73 30 19 31 42 24 20 35 79 10 13 54 22 
13 70 80 38 26 37 48 64 79 32 57 25 54 8 65 77 14 9 61 76 62 35 56 46 36 17 44 52 49 69 15 33 11 28 53 72 66 22 12 41 23 34 39 59 18 45 74 58 7 51 47 71 16 73 43 24 42 29 75 50 10 1 20 55 78 6 3 81 27 63 60 21 67 5 40 68 19 2 31 30 4 
27 68 21 58 43 47 76 49 17 22 55 59 70 42 69 53 26 78 74 37 66 77 32 3 30 12 65 44 16 35 67 56 31 19 48 75 45 62 14 15 10 40 71 5 50 24 63 54 6 64 36 60 80 2 28 4 18 73 25 7 13 52 51 20 8 11 41 72 79 29 23 9 46 61 39 38 34 81 1 33 57 
9 25 3 2 50 66 30 8 54 48 6 15 74 49 5 35 34 27 43 72 10 59 73 1 23 63 18 47 29 42 61 78 20 51 38 57 7 52 37 24 26 55 11 56 31 13 22 32 79 75 4 76 39 41 65 40 64 14 33 19 53 45 81 46 36 67 68 12 58 17 77 16 44 21 60 69 70 28 62 80 71 
45 73 63 81 46 77 23 31 10 20 71 37 12 62 11 16 21 33 67 52 49 27 13 41 53 70 24 18 14 30 80 55 66 4 68 39 75 8 74 57 60 64 2 6 72 38 78 29 28 19 26 25 34 17 9 36 22 58 61 5 79 54 56 35 7 69 65 32 44 42 1 40 3 76 43 47 15 50 59 51 48 
75 32 16 59 65 55 60 56 61 47 67 1 38 19 24 3 31 52 50 40 79 26 2 20 6 8 69 70 13 9 7 22 25 34 73 5 78 36 21 42 76 28 81 29 43 14 77 27 37 46 12 10 62 35 71 23 17 39 80 66 68 30 44 4 33 74 54 57 48 15 49 51 53 64 45 72 18 63 41 11 58 
62 14 5 47 19 70 16 65 27 45 1 78 56 12 44 55 48 17 60 63 67 15 33 79 11 59 29 31 32 40 10 53 3 24 57 23 61 72 46 76 81 20 58 73 69 52 38 64 75 49 35 7 26 54 68 41 43 50 71 22 6 2 30 42 25 18 9 21 34 80 8 4 66 77 37 39 36 51 74 28 13 
32 39 76 45 64 57 44 75 55 51 61 2 34 4 42 47 33 40 80 28 6 50 65 5 72 23 74 36 21 68 27 19 70 63 15 30 54 29 8 11 37 56 49 41 16 48 24 78 66 9 73 77 25 59 53 1 69 18 3 58 7 17 46 22 13 31 43 60 26 10 79 38 62 81 71 20 35 67 52 14 12 
33 13 37 78 77 51 26 29 31 57 58 72 22 36 30 68 20 10 19 61 71 39 40 43 49 47 70 1 64 7 59 66 81 65 50 62 80 24 55 35 52 48 21 79 9 44 17 41 15 14 27 74 2 3 32 34 76 45 16 28 25 60 42 53 63 75 12 23 56 67 6 69 18 4 54 8 46 11 73 5 38 
66 74 7 24 68 63 80 11 30 31 35 5 69 9 38 25 50 3 26 48 55 16 53 52 20 41 76 45 37 14 34 72 49 46 60 43 12 77 6 28 2 47 64 40 17 18 42 39 65 13 8 29 81 62 15 44 61 36 67 73 19 4 23 1 51 78 58 71 59 32 33 54 79 27 57 22 56 75 10 70 21 
81 10 53 8 2 73 21 18 48 27 43 66 76 7 37 6 11 70 46 12 75 4 51 22 56 45 57 20 54 61 42 52 17 41 58 69 71 25 36 13 31 68 74 23 26 33 80 67 1 72 34 55 28 5 79 63 14 38 77 49 62 64 59 24 47 29 44 19 50 16 39 35 65 15 30 60 9 78 3 40 32 
20 61 9 34 79 28 59 4 43 62 74 23 8 41 39 60 32 29 81 36 7 69 35 54 58 1 25 77 6 44 38 71 18 26 47 73 10 70 65 14 45 78 33 66 67 22 16 12 51 50 21 30 31 53 72 13 75 55 56 37 80 5 57 52 3 27 15 46 40 68 64 11 19 48 49 24 17 76 63 2 42 
15 41 72 50 22 42 12 35 71 59 54 52 75 13 16 63 19 46 30 14 17 24 27 44 73 3 10 78 51 39 2 29 67 5 56 76 38 18 62 32 57 7 60 1 53 37 79 36 40 23 61 43 4 47 21 31 11 26 66 74 9 70 8 77 28 48 45 65 81 49 55 20 58 6 69 80 68 33 25 34 64 
36 3 60 54 52 58 49 38 1 14 64 67 18 21 81 26 79 65 37 77 34 31 78 2 9 66 62 75 80 13 8 25 33 48 12 28 22 30 42 19 43 63 27 15 4 68 71 69 46 45 32 6 11 56 24 51 40 47 39 35 29 20 10 57 73 61 17 76 41 74 5 70 72 23 16 59 53 44 7 55 50 
67 6 56 25 17 40 46 23 69 15 73 49 77 80 53 24 71 28 32 21 8 18 38 42 64 13 68 9 79 55 74 4 16 35 11 22 50 75 3 34 39 5 51 44 59 57 60 10 76 20 19 58 70 63 52 48 12 78 81 33 54 65 27 36 14 62 72 66 37 7 2 30 26 29 41 43 45 1 61 31 47 
6 60 36 12 21 76 62 58 11 50 19 54 25 75 33 27 15 43 29 69 53 28 24 18 48 67 35 5 57 47 30 26 38 52 39 10 63 2 78 17 56 23 44 80 34 81 59 22 74 7 71 1 13 14 51 61 46 16 32 42 72 40 45 31 9 41 55 73 65 77 20 79 8 3 66 49 37 64 70 4 68 
77 29 68 43 74 59 24 34 44 61 53 14 26 40 60 67 73 11 36 23 32 3 5 15 1 76 50 16 70 37 66 8 21 62 51 46 25 42 22 30 71 81 13 27 57 39 12 65 2 33 41 38 17 19 35 58 9 80 64 48 69 79 78 63 18 4 6 28 49 54 47 75 52 56 10 55 72 31 45 7 20 
79 7 54 39 23 46 78 80 66 8 24 6 21 45 56 81 65 34 38 41 13 40 70 19 33 71 43 25 28 53 18 17 15 31 49 77 74 60 35 64 29 69 47 58 68 32 55 9 57 26 42 20 75 37 36 73 59 30 11 4 3 12 63 27 67 10 51 48 52 76 72 50 14 22 5 1 16 62 2 44 61 
56 57 20 65 70 2 10 48 64 28 52 58 37 44 17 74 62 59 22 49 12 63 54 11 7 27 80 43 76 32 50 67 29 55 23 81 4 21 40 18 16 33 41 75 19 3 72 35 45 31 6 73 36 78 38 77 26 5 68 34 39 14 13 69 42 8 1 25 46 66 61 53 47 79 51 71 60 9 30 24 15 
31 63 17 3 13 67 22 27 25 55 69 16 35 68 78 38 72 42 79 59 2 30 77 8 81 9 51 71 58 80 73 1 40 20 44 48 53 26 32 65 49 11 6 14 54 29 61 4 70 62 50 66 76 60 47 10 23 56 74 52 75 7 37 19 21 45 64 43 39 5 15 24 57 36 46 18 33 41 28 12 34 
40 72 1 61 38 35 18 45 50 79 48 13 71 5 77 4 10 39 14 25 58 47 44 78 74 60 56 2 24 22 36 54 65 42 63 3 43 12 9 46 70 37 52 51 28 80 69 30 8 16 68 53 27 64 20 66 31 15 21 55 81 49 41 17 57 33 7 11 23 34 32 62 6 75 19 29 76 73 67 26 59 
8 81 30 52 16 4 41 5 37 18 9 31 32 2 57 70 66 76 72 64 42 10 39 55 75 62 61 35 56 33 69 68 19 14 45 34 24 15 20 59 67 36 73 7 1 77 46 21 47 40 48 79 51 49 54 53 44 17 6 43 28 29 25 38 26 58 22 3 78 71 12 60 50 74 63 13 23 80 27 65 11 
28 15 51 42 47 14 75 73 33 41 22 63 29 30 80 49 7 20 6 17 65 46 66 31 68 21 26 4 61 27 79 9 74 12 64 78 76 10 50 72 3 45 55 39 62 11 34 18 43 52 5 23 56 24 57 60 19 2 70 1 71 8 67 37 35 13 59 44 16 81 40 36 69 53 25 58 48 54 32 38 77 
69 26 19 53 55 49 9 71 32 46 47 3 36 1 64 23 51 12 52 73 4 37 57 16 34 20 45 13 41 72 11 59 6 7 75 60 48 61 38 5 77 8 66 31 79 15 25 44 10 63 54 28 67 58 22 62 50 24 18 27 33 76 65 80 70 14 2 74 30 56 68 29 78 42 81 21 43 35 39 17 40 
65 35 15 32 36 8 67 62 78 39 80 46 55 70 40 58 25 5 45 6 20 17 22 76 63 48 38 74 81 1 12 31 52 18 30 21 60 57 51 16 27 9 10 49 64 41 2 19 34 73 44 3 14 29 59 54 53 42 7 23 11 61 77 43 72 66 47 68 28 69 4 13 71 37 24 33 26 56 75 50 79 
3 22 6 57 7 45 68 17 51 53 4 8 43 52 2 71 29 48 66 54 72 62 12 30 47 15 28 61 46 24 76 34 13 44 33 26 21 81 59 74 55 42 18 25 37 78 49 56 23 1 39 69 9 79 73 50 38 40 35 65 70 80 58 10 75 32 31 77 14 60 63 27 64 16 11 41 67 20 36 19 5 
49 76 81 40 20 12 33 72 42 54 78 24 6 79 74 31 61 73 44 29 59 70 8 69 60 37 9 28 62 75 63 5 14 71 19 35 2 56 34 53 58 26 38 52 23 64 32 50 25 17 30 67 7 27 4 21 41 51 45 15 1 43 47 11 46 65 57 55 36 18 16 3 77 80 48 66 10 13 22 68 39 
64 44 23 46 31 71 70 2 26 37 7 32 51 38 9 50 56 1 49 67 57 58 10 81 40 43 73 68 55 15 22 65 54 45 66 16 69 4 63 33 11 17 75 19 78 59 62 61 13 48 77 52 21 36 14 39 28 8 24 18 60 72 12 79 76 20 80 5 35 41 74 25 29 30 6 42 3 47 34 27 53 
29 28 41 75 10 38 55 60 47 42 17 62 15 72 63 44 77 68 16 46 33 80 19 26 14 79 3 11 25 20 51 50 27 8 36 4 32 40 48 6 73 22 5 24 65 35 58 37 71 76 70 12 74 45 67 56 81 69 30 64 66 13 31 34 39 7 23 53 1 78 59 49 2 57 9 54 61 43 21 18 52 
18 69 4 30 56 34 73 39 9 76 23 33 16 35 26 41 27 67 77 5 24 68 36 71 13 74 32 59 7 29 72 48 53 49 43 80 8 20 31 47 79 12 46 3 14 10 28 42 11 22 38 65 66 15 17 75 62 25 2 63 52 57 6 61 50 54 37 58 19 21 51 64 40 44 78 45 1 70 60 81 55 
25 37 61 11 58 19 63 50 5 65 21 34 30 20 49 66 22 57 64 75 1 52 7 56 41 51 23 10 60 73 17 3 78 77 69 47 36 67 39 71 62 13 80 43 45 72 6 33 31 53 46 40 54 18 26 27 74 68 29 79 48 16 55 2 81 9 8 38 70 44 24 42 32 14 28 76 4 12 15 59 35 
52 66 74 79 80 21 53 43 13 19 45 28 81 14 18 59 75 69 42 27 11 2 34 25 65 4 55 41 39 70 37 64 57 32 40 9 35 54 77 1 50 44 72 61 15 47 51 24 68 5 60 8 20 16 78 76 33 46 10 71 22 3 36 29 6 30 26 67 62 12 48 56 31 58 23 63 38 7 17 49 73 
48 77 14 16 54 27 1 59 24 64 10 12 60 3 36 11 47 13 35 18 39 21 61 53 78 50 31 56 42 58 6 38 23 79 67 2 41 7 70 68 30 29 28 76 66 43 4 26 63 57 75 80 55 81 34 49 5 37 44 20 32 19 9 33 15 71 73 40 45 22 52 17 74 8 65 25 62 72 51 46 69 
42 78 64 36 75 69 20 16 63 33 79 81 73 59 55 72 52 14 48 43 54 49 60 9 62 2 13 76 23 57 35 44 77 22 27 58 34 80 53 50 18 1 70 17 46 67 30 3 19 39 65 68 45 51 5 15 21 4 41 12 31 28 32 26 74 38 66 56 10 11 7 47 24 25 29 6 40 61 71 8 37 
7 48 49 55 57 25 5 6 53 4 34 22 61 26 76 32 63 77 41 80 36 44 79 14 12 35 67 33 47 45 60 21 56 29 70 65 20 37 58 73 68 74 40 28 51 9 10 75 59 66 16 72 8 13 19 52 30 64 23 39 78 71 54 62 2 1 24 15 3 27 18 46 43 50 38 11 31 17 42 69 81 
74 8 12 10 35 80 66 67 52 1 13 69 47 71 75 2 64 38 23 53 51 42 21 73 32 55 27 49 43 36 68 61 39 59 25 19 3 6 41 48 78 54 63 9 77 20 70 17 44 29 15 34 60 11 76 14 45 33 26 62 46 24 7 50 79 16 5 37 31 40 28 81 56 65 72 4 22 18 57 58 30 
70 58 24 73 39 61 29 81 23 21 49 45 10 48 41 51 9 80 11 1 31 8 26 65 50 25 20 17 53 16 54 15 28 3 7 14 42 44 60 55 32 62 19 33 12 36 27 76 38 78 22 18 69 4 37 74 56 13 43 6 47 35 40 68 30 72 34 59 57 64 71 52 75 63 77 79 2 66 5 67 46 
71 34 59 13 11 43 79 46 65 16 68 70 3 17 29 20 5 56 7 19 74 76 37 47 15 40 78 30 31 38 9 12 80 81 4 18 64 23 66 8 61 10 26 22 52 58 35 62 41 6 2 63 24 32 55 69 72 57 51 67 27 75 50 21 54 25 60 39 42 48 14 77 1 33 44 28 73 49 53 45 36 
38 4 77 62 18 26 31 14 41 74 39 27 28 78 54 40 46 7 59 68 63 6 72 61 17 57 30 37 67 66 24 10 1 64 8 71 11 69 15 21 65 49 36 35 25 56 47 73 81 79 53 5 50 43 48 2 16 44 42 3 58 9 29 12 45 19 32 51 76 33 75 22 55 60 52 70 20 34 23 13 80 
54 47 2 56 15 32 19 37 21 67 44 53 11 25 50 30 8 24 33 16 3 66 18 45 22 39 77 69 72 51 13 42 62 75 52 41 79 14 27 31 5 4 57 71 29 26 40 1 80 74 7 46 49 28 61 20 73 70 34 60 38 81 17 23 65 55 36 6 63 43 9 58 76 12 68 48 64 59 35 78 10 
51 30 40 44 27 50 3 33 72 58 36 60 23 65 12 18 37 31 28 70 64 5 75 38 29 56 46 63 34 11 78 6 48 73 26 32 59 76 45 7 47 43 24 2 81 25 54 52 42 61 55 57 77 71 8 79 80 66 22 10 49 68 1 67 4 17 53 35 13 20 69 41 15 19 14 62 39 21 16 74 9 
76 17 22 1 28 60 45 9 68 6 42 19 62 15 35 57 43 66 34 58 81 71 4 10 69 24 52 79 50 74 46 2 5 40 20 55 30 16 72 39 13 75 67 38 56 12 33 14 48 21 37 64 23 31 63 65 25 59 53 36 18 77 11 78 29 49 61 8 80 70 73 44 51 41 47 26 7 32 54 3 27 
26 56 10 6 60 79 14 41 49 52 3 71 20 32 28 64 45 51 55 78 77 65 30 4 39 46 42 12 75 17 16 47 37 50 9 29 33 43 1 25 66 31 54 63 22 5 7 81 27 11 67 24 38 68 23 57 36 76 73 61 21 18 70 8 44 2 74 80 72 35 58 48 34 59 13 15 69 40 19 53 62 
80 71 11 22 33 9 81 77 67 72 26 42 68 69 31 21 6 50 3 47 76 25 58 27 16 14 2 73 15 54 1 39 41 23 32 8 29 17 52 38 40 79 30 74 20 60 36 48 56 43 51 44 18 65 12 55 49 34 46 13 35 59 62 28 64 53 4 61 5 24 10 19 70 45 75 37 66 57 78 63 7 
46 19 47 51 3 53 40 20 70 34 60 73 49 63 10 14 76 25 12 66 21 56 69 32 61 64 81 67 38 18 62 77 55 78 79 7 58 5 13 2 15 35 4 50 24 71 1 57 17 80 29 37 6 39 31 11 48 27 28 44 30 41 43 45 68 59 52 9 75 26 42 23 54 72 33 36 74 16 8 22 65 
72 23 44 31 69 29 42 36 73 43 40 74 66 81 4 9 57 15 17 33 26 1 67 35 5 68 79 48 65 3 53 63 71 56 6 49 28 11 64 37 12 77 34 18 60 62 8 59 52 54 10 75 78 76 25 7 39 19 47 45 24 58 2 16 32 51 70 22 20 13 38 55 27 46 61 50 41 30 80 21 14 
34 45 8 15 32 16 57 1 28 38 56 7 65 29 46 61 13 2 31 62 9 72 52 36 70 73 37 24 35 10 5 80 26 69 59 44 47 51 71 3 48 19 42 68 55 30 53 25 58 4 49 21 12 74 33 22 63 54 20 14 40 50 75 6 41 43 27 17 66 79 78 67 60 11 64 77 81 23 76 39 18 
30 59 52 48 61 74 25 68 58 44 27 80 1 33 22 12 54 19 24 13 15 34 23 6 51 75 71 42 36 76 20 11 2 57 28 40 62 46 10 69 8 70 7 72 41 73 9 45 32 55 14 16 64 26 3 78 77 60 4 81 65 53 66 49 56 39 21 63 47 37 50 18 17 31 79 67 29 5 38 35 43 
43 27 50 18 24 5 64 66 75 77 62 55 17 67 47 36 78 16 20 11 60 53 59 48 28 19 40 21 33 4 58 51 34 74 14 13 6 45 81 61 44 76 9 65 39 23 31 63 22 15 79 35 41 70 1 72 8 32 69 80 56 37 38 3 71 46 30 7 54 25 29 57 73 10 42 2 12 68 26 52 49 
37 2 55 17 12 62 65 63 4 23 70 48 39 18 8 5 59 35 57 10 50 38 43 7 80 54 41 72 22 81 64 45 30 25 46 66 27 32 75 49 53 21 78 26 36 40 13 47 69 77 3 19 61 20 29 16 51 67 79 68 74 42 52 73 34 60 76 33 11 14 31 15 28 71 1 56 44 58 24 9 6 
21 38 35 76 78 54 39 13 7 11 37 41 79 53 58 75 24 30 18 45 22 29 74 63 8 44 49 27 19 60 52 70 68 43 31 61 23 73 57 56 59 16 14 67 80 28 66 46 50 34 72 2 42 33 6 17 71 10 9 26 5 15 64 40 1 36 81 69 77 62 65 12 4 20 3 51 32 55 48 47 25 
11 65 73 74 63 20 34 24 8 66 50 39 13 31 19 52 41 71 2 30 37 51 9 70 79 18 17 57 77 67 48 32 10 16 29 59 15 58 23 80 6 14 1 4 27 53 56 40 78 38 43 36 35 22 44 46 68 49 5 75 42 33 28 25 61 26 69 62 55 72 45 76 81 7 12 3 21 60 47 64 54 
55 42 58 23 25 56 61 10 14 2 65 47 45 6 27 7 70 37 39 3 40 54 76 67 21 5 72 80 74 78 44 35 46 33 1 63 18 13 29 77 64 51 62 8 11 4 20 31 24 68 69 59 73 12 41 38 66 52 60 30 26 36 71 81 19 50 48 79 32 75 57 34 49 9 22 17 28 53 43 15 16 
57 40 79 70 59 48 54 26 81 29 16 64 53 74 51 42 17 36 27 50 44 13 20 75 71 32 1 60 11 56 55 43 47 15 72 68 39 9 33 45 22 24 65 21 49 34 3 80 5 28 52 62 58 10 7 12 35 61 8 2 14 25 69 30 23 73 38 31 4 46 67 66 41 78 18 19 63 37 77 6 76 
16 75 28 80 49 17 37 21 38 12 8 9 57 22 72 34 35 60 62 4 46 19 15 23 43 7 11 40 20 5 71 81 51 53 18 50 31 78 47 52 42 67 32 10 63 2 64 77 14 65 66 27 30 25 56 45 79 3 59 76 55 48 73 54 24 68 29 70 33 39 41 6 13 26 36 61 58 74 69 1 44 
47 12 78 71 72 30 27 32 6 5 77 20 4 24 79 48 38 49 25 81 16 33 42 29 59 10 36 8 9 21 70 73 61 17 62 45 26 28 69 43 34 50 56 55 76 7 41 60 39 44 74 54 1 23 18 37 65 53 19 51 15 31 22 13 58 63 40 2 64 3 35 80 68 52 67 57 11 14 46 66 75 
35 51 69 9 41 31 15 22 3 10 18 76 67 55 73 78 1 23 47 65 52 60 48 74 66 61 34 6 12 26 75 36 58 37 24 64 81 53 2 40 25 57 68 20 5 70 50 79 21 71 13 45 19 46 80 32 54 72 63 11 17 27 4 14 49 77 56 16 43 28 44 7 39 38 59 30 8 42 33 62 29 
4 33 62 29 1 68 52 44 77 3 30 61 46 43 25 54 69 63 56 57 38 14 64 28 55 80 8 34 66 19 39 79 76 13 22 42 17 71 7 36 75 41 48 12 73 51 26 11 16 32 81 49 72 6 50 67 70 9 58 78 20 47 24 15 60 37 18 10 21 59 53 74 45 2 35 5 65 27 40 23 31 
39 50 46 64 66 13 43 19 76 80 33 44 14 11 21 56 58 81 68 26 35 78 49 12 45 22 53 7 30 31 3 28 69 2 41 25 37 79 16 54 72 38 59 60 74 61 67 15 18 42 57 47 63 75 10 6 29 1 62 40 77 23 34 9 52 5 71 27 17 65 36 8 20 51 70 32 55 48 4 73 24 
53 5 45 60 67 36 2 7 18 26 75 68 59 28 62 15 40 32 69 31 41 73 6 24 77 58 63 38 52 49 23 14 4 54 65 27 44 19 30 66 46 3 61 70 35 17 37 55 29 8 76 9 33 48 81 64 13 21 57 16 43 39 74 47 20 12 42 1 22 51 11 78 25 34 50 10 80 71 79 72 56 
################proper############## 

 average_time = 54.650305 

 success runs = 1 

 total average iters = 800162.000000 
