Success!!! 
 
 max_col = 
 81 
 
 run_time = 
 62.916826 
 
 once iters = 
 1000082 
 
74 16 24 2 7 34 25 18 75 53 51 4 13 37 10 56 30 54 8 78 73 42 49 65 32 46 55 63 1 76 15 71 72 26 45 22 43 67 33 62 14 59 68 70 31 3 44 58 57 41 81 40 5 11 36 27 28 50 39 52 12 48 17 47 21 38 9 69 35 77 80 61 19 6 66 60 29 23 20 79 64 
58 73 63 43 5 12 72 50 52 78 55 46 33 2 18 7 28 44 26 14 31 66 45 19 41 59 79 10 42 32 56 11 48 54 64 70 80 27 57 24 51 71 47 21 34 23 68 60 17 77 36 67 20 74 16 22 30 61 35 15 6 49 9 13 4 65 40 37 29 75 62 81 8 76 69 3 1 39 25 38 53 
51 64 11 66 13 19 80 32 44 68 36 57 42 14 5 59 31 47 43 52 71 22 72 30 37 76 28 46 40 61 69 24 29 60 38 3 4 77 78 53 35 6 81 10 50 49 75 9 27 15 70 8 54 18 74 25 45 21 55 2 23 20 62 79 58 39 63 7 16 1 34 26 67 12 73 56 41 33 17 48 65 
36 21 23 20 61 39 37 28 4 22 72 52 11 1 81 19 70 12 18 29 64 80 68 27 74 13 38 41 44 62 6 67 8 65 78 55 58 32 17 56 73 54 75 15 49 26 69 30 45 48 43 79 16 25 59 66 53 42 33 40 57 46 34 3 2 76 60 5 10 31 50 51 9 71 14 47 63 77 24 7 35 
42 49 10 67 30 17 65 29 79 62 9 8 77 26 25 41 3 50 60 2 16 33 15 70 7 20 23 58 36 51 74 39 12 35 81 57 40 5 48 66 52 19 28 72 22 1 31 80 37 24 71 47 55 53 38 76 69 14 73 63 78 18 75 56 6 45 64 43 46 68 32 54 59 11 27 4 34 61 44 21 13 
48 71 62 1 76 27 60 9 77 6 35 16 32 75 24 29 15 69 54 47 50 63 61 81 58 34 12 25 53 33 52 43 73 5 66 17 18 11 41 55 65 20 74 38 79 42 28 46 21 39 64 56 7 4 80 51 68 67 13 72 10 26 3 44 30 14 22 23 57 8 59 19 36 45 40 49 31 70 37 2 78 
70 31 6 38 26 8 56 55 45 48 67 60 74 71 63 65 40 17 9 75 62 21 11 24 35 10 39 13 59 80 4 28 77 79 27 50 69 2 46 3 7 30 25 16 23 29 33 78 76 14 34 61 51 73 58 32 81 37 1 44 64 19 47 52 66 49 53 41 12 36 20 18 5 43 54 57 72 22 68 15 42 
41 53 35 33 54 81 46 47 69 76 34 73 80 27 66 58 49 79 48 36 3 44 6 40 4 57 67 19 20 18 14 31 16 21 68 23 9 1 13 61 42 37 45 39 64 38 22 63 59 2 12 32 50 65 56 60 11 77 7 5 43 29 8 17 72 78 71 28 70 15 24 25 26 75 51 52 10 30 62 74 55 
14 59 22 78 15 68 40 57 3 39 23 21 20 61 45 38 43 64 56 53 51 5 77 17 25 1 69 2 49 37 34 30 9 7 47 75 60 8 29 26 44 76 12 36 63 6 19 66 52 72 35 62 13 10 31 4 24 41 70 79 65 71 54 73 55 33 67 42 11 27 74 48 80 16 46 81 50 18 28 32 58 
46 44 33 29 10 9 73 5 63 2 22 66 21 70 79 3 19 55 50 54 58 36 20 28 68 49 25 52 77 38 42 4 76 16 14 24 81 6 23 1 72 62 27 71 60 67 40 64 61 59 7 75 26 43 45 41 18 39 56 30 17 34 53 11 37 8 13 15 51 12 31 65 74 47 57 35 80 78 32 69 48 
27 67 77 30 55 61 17 51 47 41 33 18 25 9 72 6 58 49 4 32 40 8 64 69 11 42 15 56 79 5 35 68 31 20 54 26 75 21 14 76 53 78 34 59 13 63 45 65 16 66 60 23 70 37 12 48 10 57 2 43 81 1 44 7 62 80 28 71 74 3 39 73 38 19 36 29 24 50 46 52 22 
20 39 32 6 24 45 42 70 66 5 16 74 52 57 68 8 4 60 77 33 13 23 63 38 29 21 78 75 17 15 10 19 41 44 43 81 56 28 50 69 48 12 37 26 61 35 2 36 31 76 9 53 34 62 22 3 79 7 80 64 55 11 59 14 47 27 25 1 54 46 18 49 71 51 72 40 58 65 30 67 73 
64 78 53 69 65 52 74 76 81 20 62 36 15 40 12 61 42 14 37 72 22 75 80 56 26 7 57 60 58 71 45 66 67 32 28 21 46 49 2 11 55 31 38 30 39 18 48 3 29 51 44 1 19 77 47 13 16 63 24 33 25 8 73 70 35 9 43 50 34 17 79 10 54 68 4 41 23 6 5 59 27 
12 48 56 36 3 7 38 71 18 64 29 54 34 76 39 13 45 65 2 60 46 67 19 61 81 55 6 47 50 73 1 63 23 69 51 74 15 4 24 22 25 80 10 52 57 30 8 27 68 33 32 14 58 41 21 35 49 78 28 77 70 37 26 40 44 42 75 53 59 72 5 66 62 9 16 79 20 17 11 43 31 
13 40 43 25 75 79 23 16 49 26 1 28 81 38 78 24 7 59 12 5 41 53 27 14 3 66 31 39 72 9 36 80 61 37 70 8 51 73 32 58 54 18 64 67 35 47 71 20 22 50 57 17 11 42 65 68 62 29 60 46 52 74 76 69 19 6 21 55 30 63 48 4 45 2 10 33 77 34 15 56 44 
15 35 37 8 31 54 62 14 80 63 27 56 50 43 46 11 17 77 44 73 34 24 71 52 10 65 9 7 12 48 22 18 57 25 59 30 47 3 79 40 16 36 33 45 41 74 21 69 49 78 13 39 6 72 4 5 75 66 19 32 42 23 51 26 67 60 2 20 38 58 29 68 55 53 70 76 61 28 64 81 1 
21 4 34 57 68 59 1 11 72 30 71 44 67 48 23 69 80 75 47 74 35 45 51 39 62 43 17 53 78 40 2 64 49 33 3 65 66 19 20 70 8 63 9 5 29 10 73 15 24 79 28 55 56 46 54 6 27 58 14 36 38 50 31 16 22 77 81 32 76 61 41 52 25 42 26 13 12 60 18 37 7 
22 28 26 19 2 41 58 60 50 51 73 35 31 47 32 37 10 53 76 48 30 1 16 79 70 18 59 34 27 55 29 46 62 13 6 11 17 42 68 44 77 43 7 65 74 25 81 12 5 38 54 4 80 52 20 15 72 9 69 71 67 61 40 33 78 24 36 64 56 23 45 57 66 3 75 63 21 49 14 39 8 
72 45 8 44 34 4 21 62 36 59 54 10 69 67 64 55 12 81 58 49 42 79 75 6 28 50 5 70 48 26 41 77 60 53 15 46 37 63 71 57 43 47 66 31 11 39 56 23 3 32 38 25 78 68 61 73 7 2 74 22 18 33 80 65 14 51 29 19 9 35 13 16 1 30 52 17 27 24 40 76 20 
31 12 7 11 16 13 10 49 35 44 57 34 66 58 73 71 22 46 55 51 15 48 78 9 80 25 3 36 39 42 17 59 24 4 61 79 67 74 81 6 68 23 56 76 69 2 52 47 20 37 63 65 28 40 1 45 77 72 29 60 27 70 64 50 38 53 26 8 5 62 75 30 18 32 19 21 14 41 33 54 43 
26 57 46 56 79 55 63 1 30 50 32 48 75 51 41 45 2 37 17 66 14 47 22 20 23 4 70 72 62 11 18 73 74 52 76 67 77 39 35 5 29 25 16 9 33 13 12 8 10 34 49 60 21 19 15 53 65 24 54 59 40 58 36 61 69 31 68 27 43 64 3 44 42 80 81 6 78 7 38 71 28 
25 70 73 5 38 74 39 48 29 15 76 33 19 24 17 68 79 7 81 61 43 10 52 2 56 44 41 55 22 6 47 9 45 75 32 14 54 20 3 18 36 60 65 40 26 69 1 31 53 27 11 16 72 64 37 42 66 51 62 8 50 63 30 57 71 28 59 77 80 21 23 78 4 35 34 67 46 13 58 12 49 
40 47 18 76 20 60 51 23 42 28 13 30 43 35 52 74 11 8 24 39 32 59 36 68 63 45 77 54 69 50 80 65 56 81 1 7 61 75 12 78 64 27 4 73 53 22 70 79 6 44 33 71 67 29 26 46 14 38 21 9 19 5 10 2 48 34 49 58 41 55 25 17 57 66 62 72 37 16 3 31 15 
53 61 58 54 52 69 33 75 32 60 80 38 65 4 14 23 56 3 71 37 1 26 12 7 8 35 74 28 30 31 19 16 64 27 21 2 45 41 62 42 34 46 79 49 24 15 9 18 73 81 59 57 43 5 67 39 48 17 78 13 76 47 68 20 63 66 6 70 40 22 36 72 10 50 44 25 11 29 51 55 77 
24 80 14 9 50 71 3 37 43 27 25 63 6 16 20 36 53 5 38 18 21 19 34 72 65 54 60 33 66 12 68 10 40 29 44 78 8 13 28 48 59 58 55 51 30 41 42 35 77 17 76 7 62 61 52 69 57 11 31 4 79 32 49 74 15 1 39 46 81 45 67 56 22 70 2 23 64 75 73 26 47 
77 2 67 65 81 15 78 27 68 1 18 29 40 72 21 26 61 42 31 76 57 62 73 16 33 30 64 20 51 13 3 8 34 49 71 58 38 70 80 17 19 7 22 44 32 4 14 24 66 36 46 48 45 50 43 23 55 28 25 35 75 6 41 37 54 12 47 10 60 11 52 79 69 74 53 39 56 5 59 63 9 
59 22 19 28 64 6 66 17 41 77 70 47 39 62 49 31 78 9 67 11 29 27 69 13 53 40 46 57 35 23 37 5 63 38 25 43 50 10 52 72 21 1 15 14 2 75 26 55 54 80 74 51 30 58 44 71 12 34 16 3 20 56 81 76 33 32 18 73 42 24 4 7 48 8 61 45 65 36 60 68 79 
67 62 51 60 39 1 75 56 16 72 40 55 14 6 74 10 23 2 19 3 47 81 21 64 17 12 63 22 37 57 79 26 70 59 18 25 27 54 8 20 4 45 5 61 46 48 7 42 36 28 73 15 52 13 49 29 58 43 41 34 53 44 77 68 24 50 33 30 78 38 9 11 65 31 32 69 66 35 71 80 76 
45 25 69 12 18 24 27 72 2 65 77 68 3 13 4 67 29 31 34 20 9 50 57 53 79 56 26 1 5 36 75 51 42 64 62 71 73 55 44 52 49 39 11 33 78 70 63 19 41 8 10 22 40 23 66 38 35 48 61 80 16 17 6 60 28 74 54 21 7 32 76 37 81 14 58 30 43 15 47 46 59 
19 26 48 31 70 36 76 68 8 18 79 25 53 30 7 50 81 62 75 43 54 4 74 5 38 73 42 77 46 35 32 33 3 2 49 15 64 24 56 34 17 13 23 1 28 58 55 21 72 60 66 59 69 57 51 37 63 22 47 65 11 27 78 80 39 71 44 14 20 52 61 45 12 67 9 16 6 10 29 41 40 
71 65 20 55 4 35 41 78 10 80 66 42 63 39 19 16 52 56 36 68 23 7 25 67 69 33 32 27 14 60 11 61 28 30 58 45 6 43 26 77 81 53 31 37 70 51 17 74 79 47 24 54 76 38 9 18 46 3 40 75 13 15 2 29 64 48 12 59 49 34 57 5 50 62 1 44 73 21 22 8 72 
37 30 17 7 11 5 34 44 46 33 61 75 27 78 51 64 8 73 59 10 55 6 28 76 24 15 13 81 16 53 20 40 80 67 41 72 74 22 58 68 9 2 57 66 38 45 43 26 14 35 29 49 1 39 42 79 71 32 4 50 31 21 12 19 23 63 56 18 62 65 47 69 52 36 60 77 25 48 54 3 70 
57 81 54 21 33 58 15 43 14 24 12 32 17 20 70 22 76 34 41 71 11 37 39 45 66 29 80 31 4 8 50 55 13 47 19 56 62 59 51 60 63 65 3 75 48 77 67 25 46 16 2 44 9 78 30 74 52 1 36 10 28 69 5 72 73 35 27 40 53 26 42 6 7 23 49 61 38 68 79 64 18 
80 9 13 40 6 53 61 66 23 38 28 5 59 60 57 46 41 71 27 65 70 31 2 1 49 8 35 29 10 54 44 48 52 17 7 63 79 69 47 21 15 67 42 12 19 32 30 81 64 56 18 50 75 3 76 14 25 62 72 68 26 73 20 36 51 58 77 22 4 16 55 43 33 78 11 37 74 45 34 24 39 
52 29 49 63 28 73 47 3 74 54 11 45 35 44 36 21 9 26 14 16 77 58 40 46 60 22 48 69 23 78 66 38 43 6 65 68 32 30 76 80 18 50 71 41 72 37 20 61 62 12 5 33 53 34 39 67 56 8 64 24 7 59 70 81 25 13 10 17 1 79 15 31 27 57 42 55 51 2 4 19 75 
38 42 79 22 59 32 50 77 64 43 58 69 49 15 47 1 37 48 62 44 52 72 30 51 78 61 18 21 34 24 73 12 39 9 74 76 7 25 16 14 10 29 40 35 36 71 11 68 65 31 4 80 27 6 81 54 33 60 57 19 45 55 23 66 46 75 70 2 3 67 8 41 13 26 63 20 5 53 56 28 17 
6 54 9 59 27 10 13 35 25 46 81 14 28 56 60 20 26 72 39 67 63 49 31 80 1 38 58 3 7 19 53 57 18 66 23 4 34 78 30 41 11 61 21 74 15 44 62 5 40 75 65 52 37 71 48 2 76 68 12 47 69 16 45 64 77 55 51 24 79 43 33 50 29 17 8 22 32 73 42 70 36 
79 41 42 71 77 49 53 67 19 69 10 17 73 8 61 52 51 39 28 15 45 57 70 66 5 68 22 50 31 44 62 54 26 46 72 13 65 7 55 43 47 33 6 80 12 21 38 48 25 30 1 78 60 24 64 59 29 4 18 81 9 35 63 32 11 23 76 74 2 56 16 36 75 58 3 34 40 20 27 14 37 
66 18 12 48 78 56 45 69 31 32 49 27 71 22 58 70 62 76 16 79 7 65 47 59 9 17 30 43 2 75 60 81 55 36 63 39 5 40 77 37 67 14 13 29 73 61 23 10 11 46 53 42 68 26 33 34 19 80 20 41 74 24 52 1 8 25 57 3 6 44 72 38 51 15 28 64 35 54 21 4 50 
39 43 68 46 73 23 2 22 51 74 50 12 79 45 80 30 47 36 13 24 76 69 33 55 75 78 56 61 65 20 5 21 32 58 48 64 42 62 53 9 60 52 70 28 3 72 27 29 8 54 6 31 63 15 40 1 26 49 71 25 77 66 14 10 81 19 4 35 37 59 17 34 11 41 67 7 18 44 57 16 38 
32 50 81 16 36 37 52 64 1 13 5 31 57 65 6 42 67 41 20 35 44 12 10 11 77 26 2 38 29 14 40 74 30 68 33 80 19 51 18 71 56 79 49 22 59 76 34 4 43 69 17 3 73 47 70 58 15 23 46 53 8 28 72 21 75 62 7 66 27 39 54 63 78 61 55 24 60 9 48 25 45 
33 55 38 70 72 62 44 20 40 29 53 2 7 19 75 43 77 16 42 6 36 14 46 25 51 64 8 59 45 34 9 78 37 10 79 69 24 57 1 63 58 66 50 48 4 28 74 41 32 22 39 18 35 56 27 11 54 65 30 17 21 3 60 71 61 73 5 13 67 80 49 15 31 52 12 68 26 47 76 23 81 
29 14 76 80 58 65 28 63 24 21 78 11 64 66 9 44 34 4 61 62 72 73 37 23 18 3 81 49 52 22 8 1 25 15 35 47 36 16 39 31 27 38 26 54 17 57 50 59 51 55 79 77 12 45 7 75 43 5 6 42 56 67 32 41 20 70 69 48 68 53 60 40 2 46 33 10 13 74 19 30 71 
75 34 47 17 74 3 8 30 15 55 38 37 18 63 1 35 48 68 53 40 27 60 54 4 71 41 21 16 73 28 24 76 11 42 77 6 44 23 45 25 32 81 2 64 20 14 36 7 33 67 19 9 49 70 57 10 61 79 51 78 39 13 50 58 65 26 52 31 22 29 46 12 72 56 5 62 59 43 69 66 80 
7 11 60 61 21 26 5 4 57 23 15 3 54 25 33 40 59 24 52 34 19 74 43 29 48 32 50 51 67 27 71 41 17 70 56 12 35 68 69 75 46 72 76 8 10 20 64 2 58 13 80 81 66 16 62 44 31 55 38 73 37 36 22 30 9 47 45 78 28 18 14 42 39 63 77 53 49 79 1 65 6 
8 74 31 23 48 21 55 33 17 52 63 72 24 18 34 28 32 78 80 30 65 2 9 42 54 70 62 11 6 58 77 47 50 41 20 61 76 35 4 15 13 51 36 25 67 43 39 14 44 3 37 69 79 60 10 57 22 19 26 45 68 40 66 75 1 56 38 16 64 5 81 53 73 27 29 59 7 71 12 49 46 
18 13 66 77 22 63 43 2 61 45 65 49 58 68 38 48 21 35 78 25 28 52 55 41 15 6 24 42 9 10 64 79 53 39 8 27 16 56 74 7 33 70 14 11 37 12 29 57 1 40 62 73 59 67 46 17 20 69 34 23 71 54 4 31 32 30 80 26 19 76 51 47 3 5 50 75 44 72 81 36 60 
4 72 25 32 41 20 14 53 5 17 6 39 10 54 42 15 60 30 7 38 69 76 29 73 59 47 11 45 28 81 78 62 1 31 22 34 52 26 63 19 61 8 80 27 71 56 51 75 18 65 21 68 46 36 50 9 37 33 67 74 3 77 16 48 49 44 66 57 55 2 12 58 24 64 79 43 70 40 35 13 23 
62 7 75 73 19 50 30 39 27 79 56 51 26 12 44 9 69 61 3 17 67 20 18 74 16 72 40 71 68 66 57 29 5 14 2 36 49 53 34 81 23 32 24 43 47 55 35 38 15 58 45 28 10 8 63 31 70 52 76 21 1 64 65 46 60 59 78 33 13 37 11 22 77 4 25 48 42 80 41 6 54 
1 15 16 42 51 57 26 10 59 4 31 19 37 74 43 62 66 11 23 27 61 35 60 77 34 5 45 40 25 3 21 72 7 55 30 32 28 12 22 65 75 68 44 46 6 80 76 50 63 70 52 64 48 17 79 49 36 73 53 38 41 81 13 67 18 29 24 9 14 54 71 39 56 33 20 8 47 69 78 58 2 
56 58 65 37 9 78 35 12 70 73 59 81 47 50 67 77 55 13 64 26 39 71 53 22 36 48 14 76 19 46 33 75 15 74 16 49 41 45 38 10 3 5 29 69 40 24 6 11 2 4 20 30 23 54 60 61 80 18 27 7 44 51 43 25 79 17 34 68 72 42 63 8 28 1 21 31 57 66 52 62 32 
68 60 40 81 44 80 11 52 54 71 64 23 76 46 2 75 14 29 57 1 79 13 56 43 19 63 10 48 18 59 51 70 65 12 37 35 30 31 66 50 20 73 58 55 77 33 49 16 9 26 78 5 47 22 24 62 8 25 32 6 72 42 28 4 27 3 61 36 69 41 7 21 34 39 38 15 53 67 45 17 74 
28 46 45 3 47 29 24 79 34 16 7 70 36 5 22 27 20 80 49 4 81 51 8 44 21 31 33 17 43 69 26 52 38 63 67 73 57 72 64 54 2 48 60 78 1 66 77 53 13 71 25 41 42 32 55 56 59 35 75 12 14 39 58 62 50 40 23 6 15 10 65 74 30 18 76 19 68 37 61 9 11 
76 36 71 49 69 64 67 6 38 25 8 53 41 33 3 57 1 40 66 46 12 68 58 32 50 37 75 44 24 4 13 56 54 23 80 60 59 18 9 79 39 21 62 17 42 19 61 34 81 74 27 72 31 7 29 30 2 47 5 48 15 78 11 28 70 43 73 45 52 20 35 77 14 55 65 26 22 63 16 10 51 
43 75 74 24 35 30 70 19 60 42 39 26 1 55 40 33 16 18 25 59 56 77 76 54 12 53 51 79 41 49 63 27 47 61 73 20 13 36 7 32 50 22 52 81 9 78 5 67 34 10 68 38 65 28 6 64 3 44 23 58 80 4 69 45 17 2 31 72 48 57 21 14 46 37 15 71 62 11 8 29 66 
78 79 39 45 53 76 59 36 48 37 74 58 29 81 30 73 65 28 40 23 20 43 38 35 13 14 68 8 15 72 70 7 4 11 46 18 26 47 67 33 69 16 1 24 56 50 66 49 42 25 22 27 3 51 2 19 9 31 17 57 63 12 61 5 52 54 62 60 71 6 77 75 41 44 64 80 55 32 10 34 21 
44 77 50 52 56 11 49 73 13 19 24 15 48 69 71 79 5 38 1 80 60 34 81 63 46 67 7 74 33 25 23 58 66 51 75 28 70 61 65 27 76 10 54 3 55 64 53 17 47 62 31 6 14 21 32 20 42 59 43 16 35 72 37 8 36 22 41 29 39 78 26 9 68 40 18 12 45 4 2 57 30 
61 51 2 14 57 38 32 34 65 49 52 78 60 31 27 80 46 6 69 55 75 41 3 71 73 16 4 35 21 17 59 42 68 19 12 10 25 79 11 74 66 15 20 62 43 40 18 13 23 29 72 37 77 30 8 26 39 45 48 54 5 76 56 24 7 81 1 44 50 33 53 64 70 28 47 9 67 58 36 22 63 
17 63 5 15 23 31 9 25 58 36 41 20 8 32 11 34 75 70 6 28 78 64 66 62 45 24 29 65 57 39 81 13 69 43 26 52 71 46 21 30 37 44 77 60 14 73 59 76 12 7 56 2 74 80 68 40 67 53 50 18 22 79 33 51 42 4 3 61 47 19 10 55 35 49 48 38 54 27 72 1 16 
3 37 4 68 42 46 81 21 7 67 47 13 9 64 50 63 72 43 10 8 49 61 48 15 22 27 44 80 56 29 55 2 36 34 60 38 12 17 31 28 45 40 41 18 5 54 57 39 19 1 75 35 32 33 11 52 74 71 66 62 51 30 25 59 16 69 65 79 73 70 58 23 53 24 6 78 76 26 77 20 14 
69 1 27 26 66 47 6 41 67 12 2 22 4 21 59 17 44 23 32 19 5 9 42 36 52 11 65 24 76 30 54 3 71 77 50 62 53 64 49 8 78 35 72 57 68 79 58 45 70 63 16 20 61 48 14 55 34 81 10 28 73 7 29 15 80 46 74 38 18 40 37 13 60 25 43 51 75 31 39 33 56 
16 20 72 10 40 22 12 80 71 35 3 61 51 77 62 66 54 57 21 50 33 30 79 18 2 39 37 9 64 45 48 6 14 1 53 31 29 34 59 4 38 75 63 23 58 46 60 44 26 11 8 36 81 55 78 47 41 13 15 70 24 65 27 49 56 68 32 67 25 28 43 76 17 69 7 73 52 42 74 5 19 
55 33 64 62 29 18 54 8 28 10 45 7 56 53 76 14 68 25 72 70 74 17 26 31 57 58 47 37 32 67 16 44 22 78 40 5 39 48 6 73 80 42 19 2 51 9 15 52 71 43 41 24 4 69 75 21 60 36 77 1 49 38 46 27 34 11 20 12 63 66 30 35 61 81 13 65 79 59 23 50 3 
73 10 28 72 62 40 16 15 53 57 42 43 30 59 48 49 74 22 45 12 17 3 5 21 31 19 52 32 55 70 58 69 35 71 11 41 68 38 36 46 24 56 39 77 76 60 47 1 78 6 26 63 2 75 13 80 51 64 79 66 33 25 7 18 29 20 8 4 65 50 44 67 23 54 37 27 81 14 9 61 34 
9 17 57 75 49 70 71 38 20 56 19 50 45 52 16 2 73 15 51 7 53 11 24 78 72 23 36 6 74 47 30 14 81 40 42 44 55 33 54 67 1 69 48 32 21 27 25 28 80 68 61 10 18 59 41 8 4 12 65 31 46 62 35 34 26 79 37 63 66 13 64 60 58 22 39 5 3 76 43 77 29 
5 66 59 58 80 25 7 13 22 40 60 24 23 41 28 78 33 20 70 63 18 46 65 47 61 2 1 26 75 68 12 45 79 62 52 37 72 14 27 64 71 3 35 34 16 17 4 43 39 49 50 19 29 76 77 81 44 74 42 67 54 9 21 53 10 57 15 56 36 51 38 32 6 48 31 11 30 8 55 73 69 
65 6 29 27 8 43 19 61 26 47 14 64 62 79 31 18 63 66 22 56 10 25 50 75 20 9 54 15 3 16 72 34 59 80 24 33 78 60 73 12 5 4 51 42 52 7 13 77 55 53 23 46 41 81 69 36 1 76 37 49 58 45 48 39 74 21 35 11 17 30 70 28 44 38 71 32 2 57 67 40 68 
54 23 30 39 32 33 36 81 21 8 37 71 68 29 69 5 13 1 79 64 4 15 59 48 40 28 76 67 38 43 65 17 27 22 9 77 20 66 25 45 57 41 53 63 75 16 3 51 35 52 42 74 44 31 34 70 78 26 11 61 2 14 18 6 12 7 55 62 58 47 73 24 49 72 56 50 19 46 80 60 10 
47 56 41 51 14 67 31 74 76 34 21 77 70 80 65 4 25 58 35 81 38 29 13 37 30 71 27 73 63 1 39 36 46 18 10 53 2 44 61 49 62 26 8 50 7 5 32 22 48 57 69 11 15 66 19 24 17 6 68 20 60 43 55 23 3 16 72 54 33 9 40 59 64 79 45 42 28 52 75 78 12 
50 69 44 79 63 2 4 24 55 7 46 76 72 3 53 51 39 10 68 58 8 32 41 57 67 74 66 64 60 56 25 20 78 48 31 19 11 15 43 23 6 28 30 13 81 65 37 54 38 9 14 34 33 12 73 16 5 40 22 29 47 75 71 77 45 52 42 80 61 49 1 27 21 59 35 36 17 62 70 18 26 
60 68 52 64 37 42 18 46 78 61 26 6 12 11 54 81 35 27 33 77 80 55 44 49 43 69 34 66 8 7 28 50 21 57 4 29 31 58 19 59 70 9 17 47 65 62 24 40 30 73 67 45 36 79 23 72 38 15 3 56 32 10 39 22 76 5 48 25 75 14 2 71 20 13 74 1 16 51 63 53 41 
35 3 1 34 12 48 77 45 11 75 17 9 44 36 55 32 38 67 73 42 6 39 62 26 14 60 16 23 13 2 61 49 51 76 5 54 10 37 40 29 22 74 18 79 80 8 72 70 56 64 58 21 71 20 28 63 50 30 52 27 59 53 57 78 43 41 19 81 31 69 68 46 15 65 24 66 33 25 7 47 4 
23 27 36 47 17 66 22 40 9 14 43 80 46 7 29 12 24 19 11 69 26 56 67 33 39 77 73 5 70 65 31 35 2 8 57 42 48 50 10 51 41 64 61 4 45 34 16 32 60 20 3 58 38 49 72 28 6 54 59 55 62 52 79 63 53 18 30 76 44 71 78 1 37 21 68 74 15 81 13 75 25 
11 38 70 41 67 75 48 59 56 66 68 62 5 10 26 47 36 63 74 45 37 16 7 34 27 79 49 18 81 52 76 32 33 73 29 51 22 9 72 35 31 57 46 19 54 53 78 71 50 23 77 13 39 2 25 12 64 20 58 69 61 80 42 55 40 15 17 65 21 4 28 3 43 60 30 14 8 1 6 44 24 
81 19 15 74 60 14 68 26 73 58 20 67 16 34 37 72 71 52 5 41 25 54 1 8 47 62 53 4 61 79 43 22 75 45 69 9 33 80 42 39 40 55 59 7 66 31 65 56 28 21 51 12 17 27 18 77 32 46 44 76 30 2 24 38 13 64 11 49 23 48 6 29 63 10 78 70 36 3 50 35 57 
49 5 61 35 1 16 69 54 6 70 44 59 78 23 77 60 27 32 46 9 2 40 17 10 76 51 43 12 47 63 38 15 20 28 13 66 3 81 37 36 30 34 67 56 25 11 41 73 4 18 55 29 57 14 53 33 21 75 8 26 48 68 19 42 31 72 50 39 24 74 22 62 79 7 80 58 71 64 65 45 52 
30 52 55 13 71 28 29 58 37 3 69 41 61 42 35 53 57 51 65 21 59 38 32 50 44 75 72 78 80 77 49 60 6 56 36 48 23 76 70 16 79 24 43 68 18 81 46 62 67 45 15 26 64 1 17 7 73 27 63 39 34 31 74 9 5 10 14 47 8 25 19 2 40 20 22 54 4 12 66 11 33 
63 24 80 18 45 44 64 42 12 31 75 79 38 73 13 76 50 21 29 22 48 70 4 58 6 81 61 68 71 74 46 25 19 3 34 40 14 52 15 47 28 17 78 20 27 59 54 37 69 5 30 66 8 9 35 65 23 10 49 11 36 60 1 43 57 67 16 51 26 7 56 33 32 77 41 2 39 55 53 72 62 
34 32 78 50 25 72 79 65 62 81 48 1 2 49 8 39 64 74 30 13 68 28 23 3 42 36 20 14 54 21 67 53 58 24 55 59 63 71 60 38 26 11 69 6 44 52 10 33 7 19 40 70 22 35 5 43 47 16 45 51 4 57 15 12 41 37 46 75 77 73 66 80 76 29 17 18 9 56 31 27 61 
2 76 21 4 46 77 20 31 33 9 30 65 55 17 15 54 6 45 63 57 24 18 14 12 64 80 71 62 11 41 7 23 10 50 39 16 1 29 5 13 74 49 73 53 8 36 79 72 75 42 48 43 25 44 3 78 40 56 81 37 66 22 38 35 68 61 58 52 32 60 27 70 47 34 59 28 69 19 26 51 67 
10 8 3 53 43 51 57 7 39 11 4 40 22 28 56 25 18 33 15 31 66 78 35 60 55 52 19 30 26 64 27 37 44 72 17 1 21 65 75 2 12 77 32 58 62 68 80 6 74 61 47 76 24 63 71 50 13 70 9 14 29 41 67 54 59 36 79 34 45 81 69 20 16 73 23 46 48 38 49 42 5 
################proper############## 

 average_time = 62.916826 

 success runs = 1 

 total average iters = 1000082.000000 
