Success!!! 
 
 max_col = 
 81 
 
 run_time = 
 46.552859 
 
 once iters = 
 801318 
 
26 38 81 77 47 20 10 39 11 68 22 54 41 42 78 15 74 73 36 57 31 33 61 2 32 23 75 18 35 6 62 79 9 30 80 3 16 58 34 50 65 25 1 52 71 43 44 64 29 53 59 46 17 55 5 67 72 19 21 56 12 4 40 66 14 51 28 27 69 37 7 49 63 76 45 13 24 70 60 8 48 
23 44 34 36 15 31 41 9 40 38 19 25 76 28 64 63 66 21 49 26 70 29 5 22 55 37 71 17 60 20 13 47 10 69 73 32 45 46 24 57 56 80 78 27 14 51 7 16 42 62 77 50 54 3 65 6 48 79 61 81 35 2 58 11 18 39 67 8 75 53 4 52 30 1 74 12 59 43 33 68 72 
51 64 24 58 7 4 48 43 12 50 60 35 3 20 52 30 80 62 19 10 41 81 17 42 68 9 59 45 11 14 78 22 67 66 55 63 13 23 73 49 5 75 44 40 72 74 61 33 15 37 1 21 79 65 36 8 46 76 47 18 28 34 32 26 31 70 6 16 54 2 77 56 38 57 29 53 25 71 27 39 69 
30 79 59 17 46 68 57 22 45 11 75 71 53 9 16 2 5 61 78 34 50 25 51 60 65 74 8 38 37 33 7 24 40 49 41 56 31 3 47 21 55 28 36 70 12 4 14 48 6 23 76 67 13 69 63 29 77 26 39 44 20 27 1 58 73 35 43 72 42 19 81 62 10 64 15 52 32 54 80 18 66 
70 2 33 6 27 74 71 54 18 47 31 13 29 49 4 17 48 8 7 38 12 15 53 67 56 24 77 1 44 52 65 43 28 64 72 61 69 59 37 81 68 76 66 11 26 80 32 22 20 19 39 40 60 78 3 42 51 16 41 73 75 25 30 45 10 57 79 46 63 23 55 36 21 9 58 50 62 35 34 5 14 
80 3 50 69 63 73 19 32 42 67 58 70 51 14 24 23 18 65 54 16 64 45 52 4 62 27 79 21 34 75 77 25 8 2 76 53 35 60 33 41 15 6 38 74 39 68 12 66 47 11 28 5 26 72 37 49 55 71 57 59 17 43 10 9 1 13 78 30 48 29 40 44 7 36 46 81 31 22 20 56 61 
76 13 49 60 62 16 28 5 52 59 37 44 36 10 7 43 69 72 11 1 47 30 80 20 6 35 40 81 39 74 46 68 15 26 31 29 9 51 79 32 17 53 48 67 54 2 63 27 38 57 56 58 8 18 70 50 78 45 14 23 24 33 66 71 12 25 22 21 61 41 64 34 42 3 65 77 75 55 73 4 19 
8 55 75 66 29 67 61 25 72 56 12 6 1 45 26 81 39 77 18 21 14 48 13 46 76 58 28 16 36 27 51 70 57 19 4 59 63 62 7 64 43 20 30 42 10 52 73 9 35 71 49 34 41 24 11 22 74 69 15 68 54 31 53 60 80 3 33 50 32 65 38 5 37 47 2 23 44 78 79 40 17 
14 56 78 37 53 1 21 35 65 79 34 27 33 40 46 32 57 55 63 73 69 72 39 44 3 66 43 5 23 48 50 42 58 54 12 71 77 29 19 22 61 18 2 4 8 30 25 10 45 81 36 75 31 70 9 52 60 13 64 62 38 80 7 74 76 20 68 17 15 24 59 47 28 11 51 16 6 67 49 41 26 
46 52 26 16 28 32 29 75 4 49 74 19 55 2 69 39 22 48 34 5 77 36 27 45 81 13 73 79 7 62 47 9 80 59 14 70 58 37 11 35 76 12 65 24 1 6 66 18 8 15 60 38 64 41 42 25 57 51 40 53 61 3 54 33 43 56 30 31 23 50 71 20 44 78 17 63 72 68 10 67 21 
45 30 15 3 35 42 63 37 33 4 21 29 78 5 56 50 10 70 31 72 43 80 22 39 16 53 18 40 55 66 38 57 61 11 54 74 48 27 41 13 25 79 59 17 28 20 77 81 32 68 71 73 65 51 64 47 7 44 52 76 60 23 46 69 67 2 14 19 12 62 34 58 24 8 26 9 1 36 75 49 6 
56 24 20 39 38 72 77 40 17 64 33 23 58 63 43 66 32 3 35 60 46 51 67 79 14 12 7 8 2 1 41 10 44 78 6 42 30 75 70 29 31 50 49 9 69 62 21 74 4 26 45 25 61 47 22 34 37 68 73 19 13 71 5 36 55 52 59 48 65 16 80 11 53 81 18 28 15 27 54 76 57 
31 67 25 68 70 71 76 13 78 9 1 38 6 44 59 24 61 12 30 48 8 66 57 21 58 69 47 73 19 18 20 3 45 28 16 27 32 52 15 33 46 62 53 56 60 29 22 23 55 63 42 39 37 36 50 81 41 80 74 49 43 79 2 51 17 64 72 54 40 10 75 26 65 34 7 11 14 5 4 35 77 
54 53 19 2 6 5 80 44 48 37 13 18 47 72 35 26 73 79 15 61 32 70 3 10 75 28 78 43 30 77 81 64 60 68 33 51 22 42 23 34 7 55 8 57 45 14 11 40 50 69 67 31 59 1 58 17 66 36 27 21 65 12 24 29 49 41 76 38 39 63 9 4 20 74 71 62 52 56 25 16 46 
64 61 74 7 22 36 58 50 49 46 11 57 20 31 71 34 68 16 23 24 55 9 1 54 38 19 41 67 65 32 63 72 26 39 25 12 73 78 80 2 44 14 21 51 6 10 53 3 17 52 13 27 76 30 56 59 8 4 45 29 69 62 75 81 47 28 5 77 37 18 15 35 60 43 66 48 70 33 42 79 40 
9 43 51 55 11 59 60 27 21 54 81 53 15 77 80 14 40 45 4 62 6 52 50 25 17 65 76 48 24 5 23 56 37 46 69 13 19 47 18 36 26 71 72 10 20 75 2 35 70 49 44 7 34 28 39 78 16 30 32 38 63 67 33 61 74 66 57 79 1 42 68 8 31 29 12 22 41 73 58 3 64 
62 57 47 10 73 69 23 34 8 65 52 28 67 7 76 42 25 41 44 11 20 26 64 37 71 68 29 36 50 17 15 75 49 31 35 22 4 61 63 74 40 81 54 66 5 78 58 79 33 43 19 56 12 16 6 48 18 72 1 14 9 55 77 53 21 60 46 24 27 3 32 70 80 13 59 45 38 39 30 51 2 
81 41 66 65 12 79 1 18 14 8 36 17 62 30 51 75 60 27 33 63 56 59 42 49 40 2 74 53 29 58 52 21 34 4 71 76 68 38 77 39 16 67 64 43 3 5 48 57 24 72 80 9 46 54 28 70 15 31 20 35 11 10 26 22 44 78 7 6 45 13 25 73 50 69 55 47 19 61 32 23 37 
15 66 22 81 1 25 43 41 64 40 46 21 61 74 31 51 79 6 50 75 17 55 9 38 28 59 19 13 57 73 70 45 68 16 47 36 80 67 27 12 23 10 3 60 4 37 30 69 49 58 35 20 63 62 72 65 54 33 53 11 5 48 18 2 42 8 39 76 7 26 29 32 71 77 44 56 34 24 14 52 78 
71 18 76 4 51 38 49 61 68 33 56 30 26 12 58 47 9 44 57 15 52 42 20 5 73 62 81 7 54 10 48 53 65 35 21 64 78 74 66 17 37 2 46 31 36 22 55 28 16 59 8 6 29 39 1 80 45 77 67 41 70 13 43 34 75 11 24 14 19 79 63 40 25 72 32 69 60 3 23 27 50 
34 8 65 44 14 40 27 45 30 16 55 68 32 59 39 57 52 42 53 78 35 11 18 48 4 76 31 33 25 67 75 17 5 81 22 60 56 50 43 69 72 70 9 63 62 38 3 41 66 73 21 19 24 26 15 74 10 28 36 2 29 46 61 23 71 1 77 80 49 58 54 37 13 20 79 7 64 6 12 47 51 
17 75 63 32 9 19 13 26 6 77 20 2 18 23 73 71 34 35 29 66 1 60 25 14 74 51 80 69 49 11 31 58 30 55 59 24 42 8 65 61 54 40 7 16 22 45 46 36 12 76 5 10 72 44 52 64 56 39 78 4 37 57 79 15 3 50 81 41 70 47 48 27 62 68 33 43 28 21 67 53 38 
29 62 80 72 77 35 3 33 16 41 76 67 81 17 45 49 37 53 65 70 24 10 46 36 43 8 6 28 79 2 66 32 19 74 42 26 11 64 14 48 21 73 71 34 58 27 4 13 9 31 18 78 23 40 68 69 47 7 75 50 25 44 12 38 56 61 20 52 51 60 5 22 1 59 63 15 39 30 55 57 54 
12 48 37 42 58 55 11 53 23 22 66 50 19 36 5 70 1 15 71 69 7 40 32 27 13 47 2 72 56 63 61 78 6 18 51 77 52 81 39 28 24 41 75 44 33 65 67 54 25 60 34 79 14 68 62 35 9 20 3 17 30 38 59 57 16 21 31 45 4 64 43 74 26 80 8 49 73 29 76 46 10 
20 54 52 59 60 50 67 73 36 43 27 14 4 8 28 69 78 29 21 30 37 3 63 61 64 22 49 80 15 46 71 62 41 23 9 39 51 1 57 79 38 13 68 26 25 47 74 56 48 77 2 33 11 7 16 55 76 42 34 24 19 32 81 35 6 12 18 10 17 72 44 53 5 75 40 70 66 31 45 65 58 
28 69 39 5 31 7 47 2 79 72 10 3 75 24 25 64 11 13 77 54 45 12 33 56 26 44 68 4 8 38 43 27 76 40 1 34 53 15 49 6 18 30 20 29 35 50 17 70 80 32 57 52 71 61 60 63 73 21 23 51 58 22 14 59 62 46 55 67 9 78 66 65 74 42 36 19 16 37 41 48 81 
10 78 70 21 24 57 46 74 56 7 63 62 65 80 48 54 38 60 67 58 23 79 34 72 41 39 16 50 12 37 14 44 52 3 29 20 5 55 76 19 77 32 47 45 59 15 42 51 75 64 53 43 1 81 31 27 26 66 49 71 8 40 6 13 69 68 36 73 30 25 28 33 11 61 22 17 9 4 18 2 35 
73 33 3 47 32 81 4 49 5 28 39 51 70 69 41 44 27 20 13 29 71 2 43 76 15 57 1 63 61 64 59 16 22 8 38 62 12 36 10 72 42 65 79 80 11 7 19 78 52 74 48 60 50 53 17 58 67 55 30 34 21 56 68 14 77 9 40 35 26 46 6 18 75 54 37 24 23 45 66 25 31 
78 1 77 30 36 28 40 19 44 35 62 42 68 57 22 3 65 2 79 50 80 37 38 12 51 21 54 23 41 15 49 4 53 71 43 73 66 34 67 7 75 24 32 8 31 46 70 39 5 55 14 63 6 56 59 60 13 74 48 10 72 81 76 47 45 29 25 64 58 20 11 69 52 18 9 61 33 16 17 26 27 
24 74 46 48 50 17 16 29 53 52 71 9 38 55 32 76 21 7 60 56 65 63 81 70 22 75 36 58 31 78 6 54 66 34 3 33 26 57 13 4 19 1 28 14 64 59 40 67 23 45 41 80 10 25 27 44 11 35 5 39 18 37 62 79 2 73 49 12 72 68 61 30 69 51 43 8 20 77 15 42 47 
38 72 18 31 66 60 75 10 58 23 25 63 24 34 77 80 33 14 46 49 73 35 45 69 20 61 42 12 1 44 79 65 21 36 28 55 59 40 74 68 3 22 52 5 16 76 29 30 64 8 15 17 62 11 47 53 70 32 54 26 7 9 51 43 27 48 37 81 67 4 13 41 78 50 39 57 2 19 71 6 56 
11 39 14 52 71 9 70 6 59 53 40 49 50 56 47 45 43 67 27 33 34 24 66 19 30 48 25 46 51 81 10 60 74 32 20 18 29 77 17 23 73 78 37 54 76 42 35 4 26 2 61 13 22 21 79 3 12 75 80 15 41 8 69 16 36 7 44 55 57 31 1 63 64 38 28 58 65 72 68 62 5 
25 37 7 35 56 12 45 42 61 58 79 64 72 1 54 59 31 81 10 55 74 28 26 78 18 3 44 52 13 69 39 29 2 17 24 75 27 6 9 30 48 38 15 62 63 49 51 68 73 16 32 47 36 71 57 23 43 22 19 77 14 50 20 8 33 65 34 5 21 80 60 66 67 4 11 46 53 76 40 70 41 
41 27 2 43 57 51 8 68 26 13 48 36 46 11 15 73 29 18 47 6 9 17 77 53 52 16 62 19 67 80 5 76 25 42 40 30 39 56 50 71 35 61 60 21 49 72 81 34 69 28 20 66 58 37 78 33 65 1 31 63 64 45 4 24 59 54 10 23 38 70 22 75 14 55 3 79 7 74 44 12 32 
21 20 67 23 34 64 15 69 80 66 16 78 74 75 19 10 6 30 14 68 58 32 31 7 8 5 4 37 27 47 72 26 11 48 45 9 55 41 51 70 53 44 18 2 43 79 65 24 54 1 33 77 57 12 46 40 52 25 42 61 49 29 38 28 50 76 3 62 56 39 17 71 73 35 13 36 81 59 22 63 60 
63 65 54 22 13 76 79 55 62 12 8 61 60 37 17 5 26 4 39 67 59 23 40 64 11 41 72 57 70 50 35 77 14 56 7 68 46 69 20 45 47 33 58 25 81 9 31 38 18 44 27 3 75 43 71 16 36 2 24 28 66 6 73 19 53 74 32 78 52 15 51 42 49 10 34 30 80 1 48 21 29 
19 22 35 56 75 27 39 51 24 18 4 11 14 21 63 38 2 34 8 28 13 16 30 1 47 46 61 59 43 36 29 20 7 58 67 17 81 72 64 52 66 3 55 49 79 71 50 25 10 42 65 74 32 33 73 76 69 37 9 80 62 78 60 12 70 77 41 53 6 5 26 23 48 15 31 68 54 40 57 44 45 
5 77 55 9 61 34 6 12 73 32 41 52 30 48 67 74 28 33 3 14 68 4 19 71 44 81 45 31 18 35 53 80 50 37 78 57 1 16 60 20 2 63 17 69 51 13 15 62 56 47 54 22 27 29 66 75 21 8 10 43 40 36 65 25 24 42 38 49 46 7 76 79 58 70 23 59 26 11 72 64 39 
74 16 72 64 76 29 53 7 3 78 54 5 10 71 57 9 44 56 32 12 21 67 35 75 80 36 70 60 22 45 11 14 47 25 68 23 65 19 26 24 39 34 61 13 15 55 49 73 59 79 38 37 40 46 2 18 6 50 33 42 1 58 41 20 63 81 51 69 66 8 31 48 27 52 62 4 30 28 77 17 43 
44 10 28 80 42 52 32 8 66 60 26 73 23 15 40 53 47 76 41 79 11 5 29 58 77 25 38 62 46 16 55 71 56 70 49 54 50 30 6 37 57 48 31 18 9 19 39 63 2 51 72 81 20 64 13 45 24 17 68 12 67 59 27 75 65 34 21 4 33 35 14 43 36 22 78 1 3 7 69 61 74 
59 60 1 78 81 70 65 58 50 31 80 72 45 35 62 46 75 22 9 17 48 57 56 63 37 49 51 10 42 24 74 2 32 79 8 28 7 73 21 14 29 27 43 41 44 23 76 6 53 4 69 26 18 77 20 19 30 5 11 52 15 54 16 40 39 36 13 68 64 71 3 61 55 66 25 38 67 12 47 34 33 
67 31 45 40 23 47 69 20 63 61 59 77 49 64 8 58 19 25 74 42 10 34 54 43 39 7 24 75 26 3 73 66 38 41 52 21 33 11 32 76 22 36 4 71 78 57 1 60 14 30 12 68 28 48 44 46 35 81 79 70 53 72 55 62 15 17 50 37 18 27 56 9 2 65 80 51 5 13 6 29 16 
57 14 43 62 18 49 33 17 37 36 3 79 13 66 12 68 70 1 52 65 26 73 6 55 27 20 69 30 4 51 34 81 39 63 5 15 67 53 42 25 45 46 40 38 47 61 41 80 58 75 7 44 21 35 48 32 64 23 77 31 74 28 29 72 19 22 16 59 78 11 2 54 8 71 56 10 76 60 50 9 24 
79 25 71 38 54 48 30 21 15 24 65 43 7 81 50 27 20 51 2 22 72 62 23 33 78 64 53 61 9 76 69 12 13 6 77 40 10 70 8 80 28 68 5 59 75 3 45 11 31 17 16 36 66 52 26 4 63 14 56 57 34 47 39 67 60 58 29 74 44 55 73 1 35 46 49 32 18 41 19 37 42 
68 4 36 13 41 11 26 46 2 42 69 55 39 16 29 6 17 37 59 40 66 18 76 50 31 15 60 44 64 65 33 48 1 27 19 72 62 54 35 77 12 56 23 58 74 24 34 8 78 5 43 70 9 67 7 51 71 49 38 22 3 61 25 10 30 32 47 28 80 45 52 57 79 21 73 14 63 75 53 81 20 
61 35 31 15 67 56 18 62 29 51 68 34 40 38 60 78 59 52 22 81 30 27 65 57 36 10 23 74 16 71 54 6 43 14 70 48 3 39 12 75 50 11 77 47 13 44 20 76 46 41 55 8 25 66 21 7 80 73 37 72 42 49 63 64 32 53 9 1 79 33 19 17 45 5 4 2 58 26 24 69 28 
32 46 10 26 16 41 14 78 25 80 45 20 57 76 44 72 13 5 64 35 63 21 70 15 79 67 58 66 17 31 4 19 3 22 11 7 60 49 29 38 69 52 51 61 24 53 27 43 36 9 6 28 39 73 18 71 81 34 62 54 48 75 50 68 40 37 65 47 59 56 42 2 12 33 1 74 77 23 8 30 55 
66 5 48 8 21 58 22 72 28 55 43 56 25 53 37 35 63 26 1 20 60 54 24 74 49 17 50 76 38 42 80 39 33 9 30 78 71 4 68 46 27 15 16 19 41 70 64 7 11 14 3 18 52 10 45 79 59 29 2 6 32 69 47 44 61 62 23 34 31 75 12 77 51 67 57 40 36 81 65 13 73 
75 17 57 71 52 23 74 76 39 62 24 81 31 46 6 77 54 50 73 51 38 19 12 9 29 40 48 35 32 49 67 34 79 5 36 25 18 10 72 26 30 42 45 55 2 69 16 47 13 78 4 1 68 63 33 11 53 64 60 65 56 66 70 80 8 14 58 3 41 28 27 15 43 37 61 20 21 44 7 59 22 
37 68 30 73 43 63 81 59 60 10 15 7 16 39 27 48 8 69 56 3 4 13 14 77 42 31 33 2 21 23 28 55 62 52 44 58 36 25 53 65 34 66 70 64 57 67 26 19 74 61 50 72 80 5 40 20 1 12 35 9 51 41 22 46 29 49 45 11 71 54 78 24 17 6 47 75 79 18 38 32 76 
27 70 11 49 19 6 36 4 51 30 2 66 12 73 65 29 67 32 28 71 75 41 78 68 53 18 52 77 59 13 24 37 81 61 10 47 21 17 44 1 20 54 80 22 48 40 33 42 62 38 58 35 45 79 23 39 3 57 8 74 26 5 15 76 7 63 60 43 55 69 50 16 9 31 72 34 56 46 64 14 25 
69 47 64 24 40 54 2 79 7 75 17 41 9 3 33 22 42 58 62 44 25 46 16 80 72 43 66 51 45 12 8 63 18 20 60 1 6 35 31 5 67 74 14 37 73 32 23 49 65 34 30 48 56 59 76 36 38 61 28 55 10 77 78 21 57 26 4 39 13 52 70 81 15 53 19 27 68 50 29 71 11 
42 45 44 33 65 3 55 38 77 14 18 74 28 47 1 21 23 49 26 32 76 61 8 34 2 6 11 41 75 29 64 50 46 57 53 69 43 63 40 56 59 9 62 79 7 81 24 31 22 12 37 71 51 15 19 68 17 58 4 27 16 30 13 5 25 67 35 20 73 36 72 10 54 39 52 66 78 48 70 60 80 
1 50 12 53 20 13 34 80 9 71 70 4 79 19 11 61 36 64 55 37 5 47 7 59 69 45 39 15 68 56 26 40 72 73 27 65 28 76 78 58 32 8 81 33 23 60 54 17 57 21 29 2 77 75 14 43 31 24 46 25 44 52 67 30 48 6 74 66 22 51 18 38 3 63 35 41 42 62 16 10 49 
49 9 32 29 44 43 56 67 10 73 47 80 71 50 13 36 35 40 5 27 28 1 48 41 19 70 30 22 33 68 17 46 20 7 2 45 34 14 54 42 60 51 12 75 37 26 6 53 63 25 11 23 3 8 55 21 79 65 66 78 4 15 72 77 81 69 52 18 24 76 57 31 16 58 38 39 61 64 62 74 59 
36 11 40 14 8 33 66 31 41 27 30 39 21 62 55 60 4 43 76 23 3 7 79 26 59 54 46 49 71 28 18 61 64 65 48 10 20 13 25 9 63 5 24 77 50 35 80 37 72 29 75 69 16 17 38 57 22 53 70 58 68 74 19 32 34 47 42 56 2 67 45 78 81 44 6 73 51 52 1 15 12 
35 23 73 74 30 15 50 63 19 25 77 69 2 51 18 20 14 66 45 47 78 8 68 16 21 80 65 39 81 43 42 38 75 62 57 67 76 7 4 3 41 58 56 6 53 34 13 5 71 40 52 32 70 60 12 54 29 59 44 1 46 64 31 17 9 33 26 22 11 61 10 28 72 48 24 37 27 49 36 55 79 
39 80 4 51 3 61 25 81 34 44 72 31 54 70 42 65 64 28 20 52 18 75 55 17 10 29 37 24 14 60 9 41 35 50 58 16 79 26 62 15 33 19 74 73 40 56 43 12 21 48 46 57 7 27 32 77 23 6 69 36 47 11 49 1 5 38 71 63 53 66 30 59 22 45 68 76 8 2 13 78 67 
2 42 79 20 55 21 38 28 22 5 23 75 56 61 3 7 12 10 72 25 33 49 69 51 67 77 32 47 53 4 76 36 27 15 26 6 8 71 1 43 78 17 29 65 80 31 68 59 39 66 24 64 44 50 81 37 34 48 18 45 52 73 9 41 58 40 62 13 74 14 16 19 46 60 70 35 11 57 63 54 30 
48 76 13 46 78 75 72 16 70 19 67 8 11 58 74 37 24 17 81 39 57 71 2 66 34 73 14 25 63 54 40 31 23 1 79 52 64 21 38 27 36 59 69 68 61 18 47 55 77 10 22 4 15 45 30 26 42 62 51 33 50 60 28 3 35 44 12 65 43 49 20 6 41 56 5 80 29 32 9 7 53 
52 59 27 45 68 53 62 71 57 26 9 1 22 6 38 33 76 46 12 13 44 74 58 11 50 4 15 29 77 70 37 69 55 80 34 5 47 48 30 31 81 16 35 32 67 36 78 2 19 65 79 41 42 49 75 61 40 10 63 3 39 24 56 7 64 72 54 51 8 73 23 60 66 14 21 25 43 17 28 20 18 
60 26 58 54 64 37 7 77 47 57 53 32 48 68 81 16 45 78 42 9 22 6 36 40 24 63 35 56 3 59 19 8 51 12 74 11 2 44 46 66 52 49 39 72 18 28 38 1 61 67 62 30 73 14 25 41 20 43 13 5 27 76 17 55 4 15 70 29 50 21 79 80 33 23 10 65 69 34 31 75 71 
18 6 17 1 5 24 12 65 69 34 29 15 59 52 79 41 49 63 61 43 53 64 62 31 60 38 56 78 66 72 30 13 73 21 32 44 70 45 22 10 11 23 57 28 55 33 9 58 81 54 51 76 74 20 35 14 2 67 7 8 80 16 71 39 46 27 75 36 68 48 37 25 19 40 77 3 47 42 26 50 4 
33 36 60 67 49 2 73 57 75 1 5 26 35 32 20 55 53 9 38 7 15 76 72 30 54 11 17 70 69 19 21 18 12 77 64 31 14 43 16 44 71 37 10 50 52 66 28 45 79 3 40 29 4 13 8 62 61 78 81 46 22 68 74 63 23 59 80 25 47 6 39 51 34 27 41 42 48 58 56 24 65 
55 71 16 50 80 8 35 24 38 17 7 33 34 67 14 25 77 59 69 31 42 22 75 73 1 56 64 3 47 40 68 74 29 60 46 37 23 28 36 63 49 26 41 12 27 48 18 52 44 20 10 61 19 32 4 15 39 9 72 79 57 65 21 54 66 5 11 2 76 30 58 13 6 62 81 78 45 53 51 43 70 
47 15 56 76 69 26 44 23 74 70 28 58 64 60 66 8 81 71 51 36 19 39 37 29 61 32 10 65 5 41 1 67 16 43 13 80 40 68 45 62 79 4 6 20 77 12 72 21 27 33 78 42 38 22 49 73 14 3 25 48 55 35 11 18 52 24 53 7 34 9 46 50 57 2 30 54 17 63 59 31 75 
53 63 21 19 72 18 42 52 13 48 49 16 69 22 23 62 15 39 80 74 67 44 28 35 57 50 3 14 78 79 27 11 71 45 61 66 24 32 59 51 1 31 73 76 46 25 75 65 34 7 17 54 47 9 43 2 58 70 12 30 6 20 37 56 38 4 8 40 60 81 41 29 68 26 64 33 55 10 5 77 36 
43 58 9 28 37 78 20 3 32 63 6 10 42 41 68 31 51 36 48 59 79 65 4 13 66 33 12 55 62 30 44 52 24 72 23 81 15 18 61 54 80 60 22 39 34 73 5 46 1 70 64 14 35 2 29 56 75 27 76 40 77 53 45 49 26 19 69 57 16 17 67 21 47 25 50 71 74 8 11 38 7 
40 7 68 70 48 22 5 1 81 29 38 12 27 18 72 52 56 11 6 45 62 78 60 8 46 14 20 42 58 34 36 28 17 51 75 50 74 9 2 47 13 57 25 53 30 39 59 77 37 24 26 49 43 23 54 10 33 41 16 69 71 63 64 73 79 31 61 44 3 32 65 55 4 19 76 67 35 66 21 80 15 
65 51 62 25 79 30 17 64 46 74 78 45 37 54 2 40 50 75 24 41 49 68 21 52 63 55 27 9 6 8 57 73 59 10 39 4 38 66 58 67 70 35 33 3 29 16 69 71 76 56 81 11 53 31 80 5 19 47 26 13 23 7 34 42 22 43 48 15 77 1 36 72 18 32 14 60 12 20 61 28 44 
4 29 41 12 45 39 59 66 27 76 73 65 44 43 61 13 46 19 40 77 2 53 47 81 25 34 9 26 20 7 22 15 54 38 63 35 75 5 56 78 8 69 11 48 21 58 57 50 30 80 68 51 55 6 67 24 32 18 17 60 31 42 36 70 28 71 64 33 10 74 62 14 23 49 16 72 37 79 3 1 52 
6 34 61 11 10 77 54 14 31 3 57 24 80 4 21 79 30 47 58 18 16 43 71 23 70 26 5 32 76 25 2 33 48 53 56 49 17 65 81 55 64 72 19 7 42 8 60 15 41 36 63 62 67 74 51 38 28 52 50 66 59 1 44 37 78 45 27 75 20 12 35 68 39 73 69 29 40 9 46 22 13 
50 28 23 34 26 65 31 60 55 45 51 22 43 33 9 67 62 57 37 53 61 58 49 24 48 79 63 20 52 21 12 35 69 47 66 46 44 80 75 11 14 77 76 1 19 54 56 29 68 39 70 15 2 42 41 13 5 38 6 32 36 18 3 4 72 30 17 71 81 59 74 7 40 16 27 64 10 25 78 73 8 
58 32 69 41 4 44 51 11 54 81 50 60 77 26 36 28 16 74 43 8 40 56 15 47 45 42 55 71 80 9 3 23 78 24 37 38 72 31 5 59 6 21 13 35 17 63 62 20 67 22 73 53 49 76 10 12 25 46 65 7 2 39 48 27 68 79 66 61 29 34 33 64 70 30 75 18 57 14 52 19 1 
72 81 38 79 17 14 9 15 43 2 35 46 52 27 34 1 7 68 16 64 51 69 41 18 12 78 13 11 40 39 45 59 63 75 50 8 61 24 71 73 10 29 26 23 66 77 37 44 3 6 25 65 5 57 53 30 4 56 58 20 76 70 42 31 54 80 19 60 36 22 21 67 32 28 48 55 49 47 74 33 62 
7 40 6 57 74 66 64 70 71 15 42 76 8 29 75 12 58 31 17 46 81 77 11 32 33 60 34 27 72 55 25 30 4 67 62 19 49 20 48 16 51 39 63 36 56 1 52 26 43 18 23 59 78 80 69 28 44 54 22 47 79 14 35 50 37 10 73 9 5 38 24 3 61 41 53 21 13 65 2 45 68 
3 12 8 27 59 10 68 47 76 69 44 37 63 13 49 11 71 54 75 80 29 38 73 62 5 30 26 64 28 61 60 1 77 33 65 79 25 22 52 18 4 7 34 81 70 41 36 72 51 35 9 24 48 19 74 66 50 40 55 67 78 21 57 6 20 16 2 32 14 43 53 45 56 17 42 31 46 15 39 58 23 
77 19 29 75 25 45 78 36 20 39 32 47 73 79 53 18 3 80 66 4 54 31 10 28 35 72 21 68 48 22 16 5 42 44 81 14 41 2 69 60 9 43 50 15 38 17 8 61 40 46 74 55 30 58 24 1 27 63 59 64 33 26 52 65 13 23 56 70 62 57 49 12 76 7 67 6 71 51 37 11 34 
22 73 42 18 33 80 37 48 67 21 61 59 17 65 30 19 72 24 25 2 39 14 44 6 9 52 57 34 74 26 56 7 70 13 15 41 54 79 3 53 62 47 27 46 68 64 10 32 28 50 66 16 81 38 77 31 49 60 71 75 45 51 23 78 11 55 1 58 35 40 8 76 29 12 20 5 4 69 43 36 63 
16 49 5 63 2 46 24 56 35 6 64 48 66 78 70 4 55 38 68 19 27 20 59 65 23 1 22 54 10 53 58 51 36 76 18 43 57 33 28 40 74 45 67 30 32 21 71 14 7 13 31 12 69 34 61 9 62 11 29 37 73 17 8 52 41 75 15 42 25 44 47 39 77 79 60 26 50 80 81 72 3 
13 21 53 61 39 62 52 30 1 20 14 40 5 25 10 56 41 23 70 76 36 50 74 3 7 71 67 6 73 57 32 49 31 29 17 2 37 12 55 8 58 64 42 78 65 11 79 75 60 27 47 45 33 4 34 72 68 15 43 16 81 19 80 48 51 18 63 26 28 77 69 46 59 24 54 44 22 38 35 66 9 
################proper############## 

 average_time = 46.552859 

 success runs = 1 

 total average iters = 801318.000000 
