Success!!! 
 
 max_col = 
 81 
 
 run_time = 
 59.995334 
 
 once iters = 
 904610 
 
5 42 60 10 6 80 13 55 73 7 41 72 26 34 18 37 28 53 75 64 61 23 20 40 38 11 46 43 29 31 30 65 70 17 8 24 12 49 76 62 1 27 81 45 54 16 2 74 15 47 48 56 32 69 66 33 79 36 21 58 50 22 25 44 63 9 77 67 57 59 52 68 35 39 4 78 3 51 19 71 14 
4 76 32 35 78 28 77 45 3 74 14 67 19 65 71 81 49 38 63 8 68 5 50 29 43 47 53 40 7 69 73 80 59 58 12 16 57 33 72 36 21 11 75 18 13 1 70 51 6 44 61 20 22 66 46 26 9 30 52 54 39 62 10 42 41 56 79 24 2 15 34 25 60 55 27 23 37 48 64 31 17 
2 11 70 27 75 1 46 44 16 76 31 79 54 47 33 52 32 66 48 15 19 24 56 21 42 22 67 61 5 14 28 3 50 34 25 53 73 41 51 7 4 39 8 40 43 49 23 13 64 17 62 26 71 77 69 29 80 6 60 45 57 78 37 38 12 65 81 20 35 58 18 55 59 63 74 9 30 68 36 10 72 
66 49 25 68 37 15 65 52 39 51 45 12 4 16 6 77 22 30 76 7 27 55 18 57 79 9 58 64 13 71 81 48 72 10 21 42 50 59 46 60 24 61 53 26 63 29 73 34 28 41 3 31 35 67 2 23 43 11 8 70 14 74 19 62 75 40 33 36 17 78 80 54 5 69 44 47 1 38 32 56 20 
62 79 19 23 53 59 72 57 31 29 25 56 39 61 63 69 20 58 70 44 73 51 81 49 80 26 36 77 78 2 45 32 54 68 6 1 64 74 52 3 65 5 55 17 10 4 33 43 60 9 11 14 21 7 42 24 18 48 13 35 15 38 40 71 16 76 47 8 28 30 27 37 12 22 67 34 46 75 50 66 41 
50 34 63 67 9 47 17 61 29 64 3 44 55 10 46 36 21 80 45 41 2 14 4 72 66 54 37 62 76 74 57 19 35 39 75 11 31 38 22 79 20 6 23 16 58 27 30 42 25 24 78 52 68 18 5 71 73 28 56 12 59 32 65 48 69 70 13 1 26 7 60 51 53 81 43 33 40 15 8 77 49 
8 36 14 21 74 18 38 71 54 59 73 60 43 68 5 9 62 1 65 33 69 35 17 13 78 77 30 22 26 4 79 41 44 49 63 55 25 66 56 34 48 15 28 67 47 57 81 37 53 12 40 39 19 50 31 64 3 20 27 76 75 51 16 72 11 32 10 61 29 23 46 45 80 70 52 6 42 24 58 7 2 
30 64 26 41 22 20 81 40 56 24 17 48 27 57 70 8 13 42 12 16 39 32 71 74 10 31 28 51 52 15 67 33 60 66 37 23 44 35 69 9 19 2 77 78 80 75 58 5 38 65 63 46 59 36 47 1 7 4 72 68 34 55 61 43 53 14 21 6 49 50 3 73 62 18 76 25 54 45 29 79 11 
48 24 43 7 58 69 51 12 33 78 50 11 40 23 35 2 15 75 3 59 6 1 62 60 25 52 34 38 46 27 18 20 36 56 9 47 14 68 42 70 32 37 29 71 30 79 55 72 54 8 76 80 10 45 67 77 81 41 17 53 63 44 49 19 64 31 5 4 22 66 74 39 21 65 57 16 73 28 13 61 26 
12 16 35 57 30 70 6 67 13 49 63 53 72 27 47 26 31 5 17 19 43 75 64 65 62 28 4 15 77 41 42 38 22 8 54 79 56 1 68 29 69 52 24 48 21 2 14 18 74 60 39 9 33 23 20 58 32 7 37 80 61 76 11 51 55 78 46 25 40 34 81 50 10 73 59 71 45 36 66 44 3 
56 75 51 49 62 50 25 32 40 70 71 18 42 78 34 43 65 20 68 46 54 12 60 37 76 16 27 24 2 59 55 36 48 69 39 6 38 64 19 57 17 74 31 11 44 41 45 15 1 81 73 66 5 61 30 3 63 23 79 8 77 26 22 52 33 35 7 14 67 47 10 9 29 13 80 72 21 53 4 58 28 
61 37 79 66 81 41 22 76 21 17 2 24 64 40 59 12 19 8 71 9 11 57 14 77 58 15 33 29 80 52 62 75 73 51 32 31 4 13 5 67 28 60 25 55 53 65 43 68 7 10 16 72 3 44 6 47 35 69 78 56 46 70 74 39 20 36 49 45 63 42 1 23 27 48 30 54 50 34 38 26 18 
77 9 36 69 38 33 11 7 2 56 66 21 32 37 39 45 10 61 81 48 47 22 1 34 24 79 73 46 27 70 64 57 3 67 14 25 72 12 80 20 18 51 76 62 40 6 71 30 50 28 26 78 4 42 68 59 55 13 54 31 16 41 60 53 44 17 29 43 19 8 58 5 74 35 15 52 49 63 65 75 23 
74 59 80 20 27 3 8 43 26 54 9 35 58 1 4 29 16 7 49 13 56 36 78 50 31 41 61 23 44 28 10 71 40 21 76 65 45 30 15 75 63 77 37 46 33 51 48 32 12 25 34 17 79 24 39 19 53 52 38 81 67 66 14 73 18 72 57 68 6 64 2 11 22 62 55 69 5 70 47 42 60 
17 1 65 19 45 64 47 23 34 69 68 55 52 77 48 41 60 46 8 74 30 67 80 66 44 35 20 9 56 58 72 50 12 4 13 33 7 26 59 10 39 14 49 81 6 54 21 53 27 37 31 22 29 63 25 18 2 75 40 36 73 42 5 28 70 3 16 15 32 38 62 71 79 43 51 57 24 11 61 76 78 
55 10 18 48 24 52 31 28 14 25 51 36 38 80 11 44 23 15 21 5 70 2 72 63 53 42 59 66 68 7 49 60 61 20 81 74 35 16 79 58 78 73 3 34 8 19 13 46 67 69 57 40 47 62 27 43 71 45 50 29 4 65 12 54 77 37 75 41 76 26 22 30 33 64 9 39 6 17 56 32 1 
58 53 71 72 68 78 39 5 44 73 75 14 76 13 67 50 6 28 10 40 45 29 26 3 69 18 32 11 16 34 47 30 63 1 35 17 65 22 43 23 41 42 61 54 2 70 59 49 55 77 80 36 52 38 9 62 33 51 24 15 64 57 21 56 48 4 74 27 60 31 66 79 19 46 25 20 12 8 81 37 7 
60 73 29 54 15 63 4 42 46 30 81 33 74 79 57 62 3 22 51 38 25 7 23 55 52 39 6 19 45 43 53 18 26 5 78 37 9 47 71 66 27 36 70 50 32 76 75 56 35 58 64 11 20 8 28 34 1 72 49 17 44 10 48 59 80 24 12 69 61 13 21 65 16 68 2 40 31 67 14 41 77 
41 62 39 56 73 24 30 19 11 12 29 10 33 51 15 4 81 45 58 50 55 44 31 64 57 60 17 65 1 13 21 37 25 32 3 2 78 48 67 71 80 28 20 47 79 69 68 54 61 14 59 8 72 75 23 35 27 74 22 38 70 6 26 5 43 42 63 7 18 53 76 34 36 49 40 46 77 52 9 16 66 
1 68 42 2 17 36 14 65 15 48 46 57 34 58 61 13 80 71 5 18 12 45 75 30 11 81 51 6 10 78 41 54 67 76 43 27 19 77 73 26 16 3 63 9 38 31 44 25 33 64 66 35 40 53 55 7 49 62 20 32 60 72 56 50 59 47 39 29 79 52 37 21 23 24 8 4 70 69 28 22 74 
46 52 67 59 4 55 69 51 74 60 19 50 5 49 66 17 30 73 78 71 14 68 38 61 6 53 48 63 24 29 11 81 34 36 58 22 1 54 40 31 35 64 72 33 7 32 77 23 79 3 18 42 43 37 44 8 57 16 76 10 9 80 15 25 65 62 28 2 13 45 56 70 39 21 26 27 75 41 20 47 12 
22 80 33 70 34 12 49 58 57 40 72 7 41 43 24 23 68 18 27 76 29 42 54 19 36 2 16 59 66 46 26 74 8 9 73 45 60 4 25 53 51 30 69 14 62 20 78 38 81 39 5 13 65 52 11 28 67 77 48 21 37 47 17 3 71 6 1 64 75 32 15 31 50 44 61 35 79 10 55 63 56 
13 6 72 28 3 35 10 9 79 39 8 26 78 36 65 32 14 44 67 24 7 77 63 46 56 33 41 69 49 62 20 64 17 60 53 52 70 34 21 15 23 57 22 59 18 45 50 58 11 51 47 71 48 16 61 54 40 29 75 5 12 1 42 55 4 80 66 81 27 74 19 38 43 76 37 68 25 2 31 30 73 
27 18 21 40 25 71 76 47 38 2 55 77 70 42 64 16 79 56 74 3 66 9 37 59 22 62 65 44 15 35 12 5 31 19 48 75 46 32 61 39 45 49 17 29 50 24 57 67 10 30 36 60 80 28 43 4 68 63 58 69 13 52 51 20 8 11 41 72 54 73 23 26 7 33 78 14 34 81 1 53 6 
78 77 7 8 50 66 44 20 48 3 6 74 75 28 9 11 63 31 43 35 72 13 73 23 32 1 39 47 71 42 61 40 18 79 38 57 5 52 27 24 10 55 12 56 37 21 26 17 2 19 4 76 70 41 64 25 46 14 33 34 53 45 81 69 36 67 68 49 58 22 30 16 54 15 60 51 80 59 62 65 29 
45 54 61 81 26 5 23 31 53 27 38 37 22 62 69 47 67 21 20 52 49 40 15 79 4 70 25 33 14 30 80 55 16 28 68 39 13 8 74 11 75 58 43 6 76 7 63 29 34 56 46 1 9 73 19 36 59 78 65 2 41 50 66 35 17 12 24 10 44 51 77 60 3 42 72 64 71 32 18 57 48 
75 63 16 32 29 43 60 64 37 20 76 1 25 54 53 59 35 52 69 28 10 26 34 80 21 8 47 70 4 50 7 51 77 23 72 56 2 36 81 42 44 41 68 66 65 15 74 27 62 22 12 6 49 55 71 31 30 73 3 24 79 18 39 78 40 46 61 57 9 48 14 33 13 5 45 67 38 19 17 11 58 
6 30 5 47 40 51 16 54 27 45 1 78 80 44 21 55 48 17 60 79 67 11 33 28 59 29 69 31 32 61 19 63 81 24 10 72 77 25 12 76 43 20 58 73 71 14 38 75 9 49 35 7 13 70 15 52 64 65 36 50 26 34 62 68 57 18 4 42 8 2 39 3 46 56 41 37 22 66 74 23 53 
32 39 50 11 56 57 55 70 18 46 5 63 73 4 43 75 33 40 80 72 23 74 76 52 19 51 42 36 21 77 27 16 1 47 15 38 41 29 8 61 37 62 34 44 9 64 24 12 20 26 28 58 25 65 53 48 60 59 6 22 7 17 30 81 66 54 78 13 69 10 79 14 67 3 71 45 35 31 2 49 68 
64 13 34 78 77 81 29 26 12 57 58 32 51 20 30 68 36 47 14 61 22 48 40 1 49 63 15 45 3 66 59 53 33 65 69 62 52 10 55 35 50 56 21 79 39 44 17 41 43 71 67 74 60 80 37 42 76 31 16 28 25 2 46 7 9 75 11 23 70 24 6 27 18 4 54 8 19 72 73 5 38 
67 74 45 3 79 22 61 14 8 31 35 42 69 19 13 25 50 60 55 56 65 16 68 41 20 66 43 30 37 18 78 7 49 46 34 70 54 80 6 28 2 53 64 57 17 77 11 39 72 23 52 29 81 59 24 44 10 32 5 40 1 4 73 63 26 38 58 71 47 62 33 76 51 27 75 15 48 9 12 36 21 
76 28 53 15 66 58 80 48 9 26 22 39 8 7 37 56 2 70 46 12 75 34 27 25 45 5 57 20 17 64 54 52 4 14 67 41 47 78 36 13 60 24 74 23 42 33 18 55 3 6 68 21 73 1 79 63 61 38 77 49 71 11 72 31 50 30 59 19 51 16 44 35 65 10 81 43 29 62 69 40 32 
20 60 62 24 44 42 21 4 71 28 59 23 12 41 49 34 72 29 53 36 8 3 35 54 17 38 70 48 6 5 39 11 57 26 74 73 68 18 65 14 30 46 33 27 67 22 16 66 51 50 2 10 31 47 13 69 75 9 81 55 80 19 78 32 25 45 40 37 15 56 43 52 58 1 7 77 61 79 63 64 76 
59 41 31 63 19 73 68 35 7 62 54 52 15 9 16 79 11 3 30 39 71 78 47 81 50 24 10 58 12 44 22 29 56 43 2 76 48 70 38 32 72 75 26 1 45 37 5 36 57 46 69 4 61 40 21 66 23 27 18 74 51 67 8 77 28 53 60 65 64 49 55 20 42 6 34 80 14 25 33 17 13 
65 72 38 43 10 23 36 69 1 71 64 76 18 66 77 14 27 6 37 26 44 31 13 2 9 73 62 75 51 40 8 25 79 80 42 28 22 81 49 19 7 63 11 15 4 48 54 78 30 45 32 34 53 56 58 41 47 35 39 3 68 20 33 12 29 61 17 21 74 46 5 67 57 52 16 60 59 50 24 55 70 
33 2 17 46 49 25 37 75 52 53 10 65 81 38 74 24 61 67 32 21 58 4 6 18 64 7 77 50 9 55 60 23 68 35 71 13 66 5 3 40 31 16 51 69 59 42 8 63 76 15 79 19 62 27 29 45 12 70 43 14 54 56 57 1 34 22 72 80 73 41 36 48 26 28 20 44 11 78 30 39 47 
63 27 76 12 69 39 62 13 60 33 23 19 1 75 54 6 4 43 15 67 42 58 24 68 48 55 35 18 57 81 9 78 21 37 52 10 53 31 17 2 47 66 44 80 41 26 29 22 46 5 71 61 16 14 51 79 28 34 32 30 72 40 45 74 3 25 65 73 11 77 7 59 8 36 38 49 56 64 70 20 50 
14 29 37 36 51 75 58 3 72 42 67 46 2 32 60 31 73 11 6 63 53 49 5 9 1 27 50 16 70 25 56 8 76 62 23 44 40 79 39 30 71 81 15 10 34 18 12 65 66 59 41 38 17 48 74 80 21 24 64 19 69 61 7 57 35 33 43 47 78 54 20 28 52 26 22 55 13 77 45 68 4 
79 70 81 26 23 46 53 80 66 22 24 15 45 29 52 21 40 34 38 2 18 25 59 43 7 76 54 5 28 20 14 17 41 31 49 77 74 62 35 64 58 69 56 37 68 78 19 1 47 27 8 55 39 57 36 73 50 44 9 33 3 12 63 13 67 10 51 48 42 4 72 75 30 32 6 65 16 71 11 60 61 
25 20 57 65 48 2 74 56 64 68 70 59 28 12 62 63 78 37 22 32 41 30 45 11 40 36 80 71 58 19 50 67 29 55 47 54 23 21 9 18 42 33 60 4 77 43 72 6 75 73 7 81 76 15 38 39 26 5 35 16 17 14 13 27 52 49 8 34 46 69 61 53 1 79 3 31 66 44 10 24 51 
16 7 54 45 11 67 35 22 43 9 69 13 20 30 25 57 55 72 61 51 79 71 12 14 81 46 19 39 53 73 38 66 74 2 26 48 63 3 78 65 49 8 6 75 27 68 36 4 70 62 50 32 44 60 59 37 31 56 10 52 76 77 23 58 21 1 64 40 80 5 17 24 15 29 42 18 33 47 41 28 34 
40 21 1 61 8 10 24 34 5 79 74 16 53 50 38 71 17 39 64 69 77 47 44 78 33 23 56 27 60 22 15 13 46 63 11 30 43 57 29 55 36 12 52 51 48 3 28 2 80 31 54 45 42 35 65 20 58 25 67 4 6 49 41 70 14 26 18 66 68 9 32 62 73 75 19 81 76 37 7 72 59 
19 31 59 52 18 4 41 6 17 44 49 58 77 56 81 27 66 76 72 65 28 10 39 26 75 13 8 3 64 33 36 68 24 61 45 34 32 11 20 16 70 25 73 7 1 74 67 21 37 40 30 69 51 9 54 53 42 57 46 43 62 29 47 60 38 79 22 50 55 71 12 15 48 14 63 5 23 80 78 2 35 
71 15 77 38 47 68 28 73 78 10 26 61 14 64 80 65 7 51 16 17 62 66 29 31 74 21 3 4 79 32 6 42 43 12 40 35 76 24 50 72 67 45 59 22 5 11 34 20 49 52 33 23 56 13 70 60 48 2 1 18 55 8 75 37 39 41 19 44 30 81 63 36 69 57 46 58 9 54 53 25 27 
44 50 30 42 55 49 9 33 32 47 48 3 36 5 8 18 41 35 52 73 4 37 57 70 34 20 60 1 69 72 75 59 65 7 80 51 26 61 14 46 13 54 19 38 28 53 25 77 58 63 24 79 64 10 22 15 66 71 11 27 78 81 68 45 31 23 2 76 56 6 16 29 17 67 62 21 43 74 39 12 40 
53 35 4 76 36 8 2 62 42 75 27 17 50 70 73 58 25 59 39 6 33 46 61 15 63 48 45 41 81 47 71 31 69 18 30 20 49 67 32 5 57 9 10 12 64 13 80 19 23 21 44 28 14 22 78 40 38 68 7 51 11 3 77 65 72 66 54 60 16 55 29 43 34 37 24 74 26 56 52 1 79 
3 22 68 37 65 26 59 17 51 43 4 9 61 6 2 46 53 12 66 34 78 56 10 27 47 57 18 28 63 45 76 21 13 72 24 8 36 75 54 74 55 29 41 25 19 81 49 16 39 1 42 62 15 79 73 50 69 64 23 71 30 60 58 40 7 52 31 77 14 35 48 32 70 80 11 38 67 20 44 33 5 
49 66 12 58 5 40 33 72 55 8 78 81 63 35 42 51 74 41 44 14 16 79 28 69 37 59 9 2 65 75 29 62 64 73 19 60 21 56 26 68 77 71 38 30 23 52 32 57 31 36 6 67 7 3 4 76 34 53 45 20 24 43 54 15 27 50 80 18 1 11 70 46 25 47 17 61 10 13 22 48 39 
47 44 23 25 31 9 70 41 10 37 7 29 48 39 40 66 54 79 11 62 76 73 51 71 26 43 55 68 74 80 17 22 32 3 61 58 69 60 13 52 8 50 2 53 78 59 27 24 65 33 77 63 46 34 75 21 5 18 19 67 81 15 1 64 6 20 56 38 12 57 49 4 72 30 28 42 36 35 16 14 45 
81 48 15 75 1 7 27 60 20 55 28 62 67 45 36 76 77 68 41 49 17 80 58 32 54 64 12 52 25 26 51 46 38 33 5 4 37 40 18 6 73 22 16 24 66 35 61 8 71 72 70 30 74 11 14 56 44 47 29 42 10 39 31 34 79 69 23 53 3 63 59 13 9 50 65 2 78 43 21 19 57 
18 69 78 30 71 34 45 11 19 72 32 49 16 22 26 15 44 33 77 31 24 8 36 75 13 50 38 7 54 12 23 1 53 70 59 67 80 20 4 48 79 65 27 3 14 56 76 9 17 2 29 43 66 5 35 57 62 61 25 63 52 46 6 47 10 28 37 74 39 21 51 42 40 58 64 41 68 73 60 81 55 
29 67 28 74 13 14 63 39 77 65 21 34 30 18 56 10 71 57 40 25 1 52 7 5 60 3 23 35 50 11 37 49 78 6 66 36 17 46 58 51 33 47 42 43 72 38 20 69 68 53 45 73 54 64 80 27 41 26 70 79 48 16 55 2 81 19 9 22 62 44 24 61 32 8 31 76 4 12 15 59 75 
73 43 6 79 57 21 32 46 80 19 20 31 24 52 14 64 38 69 42 29 74 81 67 4 65 30 2 55 39 48 16 34 9 77 56 40 61 28 62 1 11 44 35 70 15 47 51 10 41 18 60 50 37 58 72 13 17 12 66 59 22 33 36 75 76 8 26 5 45 68 25 78 49 54 23 63 53 7 3 27 71 
52 61 56 16 54 38 64 50 24 23 11 5 60 3 1 80 47 13 35 22 20 21 70 53 68 19 72 79 42 10 44 27 14 15 57 43 81 39 7 59 34 76 45 63 31 12 4 26 40 48 25 75 55 78 32 49 8 37 74 65 2 28 9 33 58 71 73 30 41 36 67 17 77 66 18 29 62 6 51 46 69 
42 25 2 1 21 6 20 16 63 81 79 51 3 59 7 72 52 14 34 60 5 27 48 35 29 40 13 37 23 57 33 4 66 22 17 12 55 15 53 47 62 78 18 19 70 67 46 11 73 75 65 68 45 32 77 9 36 43 41 39 31 54 28 76 74 44 50 56 10 80 69 49 24 38 58 26 64 61 71 8 30 
7 33 75 55 67 30 71 78 41 4 34 22 6 60 76 49 1 27 62 80 36 18 79 42 12 45 74 72 8 53 31 61 5 29 70 69 20 37 66 73 68 59 40 58 24 9 10 28 26 35 19 57 77 51 48 38 16 15 2 23 32 13 44 21 46 63 14 3 65 25 47 64 56 17 50 11 52 39 54 43 81 
31 8 64 60 35 65 66 53 59 50 13 40 47 2 75 74 70 63 23 55 51 54 77 73 30 4 14 49 43 36 68 58 39 27 1 19 3 9 45 80 52 7 5 21 46 17 42 71 44 61 20 41 38 72 76 12 56 79 26 62 29 24 67 11 37 16 15 28 48 33 78 81 6 34 32 22 57 18 25 69 10 
51 3 58 62 39 56 50 81 45 21 57 64 68 48 41 35 9 10 1 37 31 19 52 17 15 32 24 26 73 16 63 6 28 38 7 14 42 65 60 44 61 13 54 72 12 36 66 76 22 78 43 25 27 4 49 74 11 55 71 46 47 69 20 18 30 29 34 59 23 70 8 40 75 77 53 79 2 33 5 67 80 
10 26 13 80 46 27 79 29 23 16 61 69 44 17 55 20 5 65 7 43 57 53 9 22 67 25 78 74 48 3 35 15 47 30 50 18 75 71 34 8 64 32 36 41 11 58 6 33 56 70 1 12 24 81 52 14 19 42 51 73 66 21 59 4 54 2 62 39 31 60 38 77 76 40 68 28 72 49 37 45 63 
38 4 9 77 14 19 18 49 36 58 39 28 56 31 29 73 46 54 26 68 63 6 2 47 8 72 44 76 67 24 52 10 11 64 65 71 27 69 48 43 74 17 50 35 25 80 62 60 59 79 53 5 34 21 57 81 78 40 61 37 33 30 3 41 45 51 32 12 7 1 75 22 55 16 66 70 20 42 23 13 15 
70 47 52 73 72 32 5 37 69 67 53 30 11 25 23 19 8 24 33 20 3 76 16 39 41 71 21 81 59 51 77 56 62 75 44 80 79 14 63 22 38 4 57 28 49 50 40 7 13 74 15 18 2 54 17 68 6 10 34 60 45 64 27 61 42 55 36 26 66 43 9 58 31 12 1 48 65 29 35 78 46 
68 57 40 44 43 48 54 15 61 18 80 45 71 26 12 33 37 78 28 70 64 69 66 38 46 56 11 25 34 79 13 9 20 42 60 32 10 76 31 77 29 23 1 2 81 39 47 52 63 16 55 3 30 49 8 65 72 22 4 75 58 7 50 67 5 27 53 35 24 17 73 6 41 19 14 62 51 21 59 74 36 
24 12 22 17 28 11 34 74 76 36 42 66 62 15 32 38 43 77 59 58 81 50 65 10 61 49 75 54 41 21 46 2 45 40 55 78 30 51 16 33 6 26 67 39 56 8 69 14 48 29 37 64 23 31 63 70 25 80 53 1 18 5 35 79 13 57 20 52 71 19 68 72 44 60 47 73 7 4 27 3 9 
15 56 46 53 60 79 26 27 49 52 12 75 23 67 44 1 45 48 19 77 37 65 30 8 2 80 64 32 31 63 34 47 55 50 36 29 33 43 41 25 3 10 39 61 22 5 7 81 42 11 51 24 28 68 18 16 14 76 73 57 21 71 70 66 78 58 35 9 72 20 4 74 38 59 13 17 69 40 6 54 62 
80 81 11 22 33 77 78 2 67 6 47 71 7 69 31 3 51 64 25 53 60 61 41 58 16 14 49 73 62 54 43 39 23 74 4 26 29 72 1 38 40 79 46 42 20 63 65 48 36 66 56 44 18 17 34 55 24 50 15 13 35 59 32 8 68 21 70 75 5 76 28 19 37 45 10 12 27 30 57 9 52 
9 19 8 51 64 13 57 25 30 14 60 73 49 46 10 40 76 26 31 66 21 17 55 56 5 12 29 53 38 68 48 77 52 78 79 7 58 23 75 50 15 35 4 32 36 71 1 70 69 80 22 37 6 39 62 11 20 81 28 44 27 63 43 24 47 59 45 54 34 61 42 41 2 72 33 3 74 16 67 18 65 
72 23 24 31 70 29 42 36 65 13 43 25 66 81 58 28 57 74 4 1 26 33 3 48 51 68 79 17 61 67 5 45 10 44 20 49 18 6 77 37 12 34 14 64 60 62 35 59 52 54 27 15 78 76 56 30 39 19 47 9 8 75 2 16 32 7 55 11 38 40 71 69 63 53 73 50 41 46 80 21 22 
34 45 3 5 32 16 7 59 28 38 56 4 65 33 20 61 18 2 73 42 9 72 22 36 70 67 52 14 35 37 69 12 75 41 64 15 71 27 47 63 66 19 80 68 55 30 60 50 21 13 49 53 57 74 1 10 54 46 31 77 40 58 29 6 62 43 48 17 25 79 26 44 78 11 39 24 81 23 76 51 8 
69 40 20 14 61 74 1 68 58 35 36 80 21 72 22 30 34 19 24 10 59 15 46 6 27 75 71 42 33 8 25 76 2 57 28 81 62 44 11 17 54 70 7 13 51 73 9 45 32 55 38 16 67 26 3 78 4 60 12 41 65 53 79 23 56 39 52 63 77 37 50 18 64 31 49 66 47 5 48 29 43 
43 71 41 18 76 44 73 66 35 77 62 54 17 63 50 70 42 55 47 11 34 39 32 20 23 78 40 21 22 6 58 24 27 59 16 3 67 45 28 81 56 48 9 65 52 46 31 79 8 4 10 33 12 25 7 72 74 49 69 26 5 37 38 80 2 13 30 51 53 29 64 57 14 61 36 75 60 1 68 15 19 
37 17 55 39 12 62 48 63 4 32 15 27 29 8 68 5 59 9 57 54 50 38 43 7 35 69 81 13 18 65 1 72 30 11 46 66 16 2 24 49 53 21 78 76 74 40 64 47 19 34 75 77 41 20 45 61 51 67 80 6 23 25 52 22 73 60 3 33 36 14 31 10 28 71 79 56 44 58 26 70 42 
21 38 47 50 52 54 75 10 6 11 37 41 79 53 78 39 24 16 18 45 13 63 74 62 28 44 76 56 19 60 40 70 80 71 51 9 8 73 57 69 59 31 30 5 26 23 3 61 14 43 72 2 58 29 33 17 22 66 42 48 36 68 64 49 1 15 27 46 81 67 65 12 4 20 77 7 32 55 34 35 25 
11 65 73 6 20 76 19 24 70 66 44 8 13 21 27 67 26 4 2 30 48 64 53 33 39 37 5 57 75 56 32 35 71 16 29 59 28 58 23 45 25 18 79 74 3 10 22 40 78 38 9 51 1 43 50 46 77 17 55 47 42 31 80 14 61 68 69 62 52 72 41 63 81 7 12 36 15 60 49 34 54 
36 51 74 33 42 53 3 18 81 61 65 47 10 14 17 7 75 50 54 23 40 70 21 67 73 34 66 80 55 1 24 44 15 25 77 63 6 19 37 78 26 72 62 8 29 60 56 31 45 68 58 59 69 12 41 32 52 39 30 64 49 35 71 46 22 48 38 79 20 27 57 2 11 9 5 13 28 76 43 4 16 
57 46 10 13 59 61 52 79 62 41 16 70 35 74 51 42 64 36 29 27 32 28 25 44 71 58 1 60 11 76 3 43 37 45 31 68 39 7 33 56 22 40 65 49 73 34 53 80 5 20 17 48 50 2 12 75 15 8 14 72 38 9 69 30 23 81 67 55 4 18 54 66 47 78 21 19 63 26 77 6 24 
54 14 49 34 80 17 40 21 22 1 52 38 57 73 28 60 12 25 79 4 46 43 8 45 55 6 31 78 20 9 66 69 51 53 18 61 59 42 64 41 5 67 32 36 16 72 15 35 77 7 81 27 63 30 26 2 37 3 62 11 19 48 76 29 24 74 71 70 33 39 13 47 68 23 56 10 58 65 75 50 44 
26 78 27 71 63 45 56 30 68 5 77 20 31 24 79 48 29 49 36 47 15 60 42 76 72 10 7 8 40 39 70 73 19 81 62 21 11 55 2 12 9 43 13 52 57 25 37 44 4 67 74 54 75 33 16 22 65 58 59 61 28 23 53 17 51 34 6 32 50 3 35 80 66 41 69 1 18 14 46 38 64 
35 32 69 9 41 72 15 1 47 34 18 6 37 76 19 78 39 23 50 81 52 59 11 16 3 61 68 12 36 38 2 26 58 48 33 64 51 53 70 21 14 80 66 20 75 55 79 73 24 57 13 65 8 46 60 5 45 54 63 25 56 27 4 10 49 77 44 31 43 28 40 7 71 74 29 30 17 22 42 62 67 
23 55 66 29 7 37 12 8 25 63 30 43 46 71 3 54 69 62 56 57 38 41 19 51 18 65 26 34 47 17 74 79 42 13 22 5 15 50 10 4 81 68 48 77 61 28 52 64 16 32 14 49 11 6 40 67 70 33 44 78 20 36 24 9 60 73 76 58 21 75 53 1 45 2 35 59 39 27 72 80 31 
39 58 48 64 16 31 43 77 50 80 33 2 9 11 72 53 56 81 13 75 35 62 49 12 14 17 22 67 30 23 4 28 7 52 27 46 24 63 44 54 76 38 71 60 69 61 41 3 18 42 21 47 36 19 10 6 29 1 68 66 74 79 34 26 15 5 25 78 59 65 45 8 20 51 70 32 55 57 40 73 37 
28 5 44 4 2 60 67 38 75 15 40 68 59 55 45 22 58 32 9 78 80 20 69 24 77 74 63 10 72 49 65 14 6 54 41 50 34 17 30 27 46 1 47 31 35 66 39 62 29 76 23 70 26 71 81 51 13 21 57 7 43 73 18 36 19 64 42 16 37 12 11 56 61 25 48 53 8 3 79 52 33 
################proper############## 

 average_time = 59.995334 

 success runs = 1 

 total average iters = 904610.000000 
