Success!!! 
 
 max_col = 
 81 
 
 run_time = 
 195.916184 
 
 once iters = 
 3100499 
 
62 45 69 58 26 76 5 77 9 48 52 40 15 34 78 11 56 47 54 21 80 12 64 25 75 49 42 35 51 55 6 57 79 74 73 27 36 41 63 39 71 50 19 2 33 10 61 81 17 65 59 20 46 28 24 14 37 29 44 7 38 60 72 4 53 66 3 31 43 70 30 16 67 13 32 18 1 23 68 8 22 
34 54 4 1 32 25 73 78 60 49 31 53 30 28 61 17 62 41 65 45 57 3 67 22 44 37 6 13 46 5 8 71 40 63 20 11 59 72 10 29 38 76 9 24 7 66 58 12 64 18 48 47 21 43 68 35 52 19 33 51 56 80 70 77 74 42 23 69 81 79 55 39 26 27 75 36 50 15 2 14 16 
56 39 49 24 55 46 48 35 50 2 54 8 74 37 59 79 80 38 16 10 5 40 17 26 77 30 52 41 42 21 28 47 61 18 72 9 11 12 68 69 23 20 75 67 44 62 25 57 6 3 15 51 1 53 65 81 78 27 32 13 73 34 58 29 14 19 7 33 22 36 76 45 66 60 4 71 43 63 31 70 64 
27 44 17 19 30 20 37 23 59 73 42 14 4 66 29 68 60 81 11 34 55 70 48 72 71 46 61 22 2 52 54 10 7 1 33 32 56 3 43 18 16 49 15 74 80 13 38 63 9 39 77 41 67 69 8 76 26 75 47 31 36 28 50 65 12 25 5 24 64 62 6 51 58 78 35 57 40 45 79 53 21 
18 66 8 64 11 21 38 53 57 70 58 45 3 13 75 44 63 76 50 35 33 69 56 59 62 9 4 60 39 77 15 37 23 25 68 43 31 55 26 51 30 54 65 28 81 71 7 36 27 14 73 72 24 78 79 12 61 2 48 5 41 22 16 40 20 17 80 67 46 1 32 34 10 52 47 74 49 42 6 29 19 
71 31 12 33 74 40 47 80 63 77 55 22 32 1 65 46 39 18 79 41 81 14 78 60 58 43 15 48 64 24 36 19 76 44 49 34 45 73 25 8 42 53 5 21 70 52 68 26 16 4 29 23 35 75 69 67 66 10 3 17 6 57 54 50 27 2 9 28 37 13 56 11 61 30 20 72 62 7 59 51 38 
51 41 70 75 43 14 42 15 67 6 10 71 33 72 20 5 12 23 36 38 18 39 2 7 68 29 1 50 31 56 59 16 69 26 66 58 27 17 62 22 32 57 13 79 47 80 30 55 8 44 19 34 76 45 11 46 77 4 64 53 74 40 25 63 48 60 49 78 35 52 21 61 24 3 81 54 28 73 9 65 37 
52 16 68 81 6 2 7 28 10 27 35 36 25 50 67 57 51 69 47 24 20 53 31 8 13 19 32 38 62 4 65 3 14 70 45 29 34 37 78 1 61 66 64 77 48 22 40 56 42 11 60 54 74 79 63 23 43 9 30 21 49 39 71 15 18 44 73 59 75 72 26 58 12 17 55 80 41 46 5 76 33 
65 79 3 22 29 72 36 61 13 9 16 24 64 26 19 43 7 21 27 51 73 28 74 63 23 66 76 78 17 12 80 67 53 81 75 30 35 58 52 40 4 46 6 14 60 70 32 50 5 33 2 37 31 49 42 45 55 18 59 15 62 1 20 41 10 8 54 38 47 68 57 71 56 34 11 39 77 69 48 25 44 
58 50 59 17 52 55 9 39 1 16 46 79 20 12 38 73 42 80 37 65 54 36 62 64 8 71 40 28 69 41 61 66 70 51 18 4 21 10 22 5 49 33 45 15 68 57 3 60 76 43 23 53 14 74 26 47 32 81 29 48 78 72 34 30 31 6 56 77 44 24 25 19 13 2 63 11 7 27 75 67 35 
2 7 5 60 33 69 79 49 42 66 11 21 63 29 56 41 70 55 81 39 48 77 12 47 53 61 38 71 25 67 26 73 32 8 37 31 6 40 80 76 54 75 43 64 65 36 46 16 72 78 27 59 30 10 13 52 28 1 35 74 24 44 15 58 34 3 51 68 18 20 14 50 45 19 23 4 22 9 17 62 57 
44 24 66 46 12 78 35 75 53 1 45 34 14 9 43 39 61 30 28 16 49 5 6 73 4 26 21 65 27 19 20 72 80 58 38 81 29 51 69 41 77 71 31 56 79 7 48 11 54 62 25 13 17 22 18 42 57 40 63 50 2 33 3 60 67 15 47 23 32 76 64 37 74 59 36 8 70 68 55 52 10 
19 61 56 10 15 77 31 16 80 54 72 18 71 33 27 74 52 50 60 67 22 46 7 78 14 70 3 29 40 45 30 53 2 17 5 75 26 13 81 24 28 47 34 73 35 68 4 1 58 63 55 39 20 38 25 43 64 6 9 66 59 36 23 42 57 49 79 65 8 48 11 62 21 44 37 41 76 51 12 69 32 
45 65 20 3 72 4 21 74 54 81 13 78 44 22 62 67 53 51 24 25 32 23 50 55 2 68 66 15 76 43 60 79 6 57 47 56 7 38 37 9 8 48 14 1 52 29 28 40 71 49 42 61 75 19 27 16 12 30 10 41 70 11 46 69 26 59 36 35 5 73 17 63 64 33 58 77 34 31 18 39 80 
26 40 14 48 22 13 68 18 62 31 23 4 19 32 15 28 3 57 76 30 41 52 27 35 45 51 75 44 10 63 64 11 24 78 54 77 58 74 66 25 59 36 55 50 39 65 5 6 37 9 34 80 47 2 67 17 20 71 69 8 61 21 38 72 7 33 12 70 16 43 46 1 81 53 73 56 42 60 29 79 49 
38 6 71 47 73 43 29 51 64 60 36 5 58 8 24 65 25 10 63 20 19 74 13 56 31 1 17 59 14 23 68 39 33 34 21 35 16 57 42 78 53 44 11 70 32 15 50 18 67 12 52 77 69 41 62 55 7 76 49 37 79 4 80 75 9 54 61 22 45 27 2 81 28 66 26 40 46 48 30 72 3 
23 67 25 11 41 32 76 34 8 37 26 7 48 77 69 64 59 68 15 29 58 79 42 57 10 72 18 36 1 62 52 55 16 46 9 49 3 2 12 4 17 30 63 27 20 31 70 33 66 35 81 21 45 44 56 22 65 5 60 19 75 51 73 28 40 80 13 39 53 78 71 74 47 38 6 50 61 14 43 24 54 
57 36 28 63 27 30 70 81 37 40 6 49 2 75 17 76 47 35 80 9 59 44 69 43 11 33 34 3 48 42 13 74 12 22 50 7 23 46 72 61 67 62 60 19 18 56 51 79 73 26 64 32 8 24 58 54 68 77 31 45 39 14 53 52 38 10 29 66 55 41 4 21 16 65 15 1 78 20 71 5 25 
69 74 32 73 64 12 16 38 3 42 53 1 67 51 57 48 79 59 77 78 68 18 61 31 54 11 19 47 6 10 72 30 44 76 36 52 66 20 24 62 60 37 8 33 28 27 17 39 55 5 13 46 34 4 2 58 81 15 14 23 7 25 63 26 45 50 22 75 21 80 35 70 40 43 41 49 65 71 56 9 29 
30 59 19 53 14 31 6 1 48 62 76 2 17 36 63 33 29 49 43 69 40 80 58 45 27 44 10 5 32 15 25 20 11 39 74 8 75 71 4 73 57 22 81 41 3 78 26 61 7 50 37 52 70 54 55 21 13 65 72 77 46 66 35 23 56 9 34 60 79 12 28 38 51 42 16 64 47 24 67 18 68 
49 62 72 42 77 75 25 70 33 19 69 58 24 5 23 40 11 61 20 1 29 6 59 4 32 47 67 21 80 79 7 43 65 13 71 66 14 78 56 74 55 35 68 12 64 63 31 10 57 45 38 9 22 73 48 39 50 26 76 34 53 30 51 3 44 52 2 27 36 16 18 41 60 81 54 37 15 28 46 17 8 
5 29 61 23 13 65 71 67 26 50 34 27 80 21 18 32 54 9 70 79 38 60 14 28 35 7 25 19 78 40 57 17 59 16 12 1 10 77 15 30 2 45 58 49 46 47 76 41 24 64 44 56 51 3 43 37 31 11 73 52 69 8 68 74 33 81 39 48 20 42 72 6 53 75 22 62 4 66 36 63 55 
10 15 50 36 37 54 52 40 27 25 78 41 70 43 73 45 71 26 5 57 17 34 3 51 42 2 8 55 53 28 4 61 56 35 46 68 39 7 18 80 65 19 21 63 9 49 75 67 60 69 30 81 66 48 38 64 16 44 74 24 22 47 79 76 29 13 62 58 11 32 59 77 31 12 14 33 23 72 20 1 6 
60 43 24 44 20 28 41 22 56 47 4 66 68 15 39 8 55 14 21 33 72 37 26 16 76 63 81 45 9 3 62 75 58 54 23 67 53 69 48 31 6 38 51 11 1 40 35 74 29 2 65 25 42 36 12 70 80 57 78 10 27 32 18 46 73 71 64 19 61 17 49 5 59 7 34 13 79 50 52 30 77 
39 58 51 66 81 45 11 9 21 38 7 10 77 3 30 56 37 60 74 62 65 64 36 41 46 52 53 69 73 31 34 27 49 24 29 22 43 47 23 26 13 67 44 59 50 79 6 72 1 20 12 68 18 16 71 19 75 61 42 33 28 17 4 14 54 55 8 63 78 25 40 15 48 35 2 5 32 76 80 57 70 
55 8 7 4 35 80 17 63 2 46 74 52 13 6 81 72 75 64 56 15 30 24 66 71 22 12 48 37 26 70 42 18 38 50 60 41 5 16 36 79 76 32 61 34 54 14 19 77 21 53 11 28 33 23 20 49 40 67 62 3 29 9 59 68 1 69 43 51 31 47 65 57 25 45 39 27 10 44 73 78 58 
47 68 34 18 46 57 78 79 76 44 20 65 12 16 35 22 28 31 9 75 39 50 73 13 55 23 49 2 81 51 14 33 63 64 77 48 40 52 29 70 25 17 72 42 27 32 59 15 80 71 8 62 43 58 54 60 6 45 36 56 5 41 1 53 4 24 66 10 30 67 37 7 19 11 21 61 69 38 74 3 26 
81 25 26 54 75 44 74 19 43 78 29 72 53 59 50 63 73 5 40 8 46 9 35 80 67 20 23 56 34 2 66 58 21 79 52 37 77 1 47 6 12 16 70 22 55 17 62 51 18 31 69 24 60 30 41 28 76 32 11 64 13 71 14 7 42 38 27 49 68 61 39 65 15 10 48 45 3 57 33 36 4 
16 72 79 69 40 29 56 24 11 13 39 54 43 60 25 71 48 65 12 66 78 57 1 76 51 77 41 67 18 14 74 49 68 6 53 59 44 4 8 3 15 52 23 75 26 2 10 38 32 58 20 27 5 64 34 7 70 36 61 9 47 45 33 17 80 37 30 46 19 63 81 28 50 73 31 22 55 62 21 35 42 
31 3 39 68 76 50 12 59 58 14 66 37 34 70 10 62 69 15 6 17 71 16 24 52 61 32 56 8 55 20 33 23 9 4 63 38 51 11 54 19 5 64 79 29 40 1 45 46 53 48 22 42 36 7 35 75 72 43 27 25 21 49 44 13 78 57 18 74 60 26 73 47 77 80 28 30 67 41 81 2 65 
4 73 15 34 80 64 10 47 23 55 27 46 49 11 12 58 32 16 19 14 69 42 5 74 30 81 13 39 45 17 35 77 71 29 76 3 62 25 61 59 33 72 7 36 67 28 63 43 65 41 78 57 26 52 31 1 79 60 24 22 68 37 8 48 75 20 40 21 70 2 50 54 44 56 51 53 6 18 38 66 9 
33 27 13 77 63 67 20 42 46 75 28 56 26 61 76 4 36 2 45 22 37 62 38 79 34 10 70 7 50 73 51 44 72 11 57 25 24 48 58 60 80 21 78 81 17 3 54 71 15 47 39 40 19 66 59 30 53 16 6 18 55 5 65 9 64 23 69 52 41 35 31 32 43 29 74 14 68 8 49 12 1 
48 9 1 6 2 71 60 41 32 35 3 57 52 68 7 77 64 79 25 28 4 49 63 36 72 15 47 70 75 30 78 62 22 65 24 26 18 53 14 42 45 10 74 31 38 37 81 59 23 21 16 50 13 55 46 66 73 80 58 20 40 56 67 12 51 76 33 11 29 8 44 43 34 39 69 17 54 61 27 19 5 
70 5 55 49 65 53 57 8 45 30 1 9 38 17 47 81 18 44 3 59 7 29 43 21 39 31 33 54 12 13 40 64 36 61 41 42 20 27 50 2 56 34 28 32 66 76 73 68 11 74 6 35 4 80 52 48 15 69 19 62 51 78 77 22 24 58 67 16 25 71 10 14 23 63 46 60 75 26 72 37 79 
35 30 22 38 61 18 28 36 78 33 8 80 6 67 21 51 19 20 73 54 75 65 55 48 60 27 64 1 43 47 31 46 15 69 81 5 68 49 76 57 41 63 39 37 71 9 77 14 25 70 72 44 56 29 23 2 17 42 50 12 26 10 74 59 79 45 4 62 3 53 34 66 11 40 52 24 16 58 32 13 7 
21 52 37 14 17 51 66 62 7 24 40 74 23 31 41 42 22 45 26 44 2 68 53 11 18 58 50 80 60 16 10 48 19 27 32 28 30 35 13 43 69 9 46 65 73 61 34 49 12 67 75 8 79 33 57 63 29 3 4 81 54 38 39 6 55 36 1 5 72 77 15 56 70 64 71 20 25 59 76 47 78 
74 81 35 65 7 23 50 12 68 39 9 33 41 73 64 59 57 1 78 42 15 17 37 24 38 8 60 30 44 49 56 52 62 45 51 69 71 80 2 75 43 29 40 54 6 55 36 48 26 13 58 31 61 70 5 25 10 72 79 28 19 3 27 18 16 67 20 34 14 66 77 46 63 21 76 47 53 22 4 32 11 
75 60 36 62 66 1 34 21 31 8 77 76 51 48 58 24 20 25 23 71 52 59 80 53 5 16 9 26 4 29 32 65 78 19 42 72 47 70 79 17 22 13 35 69 56 81 43 27 74 40 49 7 57 46 14 15 67 54 45 2 63 50 41 55 68 61 11 12 38 37 3 44 18 6 33 28 30 10 64 73 39 
54 11 40 43 53 6 64 30 72 28 22 15 79 2 36 18 49 78 46 74 70 20 51 61 50 41 69 9 16 59 24 68 67 21 34 14 12 31 60 48 37 73 4 39 10 77 65 80 35 19 3 1 63 76 17 71 42 58 57 55 44 62 47 33 8 32 45 26 27 56 52 13 75 5 7 81 38 29 25 23 66 
42 2 41 80 78 58 24 13 25 71 14 62 11 54 46 19 31 75 67 6 66 30 45 3 26 34 57 17 33 61 47 40 35 55 7 15 63 64 59 68 21 77 18 53 16 5 9 8 56 29 4 10 72 50 73 38 39 70 52 32 76 23 22 36 65 74 28 81 1 51 79 49 27 69 43 48 20 12 37 44 60 
28 26 73 52 8 47 46 3 38 65 63 69 50 44 4 23 67 34 62 36 12 31 72 33 7 13 22 66 41 60 5 81 75 77 43 64 61 45 55 32 11 74 27 9 42 59 53 25 20 79 68 17 39 51 29 78 18 35 37 49 80 16 24 10 30 21 6 2 76 54 58 48 14 57 56 70 71 19 1 15 40 
15 20 57 56 67 19 59 55 5 74 37 70 27 10 66 7 38 13 35 48 47 4 54 40 81 73 29 46 58 36 22 63 1 28 6 2 49 30 41 33 50 24 76 44 14 64 23 45 52 32 18 71 11 42 60 31 21 12 68 26 65 75 69 43 39 72 17 25 80 9 78 53 8 79 3 16 51 34 77 61 62 
14 32 63 16 39 70 4 17 79 52 43 29 47 55 5 61 26 56 2 77 76 58 49 44 21 18 68 11 74 37 71 25 27 10 48 53 72 66 1 65 34 81 3 38 78 12 22 69 75 15 28 60 6 62 33 36 51 20 40 30 8 13 7 64 41 73 59 42 57 50 19 23 35 24 9 67 31 80 54 45 46 
37 48 77 76 49 33 18 29 69 12 60 81 45 30 16 3 21 17 64 56 27 10 11 32 25 65 79 31 23 39 50 80 57 38 70 13 8 15 5 20 51 28 36 62 19 44 67 54 47 73 66 14 78 34 1 53 9 59 46 61 43 74 6 35 22 75 24 7 71 40 63 4 42 55 72 2 58 52 26 68 41 
9 71 10 45 51 61 22 27 44 32 68 35 40 53 42 80 6 72 75 55 14 43 19 1 63 28 39 18 20 54 73 76 3 12 8 79 57 23 7 58 46 26 67 52 25 38 24 21 41 30 33 16 2 37 81 11 34 64 77 4 66 48 56 5 60 70 31 47 69 15 62 29 17 36 49 78 13 74 65 59 50 
36 63 64 51 25 15 45 54 20 23 38 28 56 69 77 30 14 32 1 3 61 72 34 17 16 79 80 27 29 76 53 13 39 60 44 33 4 67 9 35 74 68 2 47 58 48 66 37 50 8 21 78 49 6 75 5 71 52 12 70 10 59 57 24 11 7 65 55 73 81 42 31 62 22 19 46 26 43 40 41 18 
78 33 80 40 71 37 14 44 18 79 62 12 57 46 53 26 76 42 10 13 43 21 77 81 24 5 73 16 65 1 48 70 52 67 69 36 19 34 49 15 63 27 25 6 51 20 41 29 45 7 31 58 64 61 22 3 8 47 55 39 9 68 32 38 2 56 72 4 59 30 23 75 54 28 50 66 17 11 35 60 74 
68 47 30 41 48 26 2 5 61 67 18 11 35 71 55 27 4 36 69 49 60 32 46 50 15 57 78 25 21 64 19 8 81 9 80 20 28 79 75 12 7 31 59 10 43 73 16 23 40 42 56 65 54 39 72 34 45 17 53 44 77 24 62 70 66 14 76 37 63 74 1 22 6 51 29 52 33 3 58 38 13 
66 53 16 79 24 56 1 43 77 22 64 48 39 78 52 37 72 3 58 47 42 75 65 12 74 35 14 34 68 50 45 54 55 7 4 61 80 29 44 13 70 5 38 76 62 69 60 32 63 46 57 2 28 71 6 18 23 41 26 40 25 19 11 27 15 51 21 20 9 33 67 17 30 49 10 73 36 81 8 31 59 
32 38 11 27 62 22 8 69 73 5 41 51 9 47 31 20 15 43 30 64 45 2 68 29 52 67 63 42 24 71 18 12 74 40 10 78 60 36 65 54 72 39 57 17 21 33 44 4 59 80 76 3 81 77 66 50 48 14 1 79 16 58 13 49 46 26 35 6 28 19 53 25 7 23 70 55 37 56 34 75 61 
76 55 21 31 42 49 13 60 6 10 75 17 16 81 33 70 34 74 8 23 9 51 25 37 40 54 11 77 59 57 58 22 46 73 79 63 64 61 45 66 48 41 53 78 69 26 18 24 19 36 35 30 52 14 4 65 38 56 7 29 67 2 28 47 43 62 68 3 50 44 80 12 72 1 5 32 27 39 15 20 71 
29 17 23 12 59 35 65 50 28 7 19 73 66 45 54 13 58 6 39 26 62 56 22 18 20 4 44 14 3 11 2 41 43 31 15 47 1 33 16 37 81 40 30 46 8 51 55 34 68 75 70 38 25 72 49 27 69 74 21 36 42 76 61 79 71 64 57 32 52 5 60 10 78 48 77 9 24 67 53 80 63 
46 70 52 74 3 39 81 72 4 29 65 25 61 24 1 60 40 8 38 19 36 7 71 27 59 53 55 6 35 75 49 28 66 30 56 23 73 42 32 77 20 14 50 26 22 11 15 47 10 17 9 5 62 67 80 33 63 51 43 78 37 64 31 34 58 48 16 13 54 18 41 69 79 76 68 12 44 2 57 21 45 
7 19 58 67 57 9 75 10 34 68 50 44 59 49 80 21 2 63 48 70 31 66 33 6 41 76 28 32 72 38 17 5 51 37 26 62 55 24 71 56 18 3 52 23 11 43 79 13 22 27 74 12 53 1 15 73 54 46 20 35 60 81 30 39 61 77 78 29 40 45 36 8 65 25 42 69 64 4 47 16 14 
25 78 44 5 45 8 27 20 51 43 48 39 37 80 14 29 16 58 22 61 6 67 52 23 70 21 31 64 15 32 55 34 50 62 35 18 79 63 33 81 47 12 69 13 2 74 11 19 28 10 54 36 7 60 30 41 4 38 56 59 72 77 49 1 76 65 42 40 26 3 9 68 57 71 17 75 66 53 24 46 73 
24 57 53 21 9 81 33 37 71 41 12 38 78 64 49 6 46 7 32 50 63 35 4 2 47 56 36 72 66 27 70 29 26 5 30 51 25 14 73 52 68 18 22 20 45 23 1 42 62 59 67 79 65 40 44 61 19 55 39 75 3 69 43 31 13 11 74 17 58 10 54 80 76 77 8 15 48 16 60 28 34 
43 42 2 55 1 3 15 65 17 34 73 47 54 35 68 50 81 11 57 72 10 38 79 19 28 24 5 53 8 58 46 69 48 20 61 21 76 62 51 27 31 4 77 71 23 16 80 44 39 66 26 33 29 18 40 6 60 25 13 14 52 7 36 45 37 78 41 56 12 49 75 67 22 9 64 63 59 32 70 74 30 
40 28 62 70 38 73 77 46 52 61 33 67 36 25 60 31 74 53 34 68 64 78 29 39 49 80 59 12 47 81 79 24 41 14 2 71 42 26 6 44 58 11 37 57 75 8 21 5 3 51 17 22 9 56 45 20 27 48 66 16 15 54 76 32 50 35 63 18 23 55 43 30 4 72 65 10 19 1 13 7 69 
6 12 74 13 56 41 19 26 66 4 70 63 69 62 32 55 23 24 44 58 77 25 30 42 1 45 46 43 28 68 16 9 54 49 11 57 17 65 64 21 3 8 80 72 34 53 52 75 61 76 71 48 50 20 47 51 33 79 2 73 18 31 10 81 59 22 15 36 7 38 5 60 29 37 40 35 14 78 39 27 67 
50 14 18 35 58 63 23 48 22 21 56 26 76 27 72 52 44 28 71 43 13 55 75 62 73 69 51 74 67 7 77 59 60 80 31 10 38 54 40 16 66 15 24 61 36 30 37 78 2 57 32 4 68 81 64 9 1 34 5 65 11 46 17 8 19 53 70 79 39 29 33 20 49 41 25 42 45 47 3 6 12 
67 64 54 7 47 10 80 4 29 59 15 3 5 79 9 75 17 40 18 11 8 81 60 66 65 14 27 73 52 25 76 56 45 36 19 39 32 28 46 49 78 70 1 30 53 35 72 31 13 34 24 43 41 63 37 26 74 62 22 57 50 12 42 44 77 16 71 61 48 6 69 2 20 58 38 68 21 33 51 55 23 
79 76 60 30 34 59 72 11 39 18 57 42 22 20 2 1 65 66 53 37 26 15 16 54 48 40 74 75 13 33 3 78 4 23 17 6 67 56 19 7 9 55 10 35 41 46 47 73 49 38 45 69 77 12 21 8 58 63 71 68 32 70 29 25 62 28 52 64 51 14 27 24 80 50 61 43 5 36 44 81 31 
61 49 75 32 36 68 69 31 16 45 51 30 8 19 71 10 13 77 41 76 3 33 9 20 12 17 7 63 38 22 44 1 37 42 40 65 48 5 74 50 39 60 29 43 59 58 27 64 70 6 14 55 15 25 78 24 35 28 80 67 23 53 81 73 21 34 46 57 66 4 47 72 52 18 79 26 56 54 62 11 2 
72 1 29 2 44 11 63 14 55 36 79 13 7 56 6 25 5 12 52 32 53 73 21 68 69 78 43 61 37 18 9 45 64 48 16 54 70 81 67 10 62 58 20 80 57 39 33 28 31 22 46 75 23 35 74 40 3 66 65 38 17 27 19 51 49 41 50 30 34 59 8 26 71 15 24 76 60 77 42 4 47 
17 23 45 57 18 60 40 7 49 63 61 68 75 52 28 38 27 67 51 81 11 48 39 70 37 64 35 24 22 74 69 14 31 56 62 44 54 9 34 55 19 2 26 25 15 21 8 3 30 1 80 73 32 65 10 29 59 53 41 72 4 42 5 71 47 43 77 76 13 58 16 33 46 20 78 79 12 6 66 50 36 
22 4 9 20 69 27 39 58 19 3 49 59 65 41 26 35 1 73 42 60 16 71 15 14 66 75 62 10 77 34 21 51 8 33 67 40 78 76 28 36 79 61 48 45 24 25 29 70 38 72 43 6 12 47 50 13 2 37 23 46 64 63 55 56 17 18 53 80 74 31 7 52 68 32 30 44 57 5 11 54 81 
73 10 76 71 50 16 43 6 74 11 24 64 21 40 51 9 78 19 31 80 28 54 47 46 57 25 12 58 79 72 39 38 30 53 59 60 69 18 27 63 52 65 32 8 37 41 56 66 14 55 5 49 44 15 77 68 36 33 67 1 34 20 48 62 23 4 81 45 2 75 29 42 3 26 13 7 35 70 61 22 17 
64 34 38 15 28 62 3 66 75 53 81 43 18 76 74 16 77 33 4 7 44 13 23 49 29 6 20 68 19 46 1 50 42 32 27 80 41 39 17 14 35 51 73 40 31 24 2 9 79 60 61 45 71 57 70 56 11 21 54 47 30 26 12 78 5 63 55 72 65 22 48 36 37 67 59 58 8 25 69 10 52 
13 37 81 61 79 48 51 33 70 69 30 20 42 4 44 34 10 22 17 5 1 8 18 77 9 74 65 52 57 35 23 15 73 2 28 55 50 21 53 47 29 56 12 66 49 67 78 7 36 54 63 26 58 59 76 32 24 31 16 71 45 43 75 11 25 46 38 14 6 60 68 3 39 62 27 19 80 64 41 40 72 
8 46 47 78 21 5 54 52 41 17 80 60 55 39 70 15 50 71 59 2 56 26 76 30 19 36 24 49 63 66 29 7 13 75 25 12 74 6 3 23 64 43 33 68 72 4 42 62 77 81 10 11 16 27 61 44 14 22 51 69 58 18 9 37 35 79 32 1 67 57 20 40 38 31 53 34 73 65 45 48 28 
59 80 42 26 68 24 30 32 12 58 47 31 29 57 37 2 45 62 61 63 34 22 40 67 3 55 72 20 11 6 81 36 5 41 65 76 46 44 77 38 75 7 71 16 4 50 74 17 69 52 53 18 48 13 28 79 49 8 25 60 35 73 78 19 70 39 10 54 15 64 66 27 33 14 1 51 9 21 23 43 56 
53 77 65 25 31 36 67 56 35 72 32 23 46 14 8 54 66 48 33 27 50 45 41 10 79 38 58 4 70 78 43 26 47 71 3 17 13 22 30 11 1 59 42 60 5 19 64 20 34 37 51 76 40 68 7 57 62 39 15 80 81 6 52 21 69 12 44 73 24 28 61 9 2 74 18 29 63 55 16 49 75 
80 22 48 8 4 79 26 25 65 56 17 55 62 58 34 66 33 70 72 73 51 47 20 15 36 59 77 40 5 9 67 21 18 68 39 50 52 32 11 53 24 78 49 3 30 45 57 35 44 16 41 63 38 31 19 10 46 13 28 54 14 29 37 2 6 27 60 43 42 69 74 64 1 61 12 23 81 75 7 71 76 
20 56 67 37 10 66 62 76 36 64 25 50 31 74 48 69 24 54 68 53 23 1 32 58 33 42 30 57 7 26 38 6 34 52 14 70 81 43 39 46 40 79 41 4 13 75 71 2 51 61 47 15 73 9 3 59 5 78 8 11 12 35 45 80 63 29 19 44 49 21 22 18 55 16 60 65 72 17 28 77 27 
11 69 78 50 19 7 53 73 14 20 5 61 10 23 45 47 30 4 55 18 79 63 70 75 43 60 16 81 54 80 37 32 28 15 13 74 2 8 38 67 36 1 62 58 77 42 49 76 33 24 40 64 27 17 9 72 44 68 34 6 48 65 21 57 52 31 25 71 56 39 12 59 41 46 66 3 29 35 22 26 51 
12 75 27 39 16 34 61 2 15 57 67 77 1 38 11 53 9 46 14 52 21 76 10 5 17 62 26 23 71 44 41 35 29 72 64 19 22 68 20 28 73 80 54 51 63 6 13 65 43 25 36 70 37 8 32 74 30 49 81 42 31 79 60 66 3 47 58 50 33 7 24 55 69 4 45 59 18 40 78 56 48 
41 18 43 59 23 38 49 64 30 51 44 32 73 63 22 14 8 37 29 12 35 19 57 69 80 3 54 76 36 48 27 2 17 66 78 24 33 60 31 34 10 6 56 5 74 72 39 53 46 28 1 67 55 26 16 77 25 7 70 58 71 52 40 61 81 68 75 15 4 65 45 79 9 47 62 21 11 13 50 42 20 
1 21 46 29 70 17 55 45 24 26 71 6 28 42 13 12 35 52 49 31 74 27 44 38 56 22 2 62 61 65 63 60 10 3 58 73 9 50 57 72 14 69 47 7 76 18 20 30 81 68 79 66 59 32 53 4 41 23 75 43 33 67 64 16 36 40 48 8 77 11 51 78 5 54 80 25 39 37 19 34 15 
3 35 6 9 60 42 32 71 47 80 21 16 81 7 40 49 43 29 66 4 67 61 28 65 78 39 45 33 30 8 75 31 77 59 1 46 37 19 70 64 27 25 17 55 12 54 14 22 48 23 50 74 10 11 51 69 56 24 18 76 57 15 2 20 72 5 26 41 62 34 13 73 36 68 44 38 52 79 63 58 53 
77 13 31 72 5 52 44 57 40 15 2 75 60 18 79 36 68 27 7 46 24 41 81 9 64 50 37 51 49 69 11 4 25 47 55 45 65 59 35 71 26 42 16 48 29 34 12 58 78 56 62 19 3 21 39 80 22 73 38 63 20 61 66 54 28 1 14 53 17 23 70 76 32 8 67 6 74 30 10 33 43 
63 51 33 28 54 74 58 68 81 76 59 19 72 65 3 78 41 39 13 40 25 11 8 34 6 48 71 79 56 53 12 42 20 43 22 16 15 75 21 45 44 23 66 18 61 60 69 52 4 77 7 29 80 5 36 62 47 50 17 27 1 55 26 67 32 30 37 9 10 46 38 35 73 70 57 31 2 49 14 64 24 
################proper############## 

 average_time = 195.916184 

 success runs = 1 

 total average iters = 3100499.000000 
