Success!!! 
 
 max_col = 
 81 
 
 run_time = 
 60.967711 
 
 once iters = 
 1000206 
 
1 48 63 23 50 8 17 68 14 70 22 62 31 52 57 45 38 40 49 37 43 4 10 55 16 5 75 33 6 72 36 19 20 29 78 24 41 60 15 76 9 69 67 61 2 81 12 39 7 35 11 28 56 58 18 26 21 34 73 80 64 74 77 65 54 25 27 3 47 46 59 32 71 42 13 53 51 66 30 79 44 
62 10 39 36 30 2 56 55 25 37 8 79 44 50 54 53 80 76 35 34 68 45 60 33 24 57 22 3 71 13 4 75 58 47 23 7 16 42 6 78 1 66 74 65 32 43 72 41 27 40 59 73 77 69 9 81 19 5 61 29 51 12 38 17 67 14 49 28 64 52 20 11 15 63 26 48 70 46 18 31 21 
12 4 75 22 43 19 71 60 5 69 59 13 21 15 3 7 28 47 81 41 30 42 27 53 54 36 39 74 61 49 31 77 18 73 1 16 64 23 17 55 26 20 80 79 72 45 2 51 70 66 46 34 32 57 25 78 44 8 14 63 40 56 65 48 76 10 50 38 58 6 24 9 11 68 62 29 52 35 33 37 67 
31 16 3 42 13 66 44 81 52 17 10 9 25 26 5 11 29 30 59 80 71 48 73 2 58 76 72 32 53 60 15 40 70 54 27 51 19 56 50 4 34 38 28 37 21 18 6 78 36 55 33 47 63 20 68 24 49 79 41 67 22 46 23 45 35 62 8 43 7 12 74 57 61 39 1 75 69 65 14 77 64 
77 18 70 11 32 74 76 34 38 39 73 67 65 41 56 20 14 46 26 40 51 28 50 23 29 66 52 80 8 64 62 59 81 22 2 68 25 33 12 13 3 63 10 57 58 9 79 61 49 30 75 15 1 54 6 31 47 71 48 35 53 17 42 21 19 36 5 44 37 69 72 16 7 60 24 43 55 45 78 27 4 
80 59 47 29 37 20 6 53 9 74 55 51 35 33 77 43 64 16 32 65 44 31 61 1 69 67 14 76 45 52 39 46 50 34 17 57 36 22 49 11 68 8 40 48 73 21 4 38 13 25 42 19 24 23 3 75 30 7 10 62 70 15 27 71 2 18 66 60 63 78 26 79 72 12 41 81 56 58 54 28 5 
64 45 57 54 49 26 61 33 78 71 1 66 58 42 68 2 24 27 3 62 74 25 12 11 9 18 6 43 41 21 14 67 79 65 56 63 46 7 53 51 30 35 47 75 5 60 29 44 37 52 48 50 10 17 28 72 20 59 36 55 69 39 16 13 34 31 4 77 23 81 15 70 19 22 38 80 76 8 73 32 40 
27 21 69 15 51 79 73 67 28 32 48 6 61 36 4 72 63 19 77 17 7 38 70 46 78 56 20 35 25 37 44 5 9 11 12 66 24 14 71 81 43 18 39 45 29 53 8 31 74 22 26 65 62 64 76 52 60 1 58 54 50 57 13 40 80 30 41 42 68 33 55 75 10 23 34 2 49 3 59 47 16 
72 40 35 46 58 24 41 65 7 18 12 34 78 75 60 23 81 49 13 19 21 79 15 63 64 8 47 10 30 55 48 42 28 26 69 38 54 77 27 62 70 31 52 59 44 5 71 68 3 14 80 16 76 67 33 4 45 66 2 43 37 32 11 73 29 56 53 39 22 1 51 61 17 6 9 20 25 74 36 50 57 
24 69 21 62 52 40 80 10 42 9 63 58 70 46 78 1 76 75 14 51 8 64 66 12 20 65 33 30 4 73 2 6 11 74 49 43 57 54 5 41 38 60 13 27 55 79 61 47 45 7 28 56 48 36 53 77 23 44 32 68 3 59 71 81 39 29 72 18 16 31 17 19 35 34 50 67 26 37 22 25 15 
81 7 49 55 3 65 57 47 48 56 21 42 67 22 35 34 31 17 27 24 2 53 77 61 75 63 4 39 76 14 8 38 19 79 44 60 9 29 33 23 15 62 37 28 80 78 10 16 6 73 66 72 20 41 64 11 74 54 50 36 45 18 69 30 13 46 70 32 59 26 43 25 40 52 58 68 1 51 71 5 12 
75 29 44 20 34 72 64 32 53 73 81 23 10 79 50 66 13 7 21 25 39 15 62 22 6 17 76 77 31 26 41 1 47 16 63 5 35 74 56 67 40 78 69 3 68 57 24 59 8 71 58 27 30 51 12 60 52 42 33 14 65 43 80 38 28 55 45 9 4 61 37 54 49 46 48 11 19 2 70 36 18 
68 12 58 28 11 46 13 74 27 4 65 5 16 14 37 51 40 64 73 78 42 29 36 50 1 49 56 23 59 7 66 24 45 71 75 25 18 70 26 43 17 81 77 20 53 44 54 60 21 67 76 55 52 32 38 9 35 15 62 19 31 34 2 10 48 47 22 6 3 79 69 8 57 41 30 33 39 61 63 72 80 
45 77 17 61 63 16 36 4 71 38 41 52 26 3 33 60 19 74 28 54 23 81 11 35 34 72 9 70 69 57 40 65 55 58 37 78 31 6 48 12 22 21 59 7 1 25 50 15 62 75 5 39 42 18 46 30 29 24 27 10 79 51 67 68 73 2 80 66 14 53 49 64 13 76 56 8 47 44 20 43 32 
50 73 2 9 78 18 43 51 19 15 49 47 54 80 44 68 61 59 58 7 79 69 57 3 46 26 41 12 29 33 56 72 32 62 64 22 4 66 36 45 71 34 30 39 76 13 63 17 35 65 38 74 11 70 5 48 6 25 37 21 8 28 55 60 42 1 20 52 27 75 40 67 24 16 31 77 53 10 23 14 81 
14 8 22 6 41 33 67 23 79 20 69 77 29 39 45 28 30 55 18 74 38 13 16 44 70 32 43 53 54 48 17 52 80 15 34 27 72 47 19 50 73 51 61 10 25 64 68 4 2 1 37 46 49 31 26 63 78 57 40 76 75 81 56 62 12 24 36 58 11 71 35 5 59 9 3 21 65 42 7 66 60 
38 66 31 25 59 60 37 15 1 8 72 43 6 48 18 36 32 53 5 55 67 68 45 52 71 30 80 9 50 3 10 51 21 81 42 35 2 11 24 63 46 44 49 64 79 22 19 14 12 26 29 33 23 40 70 47 4 16 13 61 58 20 39 78 57 65 7 34 77 56 76 41 74 73 54 27 75 28 69 62 17 
30 70 54 26 35 76 5 39 56 12 71 11 27 62 2 24 57 25 37 59 31 60 40 48 47 19 10 28 68 18 61 20 46 36 13 67 42 65 32 58 16 75 14 8 52 77 80 34 43 3 53 81 69 9 72 7 41 17 49 66 73 1 22 44 33 63 15 21 74 23 50 51 64 4 78 38 79 29 45 6 55 
67 15 24 2 17 22 55 38 6 59 4 40 41 13 49 46 7 56 12 39 72 11 29 81 61 71 66 52 60 20 68 73 44 75 30 9 76 36 25 42 53 10 50 14 64 27 28 69 58 78 19 79 57 48 47 3 62 45 8 70 80 65 63 5 37 33 26 16 18 54 23 77 31 51 21 32 74 43 35 34 1 
46 9 19 52 72 71 74 37 21 47 17 80 1 65 75 57 70 29 15 20 49 78 59 77 23 16 32 22 58 53 42 45 12 55 50 3 69 67 28 35 8 41 56 31 7 4 73 18 68 64 44 54 13 62 10 14 26 36 34 5 43 48 76 51 66 27 63 40 39 24 2 38 6 79 33 60 11 30 25 81 61 
60 51 14 4 61 49 77 44 10 27 30 21 48 11 72 73 53 54 74 64 19 37 69 38 68 34 17 8 63 23 32 80 6 31 62 71 65 16 39 66 2 52 20 5 18 33 26 56 46 12 43 67 9 55 57 1 79 81 22 24 59 25 58 7 41 78 28 50 42 36 29 35 75 45 70 15 40 47 13 76 3 
53 33 5 64 7 68 23 40 81 44 77 10 28 69 71 76 20 34 47 58 22 30 43 45 27 14 35 15 56 1 51 66 38 61 4 79 13 17 74 29 75 46 54 60 19 24 41 80 16 49 65 3 70 8 32 21 12 78 9 18 72 42 73 67 62 6 31 11 57 25 48 59 63 2 36 55 50 52 39 26 37 
28 50 20 41 79 32 3 59 11 52 5 39 22 43 25 61 12 37 62 26 1 36 18 6 51 9 44 64 81 34 35 13 27 48 72 65 33 30 63 80 24 4 71 73 45 76 38 7 29 23 40 66 47 21 16 46 55 31 54 2 77 69 53 15 60 49 19 74 75 70 8 14 58 78 67 42 68 17 57 56 10 
63 80 56 30 8 47 62 75 13 19 16 3 2 6 66 26 35 36 53 52 65 7 46 42 50 31 73 57 18 70 37 54 43 40 11 10 12 58 55 59 79 61 78 81 15 1 34 77 17 72 39 32 5 25 51 74 67 29 38 23 27 60 33 4 68 21 44 45 71 76 64 69 20 28 14 49 22 41 9 48 24 
26 57 45 78 27 58 16 18 54 51 33 50 15 81 32 42 60 8 76 13 5 55 56 25 67 4 48 19 46 36 24 47 7 39 29 14 3 68 40 6 21 43 23 62 70 11 31 30 63 20 2 75 74 61 71 37 66 49 35 28 17 41 52 9 79 73 1 80 65 34 10 22 44 77 12 64 59 53 72 38 69 
73 25 36 35 66 12 65 1 34 14 9 31 62 55 64 74 23 58 33 70 10 8 24 57 79 41 63 2 78 76 49 16 67 69 28 21 26 48 38 27 77 11 32 44 51 59 42 52 60 37 50 53 45 22 75 40 39 68 56 20 15 6 61 46 3 43 47 17 13 72 30 81 18 54 4 71 80 7 5 29 19 
29 76 42 43 70 48 69 31 39 45 18 24 68 67 38 63 78 79 2 60 80 40 75 28 21 54 3 17 5 77 74 33 26 25 41 59 47 37 22 1 72 9 57 49 34 71 14 36 51 6 15 10 81 35 4 44 7 13 30 64 19 11 50 58 32 53 12 56 20 55 61 52 16 65 46 23 66 73 27 8 62 
59 26 29 51 1 27 40 56 64 16 46 55 49 30 22 48 47 57 9 75 14 10 65 41 42 12 81 69 38 35 6 61 13 63 74 50 11 24 44 28 45 23 43 54 60 3 15 58 33 36 7 37 25 39 80 17 5 73 66 52 62 77 31 8 20 72 68 4 21 67 79 18 76 53 32 78 2 34 19 70 71 
9 5 18 69 75 77 21 22 80 26 23 63 13 54 24 70 66 39 72 11 29 57 71 34 8 62 74 25 52 41 28 55 73 4 3 20 1 32 59 53 7 76 58 30 48 2 47 12 40 42 27 60 46 79 14 50 56 65 81 51 68 61 10 6 38 45 35 78 43 64 19 15 33 37 17 36 44 16 49 67 31 
4 41 46 24 31 7 32 14 23 1 60 68 19 21 52 33 69 81 48 56 55 44 67 27 26 3 36 5 10 54 80 62 53 43 58 34 66 39 16 8 47 13 17 70 37 50 76 63 20 74 45 51 73 49 35 2 18 64 6 25 71 75 78 77 59 42 61 65 30 9 57 29 38 11 22 40 72 12 79 15 28 
71 37 28 49 48 52 19 16 74 58 76 78 43 40 42 64 79 3 23 6 73 61 80 39 59 7 18 36 51 66 11 22 75 9 45 81 15 31 67 56 50 72 27 35 62 10 1 13 44 38 17 57 54 4 30 34 32 41 24 47 55 70 20 53 69 60 33 2 26 63 12 46 25 8 29 5 14 21 68 65 77 
44 54 33 47 45 43 38 6 12 29 14 8 56 10 7 31 5 50 79 76 46 17 32 37 40 51 13 72 49 42 60 68 1 2 59 48 74 20 64 65 80 77 63 22 75 70 62 53 69 9 21 23 78 28 11 19 3 26 4 16 67 27 15 36 58 71 25 41 73 66 52 34 55 81 57 61 18 39 24 35 30 
65 63 76 3 68 50 34 30 57 61 38 25 72 18 20 15 73 67 31 33 53 22 47 58 28 45 24 44 12 71 21 17 78 32 77 37 40 26 41 9 29 19 2 6 69 52 66 5 56 16 8 35 80 81 42 79 1 46 43 39 49 13 36 55 10 70 11 75 48 51 14 62 4 64 23 74 7 27 60 59 54 
36 35 15 8 81 25 2 61 70 77 34 17 53 28 12 32 4 11 64 5 78 16 19 54 66 1 60 79 27 65 46 14 23 67 76 56 71 18 21 57 10 42 51 52 49 30 48 24 55 68 6 43 26 29 45 59 69 33 7 9 38 44 72 39 40 22 3 37 31 74 47 13 41 75 20 73 63 62 50 80 58 
11 17 10 60 39 42 78 58 67 80 37 44 74 59 62 6 65 9 20 77 15 52 2 70 4 35 49 26 57 19 33 31 29 30 7 18 55 3 73 36 25 68 79 38 12 14 32 64 61 34 72 41 71 75 40 22 8 21 53 48 63 76 28 27 23 81 54 24 50 16 5 56 43 13 47 66 46 69 1 51 45 
66 20 79 53 73 62 72 13 55 36 45 27 51 2 41 75 71 35 68 38 25 21 63 69 30 43 50 40 39 47 16 64 8 24 70 15 78 46 81 61 4 33 5 34 14 31 18 11 77 19 67 59 22 65 37 12 58 74 23 60 57 29 54 28 44 76 17 7 32 80 1 49 48 10 42 52 6 56 3 9 26 
49 78 12 77 26 67 58 70 37 72 35 59 63 27 29 5 39 4 80 15 60 50 25 32 76 79 71 54 65 10 53 44 33 45 8 36 48 52 66 34 51 17 18 74 9 47 23 6 30 61 41 20 75 46 2 57 40 3 68 7 16 31 1 42 43 13 14 22 19 62 38 28 73 69 64 24 21 11 81 55 56 
55 47 61 75 56 11 24 27 30 7 80 14 40 58 53 9 26 73 69 12 13 66 21 49 38 33 51 81 22 62 19 79 68 46 48 64 20 71 78 2 39 3 42 29 6 65 52 25 10 31 4 63 17 45 43 41 28 35 5 8 44 23 70 54 72 15 57 36 1 50 32 37 67 59 77 76 60 18 74 16 34 
51 46 65 31 5 59 20 19 76 68 43 61 34 25 81 17 36 78 63 72 27 62 64 67 18 44 16 13 35 15 69 58 37 77 66 73 50 41 23 7 55 70 33 47 56 32 40 79 28 29 3 1 8 60 49 42 71 53 11 26 52 14 24 12 74 4 39 30 9 48 21 2 45 38 10 57 54 6 80 75 22 
6 71 53 66 44 69 79 42 22 54 56 12 46 70 55 21 74 52 24 10 35 3 68 73 65 40 57 63 75 43 1 9 31 50 39 23 45 27 11 25 62 37 72 16 13 48 49 33 38 80 14 77 15 5 81 58 61 4 64 17 32 30 34 76 26 8 59 29 67 18 60 47 78 20 2 7 36 19 28 41 51 
10 52 38 74 80 29 54 36 43 30 47 64 50 57 23 65 37 69 56 9 28 14 8 26 53 59 61 34 16 11 18 3 71 17 60 40 32 49 4 21 76 1 44 24 63 39 22 42 81 70 13 2 51 78 77 67 25 62 75 6 20 55 19 35 31 7 73 79 66 41 45 58 27 48 15 46 5 72 12 33 68 
18 1 9 57 60 39 50 28 4 22 44 32 33 77 67 62 45 24 36 48 41 6 20 31 11 52 46 42 80 2 7 25 30 49 47 70 58 40 14 5 64 79 15 19 54 68 16 35 71 69 34 76 53 59 78 38 73 12 74 72 66 10 21 61 75 3 51 81 56 27 65 55 29 43 37 63 13 26 17 23 8 
8 2 72 32 21 64 25 73 15 6 51 71 3 31 76 13 48 10 34 22 75 19 42 17 43 58 23 38 14 12 20 28 74 41 61 55 81 35 60 68 59 30 26 46 57 66 11 27 67 50 9 24 37 7 56 54 36 63 65 33 29 45 18 69 53 77 16 70 78 5 80 40 47 49 52 1 62 79 44 4 39 
48 13 81 34 16 14 45 41 33 60 20 38 11 49 28 79 75 66 29 2 47 1 7 74 55 78 30 27 21 5 76 26 72 56 52 4 8 80 61 10 31 22 12 67 77 19 36 43 54 62 57 18 44 73 15 39 37 50 69 59 46 9 51 24 71 64 23 63 6 68 25 17 32 40 35 3 58 70 53 42 65 
3 23 62 17 40 35 68 7 63 41 15 2 42 19 8 16 1 18 4 45 70 77 54 5 81 39 37 67 32 78 59 29 24 51 57 6 28 69 43 73 65 53 75 36 38 55 21 72 26 56 64 58 12 74 22 27 76 80 60 79 13 47 48 49 46 11 10 33 52 20 34 44 30 14 61 50 31 9 66 71 25 
42 49 74 48 71 9 31 54 61 78 11 56 4 23 65 19 3 20 22 32 63 46 1 76 52 68 21 45 79 24 43 41 34 12 33 53 70 73 37 14 13 27 66 51 81 62 5 57 39 58 36 6 7 15 59 25 64 67 17 38 60 2 40 16 8 69 30 47 29 77 18 26 80 55 72 35 28 75 10 44 50 
34 44 11 50 25 36 60 72 62 53 70 57 8 63 31 81 49 33 61 23 4 74 3 20 39 80 78 55 73 46 26 30 48 7 35 13 56 75 18 24 6 45 22 76 10 38 69 21 1 59 54 68 65 12 29 32 51 28 52 77 41 37 14 79 27 40 58 67 15 43 66 42 2 47 71 16 17 5 64 19 9 
37 67 1 10 24 38 52 79 40 13 42 22 17 47 43 39 15 61 19 28 66 33 41 62 2 48 5 14 44 75 72 81 54 27 25 76 23 21 77 32 63 71 3 9 16 80 55 29 4 45 60 8 31 50 58 6 46 11 18 78 34 53 74 57 64 51 65 49 35 73 68 7 12 26 69 70 20 59 56 30 36 
7 14 6 70 12 55 27 63 45 64 32 26 36 44 34 10 62 77 51 29 37 49 35 40 17 24 59 58 19 9 71 8 2 3 21 31 67 53 68 69 60 65 11 80 30 61 46 74 47 43 81 52 28 72 50 15 54 56 16 73 5 33 57 22 78 23 75 1 41 38 39 20 66 25 79 13 4 48 42 18 76 
33 3 23 76 4 80 51 46 59 67 75 16 18 71 58 25 52 2 55 73 77 65 14 56 72 50 70 61 28 69 22 60 39 64 20 74 49 78 29 26 5 7 1 17 40 41 35 19 79 53 10 11 66 13 21 36 9 30 42 27 12 68 47 34 6 48 32 31 81 44 62 24 54 57 43 37 15 38 8 45 63 
16 64 26 58 19 21 35 66 65 40 6 46 76 60 73 27 72 48 10 18 57 54 30 43 25 53 67 78 11 80 70 15 52 68 51 62 59 38 42 47 44 36 8 12 28 75 56 23 9 77 63 49 2 33 20 61 13 69 31 22 4 24 79 14 50 37 55 71 5 17 3 45 39 32 81 34 29 1 41 7 74 
39 56 32 73 22 30 8 20 47 79 68 45 80 74 59 41 55 14 44 71 69 12 26 60 36 42 7 66 67 29 38 50 4 37 5 77 61 2 52 15 54 57 19 43 31 34 17 70 48 27 18 78 64 16 62 49 63 10 1 75 81 3 35 11 25 9 13 46 76 21 28 72 51 58 53 6 24 33 65 40 23 
13 53 68 81 18 17 28 77 69 5 24 30 12 66 51 29 50 1 38 31 64 75 9 8 15 27 11 6 23 16 47 57 40 59 65 42 34 79 72 74 35 58 55 41 46 20 44 73 14 32 25 71 67 37 48 76 70 43 80 45 39 7 26 19 36 54 56 10 33 2 63 4 52 61 60 62 78 22 21 3 49 
41 75 78 5 15 57 29 43 2 28 7 69 38 35 9 37 54 21 16 47 6 34 58 13 45 81 79 56 1 32 63 49 36 18 10 17 62 50 20 33 48 64 25 4 39 26 30 76 42 51 22 40 3 24 66 71 72 19 55 65 23 8 44 59 52 12 74 61 80 60 70 53 68 27 11 14 67 31 77 46 73 
56 22 67 72 20 70 63 21 73 65 53 60 30 68 46 35 18 23 50 79 81 71 31 78 10 29 19 59 15 28 5 2 51 76 6 1 37 25 80 49 69 55 24 77 11 40 43 62 52 54 61 48 33 26 39 13 38 14 57 3 36 58 64 41 47 74 9 8 44 32 42 12 34 7 66 45 27 4 16 17 75 
32 55 37 39 9 75 42 12 50 11 74 70 45 7 27 54 34 63 52 30 58 67 49 14 73 61 25 16 48 38 13 53 69 57 36 29 43 1 65 79 19 40 6 56 20 51 77 71 59 44 24 4 18 10 31 8 80 72 26 41 47 78 60 3 15 66 64 76 17 22 81 21 5 62 68 28 33 23 46 2 35 
54 31 51 79 10 61 30 8 29 50 40 4 64 1 36 12 2 44 41 57 48 35 72 47 5 70 68 73 43 39 77 27 60 20 81 52 22 62 34 75 78 59 53 15 17 74 3 67 19 13 69 42 55 11 23 18 16 32 45 37 21 49 66 80 65 28 6 26 25 7 46 33 56 24 63 9 71 14 76 58 38 
35 68 16 1 33 15 81 71 44 48 39 72 57 51 10 59 6 38 75 53 32 56 13 21 7 77 12 47 3 40 50 18 64 78 80 41 29 61 31 60 36 14 4 42 66 73 9 28 23 5 20 45 27 30 19 62 17 55 76 74 2 63 46 52 24 34 37 69 79 11 58 43 65 67 49 22 8 25 26 54 70 
58 65 60 18 74 28 48 25 24 62 66 29 71 16 13 14 33 26 17 43 45 2 38 36 37 64 1 7 55 22 34 4 35 10 31 75 44 8 9 70 81 54 76 32 50 6 57 46 72 39 49 12 79 47 27 53 15 61 59 11 42 73 68 23 77 5 67 19 51 30 56 63 21 80 40 69 3 20 52 78 41 
23 36 43 13 38 3 47 5 49 24 31 15 75 9 61 56 25 22 39 4 20 63 76 66 33 74 55 46 62 79 54 21 17 19 67 26 68 28 51 16 12 48 35 18 27 8 78 65 34 41 32 64 58 80 7 69 50 52 77 1 10 40 6 2 45 59 29 14 70 57 53 71 60 30 44 72 37 81 11 73 42 
52 27 7 80 76 53 4 62 77 49 3 41 79 20 69 78 17 43 42 8 26 59 6 18 60 28 15 11 70 44 45 32 63 33 9 61 30 5 58 38 23 39 46 13 71 37 25 75 66 21 68 31 14 2 67 65 34 51 12 56 24 22 81 72 16 35 40 73 55 10 54 50 1 36 19 47 64 57 29 74 48 
57 6 34 59 69 45 46 17 26 42 28 19 81 37 47 8 67 32 40 3 16 80 22 51 44 11 65 68 66 74 25 56 14 23 24 58 52 10 2 64 41 73 21 72 33 7 53 1 76 60 35 36 50 63 54 29 43 48 70 71 9 5 30 75 4 20 78 62 38 49 27 31 79 15 18 12 61 77 55 39 13 
19 11 64 40 2 41 14 78 66 55 58 73 52 76 21 80 77 5 46 27 24 23 34 9 62 69 54 49 42 30 12 37 65 72 71 8 7 57 47 3 67 74 45 63 26 15 70 81 22 17 16 29 38 56 79 35 33 20 25 44 28 4 75 18 1 61 48 68 36 39 13 60 50 31 51 59 10 32 6 53 43 
17 34 50 63 55 4 1 26 58 43 27 35 59 64 16 47 21 15 7 44 9 24 53 19 80 73 42 75 77 8 52 12 57 70 22 32 79 51 69 72 74 56 60 23 36 54 33 40 31 11 30 62 61 14 41 20 65 2 28 46 78 38 5 29 81 67 76 25 10 13 71 66 37 3 39 18 45 49 48 68 6 
43 81 66 12 28 6 49 3 68 25 13 1 14 29 79 40 10 62 71 46 50 20 39 16 32 21 31 51 36 59 9 78 41 38 18 19 73 4 76 17 37 15 64 26 22 58 65 55 80 47 74 5 72 52 69 70 24 77 44 53 35 67 45 56 63 57 34 27 2 42 75 48 23 33 8 54 30 60 61 11 7 
61 79 25 71 64 37 75 80 18 23 52 7 20 32 11 58 22 65 43 14 54 5 28 59 63 47 62 4 40 81 73 35 10 44 53 2 27 19 46 30 57 16 31 33 24 49 45 26 50 15 77 9 39 6 13 68 42 76 21 34 48 66 29 70 51 17 69 12 60 8 41 3 36 74 55 56 38 78 67 1 72 
78 60 41 7 14 44 53 45 20 66 54 37 69 56 63 71 9 6 57 81 11 70 74 10 3 23 2 62 34 31 79 39 16 13 46 72 5 55 75 18 28 67 38 50 59 36 51 8 32 48 73 17 35 68 61 80 22 27 47 4 30 64 43 33 49 52 21 15 24 40 77 1 26 19 25 65 42 76 58 12 29 
76 30 59 56 29 54 70 2 32 75 50 33 55 72 19 77 8 28 6 36 40 41 51 65 49 60 69 21 20 45 27 48 42 5 68 11 63 44 62 52 66 47 34 1 43 67 64 22 57 79 12 13 4 3 17 73 81 39 71 58 18 26 25 37 7 16 38 23 61 14 78 74 53 35 80 31 9 24 15 10 46 
47 24 48 27 65 10 11 52 46 57 26 18 73 78 17 30 41 51 45 35 56 72 55 68 12 75 8 1 37 67 3 76 61 28 54 33 39 81 7 40 49 29 70 58 42 69 60 66 25 63 23 38 34 43 36 16 14 6 15 32 74 50 62 20 9 19 79 64 53 4 31 80 22 71 5 44 77 13 2 21 59 
40 38 8 19 42 5 33 57 35 34 36 76 60 4 70 67 44 45 30 1 17 18 78 15 77 13 26 71 24 58 64 74 25 80 14 49 6 9 10 48 20 32 68 2 61 28 27 37 41 46 56 21 29 53 55 23 31 75 3 12 54 52 7 47 22 39 62 59 72 65 11 73 81 50 16 79 43 63 51 69 66 
74 39 77 16 36 23 15 9 51 3 2 48 5 53 80 49 46 31 67 61 76 27 52 4 22 38 34 29 47 63 55 7 56 66 43 69 21 13 8 71 14 12 65 25 35 42 81 10 75 24 78 70 19 44 1 33 59 60 72 40 11 79 37 50 30 26 18 54 45 58 6 68 62 17 28 41 73 64 32 57 20 
21 72 13 67 62 73 22 69 31 81 61 74 24 12 39 38 68 42 25 66 33 58 79 64 48 37 29 60 17 50 65 23 15 6 26 30 77 45 3 54 11 80 41 53 78 16 20 2 18 76 71 7 59 1 63 10 57 9 51 49 56 19 8 43 5 32 46 55 28 35 44 36 14 70 75 4 34 40 47 52 27 
5 42 40 21 46 56 12 11 3 33 57 75 7 8 14 50 43 41 60 69 52 26 23 79 31 20 58 24 13 17 67 34 22 1 73 54 38 76 45 39 32 28 29 66 47 35 37 9 78 81 55 44 68 27 65 51 10 70 63 15 6 36 49 74 61 80 2 72 62 19 16 30 77 18 59 25 48 71 4 64 53 
25 61 73 14 67 34 59 35 72 76 19 54 47 38 48 55 58 60 11 49 36 39 17 24 57 15 28 37 2 27 23 63 5 52 40 80 10 12 13 44 42 50 81 71 3 56 7 45 53 33 62 22 6 66 74 64 75 18 46 31 26 21 4 32 70 41 77 51 69 29 9 78 8 1 65 30 16 68 43 20 79 
2 58 27 45 47 78 26 48 60 10 64 20 37 73 15 22 51 13 65 21 62 43 44 30 56 25 77 31 9 61 29 36 59 35 16 12 75 72 57 46 33 6 7 69 4 17 74 54 24 18 52 14 41 42 8 28 53 38 79 50 1 71 32 63 55 68 81 5 40 3 67 39 70 66 76 19 23 80 34 49 11 
20 62 71 37 6 51 7 49 36 46 29 53 66 34 26 52 11 68 54 67 18 32 33 75 35 10 45 48 64 56 81 69 77 42 79 28 17 63 1 19 27 24 16 40 74 72 59 3 5 57 70 61 21 76 60 55 2 23 39 30 25 80 12 31 14 50 43 13 8 47 4 65 9 44 73 58 41 15 38 22 78 
79 19 4 65 57 63 10 64 75 21 25 49 23 45 1 69 59 72 70 16 61 76 81 71 74 55 38 18 33 51 78 43 66 53 32 46 60 34 30 22 58 2 9 68 41 29 67 48 15 8 47 80 36 77 24 56 11 40 20 42 7 62 3 26 17 44 52 35 54 37 73 27 28 5 6 39 12 50 31 13 14 
70 32 55 38 77 81 18 29 17 63 62 65 39 61 40 4 27 71 66 50 3 51 5 7 13 6 53 41 74 68 30 10 76 21 15 44 80 59 54 31 52 49 73 78 8 12 75 20 64 2 79 25 16 19 34 43 48 22 67 69 14 72 9 1 11 58 60 57 46 28 33 23 42 56 45 26 35 36 37 24 47 
15 74 80 44 54 13 39 76 8 2 78 36 32 24 30 18 16 12 1 42 59 9 4 29 14 22 40 20 26 6 75 70 3 60 55 47 51 64 79 77 56 5 48 11 65 23 58 50 73 28 31 69 43 34 52 66 68 37 19 81 61 35 41 25 21 38 71 53 49 45 7 10 46 72 27 17 57 67 62 63 33 
69 28 52 33 23 1 66 50 16 31 79 81 9 17 74 44 42 70 8 68 34 47 48 80 41 46 27 65 72 25 57 71 62 14 19 45 53 43 35 37 18 26 36 21 67 63 39 49 11 4 51 30 60 38 73 5 77 58 78 13 76 54 59 64 56 75 24 20 12 15 22 6 3 29 7 10 32 55 40 61 2 
22 43 30 68 53 31 9 24 41 35 67 28 77 5 6 3 56 80 78 63 12 73 37 72 19 2 64 50 7 4 58 11 49 8 38 39 14 15 70 20 61 25 62 55 23 46 13 32 65 10 1 26 40 71 44 45 27 47 29 57 33 16 17 66 18 79 42 48 34 59 36 76 69 21 74 51 81 54 75 60 52 
################proper############## 

 average_time = 60.967711 

 success runs = 1 

 total average iters = 1000206.000000 
