Success!!! 
 
 max_col = 
 81 
 
 run_time = 
 188.340045 
 
 once iters = 
 2804791 
 
53 48 26 8 21 11 44 66 77 75 12 69 57 37 34 51 29 19 20 30 4 58 76 41 61 50 6 18 70 42 3 56 32 9 16 22 46 23 10 25 2 1 60 24 15 33 40 38 43 31 78 5 79 74 80 17 45 68 28 36 71 52 49 54 27 35 65 59 73 63 62 14 55 67 81 39 47 13 72 64 7 
78 22 31 80 73 10 12 60 3 71 25 54 47 41 13 38 56 5 42 9 46 23 49 79 45 29 68 74 27 7 8 11 52 14 62 50 43 69 33 63 81 75 39 53 65 37 67 26 64 28 6 55 44 34 61 15 70 72 20 40 16 30 4 24 48 77 36 17 66 32 21 51 19 76 58 2 1 57 59 35 18 
69 29 5 37 61 52 57 2 20 15 22 28 14 60 10 58 32 55 44 56 17 38 8 33 81 47 54 21 73 68 26 13 30 34 72 43 41 64 3 79 6 36 40 74 77 71 12 18 23 27 59 51 70 63 62 65 7 53 35 25 76 46 31 19 75 78 80 50 1 39 11 67 4 24 16 45 49 42 9 66 48 
59 50 34 32 76 71 18 56 4 68 49 65 66 70 62 67 1 79 36 52 64 57 14 43 55 27 53 24 39 78 23 31 10 2 46 54 7 48 17 47 58 19 61 11 21 35 42 75 72 20 45 73 77 29 51 22 69 41 81 38 8 6 5 3 13 15 60 26 16 44 9 30 63 25 40 80 37 28 74 12 33 
41 39 38 42 14 47 17 70 74 33 8 9 63 21 52 24 64 50 15 22 77 65 71 80 12 75 51 67 61 40 19 35 4 60 69 81 29 72 28 32 13 20 76 26 18 56 54 10 62 48 46 16 7 1 2 59 37 57 43 73 78 58 66 25 68 34 23 49 55 6 45 79 30 44 36 5 53 27 3 31 11 
55 27 9 1 36 19 64 58 79 11 53 17 48 39 18 73 74 80 37 70 7 59 24 31 28 34 2 75 45 71 49 12 38 47 5 29 35 78 4 50 51 16 62 67 66 3 14 52 61 25 68 65 69 30 13 23 44 77 63 21 60 42 54 33 22 57 56 76 40 72 46 81 41 8 20 15 43 26 6 10 32 
24 25 43 15 40 49 23 81 45 7 31 42 77 3 16 78 44 4 19 5 60 62 63 72 32 67 35 28 76 58 1 80 37 79 6 48 68 70 55 14 30 38 57 22 59 66 13 36 53 41 17 21 39 9 27 64 11 56 18 47 26 75 33 52 71 10 2 29 74 8 12 20 73 65 54 34 50 61 69 51 46 
46 75 6 30 72 62 28 7 51 45 43 2 23 27 20 35 59 81 66 40 13 48 78 16 26 25 73 64 77 17 63 65 15 55 36 33 71 56 8 44 80 34 9 5 54 11 24 22 49 47 50 76 57 58 3 74 12 19 67 1 32 39 10 31 69 61 37 42 4 41 18 53 68 79 21 70 60 14 38 52 29 
63 65 35 54 67 13 33 16 68 76 30 72 6 40 61 46 26 36 3 11 21 69 10 18 1 74 39 51 59 44 20 57 25 41 53 66 52 12 45 37 31 49 73 27 42 2 4 19 80 60 8 81 32 15 9 24 50 48 55 79 29 34 14 43 58 7 5 47 38 70 28 64 62 17 78 71 75 23 22 56 77 
43 40 47 20 10 45 21 57 76 18 11 66 36 50 7 2 58 72 29 38 1 39 35 30 75 33 31 3 53 52 14 51 9 25 41 4 67 5 69 80 24 81 17 55 23 12 64 56 44 79 13 63 54 28 8 68 22 49 34 65 70 73 16 6 60 32 78 61 59 48 37 42 26 19 62 27 74 46 15 77 71 
35 28 70 73 33 24 58 38 32 77 62 80 20 74 12 21 79 3 43 25 55 56 4 54 13 42 44 81 67 29 31 34 60 71 39 75 59 46 63 9 22 18 66 65 72 23 37 45 17 49 5 50 51 6 69 27 1 30 36 64 48 15 26 53 57 19 47 41 52 16 8 7 14 40 76 11 2 68 61 78 10 
7 18 14 4 39 64 74 48 34 46 70 61 19 30 15 42 55 27 81 62 47 40 67 17 59 16 45 1 69 22 57 23 12 10 37 78 21 29 6 60 73 77 25 36 56 52 26 66 41 71 75 8 33 20 54 63 3 24 2 43 28 31 13 76 79 50 9 68 72 11 35 5 53 38 51 44 65 58 49 32 80 
12 55 13 69 53 81 3 22 36 65 48 38 59 4 14 33 54 16 50 57 66 15 68 63 70 2 21 20 58 6 62 72 49 17 32 18 74 61 47 27 42 7 43 64 41 10 73 60 19 35 25 9 80 39 40 5 79 76 78 67 75 44 11 46 34 51 26 24 28 71 29 77 23 30 1 8 31 56 37 45 52 
25 46 16 31 42 9 37 68 1 10 73 43 69 56 8 49 41 78 7 71 22 61 51 19 52 26 65 13 63 74 77 54 70 40 11 5 75 35 50 4 28 30 3 15 38 72 55 29 48 14 27 36 53 76 45 20 32 81 47 59 18 80 17 2 64 62 66 67 23 58 44 12 24 57 34 79 33 6 21 39 60 
51 80 11 71 79 6 62 17 61 60 44 75 28 45 68 63 22 34 32 64 27 24 12 53 3 41 9 26 21 38 73 59 8 66 48 46 1 31 78 58 20 76 49 13 19 57 65 43 70 81 40 2 74 4 14 29 55 23 72 7 52 37 77 18 33 30 10 39 54 15 56 69 42 50 35 36 16 67 5 47 25 
44 5 59 63 19 29 60 49 75 24 76 26 51 47 9 6 57 64 77 20 73 74 46 28 79 23 37 7 35 30 80 43 27 61 2 36 62 45 71 40 34 10 14 8 52 32 68 78 11 15 16 18 67 38 53 39 41 4 50 42 58 33 56 81 21 17 25 1 65 13 3 31 69 54 66 72 12 55 48 22 70 
54 56 67 2 23 72 65 27 41 31 37 53 25 1 39 40 71 52 76 36 10 8 18 11 78 5 60 15 79 64 44 68 24 45 50 47 57 16 70 26 48 12 33 51 32 77 3 42 34 69 58 59 30 21 19 66 9 6 46 74 62 35 61 63 49 80 38 22 14 20 55 43 75 13 29 4 7 73 28 81 17 
15 26 66 50 52 8 77 78 30 29 17 5 32 67 81 23 13 35 72 48 69 6 80 49 34 14 58 55 16 65 56 33 76 42 28 19 44 79 53 68 39 37 2 54 11 61 1 31 47 62 22 24 46 7 38 10 60 51 25 71 21 57 12 45 40 73 4 36 70 27 75 74 18 64 9 43 20 3 63 59 41 
18 11 81 26 5 16 71 45 35 80 27 78 3 28 41 9 25 32 57 72 29 46 61 2 73 21 50 37 15 77 10 75 36 65 52 24 47 62 56 8 33 23 19 48 43 51 74 63 39 58 31 1 49 55 34 12 14 69 38 30 13 7 44 64 53 42 20 40 17 76 67 6 60 66 4 68 59 54 79 70 22 
52 38 8 72 56 65 46 12 9 6 74 10 50 15 73 7 45 30 23 59 25 37 47 58 76 71 70 80 29 63 35 20 40 68 54 69 51 44 39 5 60 14 64 42 22 41 2 33 26 21 3 61 34 62 18 81 43 36 57 49 31 66 19 75 16 24 28 79 11 4 32 13 48 53 67 78 27 17 77 1 55 
10 36 79 13 25 2 54 29 33 51 67 64 31 65 17 72 77 14 8 53 78 60 75 12 42 1 74 39 49 47 61 66 41 32 4 11 81 34 30 3 45 58 28 52 76 22 44 69 5 6 73 48 24 40 50 35 16 59 27 68 37 9 55 15 46 70 71 62 7 38 43 21 56 63 26 23 57 80 19 18 20 
58 31 21 67 60 4 40 69 70 57 34 62 61 20 33 1 52 18 64 28 5 44 79 6 41 51 3 42 17 2 7 81 46 16 26 76 11 66 12 38 63 59 10 68 50 19 29 27 13 65 32 71 43 37 77 80 24 47 73 23 53 74 48 72 54 55 39 78 56 22 49 8 15 75 45 25 9 30 36 14 35 
23 73 27 74 37 66 42 15 14 56 13 59 11 75 36 68 46 58 33 55 32 35 22 40 49 7 48 30 31 45 71 8 5 70 9 12 18 17 24 1 69 53 67 6 4 25 20 57 79 10 80 54 47 16 41 78 51 62 3 28 61 60 76 65 26 52 77 63 81 34 19 44 43 72 64 29 38 39 50 21 2 
48 1 17 28 44 63 24 30 78 4 71 39 76 69 79 47 43 26 80 66 54 27 31 34 10 65 38 14 23 56 18 67 53 6 19 60 61 73 7 21 37 13 55 9 74 75 46 77 59 72 11 15 36 50 70 32 25 64 22 33 20 45 42 68 29 5 3 57 2 35 51 41 16 52 49 12 62 81 58 8 40 
22 64 80 51 34 76 55 3 6 42 19 40 53 49 38 44 5 24 63 39 14 18 62 36 16 17 52 72 48 21 74 79 13 43 27 57 31 2 20 15 29 26 70 77 25 78 8 12 67 23 81 68 45 35 10 71 46 75 56 4 1 54 58 50 47 66 73 30 61 60 59 9 37 7 32 28 11 41 33 65 69 
50 47 62 77 59 68 39 53 43 63 35 23 16 29 37 48 12 54 67 19 24 45 69 81 4 20 30 78 3 33 22 38 64 51 58 55 32 40 65 75 49 71 41 79 57 60 66 17 14 70 9 7 28 56 72 26 21 11 8 2 15 5 52 1 74 18 31 10 80 25 36 27 13 6 61 46 42 34 44 76 73 
61 32 57 75 49 41 7 20 19 22 55 60 21 2 70 81 8 66 56 15 68 77 43 9 11 13 26 34 62 1 25 50 59 73 44 28 78 80 16 72 54 27 35 46 36 4 18 30 52 76 42 53 38 64 6 40 17 29 79 39 63 65 67 37 23 45 48 12 69 14 33 58 47 74 31 24 51 71 10 5 3 
81 23 78 29 24 18 69 25 38 35 36 22 49 76 31 17 60 73 46 8 72 47 44 61 54 70 75 79 71 55 9 40 6 37 42 51 30 32 1 2 41 66 58 56 3 64 16 4 45 5 77 33 26 67 43 14 10 27 7 19 11 53 20 39 50 59 12 74 15 57 48 62 80 28 65 21 52 63 13 34 68 
3 61 15 6 41 7 50 42 66 12 51 77 8 79 5 43 48 53 78 65 49 34 40 67 38 57 10 22 80 39 64 45 73 74 30 63 27 13 54 28 16 9 46 4 26 18 52 24 31 1 72 23 68 69 47 56 33 71 44 76 55 62 2 21 20 58 14 60 36 19 17 35 70 59 75 81 25 32 11 29 37 
45 2 51 70 20 14 35 21 48 37 38 29 30 11 27 41 4 75 9 26 19 80 81 52 5 56 64 62 54 72 50 17 1 13 68 53 36 59 43 57 18 60 47 69 63 39 61 7 25 22 71 34 65 3 42 77 74 28 24 58 46 78 15 55 32 31 16 23 76 10 40 33 44 73 6 49 79 8 66 67 12 
28 68 71 65 26 74 31 54 63 55 56 58 2 52 45 32 3 59 79 76 23 11 17 4 14 60 29 70 44 36 67 10 43 15 8 16 12 75 49 35 78 6 7 33 40 42 57 46 73 19 53 80 48 47 30 25 81 61 1 34 72 21 51 38 77 64 13 37 9 69 22 66 39 62 27 41 18 24 20 50 5 
80 12 75 36 8 79 32 39 13 44 15 67 1 10 63 54 34 57 62 43 6 30 27 7 25 59 66 77 5 3 76 41 58 20 56 26 19 50 42 11 52 64 24 14 53 28 21 35 74 17 2 40 9 78 37 70 31 18 65 69 49 22 23 73 51 29 81 4 71 61 68 47 45 33 46 48 72 16 55 60 38 
16 34 33 17 58 53 19 55 22 21 68 81 26 24 25 64 62 74 35 31 15 51 41 32 20 73 1 38 2 14 4 46 11 49 47 65 5 39 80 70 10 45 48 76 67 43 60 8 30 63 37 66 50 54 29 79 57 9 59 75 12 13 40 78 44 72 18 3 6 52 27 28 7 61 42 56 36 77 71 69 23 
49 10 52 64 62 46 1 47 59 9 16 14 13 19 80 65 69 7 58 74 18 50 21 37 53 39 71 29 33 34 66 60 48 28 25 27 72 77 23 61 79 15 22 17 31 70 36 44 20 55 12 6 75 81 5 45 73 32 41 35 54 38 68 42 56 8 63 11 30 67 26 24 40 78 57 76 4 51 2 3 43 
57 37 76 56 30 67 43 40 44 66 47 50 18 72 23 61 78 70 2 16 42 28 48 24 33 36 77 35 75 69 81 52 21 12 31 59 25 51 73 65 38 68 71 20 55 13 32 62 10 29 49 58 11 27 39 8 4 3 17 6 80 63 60 79 1 53 7 45 41 5 34 46 54 9 14 22 15 19 64 74 26 
4 60 77 5 11 73 27 9 72 20 33 6 39 46 40 71 42 28 45 63 3 68 55 69 22 12 13 32 18 57 78 61 19 24 7 23 37 8 29 34 74 62 21 44 81 14 76 41 51 38 79 56 15 59 26 67 64 16 48 52 66 50 36 70 43 25 49 2 75 80 65 54 10 47 17 30 35 53 31 58 1 
36 24 61 3 32 51 30 67 42 53 28 34 74 66 35 69 17 77 70 14 26 12 45 56 21 19 8 71 10 81 33 55 75 80 79 58 64 54 41 78 9 31 65 40 39 59 38 47 22 57 7 27 1 25 73 43 2 63 6 50 44 49 72 11 18 76 62 5 48 29 4 52 20 68 23 16 46 37 60 15 13 
11 14 25 40 70 69 22 71 81 59 50 7 78 18 2 76 33 44 74 13 79 63 52 60 48 15 55 47 4 43 37 16 45 72 3 42 34 27 5 56 35 29 68 10 6 62 28 51 46 64 66 17 61 23 21 30 67 58 32 41 19 36 38 80 12 9 24 73 20 77 31 57 8 49 53 1 39 65 26 54 75 
38 15 23 58 80 12 79 13 47 8 29 27 67 31 21 5 68 6 4 10 39 54 2 46 65 72 25 73 1 24 53 30 35 7 34 40 76 28 77 52 32 63 74 60 17 49 43 48 81 18 36 75 42 33 16 37 26 45 11 20 57 56 70 14 55 41 61 19 3 50 78 59 66 22 71 69 44 9 51 62 64 
33 72 28 49 74 75 26 35 18 39 10 46 40 63 42 70 51 23 16 68 31 20 29 57 71 22 27 56 9 61 54 76 66 59 64 13 53 58 48 45 67 55 12 2 8 79 19 11 15 44 69 14 41 24 81 4 62 7 77 78 65 1 80 60 6 36 21 38 32 43 25 37 52 34 73 50 3 5 47 17 30 
31 41 53 21 9 44 2 37 8 62 81 52 45 13 32 80 19 20 5 75 58 64 59 73 35 40 24 17 51 27 48 28 23 11 57 49 16 38 66 36 50 4 30 71 79 54 70 3 6 39 26 78 29 60 55 18 61 46 10 22 47 12 69 56 63 65 15 34 33 68 1 72 67 42 77 74 14 7 25 43 76 
73 16 19 43 1 54 56 10 29 25 75 57 72 55 49 36 47 41 34 80 44 32 37 38 9 53 69 6 26 60 2 5 78 62 67 68 22 42 14 18 23 61 15 21 7 30 77 65 35 50 20 31 40 8 66 76 52 33 39 3 64 51 27 17 81 13 45 46 58 79 74 71 12 11 59 63 28 4 70 48 24 
20 66 65 46 4 55 59 63 27 26 64 12 38 48 58 22 14 1 17 41 76 42 77 47 51 43 28 69 50 19 36 21 74 29 18 39 3 37 57 33 62 11 72 70 73 16 34 5 71 2 67 32 52 10 79 60 68 13 15 24 25 23 9 44 30 54 8 7 35 49 53 75 6 80 56 40 45 31 81 61 78 
76 45 64 48 57 39 5 50 17 3 79 37 24 9 56 30 11 60 61 23 36 81 7 66 62 6 78 25 8 15 52 63 44 46 65 77 26 20 75 59 47 80 1 43 49 68 53 55 4 73 21 13 58 12 31 54 34 35 40 29 14 71 74 67 28 22 70 51 42 2 69 16 27 32 10 33 19 38 18 41 72 
34 52 7 62 68 77 78 6 60 61 4 73 65 43 54 16 15 71 49 1 33 67 50 3 30 11 18 41 14 12 38 32 31 22 70 20 24 19 51 46 44 25 13 81 69 76 9 80 56 37 74 72 63 45 48 42 53 5 75 17 59 28 8 47 39 23 40 27 26 66 64 10 57 36 2 58 29 21 35 55 79 
67 3 55 24 43 33 25 34 46 36 69 1 10 22 47 77 65 76 30 29 62 14 39 68 80 35 40 27 13 66 51 73 26 50 12 38 15 52 81 7 17 57 42 78 28 58 11 23 60 75 41 45 20 79 4 49 63 54 9 56 2 16 37 32 72 48 6 44 53 31 61 18 59 71 74 64 5 70 8 19 21 
1 54 44 11 22 59 81 72 21 52 80 24 33 71 28 26 75 43 73 50 56 49 32 42 77 8 47 40 78 53 30 7 68 36 20 9 48 4 79 62 25 3 63 31 37 38 10 64 2 12 39 69 18 70 58 6 66 74 5 55 51 41 35 16 17 67 19 15 13 46 57 45 65 27 60 14 61 76 29 23 34 
75 69 48 7 31 61 16 14 71 78 40 49 15 8 19 37 20 46 21 27 52 41 66 23 24 10 36 57 11 67 70 39 55 35 60 45 58 47 64 76 59 22 80 30 2 81 63 74 68 33 29 42 6 73 25 28 65 34 13 12 17 72 50 9 4 43 54 56 62 1 5 38 32 18 3 26 77 79 53 44 51 
8 63 36 12 27 60 51 4 53 32 21 13 41 81 6 62 39 61 28 18 11 7 58 59 57 55 79 49 24 37 42 2 16 31 74 17 77 65 67 43 40 50 69 72 70 34 5 14 54 56 1 25 76 19 15 38 78 44 23 46 68 26 29 30 73 20 52 33 64 47 71 3 35 45 22 75 10 48 80 9 66 
65 35 73 23 2 56 49 77 64 67 60 11 54 57 48 4 50 45 31 3 38 33 15 1 63 44 46 8 32 59 41 14 71 18 22 34 13 74 68 51 53 5 16 19 20 80 72 9 36 24 30 43 17 66 52 61 47 42 69 81 27 70 21 12 76 79 75 25 29 7 10 26 78 58 37 55 6 40 39 28 62 
5 70 42 18 38 78 29 74 26 14 7 16 73 12 59 55 63 68 53 67 2 13 34 48 72 64 22 54 6 75 69 44 62 3 77 61 9 49 27 39 1 56 32 66 35 8 51 71 21 4 52 28 31 57 33 19 76 43 60 80 10 79 45 40 36 37 41 58 50 65 81 23 46 15 25 17 30 11 24 20 47 
40 58 39 79 6 37 20 76 50 23 72 18 44 25 64 66 2 56 51 81 71 16 9 5 60 4 17 63 47 10 28 48 33 19 43 80 8 21 26 73 46 54 29 45 34 15 35 61 3 13 65 67 55 22 57 53 75 1 62 32 36 24 30 74 70 11 68 77 27 59 14 78 31 12 38 52 69 49 41 7 42 
68 62 32 19 66 28 41 52 57 17 5 35 34 53 51 79 30 9 25 45 70 43 26 75 74 61 20 65 46 76 15 58 81 64 29 72 33 10 36 6 11 44 23 38 12 27 47 16 78 40 48 77 37 49 71 7 18 8 31 14 67 3 59 69 42 60 22 80 39 21 24 55 2 4 13 54 73 1 56 63 50 
9 30 10 45 13 17 47 80 15 70 3 31 42 58 74 27 38 29 54 6 12 76 65 78 69 37 19 23 52 4 79 25 56 5 21 1 55 41 60 71 61 24 18 75 14 44 7 50 32 46 62 26 59 53 22 48 40 39 64 11 77 20 73 66 35 49 51 8 34 28 63 2 36 16 33 57 81 72 43 68 67 
19 13 18 81 12 32 72 75 54 49 77 15 55 68 53 57 27 25 41 34 74 17 70 35 39 78 80 61 56 50 59 9 20 52 45 44 73 1 11 16 76 79 8 63 47 6 33 67 29 7 14 62 60 26 24 58 5 38 21 10 22 4 71 23 31 40 46 64 43 3 66 36 28 37 30 51 48 69 42 2 65 
27 9 45 55 29 25 6 8 73 81 41 47 17 14 24 10 67 63 71 61 40 26 11 44 23 18 43 12 66 46 13 22 69 57 15 21 54 36 59 77 7 72 52 50 30 48 58 39 37 80 34 49 19 31 32 75 35 65 53 70 56 68 28 51 38 2 33 20 5 42 60 1 74 3 79 62 76 64 78 4 16 
62 4 20 66 16 31 70 24 67 38 23 21 56 7 78 75 61 40 60 77 51 55 3 65 47 76 63 53 43 48 5 42 29 1 14 73 28 26 25 10 71 69 27 41 13 36 45 15 57 68 18 30 72 2 12 9 59 80 52 8 39 64 79 49 37 81 11 35 44 74 58 34 22 46 50 32 17 33 54 6 19 
56 77 37 76 64 36 61 65 7 43 54 71 52 32 69 45 35 33 68 49 67 5 6 29 66 30 14 4 19 79 60 70 47 58 17 3 38 18 74 22 21 51 20 62 9 1 27 53 40 8 23 41 13 42 46 2 72 73 16 31 34 11 57 28 15 39 59 48 78 24 50 80 81 26 44 10 55 75 12 25 63 
79 17 60 35 46 42 53 43 49 19 1 30 64 62 11 34 28 12 10 69 48 21 73 20 31 32 15 16 40 18 68 36 65 54 24 67 80 55 2 66 57 33 37 39 5 74 59 25 75 51 70 4 78 71 23 3 29 50 14 44 41 61 81 8 7 63 76 52 22 26 6 56 38 77 72 9 13 47 45 27 58 
47 59 40 10 78 15 63 5 69 48 2 79 9 44 65 50 37 31 38 4 28 36 53 8 19 45 62 11 72 49 39 74 77 26 75 71 70 60 58 23 56 35 81 34 64 46 22 32 24 16 76 3 12 52 67 33 42 55 51 13 6 25 43 29 61 27 57 21 18 54 30 17 1 41 7 20 68 66 73 80 14 
39 44 41 14 71 3 38 33 23 74 20 36 80 6 22 18 66 8 1 7 37 9 16 50 58 46 42 2 30 51 55 62 28 27 81 25 17 43 61 31 68 48 53 12 24 21 69 73 63 54 64 79 10 11 60 47 15 40 49 26 45 76 78 77 67 4 32 13 19 75 72 65 5 56 70 35 34 29 52 57 59 
2 21 22 34 28 58 68 51 80 5 59 4 70 73 26 29 72 39 75 24 81 52 13 64 56 54 57 10 38 8 6 78 7 76 33 32 65 14 40 49 15 42 44 3 46 47 50 20 9 77 61 35 66 17 74 1 30 37 19 48 69 27 63 62 45 16 79 71 12 55 41 25 11 60 43 31 67 18 23 36 53 
26 74 30 57 48 50 52 1 11 13 58 76 60 51 46 3 16 42 12 2 59 25 33 22 27 79 72 31 64 41 34 37 80 23 63 35 6 67 32 19 4 78 75 29 45 65 56 28 38 43 55 44 81 5 17 36 20 66 54 77 7 18 62 10 14 68 69 9 47 53 70 73 49 21 8 61 71 15 40 24 39 
66 67 2 16 69 70 73 23 62 40 42 3 46 34 43 12 10 47 48 78 75 29 64 71 36 80 32 33 28 11 45 19 54 8 1 56 4 6 76 53 77 39 59 18 44 24 81 21 27 52 38 22 35 61 65 13 49 17 74 51 30 14 25 41 5 26 55 72 31 37 7 15 58 20 68 60 63 50 57 79 9 
30 20 54 33 75 26 45 44 12 79 65 8 81 78 50 74 23 2 13 37 43 70 5 10 67 58 49 60 7 32 24 15 61 63 80 14 42 57 52 29 55 47 34 28 71 9 41 68 77 36 19 39 4 72 56 62 38 22 76 18 73 69 53 59 66 1 64 6 51 17 16 48 25 31 11 3 21 35 46 40 27 
77 78 72 39 17 34 8 79 24 54 18 32 68 33 29 60 21 11 47 46 16 22 20 25 50 66 7 59 12 5 65 69 3 81 55 64 14 15 35 67 26 43 36 73 62 53 6 49 58 45 57 37 71 44 75 41 80 31 4 61 40 48 1 13 9 74 27 70 10 23 42 63 51 2 19 38 56 52 76 30 28 
37 53 50 68 15 1 80 36 52 69 9 55 7 16 57 13 73 22 24 21 63 4 19 74 44 28 61 58 20 25 43 18 42 38 49 62 66 81 31 30 27 17 79 23 10 40 48 2 76 78 56 64 8 51 59 11 77 67 70 72 5 29 6 34 65 3 35 75 46 33 54 60 71 39 41 47 32 12 14 26 45 
64 71 4 60 47 43 14 11 10 28 66 25 58 35 72 56 31 38 27 51 41 2 42 39 18 81 34 52 68 26 75 53 67 77 76 30 40 24 13 54 65 8 45 1 48 50 15 59 7 32 33 12 5 46 63 44 23 78 37 9 79 55 3 61 62 21 29 69 57 36 20 19 17 70 80 73 22 74 16 49 6 
6 19 56 61 35 40 48 41 58 30 52 51 5 17 77 53 49 37 26 73 9 79 23 55 8 69 59 66 22 70 21 71 57 39 13 74 60 3 38 20 72 46 11 80 78 67 31 54 1 34 63 10 14 18 64 50 27 12 33 16 42 47 32 4 2 44 43 28 25 45 76 68 29 81 15 65 24 62 7 75 36 
29 51 63 59 7 5 13 31 55 64 61 48 75 26 76 14 70 62 65 17 57 1 54 45 40 52 12 46 36 16 27 6 2 4 35 37 69 25 9 41 19 32 50 49 58 20 30 79 42 3 47 74 23 80 28 21 71 60 68 15 24 8 39 22 78 38 53 81 77 56 73 11 72 43 18 67 66 10 34 33 44 
74 49 3 38 81 27 76 32 25 41 24 20 71 59 1 39 6 67 11 33 53 72 60 77 15 31 56 44 34 9 17 47 79 48 23 10 63 68 22 12 70 21 51 16 75 69 62 13 28 26 43 29 73 65 7 57 36 2 66 45 35 19 46 58 52 14 30 18 8 40 80 50 61 5 55 37 64 78 4 42 54 
21 42 46 22 65 57 9 18 28 27 63 45 4 36 44 19 80 15 14 35 30 3 38 62 6 68 76 50 41 73 40 29 72 78 51 31 56 33 37 74 64 2 5 7 61 55 17 70 16 66 60 11 25 75 20 52 58 10 26 54 43 81 34 71 24 47 67 32 49 12 79 39 77 69 48 13 23 59 1 53 8 
14 79 68 25 63 35 4 73 5 50 78 56 12 42 75 11 9 65 40 60 80 19 28 15 29 49 16 45 55 54 47 77 22 30 61 7 10 53 72 13 3 67 6 58 51 26 39 37 66 74 44 70 2 32 36 31 48 21 71 27 33 17 64 57 41 69 1 43 24 18 38 76 34 23 52 59 8 20 62 46 81 
70 8 1 44 51 22 15 62 2 72 26 41 35 54 66 59 40 10 69 12 34 31 74 21 37 9 23 48 81 13 16 24 39 53 71 79 45 30 46 64 43 52 77 32 33 5 80 76 18 11 4 60 56 14 68 73 19 20 29 57 3 67 75 27 25 6 42 65 63 78 47 61 50 55 28 7 58 36 17 38 49 
17 43 29 9 77 23 36 59 39 58 57 74 79 80 71 31 18 51 52 32 50 53 56 76 64 63 41 68 60 20 46 27 14 67 40 8 49 11 15 24 66 28 38 61 16 7 78 1 12 30 35 47 21 13 44 34 6 25 45 5 81 10 65 26 19 33 72 55 37 62 2 70 3 48 69 42 54 22 75 73 4 
71 7 74 53 55 20 67 64 31 47 45 19 62 38 3 25 81 49 6 44 61 66 72 70 2 48 11 5 42 28 58 1 18 21 73 52 23 9 34 17 8 65 54 57 27 63 75 40 69 59 24 46 22 36 76 51 13 26 80 37 4 43 41 35 10 56 50 14 79 30 39 32 33 29 12 77 78 60 68 16 15 
42 81 24 41 45 30 75 26 37 16 39 68 29 77 67 15 7 21 22 58 65 73 25 14 43 38 5 76 57 62 72 49 50 33 10 2 79 71 18 69 36 70 31 35 80 17 23 6 8 61 51 19 3 48 78 55 28 52 12 66 74 32 47 20 59 46 34 54 60 9 13 4 64 1 63 53 40 44 27 11 56 
32 57 69 52 3 48 11 61 65 34 6 33 22 5 60 28 53 17 59 47 20 71 1 13 46 62 67 43 25 31 12 26 51 56 78 41 39 7 44 55 14 40 4 37 68 73 79 81 50 9 10 38 27 77 49 16 54 70 42 63 23 2 18 36 8 75 58 66 21 64 15 29 76 35 24 19 80 45 30 72 74 
13 6 58 47 18 80 10 19 40 2 32 63 27 64 30 8 24 69 39 54 35 78 36 51 17 77 33 9 37 23 11 4 34 44 38 15 20 76 62 81 75 41 26 25 29 45 49 72 55 42 28 57 16 68 1 46 56 79 61 60 50 59 7 48 3 12 74 53 67 73 52 22 21 14 5 66 70 43 65 71 31 
72 33 49 27 54 21 66 28 56 1 46 44 37 61 55 52 76 48 18 79 45 10 30 26 7 3 4 36 74 35 29 64 63 75 59 70 50 22 19 42 12 73 78 47 60 31 25 34 65 67 15 20 62 43 11 69 8 14 58 53 38 77 24 5 80 71 17 16 68 81 23 40 9 51 39 6 41 2 32 13 57 
60 76 12 78 50 38 34 46 16 73 14 70 43 23 4 20 36 13 55 42 8 75 57 27 68 24 81 19 65 80 32 3 17 69 66 6 2 63 21 48 5 74 56 59 1 29 71 58 33 53 54 52 64 41 35 72 39 15 30 62 9 40 22 7 11 28 44 31 45 51 77 49 79 10 47 18 26 25 67 37 61 
################proper############## 

 average_time = 188.340045 

 success runs = 1 

 total average iters = 2804791.000000 
