Success!!! 
 
 max_col = 
 81 
 
 run_time = 
 183.535384 
 
 once iters = 
 3002367 
 
80 1 58 62 74 54 66 13 29 79 48 11 17 16 59 64 21 40 42 34 73 44 33 23 4 69 57 49 76 35 24 32 27 9 6 67 47 65 5 77 68 41 15 38 26 12 55 2 31 19 37 20 71 52 36 25 3 18 43 22 72 56 63 61 75 28 70 45 81 7 8 50 51 10 53 39 78 60 14 46 30 
72 77 44 11 59 68 47 51 28 76 65 70 18 23 6 81 60 32 78 75 38 43 5 71 9 79 52 34 40 61 12 41 57 7 21 54 25 10 39 67 4 62 66 49 8 17 69 64 24 42 74 56 36 14 29 33 19 80 55 13 30 35 53 63 22 2 58 26 37 16 20 46 1 3 50 15 45 48 27 73 31 
39 23 32 50 40 46 52 31 56 49 35 27 37 10 9 45 71 38 26 63 36 41 3 70 81 68 21 8 43 72 51 19 73 77 4 60 1 30 13 55 42 76 69 24 11 66 58 29 7 6 25 78 33 5 79 28 15 64 2 61 12 16 57 14 48 44 74 53 17 80 18 59 65 34 67 75 22 20 47 54 62 
24 63 35 4 55 8 5 37 12 36 53 61 66 20 43 62 2 57 45 25 30 47 64 7 10 15 65 46 3 71 44 18 26 74 42 22 51 9 28 80 23 59 27 56 58 72 16 13 67 75 32 73 77 41 50 48 17 54 49 39 14 1 81 33 29 19 31 34 40 78 38 60 21 70 69 76 79 52 6 11 68 
53 79 14 45 18 81 49 33 15 74 46 28 72 26 19 44 13 69 76 51 59 67 24 77 58 22 2 10 5 65 50 25 75 66 38 23 21 64 43 29 61 31 17 70 60 54 8 30 9 48 35 47 4 3 20 52 78 27 40 6 34 73 37 62 39 11 71 68 32 57 55 1 42 80 36 63 12 56 41 16 7 
78 20 30 6 65 70 61 69 22 51 15 33 75 25 50 4 34 8 16 32 35 49 48 11 12 28 55 68 53 1 62 63 13 80 2 14 37 72 44 74 45 18 52 3 7 43 60 40 46 39 57 76 59 79 67 21 41 71 42 31 24 58 23 73 56 66 77 10 27 54 36 47 29 26 38 19 9 81 64 5 17 
75 16 43 71 7 64 48 25 73 24 78 67 47 14 3 52 63 5 29 40 80 6 54 56 17 31 13 58 39 11 79 20 45 59 81 55 36 22 32 35 50 19 34 57 53 49 65 38 68 28 1 70 61 27 9 60 10 66 26 62 69 51 46 76 72 23 21 42 30 12 41 15 44 8 77 74 33 2 4 18 37 
41 2 38 3 34 36 76 57 19 31 58 22 56 80 29 7 73 42 27 37 20 46 1 66 60 50 39 78 17 47 70 52 48 30 15 16 12 71 54 79 6 81 40 33 14 45 18 63 26 10 53 21 62 11 77 8 65 44 74 75 59 4 68 67 9 51 25 69 5 24 13 64 35 28 23 49 55 32 43 61 72 
42 67 21 9 17 10 27 60 26 55 77 68 41 54 30 1 12 39 72 14 62 18 53 74 8 61 19 33 29 31 69 28 36 56 64 37 46 78 75 20 16 73 48 63 2 50 80 81 51 44 22 23 34 15 7 70 45 76 38 32 11 5 47 49 3 6 43 4 52 65 35 79 58 13 57 24 59 25 71 66 40 
3 57 76 14 46 73 12 2 25 29 28 55 35 7 40 72 24 51 30 18 49 33 66 21 19 4 41 26 65 8 1 50 20 69 45 62 9 23 61 37 5 68 80 13 47 81 59 54 79 52 31 39 74 16 63 10 42 43 17 78 56 27 60 70 15 36 53 58 48 22 32 71 67 75 11 38 64 44 77 34 6 
36 13 75 81 41 9 40 30 66 11 18 49 26 33 17 39 48 4 65 53 71 25 76 67 44 58 45 27 19 28 16 7 78 34 68 5 77 21 69 31 10 20 2 79 6 61 22 51 70 50 42 55 43 8 74 15 73 14 3 52 38 57 32 47 64 60 62 1 23 59 54 80 56 35 63 46 37 24 12 72 29 
49 39 53 52 4 58 69 50 71 59 10 65 20 76 42 54 80 66 34 43 51 13 17 48 28 11 79 24 35 14 36 12 47 32 22 18 70 73 40 41 33 7 63 67 55 37 19 3 29 78 30 75 23 1 26 68 77 5 64 16 46 72 21 81 27 56 6 8 74 31 44 38 62 60 25 9 2 45 57 15 61 
44 21 19 38 31 27 70 34 6 22 32 79 69 67 13 30 43 47 9 46 24 75 2 5 59 10 63 54 23 37 17 77 56 49 39 25 45 29 18 28 1 74 72 64 3 57 35 15 76 60 66 71 73 58 4 40 11 33 61 53 48 62 55 42 20 50 16 41 26 52 51 12 80 36 78 14 7 68 81 8 65 
59 68 29 77 33 42 43 32 63 16 8 6 15 61 53 12 37 60 80 36 56 81 50 72 74 40 1 71 52 79 10 44 70 73 55 3 4 34 27 62 11 54 25 46 78 9 5 24 21 26 65 38 64 17 41 22 18 75 28 2 51 47 31 35 67 45 14 7 66 76 57 39 30 23 58 48 20 19 49 13 69 
11 17 20 18 62 65 78 16 72 3 56 57 21 36 14 68 50 23 12 47 37 39 6 61 55 64 35 42 38 29 31 67 9 4 53 15 44 60 66 26 22 24 81 52 51 63 27 48 77 46 2 33 45 7 71 69 8 59 58 80 54 30 70 34 19 25 13 49 28 73 79 75 43 1 76 5 74 40 10 32 41 
54 15 67 24 56 55 7 64 10 81 27 19 71 1 75 77 74 34 8 70 32 62 69 3 38 78 31 48 60 63 80 46 58 40 30 11 43 14 16 57 36 49 35 12 59 53 68 44 72 41 6 28 13 20 23 9 50 29 79 76 25 45 39 2 65 18 5 61 21 37 4 17 22 33 26 47 66 73 42 52 51 
22 5 45 35 28 47 1 80 48 64 44 63 52 41 38 46 58 62 54 68 23 60 42 57 26 73 27 76 61 2 74 51 6 75 59 66 53 56 30 17 8 15 39 71 19 34 67 10 69 25 14 32 18 36 37 49 81 20 12 24 13 65 7 43 77 9 78 40 11 33 29 72 55 79 31 21 50 16 70 3 4 
61 8 37 60 51 74 26 23 79 25 70 31 78 45 73 5 9 2 14 29 15 7 77 22 52 20 16 13 21 64 81 57 72 43 41 33 65 42 76 75 48 58 32 50 38 80 49 11 4 47 62 40 56 12 6 35 66 34 67 44 19 36 1 69 30 55 10 3 68 63 46 24 53 27 59 28 54 18 39 17 71 
5 45 16 36 75 77 37 55 35 4 20 56 79 40 76 24 28 6 13 39 58 80 22 51 70 63 44 73 34 12 48 1 8 15 74 46 57 49 59 25 60 64 3 53 33 7 61 43 11 69 21 62 65 9 52 71 2 32 19 23 68 26 14 78 10 54 50 17 31 29 47 42 41 81 66 67 30 38 72 27 18 
15 44 66 21 1 48 58 41 64 61 63 42 13 27 37 47 81 75 23 74 25 54 10 29 24 67 50 5 16 19 59 35 30 60 32 2 71 79 20 72 14 34 56 9 70 8 28 52 80 18 17 12 76 46 51 57 31 78 73 7 33 43 65 68 6 3 38 36 55 53 40 11 26 45 4 22 77 39 62 69 49 
38 14 4 80 29 56 33 62 32 72 59 9 16 50 25 31 36 3 2 73 28 27 43 34 48 19 64 40 81 20 22 70 55 51 17 47 52 39 8 42 41 67 7 30 63 75 71 23 60 66 49 6 37 68 76 24 74 46 13 45 5 12 61 18 26 15 1 77 79 69 65 58 54 11 35 53 21 10 44 57 78 
13 11 73 10 20 52 67 42 68 69 23 30 19 48 57 34 1 58 15 71 45 79 75 60 72 12 9 50 41 26 27 43 62 18 76 29 24 46 77 66 54 61 47 81 36 31 3 22 5 33 78 25 51 59 49 55 39 38 21 37 53 40 35 7 16 14 8 44 70 28 80 4 63 17 56 6 65 74 2 64 32 
8 9 23 34 50 57 39 63 61 78 68 35 53 21 7 33 65 55 49 77 14 59 46 1 66 52 40 64 4 80 6 11 38 79 71 28 17 13 10 2 37 69 43 45 29 26 54 32 58 36 56 19 67 72 42 27 30 62 15 41 44 60 18 20 12 81 22 73 25 74 75 48 24 16 51 31 76 3 5 47 70 
76 30 69 40 71 78 53 26 51 32 12 5 46 18 10 15 70 41 57 61 65 55 47 16 37 81 7 36 54 39 66 33 44 3 24 31 38 48 6 11 58 80 68 35 74 2 42 27 1 20 50 4 29 45 25 64 22 8 77 17 28 79 72 60 62 43 56 67 63 34 21 49 13 59 9 52 75 23 73 19 14 
74 31 60 19 2 22 79 43 17 67 51 66 49 77 54 38 29 73 53 78 68 5 62 26 11 6 20 37 14 58 63 72 25 13 52 7 28 76 21 44 65 1 16 18 23 47 30 55 64 35 24 10 15 81 69 4 75 48 36 56 70 3 34 59 57 39 41 71 9 45 27 32 46 50 61 42 80 8 40 12 33 
12 28 25 65 54 24 18 7 70 17 45 52 2 62 71 80 14 22 33 38 3 31 8 41 42 30 76 67 49 57 21 69 77 23 56 10 27 32 55 78 19 4 50 26 75 74 53 79 39 40 73 34 44 48 47 63 59 16 11 20 81 9 6 72 35 64 51 66 46 13 5 61 60 37 68 29 58 15 36 1 43 
81 72 49 59 27 3 6 46 47 8 74 26 39 44 60 43 64 11 56 4 18 69 36 32 35 21 17 53 9 45 42 78 68 65 61 75 5 62 15 22 31 12 73 51 40 13 14 70 41 77 38 16 57 63 1 80 67 50 66 10 58 29 54 23 52 30 37 2 24 19 33 76 79 48 71 7 25 55 20 28 34 
35 81 3 43 24 21 75 47 53 40 2 78 51 55 4 37 26 56 63 27 46 36 18 64 41 70 69 60 6 15 25 54 71 12 67 44 34 61 50 7 9 57 19 65 42 11 72 77 30 17 28 1 52 33 16 13 23 79 80 74 66 32 20 5 59 76 39 22 45 14 62 73 49 31 10 8 29 58 68 38 48 
40 46 64 72 73 76 34 28 2 9 54 60 31 6 16 8 42 50 17 35 66 12 23 39 33 74 29 7 51 56 78 59 4 52 14 32 22 5 80 3 20 71 70 37 43 65 13 47 55 79 58 68 38 25 10 62 69 1 48 18 41 49 30 77 36 27 75 57 53 67 61 21 81 24 44 26 15 11 19 63 45 
25 51 48 30 38 61 57 20 11 14 43 80 12 65 68 74 27 28 31 58 47 2 81 42 49 9 71 75 22 41 33 37 53 39 13 72 62 17 79 63 44 36 29 76 73 10 7 56 3 67 46 45 16 66 24 59 6 21 34 26 15 55 78 64 70 4 52 18 8 23 19 35 5 69 54 40 32 50 1 60 77 
9 66 31 42 13 41 14 19 7 47 22 81 58 73 44 17 49 35 24 79 76 21 16 75 61 77 8 57 18 30 65 40 11 70 34 64 2 15 1 33 55 39 4 59 10 5 62 36 32 37 54 51 69 50 38 12 63 25 68 27 45 67 29 26 46 80 48 74 60 56 6 20 28 43 72 23 3 78 53 71 52 
77 55 22 32 67 17 74 58 5 45 76 64 38 59 1 70 25 71 3 10 43 68 37 53 15 80 34 61 79 42 28 9 50 36 23 81 16 41 56 52 78 21 24 6 48 39 75 73 44 27 40 29 49 26 35 31 72 4 60 19 47 46 8 11 69 63 66 51 54 30 12 65 14 57 62 2 18 33 13 7 20 
65 71 68 8 80 50 29 36 16 39 62 34 5 66 15 48 30 79 55 59 54 22 25 52 20 32 38 45 47 69 58 31 1 46 73 19 64 77 35 51 27 26 74 40 13 23 4 18 53 43 12 63 6 60 57 7 44 28 14 70 17 11 3 10 2 49 72 33 78 81 24 41 9 76 37 61 67 42 75 56 21 
1 12 33 26 10 63 56 78 37 13 52 53 29 3 69 11 61 21 62 57 6 30 67 4 73 44 60 16 55 66 49 27 76 8 5 48 23 47 58 45 32 14 18 72 68 22 41 74 20 31 81 35 24 19 54 42 51 2 39 50 40 75 77 79 38 71 28 9 15 25 43 7 64 65 34 70 17 46 59 36 80 
70 59 27 15 60 79 54 39 62 20 67 18 24 19 23 10 32 72 1 7 40 48 45 50 65 5 11 35 2 74 77 29 63 26 3 80 8 69 49 38 75 46 30 28 66 21 78 76 14 34 71 61 9 57 56 53 37 52 81 33 43 64 36 13 58 16 44 31 42 68 17 55 12 51 47 25 6 41 22 4 73 
6 52 18 49 45 4 23 44 69 7 41 36 63 57 77 75 46 33 28 72 78 19 26 13 14 51 56 21 68 38 43 24 10 17 62 20 54 67 31 81 53 11 12 60 25 48 15 8 59 64 70 42 2 80 65 73 9 22 5 58 61 76 71 1 50 37 29 32 47 3 34 40 16 55 79 27 39 30 35 74 66 
31 61 2 58 23 18 19 4 57 73 64 24 65 60 28 20 59 77 7 81 22 52 13 15 3 53 30 1 10 9 46 36 33 68 69 70 78 35 42 50 43 27 55 47 12 71 11 80 45 38 48 44 32 51 14 5 26 17 29 25 37 8 62 66 34 75 76 63 39 40 49 56 72 6 74 54 41 21 67 79 16 
67 22 26 1 68 51 25 5 74 21 57 47 4 52 18 49 15 43 59 9 12 72 56 73 32 35 28 29 64 81 30 62 65 58 54 6 31 44 38 48 17 53 79 10 76 41 50 60 8 14 39 24 70 75 61 11 7 40 63 77 78 71 69 16 45 42 20 27 2 36 23 13 34 19 3 33 46 66 37 80 55 
10 32 36 63 14 13 9 6 8 34 55 45 67 37 79 26 38 53 44 24 29 78 49 69 31 71 61 51 50 40 75 23 42 25 16 35 56 7 72 1 57 70 33 77 64 30 21 20 18 2 3 66 17 73 80 46 48 19 4 68 76 22 15 41 11 58 47 52 43 5 74 54 59 39 60 12 28 27 65 62 81 
34 3 72 54 81 12 46 76 65 58 66 23 1 2 32 69 40 25 19 64 57 17 55 10 80 48 47 11 56 60 13 4 15 27 37 21 30 20 29 8 62 51 71 36 18 67 9 6 42 5 16 52 26 78 43 39 28 49 70 79 74 53 41 44 7 22 59 35 33 38 68 77 73 61 24 45 14 63 50 31 75 
37 43 80 41 39 30 62 66 44 5 13 17 10 68 48 61 22 16 51 21 67 26 58 40 63 36 6 38 77 52 32 34 12 2 57 53 74 25 14 49 24 3 11 54 9 59 81 69 27 23 19 31 47 55 72 56 60 45 75 35 20 33 73 28 18 79 46 65 4 64 50 29 70 42 7 1 71 76 15 78 8 
21 53 47 17 77 7 45 48 49 12 30 46 27 31 56 6 78 54 75 42 1 38 74 20 39 60 68 19 24 18 72 79 41 71 80 59 40 66 4 73 34 23 58 15 65 62 25 28 22 76 33 37 63 29 32 2 16 13 50 81 3 44 67 8 14 26 61 55 10 9 70 57 36 52 64 11 35 69 51 43 5 
29 60 50 56 42 38 73 11 55 33 19 39 9 8 35 63 3 14 66 2 34 37 4 45 62 46 70 31 44 5 47 76 74 48 78 17 41 80 26 21 52 28 75 69 16 40 79 61 36 7 13 54 68 43 64 58 1 10 27 57 65 59 24 30 51 67 12 72 6 71 15 81 20 18 49 32 23 22 25 77 53 
16 70 40 27 78 15 35 71 75 80 29 62 50 74 81 76 51 36 41 33 5 11 65 54 79 23 18 55 8 73 20 14 67 28 7 43 59 63 2 32 39 22 45 61 46 1 77 49 12 58 64 57 72 4 31 66 21 9 6 38 52 34 42 24 37 48 19 25 3 60 69 53 68 47 17 56 13 26 30 44 10 
20 64 24 69 79 33 28 59 52 42 72 75 7 70 11 71 41 44 77 8 50 16 14 76 43 27 25 3 63 22 39 45 66 61 49 26 81 68 19 13 67 6 60 5 37 15 46 35 65 74 34 53 10 56 30 54 47 36 23 12 55 18 51 32 17 78 73 21 80 1 31 62 38 40 29 58 4 57 9 48 2 
4 27 59 23 30 71 16 9 36 63 69 43 44 11 31 21 75 61 38 54 48 76 29 12 67 39 49 70 42 62 73 58 35 14 60 45 10 52 68 34 64 50 13 74 15 33 2 46 19 3 80 41 7 47 17 26 56 53 25 40 32 24 22 65 66 77 18 20 1 79 37 51 6 72 5 78 8 28 55 81 57 
55 6 52 33 32 67 68 81 3 56 80 37 14 51 22 19 45 26 60 16 4 53 44 78 57 34 75 15 46 21 64 30 79 1 8 40 18 36 73 58 25 65 20 17 28 69 43 39 35 54 63 5 66 38 59 76 13 61 72 9 23 77 10 31 49 47 7 62 50 48 11 70 27 71 2 41 24 12 29 42 74 
26 80 17 22 61 53 8 18 46 38 24 40 48 72 27 41 55 70 32 19 11 56 28 79 51 13 81 25 74 36 5 2 7 54 20 50 14 75 45 71 47 43 9 66 67 76 1 37 23 73 15 64 12 49 21 44 68 6 69 4 42 63 52 3 78 33 57 39 29 35 30 16 77 62 65 59 10 34 31 58 60 
79 41 54 66 25 75 44 1 45 6 36 73 60 12 34 35 7 20 64 55 69 58 70 65 47 72 5 4 28 32 67 22 52 33 10 38 11 31 63 76 59 78 37 39 49 18 48 42 62 56 77 9 27 24 3 81 57 74 71 43 29 50 2 21 13 40 80 15 61 8 53 23 19 30 14 16 51 17 26 68 46 
28 19 78 51 5 37 50 29 39 30 16 4 8 46 64 67 68 9 20 23 27 61 59 2 21 14 73 66 13 24 41 75 18 57 47 65 48 12 62 6 38 33 77 42 56 52 31 53 40 11 26 72 55 71 58 34 54 35 1 15 60 7 49 17 25 74 45 81 36 32 10 44 69 63 22 3 43 80 79 70 76 
63 74 70 48 12 40 31 15 20 10 47 13 62 28 49 25 18 81 52 50 17 1 80 6 77 7 42 72 69 43 71 53 51 16 44 76 26 19 3 60 46 29 8 4 41 79 32 45 34 57 68 36 58 30 78 65 64 67 37 14 27 39 33 22 54 5 24 75 38 55 59 2 66 9 73 35 11 61 23 21 56 
73 38 10 76 49 14 2 24 34 15 3 29 57 79 74 53 77 65 43 41 31 63 68 36 25 33 62 80 37 27 23 26 17 19 9 56 35 81 7 54 40 55 1 21 30 70 44 78 61 8 59 22 50 28 5 51 12 47 16 66 18 48 11 71 42 46 60 6 64 58 72 69 39 4 32 13 52 75 45 20 67 
57 56 42 13 64 72 21 65 58 54 71 1 33 39 78 50 17 52 46 45 74 66 35 9 18 24 15 77 31 59 11 3 34 55 29 61 69 53 23 16 2 44 5 32 22 6 51 4 10 81 60 14 75 67 70 20 80 73 30 8 62 28 79 27 68 12 63 76 41 43 26 19 47 7 48 37 49 36 38 40 25 
43 69 62 7 47 60 11 35 77 2 5 58 59 32 66 42 23 76 10 30 26 71 40 8 22 37 3 39 48 6 68 81 49 78 63 12 80 51 24 70 79 72 61 27 57 20 74 25 17 16 29 65 21 13 75 38 55 31 41 46 36 19 45 9 73 34 67 14 56 4 28 52 33 15 1 18 44 53 54 50 64 
19 76 61 75 36 62 3 70 18 28 37 77 32 69 41 27 10 13 73 1 72 35 52 25 7 65 48 47 58 49 45 66 16 31 12 79 55 54 57 56 21 63 59 80 17 4 39 14 2 30 11 74 5 42 60 6 34 23 20 67 8 15 38 51 81 24 64 29 22 44 78 68 50 46 40 43 53 71 33 9 26 
58 7 39 68 9 29 38 10 13 57 75 54 30 71 70 22 33 1 36 62 53 24 63 55 34 3 43 20 80 77 19 74 81 5 65 42 61 2 37 4 12 16 76 44 32 56 45 67 78 21 47 17 79 64 46 14 40 26 51 73 50 69 59 52 8 41 35 28 49 27 66 6 11 25 18 72 60 31 48 23 15 
27 26 55 79 8 69 4 52 59 62 81 20 36 5 58 2 16 45 21 76 10 40 78 38 6 41 14 23 57 70 15 13 22 24 11 9 60 28 67 30 7 77 65 29 50 68 73 71 43 49 75 48 25 37 33 19 53 3 44 72 31 54 56 80 74 17 42 46 18 61 39 63 32 64 12 34 47 51 66 35 1 
32 40 41 73 66 23 30 17 33 19 11 51 3 38 12 14 39 46 61 44 79 28 20 27 71 75 74 52 36 48 29 64 43 10 18 69 13 26 9 53 70 47 42 58 72 60 63 34 50 15 8 7 35 62 22 37 76 68 24 1 16 81 4 45 21 31 2 5 59 77 67 25 57 78 6 55 56 49 80 65 54 
50 25 51 5 35 45 63 21 80 60 17 72 73 42 47 79 56 59 4 69 39 9 12 30 64 29 22 32 62 67 53 55 46 37 40 78 75 24 11 23 49 66 6 68 81 28 52 31 16 1 44 26 54 10 48 18 27 41 57 65 71 70 74 38 43 20 33 13 58 15 7 34 8 2 19 36 61 77 76 14 3 
71 47 15 46 11 34 65 14 43 68 26 48 80 4 61 18 44 63 67 17 16 42 32 33 56 54 66 6 7 76 8 21 2 72 50 51 39 3 74 5 69 45 41 31 62 29 24 57 13 70 23 27 22 40 55 78 35 77 9 49 79 25 64 19 60 53 30 12 73 75 1 36 37 38 52 20 81 59 58 10 28 
60 48 6 12 72 16 24 67 31 23 7 25 43 64 65 66 76 74 68 80 81 50 51 37 2 49 77 28 59 33 56 71 54 44 1 34 15 18 22 36 35 8 78 19 52 55 20 58 38 32 9 46 53 61 11 17 29 30 47 63 39 21 13 40 79 10 4 70 57 26 14 3 45 5 75 73 27 62 69 41 42 
2 42 1 28 53 20 22 54 78 35 40 15 34 49 55 9 67 31 70 26 8 57 19 59 13 18 58 30 73 3 4 38 60 41 27 63 33 43 64 14 71 25 46 48 79 51 36 72 81 12 76 77 80 6 45 32 61 7 10 5 75 52 66 50 23 69 65 47 62 11 56 37 17 74 16 44 68 29 21 39 24 
56 37 77 74 57 44 64 49 81 53 50 21 6 29 52 78 8 24 47 5 60 15 11 31 23 45 46 14 75 17 26 39 61 35 25 68 73 40 34 27 51 38 10 20 1 19 66 65 33 59 18 3 41 69 2 36 43 12 62 28 80 42 58 54 76 32 55 48 16 72 71 9 4 67 30 79 70 7 63 22 13 
48 50 57 2 21 49 55 53 76 52 61 7 54 43 33 51 20 18 37 12 9 32 73 47 75 56 80 79 1 10 38 8 3 29 66 30 68 11 78 65 13 42 14 62 27 46 34 16 28 22 67 69 19 70 39 45 4 81 31 71 64 41 26 36 44 72 23 60 35 17 63 74 25 58 15 77 40 5 24 6 59 
45 75 81 20 6 11 51 73 9 70 14 8 77 56 80 16 57 67 35 3 33 65 60 43 1 59 72 63 71 7 55 42 5 22 28 74 19 50 36 69 18 17 53 25 24 78 47 41 48 29 27 13 39 21 40 30 38 15 32 34 10 2 76 4 31 52 68 64 12 49 58 26 23 54 46 66 62 79 61 37 44 
7 29 12 64 63 32 10 61 24 37 79 71 74 22 39 65 19 78 11 52 2 23 27 49 69 55 36 41 72 25 18 80 14 62 33 58 3 8 70 15 26 9 21 75 44 77 40 59 66 51 4 30 81 35 53 50 20 57 46 42 67 6 17 48 5 73 54 56 13 47 76 43 31 68 28 60 16 1 34 45 38 
46 54 74 44 22 19 72 77 38 48 49 50 42 47 36 23 5 15 40 20 61 4 34 62 76 66 26 69 27 78 60 16 37 11 75 13 63 45 41 64 29 30 31 7 39 25 17 68 56 53 10 58 8 2 12 43 33 70 18 3 73 14 80 55 24 1 79 59 67 6 9 28 71 32 21 81 57 65 52 51 35 
66 34 79 39 52 43 15 3 4 44 60 12 45 17 26 73 31 27 18 28 13 74 30 46 50 16 24 2 32 68 9 65 23 67 36 49 58 57 47 40 81 10 51 1 77 38 6 62 63 55 61 80 20 54 19 72 5 56 59 21 35 37 75 53 71 8 69 78 14 42 25 22 76 41 33 64 48 70 7 29 11 
30 36 71 47 16 35 80 40 42 41 9 76 28 58 21 13 11 29 22 6 7 64 15 44 5 8 51 81 70 53 52 17 19 20 46 4 79 37 60 59 56 32 67 23 34 3 26 12 74 45 43 50 14 31 62 77 24 63 54 48 1 68 25 75 61 57 27 38 65 66 2 33 18 73 55 10 69 72 78 49 39 
23 58 65 37 69 1 13 8 14 75 6 32 25 35 62 40 72 10 39 67 42 77 79 17 68 38 53 12 26 54 57 48 59 76 31 73 20 4 71 46 66 2 28 22 5 44 64 33 15 24 52 49 60 18 27 47 36 11 78 55 7 61 16 29 41 21 34 80 51 70 81 45 74 56 43 50 63 9 3 30 19 
18 62 28 67 26 31 59 27 41 66 38 69 81 34 2 55 4 68 71 48 70 14 21 63 45 25 78 56 15 50 40 6 24 64 43 39 72 16 33 61 74 52 54 73 35 36 57 9 37 65 5 79 1 76 13 29 58 51 8 60 49 23 44 46 32 7 11 19 77 10 3 30 75 22 20 80 42 47 17 53 12 
33 78 56 25 70 5 17 68 60 46 1 59 64 63 24 3 53 30 58 31 19 10 41 81 29 57 54 44 45 51 34 61 21 47 35 77 49 6 12 43 76 48 38 55 80 73 23 7 75 71 72 11 42 32 66 79 52 65 22 69 9 74 28 37 40 62 15 50 20 39 16 18 2 14 27 4 26 13 8 67 36 
47 10 5 31 3 28 60 22 67 71 42 2 76 30 63 56 79 49 74 66 75 29 72 14 16 62 59 9 33 46 35 73 64 81 51 36 50 38 17 68 77 37 23 11 69 27 70 1 52 80 45 15 78 44 18 41 25 55 65 54 26 13 12 6 53 61 40 43 19 21 48 8 7 20 39 57 34 4 32 24 58 
62 33 7 29 48 25 71 74 1 27 73 10 23 24 72 28 35 80 79 56 64 8 9 19 78 43 32 18 20 13 37 49 31 53 70 41 6 59 81 47 15 40 57 34 21 58 76 66 54 4 51 67 3 77 68 16 46 39 45 11 63 17 50 12 55 65 36 30 75 2 52 5 61 44 42 69 38 14 60 26 22 
69 35 34 78 43 39 32 12 23 50 4 38 70 81 20 60 62 37 6 22 21 73 31 18 54 26 67 17 30 44 76 56 28 45 58 8 66 55 65 9 3 13 36 16 61 24 33 5 47 63 41 59 40 53 15 75 14 72 7 51 57 10 48 25 1 29 49 11 71 46 42 27 52 77 80 68 19 64 74 2 79 
52 49 8 61 58 2 77 45 50 65 39 44 11 15 67 36 47 19 5 13 55 51 71 80 53 76 33 59 78 75 14 60 29 21 26 24 32 1 48 12 72 79 64 43 54 42 56 17 73 9 20 18 46 23 34 74 70 69 35 30 6 38 27 57 4 68 3 16 7 41 22 10 40 66 81 62 31 37 28 25 63 
64 4 11 53 19 66 42 79 27 43 21 74 55 75 45 29 52 48 25 15 44 20 57 24 40 47 23 65 12 34 3 10 80 63 72 1 7 70 51 39 30 60 26 14 71 16 38 50 6 68 36 8 28 22 81 61 62 37 56 59 2 31 5 58 33 13 32 54 69 18 77 67 78 49 41 17 73 35 46 76 9 
17 24 13 57 15 59 41 56 30 18 34 14 61 53 46 58 54 64 81 65 63 45 38 35 36 1 37 62 11 23 7 68 69 6 77 52 42 27 25 19 80 75 22 2 4 32 10 26 71 72 55 43 31 39 28 3 49 60 76 29 21 66 40 74 47 70 9 79 44 20 73 78 48 12 8 51 5 67 16 33 50 
14 65 63 55 37 26 36 75 21 1 25 3 40 9 51 57 66 12 69 60 41 70 61 68 46 2 4 22 67 16 54 5 32 50 48 71 76 58 52 10 28 56 44 8 20 35 29 19 49 13 7 81 11 74 73 23 79 42 33 47 77 78 43 39 80 38 17 24 34 62 64 31 15 53 45 30 72 6 18 59 27 
51 18 46 16 44 6 20 72 40 26 33 41 68 13 5 32 69 17 48 49 77 3 7 28 27 42 12 43 66 4 2 15 39 38 19 57 29 74 53 24 73 35 62 78 31 64 37 75 25 61 79 60 30 34 8 67 71 58 52 36 22 80 9 56 63 59 81 23 76 50 45 14 10 21 70 65 1 54 11 55 47 
68 73 9 70 76 80 81 38 54 77 31 16 22 78 8 59 6 7 50 11 52 34 39 58 30 17 10 74 25 55 61 47 40 42 79 27 67 33 46 18 63 5 49 41 45 14 12 21 57 62 69 2 48 65 44 1 32 24 53 64 4 20 19 15 28 35 26 37 72 51 60 66 3 29 13 71 36 43 56 75 23 
################proper############## 

 average_time = 183.535384 

 success runs = 1 

 total average iters = 3002367.000000 
