Success!!! 
 
 max_col = 
 81 
 
 run_time = 
 55.069753 
 
 once iters = 
 802757 
 
62 13 61 40 47 80 12 66 11 36 33 28 48 37 32 57 26 77 51 65 54 59 81 43 64 35 10 22 39 16 19 6 79 67 53 25 15 5 18 74 30 72 55 31 75 2 41 68 3 45 78 46 76 44 69 23 73 71 9 21 58 7 56 27 29 50 63 70 60 24 38 34 20 4 1 42 49 14 17 8 52 
71 19 72 57 35 59 68 45 20 9 41 6 3 16 2 69 24 39 58 36 14 15 79 60 17 12 44 30 5 48 18 8 46 49 81 27 47 33 23 65 10 32 56 80 43 34 13 42 77 37 54 1 70 7 62 22 4 29 63 64 52 28 50 76 74 40 11 26 51 25 78 66 73 31 67 38 75 21 53 55 61 
36 51 23 81 37 18 49 60 4 15 59 78 62 30 67 13 7 34 69 53 66 77 72 2 42 47 22 40 65 45 58 73 31 24 68 41 52 79 39 35 44 61 11 29 70 71 10 21 17 43 14 63 50 32 54 38 80 33 6 74 8 55 16 20 1 3 75 12 46 9 5 19 48 57 26 56 27 28 64 76 25 
10 28 7 38 34 42 5 70 41 73 40 65 50 58 25 22 17 18 8 71 20 9 23 63 11 49 46 69 1 56 62 72 47 55 74 60 78 13 21 68 2 3 54 48 37 24 61 27 31 35 33 29 80 39 19 14 77 44 81 57 75 76 26 67 43 64 4 32 59 52 53 6 45 36 15 16 66 12 51 30 79 
54 6 64 27 53 3 73 30 15 46 68 29 8 52 74 31 60 72 5 4 25 78 33 55 1 16 40 36 17 14 9 43 76 28 35 61 42 58 51 26 49 41 63 50 34 22 18 75 81 57 67 11 38 19 12 13 10 20 32 47 48 66 70 23 77 21 79 45 56 69 7 80 2 24 37 65 59 71 39 62 44 
32 17 2 16 75 63 22 8 1 54 47 53 70 42 27 11 56 19 45 31 39 67 26 73 24 13 50 71 20 29 52 15 80 33 21 77 59 76 81 38 60 12 4 66 69 23 49 40 36 30 64 55 48 72 3 25 65 79 51 18 35 46 5 28 58 41 62 61 14 44 37 57 34 43 10 78 68 7 9 6 74 
46 14 29 26 78 56 44 65 76 5 51 64 23 43 75 35 21 80 3 74 7 28 6 61 62 19 27 38 34 32 54 4 66 57 13 70 53 9 1 71 45 17 8 25 67 52 15 12 20 16 69 73 79 59 49 24 2 37 39 68 36 41 11 81 55 48 42 30 72 10 31 18 22 77 63 33 40 60 47 58 50 
50 74 43 21 39 9 55 77 48 45 4 76 71 61 20 10 14 79 32 75 38 56 52 29 41 18 68 12 37 2 23 11 3 59 44 63 22 27 24 40 57 46 64 7 6 66 26 62 51 25 28 47 58 65 78 60 30 53 67 1 31 34 42 8 54 17 36 33 49 16 15 73 70 72 80 81 35 13 69 19 5 
25 79 52 69 33 31 24 67 58 81 38 49 44 12 66 55 63 1 80 48 34 57 21 30 76 70 37 26 10 78 42 7 64 75 50 51 14 77 20 62 73 28 16 36 19 53 5 74 56 60 9 6 8 4 45 15 61 43 72 40 59 27 17 22 35 65 13 39 2 71 47 68 3 11 23 54 29 32 46 18 41 
24 35 6 64 18 4 15 7 53 71 61 1 60 77 26 16 33 50 44 30 9 22 51 21 70 75 81 56 73 3 2 19 43 46 57 20 11 68 31 5 13 52 58 10 62 74 32 29 78 14 48 39 28 67 72 66 36 45 59 76 49 40 37 54 27 69 55 17 8 65 23 38 25 42 79 12 34 41 80 47 63 
39 1 20 33 29 72 10 28 81 35 5 27 51 70 30 3 76 69 74 14 8 31 73 48 12 52 56 44 25 37 53 58 24 40 62 34 66 22 71 19 21 42 18 2 41 36 16 6 15 4 45 59 54 60 23 57 32 55 13 61 77 79 65 64 78 9 80 47 68 63 46 49 11 50 38 7 17 26 67 75 43 
45 63 21 42 71 51 40 57 19 34 73 48 13 23 29 28 36 25 60 37 47 72 67 24 3 62 16 68 77 81 15 5 61 79 66 50 8 32 27 14 56 65 75 69 49 46 9 17 41 38 12 52 1 53 6 33 70 22 11 54 80 2 74 10 4 43 76 58 7 31 18 26 30 44 35 59 55 64 20 78 39 
17 8 31 37 38 70 54 44 2 47 79 52 11 18 55 40 80 45 28 34 49 42 46 32 20 39 43 23 41 6 36 29 30 78 1 72 9 57 50 25 16 4 15 63 59 26 71 66 62 73 61 65 24 10 5 19 12 48 35 27 64 75 7 53 14 67 3 21 74 81 77 22 76 69 58 13 33 68 60 56 51 
34 56 13 47 77 43 58 50 5 4 14 9 74 57 78 44 59 62 53 38 76 45 27 65 19 68 29 8 71 64 55 63 69 31 60 33 39 24 12 81 46 36 3 6 35 11 7 72 80 79 21 22 18 49 67 30 17 10 41 42 26 52 51 48 32 28 25 75 16 20 73 37 1 70 40 2 23 61 66 15 54 
23 68 78 55 26 16 67 61 36 17 32 58 41 66 64 42 2 31 63 35 10 6 77 33 57 15 11 39 38 54 28 14 49 21 59 7 80 47 76 1 48 79 73 51 20 75 43 5 34 13 56 25 40 37 9 81 44 8 3 50 53 69 4 30 62 19 24 60 45 70 12 52 74 27 18 71 72 29 22 46 65 
74 60 73 49 27 48 3 11 12 72 19 22 38 24 53 43 37 46 71 55 17 13 25 79 26 36 1 45 80 42 65 76 75 4 9 10 33 54 64 28 40 29 67 70 7 81 63 2 69 44 58 20 23 30 68 47 15 31 18 78 39 56 62 34 41 66 61 51 57 35 59 50 16 14 8 5 52 6 21 77 32 
79 9 41 65 76 66 69 75 14 67 56 54 15 20 63 8 10 68 61 18 50 7 4 23 80 59 58 11 32 12 17 13 16 52 26 22 37 53 72 30 74 55 34 44 78 35 51 77 57 3 27 64 47 70 73 71 43 60 28 38 46 25 21 1 33 5 39 29 6 42 40 2 81 19 45 48 36 31 62 49 24 
59 30 46 62 32 25 80 52 22 12 65 81 49 7 6 21 39 75 2 54 78 5 40 64 66 41 69 67 18 47 51 70 35 27 48 74 23 38 60 17 43 26 77 61 45 8 33 19 50 31 55 76 42 68 14 63 16 1 24 58 34 20 29 13 72 56 44 36 79 15 11 71 10 37 57 9 3 53 28 73 4 
72 39 22 50 52 53 28 23 29 75 10 59 47 13 80 37 12 78 79 44 11 16 74 58 40 45 66 7 27 18 33 64 42 76 14 26 36 3 49 32 41 6 38 62 54 5 35 15 1 9 46 70 73 8 55 65 21 19 30 24 17 67 2 60 81 57 71 77 34 4 63 61 69 48 56 25 31 51 68 43 20 
19 76 4 11 61 57 25 31 64 2 16 30 24 45 33 49 23 63 38 39 59 37 43 56 69 5 62 35 55 15 80 48 6 20 46 53 13 67 40 51 81 60 74 47 68 17 28 71 72 65 75 58 22 36 26 52 14 34 1 29 79 77 12 3 21 73 18 54 41 27 8 70 44 9 50 32 10 78 42 7 66 
40 7 5 56 8 68 33 35 54 77 25 61 6 53 44 20 18 64 81 15 71 10 41 70 78 42 17 57 62 65 12 1 28 74 23 45 4 14 30 48 66 37 26 73 63 19 76 80 79 34 32 2 21 27 31 72 50 16 60 11 69 59 75 55 51 47 9 43 38 22 52 58 67 29 39 36 24 3 49 13 46 
20 41 71 18 1 24 47 48 70 68 74 26 69 81 43 17 73 55 14 12 19 25 75 76 6 9 23 49 36 4 40 67 5 37 32 8 57 52 61 50 39 10 79 72 42 51 3 63 60 11 77 13 7 78 22 53 45 64 46 80 56 44 27 2 31 59 33 62 66 28 30 29 35 34 65 21 38 54 15 16 58 
16 34 74 75 80 44 42 55 73 79 15 51 9 71 40 46 70 7 48 21 24 63 50 68 28 4 47 52 81 43 60 38 77 10 3 59 45 17 33 2 23 8 12 76 31 62 53 56 67 49 29 66 25 18 20 58 35 78 54 41 5 32 13 72 65 14 1 19 37 36 39 69 26 64 11 61 57 30 6 27 22 
12 26 62 45 49 46 51 37 17 65 39 50 57 72 21 52 5 14 1 80 53 3 22 36 67 73 77 58 9 61 66 75 29 56 2 11 27 16 69 24 25 20 7 34 18 33 54 43 48 41 30 68 6 31 28 10 63 23 38 8 47 4 81 42 15 44 32 40 78 64 13 35 59 71 76 74 60 79 19 70 55 
3 69 65 79 66 13 27 59 10 28 67 8 36 35 58 19 32 60 54 52 46 20 31 34 18 29 57 41 50 63 72 51 17 22 30 73 64 71 78 11 80 43 21 56 15 42 55 47 37 24 38 26 44 14 39 70 9 68 61 7 74 48 76 45 49 25 23 16 12 75 6 53 4 2 62 1 77 33 5 40 81 
78 36 60 30 67 2 81 58 43 31 3 56 1 38 41 34 66 4 27 32 64 26 49 72 8 65 55 54 69 24 25 47 21 13 70 19 46 35 29 53 22 77 59 9 44 20 74 16 61 39 40 57 10 45 71 37 62 51 15 33 42 6 73 50 79 11 7 68 76 5 80 48 28 12 17 52 63 18 14 23 75 
21 15 77 14 63 38 6 32 9 27 29 62 76 48 22 54 42 11 7 61 51 35 30 13 60 33 2 16 79 34 71 78 44 68 39 31 5 19 75 58 1 70 65 28 55 69 64 81 52 23 59 50 4 12 40 18 3 36 49 66 25 43 57 74 24 46 67 10 26 56 20 17 8 41 47 73 53 37 45 72 80 
26 71 63 8 20 61 48 38 51 24 23 45 42 6 62 66 47 56 12 60 79 4 3 44 75 57 34 14 16 69 39 54 53 9 78 64 35 36 65 31 11 58 68 32 50 43 22 76 21 5 15 10 30 17 29 28 33 70 55 67 2 18 1 46 59 13 27 52 80 7 74 40 37 49 19 77 25 73 41 81 72 
28 70 12 1 5 47 56 2 57 43 8 32 39 50 37 30 55 81 33 24 18 46 9 53 77 20 38 4 68 21 49 42 72 7 45 36 75 63 41 59 61 44 29 19 17 3 78 64 54 52 79 71 13 74 80 34 48 76 58 6 10 73 23 15 60 16 65 25 35 11 67 62 66 22 27 51 26 69 40 31 14 
44 54 42 34 21 33 39 64 27 49 58 14 77 67 79 78 40 22 68 7 81 47 19 71 63 23 74 46 6 5 35 24 62 41 75 43 60 80 10 13 52 15 9 16 76 18 66 70 53 55 25 61 37 26 51 45 31 30 4 65 50 72 20 38 73 29 56 69 36 48 57 3 32 17 28 11 12 2 8 59 1 
58 50 76 60 81 49 65 68 18 10 53 69 26 28 31 41 57 21 67 56 13 30 35 11 14 55 78 73 61 40 27 12 15 38 17 23 72 42 54 79 3 39 20 43 1 4 44 33 29 77 19 62 51 80 64 75 7 5 47 59 66 36 25 37 70 32 8 22 24 2 71 45 9 74 46 63 16 34 52 48 6 
52 31 40 53 17 15 23 69 66 29 44 75 2 46 54 72 48 71 21 1 42 50 64 45 49 22 61 34 59 74 20 3 10 70 65 13 55 37 25 18 24 30 14 8 26 16 73 35 12 58 41 7 60 38 79 11 57 77 19 32 27 62 63 5 6 76 51 81 9 39 28 4 68 67 36 47 78 43 56 80 33 
14 25 30 9 43 45 74 41 32 13 12 11 5 19 70 63 3 15 10 6 62 58 80 8 39 27 51 81 22 52 76 50 60 26 29 2 48 69 77 7 28 73 47 78 38 67 72 65 40 36 1 75 59 34 35 49 56 54 16 37 68 61 46 44 66 33 17 31 20 21 42 55 18 23 71 79 64 4 24 57 53 
37 4 36 67 19 73 75 29 35 76 60 74 20 68 1 61 52 16 72 26 32 54 15 41 59 31 65 28 63 66 48 79 33 25 80 18 21 64 46 6 27 22 23 45 51 9 47 57 14 8 11 56 39 2 53 43 71 17 40 69 81 42 24 12 50 58 49 34 30 78 10 77 62 5 7 3 70 55 38 44 13 
77 80 3 6 13 55 59 72 24 25 17 35 7 34 9 36 65 33 52 73 37 70 16 69 5 66 48 19 58 1 32 30 51 11 67 57 56 4 2 12 62 74 71 81 40 28 27 46 63 20 49 45 31 50 15 8 39 41 14 44 38 22 78 79 68 26 53 18 23 47 64 43 42 61 21 60 54 75 29 10 76 
7 11 79 78 10 22 16 62 46 38 80 4 64 73 18 27 51 59 43 40 28 2 29 17 36 76 25 37 47 31 56 71 55 8 77 44 49 66 34 70 67 33 57 53 5 32 23 48 42 6 81 24 68 69 74 21 52 13 26 60 9 12 3 41 63 1 19 14 75 54 61 72 15 35 20 58 39 45 65 50 30 
35 77 51 24 6 19 46 40 50 33 52 17 75 5 47 81 20 53 25 69 3 32 78 10 61 44 21 13 48 30 68 18 4 64 63 9 76 74 62 36 29 54 42 67 22 49 59 37 58 56 2 28 66 15 65 7 34 38 73 12 14 16 71 80 57 27 45 8 11 23 55 39 43 79 70 31 41 1 72 26 60 
64 43 80 23 58 12 79 71 52 74 31 55 59 14 39 38 1 35 62 29 72 60 37 15 81 40 9 47 2 20 77 32 45 65 33 46 10 75 7 61 53 50 28 24 11 70 6 41 73 26 42 27 17 21 25 67 8 49 44 19 57 51 54 68 5 36 78 76 48 34 16 30 63 3 22 69 13 66 18 4 56 
61 20 55 68 48 21 41 25 39 8 45 63 43 56 42 79 30 6 13 50 77 18 2 46 73 28 26 1 24 76 22 69 71 66 52 58 12 70 19 3 5 16 72 17 14 57 4 60 10 64 36 67 74 62 75 27 37 35 31 81 15 29 32 47 9 54 59 49 53 33 65 7 80 40 78 23 51 44 11 38 34 
67 33 69 22 4 32 13 36 49 50 46 3 65 60 77 51 41 12 35 11 27 34 1 14 16 43 54 21 8 73 59 28 74 80 72 39 63 26 56 44 31 57 25 64 2 40 48 78 5 75 47 53 45 24 18 68 20 6 23 70 30 10 55 19 38 42 81 37 17 66 62 79 71 7 29 15 58 76 61 52 9 
15 29 54 31 70 37 57 74 60 18 2 21 22 62 4 23 13 49 17 41 68 76 56 19 7 6 8 53 67 26 16 44 34 81 38 14 58 46 66 80 78 1 51 30 27 61 65 3 43 50 52 79 9 77 42 36 64 47 69 39 11 45 33 73 71 24 20 28 40 72 35 63 12 55 75 10 5 59 32 25 48 
47 53 17 72 65 76 30 1 34 32 70 37 58 10 57 26 25 54 31 51 75 71 42 52 22 48 39 55 7 41 79 36 12 15 19 49 38 6 45 73 4 35 40 60 8 14 68 11 46 29 80 23 69 81 59 78 66 3 5 63 13 21 9 61 67 74 64 50 18 43 56 44 24 33 2 62 28 77 27 20 16 
27 59 45 3 11 26 9 78 7 16 24 44 73 80 61 76 34 66 20 58 67 53 63 57 55 74 79 75 42 25 31 23 70 5 56 62 65 39 15 69 47 48 52 68 32 13 19 38 71 54 18 30 35 33 60 1 22 50 43 72 40 17 28 77 2 12 21 4 10 29 41 51 46 6 14 8 81 49 37 36 64 
66 5 81 10 73 8 38 42 62 19 28 72 78 9 48 68 69 29 49 23 36 64 70 4 45 30 59 3 60 57 50 17 11 51 27 40 18 43 13 55 71 34 33 37 77 44 25 20 7 32 16 12 63 76 46 80 79 61 56 2 24 26 41 6 22 75 52 15 58 14 1 31 65 39 74 53 47 35 54 21 67 
63 16 28 44 2 14 18 56 75 7 64 71 40 27 15 67 11 36 47 33 5 24 38 66 65 80 12 78 43 10 37 61 54 35 6 29 81 20 59 21 9 49 41 23 79 72 39 8 55 22 51 31 34 1 58 76 53 52 48 62 4 74 77 69 13 60 46 3 25 26 70 32 17 73 68 50 42 19 30 45 57 
11 44 9 52 24 50 72 27 47 66 81 31 25 74 3 29 28 5 16 62 69 55 39 49 4 60 36 61 45 53 64 34 37 17 22 71 51 40 70 20 77 63 2 38 30 10 21 7 59 76 43 48 65 23 33 56 54 73 68 75 1 58 18 35 26 8 6 80 32 79 14 12 19 15 42 46 67 57 13 41 78 
76 22 70 39 60 74 71 43 16 59 54 42 55 33 46 2 72 27 26 66 80 41 58 75 32 8 14 18 13 62 10 65 36 12 4 3 34 50 47 29 79 11 37 57 56 63 17 9 64 81 20 77 53 61 52 69 25 7 21 5 51 15 35 31 19 78 48 67 28 30 45 1 6 38 49 44 73 40 23 24 68 
1 2 32 12 25 23 62 14 45 11 78 36 34 76 65 18 68 61 40 43 48 79 17 35 31 50 30 63 44 27 21 39 9 58 49 24 73 59 26 15 8 7 66 52 80 41 67 4 6 42 70 5 19 3 57 16 47 74 77 71 28 13 22 33 20 51 29 38 54 55 72 46 60 10 69 64 56 81 75 53 37 
13 67 18 46 41 79 36 6 37 62 35 73 4 44 60 58 45 30 24 81 70 27 20 25 33 21 3 29 14 11 57 26 50 42 31 55 69 1 5 43 19 23 10 22 16 54 38 39 74 28 68 15 32 56 48 64 72 59 78 34 63 53 80 52 40 49 2 7 65 76 75 9 61 51 77 17 71 47 12 66 8 
49 66 58 80 40 7 35 34 56 57 26 13 63 15 50 6 53 20 77 22 65 52 12 67 29 51 45 32 74 46 43 2 8 23 5 28 24 25 68 64 17 76 27 3 33 79 30 73 75 72 31 69 78 47 37 61 81 39 70 55 44 19 38 16 11 71 60 42 4 41 21 10 36 59 54 18 14 48 1 9 62 
5 75 53 63 54 65 19 81 69 40 49 80 52 51 16 77 67 38 64 10 2 1 71 47 68 78 15 25 35 7 73 56 59 6 20 30 61 48 4 42 58 9 45 18 21 55 36 26 33 46 34 60 12 11 8 41 29 32 66 17 43 14 79 57 37 39 74 23 62 13 44 24 31 76 72 70 50 22 3 28 27 
31 64 48 77 28 30 20 33 38 56 1 12 10 39 69 24 8 32 19 72 63 23 61 37 9 7 18 60 78 68 67 41 40 16 15 47 62 81 44 54 55 75 6 13 65 29 52 14 45 51 66 80 71 57 2 3 46 42 27 36 76 11 49 58 17 70 50 73 22 53 34 59 21 26 25 43 4 5 74 79 35 
55 57 8 4 42 29 78 15 21 14 37 23 19 47 7 70 43 17 46 76 73 38 13 59 54 53 5 51 75 79 1 66 48 72 69 80 28 49 32 41 12 31 35 74 71 58 24 25 44 2 22 18 62 40 10 26 6 67 50 45 20 9 60 56 61 77 68 64 27 3 81 36 52 63 34 30 65 16 33 39 11 
51 73 68 61 59 10 17 3 26 64 48 79 21 41 71 75 22 9 57 42 56 74 44 6 34 11 28 33 54 19 70 52 38 77 76 81 67 78 53 46 72 14 60 39 36 1 37 50 35 27 8 49 16 13 30 4 40 65 62 23 12 24 31 66 25 63 15 5 43 18 69 47 58 20 32 55 45 80 7 2 29 
53 47 39 15 72 35 34 5 33 41 9 43 67 75 19 59 29 37 36 49 40 12 32 50 79 3 31 20 23 17 14 46 65 2 28 78 7 44 16 63 70 38 22 11 48 21 57 69 68 71 62 54 81 58 13 74 60 4 42 26 55 64 6 25 76 45 10 1 73 80 24 56 27 30 61 66 8 52 77 51 18 
42 3 24 58 9 64 50 79 74 20 57 33 27 40 45 62 4 10 22 19 60 73 68 7 46 63 70 72 30 77 75 49 41 71 8 56 6 23 37 67 32 66 13 12 53 25 2 61 26 59 17 14 5 35 47 54 18 21 76 52 65 1 69 43 34 31 16 44 15 51 29 28 55 81 48 39 80 36 78 11 38 
48 10 57 43 16 28 60 12 6 63 69 5 54 36 51 64 74 13 56 25 15 44 47 77 72 38 67 66 29 39 34 22 27 1 79 21 40 62 42 4 26 2 80 65 52 78 70 30 8 7 23 19 46 20 61 17 59 81 71 9 73 49 68 75 18 55 37 41 3 50 58 11 33 45 53 35 32 24 76 14 31 
2 61 25 36 46 69 26 80 40 30 66 39 53 55 81 1 35 48 75 64 6 17 57 51 52 58 24 59 11 13 63 31 67 45 42 37 43 41 14 47 54 71 50 5 73 27 79 32 76 18 3 4 49 16 77 44 38 56 33 22 29 78 72 9 23 62 70 65 21 68 19 8 7 28 60 34 20 74 10 12 15 
70 55 11 73 23 81 29 76 8 22 50 38 31 26 14 15 61 28 65 27 1 48 34 18 21 69 4 62 3 36 44 9 57 47 16 68 25 45 79 75 33 24 78 49 74 6 56 10 66 80 13 41 77 51 7 39 58 63 53 20 32 30 19 40 64 35 72 2 52 12 17 60 54 46 43 67 37 42 71 5 59 
65 52 38 20 30 62 66 51 77 6 76 68 16 21 12 47 71 42 78 28 43 80 8 5 23 37 35 10 4 55 7 74 19 32 24 69 29 31 58 60 18 64 81 59 57 39 45 67 9 40 53 72 33 73 34 46 11 15 75 79 3 50 14 63 36 22 54 13 61 49 48 27 41 56 44 26 2 17 25 1 70 
22 32 59 17 68 67 14 19 31 44 34 7 18 8 23 60 46 24 41 2 16 61 45 26 71 10 13 70 15 35 38 33 81 54 58 6 3 72 55 76 20 56 39 27 28 47 50 36 11 1 63 42 52 75 43 48 51 80 12 25 37 5 40 78 69 4 30 53 77 57 66 74 49 62 64 29 21 9 79 65 73 
18 45 37 41 56 75 1 54 44 58 72 2 79 78 17 25 49 52 11 20 29 66 14 42 74 81 53 76 40 60 61 80 26 73 51 12 30 21 9 10 35 69 19 77 46 15 34 31 22 48 65 43 64 55 24 62 27 57 8 28 16 70 36 32 39 7 5 59 71 38 33 67 47 68 13 4 6 23 50 63 3 
4 27 49 71 7 78 21 63 13 80 11 70 32 3 56 73 77 65 9 59 33 39 55 62 30 54 76 48 64 50 5 53 25 18 43 52 1 8 36 34 51 68 17 15 61 60 12 24 38 74 37 44 29 28 41 35 67 2 45 10 23 31 66 26 46 81 47 20 42 6 79 14 40 58 16 75 69 72 57 22 19 
60 18 16 29 3 40 7 26 79 21 71 57 81 65 68 9 64 8 55 77 52 19 62 78 37 56 42 43 51 33 24 35 73 30 25 17 50 28 67 39 15 45 70 54 66 76 69 58 47 63 6 32 11 41 38 5 74 27 2 14 72 80 53 36 10 34 22 48 44 1 4 75 23 13 31 49 46 20 59 61 12 
57 12 19 2 14 41 4 17 30 42 63 67 56 59 24 45 27 44 50 47 23 69 65 31 43 25 33 15 72 58 46 10 7 39 55 75 16 11 74 22 36 81 32 1 29 48 8 52 49 70 26 35 20 66 76 6 68 62 79 3 60 37 64 21 80 61 77 9 13 40 54 78 5 53 51 28 18 38 73 34 71 
75 38 47 59 44 6 63 73 42 23 43 15 66 4 35 32 58 26 30 13 74 51 24 22 10 67 7 80 70 71 69 81 2 60 54 76 31 18 3 77 37 62 61 20 64 50 1 53 65 33 57 9 27 5 21 40 78 12 34 56 19 8 52 17 45 72 28 79 55 46 49 16 29 25 41 14 11 39 48 68 36 
9 65 34 51 74 20 76 53 55 1 6 25 80 49 52 39 19 40 15 45 61 8 18 3 2 46 73 79 31 28 26 21 22 29 11 4 71 10 17 78 69 59 48 42 58 37 14 44 13 68 72 38 36 54 66 77 24 75 57 43 70 33 30 7 12 23 41 56 63 60 32 5 50 16 81 27 62 67 35 64 47 
80 37 27 25 64 5 31 22 68 78 20 60 14 11 13 7 50 3 70 79 21 81 54 16 53 1 71 42 56 23 47 77 32 19 36 67 41 51 73 57 75 40 30 33 12 59 62 28 18 15 24 34 61 43 44 55 49 46 10 48 45 65 39 29 52 38 66 35 69 58 26 76 72 8 9 6 74 63 4 17 2 
8 58 67 54 50 36 70 24 71 55 62 16 28 69 72 12 38 41 76 68 35 75 5 39 48 64 20 27 53 9 74 45 63 14 40 66 44 7 52 56 34 25 49 46 13 80 42 79 4 19 10 21 2 29 32 51 1 18 17 73 22 23 61 11 47 37 31 6 81 59 3 65 78 60 30 57 43 15 26 33 77 
56 72 35 66 62 39 52 49 78 70 30 18 46 54 10 48 31 76 34 63 12 29 36 9 44 14 32 6 57 59 3 68 13 50 61 16 26 55 8 27 38 80 5 21 60 73 77 45 23 17 7 40 75 71 4 42 28 11 20 15 41 81 47 51 53 2 43 74 64 67 25 33 79 1 24 22 19 65 58 37 69 
43 21 33 28 69 77 32 13 61 53 22 34 29 17 5 74 75 73 66 57 4 11 60 38 58 72 80 65 12 49 41 37 18 48 64 1 68 2 6 23 76 47 24 79 9 30 81 51 16 78 39 3 55 46 63 59 26 25 36 31 71 35 67 70 8 15 14 27 19 62 50 20 56 54 52 45 7 10 44 42 40 
81 46 1 48 15 11 45 10 23 61 77 47 37 2 36 33 79 51 6 17 41 40 59 28 27 26 49 5 52 8 78 62 20 44 34 38 19 65 63 72 14 53 43 35 4 12 31 22 25 67 60 74 56 64 50 9 13 69 29 16 7 54 58 71 30 18 57 24 39 73 68 42 75 66 3 80 76 70 55 32 21 
29 40 56 76 57 17 53 39 65 37 36 66 61 22 59 4 54 70 42 67 26 62 10 74 35 71 75 9 49 72 81 55 78 34 12 32 20 15 48 52 68 13 46 14 25 45 60 1 28 21 50 16 43 6 11 73 19 58 80 51 18 3 44 24 7 30 38 63 5 8 2 64 77 47 33 41 79 27 31 69 23 
33 48 10 35 45 60 37 20 80 52 21 46 72 1 28 65 78 23 39 8 57 49 76 54 56 77 6 2 19 38 29 25 58 53 41 15 17 34 11 9 7 27 44 75 47 31 40 59 32 66 4 36 3 22 70 12 69 26 64 30 67 68 43 14 16 79 73 55 50 74 51 81 13 18 5 24 61 62 63 71 42 
38 24 44 19 55 54 2 16 28 26 42 10 17 32 34 5 81 58 18 3 45 36 66 80 15 61 60 50 33 67 8 57 52 63 71 35 74 73 22 37 64 51 53 4 39 65 20 13 70 69 76 78 41 9 1 79 23 40 7 46 6 47 48 62 75 68 12 11 31 77 27 25 14 21 59 72 30 56 43 29 49 
69 49 26 13 12 58 8 18 3 48 55 24 68 63 76 71 9 47 59 70 30 65 11 81 51 32 64 17 28 75 45 20 1 62 73 42 79 56 38 16 50 78 36 40 72 77 80 54 39 61 5 33 15 25 27 31 41 14 74 35 21 60 10 4 44 53 34 66 29 19 43 23 57 52 6 37 22 46 2 67 7 
68 81 15 7 31 71 77 21 59 51 27 40 35 29 49 56 44 43 73 5 58 33 28 20 50 17 41 64 46 22 30 60 39 3 47 79 70 12 80 45 6 19 62 55 24 38 11 23 2 10 74 37 14 42 36 32 75 72 25 4 78 63 34 18 48 52 69 57 67 61 9 13 53 65 66 76 1 8 16 54 26 
30 62 75 5 36 27 43 9 72 3 18 20 12 25 11 53 15 74 23 46 31 68 48 1 38 79 19 77 66 80 4 16 14 69 7 54 2 61 35 8 63 67 76 41 10 64 58 49 24 47 73 17 57 52 81 29 42 28 37 13 33 39 59 65 56 6 26 71 70 32 22 21 51 78 55 40 44 50 34 60 45 
6 23 14 70 22 52 64 46 25 60 13 19 45 31 38 50 16 67 4 9 55 43 53 12 47 34 63 24 76 44 11 27 68 61 37 48 32 29 57 33 59 21 69 26 3 7 75 18 30 62 35 51 72 79 56 2 5 66 65 77 54 71 8 49 42 10 40 78 1 17 36 41 39 80 73 20 15 58 81 74 28 
41 42 66 32 79 1 61 47 67 39 7 77 30 64 73 80 6 2 29 78 44 14 69 27 25 24 52 74 21 51 13 40 23 36 10 5 54 60 43 49 65 18 31 58 81 56 46 34 19 12 71 8 26 63 16 50 55 9 22 53 62 57 45 59 28 20 35 72 33 37 76 15 38 75 4 68 48 11 70 3 17 
73 78 50 74 51 34 11 4 63 69 75 41 33 79 8 14 62 57 37 16 22 21 7 40 13 2 72 31 26 70 6 59 56 43 18 65 77 30 28 66 42 5 1 71 23 68 29 55 27 53 44 81 67 48 17 20 76 24 52 49 61 38 15 39 3 80 58 46 47 45 60 54 64 32 12 19 9 25 36 35 10 
################proper############## 

 average_time = 55.069753 

 success runs = 1 

 total average iters = 802757.000000 
