Success!!! 
 
 max_col = 
 81 
 
 run_time = 
 119.748018 
 
 once iters = 
 2004678 
 
28 23 79 35 51 57 10 42 70 49 22 62 24 52 60 40 38 4 31 61 1 6 13 55 74 5 50 33 48 54 78 19 20 43 63 76 41 37 15 21 9 69 67 56 2 17 12 80 59 81 75 26 72 29 18 11 7 45 71 77 64 16 34 65 66 25 36 47 27 3 58 32 8 14 30 53 46 73 68 39 44 
5 62 19 36 43 25 33 55 63 18 21 50 39 76 54 32 1 27 59 35 68 75 60 49 24 57 17 3 45 13 69 71 67 47 22 7 16 53 6 78 38 72 52 65 44 4 58 46 74 40 34 56 10 73 9 23 80 2 8 29 51 61 30 37 64 14 42 28 77 15 20 11 81 12 79 48 70 41 66 31 26 
12 15 8 39 53 64 71 31 61 69 59 13 20 42 3 72 28 47 11 41 30 62 27 16 54 26 46 74 68 14 37 60 18 73 1 34 43 23 17 77 25 75 5 79 57 45 2 38 7 66 33 51 32 44 67 48 19 58 49 81 40 56 65 78 76 10 50 4 22 6 24 70 80 55 9 29 52 35 21 36 63 
75 13 56 73 81 66 44 45 52 65 57 6 33 26 5 53 29 30 4 80 22 76 58 25 21 71 72 38 40 32 39 12 70 8 15 16 19 10 50 31 34 24 11 28 59 18 9 3 36 43 23 69 63 35 68 55 14 79 27 20 78 46 41 48 7 62 17 51 60 67 74 54 61 42 1 37 49 77 2 47 64 
77 22 16 11 32 74 48 34 2 80 73 67 70 15 45 68 14 46 63 40 51 28 37 3 29 66 8 72 79 53 62 9 57 23 36 75 54 64 71 26 42 33 18 7 58 52 55 61 65 41 20 1 76 25 6 31 44 12 59 10 47 17 13 21 19 5 39 38 30 81 49 35 50 60 24 43 69 56 78 27 4 
60 4 47 29 37 30 1 67 9 78 58 61 35 41 10 7 64 16 32 65 45 52 44 39 43 34 14 80 27 25 2 46 50 51 17 59 36 20 49 81 68 8 73 48 55 21 24 77 13 6 53 31 11 19 69 75 33 3 38 66 70 15 42 56 23 79 26 40 63 12 57 18 72 76 74 71 22 62 54 28 5 
17 78 21 54 49 20 14 68 59 71 77 66 79 11 55 2 37 44 10 19 36 7 23 81 15 18 73 58 41 4 24 29 64 65 56 52 46 1 22 76 12 35 47 45 3 70 27 62 60 30 48 50 42 57 28 72 26 5 53 25 74 39 63 61 34 69 43 8 31 80 16 9 6 40 38 75 67 13 33 32 51 
27 18 69 26 50 38 80 24 7 17 48 25 74 36 9 43 63 19 77 67 42 78 70 53 12 56 20 61 81 49 44 5 31 11 6 28 66 14 13 30 39 29 4 51 40 15 8 54 37 22 71 47 79 64 76 52 60 1 57 35 21 32 62 73 46 72 41 2 68 33 55 75 10 23 34 65 45 3 58 59 16 
72 40 3 46 58 65 41 6 76 31 56 34 51 75 8 23 81 12 33 48 69 79 2 9 64 38 47 10 77 35 55 30 42 26 21 66 60 70 27 62 32 74 61 80 63 5 78 68 28 14 49 16 39 67 73 24 22 4 50 43 37 36 54 71 29 52 13 44 45 59 53 1 17 15 11 20 25 19 18 7 57 
31 69 33 50 34 62 46 10 42 41 63 58 40 66 18 1 76 78 12 57 44 64 79 73 16 61 59 56 67 45 4 6 11 74 14 2 38 54 53 22 77 43 19 75 80 39 29 47 3 55 28 35 21 36 27 5 37 13 32 60 72 70 23 81 20 15 7 65 48 49 17 8 71 68 26 52 30 24 51 25 9 
7 29 17 67 55 44 4 47 25 14 34 43 22 2 35 21 5 75 27 66 38 53 77 26 62 9 19 71 76 37 8 63 30 36 69 60 13 68 33 23 74 64 12 50 24 11 10 79 61 73 42 72 20 70 41 18 52 54 31 6 45 48 58 3 57 39 56 32 59 78 51 16 40 46 49 28 1 65 81 80 15 
59 74 60 75 80 72 49 32 40 36 81 9 10 73 16 64 13 7 8 47 31 15 25 22 78 17 6 39 50 46 41 24 79 44 53 29 76 57 5 67 62 34 20 3 52 26 48 23 38 71 56 27 30 51 12 63 35 42 33 21 65 43 68 55 28 1 45 77 4 61 37 69 14 54 58 11 19 2 70 66 18 
68 12 58 28 1 76 38 35 13 4 69 11 30 8 15 51 31 72 21 70 20 29 65 50 3 49 56 23 73 17 66 47 9 64 75 25 7 61 55 41 60 81 37 40 48 44 57 53 43 67 32 24 52 5 46 77 74 80 14 19 71 34 2 10 6 18 22 54 79 26 62 27 33 36 45 59 42 39 63 16 78 
18 48 70 20 63 41 36 64 77 38 3 52 26 67 33 60 61 39 72 71 5 81 11 32 34 4 75 12 22 57 28 65 55 58 54 78 31 6 46 2 69 17 59 14 1 40 45 15 62 16 8 25 7 74 29 30 49 24 51 9 79 66 10 68 73 43 80 19 21 53 42 50 23 37 35 13 47 44 76 56 27 
3 73 2 9 26 24 43 53 19 79 68 47 54 56 44 37 42 59 58 51 35 69 39 74 46 76 41 1 31 33 80 77 32 62 16 20 27 66 36 45 71 49 30 70 21 13 6 17 78 65 4 34 18 63 11 81 64 25 61 55 8 28 15 60 38 23 29 52 14 75 40 67 57 48 7 50 5 10 22 72 12 
14 16 22 6 61 81 8 66 79 20 80 77 29 32 46 28 45 65 18 55 7 13 36 30 42 23 63 59 26 48 70 52 19 15 34 27 72 47 9 4 73 51 39 10 25 54 68 60 2 1 37 64 49 69 40 50 78 57 62 76 75 44 56 31 12 24 33 58 11 71 35 5 43 67 3 21 74 38 17 41 53 
37 71 54 27 57 45 65 51 23 62 17 55 6 48 50 25 70 53 67 28 24 68 80 52 1 43 2 35 42 40 49 10 21 5 72 18 78 11 56 63 26 44 15 29 79 22 81 14 12 59 66 58 19 33 3 47 4 16 7 36 38 20 39 13 74 46 34 9 64 30 76 41 32 8 60 77 75 61 69 73 31 
30 11 39 5 52 21 78 15 56 12 71 49 27 19 23 24 57 74 37 54 33 60 40 48 14 45 10 43 51 3 61 13 7 81 68 38 42 65 32 58 16 18 28 8 35 77 31 76 80 75 50 46 41 9 26 59 53 17 67 69 73 1 22 63 2 36 70 66 72 44 47 25 20 4 6 34 79 29 64 62 55 
67 55 63 2 17 18 77 38 57 11 10 68 41 14 49 6 46 35 53 37 13 58 28 61 73 33 66 32 44 8 20 72 81 60 30 15 39 36 25 42 22 56 50 12 64 78 79 69 29 34 45 3 47 48 62 26 70 7 4 5 27 65 19 51 75 59 52 16 40 24 23 80 31 71 21 54 76 43 74 9 1 
46 60 30 52 72 71 5 65 37 47 70 80 3 27 75 57 40 29 19 25 4 63 59 77 23 32 78 7 58 69 56 34 12 55 39 11 51 17 66 35 49 41 9 31 20 53 73 18 67 64 44 54 13 42 10 14 45 36 22 28 43 74 1 8 68 6 15 21 61 76 2 38 24 79 62 26 50 16 48 81 33 
78 31 14 4 44 39 7 27 16 56 30 21 48 23 72 73 53 71 54 26 81 2 69 24 70 29 35 67 63 61 45 80 46 41 37 1 65 75 68 52 76 58 10 5 18 57 49 19 50 12 43 60 9 55 64 17 79 11 20 8 59 25 6 32 62 34 28 74 42 36 33 66 51 22 77 15 40 47 13 38 3 
53 33 29 64 66 68 58 40 32 28 44 31 50 62 19 76 2 34 43 8 17 47 5 20 49 22 15 18 71 75 51 59 73 13 4 3 69 30 74 6 55 46 54 37 72 41 1 16 70 26 77 23 35 7 38 21 12 78 9 24 56 42 81 27 48 67 10 39 57 25 14 79 63 61 36 45 11 52 60 65 80 
51 50 20 15 79 11 13 59 3 39 5 65 7 43 25 61 12 37 62 44 48 36 1 38 72 30 64 57 35 9 52 2 27 31 47 22 14 40 63 80 24 4 33 81 45 66 74 28 8 68 6 76 75 21 16 46 29 73 18 23 41 69 53 77 60 17 19 26 55 70 54 71 58 78 67 42 56 32 49 34 10 
35 80 6 21 8 47 22 23 41 74 16 1 52 69 66 26 36 20 40 56 65 18 12 42 50 31 9 53 5 70 48 54 43 25 49 10 62 34 29 59 79 61 78 19 15 27 11 39 17 72 81 32 24 38 51 71 67 77 3 63 76 60 33 4 37 7 44 45 13 46 64 58 30 28 14 73 68 75 55 57 2 
26 9 45 56 10 75 28 62 49 51 33 24 78 81 32 17 60 8 14 7 79 55 16 57 67 27 34 19 6 36 50 74 38 42 76 68 3 77 48 43 21 71 23 53 70 61 40 30 46 20 2 15 31 58 47 37 66 39 35 80 54 13 52 11 18 73 1 5 65 29 63 22 44 64 12 25 41 59 72 4 69 
73 54 36 25 69 12 19 1 34 58 9 42 13 77 64 4 22 55 74 45 10 71 41 46 76 52 51 66 78 21 23 16 65 79 28 24 26 60 38 27 8 11 32 44 67 59 63 56 33 37 80 5 14 62 75 40 48 68 2 31 15 57 61 35 49 3 47 50 43 72 30 81 18 7 17 39 53 70 20 29 6 
24 76 42 43 70 48 81 61 74 45 54 38 15 18 67 63 59 79 6 60 80 11 75 68 39 21 3 17 64 77 29 33 26 40 62 14 47 28 57 13 2 1 16 73 7 71 65 52 51 25 36 10 4 22 34 44 55 32 30 72 58 49 50 41 78 53 12 56 20 9 69 31 27 35 46 23 66 5 19 8 37 
70 77 24 51 4 27 6 79 64 68 46 81 16 12 22 65 35 36 55 75 14 10 56 41 40 67 76 69 19 20 26 62 28 63 57 37 25 78 44 5 45 23 43 21 60 3 15 58 72 13 7 33 48 39 80 1 18 49 66 52 42 53 31 54 30 47 38 11 74 2 50 59 9 73 32 8 61 34 71 17 29 
9 5 18 41 75 33 61 16 47 30 38 63 55 39 13 48 15 57 2 11 73 23 71 28 69 54 74 77 25 66 6 50 35 17 24 36 1 56 26 53 7 76 58 72 8 34 42 12 40 29 27 37 80 79 32 60 3 59 81 51 44 14 70 20 31 45 68 78 62 21 19 65 64 52 22 49 10 46 4 67 43 
80 1 25 65 71 26 56 14 43 53 74 76 19 21 2 33 32 69 48 50 62 44 57 45 60 3 77 5 49 18 59 73 52 34 7 51 22 39 41 36 28 13 70 54 37 81 23 63 20 8 31 66 46 30 24 10 47 64 17 79 4 75 78 6 67 55 61 42 35 16 9 29 38 11 15 68 72 12 27 40 58 
29 2 37 30 28 52 53 19 48 60 18 78 66 51 42 3 23 64 46 17 6 24 8 5 27 72 7 45 14 58 11 22 75 9 67 81 15 31 59 47 50 32 62 35 69 10 56 71 49 38 61 57 54 4 13 34 76 41 68 74 55 40 20 43 44 12 79 1 26 63 73 33 25 39 16 80 65 21 36 70 77 
32 8 59 22 45 46 40 39 12 29 14 4 56 20 7 31 47 49 79 13 16 65 61 37 38 51 80 41 43 42 60 68 1 2 10 54 74 63 64 66 3 77 17 6 75 50 36 44 69 70 21 62 78 52 25 73 15 26 19 11 67 9 27 72 58 71 76 53 23 57 48 34 5 81 55 33 18 28 24 35 30 
62 34 76 3 54 50 60 81 20 61 8 79 72 24 6 80 73 67 9 36 15 22 47 58 26 42 52 44 53 55 21 38 78 32 13 4 40 48 12 11 29 65 2 33 27 19 14 41 68 5 1 77 28 17 35 16 43 46 56 71 30 45 69 39 25 70 66 49 18 51 10 64 75 57 23 74 37 7 31 63 59 
36 35 15 68 78 10 69 72 21 52 25 17 34 28 77 70 75 11 64 39 59 66 19 63 31 1 18 79 74 65 46 27 23 12 29 56 71 80 67 9 57 42 51 30 49 43 32 24 55 47 16 45 73 26 5 61 6 33 54 48 7 58 38 14 40 22 3 37 81 4 8 13 41 20 76 60 2 53 50 44 62 
58 17 49 7 23 42 57 11 67 27 37 26 62 59 40 44 43 9 29 34 32 35 78 70 4 12 81 15 72 76 33 31 48 30 61 71 55 16 73 20 10 68 79 38 19 2 18 64 6 51 25 74 53 75 77 22 8 21 65 39 63 50 28 24 52 80 46 36 41 60 5 56 3 13 47 66 54 69 1 14 45 
74 63 44 66 73 31 55 13 38 54 50 5 45 1 41 10 71 58 68 49 25 21 53 33 30 20 43 40 3 80 16 64 8 39 70 47 18 24 81 61 4 52 46 34 14 9 60 11 35 76 67 59 22 65 37 12 72 62 23 2 57 29 36 28 69 75 27 17 32 7 15 77 48 51 78 19 6 42 79 26 56 
50 3 62 77 59 58 66 70 39 23 35 40 25 57 12 38 78 18 81 15 60 5 42 44 9 79 13 54 65 10 17 75 33 49 8 31 80 52 72 34 51 45 48 46 53 47 22 6 30 61 41 20 16 11 2 67 71 74 36 7 32 76 24 29 43 56 4 68 19 14 1 28 73 69 64 27 63 37 26 55 21 
49 47 61 13 56 51 24 26 6 7 76 8 58 30 53 74 72 1 25 12 27 38 21 69 52 10 55 81 16 60 14 79 68 19 35 64 20 71 2 33 17 22 42 67 9 65 66 36 77 31 73 63 15 45 43 41 39 40 48 70 29 23 80 46 3 78 57 62 75 50 32 37 11 59 4 5 28 18 44 54 34 
64 46 27 78 5 69 37 76 81 44 61 41 4 49 62 39 68 56 35 72 63 14 7 23 18 24 71 13 34 15 36 3 51 77 66 74 12 79 19 55 59 70 57 47 54 32 52 25 10 58 29 28 8 60 30 42 50 20 11 1 53 73 26 67 65 38 31 33 9 48 21 2 45 43 40 17 16 6 80 75 22 
45 52 53 74 42 15 68 22 72 77 43 69 9 5 36 29 21 31 70 46 49 20 64 67 65 40 57 11 59 41 1 61 62 28 32 44 50 27 3 25 13 63 56 39 6 48 37 33 71 80 14 75 23 12 81 4 58 47 34 17 19 54 55 76 26 8 16 60 7 18 79 73 78 38 2 24 51 66 30 10 35 
43 20 23 55 21 29 54 36 1 59 26 19 80 64 37 50 65 60 56 76 28 31 3 17 53 8 61 63 38 73 27 48 69 22 18 40 32 7 4 74 11 62 44 24 5 67 34 42 79 9 39 2 70 81 52 49 25 14 16 75 6 78 51 30 35 13 58 15 66 41 45 10 47 77 33 46 57 72 12 71 68 
71 10 9 57 60 79 63 48 11 67 75 32 17 46 52 34 33 54 36 6 66 74 30 43 41 16 26 42 80 2 72 20 37 50 12 70 58 18 14 65 15 73 31 1 78 68 4 35 5 56 3 40 69 59 45 38 62 44 28 64 22 77 21 49 47 51 55 81 39 27 61 24 19 53 29 76 13 25 7 23 8 
8 65 31 32 67 2 18 44 28 6 51 71 14 45 24 13 48 10 47 22 75 19 73 34 59 58 11 21 57 56 25 43 4 7 52 55 81 41 35 68 23 30 26 16 29 64 46 27 76 50 17 78 38 72 79 9 61 15 63 33 66 37 12 69 53 77 54 70 36 5 80 40 74 49 20 1 62 60 3 42 39 
38 19 73 34 16 14 12 75 33 22 55 20 11 47 28 79 27 66 80 2 78 4 32 1 51 50 68 30 29 5 53 26 39 45 58 9 8 76 61 10 37 21 40 49 77 7 13 43 54 62 57 18 44 24 31 3 65 60 69 59 46 72 35 74 71 64 23 63 6 42 25 17 56 41 70 67 15 36 52 48 81 
41 25 4 17 40 80 35 7 30 73 15 2 42 63 70 16 3 81 45 29 39 77 54 62 33 48 37 47 46 23 76 67 24 71 78 6 28 69 43 60 64 66 75 36 38 51 21 26 53 49 19 55 74 1 57 27 5 8 13 56 68 10 18 12 72 11 59 34 52 20 22 44 79 65 61 58 31 9 32 50 14 
44 49 28 47 7 40 79 54 78 72 11 56 1 80 51 20 58 73 69 9 74 46 63 76 8 68 36 62 61 19 43 41 34 48 33 53 77 26 37 14 65 27 71 4 81 31 5 57 39 24 15 6 45 18 59 25 75 67 42 38 60 2 17 16 13 32 30 12 29 23 66 55 21 70 52 35 64 22 10 3 50 
34 72 11 69 46 60 25 73 62 37 2 57 28 17 48 81 30 33 61 23 50 16 4 6 66 7 12 27 32 47 74 70 10 20 31 13 56 22 18 24 67 9 80 76 39 38 41 21 1 3 54 36 65 78 49 58 51 53 52 68 26 55 14 79 77 40 5 35 15 64 43 42 29 45 44 63 71 8 59 19 75 
48 38 1 10 24 8 52 41 45 13 42 22 46 40 65 19 39 77 49 3 21 33 15 11 47 53 5 64 23 29 71 81 54 69 25 67 35 58 75 32 63 2 66 59 16 80 17 70 4 27 12 68 55 50 61 6 9 18 43 78 34 31 74 57 51 76 14 7 44 73 60 62 28 26 37 72 20 79 56 30 36 
6 67 68 70 12 55 27 63 31 64 32 53 36 44 34 66 62 76 51 59 71 43 10 35 58 19 29 78 8 24 3 57 80 21 65 5 45 49 79 69 46 54 72 23 30 60 26 74 47 7 9 52 25 28 50 15 40 56 37 73 16 33 77 22 81 41 75 61 1 11 39 20 13 2 42 38 4 48 14 18 17 
33 64 80 23 9 32 51 2 14 26 78 16 18 54 63 75 4 61 20 73 77 70 72 65 55 41 42 37 56 39 22 49 60 35 45 50 11 44 40 15 5 7 1 17 68 79 19 59 81 53 10 43 71 13 21 36 30 29 12 27 62 3 47 34 24 48 8 31 28 38 46 52 69 66 25 6 58 74 57 76 67 
16 66 5 58 19 59 21 71 26 43 6 10 69 60 38 67 9 23 52 18 57 54 34 27 25 14 48 46 11 44 68 15 72 4 51 73 29 74 42 8 47 36 64 62 28 75 30 40 56 77 63 49 2 76 20 7 13 70 80 22 24 35 79 53 50 37 65 3 33 17 78 45 39 32 31 81 55 1 41 12 61 
39 56 50 42 30 36 3 20 22 25 7 27 47 74 29 45 55 21 28 62 2 37 26 13 17 44 1 14 75 12 79 66 58 76 59 77 61 38 52 70 19 57 6 43 31 33 51 73 48 35 64 8 67 16 4 32 63 10 5 41 81 11 46 80 54 9 49 18 71 69 68 72 60 34 53 40 24 15 65 78 23 
13 37 65 81 18 17 74 77 35 15 24 70 12 79 59 8 50 68 38 31 64 67 22 78 75 39 30 6 9 52 63 7 40 16 2 42 34 3 60 73 33 53 55 41 51 20 44 29 14 32 46 61 66 23 48 76 28 72 1 45 69 71 57 19 36 21 25 10 58 56 26 4 49 47 43 62 80 27 5 11 54 
76 75 57 61 15 53 29 43 4 5 41 3 49 35 31 71 52 14 24 32 40 56 81 60 45 80 79 55 1 26 30 28 36 18 38 17 10 21 20 50 48 25 13 78 12 62 72 34 42 69 11 22 58 37 66 39 54 19 64 65 23 8 44 59 27 2 74 6 67 47 70 63 68 9 51 16 7 33 77 46 73 
56 14 71 62 20 70 2 21 73 19 53 60 61 68 30 35 18 80 15 33 67 45 31 12 10 78 39 75 69 28 5 44 6 59 42 8 37 25 47 49 36 55 24 77 11 23 43 51 63 54 26 48 50 41 74 13 38 65 76 3 1 22 64 58 79 81 9 46 17 32 29 57 34 72 66 7 27 4 16 52 40 
47 53 81 45 48 35 32 12 50 16 31 72 59 7 27 54 34 25 73 30 58 3 49 36 79 63 22 2 60 38 13 1 29 46 19 39 9 67 23 57 70 40 69 42 43 74 28 75 52 44 24 4 56 10 78 8 20 55 26 14 80 6 11 5 41 65 64 76 37 66 18 51 77 62 68 61 33 17 15 21 71 
65 79 51 72 13 61 30 8 29 50 49 45 43 33 74 12 20 26 41 5 46 48 9 47 56 70 32 76 10 64 77 4 53 52 81 35 6 62 34 7 78 80 68 15 73 1 3 67 19 18 69 42 17 40 23 57 16 71 60 37 31 59 66 44 11 28 63 22 25 55 27 21 54 24 39 2 36 14 75 58 38 
25 68 38 1 33 28 17 37 44 48 39 51 57 58 4 52 6 13 75 53 34 72 35 21 7 77 24 50 55 11 67 18 14 78 23 26 59 29 16 56 54 20 76 74 66 73 61 32 64 46 79 71 27 15 19 62 10 81 47 40 2 63 49 36 80 42 60 69 12 31 3 43 65 30 41 22 8 45 9 5 70 
63 41 26 49 74 9 16 4 24 46 66 29 71 70 81 14 44 2 17 43 55 1 38 40 37 64 25 65 7 22 34 51 45 68 48 61 33 8 58 75 31 19 27 32 50 6 76 13 57 39 78 12 62 77 36 79 73 30 15 18 52 21 5 23 10 35 67 72 47 54 59 53 42 80 56 69 3 20 11 60 28 
23 58 55 60 31 3 67 78 5 32 40 15 75 9 56 11 79 22 71 74 19 57 76 66 61 59 65 25 62 43 54 21 17 24 20 41 4 35 51 12 72 48 53 18 10 8 16 49 34 36 38 30 33 80 7 69 46 28 77 42 39 27 29 2 45 50 6 14 70 68 52 26 1 44 63 64 73 81 47 37 13 
52 27 7 80 76 22 75 46 54 8 47 23 64 65 69 78 17 24 42 4 26 50 6 18 20 28 60 36 70 79 31 32 63 3 9 33 30 5 1 38 44 39 14 13 71 37 25 72 66 21 68 11 81 2 53 43 41 48 45 58 61 12 67 62 16 49 40 73 56 77 34 15 35 10 19 55 59 57 29 51 74 
57 6 34 59 39 77 15 69 10 42 28 36 63 37 76 62 67 3 13 81 29 8 14 51 44 11 23 73 66 74 40 56 16 27 80 58 52 2 21 64 41 60 65 22 61 55 53 7 31 45 35 9 5 47 54 33 68 50 70 32 17 24 72 75 4 20 78 30 38 1 71 19 46 25 18 12 48 26 43 79 49 
11 43 64 40 36 19 42 18 66 55 1 73 38 10 21 41 77 5 16 27 52 80 62 2 68 69 54 49 47 30 12 37 15 72 71 57 17 46 28 3 81 79 45 63 26 14 70 65 22 60 58 29 59 20 56 35 34 51 25 44 9 4 75 7 33 61 48 24 8 39 13 74 67 31 50 32 78 23 6 53 76 
66 44 75 63 22 4 50 74 58 40 27 35 76 71 20 47 8 15 7 38 9 30 55 19 80 65 49 16 24 34 32 42 13 70 5 62 79 51 69 72 6 78 41 52 36 25 33 81 26 11 59 17 12 14 39 2 23 61 21 46 28 64 73 45 1 57 77 67 10 43 56 48 37 3 54 18 29 31 53 68 60 
20 81 48 12 25 49 34 3 68 1 13 64 67 78 79 56 66 62 39 24 72 17 43 8 32 35 31 51 36 59 9 40 41 38 11 19 73 4 76 28 80 15 74 26 23 58 50 55 16 10 65 53 57 46 14 70 77 69 44 54 5 52 45 42 63 29 18 27 2 37 75 60 22 33 71 47 21 30 61 6 7 
61 57 10 71 64 37 23 80 18 2 52 7 65 50 43 9 11 32 22 14 54 25 45 59 63 47 62 4 12 81 73 55 44 66 26 21 5 19 31 29 53 16 60 58 17 49 35 20 27 15 13 79 77 6 33 68 42 76 24 34 48 51 40 70 39 30 69 41 46 8 28 3 36 74 75 56 38 78 67 1 72 
69 28 41 79 14 1 47 60 65 63 29 37 53 55 26 59 25 6 23 42 11 40 66 10 77 74 16 22 20 31 15 39 2 57 3 72 49 13 7 18 75 67 38 64 46 24 62 8 9 48 52 73 51 68 71 78 56 27 58 4 36 30 43 33 17 54 21 80 50 34 81 61 12 19 5 70 44 76 35 45 32 
42 30 43 31 29 78 70 17 36 75 19 33 21 38 61 77 41 28 5 20 53 27 51 71 6 60 69 68 54 50 47 45 74 14 79 48 63 55 62 39 66 37 34 2 56 76 64 22 44 4 72 67 1 3 15 65 81 35 10 12 18 26 25 52 32 16 73 23 24 13 11 7 59 58 80 57 9 40 8 49 46 
15 24 35 76 77 7 11 5 8 57 72 18 73 16 17 30 54 48 26 78 56 12 68 29 36 75 21 28 37 67 10 58 71 33 46 65 44 81 70 40 1 59 3 61 42 69 47 66 45 63 74 38 34 43 22 19 32 6 41 62 50 80 60 9 14 4 20 64 53 79 31 49 52 27 13 51 39 55 23 2 25 
40 45 32 19 2 54 72 56 27 34 36 74 60 4 58 46 10 42 44 1 18 61 67 15 28 13 70 8 52 78 64 76 25 80 77 49 68 9 11 48 20 14 35 57 33 30 39 37 41 23 5 21 29 71 17 53 31 75 55 16 3 38 7 47 22 66 62 59 51 65 6 12 26 50 81 79 43 63 73 69 24 
55 39 13 16 38 67 73 9 51 3 23 44 5 22 80 49 24 45 57 52 76 34 46 4 2 81 33 29 18 63 7 53 61 6 43 69 21 50 10 71 30 12 8 27 32 42 54 31 75 19 60 70 36 56 1 20 59 66 74 47 11 79 37 40 15 26 35 25 78 58 72 68 62 17 48 41 14 64 28 77 65 
21 59 46 33 62 6 26 52 53 81 12 14 68 31 39 69 51 70 3 79 37 41 50 64 48 73 58 60 17 1 35 23 56 75 27 30 24 45 77 54 43 47 22 25 65 28 80 2 18 78 40 7 61 32 63 29 57 9 72 49 13 67 8 38 5 19 71 55 76 74 44 36 66 16 10 4 34 11 42 15 20 
54 70 40 18 41 56 31 33 17 10 62 75 2 3 78 5 7 52 60 69 23 26 29 79 11 37 67 24 13 16 38 8 22 1 74 63 57 32 45 51 14 28 25 66 47 35 59 9 58 42 55 44 68 49 65 80 21 34 46 15 20 81 76 50 61 27 53 43 73 19 12 30 4 6 72 36 77 71 39 64 48 
10 61 72 53 3 23 59 25 15 9 64 54 8 13 57 55 49 50 34 58 43 39 17 31 22 36 28 70 2 27 18 78 5 29 40 80 48 12 24 44 35 38 81 71 76 56 7 45 32 33 62 19 6 66 42 51 11 63 73 67 77 47 4 26 21 74 37 75 69 52 41 14 16 1 65 30 60 68 46 20 79 
19 7 66 48 47 13 64 58 60 70 45 39 37 53 73 27 74 43 76 21 3 51 20 54 71 25 44 52 30 62 42 36 59 56 41 12 75 72 65 46 40 6 63 69 4 16 77 10 24 17 22 14 26 61 8 28 1 38 79 50 49 68 32 15 55 31 81 29 5 35 67 78 2 18 57 9 23 80 34 33 11 
1 51 52 37 6 34 76 49 46 24 65 59 31 61 68 36 80 41 50 16 70 32 33 75 35 62 45 48 28 7 81 14 77 53 64 43 67 42 54 19 27 10 21 20 74 72 69 78 25 57 18 13 60 8 55 56 2 23 39 30 12 5 71 17 9 63 11 79 3 40 4 47 15 29 73 44 26 58 38 22 66 
4 26 78 24 11 63 20 28 75 21 60 46 81 34 1 22 16 17 65 77 61 49 74 56 57 55 38 9 33 51 19 25 66 37 73 23 2 59 30 79 58 31 7 68 41 29 67 48 15 52 47 80 40 27 72 64 69 43 6 53 35 62 3 18 70 44 32 71 54 10 36 39 76 5 8 14 12 50 45 13 42 
81 32 67 38 27 43 45 29 71 33 20 48 44 25 11 15 19 63 66 10 8 59 18 7 13 6 53 34 4 68 65 17 76 54 50 79 23 73 78 16 52 26 49 60 62 12 75 5 21 2 30 39 64 31 70 74 36 22 40 61 14 41 9 1 42 58 72 57 80 28 77 46 55 56 69 3 35 51 37 24 47 
79 42 12 44 68 16 39 57 80 66 4 30 32 72 71 18 69 51 1 64 47 9 52 14 81 15 40 20 21 6 75 35 3 61 55 46 70 33 8 37 56 5 77 11 22 36 38 50 73 28 76 65 43 34 58 54 24 31 29 26 10 19 48 25 59 60 2 13 49 45 7 23 53 63 27 78 17 67 62 74 41 
2 21 77 8 35 73 62 50 55 76 79 12 23 29 14 58 26 38 30 68 41 42 48 80 5 46 27 31 15 72 57 69 47 67 44 45 53 43 39 1 18 3 36 9 34 63 71 4 11 74 51 81 37 54 60 66 17 52 78 13 25 7 59 64 56 33 24 20 16 22 65 6 70 75 28 10 32 49 40 61 19 
22 36 74 14 65 5 9 30 69 35 67 28 77 6 47 42 56 40 78 63 12 73 24 72 19 2 4 26 39 71 58 11 49 10 60 32 64 15 80 17 61 50 29 55 13 46 20 1 23 79 70 41 3 53 44 45 27 37 75 57 33 18 16 66 8 68 51 48 34 62 38 76 7 21 59 31 81 54 25 43 52 
################proper############## 

 average_time = 119.748018 

 success runs = 1 

 total average iters = 2004678.000000 
