Success!!! 
 
 max_col = 
 81 
 
 run_time = 
 128.113304 
 
 once iters = 
 2000030 
 
79 81 1 63 54 65 12 40 49 80 3 43 9 26 39 62 23 42 70 68 51 47 10 60 17 20 13 4 14 2 74 7 78 28 30 75 57 6 36 66 77 21 55 32 5 31 73 61 27 45 24 71 22 38 53 15 18 19 67 37 35 46 64 56 50 29 59 8 44 34 52 58 33 25 16 72 11 69 48 41 76 
23 37 18 57 42 56 38 20 44 60 78 65 33 34 27 58 24 73 64 32 1 62 4 2 39 31 7 15 43 51 6 29 71 55 21 41 54 25 48 59 79 45 80 46 68 67 26 81 35 13 40 74 53 28 61 8 12 69 72 76 3 66 9 63 75 10 5 17 14 30 16 11 52 77 47 19 49 70 22 36 50 
50 46 33 30 72 71 3 68 19 20 77 10 5 2 37 70 79 61 27 55 57 26 12 8 21 43 34 24 53 42 31 49 45 47 16 67 29 22 4 62 14 28 41 63 51 1 32 59 76 9 18 78 11 75 48 13 36 58 6 38 65 52 44 64 7 25 60 54 69 80 39 81 56 40 17 66 73 23 15 74 35 
8 31 62 59 47 61 36 32 80 16 14 81 57 41 38 15 54 71 53 3 66 78 24 22 69 52 48 27 19 76 64 50 56 26 63 60 18 67 75 23 43 11 44 65 74 25 17 5 10 21 39 77 46 55 33 7 70 73 30 28 42 29 51 20 35 13 4 40 72 49 79 12 1 2 37 68 9 6 58 34 45 
69 22 76 5 41 67 9 45 21 51 66 52 8 6 44 25 29 50 37 49 80 59 81 77 73 38 19 46 58 68 40 1 17 72 10 11 30 64 20 33 15 13 70 7 35 34 65 12 23 16 60 47 36 4 75 24 62 57 39 14 79 54 56 48 42 27 74 78 2 55 32 43 28 31 63 53 61 3 71 26 18 
28 35 43 77 70 74 58 27 73 55 69 64 46 31 13 30 17 47 56 16 18 40 29 45 72 54 9 59 12 37 25 39 34 66 52 80 76 2 61 10 8 53 50 3 78 44 6 51 15 20 57 14 48 63 23 49 5 68 1 21 71 32 11 22 41 36 26 38 33 24 19 62 42 60 7 81 65 4 75 79 67 
11 51 4 64 60 52 75 17 6 45 48 76 18 19 28 21 22 36 74 71 30 33 58 25 15 5 79 3 65 44 73 32 35 23 20 57 56 49 72 81 16 24 40 31 12 29 70 7 50 62 42 69 66 8 34 10 59 26 41 2 80 63 47 37 67 61 46 9 1 77 53 68 55 27 39 13 78 38 43 54 14 
66 15 29 13 16 34 78 7 26 1 72 11 56 63 4 68 35 53 75 6 28 50 65 14 67 44 61 36 33 5 9 18 54 62 38 48 17 60 39 42 19 52 69 27 47 43 2 3 41 49 79 80 37 58 55 40 20 25 77 74 81 45 22 51 21 57 76 70 23 71 73 31 64 8 32 12 30 59 10 24 46 
55 24 53 48 39 14 2 10 25 67 40 7 75 32 59 12 49 74 42 63 23 41 35 46 36 76 11 13 70 8 61 81 22 69 79 77 1 73 34 71 58 9 26 38 37 56 33 54 30 19 52 68 64 72 60 78 27 50 16 17 43 4 31 66 6 3 65 15 45 47 18 28 62 20 51 29 80 44 57 5 21 
75 40 44 47 18 1 45 48 13 34 58 19 50 37 60 23 16 39 32 27 69 3 26 29 66 12 81 73 46 38 63 76 8 54 17 55 49 42 52 21 71 33 6 30 67 36 80 72 43 56 77 28 15 78 79 22 7 35 14 64 4 70 68 59 5 9 20 57 65 62 31 25 10 24 61 74 51 11 53 2 41 
34 14 22 36 43 5 29 66 50 9 4 54 20 3 74 73 71 72 1 61 16 42 11 53 48 67 44 6 23 78 37 65 39 31 25 49 60 70 41 79 18 2 58 80 32 81 8 24 51 69 62 55 13 57 47 26 56 59 76 40 33 75 10 38 77 45 15 28 35 63 21 17 68 30 64 46 52 7 12 27 19 
59 72 9 24 58 79 55 37 4 32 11 67 48 56 68 81 57 65 36 52 19 8 75 54 46 7 35 34 28 77 80 22 47 15 18 1 50 29 38 14 20 78 12 69 10 23 3 49 70 74 53 25 21 40 41 61 60 31 13 30 45 42 73 2 51 33 27 39 76 26 43 64 44 16 6 71 62 5 66 17 63 
54 7 26 16 10 78 49 56 30 12 6 36 80 24 62 1 38 14 47 65 58 51 13 68 77 63 73 20 74 21 81 5 19 33 70 40 61 76 25 17 55 59 27 44 53 11 64 4 32 71 31 45 39 22 66 2 72 23 52 18 48 28 69 46 8 37 79 41 42 3 34 67 75 9 57 15 50 29 35 60 43 
53 68 60 23 76 41 73 65 77 43 42 45 15 55 26 66 33 75 78 56 10 34 71 9 28 59 6 69 64 27 72 13 11 36 61 51 5 1 63 74 40 57 62 4 19 35 50 38 54 14 37 20 58 2 17 44 39 67 8 16 32 12 46 70 49 24 30 7 48 52 29 80 21 18 81 25 3 31 79 47 22 
42 57 69 27 61 31 19 71 62 8 63 59 7 46 52 77 40 49 30 64 14 45 25 70 80 24 72 35 48 58 12 43 16 2 44 50 73 15 11 47 75 51 3 36 28 33 66 68 79 6 26 17 41 60 9 81 53 37 21 5 29 55 38 18 10 1 22 4 74 23 13 56 65 54 76 32 34 67 20 39 78 
35 2 11 67 17 15 80 25 8 79 30 28 61 51 10 69 13 78 22 20 49 5 38 21 18 33 39 52 32 66 62 24 4 42 41 53 7 46 45 31 37 34 23 64 9 27 44 29 47 1 76 16 12 59 63 19 65 74 43 77 57 71 3 50 54 68 75 81 73 60 6 72 48 26 70 40 55 58 14 56 36 
38 21 32 12 74 46 33 6 52 22 41 18 70 25 17 31 64 27 2 57 62 37 50 79 76 60 15 45 10 30 3 9 14 29 71 56 39 77 68 13 66 35 81 26 43 63 19 67 65 75 7 48 73 5 20 34 54 11 49 24 78 51 80 40 44 58 36 53 61 16 55 47 59 42 1 69 4 72 8 23 28 
64 63 51 81 3 20 70 28 39 35 21 5 29 44 2 47 53 76 41 40 43 74 55 17 23 4 31 67 60 79 7 59 68 57 75 26 16 48 24 54 56 8 65 22 72 42 10 18 52 46 61 34 30 9 27 6 50 62 36 1 15 58 25 12 78 14 69 32 11 19 71 66 80 45 77 38 33 37 73 13 49 
30 69 6 76 46 43 61 77 59 52 75 48 60 81 54 3 14 13 73 35 4 28 34 42 70 23 38 47 9 1 16 58 44 64 51 33 68 39 5 18 63 32 17 72 80 37 79 53 62 27 8 26 2 45 36 25 78 24 10 19 31 7 49 11 22 71 12 66 55 56 41 20 50 74 67 57 40 15 29 21 65 
14 34 16 33 8 73 74 70 48 4 53 29 17 42 20 50 43 15 7 79 75 49 9 39 40 27 54 19 80 45 46 11 6 63 23 66 71 65 28 22 13 37 56 25 64 5 59 58 61 32 3 67 78 69 76 38 81 72 62 41 21 47 55 36 26 44 18 77 10 1 51 57 30 12 2 60 24 52 31 35 68 
80 32 36 11 71 28 35 52 45 18 9 2 66 61 25 49 69 77 15 74 29 72 51 63 26 14 10 42 34 24 57 37 76 60 40 59 43 38 8 78 12 81 79 47 46 21 1 44 55 54 33 41 17 30 5 64 13 20 56 27 68 65 50 53 16 62 31 48 4 58 67 6 19 3 73 23 7 39 70 22 75 
60 19 39 65 63 44 64 23 38 47 56 41 76 27 36 32 1 68 57 78 53 46 30 67 11 71 55 7 13 54 20 35 12 17 4 43 10 66 58 9 31 48 21 50 24 16 15 74 81 22 25 6 77 51 40 14 69 52 75 59 70 73 26 45 34 2 49 5 3 37 80 29 8 28 62 18 79 33 61 72 42 
21 54 31 56 22 53 79 13 67 58 7 55 74 39 40 65 72 28 8 47 37 81 16 24 1 61 62 26 5 25 38 68 36 18 50 78 20 75 59 4 49 73 76 41 30 57 71 48 19 42 80 11 52 23 29 17 3 32 2 34 66 43 12 35 70 15 33 60 9 64 27 69 6 10 46 51 45 77 63 14 44 
27 12 47 41 40 75 37 81 24 23 57 26 38 10 30 8 80 63 19 76 31 18 52 36 20 58 59 2 73 3 67 48 49 22 53 62 44 51 1 15 33 70 54 29 42 66 68 9 7 50 64 72 4 46 77 11 74 6 45 35 60 61 16 79 32 28 17 14 21 39 65 13 43 5 55 56 71 78 34 69 25 
51 10 72 26 7 3 42 9 66 19 45 70 16 73 33 46 44 79 5 50 25 21 6 41 64 17 68 75 39 56 28 31 30 65 69 71 62 34 55 2 67 74 14 77 27 12 13 60 18 36 49 38 35 29 37 4 80 22 57 63 8 15 48 23 61 43 40 47 24 78 54 52 76 1 20 58 53 32 59 11 81 
78 29 57 50 20 62 4 2 15 11 59 71 37 12 64 22 6 5 65 13 3 80 33 32 44 77 60 10 27 74 70 55 72 21 81 14 45 40 26 36 35 69 53 52 61 28 24 31 56 43 34 39 75 73 30 58 9 51 23 67 18 79 1 76 19 63 7 46 8 68 25 42 66 38 41 16 54 17 49 48 47 
58 25 49 68 1 18 5 55 17 62 35 51 67 21 78 24 34 31 43 45 48 12 2 69 56 66 22 61 15 32 41 8 77 79 29 52 11 7 23 6 3 19 57 60 16 14 76 70 63 65 47 10 40 20 71 54 33 39 46 42 44 53 28 75 81 72 73 50 59 38 30 74 4 37 27 64 36 13 9 80 26 
39 41 3 17 36 60 24 35 78 71 50 1 4 66 77 40 20 64 76 19 42 29 23 43 25 8 47 9 6 12 27 10 74 67 33 31 37 72 81 51 38 30 32 28 57 15 55 14 16 63 68 62 61 7 2 79 46 13 53 52 73 11 59 54 58 5 80 49 26 65 56 45 69 70 44 22 18 34 21 75 48 
61 9 50 22 14 40 28 5 18 3 37 21 65 30 81 13 41 70 45 72 27 54 78 74 57 46 52 80 17 62 48 38 2 16 49 73 75 71 6 29 42 12 35 8 63 64 11 79 34 66 23 53 69 31 56 67 43 7 68 44 51 33 60 1 55 76 32 25 19 10 4 36 26 47 15 59 58 24 39 20 77 
20 6 75 72 23 48 66 79 58 61 10 60 31 80 32 2 12 35 11 77 56 36 39 65 63 26 50 14 41 34 47 71 18 5 22 29 19 21 54 55 74 67 15 13 7 76 51 46 38 3 73 4 9 17 24 30 1 42 27 45 64 49 70 69 53 16 57 62 78 28 44 59 40 33 52 37 43 25 81 68 8 
37 64 65 32 73 26 47 33 74 44 43 69 58 7 75 42 45 38 34 5 55 14 59 66 60 28 80 81 20 72 50 77 51 3 56 13 4 36 22 61 68 79 24 9 11 6 67 78 12 39 21 2 29 52 19 63 10 48 25 57 17 16 76 31 30 8 23 18 70 40 35 15 49 71 53 27 46 41 54 62 1 
15 13 7 8 62 76 34 59 16 39 36 24 53 23 18 74 52 48 51 73 17 9 69 38 49 10 32 68 44 60 11 57 63 4 43 19 25 78 40 77 64 3 1 2 45 72 75 65 58 33 56 70 42 26 81 21 47 5 29 22 54 14 66 41 20 79 67 27 71 50 46 37 12 55 31 61 35 30 80 28 6 
68 70 42 80 77 11 67 31 29 27 55 8 25 22 6 17 63 19 79 30 64 35 48 15 33 81 21 28 76 69 54 23 46 75 32 39 26 53 16 43 47 10 20 56 52 45 49 41 36 59 1 50 44 37 74 12 58 18 65 71 40 62 4 13 60 51 24 61 34 2 9 38 73 72 78 5 14 57 3 66 7 
10 43 30 54 69 38 81 53 55 76 28 72 49 5 67 16 56 29 13 12 20 4 41 1 62 37 58 25 66 15 21 70 40 8 78 42 46 59 33 73 17 65 34 39 44 77 60 57 24 47 22 27 71 18 80 31 61 3 35 32 36 26 23 7 68 11 52 6 63 75 14 48 74 50 9 45 64 2 19 51 79 
46 4 27 25 52 45 51 19 71 57 34 47 78 79 9 14 26 33 18 2 44 22 68 16 53 75 3 58 1 65 59 61 24 37 7 35 48 31 70 69 62 76 60 23 49 8 5 28 74 30 32 40 54 80 72 39 77 55 15 6 50 20 41 21 12 17 66 43 64 42 81 73 13 36 29 10 67 56 11 63 38 
56 1 63 2 57 49 21 44 12 54 68 15 11 62 73 51 59 46 24 67 61 6 7 31 71 40 70 53 26 64 30 79 55 52 36 45 14 80 18 41 50 27 5 66 58 19 81 13 25 35 20 43 10 48 38 9 28 75 37 78 69 34 8 29 72 22 3 74 47 33 77 39 23 76 65 17 32 42 60 4 16 
19 23 13 28 32 57 72 42 11 24 73 79 68 52 47 26 36 9 81 41 78 70 76 30 31 49 65 16 3 61 14 21 58 59 54 25 35 62 60 67 34 80 33 18 75 71 43 40 5 7 15 8 38 6 46 29 37 64 55 51 77 48 63 44 45 4 50 10 56 17 69 2 20 53 74 39 12 22 27 1 66 
62 16 38 10 78 51 63 29 47 65 39 49 44 75 69 7 4 40 58 53 8 24 73 6 2 34 14 32 71 67 17 60 20 35 66 28 13 79 9 72 23 25 45 74 48 18 77 42 46 37 81 30 59 64 3 57 21 33 22 54 12 41 52 61 27 19 1 68 80 31 26 70 11 15 36 76 5 43 50 55 56 
43 79 55 71 53 64 41 22 46 56 51 38 63 1 23 34 32 67 21 10 12 66 17 48 74 29 4 11 62 31 68 36 27 49 73 15 78 54 44 3 5 61 2 76 50 52 72 16 28 60 14 65 26 70 59 42 35 30 19 39 7 80 20 77 37 18 6 24 13 81 40 8 9 69 75 33 47 45 25 58 57 
24 80 58 20 21 33 60 69 65 37 81 42 72 59 12 61 74 45 77 1 67 64 43 51 38 15 46 8 30 23 13 34 48 78 57 9 53 19 7 11 32 6 39 49 36 54 4 76 22 31 66 44 55 56 14 50 68 27 47 26 2 40 5 16 25 35 62 75 29 73 63 71 79 17 3 28 41 10 18 52 70 
44 36 68 14 9 12 26 39 31 66 60 50 54 18 70 35 78 6 23 37 5 75 19 40 52 56 25 64 47 7 42 45 79 81 74 46 51 57 27 16 59 15 77 17 1 41 58 10 3 24 2 63 20 13 28 69 38 71 4 65 76 8 32 43 33 48 55 34 53 11 22 49 61 67 72 21 29 80 30 73 62 
3 50 17 66 35 54 59 61 40 5 15 25 30 76 11 28 19 57 71 33 22 7 45 13 42 80 26 77 37 6 52 63 65 56 55 70 69 24 10 8 21 41 4 20 81 75 9 27 48 53 29 49 51 47 43 23 67 1 73 62 72 18 34 74 39 46 58 36 79 12 78 60 38 64 68 44 2 14 16 32 31 
52 77 70 45 27 25 7 34 75 64 33 62 55 71 29 53 48 21 16 18 60 79 20 44 32 47 69 12 72 39 1 4 38 50 2 76 63 30 46 58 22 68 37 43 31 78 61 36 67 57 11 73 80 35 6 74 15 66 24 13 56 10 17 28 3 59 41 65 5 9 42 14 54 51 26 8 19 49 40 81 23 
48 74 56 37 4 8 18 15 81 31 22 80 2 14 58 27 10 41 28 59 54 68 57 3 50 62 63 51 69 43 5 19 75 40 24 44 64 12 29 52 70 26 66 73 55 17 21 23 1 25 45 33 79 39 78 16 49 60 11 61 9 36 53 67 47 30 38 76 20 32 72 7 71 65 42 35 6 46 13 77 34 
73 67 5 49 6 2 30 1 76 13 16 46 43 77 3 20 8 17 39 9 35 61 72 27 55 11 36 22 29 26 10 53 33 41 80 18 38 14 47 28 65 71 42 40 56 62 74 32 69 34 12 19 50 68 31 45 44 70 58 79 75 25 81 57 52 66 54 64 15 51 23 21 37 7 59 24 48 63 4 78 60 
4 66 8 21 67 30 77 63 68 59 52 58 42 35 43 55 18 80 29 51 72 76 44 56 78 45 5 38 25 10 65 14 7 39 64 20 31 41 53 34 73 50 11 1 3 47 54 69 40 17 48 46 33 71 16 62 19 28 12 60 26 57 15 81 36 74 2 23 37 27 49 75 32 6 13 9 22 79 24 70 61 
29 44 12 70 81 80 17 36 9 26 24 14 79 69 5 64 61 34 55 28 46 1 47 62 4 41 27 78 45 33 76 40 53 58 13 72 6 18 49 68 10 75 74 37 22 7 39 73 57 23 59 52 63 16 65 51 2 8 54 56 67 3 35 32 15 31 77 11 43 25 66 19 60 21 71 30 42 48 38 50 20 
5 48 45 39 38 50 14 73 23 30 31 40 62 74 76 67 25 10 66 21 2 77 37 52 35 69 49 60 75 18 15 3 1 61 8 47 33 55 79 12 24 72 46 16 71 9 36 80 13 11 51 56 65 42 7 68 32 81 63 4 20 78 43 17 59 6 70 22 57 29 58 34 27 41 28 54 44 26 64 19 53 
2 53 41 6 75 32 57 58 33 21 49 3 23 72 15 71 27 37 10 14 59 65 79 61 12 42 16 48 68 73 69 67 28 77 19 63 9 44 43 38 36 5 7 70 60 24 20 35 29 8 4 22 45 25 13 1 11 76 66 50 34 39 30 80 64 78 47 56 18 54 62 26 31 81 40 52 17 51 55 46 74 
65 28 79 78 64 47 52 16 42 53 54 63 13 60 66 36 51 22 40 58 11 20 8 73 9 74 43 30 56 59 32 27 26 46 31 23 81 17 2 19 29 62 25 67 15 10 34 50 21 76 41 1 68 3 44 37 6 14 61 70 49 38 71 33 24 55 48 45 39 35 7 5 57 75 4 77 72 18 69 12 80 
26 56 37 3 34 7 31 18 51 17 46 32 45 20 8 44 2 1 50 60 68 25 63 71 81 39 57 66 54 55 43 12 29 80 6 79 52 27 35 65 69 47 48 14 23 38 30 62 49 58 5 61 70 19 64 77 75 21 74 33 41 22 24 9 4 67 13 42 40 72 28 53 16 11 10 36 59 76 78 15 73 
22 60 10 35 13 27 1 54 61 50 65 77 39 28 7 29 47 16 80 36 6 19 15 18 30 70 75 57 4 11 51 41 5 74 34 24 66 45 21 76 26 64 63 42 59 2 31 55 37 78 67 81 32 12 73 72 48 79 17 9 53 23 40 52 46 69 68 71 38 14 20 44 3 56 43 62 25 8 33 49 58 
49 62 40 43 11 19 25 46 69 6 70 4 73 57 41 78 9 56 38 24 13 48 31 33 3 64 23 21 2 36 22 44 81 71 42 17 32 61 51 30 28 20 8 54 39 53 18 26 77 72 74 75 14 15 45 27 52 80 59 47 55 5 58 10 79 50 63 16 12 76 60 65 34 35 66 67 37 68 1 7 29 
71 55 74 15 24 59 20 76 72 81 12 68 19 33 48 38 75 11 54 26 7 67 53 34 22 32 17 62 49 50 35 52 37 70 9 16 77 56 13 57 80 40 78 58 4 79 28 64 60 44 6 66 27 43 42 36 25 29 69 46 10 31 18 73 1 21 8 30 51 41 61 3 5 14 23 63 39 65 47 45 2 
6 59 67 4 30 17 48 74 60 25 76 78 12 40 56 33 28 3 49 15 47 16 54 19 7 13 1 29 22 63 2 26 42 27 37 65 72 52 50 64 81 31 43 53 62 61 14 11 66 10 69 5 23 44 35 20 79 36 70 8 39 24 77 71 38 34 51 21 46 45 68 9 58 32 80 73 57 75 41 18 55 
32 8 66 18 15 9 54 12 14 29 17 22 69 38 65 79 11 23 3 81 52 30 40 59 10 51 53 50 77 28 75 73 25 45 35 6 34 47 67 70 39 58 49 71 13 46 16 20 26 55 72 24 43 21 4 76 42 78 33 80 19 27 62 60 31 41 37 63 7 5 57 1 36 61 48 2 68 74 56 44 64 
81 27 28 46 26 16 22 43 3 72 67 39 1 4 42 63 37 52 31 25 21 17 5 20 29 57 56 79 38 19 58 54 10 24 68 64 15 35 80 7 41 14 9 45 2 73 53 47 33 40 50 12 6 65 18 60 30 44 71 23 59 69 75 55 48 77 61 13 36 74 70 32 78 66 49 34 8 62 51 76 11 
1 38 24 34 65 36 44 21 7 2 19 75 59 9 14 80 55 81 6 62 33 11 61 23 79 68 78 74 18 70 56 66 31 51 39 3 42 69 17 20 27 46 16 57 77 13 48 15 64 41 71 54 60 32 58 52 73 63 26 49 25 72 67 4 76 53 29 12 50 8 47 30 45 22 5 43 10 35 28 37 40 
63 20 61 58 68 10 50 75 5 48 32 57 27 70 35 45 7 30 12 38 39 2 46 76 8 36 77 1 78 47 71 72 15 43 62 81 23 33 3 44 11 29 73 51 26 74 37 19 9 18 28 31 34 49 22 55 41 56 40 66 13 64 14 6 80 54 25 69 52 59 17 16 67 4 79 65 21 60 42 53 24 
25 47 73 40 37 39 76 49 64 77 5 34 6 53 16 18 15 66 26 43 45 58 67 35 14 22 24 55 7 57 44 33 41 13 11 36 21 28 74 1 60 63 61 75 8 80 56 17 68 4 70 59 62 79 12 32 51 46 48 10 38 50 54 3 23 65 42 72 27 20 2 78 81 29 19 31 69 71 52 9 30 
13 33 2 52 55 23 53 80 35 36 71 44 26 50 51 41 31 43 72 42 32 69 74 37 75 18 66 76 61 20 49 46 60 9 59 4 65 10 78 48 25 54 19 24 79 58 57 45 8 67 30 7 3 81 68 47 34 16 5 29 11 1 21 62 14 56 28 73 22 15 64 40 39 63 12 70 77 27 6 38 17 
45 11 71 79 31 42 56 62 57 68 20 13 10 47 61 54 58 8 60 70 41 73 27 80 34 48 64 5 52 40 53 30 21 12 67 69 22 4 32 37 6 55 18 59 76 51 38 2 78 29 63 36 25 77 15 65 17 9 81 43 28 74 7 19 66 49 39 33 75 44 24 35 72 46 14 50 26 1 23 16 3 
41 78 77 19 29 72 69 51 70 46 74 73 64 49 24 60 21 62 63 4 50 44 28 55 65 9 71 17 8 14 23 16 80 34 48 32 40 68 12 56 30 66 36 5 38 39 42 22 75 52 35 76 1 27 57 3 45 2 31 53 61 6 37 26 11 81 43 67 58 79 10 18 25 59 54 47 13 20 7 33 15 
70 49 35 38 33 29 23 64 1 63 79 74 3 65 46 72 68 60 52 17 26 71 66 57 47 21 2 18 50 48 39 42 67 30 14 27 80 81 62 5 4 36 10 11 6 59 41 25 45 12 13 51 8 54 69 56 55 43 44 58 24 9 19 34 73 7 16 37 31 53 75 76 15 78 22 20 28 61 77 40 32 
57 75 80 55 12 63 6 3 41 15 26 53 35 8 45 43 66 18 25 44 76 13 56 7 51 73 42 31 40 17 4 62 59 11 58 54 74 37 69 39 46 23 64 19 70 50 22 34 71 2 9 60 28 67 52 33 16 47 32 36 30 77 27 68 65 20 78 79 49 61 1 10 24 48 21 14 38 81 5 29 72 
18 17 54 42 28 66 15 8 27 40 29 37 21 13 22 52 30 51 62 31 81 63 36 4 19 72 45 65 79 41 78 47 69 25 26 38 12 32 76 75 48 77 67 68 20 55 35 39 53 5 58 64 16 10 50 80 71 61 34 11 1 60 2 14 57 23 44 59 6 43 74 24 70 49 33 7 56 73 46 3 9 
16 45 14 53 2 68 32 78 56 10 25 12 34 11 71 6 42 4 67 22 74 60 80 49 41 35 33 63 57 13 8 51 73 7 46 61 59 58 66 27 1 43 38 55 65 20 69 52 44 70 19 15 24 76 62 48 31 40 18 75 5 21 72 39 9 64 81 29 28 36 3 77 47 79 50 26 23 54 17 30 37 
36 65 81 62 50 22 40 67 43 41 47 56 28 58 80 5 77 59 46 54 34 27 64 78 24 6 8 33 21 49 60 75 70 19 1 37 3 9 31 35 45 16 29 79 73 26 63 30 17 48 38 57 7 61 39 53 23 10 51 20 14 76 13 25 2 42 72 52 32 69 15 55 18 44 11 4 74 66 68 71 12 
74 61 25 7 5 58 46 47 20 49 64 23 81 48 31 39 67 54 9 69 38 53 77 75 59 1 29 44 36 71 55 28 32 10 45 68 24 26 14 60 72 22 51 78 18 4 40 66 11 79 27 37 56 33 8 70 57 15 3 73 63 17 65 30 62 80 21 35 41 13 12 50 2 43 34 42 16 19 76 6 52 
31 30 59 9 19 13 39 24 37 69 44 20 14 78 1 75 76 55 61 11 79 43 3 28 16 50 12 72 35 22 77 15 52 53 5 74 2 8 42 40 57 49 47 33 34 68 23 21 6 73 65 32 18 62 54 66 29 38 64 7 46 81 45 27 71 60 56 26 17 70 48 4 51 80 58 41 63 36 67 25 10 
72 71 21 51 48 69 11 60 79 73 2 33 32 16 50 9 70 7 20 39 65 10 14 5 68 30 40 23 24 80 66 64 43 6 76 34 41 63 15 25 44 56 52 61 17 3 46 77 31 81 75 29 74 36 26 28 4 49 42 12 37 35 78 8 18 47 19 58 67 22 38 54 53 13 45 1 27 55 62 57 59 
77 76 52 73 44 4 10 26 34 38 27 61 36 17 19 57 62 24 48 23 70 15 32 58 37 55 18 56 16 81 29 2 9 20 3 12 28 13 71 50 53 7 30 21 54 49 78 1 72 80 43 42 47 14 25 59 22 41 79 68 74 67 6 5 63 40 45 51 66 46 11 33 35 39 8 75 60 64 65 31 69 
47 5 48 69 25 81 62 38 28 78 8 9 77 68 63 11 73 44 17 75 36 32 22 12 45 79 30 70 31 52 19 6 64 1 72 7 27 16 37 46 61 4 59 35 33 60 29 56 80 15 55 58 67 34 51 18 40 53 50 3 23 13 74 42 43 39 10 2 54 66 76 41 14 57 24 49 20 21 26 65 71 
7 18 34 61 49 35 27 30 22 75 23 16 51 43 21 59 39 20 68 46 40 38 1 64 13 19 28 71 67 53 26 56 66 14 15 10 36 3 57 45 54 44 72 62 25 32 47 8 2 77 78 79 5 24 11 41 76 12 80 48 58 37 29 65 69 52 9 31 81 6 33 63 17 73 60 55 70 50 74 42 4 
17 52 78 31 80 21 8 14 54 33 38 6 40 36 34 10 65 32 4 7 15 56 42 81 27 16 76 49 63 29 24 25 3 73 28 2 67 5 64 53 51 18 13 48 41 22 12 71 20 26 46 35 19 50 70 43 66 45 60 72 47 68 61 58 74 75 11 55 30 57 37 23 77 62 69 79 1 9 44 59 39 
76 26 20 74 66 77 65 11 53 7 80 30 71 15 79 48 46 12 14 8 24 23 18 72 6 25 51 43 81 35 45 69 62 32 47 22 58 50 19 63 9 39 31 10 21 70 27 37 42 38 16 13 57 41 1 5 64 17 78 55 52 2 33 49 40 73 34 44 60 4 59 61 29 68 56 3 75 28 36 67 54 
33 42 46 29 79 24 71 4 10 28 13 66 41 64 55 76 81 26 44 48 73 31 62 47 43 2 37 54 59 16 36 80 50 38 60 58 70 20 77 49 52 1 22 34 40 69 45 63 39 61 17 23 72 74 67 75 14 65 9 25 6 30 57 78 56 12 35 3 68 21 5 27 7 19 18 11 15 53 32 8 51 
12 39 64 44 59 6 16 41 2 14 62 17 52 29 57 56 60 58 69 80 63 55 70 50 54 78 67 37 51 9 34 74 61 68 65 21 79 11 30 24 76 42 75 15 66 40 7 33 73 28 10 3 49 53 32 35 26 4 20 31 27 19 36 72 13 38 71 1 77 18 8 46 22 23 25 48 81 47 45 43 5 
40 73 23 1 51 37 13 50 63 70 18 35 24 54 49 19 3 69 59 34 71 52 60 10 61 65 74 39 11 75 79 20 57 48 27 5 55 43 56 26 2 17 28 81 14 30 25 6 4 68 36 9 31 66 21 46 8 77 7 15 16 44 42 47 29 32 53 80 62 67 45 22 41 58 38 78 76 12 72 64 33 
67 58 15 60 56 55 43 72 32 74 1 31 47 45 53 37 50 25 33 29 9 57 49 26 5 3 20 41 42 4 18 78 13 44 77 30 8 23 73 80 7 38 68 12 69 65 62 75 14 51 54 21 76 11 10 71 63 34 28 81 22 59 39 24 17 70 64 19 16 48 36 79 46 52 35 6 66 40 2 61 27 
9 3 19 75 45 70 68 57 36 42 61 27 22 67 72 4 5 2 35 66 77 39 21 11 58 53 41 40 55 46 33 17 23 76 12 8 47 74 65 32 78 60 71 6 29 48 52 43 59 64 44 18 81 1 49 73 24 54 38 69 62 56 79 15 28 26 14 20 25 7 50 51 63 34 30 80 31 16 37 10 13 
################proper############## 

 average_time = 128.113304 

 success runs = 1 

 total average iters = 2000030.000000 
