Success!!! 
 
 max_col = 
 81 
 
 run_time = 
 54.471004 
 
 once iters = 
 800065 
 
52 74 79 7 15 69 71 1 42 47 46 22 4 68 6 33 41 19 61 16 14 63 20 28 80 56 75 9 54 17 57 50 53 36 2 23 34 25 35 8 51 13 64 70 55 31 81 39 43 11 60 44 12 21 5 18 29 62 67 38 45 72 32 76 30 66 73 59 48 37 26 77 10 65 27 24 58 78 3 40 49 
68 47 31 51 56 37 67 3 62 2 66 59 29 79 45 39 49 32 15 23 6 19 76 77 27 78 5 4 41 71 58 81 25 63 75 8 61 69 73 26 24 20 50 14 48 52 7 46 65 74 36 17 1 9 60 55 35 70 42 40 28 12 22 10 11 34 21 44 13 57 53 72 16 18 30 43 54 80 33 38 64 
9 60 28 20 65 50 40 14 36 1 54 58 69 23 13 67 21 44 33 70 24 55 66 12 46 7 73 68 49 3 80 62 43 51 52 72 22 59 10 16 37 18 76 57 42 34 5 30 26 35 78 45 79 77 53 19 71 15 41 64 75 39 81 47 25 38 31 32 6 27 29 2 48 11 63 56 17 4 74 61 8 
32 61 26 12 21 19 58 17 78 11 76 14 74 42 70 77 51 81 29 71 79 10 50 25 8 57 60 1 44 38 31 59 18 35 30 16 27 23 28 36 62 2 40 54 72 4 80 13 6 53 41 64 3 15 48 66 56 43 65 47 37 46 20 55 63 39 9 24 49 33 5 45 69 7 73 52 68 34 75 22 67 
11 30 29 13 75 81 76 70 23 65 61 63 60 78 73 5 35 43 32 40 2 59 1 41 48 52 18 15 19 21 55 67 45 66 26 34 80 38 58 12 7 6 49 77 47 50 20 22 42 51 33 37 10 62 14 27 4 24 44 68 3 36 17 74 64 69 16 56 46 71 54 8 57 39 72 31 53 25 28 9 79 
38 53 25 77 57 2 39 34 49 8 37 18 17 16 40 62 64 48 35 13 30 31 44 58 54 72 26 56 12 74 10 33 5 73 46 22 9 3 43 45 79 81 32 65 29 71 68 27 28 14 67 24 63 19 11 76 69 23 52 50 1 61 21 7 78 70 42 4 20 80 75 15 55 60 51 47 36 66 6 59 41 
73 27 41 46 18 54 63 45 8 34 55 53 3 10 72 26 25 75 64 67 69 21 43 22 36 47 4 24 70 14 7 77 13 6 20 37 66 31 71 30 33 19 39 74 11 29 76 59 61 16 48 38 40 56 78 57 49 51 80 58 2 9 79 17 28 81 60 52 50 65 35 68 42 1 62 15 44 23 5 32 12 
66 59 16 35 64 4 22 44 10 31 38 56 71 28 24 15 57 80 65 9 62 34 45 49 51 68 42 27 79 11 76 48 60 78 39 69 17 63 53 41 1 5 21 75 52 2 55 32 73 58 18 70 72 47 74 6 54 30 7 33 77 8 25 61 14 36 3 67 43 23 40 12 13 29 81 46 50 19 26 20 37 
80 6 48 55 43 33 72 24 5 30 20 52 7 12 9 27 36 50 38 17 3 37 39 53 11 74 81 61 28 32 29 64 47 42 65 40 56 15 67 60 78 46 68 44 4 75 25 54 49 69 66 23 57 8 73 13 10 34 31 59 16 63 26 79 62 22 41 58 51 19 18 1 21 71 70 45 35 76 77 14 2 
12 45 71 54 42 63 38 22 47 41 65 72 33 46 68 75 55 1 13 5 49 39 10 37 64 24 56 48 60 2 62 18 34 40 70 79 81 8 69 44 11 17 67 30 73 14 77 57 32 3 9 78 21 28 66 7 53 29 74 20 15 6 58 26 76 35 80 43 4 16 19 51 59 61 31 25 23 52 36 50 27 
43 13 27 74 72 75 60 53 51 45 50 28 62 49 76 23 59 38 16 4 7 61 2 19 12 55 14 57 47 24 78 21 52 65 64 3 39 56 31 15 32 77 71 33 46 11 26 67 68 29 35 1 80 25 30 79 34 42 5 36 70 81 69 8 6 10 63 37 22 54 17 73 66 58 20 48 18 9 40 41 44 
61 3 76 39 52 31 77 5 34 17 74 25 66 48 80 32 54 24 28 21 65 29 41 50 69 8 1 36 51 23 63 11 19 20 6 43 79 2 26 49 4 45 70 22 64 55 15 47 40 12 58 18 62 7 35 59 16 68 27 13 73 75 78 14 42 71 72 46 67 9 44 53 37 38 56 10 57 81 60 33 30 
7 16 65 19 79 62 30 64 11 22 31 81 35 71 67 13 26 63 57 6 25 20 9 72 44 43 46 29 14 66 28 73 42 4 15 41 23 50 74 51 58 54 18 27 40 69 61 17 10 36 52 5 8 24 37 32 60 47 38 80 33 77 48 21 68 1 70 55 59 78 2 56 39 12 34 76 49 45 53 3 75 
29 18 73 15 68 21 80 81 2 20 7 61 64 52 36 57 39 6 62 77 32 76 42 66 34 26 58 71 1 31 37 35 55 59 67 10 75 48 9 43 3 25 78 53 38 56 44 33 46 63 74 19 54 4 50 22 17 40 51 45 41 49 8 24 12 30 27 60 5 11 65 23 28 70 79 13 47 69 16 72 14 
10 66 69 26 46 14 28 49 33 29 43 21 78 9 19 8 58 34 47 63 70 36 59 30 52 35 11 53 32 56 75 27 22 38 72 80 6 7 42 1 60 57 5 55 20 64 31 16 37 39 23 50 51 65 4 25 3 67 61 76 62 44 12 40 79 41 18 45 74 13 48 81 2 17 68 73 77 24 71 54 15 
24 44 78 56 36 32 17 58 50 4 14 40 47 27 77 16 53 30 54 18 48 68 74 81 60 79 23 12 26 76 9 5 69 39 8 45 35 61 41 10 52 29 37 21 59 70 6 66 71 49 73 13 2 20 63 28 64 65 72 11 46 43 19 75 15 3 33 25 57 31 38 34 1 51 55 7 80 62 22 67 42 
25 37 1 9 67 48 70 20 35 69 2 42 73 3 60 44 10 56 17 15 27 51 53 75 33 71 40 54 50 68 61 7 58 13 74 30 12 65 47 14 16 76 28 80 19 79 38 41 22 59 81 72 34 45 26 21 39 18 55 57 31 24 23 77 32 29 52 66 62 49 64 36 8 63 78 6 4 11 43 46 5 
40 41 55 23 59 6 8 57 4 37 5 79 12 15 51 18 11 70 45 31 80 22 73 38 78 67 3 25 33 46 44 16 77 81 17 49 63 62 68 72 34 24 13 66 36 76 60 53 75 27 30 43 48 42 1 14 2 9 71 54 56 10 52 69 39 50 47 7 58 20 61 28 64 74 21 29 65 26 32 35 19 
44 50 2 79 63 70 4 74 19 21 40 24 38 67 71 60 3 11 75 78 56 7 15 46 1 45 10 62 57 61 5 65 64 34 53 26 58 30 8 32 49 9 51 13 22 23 66 18 20 54 25 59 37 6 76 68 42 41 33 48 35 31 43 12 69 27 29 73 28 36 72 55 80 52 17 39 14 16 47 81 77 
46 72 23 6 29 39 53 67 37 64 59 75 16 18 49 73 13 68 58 52 9 44 24 35 2 65 66 51 40 12 70 22 10 71 27 38 60 57 78 5 42 48 81 62 56 77 63 26 47 80 8 74 33 50 28 34 79 11 17 30 36 19 55 20 21 31 14 3 41 25 7 54 4 15 1 61 76 32 69 43 45 
15 35 77 5 30 78 42 26 58 7 8 65 27 56 55 43 6 28 37 81 36 23 19 70 25 34 13 18 69 45 20 75 29 74 68 76 4 21 80 53 47 61 41 46 2 62 52 9 79 17 57 32 14 67 64 10 66 60 40 3 72 16 1 33 50 49 39 11 38 48 51 59 22 31 44 63 73 71 12 24 54 
75 80 22 61 16 56 54 25 41 79 34 19 37 72 62 81 47 20 42 12 51 71 11 55 18 3 33 8 73 59 21 63 9 48 50 77 38 1 17 27 31 52 36 43 35 60 70 40 45 44 13 7 29 39 67 74 32 78 6 69 65 14 15 5 4 64 26 10 2 24 76 57 53 66 46 23 30 49 68 58 28 
64 20 18 65 34 3 51 7 45 50 36 31 32 2 14 58 33 10 67 47 22 73 49 63 57 54 77 46 4 37 17 28 11 24 19 60 72 6 79 23 76 59 16 25 74 41 42 55 48 43 69 12 30 71 9 80 44 39 21 53 52 27 56 66 75 68 61 78 15 1 81 40 62 5 8 26 70 38 29 13 35 
33 55 49 68 28 17 43 59 40 74 53 76 48 39 26 29 61 52 31 30 4 14 69 60 6 32 21 44 56 72 47 79 23 2 54 66 15 34 37 64 77 7 73 71 12 51 11 1 35 75 10 46 38 3 81 20 5 8 63 70 25 58 24 80 22 16 45 19 42 62 13 65 41 78 18 50 9 67 27 57 36 
76 12 11 62 71 1 36 8 9 66 23 80 44 30 22 70 69 78 40 20 26 27 79 5 39 17 41 81 52 6 13 43 16 31 3 14 50 68 18 67 19 75 33 29 10 58 4 61 24 15 28 21 65 2 57 45 7 46 54 49 38 51 73 56 74 63 34 53 47 77 32 35 25 55 64 60 59 37 48 42 72 
57 24 66 32 14 38 10 31 13 77 9 45 5 35 4 63 17 15 48 72 64 50 29 74 76 62 80 42 25 67 30 49 1 55 41 7 54 70 44 39 26 11 20 28 69 27 19 36 78 81 16 68 73 53 23 12 59 75 47 61 71 22 18 60 58 37 6 8 52 46 43 79 34 2 3 40 33 56 65 51 21 
21 69 81 52 60 27 73 47 48 46 51 57 42 54 1 25 12 41 53 8 38 43 61 59 28 16 68 39 58 33 15 36 78 80 35 32 3 66 24 65 40 55 45 63 14 49 22 64 31 72 34 76 56 5 13 2 26 37 62 77 29 4 50 18 67 23 44 9 30 70 71 17 19 10 11 79 74 75 20 6 7 
58 25 45 47 7 30 64 2 57 68 3 51 49 53 69 59 1 73 76 66 23 11 81 13 31 19 79 20 5 42 8 40 61 43 28 62 16 14 75 4 65 32 56 35 71 26 27 12 39 41 17 29 52 44 80 63 15 48 18 72 24 70 46 9 33 77 37 36 78 67 34 38 74 54 6 55 10 50 21 60 22 
74 8 19 3 55 44 24 50 14 40 72 38 31 22 23 79 63 58 18 28 21 15 30 10 4 53 20 69 80 65 34 56 17 37 11 73 1 77 6 2 13 33 9 76 70 32 16 7 51 46 54 57 43 35 36 67 27 49 66 60 81 45 5 64 26 61 75 12 25 47 52 62 68 48 39 71 42 41 59 29 78 
28 63 54 16 9 52 33 41 43 67 56 46 15 11 27 74 7 45 6 32 50 3 34 68 35 49 44 23 13 10 4 19 26 12 55 47 73 20 62 61 17 60 66 78 39 18 71 79 64 77 5 36 31 81 42 8 21 22 25 14 53 29 51 59 48 57 2 65 76 40 80 70 38 72 58 30 75 1 37 69 24 
18 70 72 73 38 46 26 40 65 52 6 43 41 36 32 19 75 42 27 74 58 57 67 47 77 1 61 21 31 50 71 45 79 29 51 24 11 55 23 48 81 30 10 34 8 66 78 62 63 20 59 22 28 49 17 39 76 4 13 37 68 33 64 54 16 60 56 14 44 35 15 69 7 80 2 5 3 53 25 12 9 
81 31 37 17 61 79 21 35 32 62 18 26 30 70 12 24 80 25 73 48 78 60 51 56 16 14 8 33 77 41 6 46 36 75 49 9 40 58 7 68 5 69 54 38 27 72 47 42 15 2 53 34 67 1 44 3 50 59 23 52 74 55 10 39 71 13 66 28 19 29 22 4 45 64 57 20 11 43 63 65 76 
27 11 42 66 22 80 34 56 75 9 4 60 55 37 10 35 16 39 71 64 17 54 62 36 24 33 63 59 68 44 72 25 15 32 18 67 45 12 19 50 29 79 53 41 21 38 23 69 30 48 14 73 13 76 47 65 61 20 58 2 40 78 57 51 5 6 46 74 7 3 1 43 52 26 28 8 81 77 31 49 70 
69 49 67 78 53 20 13 76 29 61 57 50 77 5 34 21 44 66 70 65 52 9 7 26 75 59 39 38 2 81 64 54 30 60 48 27 36 74 51 22 63 3 24 15 31 19 56 11 80 68 45 25 58 37 71 1 12 28 43 6 79 62 35 72 17 55 23 42 32 10 8 41 73 14 47 33 46 18 4 16 40 
51 36 4 10 5 68 62 39 59 28 81 20 14 76 29 54 48 71 80 25 37 12 46 40 41 2 55 22 78 16 53 1 7 70 63 58 26 67 64 52 57 47 42 72 43 9 8 74 33 6 3 65 60 61 32 38 77 19 75 31 69 56 11 73 24 45 49 50 21 18 27 30 79 35 23 34 66 15 13 44 17 
1 23 12 60 48 77 6 71 15 78 17 13 8 33 65 64 2 47 43 45 72 5 38 42 29 22 69 74 39 35 52 3 14 76 66 57 59 44 46 80 18 28 25 37 49 10 21 24 55 50 40 4 75 70 54 30 41 7 9 73 34 26 16 63 20 11 53 81 31 68 79 58 56 67 61 51 32 36 19 27 62 
36 32 74 14 12 64 18 65 81 54 67 7 26 73 42 51 68 60 69 10 13 6 37 4 40 9 22 45 3 5 41 31 80 1 47 48 49 72 30 58 20 78 34 59 28 15 50 38 77 62 75 27 17 11 52 35 23 16 39 46 8 79 61 70 56 33 71 2 53 55 21 66 76 19 24 57 63 29 44 25 43 
39 51 56 72 31 16 50 75 53 25 45 32 63 55 59 65 81 35 49 2 57 52 26 44 70 48 28 40 61 18 66 4 73 33 36 11 64 43 76 21 14 68 80 79 77 3 29 20 54 23 37 67 46 58 22 9 6 71 10 27 19 30 41 78 34 24 15 13 17 5 12 42 60 8 69 74 7 47 62 1 38 
47 68 21 4 70 42 25 37 61 10 19 6 39 43 41 12 31 76 51 55 33 64 23 62 66 15 65 2 53 77 56 74 44 7 71 46 18 22 29 3 38 16 1 24 54 57 72 28 5 9 26 48 45 60 69 11 67 50 14 81 63 73 40 49 8 52 30 35 75 58 20 80 78 36 32 17 27 59 34 79 13 
55 15 6 28 45 40 3 78 17 75 58 37 13 62 16 71 79 21 46 53 11 56 35 14 50 61 31 19 30 29 43 70 49 8 12 51 65 52 4 74 48 23 69 9 57 33 34 68 25 24 1 41 22 63 7 42 80 38 60 32 20 76 59 44 27 67 77 47 10 73 36 39 54 81 66 72 64 2 18 5 26 
49 57 80 76 8 67 59 38 22 23 1 11 28 66 33 69 27 64 60 29 34 75 77 18 21 30 43 10 63 52 26 6 35 50 62 81 5 37 39 19 2 44 15 32 53 42 14 78 36 13 71 47 7 16 24 48 58 74 68 56 4 17 45 25 40 72 54 31 3 79 41 61 65 73 12 9 51 20 55 70 46 
62 77 13 34 10 7 27 43 79 44 70 49 2 20 3 22 8 36 1 54 81 78 80 24 74 63 19 58 17 60 59 15 75 68 25 39 31 35 33 6 71 42 61 45 50 40 73 4 69 30 51 55 76 12 65 5 28 72 53 66 64 18 47 46 9 26 38 57 11 32 37 29 14 21 41 16 67 48 56 23 52 
35 52 30 48 20 29 19 33 1 5 15 9 53 74 50 14 46 40 68 39 76 32 3 71 7 73 47 72 34 57 27 38 24 21 78 28 67 17 11 13 41 62 63 10 66 8 79 81 18 56 2 80 44 64 55 70 25 36 26 12 51 54 49 23 45 43 65 6 16 59 69 60 61 4 75 77 37 22 42 31 58 
63 46 44 69 54 66 9 60 71 18 48 34 24 38 17 52 29 77 72 41 5 25 58 16 67 36 59 55 23 20 79 42 65 22 14 13 8 81 56 7 27 12 47 73 26 39 43 70 74 32 6 49 61 31 3 33 78 2 37 15 21 57 75 4 51 62 1 68 64 76 50 19 35 53 40 80 28 10 30 45 11 
26 73 5 2 58 41 11 23 24 80 78 4 61 57 56 47 30 72 12 42 20 17 27 8 79 38 45 76 9 54 32 37 67 16 69 64 25 40 36 46 70 51 55 60 75 65 59 35 21 10 19 53 66 52 43 77 31 13 29 34 44 1 62 28 18 7 48 22 81 74 63 14 71 49 33 3 39 6 15 68 50 
4 19 64 53 44 22 78 68 52 3 63 54 6 21 15 38 62 79 77 58 71 45 8 1 49 81 34 41 35 40 69 32 72 23 31 50 55 47 48 25 36 66 17 56 5 30 37 14 12 60 39 9 27 80 59 51 11 57 28 24 43 67 33 29 46 18 76 70 61 7 42 10 20 13 16 2 26 74 73 75 65 
60 42 47 8 40 24 14 80 72 16 33 35 19 25 44 55 37 67 74 11 12 48 17 51 15 18 50 28 76 26 36 2 81 79 61 78 30 27 65 38 43 39 58 6 68 54 53 77 1 57 29 31 70 22 41 71 75 69 64 10 66 13 9 62 49 20 5 63 73 21 45 32 23 46 7 59 34 3 52 4 56 
70 81 33 50 6 74 1 27 38 58 28 8 40 41 11 46 23 17 10 75 29 4 25 43 73 20 37 64 71 30 48 9 68 5 24 59 19 51 21 57 12 31 7 2 79 36 18 3 76 47 15 61 32 34 56 49 22 53 16 62 54 35 63 52 13 44 67 26 65 66 60 78 72 42 80 69 45 39 14 77 55 
16 48 62 59 66 58 45 30 46 12 73 47 18 4 81 72 42 31 63 80 67 26 22 57 23 64 27 17 20 19 77 39 56 53 29 33 32 13 70 24 28 71 8 40 44 74 35 75 2 65 49 10 25 55 21 78 38 52 1 79 60 7 14 3 37 9 69 34 54 50 6 11 5 41 43 36 15 61 51 76 68 
56 29 75 11 26 25 41 69 28 57 71 36 76 60 64 9 65 13 30 7 68 24 55 2 61 39 35 34 46 73 14 8 70 10 1 6 74 49 59 81 72 37 3 18 67 45 62 52 17 79 50 66 20 78 12 44 48 27 32 23 5 42 77 38 43 15 22 33 80 51 4 16 63 40 54 21 19 31 58 47 53 
77 9 63 37 2 73 7 54 20 26 39 78 56 32 75 53 5 74 59 38 28 66 14 33 62 44 70 47 22 13 51 57 3 45 16 18 42 76 15 34 23 35 52 4 61 43 69 48 19 71 21 81 64 41 40 50 36 55 46 65 6 80 68 31 1 12 24 30 72 17 58 27 11 79 49 67 25 60 10 8 29 
34 21 10 43 3 76 35 12 39 49 24 30 68 77 61 45 52 27 56 19 40 47 72 31 13 41 32 11 67 7 25 44 66 58 60 65 29 64 63 54 9 50 75 69 80 59 28 6 38 5 42 51 16 46 15 26 73 81 20 4 18 2 37 53 57 79 8 23 36 14 55 74 33 22 71 78 62 17 70 48 1 
71 17 36 67 23 65 32 61 31 43 22 29 34 50 20 10 66 51 21 79 53 42 78 69 5 6 52 75 38 55 49 80 74 54 4 15 77 73 16 62 45 14 46 1 60 7 13 72 11 33 63 56 26 40 70 47 8 25 76 19 58 3 30 2 81 59 68 48 39 41 28 64 18 27 9 35 12 44 24 37 57 
5 79 51 49 13 55 57 15 18 59 69 70 1 80 2 48 14 7 36 3 46 65 16 54 9 60 76 37 42 63 12 52 62 27 43 21 33 10 20 78 53 22 26 11 41 24 58 23 67 4 44 8 68 73 29 61 72 31 45 39 17 74 34 19 77 75 40 71 35 56 47 25 32 6 50 28 38 64 81 30 66 
22 54 3 40 81 12 47 28 60 15 42 62 45 14 63 61 50 55 24 68 44 18 36 65 17 76 38 49 21 64 67 10 59 69 56 71 52 75 32 31 80 70 74 26 25 16 33 37 53 8 11 35 5 48 51 58 30 1 77 9 27 20 13 41 66 78 19 79 34 6 73 46 43 23 29 4 2 57 72 7 39 
67 62 70 31 17 57 69 52 80 81 47 16 25 19 48 11 76 3 34 43 55 74 63 64 26 66 53 14 7 78 42 13 38 77 58 61 44 54 45 9 73 36 27 23 1 46 32 50 41 40 72 60 49 10 39 24 37 33 59 18 12 21 71 68 2 56 35 51 29 4 30 5 75 20 65 22 8 28 79 15 6 
19 4 38 75 35 72 74 46 63 71 68 73 67 59 57 49 22 26 81 51 61 77 5 20 37 12 29 65 15 34 60 55 27 47 9 52 21 18 14 33 39 58 6 8 78 13 3 2 66 1 43 79 24 30 25 41 62 56 48 7 50 11 44 42 36 54 28 69 23 64 10 76 31 16 53 32 40 70 45 17 80 
23 26 32 71 49 5 61 6 56 53 10 1 36 29 43 7 72 46 9 60 8 30 70 21 42 13 67 79 18 80 16 51 39 11 44 63 62 19 55 28 64 4 48 20 17 22 45 76 59 25 31 54 47 38 2 69 74 73 3 75 57 40 66 27 65 58 12 15 77 52 14 33 24 50 37 81 41 68 35 78 34 
53 14 20 42 50 9 55 18 73 39 35 77 58 44 30 40 56 4 78 57 54 1 52 32 22 28 49 43 29 8 3 41 12 72 5 74 37 16 2 76 67 15 65 47 7 61 64 80 81 34 27 69 36 75 46 17 70 6 79 63 23 68 31 45 59 48 11 38 71 26 24 13 51 62 60 19 21 33 66 10 25 
78 1 58 30 33 11 48 79 76 51 64 27 70 24 5 2 38 9 3 62 15 46 56 23 45 80 25 73 75 4 22 68 31 17 57 20 41 71 66 63 10 34 35 50 13 28 65 21 29 7 77 26 6 14 19 72 55 32 81 8 61 47 60 16 44 53 74 39 40 43 49 37 12 69 36 42 52 54 67 18 59 
2 34 8 41 24 43 44 66 27 6 21 12 23 17 28 37 78 65 39 69 59 16 75 79 19 10 7 35 48 1 40 26 76 62 33 70 57 29 60 77 56 49 30 5 81 68 74 51 58 73 4 42 15 18 45 36 52 54 22 67 14 53 80 32 61 25 50 72 9 63 31 20 3 47 38 64 13 55 46 11 71 
65 7 15 36 77 13 68 21 16 32 79 41 20 75 66 34 60 54 2 33 47 58 4 27 14 31 71 6 37 53 50 23 46 30 45 25 51 11 61 59 69 40 72 42 24 67 9 56 62 52 12 39 19 17 10 29 43 64 35 26 78 38 28 22 70 8 55 80 18 81 57 3 49 76 5 44 48 63 1 73 74 
45 39 59 29 25 10 37 51 64 13 52 69 80 8 18 31 74 33 50 73 35 41 40 6 72 11 48 66 36 28 81 24 2 19 32 54 68 53 22 79 46 38 43 12 3 20 57 63 44 55 70 71 78 23 49 4 65 5 34 16 42 15 76 1 47 21 7 17 60 75 62 67 27 77 14 58 56 30 9 26 61 
41 75 40 57 19 51 66 42 6 60 26 3 22 13 7 56 43 12 11 46 77 49 18 67 32 5 72 31 65 62 24 69 4 9 23 17 53 39 54 55 68 1 79 52 15 63 10 8 34 61 47 16 59 29 20 37 45 21 73 44 30 50 2 58 38 74 78 27 33 28 70 48 36 25 76 14 71 35 80 64 81 
30 2 60 33 4 47 56 73 74 55 27 44 79 40 78 68 70 23 19 35 41 38 12 29 3 37 6 80 45 22 11 20 21 15 59 1 28 9 5 42 50 8 62 7 76 48 49 71 57 64 24 52 77 32 58 81 63 17 36 25 39 69 53 65 10 51 13 54 14 34 46 18 67 43 26 75 31 72 61 66 16 
31 65 68 27 39 53 81 62 77 76 49 67 72 45 21 4 9 29 55 50 1 8 57 61 20 23 78 26 64 47 73 71 28 25 10 2 69 46 12 37 74 63 59 48 16 35 75 44 60 70 80 58 18 36 38 40 14 3 15 43 13 52 7 11 19 5 79 41 56 22 66 6 30 32 42 54 24 51 17 34 33 
50 38 43 44 69 45 23 36 70 48 80 74 11 6 8 1 15 61 14 59 10 81 21 34 63 75 30 77 16 58 18 53 54 52 7 35 20 78 3 73 22 26 31 17 33 37 39 5 72 67 46 2 42 27 68 56 51 66 19 28 76 65 4 71 55 32 64 49 12 60 25 24 40 9 13 41 29 79 57 62 47 
48 71 24 58 1 26 16 72 12 38 25 39 46 64 54 17 18 62 22 27 66 28 47 52 68 51 74 5 81 43 33 60 8 3 42 29 14 32 49 75 35 10 44 36 45 73 40 19 13 78 65 30 41 79 31 23 57 61 70 55 11 34 67 15 80 76 4 21 37 69 9 50 77 56 59 53 6 7 2 63 20 
17 67 52 80 32 49 79 63 54 36 77 5 10 51 35 41 73 69 25 76 45 13 33 9 58 70 2 50 6 39 19 61 37 14 34 75 24 60 38 29 66 72 11 81 30 53 1 43 23 28 56 15 55 26 18 64 47 12 78 74 59 71 42 57 31 40 20 62 68 44 16 7 46 3 48 65 22 27 8 21 4 
8 28 9 18 37 59 20 29 21 42 75 2 81 65 53 50 24 14 4 36 16 79 48 15 56 40 54 63 55 51 68 78 57 67 76 12 71 80 13 47 25 64 77 19 34 6 17 31 7 66 22 62 69 74 72 46 33 35 49 41 32 5 27 30 3 73 43 61 1 45 39 26 70 44 10 11 60 58 38 52 23 
3 78 46 22 11 34 15 13 25 19 16 66 59 31 47 28 20 57 7 24 73 53 60 80 71 42 64 70 27 36 38 30 32 49 79 44 43 41 40 56 61 65 23 51 58 12 54 45 4 21 76 14 9 33 62 75 1 10 8 29 26 48 6 81 35 2 17 77 63 72 67 52 50 37 74 68 69 5 39 55 18 
14 10 61 64 76 35 5 55 7 33 32 71 52 63 58 30 34 37 44 26 43 62 31 39 65 69 17 13 72 48 74 66 41 46 40 56 70 4 57 18 21 27 2 67 6 81 51 25 50 38 20 3 11 68 79 16 9 77 24 22 80 60 54 36 29 42 59 75 8 53 23 47 15 28 45 1 78 12 49 19 73 
6 56 57 21 51 71 2 16 69 72 30 10 75 26 37 66 45 49 5 44 42 40 54 7 55 4 9 52 8 27 46 12 63 64 77 31 78 28 1 11 15 53 29 58 62 17 24 60 70 76 32 33 39 59 34 43 19 80 50 35 48 41 65 13 73 47 25 18 79 61 74 22 81 68 67 38 20 14 23 36 3 
79 58 7 25 74 60 46 9 44 14 12 48 54 34 52 76 4 8 23 22 63 72 71 73 43 21 51 32 24 69 35 29 6 61 38 42 2 45 27 70 55 80 57 3 18 5 36 65 56 37 68 77 50 13 75 15 20 26 11 1 49 28 39 67 41 17 81 64 66 30 33 31 47 59 19 62 16 40 78 53 10 
13 76 17 70 62 23 31 32 30 35 11 68 43 1 74 6 71 59 20 56 39 80 65 48 38 46 36 67 66 49 2 34 33 26 73 55 7 24 77 40 44 21 22 61 63 25 41 15 16 19 79 75 81 69 8 53 18 14 57 5 47 64 3 50 60 4 10 29 27 12 78 9 58 45 52 37 72 42 54 28 51 
59 64 35 81 80 15 12 77 3 70 44 23 57 47 39 20 67 53 66 61 74 33 28 17 10 50 62 30 11 79 54 76 48 56 21 19 13 36 52 69 6 43 38 16 37 78 46 73 8 26 55 40 4 72 27 60 24 63 2 51 22 32 29 34 7 14 58 5 45 42 68 49 9 75 25 18 1 65 41 71 31 
72 40 39 63 41 18 52 19 68 27 29 55 50 7 38 78 32 5 26 37 75 2 64 11 59 25 24 3 74 15 1 58 20 57 81 4 47 79 34 66 54 73 14 49 65 44 12 10 9 42 62 6 35 43 33 31 46 45 56 71 67 23 36 48 53 28 51 16 69 8 77 21 17 30 22 70 61 13 76 80 60 
37 22 14 1 73 28 65 4 26 24 60 33 9 58 25 42 77 18 52 34 31 70 68 76 53 29 16 78 62 75 39 17 71 41 13 36 46 5 50 35 30 67 19 64 51 47 48 49 3 45 7 20 74 66 61 54 81 79 12 21 10 59 72 6 23 80 32 40 55 38 56 63 44 57 15 27 43 8 11 2 69 
42 43 34 38 78 8 75 11 67 63 62 64 65 81 79 80 40 2 41 49 18 35 6 45 47 27 15 60 10 25 23 14 51 44 22 5 48 33 72 20 59 56 4 68 9 21 30 58 52 31 61 28 53 57 16 73 13 76 69 17 7 66 70 37 54 19 36 1 26 39 3 71 29 24 77 12 55 46 50 74 32 
54 5 53 24 27 61 29 10 66 56 41 17 21 69 46 36 19 22 8 1 60 67 13 3 30 77 57 16 59 9 45 47 50 28 37 68 76 42 81 71 75 74 12 31 32 80 2 34 14 18 64 63 23 51 6 52 40 58 4 78 55 25 38 43 72 65 62 20 70 15 11 44 26 33 35 49 79 73 7 39 48 
20 33 50 45 47 36 49 48 55 73 13 15 51 61 31 3 28 16 79 14 19 69 32 78 81 58 12 7 43 70 65 72 40 18 80 53 10 26 25 17 8 41 60 39 23 1 67 29 27 22 38 11 71 54 77 62 68 44 30 42 9 37 74 35 52 46 57 76 24 2 59 75 6 34 4 66 5 21 64 56 63 
################proper############## 

 average_time = 54.471004 

 success runs = 1 

 total average iters = 800065.000000 
