Success!!! 
 
 max_col = 
 81 
 
 run_time = 
 124.868252 
 
 once iters = 
 1800496 
 
61 69 29 57 3 10 47 35 60 24 44 40 20 72 66 49 2 59 38 71 52 36 48 9 77 16 32 76 8 58 81 50 79 21 14 54 28 22 42 70 39 6 27 73 13 18 19 34 17 15 23 46 74 31 5 80 43 12 7 64 45 4 25 68 67 1 78 75 51 33 56 11 62 53 37 26 30 63 41 55 65 
72 4 56 39 1 53 33 27 68 22 47 12 43 21 77 11 28 81 25 46 13 18 51 24 29 14 42 9 17 34 49 32 7 31 6 20 76 63 45 57 79 65 3 60 26 55 41 73 71 64 62 35 61 5 37 15 54 2 74 10 78 30 67 8 48 66 52 80 19 23 38 59 75 69 50 36 70 40 16 44 58 
81 28 38 37 43 54 70 41 17 15 67 10 76 16 8 3 48 7 59 39 75 78 30 23 62 65 1 71 66 51 5 44 45 26 25 80 21 32 2 14 53 33 58 46 11 40 42 4 57 29 79 68 52 72 63 13 18 61 50 49 36 73 56 24 69 12 27 55 74 64 60 9 34 35 31 77 20 47 22 6 19 
14 15 36 22 13 59 12 71 79 78 57 70 31 58 63 35 56 34 44 33 74 41 55 7 19 80 67 23 29 4 52 1 2 3 61 69 64 18 50 10 77 30 24 5 54 16 81 26 38 8 75 9 65 20 46 48 68 42 27 53 11 47 40 76 37 73 32 62 39 49 28 6 51 66 43 45 60 17 72 21 25 
55 67 42 2 52 74 40 62 20 27 61 29 6 26 50 46 75 45 17 8 56 28 68 69 73 37 58 24 15 33 72 53 64 35 19 48 81 66 47 38 43 31 49 7 12 11 60 51 44 21 77 63 80 78 3 32 22 1 14 41 23 76 65 4 16 36 25 70 30 54 34 79 39 57 71 13 10 59 18 9 5 
8 51 16 45 46 23 30 6 34 60 1 55 80 69 5 37 18 9 40 22 26 66 79 49 70 35 64 47 10 75 11 68 73 57 12 63 78 36 72 59 19 74 48 62 56 3 27 32 13 25 67 24 50 2 71 29 21 31 39 81 20 38 17 77 65 43 53 61 58 7 41 44 4 33 52 76 54 28 42 15 14 
9 18 24 11 7 48 31 5 58 39 54 74 23 32 79 25 62 71 72 57 10 81 53 50 27 61 43 56 36 38 65 41 70 60 30 40 4 29 34 16 17 52 20 44 68 33 37 28 47 66 1 45 6 76 51 75 26 77 59 69 55 8 19 46 22 35 42 15 14 21 13 63 49 78 80 73 2 3 64 67 12 
64 77 19 44 73 80 32 26 25 52 13 53 65 33 51 17 14 68 54 47 12 76 21 4 45 3 63 46 67 42 59 78 28 43 27 62 55 37 15 35 41 71 75 40 23 36 69 10 22 30 39 7 49 70 9 16 34 79 57 6 58 66 60 72 81 50 18 29 2 5 20 31 1 24 74 11 56 38 61 48 8 
63 65 76 21 75 49 50 78 66 30 4 19 42 41 36 73 38 64 5 15 2 6 11 34 31 20 60 39 16 22 18 37 55 13 77 74 69 9 25 8 80 67 61 1 51 14 59 54 43 56 53 48 12 58 44 28 52 35 70 72 24 33 62 45 57 3 26 40 10 17 71 47 79 81 27 29 7 23 46 68 32 
68 25 57 77 34 33 66 30 81 28 46 9 36 23 42 63 31 35 45 44 41 11 26 47 59 43 29 70 54 17 51 76 21 61 74 24 52 20 13 40 5 10 15 16 19 58 73 22 55 3 48 75 64 71 60 6 37 18 53 65 39 7 8 38 12 56 62 79 72 14 2 1 27 32 67 78 80 50 4 49 69 
65 39 54 23 74 6 5 70 53 50 56 8 52 43 37 48 19 62 2 17 33 38 58 27 18 77 16 20 25 66 26 31 14 47 49 71 45 41 61 21 69 3 1 34 80 24 7 9 11 67 60 40 57 15 35 79 81 46 36 51 12 32 28 22 64 44 76 73 78 13 4 29 55 72 75 10 68 42 63 59 30 
16 48 52 42 78 13 28 14 11 32 30 67 59 7 21 34 1 66 79 68 51 70 23 80 40 73 81 75 6 15 29 63 62 8 65 18 12 31 54 55 72 35 77 17 49 69 74 2 76 4 5 39 38 33 47 24 19 9 71 61 64 26 50 43 46 10 60 27 3 36 57 20 37 41 58 56 53 45 25 22 44 
7 41 71 36 63 29 58 2 61 81 53 22 68 73 10 6 45 72 69 56 76 21 9 25 35 30 31 1 33 12 39 60 57 42 32 52 62 24 14 79 66 23 28 64 67 19 20 59 34 26 51 44 17 8 13 49 74 4 78 40 80 27 38 75 5 15 55 47 54 18 37 50 16 46 77 70 11 48 43 65 3 
27 60 4 1 17 69 20 3 50 13 26 61 38 18 55 77 49 75 24 74 15 71 19 48 12 78 28 68 5 41 64 81 10 9 53 44 73 59 70 51 47 63 2 11 36 46 56 16 30 37 43 65 35 52 72 14 67 22 33 76 54 45 23 34 80 8 40 31 25 58 42 32 57 39 29 66 6 21 7 62 79 
10 64 51 26 12 8 19 40 22 20 76 5 27 11 29 44 25 80 39 61 32 63 50 60 55 66 3 43 23 45 56 28 16 36 2 46 42 65 74 30 78 4 37 75 18 72 79 14 21 49 31 13 41 53 77 1 57 58 15 62 73 48 34 52 68 67 6 17 7 70 59 69 38 9 24 33 71 81 54 47 35 
67 32 59 15 45 72 62 55 9 54 60 39 14 71 70 12 41 79 10 64 53 52 65 46 34 4 5 27 69 73 48 77 22 30 37 38 6 33 58 68 7 50 56 25 57 23 78 80 61 47 28 42 29 36 66 11 31 3 2 20 75 44 43 35 21 49 81 51 24 74 63 16 40 1 19 17 8 26 13 18 76 
56 80 47 76 38 37 21 75 24 17 2 64 40 65 33 57 16 15 36 62 42 7 22 13 49 1 72 35 78 67 55 4 58 79 11 3 32 39 46 27 44 26 8 43 29 25 66 45 12 6 18 54 81 50 69 59 10 63 52 68 30 70 5 48 41 23 71 53 28 19 9 77 60 61 34 20 74 73 31 14 51 
35 43 31 49 18 79 73 46 44 74 78 47 24 3 58 69 4 51 6 67 8 14 57 54 20 75 37 59 80 72 7 13 40 19 34 50 22 53 38 71 60 48 76 9 81 27 32 77 62 68 70 10 1 63 17 42 16 29 55 25 41 56 21 65 66 11 45 33 26 61 39 30 2 64 28 5 36 12 15 23 52 
33 78 15 70 28 61 3 57 21 68 49 66 48 51 45 22 74 26 13 77 43 62 64 14 4 63 38 60 2 20 37 9 34 39 79 17 65 8 44 69 31 76 7 12 75 67 54 42 56 27 72 50 58 32 59 52 40 6 19 18 53 16 55 81 47 71 10 23 80 11 24 46 29 30 1 41 25 35 5 36 73 
20 29 18 30 35 51 46 60 80 11 73 32 17 54 44 13 78 36 26 72 71 59 15 70 5 69 25 52 42 24 58 21 38 28 1 16 66 14 19 49 9 47 22 2 64 6 53 39 68 40 81 4 3 7 79 10 27 41 23 33 37 43 57 61 76 62 77 48 67 56 50 75 8 74 12 55 65 31 34 63 45 
76 19 8 53 42 2 9 37 1 18 5 20 67 81 30 43 59 6 61 58 24 54 35 74 23 32 7 50 55 40 36 27 29 69 51 77 16 46 73 72 48 45 63 28 38 80 75 57 65 71 21 41 78 25 56 22 13 44 4 47 70 11 12 66 34 14 39 49 15 31 3 68 33 52 10 64 26 79 17 60 62 
6 24 74 4 22 39 44 7 59 14 42 41 50 15 34 75 29 69 28 21 55 16 49 12 11 10 76 33 62 19 3 30 68 5 64 43 58 78 53 23 67 18 51 56 20 8 35 70 73 52 13 31 2 77 25 26 61 81 17 63 60 71 46 79 72 65 36 54 1 57 45 37 9 38 48 32 27 66 40 80 47 
45 58 13 25 55 17 79 77 72 46 7 37 12 47 71 52 61 60 22 9 40 65 41 44 1 18 19 8 56 32 54 75 63 78 81 66 29 4 57 15 10 27 68 3 42 34 11 48 16 76 20 33 28 74 36 38 51 50 62 73 31 80 39 53 43 70 5 59 64 26 30 35 23 67 49 6 14 2 21 69 24 
40 38 34 43 64 32 69 48 36 3 55 62 57 63 80 21 33 27 68 66 37 50 47 53 56 31 75 65 12 10 46 15 41 49 35 73 70 71 6 25 13 54 30 59 5 22 51 1 79 24 17 60 26 23 67 76 14 45 42 29 8 74 58 18 52 16 2 7 20 9 78 4 72 44 61 28 19 11 77 81 39 
75 62 65 47 71 63 16 54 26 79 8 76 2 10 35 64 72 31 57 52 73 80 29 17 78 27 46 61 45 70 25 67 48 53 18 23 77 11 33 43 21 32 50 81 39 66 14 19 36 38 55 59 15 49 34 69 5 7 28 30 9 1 24 51 60 6 44 42 40 12 74 41 68 3 4 22 58 20 37 56 13 
73 5 27 81 67 31 41 56 10 25 16 77 53 4 40 65 23 39 60 3 20 2 34 45 48 51 33 14 44 47 6 57 11 74 7 22 24 62 36 1 26 17 79 80 52 43 61 69 46 63 9 30 37 12 49 68 64 78 35 66 32 72 54 58 13 28 38 21 55 29 19 8 50 15 76 18 42 71 70 75 59 
50 68 11 14 66 12 52 49 23 9 38 28 58 56 19 1 70 24 30 6 36 42 8 67 81 39 79 72 71 59 76 80 26 4 13 31 74 60 37 41 61 34 55 35 40 64 18 47 45 10 29 62 5 44 75 77 65 48 3 21 2 15 20 63 27 32 17 69 73 25 33 22 78 16 51 43 57 46 53 54 7 
21 46 61 3 44 30 13 59 7 72 71 27 47 78 69 32 39 38 67 81 63 24 62 15 65 9 8 77 20 49 4 43 37 58 55 36 33 80 31 50 54 68 70 76 6 10 23 60 48 2 26 79 14 28 74 57 25 75 11 45 34 19 22 12 73 5 56 18 35 16 64 66 41 29 42 52 17 51 1 40 53 
1 63 6 19 58 66 51 12 47 29 75 3 22 53 81 26 36 30 35 41 70 60 31 42 61 11 21 16 57 14 32 45 54 52 71 39 10 55 28 62 49 38 73 8 59 56 50 27 67 7 34 77 18 13 48 5 17 76 9 2 15 69 33 40 78 20 23 37 68 44 46 72 80 25 64 24 43 65 79 74 4 
28 45 60 73 39 15 72 69 71 1 23 13 10 76 46 24 21 17 32 18 80 34 37 38 25 52 68 42 74 35 78 2 9 59 62 47 43 77 64 48 36 79 57 63 44 53 22 3 20 41 19 11 54 6 4 70 66 56 29 55 61 40 30 7 26 27 33 67 75 51 58 65 14 50 5 12 81 8 49 31 16 
29 8 14 52 25 68 48 76 64 35 43 49 37 77 67 9 79 11 74 5 30 72 45 2 75 53 4 6 22 21 60 23 65 80 26 41 51 19 20 17 58 40 12 15 71 63 47 46 66 61 16 78 59 81 54 44 73 10 1 3 18 36 7 50 38 55 57 13 31 24 70 42 69 56 39 62 34 27 32 28 33 
11 56 70 78 57 50 53 74 18 44 59 48 63 28 61 2 80 14 71 79 23 10 73 43 7 33 22 31 40 27 69 17 13 25 46 68 39 35 16 65 81 41 29 24 34 5 12 76 42 1 15 58 8 75 21 47 60 49 20 38 51 64 52 9 3 4 19 6 62 32 77 36 45 54 55 72 37 67 30 26 66 
80 79 17 24 62 9 65 10 40 16 20 6 8 55 31 19 12 54 47 51 46 3 76 26 69 56 77 34 7 11 1 61 15 50 75 81 5 72 66 18 27 2 45 53 32 4 33 71 52 36 64 73 21 68 42 35 28 13 63 58 67 39 37 14 25 22 43 41 29 30 49 74 70 60 78 48 23 44 59 38 57 
2 26 49 35 23 81 77 43 55 40 52 73 64 57 74 56 34 5 29 20 50 17 78 36 16 44 48 63 19 18 8 33 67 66 70 12 37 3 11 13 14 1 4 42 47 39 25 38 9 32 24 72 30 51 68 27 62 80 46 31 65 53 41 60 71 21 54 28 79 59 69 45 58 6 15 61 22 76 10 7 75 
31 34 22 16 54 36 27 20 32 4 51 42 33 45 25 41 60 70 12 14 58 13 1 39 66 28 40 38 53 3 10 64 56 29 5 30 75 7 21 67 23 46 69 26 61 65 49 44 74 57 37 55 62 80 50 72 24 8 6 43 59 78 79 17 2 81 47 63 52 76 15 48 77 19 73 71 35 9 68 11 18 
42 33 37 75 5 41 38 67 4 65 15 68 62 66 7 58 50 18 19 59 54 57 27 55 64 6 49 44 51 79 73 72 76 24 48 28 60 25 22 9 56 78 52 30 74 29 40 17 35 70 69 43 31 45 26 23 32 14 12 16 77 81 71 11 1 34 8 39 61 53 80 10 20 13 3 63 47 36 2 46 21 
15 81 62 34 30 24 6 4 42 45 72 71 9 52 41 53 17 20 77 38 3 56 74 58 79 22 70 5 48 26 43 19 59 27 50 32 36 69 8 46 33 39 18 78 73 13 31 75 2 55 14 28 16 61 7 54 47 51 68 60 1 21 76 23 63 57 35 10 12 65 67 64 11 37 44 40 49 25 29 66 80 
38 17 39 58 11 46 25 65 51 33 63 80 34 31 6 10 57 76 37 49 9 26 60 81 53 19 36 79 14 16 45 71 3 64 47 61 68 30 75 56 20 29 21 27 70 59 1 12 5 72 50 15 40 54 78 41 23 69 13 52 42 77 35 74 24 7 66 43 44 55 73 2 18 22 62 8 48 32 28 4 67 
74 53 7 56 79 19 49 18 77 12 32 15 26 75 59 68 13 58 1 40 67 30 25 16 14 72 45 37 24 60 35 52 66 10 78 9 17 50 48 76 63 61 41 22 65 20 39 29 64 69 44 21 73 4 62 71 6 55 8 5 3 2 27 70 28 33 51 11 36 80 31 34 54 23 47 38 46 43 81 57 42 
47 10 50 69 80 1 8 29 33 70 27 24 11 5 78 4 35 67 51 63 6 32 39 76 44 41 34 73 18 23 68 22 31 40 36 13 38 45 60 52 3 43 42 57 16 81 17 7 58 19 74 66 48 9 65 12 46 30 25 37 28 14 49 54 61 26 20 77 59 79 62 21 71 75 72 15 64 53 56 2 55 
26 3 66 67 36 70 35 22 78 69 29 18 79 40 28 38 54 55 27 42 31 64 71 57 33 48 80 12 76 44 41 62 75 7 15 8 23 5 10 32 1 24 6 47 2 49 30 11 51 53 25 37 56 34 19 43 59 17 61 4 81 20 73 13 39 60 72 9 45 46 52 14 63 68 65 21 77 74 58 16 50 
43 57 20 40 76 28 64 45 14 42 62 81 77 49 48 51 30 56 75 11 29 46 4 66 50 23 54 67 38 1 2 69 39 17 63 21 13 58 80 19 55 53 9 71 37 52 65 35 33 22 36 47 24 41 15 74 72 70 34 44 26 31 10 16 18 25 68 32 27 8 5 3 6 59 7 60 79 78 73 12 61 
60 12 32 31 37 73 68 44 27 2 36 65 1 39 16 8 22 23 62 43 47 61 28 52 21 55 59 74 72 25 30 11 81 34 56 58 79 54 35 77 64 51 66 49 7 71 57 63 70 46 80 6 67 3 33 40 53 38 18 24 50 29 75 42 15 78 4 19 17 41 48 76 10 45 13 69 9 14 26 5 20 
54 61 2 9 72 52 59 21 13 37 64 14 46 50 73 66 43 3 7 78 17 5 12 10 68 15 35 4 49 29 77 6 20 65 80 55 44 40 26 74 28 81 25 31 62 38 45 23 18 42 27 8 32 60 39 67 11 16 48 36 79 57 63 56 75 47 1 58 22 69 53 71 24 70 33 51 76 41 19 30 34 
5 71 41 48 16 55 63 23 75 61 21 44 25 74 47 60 7 19 20 24 18 69 13 73 8 2 65 28 46 53 33 70 42 54 57 51 67 15 59 12 34 14 11 4 72 79 26 62 77 43 78 76 68 10 32 56 45 64 66 9 22 58 80 6 49 29 37 30 50 40 81 38 35 27 17 31 52 39 36 3 1 
22 37 58 59 19 38 4 66 30 53 9 16 44 68 1 81 71 25 52 50 34 75 61 32 72 57 27 62 21 31 80 73 12 56 28 29 7 51 43 3 40 42 67 10 35 54 8 6 78 45 33 70 55 65 41 60 69 74 79 13 17 18 11 47 36 2 24 26 76 39 14 23 5 49 63 46 15 64 48 20 77 
69 73 46 64 14 75 43 42 35 51 79 4 74 70 72 62 26 57 66 2 48 31 80 20 17 49 23 32 37 50 63 7 36 55 22 67 61 56 81 45 29 19 33 65 27 47 28 30 41 13 71 1 11 21 10 78 15 5 24 54 76 68 16 59 44 38 58 8 6 77 40 52 12 34 18 53 3 60 39 25 9 
71 9 25 65 20 67 45 79 31 48 69 43 60 36 18 5 24 2 81 12 19 39 56 30 22 13 73 78 61 8 42 47 77 68 38 11 49 52 63 53 62 66 46 50 15 44 34 64 14 23 32 74 27 17 40 58 29 26 21 1 7 75 4 80 55 37 16 3 57 10 35 51 59 76 70 54 28 72 6 33 41 
13 7 48 6 2 18 10 1 76 49 50 59 66 29 22 47 64 78 70 65 21 44 69 41 9 79 26 45 35 39 19 58 24 15 20 14 80 57 12 31 30 28 34 72 77 60 5 37 40 75 42 38 51 16 8 46 3 36 32 23 25 61 53 71 33 17 63 56 4 68 54 81 74 55 11 67 73 62 52 27 43 
52 54 33 28 77 34 39 24 8 38 45 23 55 14 32 40 58 12 78 53 25 35 67 11 46 36 10 66 43 5 17 65 27 41 3 72 18 6 76 47 59 16 44 21 4 31 9 79 19 62 57 80 63 29 64 20 70 73 81 50 56 51 2 15 42 74 49 60 13 48 22 7 30 26 68 1 75 37 69 61 71 
49 16 72 61 51 60 57 47 62 56 77 11 75 8 3 76 15 73 4 29 7 74 63 5 28 54 24 26 1 6 34 40 18 23 9 79 41 70 32 37 68 25 38 55 14 2 36 52 53 48 46 67 10 22 12 33 71 27 44 39 19 59 66 78 30 31 64 20 69 50 65 43 42 80 21 81 13 58 45 35 17 
17 70 40 27 68 44 80 32 12 63 19 31 21 6 54 33 65 41 58 45 59 55 42 1 37 8 15 81 52 69 13 51 46 48 76 53 71 64 39 5 24 73 60 74 78 35 4 20 7 50 3 26 43 66 38 30 77 57 72 22 49 28 14 62 9 75 67 25 18 34 11 61 56 36 79 2 16 29 47 10 23 
36 21 63 55 26 5 29 81 41 80 34 17 30 37 20 42 10 61 14 76 62 68 6 71 3 64 18 57 70 2 74 16 33 44 60 25 11 75 23 22 8 69 13 54 79 77 58 15 59 73 56 49 72 39 43 31 9 67 65 35 48 52 47 32 45 19 28 1 46 27 12 53 7 51 38 50 66 4 24 78 40 
23 11 78 74 50 3 15 53 56 67 39 35 28 13 27 7 46 52 33 16 38 40 77 51 43 60 47 54 4 64 75 59 30 71 10 49 26 48 9 20 2 36 17 58 1 12 76 68 81 18 61 69 25 24 6 63 42 34 37 80 62 55 45 73 29 41 70 66 21 72 79 5 31 65 14 19 44 57 8 32 22 
78 23 3 41 70 57 11 80 52 6 74 51 54 38 49 28 47 63 15 75 60 22 20 35 26 21 39 2 58 7 61 18 5 46 72 4 1 42 24 33 16 59 19 14 50 37 68 65 29 17 73 71 34 79 31 81 44 53 69 48 40 9 36 67 56 76 12 45 66 62 8 13 64 10 25 30 32 77 55 43 27 
77 36 35 17 21 20 2 72 63 58 81 78 5 48 43 45 76 4 56 10 1 23 52 3 41 47 9 69 64 37 70 79 53 73 8 34 54 28 55 7 6 75 32 29 25 51 44 33 60 11 38 14 39 62 30 61 12 66 80 19 68 24 13 31 74 59 22 57 42 71 27 26 15 40 16 49 67 18 65 50 46 
24 27 44 50 53 25 61 9 45 59 14 36 73 46 57 15 68 37 42 54 4 48 81 79 76 74 62 21 32 55 16 3 1 63 17 19 2 26 71 11 18 20 23 41 58 28 6 13 75 31 47 52 69 67 22 8 56 72 49 70 10 65 77 64 40 30 7 78 60 43 29 80 66 12 35 39 33 5 51 34 38 
79 42 12 66 15 14 37 28 74 34 24 33 7 1 75 31 11 10 43 73 57 8 38 77 36 5 69 13 30 76 44 25 49 45 59 56 40 27 65 61 35 72 64 51 60 41 2 50 4 81 22 18 23 48 29 62 55 71 47 67 46 54 26 20 32 68 3 16 70 52 17 39 53 21 9 80 63 19 78 58 6 
51 6 68 18 56 76 7 31 49 71 22 2 61 19 13 79 67 29 63 55 16 12 44 33 30 34 17 40 39 28 20 38 50 62 24 65 48 47 52 4 46 57 80 70 43 74 72 66 32 58 45 36 53 1 27 64 78 11 41 75 5 37 3 69 10 9 21 35 77 15 23 25 73 42 81 14 59 54 60 8 26 
34 40 75 5 47 43 26 73 67 62 25 30 32 80 65 20 52 8 64 28 68 29 66 18 58 59 14 15 77 81 71 10 74 6 31 27 3 21 49 44 45 22 78 13 63 70 55 56 54 9 35 12 19 42 23 39 2 60 16 7 38 50 51 36 53 46 41 4 11 1 72 33 61 48 57 79 24 69 76 17 37 
32 13 30 62 33 71 22 38 29 23 17 69 72 60 64 55 53 40 46 37 65 19 24 78 51 25 50 80 9 48 66 35 47 14 67 26 56 12 77 36 74 5 31 39 76 7 16 8 15 59 10 27 20 43 1 18 63 21 58 79 57 34 42 44 54 61 75 81 49 73 6 28 52 2 45 3 4 70 11 41 68 
19 55 69 54 8 65 60 58 16 41 3 56 39 9 26 27 77 21 31 13 61 53 72 6 80 70 71 36 11 52 12 42 23 33 68 57 15 17 67 81 73 62 10 38 66 30 24 5 49 78 40 25 46 64 45 4 76 32 43 59 14 35 74 2 79 48 50 34 63 37 51 18 22 47 20 7 29 75 44 1 28 
48 59 81 10 4 64 1 39 46 66 70 50 16 35 12 18 44 42 49 7 27 45 32 40 2 67 11 41 75 78 22 54 43 51 29 60 8 68 30 34 37 9 53 79 69 26 3 21 80 77 63 61 76 57 28 25 20 52 73 17 33 6 15 19 14 58 65 5 38 47 55 24 36 62 23 74 31 13 71 72 56 
53 74 64 20 69 11 14 16 70 10 65 58 18 67 24 39 5 47 23 26 49 1 75 62 57 29 44 3 13 68 50 66 52 32 43 78 9 81 41 42 25 55 36 37 33 48 15 40 31 80 6 17 77 27 76 45 4 54 51 8 21 63 59 30 19 72 46 12 56 22 7 73 28 79 60 35 61 34 38 71 2 
41 72 79 46 40 77 54 8 28 76 37 38 13 34 11 23 63 44 73 30 5 43 18 65 71 81 55 10 31 61 21 49 51 67 4 15 53 74 7 80 52 60 59 68 22 1 70 24 25 33 12 16 42 26 20 17 35 19 56 32 29 62 78 57 50 39 14 2 48 75 36 27 3 58 66 47 69 6 9 45 64 
25 30 9 51 61 62 18 68 48 31 40 45 71 79 60 50 6 43 11 80 69 4 46 72 52 58 13 7 26 65 27 20 44 22 42 37 35 23 78 73 12 21 14 19 24 32 10 36 8 28 54 64 47 56 2 34 33 39 38 57 66 67 70 55 77 63 29 74 41 3 76 49 17 5 59 16 1 15 75 53 81 
66 2 1 32 29 42 81 19 15 73 68 52 3 20 56 36 69 16 8 25 22 27 10 59 24 7 78 53 79 80 47 12 72 38 45 76 50 67 40 58 71 70 5 61 17 57 46 41 63 44 65 34 4 35 11 55 30 23 75 74 6 13 18 33 62 51 31 64 9 28 43 60 26 77 54 37 21 49 14 39 48 
12 76 45 63 49 7 24 34 6 64 80 26 81 42 53 70 51 48 41 19 35 47 14 21 54 17 66 55 28 36 40 8 71 75 33 59 72 1 29 2 4 15 39 32 3 62 38 43 50 74 58 22 9 18 52 37 79 68 60 77 44 25 31 5 23 69 61 65 16 20 10 67 46 73 56 27 78 30 57 13 11 
58 44 26 71 10 27 56 17 3 7 35 21 78 2 9 61 8 32 48 60 39 37 33 28 38 42 12 11 73 74 14 24 25 16 41 70 20 49 18 6 57 64 43 77 31 76 67 72 23 79 30 81 75 55 53 36 80 15 40 46 47 5 69 1 4 13 59 52 34 45 66 54 19 63 22 65 50 68 62 51 29 
57 22 73 33 59 4 36 52 5 77 12 46 15 17 14 54 66 28 16 32 64 20 2 61 74 76 6 48 81 30 23 56 35 18 39 1 34 38 79 63 75 13 62 45 8 21 29 53 3 51 68 19 60 69 58 7 50 65 26 27 72 49 9 37 11 42 80 44 71 78 47 40 43 31 41 25 55 10 67 24 70 
39 75 55 80 31 35 67 50 65 57 33 25 49 30 4 29 27 1 3 70 77 9 36 63 15 68 56 19 34 46 62 5 60 2 54 64 47 10 51 28 11 44 16 69 48 45 52 78 37 14 66 20 13 59 81 73 41 24 22 71 43 12 61 21 58 53 79 38 32 6 26 17 76 8 40 23 18 7 74 42 72 
37 47 21 38 60 78 23 13 43 75 41 72 19 59 62 74 55 22 50 34 79 51 40 31 67 45 53 17 63 9 57 29 69 77 58 6 46 76 27 54 65 56 26 66 30 73 71 61 39 5 49 2 7 11 14 3 1 28 64 42 16 10 48 25 8 24 15 68 81 35 18 70 44 20 32 4 12 33 80 52 36 
3 20 77 72 81 22 71 63 2 47 28 60 41 64 76 14 9 49 80 1 78 15 17 56 32 46 61 51 59 54 53 55 6 37 52 42 25 16 4 26 50 58 65 18 21 75 43 31 69 34 7 23 70 40 73 66 38 62 10 12 27 79 44 39 35 45 48 36 8 67 68 19 13 11 30 57 5 24 33 29 74 
30 31 67 68 9 40 42 61 19 5 66 75 70 62 15 16 81 50 76 23 45 58 3 37 60 38 2 29 47 43 28 48 17 12 21 35 63 73 1 39 51 8 54 52 46 78 13 18 6 20 11 32 79 14 57 65 36 33 77 26 71 22 72 10 59 80 74 24 53 4 44 55 25 7 69 34 41 56 27 64 49 
46 50 43 7 41 47 78 15 37 26 11 1 35 24 68 71 40 33 53 48 44 73 59 22 63 62 30 58 60 13 67 39 4 76 16 10 14 79 5 64 42 77 74 36 9 61 80 25 28 12 8 29 66 19 55 2 49 20 45 56 69 3 32 27 17 54 34 72 65 38 21 57 81 18 6 75 51 52 23 70 31 
62 35 53 13 48 21 34 51 69 8 58 79 4 25 2 67 3 65 55 27 72 49 70 19 10 12 57 64 50 56 38 26 78 1 40 75 59 44 17 66 22 37 71 33 41 42 63 74 24 54 76 5 36 30 80 9 39 43 31 11 52 23 6 29 7 18 73 14 47 81 61 15 32 28 46 68 45 16 20 77 60 
59 52 5 79 24 26 17 64 57 21 6 34 69 44 38 78 32 74 18 31 81 33 7 8 39 71 41 25 68 62 15 14 19 11 23 45 30 2 56 75 70 80 72 67 10 50 48 49 27 16 4 51 22 73 61 53 58 47 54 28 13 60 29 3 20 77 9 46 37 66 1 12 65 43 36 42 40 55 35 76 63 
4 1 10 8 32 16 74 11 39 55 18 7 56 27 52 30 42 46 21 35 28 67 43 29 47 26 20 22 41 57 79 36 80 70 69 5 19 34 68 78 15 12 81 6 45 9 77 58 72 65 2 3 33 37 24 51 75 59 76 14 63 17 64 49 31 40 13 50 23 60 25 62 48 71 53 44 38 61 66 73 54 
70 49 28 29 65 45 76 25 73 36 31 57 51 22 17 80 20 77 34 69 11 79 54 75 13 40 74 18 3 63 9 46 8 72 66 33 27 61 62 24 38 7 35 23 53 68 21 55 10 60 52 56 44 47 16 50 48 37 5 78 4 41 81 26 6 64 30 71 43 42 32 58 67 14 2 59 39 1 12 19 15 
44 14 23 12 27 56 55 33 38 19 48 54 29 61 39 72 37 13 9 36 66 77 16 68 6 24 51 49 65 71 31 34 32 81 73 2 57 43 3 60 76 11 40 20 28 17 64 67 26 35 59 53 45 46 18 21 7 25 30 15 74 42 1 41 70 52 69 22 5 63 75 78 47 4 8 58 62 80 50 79 10 
18 66 80 60 6 58 75 36 54 43 10 63 45 12 23 59 73 53 65 4 14 25 5 64 42 50 52 30 27 77 24 74 61 20 44 7 31 13 69 29 32 49 47 48 55 15 62 81 1 39 41 57 71 38 70 19 8 40 67 34 35 46 68 28 51 79 11 76 33 2 16 56 21 17 26 9 72 22 3 37 78 
################proper############## 

 average_time = 124.868252 

 success runs = 1 

 total average iters = 1800496.000000 
