Success!!! 
 
 max_col = 
 81 
 
 run_time = 
 37.549495 
 
 once iters = 
 414209 
 
36 45 71 66 28 59 63 43 72 22 70 7 15 46 78 11 56 53 54 21 13 12 76 25 75 52 42 35 80 65 47 57 55 74 73 27 10 41 1 39 19 50 62 2 4 79 61 24 16 14 26 20 51 9 64 58 37 3 29 33 40 60 5 81 48 68 77 31 17 67 30 34 6 44 32 18 69 23 49 8 38 
81 62 79 1 64 69 73 53 19 41 5 36 3 28 20 27 52 45 30 51 57 6 67 68 44 37 22 13 46 40 8 54 59 34 23 4 55 16 17 29 38 76 65 24 72 10 58 12 32 18 48 47 21 43 71 35 78 77 61 31 9 80 11 33 74 42 75 56 70 66 49 39 63 60 7 26 50 15 2 14 25 
56 12 13 24 55 74 20 51 50 48 54 62 4 71 58 30 80 38 14 10 5 40 17 41 2 26 65 18 33 1 28 63 61 79 72 9 60 15 68 69 23 6 35 3 8 67 25 53 78 59 75 37 46 19 47 81 57 49 32 76 44 34 52 21 27 11 7 73 22 36 29 45 66 31 39 77 43 16 64 70 42 
27 44 17 78 70 40 37 23 67 33 16 12 43 21 29 68 60 26 11 34 55 46 48 73 8 7 61 5 2 42 66 10 58 6 20 32 79 56 75 18 31 49 57 74 80 13 50 15 28 1 76 69 77 63 24 41 39 36 51 54 38 30 59 47 4 25 62 52 64 14 19 71 81 65 72 3 22 45 9 53 35 
18 4 8 61 11 15 38 5 57 31 24 74 55 13 65 44 51 34 50 32 43 69 23 59 70 49 77 30 3 53 21 37 48 25 39 71 28 63 26 58 42 64 33 9 81 66 41 45 17 60 73 72 35 7 79 12 68 14 27 56 62 22 16 76 20 46 80 54 6 1 2 40 10 52 36 67 75 78 19 29 47 
6 41 42 33 31 2 54 47 46 66 1 75 32 8 77 19 14 49 79 4 81 3 35 60 58 63 15 11 56 64 78 62 76 44 68 51 45 70 25 22 7 53 36 21 30 52 5 57 34 39 55 38 27 29 69 67 18 10 65 17 74 72 73 26 16 23 9 28 13 43 61 50 48 40 20 12 24 37 59 80 71 
9 77 76 75 16 14 7 60 29 63 10 64 18 79 61 81 42 23 36 38 39 1 56 28 66 72 45 50 31 24 52 15 69 26 49 22 27 37 73 40 67 59 43 11 47 80 30 74 8 44 68 70 62 71 48 13 6 2 21 20 19 46 25 65 12 53 41 78 35 32 58 3 34 51 55 54 5 4 17 57 33 
52 10 68 49 32 3 58 80 48 2 35 9 25 50 67 57 39 69 47 24 20 53 31 64 62 19 33 45 17 77 60 36 14 16 29 70 34 13 78 12 61 5 66 51 71 22 6 56 42 40 11 54 65 81 7 23 28 26 4 8 75 1 43 15 55 59 63 18 38 72 37 44 27 74 30 76 41 46 21 73 79 
65 34 21 22 25 26 35 39 30 59 17 76 72 40 73 6 37 47 27 9 80 16 74 78 18 71 29 38 67 12 43 41 19 81 75 7 48 54 44 77 14 46 52 32 20 3 36 4 64 33 2 23 31 49 42 45 55 70 66 50 63 53 15 60 10 79 5 24 69 8 57 51 56 13 11 28 61 62 58 68 1 
70 23 52 51 75 53 56 13 21 60 48 79 57 12 8 73 24 7 37 65 38 34 58 9 54 46 81 28 47 55 20 66 62 35 1 39 69 10 22 5 49 77 74 15 45 41 3 61 76 43 32 36 14 44 26 16 29 33 18 78 50 17 68 30 40 6 72 59 31 71 25 19 67 2 63 11 80 27 42 4 64 
78 7 20 60 41 65 79 50 42 71 11 80 63 29 62 33 70 22 39 61 48 77 28 47 53 74 43 32 25 67 17 34 23 8 2 14 21 46 52 26 54 75 13 4 6 56 40 16 72 5 19 59 64 27 76 73 12 1 35 69 24 31 37 58 15 44 57 51 18 10 66 38 30 36 81 45 55 9 68 49 3 
10 24 3 46 66 18 47 33 9 74 52 34 14 39 43 2 44 32 41 16 49 5 8 70 4 29 21 65 69 61 26 72 80 58 38 53 23 51 81 31 78 71 40 73 35 7 68 11 60 62 1 25 30 22 6 42 45 75 48 15 36 55 56 63 67 27 79 20 54 76 64 77 12 59 28 57 37 19 13 50 17 
80 55 25 35 39 77 31 16 36 27 26 18 19 37 54 46 20 81 60 67 14 71 7 2 3 30 13 73 22 45 40 51 12 70 15 75 32 72 43 24 28 79 61 34 41 38 4 29 58 63 17 50 33 74 57 59 64 8 5 9 47 21 23 53 49 78 68 65 42 48 11 62 1 66 10 6 76 44 52 69 56 
45 59 2 63 72 4 12 74 54 64 13 51 17 65 15 67 25 3 24 56 68 23 66 55 76 40 6 21 42 52 77 31 5 57 11 18 7 38 8 9 80 48 58 1 14 39 28 47 71 49 20 78 75 53 27 44 81 30 10 41 79 19 46 32 26 37 36 69 60 50 43 16 61 33 73 62 35 22 29 34 70 
68 40 14 48 22 81 19 49 69 58 23 4 61 31 42 28 78 76 32 52 62 15 27 35 45 36 75 44 16 29 64 7 43 63 54 50 20 59 66 25 60 30 55 47 39 57 10 6 37 9 34 80 13 65 67 11 70 71 3 74 2 51 38 73 56 33 12 8 24 17 46 1 21 53 18 5 77 72 41 79 26 
38 6 30 67 73 17 29 15 64 72 36 53 66 5 21 77 68 10 63 20 19 79 78 22 31 1 50 60 27 4 9 71 41 76 37 59 16 57 42 56 33 44 11 70 3 24 51 18 69 2 52 55 12 26 62 43 7 25 49 28 13 54 80 75 81 61 23 47 45 34 14 35 8 39 74 40 46 48 65 32 58 
44 1 43 5 26 32 71 34 62 69 9 45 16 56 55 50 59 41 10 73 72 64 42 57 11 51 18 36 19 78 6 30 79 46 33 49 68 2 12 76 17 29 53 27 37 48 15 70 67 35 81 77 8 23 63 22 65 40 60 61 66 58 20 4 21 80 13 39 3 28 52 74 47 38 31 75 7 14 25 24 54 
57 8 61 37 27 58 76 28 11 40 6 49 35 75 1 38 47 30 80 17 59 44 69 33 26 12 25 3 48 56 13 74 68 10 24 81 65 36 63 64 50 62 67 19 18 31 73 79 66 46 54 21 45 42 32 52 77 4 34 53 39 14 72 2 41 70 29 7 55 22 9 5 23 43 15 60 78 20 71 51 16 
26 56 10 25 15 23 72 54 3 77 60 1 67 51 53 32 79 35 43 78 58 63 19 31 36 68 71 76 6 38 46 16 64 73 9 24 66 48 2 62 74 37 8 61 28 14 17 39 55 20 13 27 34 75 12 29 4 11 7 45 18 59 42 22 57 50 40 81 47 80 21 70 5 30 41 49 65 69 33 52 44 
13 81 78 53 14 31 68 6 2 36 21 47 26 43 63 7 29 5 72 69 40 80 16 66 27 57 54 42 32 15 25 60 11 62 74 20 75 50 4 34 55 22 71 41 77 33 44 59 1 23 37 58 70 45 52 39 10 19 73 38 46 76 35 28 24 9 49 61 30 12 65 79 51 17 48 64 3 56 67 18 8 
49 16 29 45 79 55 8 70 33 68 3 58 71 66 52 24 11 57 20 1 4 18 59 21 32 47 62 19 10 80 48 43 13 36 61 65 42 39 64 78 46 60 76 12 56 5 7 9 6 77 38 40 22 73 17 14 50 27 30 34 53 74 51 35 44 69 2 67 37 75 63 41 25 81 54 23 15 28 26 72 31 
28 75 38 73 30 61 32 1 71 46 55 27 13 22 18 37 62 9 44 79 11 60 14 7 35 77 53 72 78 57 68 69 33 17 12 40 6 81 54 70 25 45 19 52 65 47 76 41 24 64 67 51 2 3 23 49 31 15 63 21 48 8 66 74 59 58 39 4 20 26 5 56 16 80 34 50 42 43 36 10 29 
19 50 74 36 65 48 52 40 27 38 78 41 70 15 75 45 61 16 5 37 24 55 51 12 42 2 34 71 53 28 4 23 56 39 59 67 30 7 3 49 63 80 21 35 9 46 31 8 29 69 57 81 66 10 68 64 54 44 72 22 26 47 79 77 76 13 25 17 11 18 33 43 58 73 62 14 32 60 20 1 6 
62 43 64 44 20 37 11 22 60 42 4 2 40 81 23 31 34 25 46 50 33 49 26 39 10 9 67 41 35 3 14 47 30 54 21 58 24 69 15 68 18 73 51 17 1 63 74 72 61 16 65 56 48 36 78 80 75 57 28 5 6 32 70 8 38 71 45 19 52 27 53 29 59 12 66 13 79 7 55 76 77 
34 58 51 39 42 21 41 9 5 8 72 10 76 48 56 69 19 59 74 45 65 17 6 38 64 75 52 79 63 31 7 27 49 1 66 77 43 47 23 57 13 11 44 29 32 62 80 26 30 50 12 68 18 28 20 25 71 61 16 2 81 33 67 14 3 55 54 15 36 78 73 60 53 35 4 37 40 70 24 46 22 
67 80 35 7 24 12 17 63 66 54 74 44 49 6 39 20 73 64 56 28 30 76 81 8 22 61 41 37 26 70 55 18 34 52 50 29 59 5 10 38 36 31 14 33 16 60 19 25 21 53 4 43 15 79 58 77 40 69 62 13 3 65 9 68 1 72 46 42 51 23 32 48 45 11 2 71 27 47 75 78 57 
47 46 69 18 59 57 4 77 76 50 33 30 12 17 80 14 28 65 70 48 15 29 73 13 25 23 3 2 81 51 45 75 44 22 8 5 26 20 67 53 40 58 72 79 27 32 54 35 52 71 42 49 78 11 56 60 43 24 36 37 55 41 1 10 31 7 66 62 16 6 34 64 19 63 21 61 38 39 74 9 68 
11 64 26 54 76 44 74 19 43 70 65 72 38 10 50 63 5 51 77 53 22 9 29 80 67 13 78 56 45 23 34 58 36 24 52 37 2 1 47 20 12 8 6 66 40 17 48 42 75 31 69 41 60 59 25 28 3 32 55 46 30 71 14 7 73 16 27 49 68 61 39 33 15 79 35 21 62 57 18 81 4 
16 79 77 55 40 29 62 24 52 13 45 60 69 23 4 71 48 31 12 66 75 28 1 76 51 6 17 67 18 14 53 49 21 59 78 72 61 58 57 3 15 54 73 25 26 2 34 65 68 8 43 32 5 20 36 7 44 42 9 35 64 39 47 46 80 63 30 70 19 74 81 37 50 10 22 41 33 38 56 27 11 
30 3 73 70 12 50 78 59 35 19 46 29 34 61 41 22 32 15 4 27 71 25 24 81 20 69 56 8 55 2 5 40 38 80 63 48 51 11 16 79 68 33 64 13 44 37 45 54 53 76 10 52 36 39 74 66 72 43 26 67 21 49 18 9 23 17 60 58 62 57 42 31 77 28 47 1 14 75 6 7 65 
48 67 63 34 80 20 10 56 49 55 27 37 1 59 12 25 16 44 19 33 47 72 5 74 30 18 11 69 68 39 35 77 71 61 79 3 62 4 38 41 52 32 7 36 76 28 64 81 15 13 22 57 26 78 31 75 73 17 50 23 70 24 8 6 14 65 43 21 29 2 40 54 60 42 45 53 51 66 46 58 9 
75 31 46 58 2 5 53 42 4 67 66 56 9 54 76 39 36 28 45 14 41 62 38 79 61 10 23 7 50 73 30 6 15 11 16 25 29 27 24 60 81 70 78 22 17 51 77 21 44 47 49 74 19 33 59 69 13 68 40 1 37 57 65 55 64 52 71 48 32 35 26 18 43 72 8 20 34 63 3 12 80 
39 72 9 6 37 71 25 81 32 35 30 57 62 68 3 21 77 79 42 40 60 58 63 36 34 70 7 46 75 44 33 26 22 65 13 64 18 53 14 74 48 43 31 10 67 29 12 38 23 66 16 73 1 55 15 20 61 80 45 52 27 56 4 50 51 24 76 11 8 47 41 28 2 49 69 17 54 59 78 19 5 
41 65 15 69 51 1 57 8 38 73 64 14 7 52 47 74 18 2 3 59 32 21 43 46 55 50 39 70 76 20 12 17 60 27 4 42 5 71 72 45 56 34 28 49 75 11 63 58 9 30 6 35 80 24 54 48 16 81 19 62 33 78 29 13 79 66 67 77 25 53 10 22 44 68 40 31 36 26 61 37 23 
7 18 22 27 61 13 60 36 68 26 8 33 6 11 49 17 53 75 73 54 37 65 15 48 57 35 64 62 66 47 31 28 9 51 81 43 19 23 69 80 21 63 39 42 55 40 46 14 25 70 72 3 56 50 77 5 76 79 41 12 58 10 2 59 34 45 4 1 78 38 44 20 74 29 52 24 16 71 32 67 30 
21 47 28 14 17 33 45 66 23 43 40 81 78 80 24 42 58 20 49 44 2 68 52 26 16 31 8 57 54 74 10 32 29 19 41 1 77 35 37 30 59 9 46 65 50 61 71 7 18 67 27 4 79 62 34 6 63 60 22 11 51 38 53 3 75 36 69 5 72 15 56 12 70 64 13 39 25 73 76 48 55 
24 68 27 65 7 75 50 12 58 49 80 40 74 73 25 59 57 1 33 23 78 81 37 51 38 32 2 39 20 36 56 52 67 29 60 69 71 3 62 6 43 66 22 54 63 26 70 48 13 42 8 31 61 41 16 15 35 72 79 19 11 5 17 18 30 34 44 9 14 55 77 46 28 21 76 47 53 10 4 64 45 
32 60 36 62 45 10 66 35 13 20 77 42 47 9 70 76 46 61 21 71 56 31 53 34 72 73 24 26 4 16 27 80 78 48 5 15 58 40 79 17 8 52 49 38 68 44 43 2 19 57 3 7 69 64 75 55 67 54 6 59 65 28 41 51 22 74 11 12 1 37 50 63 18 23 33 81 30 29 14 25 39 
71 11 57 4 43 6 55 72 81 75 22 23 79 64 7 62 33 19 29 30 70 36 18 14 50 41 69 9 40 34 24 68 28 21 46 45 76 12 60 48 53 47 27 39 10 77 65 80 35 25 78 1 74 54 61 2 42 58 37 3 49 44 63 16 8 32 31 26 67 56 17 13 73 5 59 51 20 52 15 38 66 
33 2 41 80 78 51 61 73 25 34 14 38 11 36 68 53 31 37 67 6 35 39 54 3 74 16 57 17 1 7 44 50 8 55 42 30 15 64 59 13 26 20 45 56 69 76 9 5 40 29 58 46 72 21 4 18 62 47 52 81 32 23 22 66 65 19 28 10 27 79 75 49 71 24 43 48 70 12 63 77 60 
74 26 39 52 8 64 46 31 53 65 18 15 50 16 71 4 10 24 62 13 12 48 47 5 7 79 28 66 59 19 37 33 75 77 43 35 14 21 55 32 11 23 9 30 42 27 81 60 20 36 63 17 68 51 38 78 56 45 80 70 73 25 34 69 29 54 6 2 76 58 72 61 41 57 49 22 67 3 1 44 40 
15 70 49 56 67 19 77 17 63 28 12 13 27 44 66 35 54 48 76 22 9 4 45 20 46 43 55 51 58 72 61 14 73 64 6 47 36 74 41 33 16 24 1 50 2 59 23 10 38 79 18 71 39 30 60 31 21 29 68 26 57 40 69 42 5 81 3 25 80 52 78 53 7 75 37 32 11 34 8 65 62 
14 76 1 3 69 47 21 18 79 52 43 39 2 55 5 58 67 56 61 75 17 42 49 44 19 60 66 10 74 63 71 25 32 53 62 41 72 31 29 65 34 81 80 77 78 12 22 37 50 15 28 45 11 4 33 36 51 20 24 30 8 13 7 64 70 73 59 38 57 40 48 23 26 27 9 16 68 6 54 35 46 
37 48 59 20 54 22 40 29 16 6 63 69 45 30 26 3 21 17 64 8 27 10 25 11 77 65 68 31 23 49 76 81 57 38 70 13 35 28 5 61 51 18 4 44 19 75 67 32 47 73 56 14 52 34 1 53 9 39 46 66 43 50 12 36 33 60 24 41 71 62 15 7 42 55 79 2 58 80 72 74 78 
42 9 23 30 5 28 34 38 44 32 29 8 51 41 60 78 81 72 59 15 26 52 80 1 63 58 40 54 12 18 65 11 3 2 22 79 37 75 7 46 73 57 70 67 25 55 24 62 49 6 33 53 16 66 14 74 27 64 77 10 71 48 76 43 35 21 20 68 4 39 45 47 36 69 19 56 13 61 31 17 50 
22 63 72 17 46 43 48 79 47 18 75 35 20 69 14 5 15 13 25 31 61 30 32 50 39 81 1 27 73 76 38 3 53 60 44 33 8 67 9 42 77 68 2 7 58 23 66 51 56 54 21 62 49 6 29 37 26 12 78 16 10 11 57 24 19 64 34 55 59 70 74 52 4 45 65 80 71 36 40 41 28 
4 30 58 10 33 8 14 44 18 29 62 54 81 53 16 26 65 42 71 72 64 24 77 63 21 5 9 47 34 43 80 70 52 67 57 36 40 55 49 27 41 28 25 6 51 20 32 22 45 7 31 12 38 37 19 3 1 66 59 39 76 68 13 48 2 56 78 75 46 73 23 69 79 61 50 15 17 11 35 60 74 
55 15 40 64 71 80 42 45 24 44 73 25 68 67 51 61 4 60 69 74 76 26 13 17 14 3 20 1 41 32 19 22 81 9 35 21 56 79 18 16 65 10 59 23 43 36 39 46 11 58 70 33 47 48 72 34 8 6 53 49 77 75 62 38 66 28 50 57 63 54 31 27 78 37 29 52 12 2 30 5 7 
66 5 16 9 68 56 1 41 77 7 32 11 39 78 46 8 72 55 58 47 42 43 12 6 80 34 10 74 14 13 62 64 4 31 48 61 53 29 76 15 75 36 38 69 57 50 60 28 63 65 30 2 59 52 35 70 23 67 54 40 25 45 71 20 37 22 18 44 21 33 79 17 24 19 51 73 26 49 81 3 27 
61 32 7 57 53 38 27 69 59 9 71 28 37 47 31 79 3 21 8 36 45 75 68 29 15 67 60 20 5 25 18 12 66 40 10 78 4 52 34 54 72 74 81 62 22 64 42 19 41 80 77 24 76 16 2 50 48 51 44 63 17 73 58 49 11 26 35 6 65 30 1 14 39 46 56 55 23 33 70 43 13 
76 36 60 31 34 52 13 11 6 10 19 17 48 49 33 70 30 74 55 2 23 57 65 37 40 54 51 29 77 50 58 79 46 69 71 68 64 61 45 66 39 26 12 63 73 25 18 78 27 81 35 8 53 14 21 24 38 56 42 32 5 4 28 72 43 62 47 3 41 7 80 15 75 22 1 9 44 67 16 20 59 
29 25 19 12 81 35 65 62 20 23 59 50 80 45 38 43 6 40 78 49 52 56 22 18 73 4 79 16 39 11 2 8 24 7 28 54 1 17 33 37 70 13 30 46 21 71 55 34 3 75 44 26 57 72 9 27 69 74 14 36 41 15 61 67 68 76 51 32 58 5 60 10 64 48 77 66 47 42 53 31 63 
73 37 70 74 3 39 51 26 28 1 41 77 56 24 36 66 2 58 38 35 46 7 62 27 59 11 19 6 65 75 49 45 63 30 17 23 44 78 32 47 20 14 50 48 60 15 69 40 10 61 9 5 29 67 80 33 22 55 43 79 52 64 31 12 53 4 16 13 81 42 71 25 57 76 68 8 72 54 34 21 18 
2 54 50 23 49 67 75 21 78 12 57 22 52 34 27 64 76 63 28 70 44 66 33 16 41 53 48 55 72 59 15 42 51 37 26 56 80 24 71 19 35 3 5 31 11 43 79 68 73 17 74 13 4 1 46 47 60 65 20 18 7 81 30 39 9 77 61 29 40 45 36 8 62 25 58 69 10 32 38 6 14 
5 78 44 77 35 25 2 20 51 14 53 52 65 70 45 72 12 6 22 39 3 67 79 23 48 27 31 64 15 41 69 9 54 50 55 62 11 19 36 73 47 21 24 81 34 74 37 43 59 10 29 18 7 60 30 61 80 38 13 4 56 16 49 1 28 8 42 40 26 63 76 58 33 71 17 46 66 68 57 75 32 
8 57 53 21 9 72 33 37 45 81 58 71 24 77 59 55 38 50 40 7 63 35 10 61 47 56 36 78 11 68 70 29 27 5 30 2 41 14 80 52 22 17 54 20 46 49 1 69 62 51 64 79 67 15 44 32 19 23 75 6 42 18 26 31 13 3 73 66 39 16 12 65 76 4 25 43 48 74 60 28 34 
40 42 56 81 1 76 15 65 17 61 31 48 54 33 79 29 69 11 57 25 16 13 50 19 52 24 5 53 8 71 3 73 74 20 36 80 70 62 35 51 6 4 68 75 23 58 26 44 39 32 66 30 28 46 43 72 41 21 47 14 78 7 27 45 60 38 10 37 34 49 55 67 22 9 64 63 59 18 77 2 12 
79 39 62 26 38 73 3 67 41 47 42 46 36 2 30 60 74 43 34 68 18 78 72 4 29 80 32 12 28 17 51 24 65 14 76 66 49 9 13 44 58 16 37 57 33 8 21 75 54 55 45 22 63 56 10 40 52 48 25 64 15 77 81 11 50 35 53 71 61 20 59 6 31 7 5 70 19 1 27 23 69 
31 14 55 13 6 70 59 10 7 4 15 63 28 62 32 40 75 80 26 58 77 20 60 45 1 38 46 81 21 37 16 61 25 49 34 44 12 65 74 2 3 27 79 72 64 9 52 33 57 19 71 48 50 76 11 51 17 5 69 73 22 66 24 23 78 41 56 36 43 68 18 30 29 54 42 35 8 53 39 47 67 
50 71 18 19 74 63 23 48 22 21 68 26 64 27 57 56 49 73 2 43 69 51 75 62 28 76 44 58 52 46 32 67 1 4 31 10 38 66 40 8 30 15 60 55 61 81 47 20 77 11 5 42 6 25 53 9 59 34 39 65 35 12 36 17 7 14 70 33 79 29 54 24 72 41 3 78 45 13 80 16 37 
60 27 54 16 47 49 64 4 12 25 34 3 23 76 35 13 17 8 6 11 66 59 30 15 65 14 70 75 43 79 42 56 7 45 19 26 63 18 48 71 32 39 10 28 53 68 72 31 80 78 24 61 41 40 37 46 33 62 67 29 1 2 50 44 77 5 22 74 9 81 69 57 20 58 38 36 21 51 73 55 52 
46 29 11 43 52 24 28 75 80 39 37 16 22 20 9 18 1 66 53 42 8 41 55 54 49 21 74 48 13 33 72 59 35 23 47 6 67 77 31 7 76 78 69 26 5 4 14 73 65 38 36 34 17 12 45 68 58 63 71 57 60 70 3 25 62 51 15 64 2 19 27 32 40 50 61 79 56 81 44 30 10 
58 66 34 32 36 68 69 30 61 5 51 67 41 19 44 10 7 78 81 64 73 33 9 71 12 17 37 63 38 22 57 39 40 18 77 60 25 42 50 1 45 56 29 43 59 35 27 13 70 3 53 16 23 2 8 76 20 28 31 55 54 79 74 80 52 48 21 46 75 4 47 72 14 26 6 65 49 24 62 11 15 
72 49 5 40 44 78 9 14 37 11 79 20 29 60 6 41 13 12 52 55 36 73 21 56 69 66 4 61 64 58 39 1 17 28 53 31 3 25 51 10 62 38 23 80 70 54 33 50 74 22 46 75 42 35 18 65 32 16 76 47 67 27 19 34 71 57 81 30 48 59 8 26 68 15 24 7 63 77 43 45 2 
1 33 12 76 18 60 6 7 31 80 61 65 75 25 28 52 27 67 51 3 29 38 39 49 37 64 35 77 9 30 22 19 45 71 40 34 17 32 11 55 69 2 26 14 79 21 8 63 5 41 59 10 24 47 81 56 53 46 23 68 4 42 48 70 54 43 58 72 15 44 16 73 13 20 78 74 57 50 66 62 36 
69 38 66 15 57 27 39 58 34 3 49 59 8 35 19 9 22 14 68 62 53 50 11 42 24 20 47 25 60 10 73 46 26 33 67 52 78 76 77 36 71 72 48 45 13 30 29 1 12 4 23 6 43 70 40 21 2 41 64 51 61 63 55 56 17 18 65 80 74 31 7 75 37 32 16 44 28 5 79 54 81 
35 19 4 79 50 41 43 68 74 37 47 55 58 26 2 48 63 18 31 76 7 32 71 40 81 15 12 23 51 62 59 38 72 78 80 16 57 73 27 21 9 65 75 8 54 69 56 66 14 28 60 64 44 77 5 17 36 52 70 25 34 20 39 29 61 67 33 45 53 24 13 42 3 1 46 10 6 30 11 22 49 
64 73 45 29 21 62 24 3 75 53 76 43 5 1 74 16 23 33 18 19 6 22 46 65 13 44 14 68 37 54 63 20 42 32 27 11 47 30 56 28 4 7 15 40 31 34 2 17 81 72 61 9 71 57 49 8 66 35 12 80 59 26 78 52 69 10 55 79 50 77 51 36 38 67 70 58 60 25 48 39 41 
23 22 81 11 48 46 30 52 70 51 39 21 42 32 10 34 40 62 75 5 1 8 61 77 9 25 59 15 57 35 79 13 18 56 65 55 50 33 53 67 29 41 20 37 49 73 16 3 36 27 7 76 58 80 28 54 24 31 74 71 45 43 44 78 6 12 38 63 66 60 68 2 17 47 14 19 4 64 69 26 72 
25 28 47 59 13 42 67 61 8 17 7 73 44 4 81 15 50 71 16 80 54 70 57 30 60 48 27 49 36 66 29 5 2 75 69 12 74 6 39 43 64 19 63 68 24 78 62 55 26 45 79 11 32 18 3 38 14 22 58 77 72 9 10 37 46 40 1 35 23 41 20 21 52 56 53 34 31 65 51 33 76 
20 51 80 71 77 54 26 55 10 78 56 68 30 57 69 36 45 70 17 63 34 74 2 67 43 33 72 14 24 6 81 48 50 41 7 76 46 44 58 59 5 12 18 16 66 53 38 49 31 52 15 65 25 13 73 79 11 37 1 60 29 62 75 19 47 39 32 22 28 64 3 4 35 8 27 42 9 21 23 40 61 
53 17 65 2 63 36 16 32 56 24 38 31 46 72 64 54 66 77 23 26 28 45 41 10 79 78 58 4 70 21 74 44 47 43 3 8 22 34 61 81 1 35 42 60 52 19 20 67 48 37 51 39 40 68 13 57 30 50 15 7 69 6 33 27 25 49 14 76 5 11 62 9 80 18 71 29 73 55 12 59 75 
77 74 48 8 4 79 18 25 65 56 81 70 21 58 34 23 55 39 35 60 51 47 20 53 71 59 30 40 29 9 67 76 16 68 32 17 52 80 19 50 24 61 3 78 36 45 57 27 2 12 41 15 54 38 22 10 46 13 11 72 14 37 6 5 42 75 64 43 44 69 28 66 49 62 26 33 1 31 7 63 73 
59 69 67 41 62 66 70 76 39 16 25 24 31 74 48 65 71 54 9 46 10 2 34 52 33 42 73 80 7 26 36 4 37 13 14 38 81 43 30 75 57 40 32 53 15 18 11 77 51 56 47 44 20 58 50 1 5 78 8 27 12 35 45 79 63 29 19 23 49 3 22 68 55 6 60 72 64 17 28 61 21 
54 20 32 28 19 7 80 27 14 62 69 61 53 63 72 47 64 4 48 18 79 37 70 75 5 55 16 34 44 81 50 78 6 12 45 74 39 8 65 11 2 1 77 71 38 42 49 76 33 24 40 66 10 17 41 26 15 9 56 43 68 36 21 57 58 31 52 60 73 25 67 59 46 3 23 30 29 35 22 13 51 
12 52 24 38 58 34 36 2 15 57 28 66 10 3 11 51 9 46 1 77 21 27 44 32 17 62 76 22 71 5 54 35 70 72 64 19 73 68 20 14 79 67 41 59 7 6 78 23 43 26 80 63 37 8 65 30 49 53 81 42 31 29 60 61 39 47 74 50 33 13 4 55 69 16 75 25 18 40 45 56 48 
43 53 37 47 23 16 49 64 26 79 44 32 73 38 22 75 8 36 15 29 31 54 3 69 68 45 80 24 30 48 1 2 77 66 25 57 13 60 6 63 10 51 56 5 62 72 35 71 46 21 14 67 55 61 39 4 74 59 33 58 28 52 40 41 18 20 17 34 7 65 70 11 9 78 12 27 81 76 50 42 19 
17 21 75 42 10 11 5 46 1 45 50 6 33 14 13 12 26 52 65 57 74 19 40 43 56 22 38 59 61 27 41 55 31 3 58 73 9 49 28 72 44 69 47 76 29 70 53 30 7 68 25 60 81 32 66 63 79 18 2 24 23 67 64 62 36 15 48 16 77 51 35 78 54 34 80 4 39 8 37 71 20 
3 35 6 68 60 9 81 71 55 30 20 5 59 7 37 49 43 29 66 41 67 61 4 58 78 39 63 33 62 8 75 65 10 42 18 46 54 45 70 23 27 25 17 64 12 1 13 36 22 74 50 28 73 31 51 19 34 76 57 48 16 69 32 40 72 2 26 14 56 21 24 80 11 77 44 38 52 79 47 15 53 
51 13 31 72 29 30 44 57 40 15 2 78 60 18 17 80 35 27 7 81 50 14 36 24 23 28 26 52 49 69 11 21 39 47 56 63 33 22 46 4 37 42 16 58 48 65 59 64 79 34 62 19 3 5 55 71 25 73 38 75 20 61 77 54 45 1 8 53 12 9 6 76 32 70 67 68 74 41 10 66 43 
63 61 33 50 56 45 22 78 73 76 67 19 77 42 40 1 41 68 13 12 25 11 64 72 6 8 49 43 79 60 23 53 20 15 51 28 31 26 21 35 66 55 34 18 74 16 75 52 4 48 39 29 9 69 70 62 47 7 17 44 80 3 54 71 32 30 37 27 10 46 38 81 65 14 57 59 2 58 5 36 24 
################proper############## 

 average_time = 37.549495 

 success runs = 1 

 total average iters = 414209.000000 
