Success!!! 
 
 max_col = 
 81 
 
 run_time = 
 39.214483 
 
 once iters = 
 427065 
 
77 14 67 81 76 66 24 68 43 22 32 26 12 72 59 61 41 7 53 31 5 51 35 6 52 60 78 30 9 2 69 33 37 29 57 25 34 40 13 17 79 36 21 70 42 20 3 1 75 46 58 74 19 11 80 15 50 54 18 62 55 16 71 45 39 44 49 10 4 38 27 65 28 63 8 56 73 48 47 23 64 
8 50 1 45 65 72 60 16 47 35 31 53 20 46 19 62 70 28 23 75 25 63 4 67 3 34 7 10 80 58 36 56 52 14 64 21 33 37 74 27 76 57 39 11 32 41 13 54 77 61 38 49 15 6 59 30 42 17 22 48 78 73 44 71 2 43 66 68 29 18 12 81 26 55 40 79 9 24 69 5 51 
80 53 62 19 31 69 79 78 9 51 55 65 4 38 49 24 47 50 17 8 33 10 46 13 77 81 30 35 39 12 40 66 45 54 61 73 6 48 22 2 23 67 28 52 56 71 70 25 5 37 26 43 44 18 7 72 64 34 60 63 27 68 3 21 15 14 32 58 11 36 41 59 42 76 29 74 57 16 1 75 20 
49 34 30 12 58 6 63 38 23 73 5 27 54 18 68 44 71 3 24 47 22 19 21 43 37 62 70 15 11 7 4 79 28 32 77 51 8 25 14 9 78 1 46 69 75 56 60 72 55 52 39 40 16 2 67 13 57 20 81 74 29 45 10 64 61 48 33 76 80 26 42 17 36 35 53 66 65 59 31 41 50 
36 21 29 20 61 74 4 17 75 77 56 69 48 16 45 67 23 10 18 11 41 42 65 59 1 9 27 31 26 5 60 13 43 49 8 72 73 80 64 38 81 55 44 3 47 32 62 24 14 30 34 50 12 53 2 35 52 76 66 6 58 28 40 57 79 63 19 51 37 7 22 70 68 71 39 33 54 78 46 25 15 
39 3 22 73 71 5 18 10 42 33 43 63 6 66 37 34 58 13 32 56 28 80 74 79 38 20 40 75 65 59 68 48 76 78 50 24 15 62 31 72 16 51 41 19 45 57 17 67 81 21 64 29 4 7 36 9 77 69 11 12 8 25 26 1 53 23 47 60 54 46 35 55 70 49 2 61 30 44 52 14 27 
59 46 41 28 54 56 55 11 40 42 78 57 1 17 25 39 2 60 15 29 64 26 69 36 58 71 14 47 44 22 23 70 27 81 20 67 50 12 61 35 49 24 30 66 7 73 63 31 48 76 79 68 8 33 75 4 53 51 65 38 21 19 43 74 13 52 77 34 16 6 9 5 62 18 80 72 3 37 10 45 32 
13 64 25 7 26 35 70 15 32 8 52 40 80 74 36 81 11 76 2 49 54 48 39 66 12 44 57 62 1 46 71 19 18 16 55 34 63 59 65 10 29 53 68 20 77 42 51 9 22 69 78 27 45 47 5 24 37 23 14 79 33 41 61 56 73 50 30 31 75 28 3 72 17 4 58 60 67 38 43 21 6 
48 52 51 27 57 2 44 33 37 15 29 14 30 79 21 9 75 64 50 76 72 61 55 68 73 16 45 17 38 6 41 42 3 53 74 63 58 4 54 26 43 71 5 60 18 80 66 65 23 28 59 36 10 35 46 70 39 32 1 31 56 49 47 20 40 8 69 25 24 67 78 62 34 11 7 19 22 77 12 81 13 
29 40 36 11 48 18 25 62 2 7 28 21 75 32 61 5 6 52 16 70 81 46 73 58 72 41 20 22 66 19 65 63 60 10 33 31 24 42 43 59 57 37 74 77 68 35 49 76 54 27 71 12 51 4 39 8 38 13 45 56 67 3 55 17 78 69 14 79 9 23 47 15 53 34 50 64 44 26 80 1 30 
16 70 23 31 30 52 54 65 8 81 20 47 58 42 12 11 77 80 29 33 13 9 24 45 71 6 44 18 2 39 48 17 1 68 14 37 62 19 46 53 55 15 67 79 25 64 78 36 41 50 56 21 7 34 69 57 59 72 43 40 63 4 66 26 10 60 3 74 27 22 5 38 75 32 51 73 49 76 28 35 61 
68 15 9 34 43 79 13 20 53 40 27 67 38 35 63 18 76 69 28 32 74 36 77 64 47 61 51 78 29 41 7 54 12 59 81 5 65 3 6 11 72 70 10 14 50 66 55 62 33 60 45 23 22 80 37 73 49 25 26 75 30 44 17 31 19 46 4 52 1 42 57 39 58 16 24 2 21 8 56 48 71 
42 10 46 22 4 81 19 28 3 31 1 2 41 14 74 72 36 71 54 26 75 78 17 18 76 37 56 23 61 62 73 24 50 35 45 47 29 27 66 34 39 58 63 38 80 77 59 11 30 6 15 20 25 79 16 5 48 60 32 21 65 51 52 53 43 64 8 33 13 49 44 7 57 69 70 12 40 67 68 9 55 
27 24 60 55 39 14 21 35 49 56 68 46 26 37 54 16 15 9 10 22 59 66 40 50 5 48 3 77 36 64 75 44 51 4 58 6 47 69 78 33 17 8 1 23 20 19 72 63 38 53 13 32 57 42 76 7 29 70 2 81 61 74 12 30 41 71 28 80 67 11 34 73 65 79 31 52 43 45 25 18 62 
56 5 63 59 17 61 37 76 38 70 73 62 39 53 34 64 44 49 42 19 7 67 12 11 57 80 31 55 30 72 28 21 8 40 43 79 45 71 41 13 18 60 52 35 48 26 69 16 68 75 1 14 65 74 27 23 47 10 78 20 24 77 9 32 51 2 58 50 25 29 54 6 46 66 81 15 4 22 36 3 33 
50 78 71 72 33 64 77 51 6 48 19 25 66 30 43 4 10 45 49 27 38 1 8 34 55 63 35 3 67 32 15 69 11 52 46 57 22 21 26 36 7 5 40 28 73 44 2 47 61 9 24 70 58 29 79 14 80 68 41 54 42 53 31 12 56 62 75 16 65 81 76 18 74 59 20 37 39 13 60 17 23 
26 75 47 80 45 41 58 44 57 78 23 33 22 8 3 60 29 17 25 69 39 43 2 52 65 79 15 53 70 56 74 20 9 34 16 13 32 76 49 4 51 30 12 61 81 28 73 10 40 67 37 5 18 31 6 46 11 62 71 1 50 64 35 59 55 24 21 48 36 72 68 66 19 27 54 77 42 14 63 38 7 
74 67 7 32 73 12 66 1 69 55 24 13 51 59 50 65 57 79 21 62 23 68 53 4 30 14 60 38 49 26 27 71 80 42 25 76 16 2 56 31 75 64 54 9 44 81 48 46 17 8 52 3 39 43 33 22 15 58 34 36 28 18 19 70 20 35 40 77 63 45 61 37 6 47 78 29 10 11 5 72 41 
78 37 20 40 3 7 59 74 15 67 41 8 31 34 18 70 50 51 44 38 61 56 60 80 11 28 12 63 25 24 17 5 4 65 54 68 19 32 21 81 47 52 66 30 35 36 79 77 43 48 72 73 26 55 64 10 23 14 69 58 22 2 62 29 6 75 53 13 46 76 49 71 27 42 57 39 16 1 45 33 9 
34 22 38 33 16 62 50 66 52 10 79 36 78 77 40 46 30 26 19 71 20 31 25 8 45 1 13 2 76 3 11 32 70 12 73 29 48 51 72 15 5 49 56 80 74 23 27 60 4 58 81 35 64 68 57 55 41 53 44 18 6 37 63 54 28 42 61 65 21 24 39 9 67 43 69 14 75 47 17 7 59 
53 45 49 64 51 65 75 13 39 69 15 81 71 58 57 32 61 27 14 67 26 76 42 2 16 54 34 56 46 33 55 80 30 60 79 23 41 77 3 7 73 10 59 1 4 24 9 5 20 18 6 47 40 37 11 74 70 38 36 8 48 43 28 52 72 66 63 22 68 17 50 25 78 21 35 44 31 12 29 62 19 
24 19 11 29 60 57 72 42 73 49 22 45 62 5 56 52 38 14 27 6 79 53 63 51 10 69 75 39 15 61 1 78 81 13 21 43 17 16 23 50 20 44 18 37 31 59 28 80 32 25 33 8 2 70 9 65 66 77 7 3 12 46 67 40 47 55 36 35 58 4 30 48 64 26 34 76 71 41 74 68 54 
41 81 69 21 14 9 35 55 17 53 80 1 73 20 60 28 74 25 72 65 36 3 47 7 62 46 24 48 18 31 26 6 58 44 37 8 67 78 63 79 68 54 75 22 70 16 76 50 71 19 42 39 66 57 61 45 30 59 56 15 13 29 27 34 23 33 5 43 12 32 64 2 51 77 10 49 52 4 38 40 11 
30 54 6 44 67 63 2 25 4 66 7 9 65 29 64 42 43 21 22 23 15 58 37 70 18 40 55 16 75 34 49 57 47 77 59 35 61 36 71 12 24 28 76 53 38 13 52 45 11 74 51 17 69 1 20 39 26 78 31 5 68 33 72 62 14 27 41 56 10 19 60 8 81 80 79 48 32 3 50 46 73 
1 32 28 79 77 80 26 36 10 44 16 23 47 68 55 17 37 63 81 21 48 59 64 41 43 33 29 27 42 53 72 74 7 66 71 45 39 11 40 69 2 34 25 46 9 49 14 30 65 31 12 61 38 62 52 54 75 19 35 60 4 50 76 78 67 73 51 18 3 20 70 57 5 15 13 8 24 6 58 56 22 
46 18 48 43 56 47 12 58 70 11 13 6 3 76 24 35 4 39 57 9 78 30 66 5 68 49 32 69 19 36 14 62 22 51 52 50 27 60 29 65 45 26 8 64 33 54 44 15 34 10 63 41 67 75 81 80 17 73 40 42 71 21 79 16 7 37 38 59 77 74 1 31 23 61 25 53 55 28 2 20 72 
71 68 5 61 8 31 23 27 76 2 59 48 19 12 72 54 33 75 73 52 4 35 50 74 39 17 77 40 64 20 9 38 10 41 67 28 42 55 57 43 58 62 14 6 13 78 21 7 46 3 53 22 29 56 1 32 24 16 47 25 49 34 51 15 26 80 81 45 79 44 11 69 18 37 63 70 66 60 65 30 36 
19 66 34 4 55 37 53 72 63 21 57 54 46 28 9 30 20 81 67 73 77 33 3 40 74 26 25 13 27 1 44 61 6 76 24 49 2 5 75 41 15 47 36 10 58 31 56 51 62 79 80 38 11 59 22 60 32 48 12 71 69 39 8 65 29 7 16 14 35 78 52 68 43 17 45 50 23 18 64 42 70 
35 1 52 71 13 43 28 79 20 74 72 32 60 55 26 69 53 62 41 46 10 11 6 61 51 58 23 70 7 65 78 3 19 39 22 48 57 18 45 30 64 42 9 50 29 68 81 12 49 63 36 34 5 77 44 66 31 56 4 17 59 24 80 25 38 40 76 8 47 15 67 33 14 2 75 21 27 54 16 73 37 
69 16 2 74 38 11 39 6 78 61 75 76 45 27 13 49 1 41 5 60 57 62 29 55 31 4 9 12 47 52 53 64 15 56 42 32 23 81 20 25 46 22 79 68 17 7 18 71 67 72 66 65 54 19 34 51 10 33 50 73 3 70 14 37 80 58 44 24 30 43 59 21 40 8 77 28 48 36 35 63 26 
73 27 26 51 40 24 7 47 12 52 18 50 59 10 16 56 3 78 35 20 8 65 81 42 15 22 17 80 21 43 46 4 55 36 68 38 76 72 70 62 44 14 53 31 54 48 45 39 13 1 41 25 30 32 23 37 2 5 79 49 77 61 58 69 11 6 64 66 71 75 63 28 29 57 67 9 33 74 19 60 34 
15 48 45 18 10 76 57 64 14 6 70 12 23 24 31 43 67 33 75 72 49 21 7 44 80 38 36 5 69 8 25 37 77 79 34 66 4 1 59 63 74 73 19 71 65 52 58 28 60 29 50 53 9 3 54 40 35 46 62 27 16 78 41 81 42 26 17 61 51 55 2 22 39 20 56 30 11 68 13 32 47 
67 36 50 5 70 30 8 54 65 34 37 71 40 51 47 19 14 22 45 13 68 79 1 48 64 24 43 28 62 57 2 9 75 73 29 60 52 61 12 16 38 80 26 27 6 17 20 33 21 35 23 46 78 44 74 42 63 81 25 11 7 76 15 39 32 77 31 3 56 10 18 49 72 53 4 41 59 69 55 58 66 
32 58 81 77 46 60 56 80 33 39 63 68 44 25 73 29 42 38 34 59 52 47 76 54 27 2 50 26 35 17 16 11 74 71 31 18 55 67 51 37 28 66 78 48 21 8 10 43 64 22 40 69 14 15 72 19 20 75 30 53 1 6 45 41 9 36 57 23 70 79 4 13 24 7 65 3 62 61 49 12 5 
75 29 59 68 42 21 62 3 22 64 58 17 7 15 2 48 80 4 69 53 14 71 70 32 19 66 39 20 23 30 45 81 40 50 63 41 43 56 11 77 35 33 24 49 8 47 57 6 26 16 73 76 37 61 28 67 55 65 9 13 36 38 18 5 27 74 72 12 34 60 46 54 1 25 44 10 51 52 79 78 31 
17 23 31 25 41 44 49 9 61 79 8 5 11 65 35 36 66 77 78 28 63 16 30 12 56 18 37 59 33 54 10 58 67 72 51 14 60 13 7 40 32 3 69 39 34 55 75 70 74 42 4 2 24 27 68 29 43 21 52 26 47 57 64 73 1 45 62 53 50 48 19 20 38 46 22 71 15 81 6 80 76 
9 38 40 37 23 28 78 5 36 26 34 20 69 31 58 57 56 66 52 42 35 72 15 30 49 67 80 19 14 16 79 8 54 22 32 11 10 41 27 76 70 2 81 13 53 60 12 75 63 51 29 24 6 45 25 21 62 1 46 4 74 65 73 48 59 18 71 64 43 3 55 61 33 50 47 7 68 39 44 77 17 
79 69 24 3 59 48 34 26 80 62 12 61 18 33 46 15 28 1 77 16 56 81 14 75 32 39 8 7 50 47 43 53 23 57 49 65 30 44 38 20 60 17 45 73 37 4 35 52 19 55 2 58 74 54 40 36 72 9 68 64 41 71 5 51 31 22 25 29 66 63 6 27 13 10 21 78 76 42 11 70 67 
60 17 57 50 63 39 33 70 25 30 53 55 42 54 10 8 35 43 38 48 47 12 62 1 22 74 61 52 20 21 31 68 73 64 76 4 75 34 16 78 65 19 15 32 51 46 36 18 28 56 9 79 71 41 3 69 13 11 59 44 37 23 77 24 5 72 67 7 49 2 40 45 80 6 14 27 26 58 66 29 81 
21 44 4 53 1 77 76 22 67 47 39 52 32 48 23 79 27 37 66 3 55 50 19 9 60 25 63 71 72 29 5 40 36 17 18 30 35 7 68 28 33 31 62 43 26 69 16 64 10 81 65 59 42 78 12 6 45 49 24 14 80 54 57 11 46 34 56 73 15 70 13 58 61 51 74 38 41 20 8 2 75 
11 42 10 14 6 55 15 71 19 45 76 60 63 73 22 13 5 29 79 78 69 20 41 65 28 31 64 24 74 67 3 34 38 9 12 59 21 66 36 54 61 56 50 58 40 27 43 8 53 7 32 44 68 30 70 2 51 18 33 39 81 47 75 80 37 1 35 4 52 77 17 26 16 48 62 25 72 23 57 49 46 
52 73 72 54 35 20 41 32 31 4 71 74 64 49 11 51 9 16 46 68 43 27 5 23 2 45 53 42 28 37 62 25 44 58 1 39 80 79 69 48 3 18 6 67 24 15 77 66 76 70 57 13 33 26 17 56 8 7 61 50 19 10 29 14 75 21 60 78 81 47 38 12 55 30 59 40 36 63 22 34 65 
62 8 64 2 7 16 30 29 58 14 3 78 72 81 67 50 68 6 37 17 44 13 59 21 33 76 73 51 77 75 56 60 66 70 69 26 46 47 25 74 71 9 57 55 49 1 38 40 80 34 61 11 31 23 63 27 22 28 42 52 43 15 48 36 54 20 79 39 19 41 65 10 45 12 32 4 5 35 24 53 18 
47 49 61 13 75 45 65 46 81 25 17 70 36 7 41 21 24 19 58 18 29 40 71 26 54 51 4 6 55 80 33 10 78 48 27 2 59 63 52 23 11 39 77 8 12 50 5 22 73 14 3 37 20 72 32 34 60 66 76 67 38 35 16 44 68 57 9 30 74 62 53 42 31 56 28 69 1 64 15 43 79 
66 74 68 56 18 51 43 12 27 80 44 38 77 75 65 2 59 40 7 24 34 70 10 57 36 11 6 45 13 63 81 15 35 61 41 46 64 22 42 14 4 29 72 5 1 25 39 49 47 17 48 67 62 21 58 31 79 30 20 55 53 26 78 33 76 16 50 32 8 69 28 23 73 3 37 54 60 9 71 19 52 
65 62 12 76 21 1 42 81 13 19 46 7 10 60 32 47 8 48 6 55 66 17 57 3 9 78 68 61 51 49 58 23 29 30 2 33 71 35 15 73 36 11 34 44 72 40 64 74 24 38 69 63 70 52 41 20 18 43 16 28 45 31 25 27 50 4 54 5 14 56 37 79 22 39 26 75 77 80 59 67 53 
2 55 35 8 19 68 64 69 44 20 42 39 57 3 70 37 12 54 65 7 18 41 11 22 50 77 71 81 24 14 52 67 26 1 56 78 13 31 79 21 27 75 47 40 28 72 29 61 36 15 49 16 32 60 30 62 5 80 6 34 23 59 33 66 48 51 43 38 53 9 74 63 25 73 76 17 45 46 4 10 58 
54 30 39 52 53 50 38 59 28 24 35 77 56 21 62 58 25 74 8 15 12 32 31 47 46 75 48 41 3 79 34 16 69 45 17 70 37 6 81 68 1 78 2 76 5 14 23 42 51 57 20 71 43 22 66 64 61 27 29 9 73 67 4 55 44 10 13 49 60 80 26 11 7 40 33 65 19 72 18 36 63 
5 33 32 17 15 58 3 63 56 1 6 64 79 71 75 68 69 61 80 25 67 49 20 72 40 23 62 50 73 35 76 43 57 38 4 22 77 30 39 19 54 46 7 74 52 9 34 41 27 65 55 10 53 8 47 26 81 44 51 2 14 13 24 18 16 70 59 42 45 21 29 36 11 28 12 31 78 66 48 37 60 
10 72 43 75 80 34 71 4 26 27 30 49 50 67 14 78 22 23 59 61 70 74 79 63 13 5 81 60 6 44 42 28 53 21 62 20 12 17 58 32 25 69 65 33 16 18 68 73 66 11 47 45 77 48 38 52 76 37 55 7 57 56 36 19 3 31 46 40 39 8 15 1 54 29 41 51 64 2 9 24 35 
23 20 37 47 9 40 11 14 74 76 36 41 53 13 29 31 18 59 30 2 19 54 28 39 35 73 16 46 10 15 77 27 48 8 65 64 26 38 4 51 80 45 22 42 66 5 25 58 79 62 75 1 56 67 49 71 21 63 72 69 60 32 68 6 12 78 7 17 57 33 24 34 44 81 52 43 50 55 70 61 3 
61 7 66 6 22 73 51 45 48 43 2 28 34 52 38 33 16 44 4 58 24 60 56 69 29 53 76 25 71 68 37 55 59 80 40 36 70 9 67 8 63 41 49 18 64 3 30 17 50 26 31 54 46 13 19 75 78 12 39 10 15 1 11 35 77 81 23 72 62 65 32 47 20 5 27 42 74 79 21 57 14 
31 77 78 24 27 36 29 60 79 65 11 66 15 9 81 73 45 55 33 51 1 34 52 37 26 43 42 72 5 18 32 75 63 74 19 54 56 57 50 3 14 23 61 62 10 6 4 59 7 12 44 80 21 39 53 17 58 35 70 22 40 48 46 2 64 76 20 41 28 25 71 67 69 68 38 13 47 49 30 8 16 
18 57 16 49 25 70 67 41 46 63 4 51 17 80 5 40 26 72 36 64 45 44 38 14 21 27 10 66 12 13 47 31 39 7 11 9 20 24 48 55 53 59 43 29 60 33 37 35 2 78 19 28 81 76 77 3 74 42 54 65 79 8 50 68 58 30 73 69 22 61 75 52 32 23 15 6 34 56 62 71 1 
28 2 75 42 47 78 48 67 16 5 45 31 33 50 76 80 19 35 62 57 71 25 43 38 4 65 11 8 58 27 29 1 46 6 13 52 44 20 77 24 10 81 64 17 59 22 53 37 72 68 60 51 55 40 56 63 36 3 21 30 32 9 39 49 18 54 70 26 61 34 69 74 66 41 73 23 14 15 7 79 12 
72 25 3 46 49 4 36 18 66 29 81 37 21 23 69 74 65 12 63 35 60 45 51 24 53 10 79 44 56 42 30 39 62 15 9 19 1 68 34 6 41 76 71 16 57 38 7 78 59 77 43 52 75 20 31 48 73 40 67 33 54 22 70 50 8 17 11 47 5 64 14 80 2 13 61 55 58 32 26 27 28 
6 79 44 10 81 38 40 19 51 72 25 11 68 1 77 3 49 57 26 41 2 23 67 28 17 15 52 33 53 45 63 22 14 24 70 12 69 39 60 18 50 32 58 56 62 21 61 34 35 47 30 9 13 73 78 16 71 64 74 76 20 66 37 7 36 65 27 55 42 59 43 29 4 54 48 46 8 5 75 31 80 
33 56 55 69 11 59 74 50 35 60 62 18 8 6 51 38 54 30 61 34 3 29 80 77 42 47 1 37 68 78 20 73 64 31 48 71 36 70 2 5 26 25 27 72 19 76 32 57 15 39 17 4 23 66 13 28 65 52 58 46 75 14 7 9 45 79 24 21 40 12 16 41 49 67 43 22 63 53 81 44 10 
57 63 14 62 5 26 52 7 29 36 9 42 61 47 4 27 34 46 39 81 30 55 54 19 8 32 58 76 60 23 21 65 41 11 38 10 79 73 37 75 12 43 31 51 67 70 74 48 16 44 18 6 3 28 15 49 25 45 80 24 35 17 1 22 66 13 2 71 20 53 77 78 59 64 72 68 56 40 33 50 69 
20 39 13 23 37 71 27 21 41 59 64 10 16 43 15 14 17 67 40 5 31 22 44 49 6 72 18 36 32 77 57 47 34 55 75 74 38 52 28 66 30 7 48 54 78 2 8 79 25 80 46 33 63 65 26 11 12 50 53 61 51 42 69 4 60 19 68 81 73 35 58 56 9 62 1 45 29 70 3 76 24 
12 43 15 1 32 8 17 30 64 58 26 22 52 63 78 71 55 20 48 74 9 69 68 73 70 13 66 54 59 28 80 49 2 18 72 7 53 14 35 46 40 4 23 47 61 11 24 19 56 45 5 42 50 36 29 81 6 41 27 77 10 79 34 76 62 3 39 67 44 31 33 75 21 60 16 57 37 25 51 65 38 
58 80 77 70 34 22 9 61 45 75 48 73 24 39 28 53 32 56 76 14 37 7 27 16 59 50 21 43 40 51 66 26 79 69 5 17 3 74 8 29 42 13 33 65 11 67 41 81 31 49 54 64 1 12 60 38 4 55 23 68 44 62 2 10 25 15 52 63 6 57 72 46 30 36 19 35 18 71 20 47 78 
76 65 73 60 24 53 68 31 54 13 40 44 70 41 79 66 7 2 12 36 46 64 75 20 78 56 33 67 81 4 50 35 16 25 3 61 49 15 9 45 22 63 80 21 55 29 26 69 58 71 10 62 27 14 8 18 19 47 57 43 5 72 59 38 30 28 1 37 48 51 23 32 77 74 17 11 6 34 42 52 39 
40 11 76 63 69 27 5 56 18 50 47 30 2 45 1 75 46 31 51 44 53 6 9 29 34 21 65 79 8 70 67 59 42 3 78 16 74 23 33 61 19 48 37 26 41 10 80 32 39 64 22 81 28 71 43 77 68 57 13 72 62 58 38 60 24 49 15 36 7 73 25 14 35 52 66 20 12 17 54 55 4 
14 47 79 65 64 25 6 53 7 12 51 3 55 22 80 20 81 8 1 66 40 15 36 60 48 68 2 49 43 73 13 50 72 75 44 58 9 45 76 71 59 21 17 63 46 62 11 4 29 24 74 56 34 38 18 78 54 26 10 35 70 52 42 61 33 32 37 27 23 39 31 77 41 19 5 16 28 30 67 69 57 
51 71 17 26 74 32 73 48 72 57 10 19 35 69 33 76 60 5 47 54 80 4 78 31 14 30 28 68 45 81 18 12 24 23 6 15 25 8 53 70 67 38 13 2 39 58 42 55 3 59 27 77 52 46 65 50 7 36 64 37 34 20 49 63 22 56 29 62 41 16 66 44 79 75 9 1 61 21 40 11 43 
45 61 80 30 50 13 16 49 21 54 66 34 25 70 6 77 62 68 3 43 42 75 72 56 20 19 22 4 17 74 64 41 71 46 10 69 81 65 55 57 52 27 32 24 15 37 47 23 12 2 14 7 73 63 51 59 33 67 5 29 11 40 60 58 35 9 26 28 38 1 79 76 48 44 18 36 53 31 78 39 8 
55 31 19 15 78 29 22 39 34 23 74 43 49 44 48 59 64 24 71 12 76 37 58 62 41 8 46 65 57 60 51 52 20 27 7 40 11 28 1 80 77 16 42 4 36 30 33 26 9 54 35 18 17 25 45 79 14 61 63 66 2 75 21 67 81 53 6 70 69 5 10 3 50 72 68 47 38 73 32 13 56 
4 12 70 41 52 3 81 57 62 9 21 72 28 36 17 63 13 42 55 45 73 38 18 33 23 35 67 29 31 25 39 77 32 26 47 1 14 43 30 58 66 68 60 7 22 61 40 20 6 5 8 19 79 69 48 44 56 74 15 16 76 27 53 75 71 11 78 54 2 50 80 51 37 65 64 24 46 10 34 59 49 
43 60 54 36 20 42 10 24 68 32 67 58 37 61 53 7 78 11 64 77 17 39 26 27 81 57 59 21 34 38 35 2 5 28 80 56 51 50 44 49 62 40 73 12 79 45 31 13 1 66 76 75 48 16 55 41 3 22 19 23 9 69 30 72 65 47 74 46 18 52 8 4 15 70 71 63 25 33 14 6 29 
37 35 58 9 2 67 46 23 59 16 38 4 29 40 39 26 73 18 70 79 32 5 61 25 69 52 49 14 48 11 19 76 33 63 66 53 31 54 10 64 56 72 20 75 3 65 50 44 78 36 21 15 41 51 71 1 28 24 8 47 17 80 6 43 34 68 12 57 55 13 45 30 60 22 42 62 81 7 27 74 77 
38 28 33 66 44 75 1 8 77 71 14 15 27 56 52 41 79 65 11 50 16 24 13 10 63 7 74 9 54 55 22 30 61 37 36 62 5 29 18 47 34 6 35 78 69 53 67 68 57 43 70 72 60 49 4 25 46 39 73 32 31 12 81 42 21 59 48 19 17 40 20 64 76 58 3 80 2 51 23 26 45 
70 41 8 35 28 15 20 40 60 68 77 79 43 57 30 6 39 58 74 80 27 18 34 53 24 42 26 73 16 10 54 72 31 19 23 75 7 64 32 44 9 12 55 25 14 51 1 38 37 4 62 66 47 81 21 33 69 2 3 59 46 36 65 13 63 67 45 11 76 71 56 50 52 78 49 5 17 29 61 22 48 
7 4 18 78 66 19 47 75 11 41 60 80 76 64 20 23 51 34 68 40 6 28 16 35 67 36 54 57 63 50 59 14 25 2 26 27 72 10 62 56 48 79 29 45 30 39 22 3 42 13 77 31 61 17 73 12 1 71 37 70 52 5 32 46 49 38 65 44 33 58 21 24 8 9 55 81 69 43 53 15 74 
64 26 27 48 62 10 45 37 30 46 33 16 74 2 44 55 31 32 13 39 11 14 49 17 7 3 38 34 52 9 61 29 21 20 60 81 54 58 80 22 69 65 4 36 23 12 19 53 18 73 28 78 76 24 35 47 67 8 75 41 25 63 56 79 57 5 42 15 72 68 51 43 71 1 6 59 70 50 77 66 40 
22 9 65 58 29 46 32 34 71 18 61 75 14 19 42 12 48 47 56 37 51 77 45 81 66 59 72 11 79 69 6 36 68 5 30 44 78 49 24 1 8 74 70 41 76 63 15 21 52 40 16 26 35 50 62 43 27 4 38 80 64 55 13 23 17 39 10 2 31 54 7 53 3 33 60 67 20 57 73 28 25 
63 51 74 67 68 17 61 52 5 38 49 35 81 4 8 22 21 53 43 30 62 2 32 71 75 55 69 1 37 76 24 18 13 47 15 42 40 26 19 60 31 20 3 57 27 79 54 56 45 33 25 48 36 10 50 58 9 29 28 78 39 11 23 77 70 41 80 6 59 66 73 16 12 14 46 34 7 65 72 64 44 
3 76 42 57 12 23 80 43 24 17 54 29 13 26 71 25 63 36 60 1 21 73 22 78 44 70 41 32 4 48 8 7 65 67 35 77 28 33 5 39 6 50 38 59 2 75 46 14 69 20 11 55 72 58 10 53 16 15 49 45 66 81 74 47 52 61 34 9 64 27 62 40 56 31 30 18 79 19 37 51 68 
25 6 56 16 72 54 31 73 50 28 69 59 9 62 7 45 40 70 20 63 65 57 23 76 61 29 19 64 78 66 38 46 17 33 53 80 18 75 47 52 21 77 11 15 43 34 71 2 8 41 67 60 49 5 14 68 44 79 48 51 26 30 22 3 74 12 55 1 32 37 81 35 10 24 36 58 13 27 39 4 42 
44 13 21 39 36 49 14 77 1 3 50 24 5 11 27 10 72 15 31 4 58 52 33 46 79 64 47 74 41 40 12 45 56 62 28 55 66 53 73 67 37 35 51 81 71 43 65 29 70 32 68 57 59 9 42 61 34 6 17 19 18 7 54 8 69 25 22 20 78 30 48 60 63 38 23 26 80 75 76 16 2 
81 59 53 38 79 33 69 2 55 37 65 56 67 78 66 1 52 73 9 10 50 8 48 15 25 12 5 58 22 71 70 51 49 43 39 3 68 46 17 42 13 61 16 34 63 74 6 27 44 23 7 30 80 64 24 76 40 31 77 57 72 60 20 28 4 29 18 75 26 14 36 19 47 45 11 32 35 62 41 54 21 
################proper############## 

 average_time = 39.214483 

 success runs = 1 

 total average iters = 427065.000000 
