Success!!! 
 
 max_col = 
 81 
 
 run_time = 
 108.167060 
 
 once iters = 
 1594497 
 
4 18 47 42 69 12 77 57 8 1 44 79 27 75 52 67 35 60 11 36 49 51 13 3 65 10 29 32 24 54 15 53 66 43 70 78 28 17 31 9 21 16 37 58 72 59 19 2 5 39 73 33 48 20 23 38 34 7 22 63 25 81 68 46 56 14 74 62 41 50 30 40 6 55 64 76 45 26 61 80 71 
60 10 14 5 51 52 76 20 48 7 29 12 74 9 59 80 15 11 77 73 62 58 43 56 46 50 24 2 18 28 67 61 44 30 37 72 69 36 68 41 32 63 55 39 35 40 45 49 4 21 71 34 6 25 70 13 31 57 26 3 1 66 19 42 33 16 53 64 75 65 17 23 54 38 27 22 79 81 78 47 8 
54 72 78 31 79 36 62 1 2 20 45 30 66 25 42 70 53 24 64 52 6 27 14 26 76 59 34 22 69 38 39 74 81 35 10 4 61 7 23 40 73 77 43 5 57 65 67 12 47 16 8 15 58 37 17 80 71 41 18 49 56 29 46 11 55 60 13 21 51 9 68 28 63 33 19 3 50 32 44 48 75 
35 41 46 27 71 70 28 40 17 3 47 57 54 5 68 58 38 34 39 9 45 37 21 16 74 81 53 79 14 6 62 49 80 36 23 31 22 8 26 33 20 76 60 64 50 56 13 61 44 1 78 29 7 55 51 52 48 65 32 75 24 30 72 19 59 66 12 2 63 69 77 4 73 10 67 18 25 11 15 42 43 
37 33 44 3 23 45 65 50 7 10 31 55 63 49 28 78 72 56 35 5 57 32 47 61 38 12 15 25 19 73 76 20 75 42 1 51 24 66 80 2 29 18 11 13 34 64 69 81 54 30 9 22 46 79 59 14 74 4 6 62 67 58 40 27 71 52 43 48 70 26 39 8 60 68 41 21 36 17 53 77 16 
11 25 16 81 55 53 73 39 22 8 69 19 17 71 37 65 77 21 54 80 4 40 31 2 48 41 75 46 13 59 60 29 52 27 63 3 47 56 51 45 67 30 15 6 62 32 28 38 18 68 70 26 10 74 64 44 76 79 50 33 42 43 12 36 78 72 24 61 5 57 35 49 23 9 7 1 20 66 58 14 34 
24 34 32 38 9 30 63 74 80 64 4 51 18 50 2 13 46 43 68 72 71 28 70 17 66 42 22 11 8 33 57 26 16 58 41 7 27 54 59 19 78 49 53 81 48 31 23 75 14 62 77 76 52 3 45 15 55 61 21 73 60 36 47 25 44 79 6 67 20 10 29 1 69 39 40 65 12 35 56 37 5 
13 64 43 49 21 66 15 26 56 41 32 73 6 76 23 61 39 62 1 30 44 63 69 33 67 19 7 50 40 17 34 68 45 55 9 48 65 52 3 75 12 71 25 79 14 80 57 24 27 72 35 60 36 42 8 16 77 20 10 78 11 53 5 54 18 38 81 22 47 31 37 58 29 74 4 46 2 51 59 28 70 
75 58 19 29 68 59 6 67 61 36 81 48 16 40 33 14 26 22 79 55 60 23 20 78 18 25 8 47 64 56 12 77 71 21 5 65 46 42 44 70 4 10 74 38 1 50 66 17 63 41 11 43 53 51 28 39 27 2 69 37 9 35 54 15 76 7 73 32 3 80 45 34 31 13 30 57 72 62 52 49 24 
77 68 48 58 29 20 75 14 67 11 51 39 72 34 81 47 78 23 12 19 38 69 30 73 22 40 60 63 1 42 45 71 21 16 50 26 79 2 24 74 5 53 18 37 6 76 17 8 70 36 49 56 9 52 27 31 43 10 57 32 4 15 33 3 13 64 65 46 66 35 41 59 80 61 44 55 62 25 7 54 28 
12 31 7 79 60 27 36 10 54 33 17 71 42 29 67 19 20 3 43 66 64 25 63 11 51 32 44 75 76 40 23 41 62 57 53 24 21 4 34 16 69 47 50 49 59 48 15 46 30 18 61 35 80 13 22 26 1 73 45 77 14 56 78 52 68 70 8 81 55 38 28 39 58 6 5 2 74 65 72 9 37 
23 50 39 53 24 73 11 38 34 13 46 21 65 7 36 30 60 27 58 33 28 8 2 52 72 54 31 61 70 43 80 55 59 78 22 44 10 77 12 63 45 17 41 71 15 51 1 74 3 19 66 14 32 57 29 48 16 81 40 69 64 49 18 47 6 5 37 9 62 42 76 25 79 67 75 35 26 68 4 20 56 
61 40 55 52 35 37 41 28 43 54 70 76 48 62 44 9 80 63 74 67 23 26 5 68 20 24 21 77 30 79 25 13 18 15 17 10 39 22 29 58 38 73 46 56 36 75 4 16 34 42 72 31 45 60 7 66 47 6 3 65 59 12 71 50 53 27 49 11 57 2 69 33 19 81 32 8 78 1 51 64 14 
8 16 63 25 66 42 22 2 46 53 41 43 49 18 6 37 5 40 7 81 59 3 17 9 35 77 56 58 65 74 64 48 12 31 19 29 60 13 54 26 27 1 62 33 32 79 44 67 50 55 68 78 73 24 72 11 75 28 70 39 52 23 80 51 34 71 4 14 61 20 21 15 76 45 47 38 10 36 69 30 57 
17 74 57 19 56 62 30 6 78 66 77 22 10 1 8 26 68 52 71 42 50 48 4 45 55 75 13 81 73 69 47 2 34 28 49 33 3 72 64 14 40 65 80 67 43 5 11 58 59 25 38 54 20 23 9 76 37 60 51 53 35 41 61 79 24 36 44 12 32 16 63 7 27 15 18 70 39 31 29 46 21 
64 13 26 76 81 15 49 9 70 57 74 38 59 55 56 75 16 14 37 6 65 41 80 79 78 29 46 27 60 32 20 72 4 39 66 11 19 30 35 51 52 61 31 25 68 63 53 7 28 2 43 69 47 21 36 24 42 34 44 67 5 62 8 18 10 22 58 45 17 48 1 54 12 77 3 23 71 50 33 73 40 
18 3 51 47 80 72 5 45 21 4 2 31 50 69 73 32 28 25 10 76 36 39 53 1 34 15 61 7 54 35 37 46 68 6 52 14 44 78 48 66 11 8 57 9 70 12 62 64 81 33 29 27 71 65 74 63 20 13 79 58 19 38 55 23 40 30 77 43 67 56 26 75 16 41 59 17 22 49 42 24 60 
69 1 65 59 32 4 44 33 71 15 35 61 45 64 24 12 58 79 49 47 70 57 27 62 16 18 14 38 5 51 36 67 9 56 3 8 20 81 42 55 23 7 75 28 76 39 26 10 77 22 37 6 40 41 54 17 21 50 68 25 2 46 30 29 80 74 72 31 73 60 78 19 66 52 13 53 63 43 34 11 48 
47 45 6 17 42 32 37 23 1 80 16 77 58 57 38 69 62 10 56 51 68 35 41 25 14 60 9 55 52 48 3 33 40 24 39 2 11 59 20 65 31 34 67 61 54 53 76 63 12 64 75 81 30 43 15 72 44 78 73 70 21 74 29 26 19 28 7 5 27 18 22 13 71 8 46 50 4 79 49 66 36 
68 48 49 7 19 61 39 79 60 65 55 23 52 54 9 1 43 53 17 18 42 81 44 75 5 21 2 69 31 27 22 30 8 72 25 16 13 29 37 78 50 32 71 35 46 70 56 15 80 10 34 77 4 47 62 67 12 26 76 40 36 45 28 74 58 73 59 57 38 3 6 66 41 14 11 20 24 64 63 33 51 
25 80 58 43 15 40 13 31 72 34 63 36 32 79 41 73 48 71 26 59 11 76 64 30 69 27 52 18 67 47 66 37 28 77 56 53 14 75 19 4 55 3 39 22 12 42 65 60 45 5 62 2 29 8 24 6 51 35 16 7 20 50 57 49 46 21 17 10 54 68 33 9 81 1 61 44 70 23 74 78 38 
62 38 70 66 41 71 53 63 69 14 30 11 20 2 72 7 56 61 32 22 31 10 1 19 6 13 73 49 29 12 42 54 50 68 81 58 16 15 27 79 47 36 33 40 8 46 74 59 57 37 28 23 26 48 77 5 64 55 39 34 3 4 60 78 67 24 51 52 25 75 44 43 45 18 17 80 65 21 35 76 9 
46 11 5 56 18 81 52 44 65 51 76 59 22 39 15 3 31 4 67 28 66 53 33 47 50 63 79 70 10 71 41 19 78 34 6 13 43 48 21 17 74 24 45 26 64 54 16 20 55 38 40 68 27 14 37 9 30 25 8 1 75 69 49 72 29 12 61 35 80 23 36 62 57 58 42 7 32 73 77 60 2 
27 9 8 50 74 29 34 3 12 44 28 24 75 70 45 18 64 17 15 39 61 38 40 77 37 4 49 21 35 7 59 80 57 65 14 46 66 23 5 6 51 58 68 73 42 67 72 11 36 13 33 32 1 78 2 71 81 47 48 19 10 79 63 20 60 41 56 76 53 30 31 69 22 54 16 25 43 52 26 62 55 
10 2 21 77 64 35 67 55 20 74 13 33 37 27 25 5 8 46 72 78 29 45 57 48 24 34 58 76 38 36 26 17 11 23 73 9 63 62 81 18 28 60 1 70 44 71 49 6 79 69 22 61 51 7 52 41 65 31 54 59 66 80 43 16 47 4 40 42 50 39 32 14 15 12 53 75 68 19 3 56 30 
14 24 75 26 30 76 54 51 28 40 68 67 35 78 49 21 42 12 36 70 43 80 62 7 8 46 16 45 44 4 63 15 20 74 32 60 72 53 2 52 57 69 38 77 25 41 73 31 9 50 19 3 66 58 18 22 13 11 17 23 33 61 56 64 1 37 79 65 81 55 71 48 59 47 6 34 5 39 27 10 29 
59 78 36 16 33 22 57 4 73 19 60 81 47 66 50 29 6 26 23 3 20 54 12 65 71 74 55 5 51 1 43 79 61 62 64 75 7 49 41 10 56 9 30 76 80 17 24 21 35 52 44 18 25 39 38 27 58 32 46 14 53 68 42 70 8 34 15 77 2 63 11 45 40 37 72 28 67 69 48 13 31 
29 35 12 57 2 5 9 16 59 61 56 68 77 73 75 40 21 48 44 63 58 19 46 54 31 70 26 15 45 25 27 34 60 33 42 67 64 32 55 39 14 62 78 23 37 52 47 66 13 43 41 4 11 69 79 53 38 36 81 10 51 24 7 65 30 50 80 49 22 17 20 76 28 3 74 71 1 6 18 8 72 
20 36 72 40 48 14 19 80 81 47 79 6 78 32 74 42 51 28 5 65 3 56 15 59 64 61 25 9 50 66 71 21 76 52 16 35 73 43 30 53 49 67 69 7 27 10 75 34 38 8 17 1 24 45 55 23 11 58 33 22 26 13 4 77 54 68 57 63 37 29 62 18 46 60 2 41 31 44 70 39 12 
66 8 62 55 26 64 18 25 33 67 12 13 11 36 54 34 4 44 78 48 40 1 23 42 9 30 41 3 81 2 14 7 39 53 24 69 50 10 47 76 15 31 70 29 45 61 79 56 16 6 20 71 74 63 5 57 46 75 59 68 49 17 35 58 27 32 28 72 60 43 38 73 37 80 65 52 21 77 22 51 19 
79 22 27 61 4 39 3 49 30 63 50 20 80 58 1 10 17 45 75 35 51 73 8 76 77 28 67 59 46 44 72 70 41 40 12 18 56 26 74 38 13 19 48 42 60 25 64 78 32 9 7 57 37 62 21 54 6 14 65 2 34 16 31 69 11 55 23 15 52 33 24 71 68 5 36 47 66 29 43 81 53 
65 54 10 37 73 24 17 43 76 49 14 27 55 35 26 15 71 19 4 68 32 6 36 29 45 7 81 74 80 78 5 31 63 79 8 30 41 1 61 28 75 12 40 18 52 72 3 77 33 58 53 46 50 22 48 42 60 70 20 64 39 44 67 66 2 9 47 13 21 59 25 51 38 16 34 69 56 57 62 23 11 
6 67 74 60 77 75 7 32 53 43 52 5 46 16 18 2 59 72 33 27 21 62 71 38 10 11 37 13 57 55 49 65 51 61 20 23 25 35 58 80 34 22 3 66 17 14 12 73 15 48 31 30 68 81 69 40 29 9 28 8 50 47 41 39 4 44 36 56 19 1 70 79 24 63 78 42 54 76 45 26 64 
51 23 71 21 52 68 69 42 13 30 25 70 81 41 62 76 29 57 53 17 39 34 72 24 43 20 74 28 37 26 54 47 77 48 38 22 5 46 4 36 2 79 63 8 11 49 59 55 19 27 60 65 44 80 1 45 61 12 66 56 73 18 32 31 75 40 64 16 10 78 3 6 67 35 33 15 58 14 9 7 50 
78 46 15 45 63 58 31 41 44 38 9 53 60 23 64 22 69 37 55 57 79 66 50 13 47 14 12 43 36 29 56 11 32 17 4 1 77 16 72 68 81 33 6 24 65 18 54 51 2 40 21 28 39 70 71 19 52 3 27 30 80 76 62 34 74 35 42 26 8 67 7 5 49 48 10 73 61 20 75 59 25 
70 56 28 1 50 34 38 47 11 31 33 65 39 8 3 66 24 7 52 49 22 60 18 80 2 16 69 6 62 75 19 10 58 73 68 64 9 44 57 59 71 20 51 54 21 23 42 76 29 35 36 67 5 26 78 43 25 72 63 15 74 37 77 81 12 48 46 41 14 45 61 53 4 32 79 27 40 13 30 55 17 
49 5 25 12 62 8 51 75 68 26 64 37 13 38 63 41 2 1 50 7 10 17 24 27 81 80 18 16 58 3 74 22 55 11 72 77 42 69 14 73 36 70 21 15 66 6 20 9 60 67 46 45 57 59 32 30 39 33 78 48 23 34 65 28 43 47 76 54 44 79 56 35 52 40 71 4 19 53 31 29 61 
44 42 34 54 53 10 70 17 57 75 58 3 76 61 47 49 19 39 31 15 78 59 38 6 73 67 45 29 43 52 21 62 36 8 13 12 18 74 7 5 30 23 22 20 24 68 14 25 69 56 1 48 2 32 66 77 72 71 64 4 79 27 51 33 65 63 60 55 26 40 9 46 11 28 35 81 16 37 80 50 41 
63 66 13 9 76 6 72 71 26 29 21 56 8 43 79 54 36 51 28 37 55 16 77 23 4 57 64 80 53 30 10 45 42 47 61 27 52 25 60 35 19 44 65 17 31 73 81 41 24 49 15 5 33 50 46 70 2 1 58 74 62 40 11 38 7 67 34 69 78 12 14 68 32 20 48 59 3 75 39 22 18 
41 29 50 80 14 67 78 37 45 23 18 46 7 33 34 60 81 77 48 74 52 30 56 66 36 44 51 40 79 65 70 63 15 75 26 49 68 11 9 57 53 13 32 12 55 62 61 3 43 28 39 47 42 71 16 35 22 17 31 20 6 59 76 73 72 58 10 1 4 19 64 2 8 25 38 5 69 27 24 21 54 
74 52 24 32 28 77 20 60 47 27 40 9 4 59 31 17 22 80 3 79 76 21 34 69 68 49 1 23 7 39 33 73 14 38 48 6 54 71 67 72 64 56 2 10 78 35 18 65 51 12 58 8 70 16 75 36 57 15 19 81 45 5 25 37 41 42 62 53 11 61 50 29 55 44 43 26 30 46 13 63 66 
31 55 35 33 40 43 4 22 18 6 78 10 71 12 70 72 44 73 14 13 54 2 60 58 25 62 47 67 41 19 69 32 46 5 57 56 1 63 39 8 37 38 49 34 29 66 80 52 11 17 26 75 76 53 61 21 24 68 9 42 28 3 50 48 45 81 30 20 16 27 59 36 65 7 23 51 77 15 64 74 79 
3 15 38 2 39 21 79 59 27 25 62 16 57 20 66 24 11 65 19 53 12 9 61 35 26 22 72 31 28 81 18 1 64 50 51 37 58 33 43 77 48 4 47 46 75 34 7 29 74 44 63 40 78 30 60 56 8 54 67 55 41 52 69 5 32 17 71 23 13 6 49 80 14 76 70 45 42 10 73 36 68 
58 69 1 46 36 48 16 65 64 50 67 32 68 30 55 53 45 5 42 40 63 33 11 8 41 43 70 71 78 20 35 25 2 66 76 59 6 61 28 27 79 80 81 51 26 4 38 22 31 54 13 19 23 72 12 7 14 29 37 44 18 73 10 75 15 3 21 74 39 24 52 77 56 17 57 49 9 47 60 34 62 
73 7 81 11 61 23 56 30 19 28 48 42 69 15 14 35 52 74 20 32 46 65 29 5 75 39 71 24 4 60 68 9 17 44 34 54 45 40 50 3 62 59 76 16 41 77 10 36 64 79 55 37 21 27 26 47 49 43 80 13 38 63 53 8 57 18 22 51 31 25 66 70 78 2 58 72 33 67 12 1 6 
42 49 54 48 72 19 32 69 52 17 8 14 21 68 57 74 34 67 73 46 27 7 81 64 70 58 33 66 6 22 11 75 25 29 60 55 51 18 63 43 16 35 13 2 5 36 77 44 37 47 10 62 56 28 50 65 59 38 24 12 30 71 79 61 9 45 3 78 1 41 80 20 39 53 15 31 76 4 23 40 26 
2 53 73 6 44 55 60 35 58 79 37 50 51 10 4 81 47 75 76 77 41 31 26 72 57 38 5 34 71 15 28 52 24 69 36 62 48 67 66 22 80 78 64 32 30 20 43 40 23 46 65 7 18 17 68 74 70 27 11 29 13 9 45 63 14 39 19 33 12 49 8 56 1 21 54 61 59 3 25 16 42 
21 26 30 8 37 57 47 66 77 56 54 25 38 48 20 64 61 31 22 60 69 55 42 28 53 3 65 44 33 72 81 12 67 13 80 79 62 45 1 15 59 29 58 19 73 11 32 70 68 71 51 41 49 9 4 18 35 46 14 16 43 2 39 40 5 23 52 24 34 76 10 17 36 78 63 6 27 74 50 75 7 
50 14 68 34 70 13 71 7 62 22 42 60 5 77 12 11 73 18 21 45 30 4 51 15 56 23 63 54 59 57 1 76 74 19 78 47 49 9 40 37 24 25 8 65 79 58 55 39 53 26 16 72 64 75 41 3 10 69 61 28 44 48 20 43 35 29 27 36 6 32 81 31 2 66 52 33 80 38 17 67 46 
81 65 29 22 46 80 1 12 39 76 19 41 15 28 16 23 3 58 62 44 34 20 9 40 13 6 35 53 68 45 4 42 56 7 18 61 57 14 36 21 70 26 72 27 10 33 31 30 48 78 59 25 67 38 63 73 17 5 52 54 55 64 37 60 50 51 2 66 79 71 75 74 43 49 24 77 47 8 11 32 69 
15 20 76 51 17 56 33 61 9 72 7 69 43 26 71 44 70 66 25 29 19 75 37 36 54 52 39 14 27 41 16 50 48 32 35 63 38 31 53 42 3 74 34 68 77 1 22 80 8 45 6 24 81 2 58 60 40 62 49 57 47 78 23 59 21 46 67 28 30 11 4 55 18 65 73 64 13 5 79 12 10 
38 28 3 18 5 79 45 11 36 78 80 35 1 53 65 63 33 29 47 43 2 24 74 14 59 8 32 17 49 46 30 40 10 9 21 39 23 50 56 54 7 52 61 41 4 60 27 42 73 66 69 12 13 76 25 75 67 19 77 31 22 6 26 62 16 15 70 44 58 64 57 72 34 71 81 48 51 55 37 68 20 
16 75 40 63 78 74 43 24 31 59 27 62 30 45 13 55 49 36 18 10 80 61 68 67 1 79 48 73 23 64 2 5 26 37 65 20 81 12 6 71 39 46 17 11 28 3 35 50 21 4 57 52 34 19 76 51 32 8 7 66 72 33 15 53 25 54 69 38 77 47 42 22 44 70 60 56 29 9 14 41 58 
67 4 41 64 10 25 59 27 23 52 24 40 2 6 46 39 32 9 16 50 17 49 66 12 11 71 78 8 3 58 31 38 43 51 77 70 75 47 76 69 60 55 20 44 33 15 29 54 61 63 14 74 79 5 56 1 80 53 42 36 81 21 34 7 48 26 68 18 65 13 73 37 62 30 28 19 35 72 57 45 22 
34 71 53 39 22 69 48 5 49 16 57 74 19 72 76 68 50 64 60 58 9 43 25 10 44 73 11 51 2 61 79 28 47 1 59 42 26 37 62 56 41 14 35 31 7 38 78 13 6 80 23 66 54 4 30 81 18 63 75 17 29 65 3 24 36 77 20 27 45 15 40 12 70 46 21 32 55 33 8 52 67 
56 37 77 15 20 65 25 19 51 69 66 2 34 22 40 48 9 38 61 31 5 13 6 55 49 76 62 33 75 8 44 18 70 14 54 52 59 3 32 50 10 27 79 45 16 81 60 72 26 24 47 53 17 64 43 4 68 23 36 35 46 1 73 71 42 11 63 30 74 58 67 21 7 29 12 39 41 80 28 57 78 
57 21 33 78 6 1 23 62 66 77 36 4 28 46 30 27 75 32 45 69 16 72 67 63 79 56 68 60 15 76 48 35 29 41 74 71 8 55 49 20 43 39 5 53 9 22 40 19 58 14 52 44 65 12 11 2 26 64 25 47 54 51 24 80 17 13 38 50 7 70 34 10 61 59 31 37 73 42 81 18 3 
32 61 64 70 7 9 2 8 4 24 49 45 41 63 5 52 10 20 66 34 14 71 19 37 23 35 3 12 17 80 78 56 38 67 30 73 74 6 69 11 77 40 28 21 18 29 33 62 42 15 76 36 59 46 31 50 53 16 60 79 27 39 13 57 51 1 55 25 48 72 65 81 47 43 26 54 75 22 68 58 44 
26 79 60 14 13 16 12 76 40 71 73 58 62 31 78 59 25 42 29 20 81 47 65 70 80 33 54 39 55 5 53 27 37 10 7 57 17 51 52 24 44 2 36 4 38 9 30 18 49 75 45 50 43 1 34 8 56 67 72 21 77 28 74 22 3 61 32 68 35 46 23 41 64 69 66 11 48 63 19 6 15 
80 73 45 67 27 50 10 36 24 39 6 17 14 60 53 56 18 55 46 26 48 22 75 51 21 78 4 64 63 23 9 66 3 20 40 43 30 57 65 81 58 54 12 1 61 8 70 68 71 77 32 11 28 31 49 37 19 42 41 76 15 7 59 44 62 33 29 47 69 5 2 52 13 79 25 74 34 16 38 72 35 
72 59 31 44 43 38 55 29 3 70 26 1 33 37 11 79 65 54 57 41 7 15 28 74 30 53 42 62 32 34 46 81 19 4 58 45 76 68 13 47 25 48 66 80 23 27 21 35 39 51 67 16 63 61 20 10 5 52 12 71 69 22 14 9 73 75 18 6 64 8 60 78 50 56 77 40 17 24 36 2 49 
28 81 17 30 54 47 46 18 74 12 61 44 3 80 51 43 13 35 40 64 8 77 39 50 52 2 36 65 22 68 6 24 49 26 11 21 67 70 15 34 72 42 29 75 63 7 25 69 41 73 5 79 55 10 33 32 45 48 62 38 78 57 58 56 37 31 66 19 59 14 53 16 20 4 1 9 23 60 71 27 76 
52 63 11 68 75 41 42 58 35 81 23 15 29 21 7 8 67 47 59 38 24 12 32 18 27 1 17 36 16 77 13 69 72 25 31 50 33 60 71 46 22 64 73 78 19 2 37 57 56 74 48 20 3 34 80 61 9 44 55 6 40 70 66 4 49 43 54 39 76 28 79 26 10 51 45 62 14 30 5 53 65 
9 30 69 4 59 78 29 56 15 42 71 54 25 74 39 45 55 16 38 24 26 52 79 22 63 48 57 72 34 50 40 36 33 76 2 28 31 80 75 23 68 21 44 47 3 43 6 1 10 81 12 64 60 18 65 58 7 37 53 51 17 19 27 67 20 62 14 70 49 77 5 32 35 11 8 13 46 41 66 61 73 
48 44 2 65 16 28 58 46 63 35 3 8 23 11 22 38 1 6 80 12 56 36 55 32 7 31 30 41 9 24 52 43 79 71 27 15 37 20 78 62 76 50 4 60 74 69 5 14 66 34 25 39 61 73 40 59 54 21 13 72 57 67 64 68 81 53 75 17 29 51 19 42 33 26 49 10 18 45 47 70 77 
45 43 42 20 67 11 26 68 79 5 72 49 64 24 80 4 14 59 65 1 77 74 10 21 40 69 6 78 12 18 29 60 13 70 44 19 15 38 22 7 8 51 9 48 71 30 46 53 62 31 50 63 75 35 47 28 23 39 56 41 61 32 16 2 66 25 33 73 36 54 55 27 17 57 37 58 81 34 76 3 52 
39 57 23 35 25 17 8 53 75 32 34 7 67 51 19 36 27 13 81 62 33 70 3 4 28 47 50 1 66 11 61 16 30 45 46 80 40 58 73 12 42 5 24 52 49 21 41 26 20 65 2 55 38 68 44 69 78 18 15 60 63 77 22 76 31 10 9 71 43 37 48 64 74 72 14 29 6 56 54 79 59 
1 77 61 62 31 60 80 64 6 9 20 63 73 17 58 33 12 68 8 71 37 67 16 41 15 51 66 48 21 14 7 3 5 54 47 38 32 65 46 25 26 72 10 59 53 13 36 45 52 57 4 49 22 29 42 34 79 76 2 43 70 75 81 35 23 69 11 40 56 74 18 50 30 24 39 78 44 28 55 19 27 
19 51 66 41 34 54 74 72 55 21 65 29 70 47 61 57 40 50 13 11 73 44 45 20 60 64 23 26 42 49 77 39 31 63 62 68 2 79 18 67 17 28 14 43 81 37 58 27 7 76 24 9 15 56 6 33 4 80 35 5 71 10 48 30 52 59 78 8 46 22 16 3 53 75 69 36 38 12 1 25 32 
33 27 52 71 38 3 24 70 50 48 75 66 44 81 69 62 37 15 2 14 25 18 78 53 42 9 76 35 56 10 65 23 22 59 55 17 34 39 45 61 6 11 77 30 13 16 51 47 72 32 74 80 19 54 73 20 36 49 29 46 8 26 1 12 79 57 41 60 28 7 58 63 5 31 68 67 64 40 21 43 4 
40 76 37 36 12 49 14 73 10 18 43 78 26 56 60 46 79 41 27 61 35 29 59 39 58 5 19 4 20 53 8 51 6 81 75 32 55 64 33 1 54 66 16 57 69 44 48 28 17 11 42 70 77 67 3 25 50 74 30 24 68 31 52 13 38 80 45 34 72 21 47 65 9 22 62 63 15 7 2 71 23 
22 32 18 13 47 7 21 81 5 2 53 28 31 52 10 77 30 76 34 54 75 68 49 46 17 72 43 37 74 67 58 57 73 64 69 25 36 19 70 29 35 41 27 63 56 78 71 23 40 3 79 59 8 33 14 55 62 66 38 45 12 11 9 1 26 6 39 4 24 44 15 61 42 50 51 16 60 48 20 65 80 
55 12 79 72 49 31 61 52 16 45 39 80 40 42 43 28 74 33 69 21 67 78 58 60 32 65 20 30 48 37 51 14 23 22 15 66 70 5 77 44 1 81 59 36 47 57 50 4 25 29 64 17 41 6 53 68 73 56 71 18 7 54 75 10 63 19 35 3 9 34 27 11 26 62 76 24 8 2 46 38 13 
76 62 22 75 45 63 35 54 41 60 59 47 12 65 77 71 57 81 70 2 1 64 73 49 61 17 27 56 26 9 50 44 69 3 79 36 4 21 25 30 18 15 19 72 20 74 39 43 78 53 80 38 16 40 67 46 66 51 23 11 37 14 6 32 28 8 5 29 42 52 13 24 48 34 55 68 7 58 10 31 33 
30 60 67 73 58 2 81 78 29 68 5 75 36 4 27 50 23 69 41 8 15 11 48 34 39 55 28 57 25 13 17 59 65 18 43 40 80 24 38 64 66 6 7 14 22 47 63 33 46 70 56 42 62 49 10 12 3 77 74 26 16 20 21 45 61 76 31 37 71 53 72 44 51 19 9 79 52 54 32 35 1 
36 47 59 10 3 33 50 77 42 58 38 34 24 19 35 51 7 70 30 23 53 79 52 81 12 66 80 68 61 31 73 64 54 49 45 5 78 41 16 13 63 37 26 62 67 55 2 32 76 20 18 21 72 11 39 29 28 40 43 9 48 8 17 6 69 56 1 75 15 4 46 60 25 27 22 14 57 71 65 44 74 
53 6 9 28 1 46 27 48 32 73 22 72 79 44 17 31 66 2 51 25 13 14 76 71 19 68 38 42 77 21 75 78 7 60 33 74 29 34 8 49 61 45 54 50 39 24 52 37 67 59 81 10 35 15 57 62 69 30 5 80 65 55 70 41 64 20 26 58 40 36 43 47 3 23 56 12 11 18 16 4 63 
7 19 56 69 8 51 64 13 25 37 15 52 61 14 48 20 41 49 6 75 18 5 22 44 29 26 77 10 72 62 24 4 1 46 28 34 71 76 11 31 9 43 23 3 40 45 68 79 65 60 54 58 12 36 35 78 63 59 47 27 32 42 38 55 39 2 16 80 33 66 74 57 21 73 50 30 53 70 67 17 81 
43 17 4 74 11 18 40 15 37 62 10 26 53 67 29 6 63 8 9 16 47 50 54 57 3 36 59 20 39 70 55 58 27 2 71 76 35 28 79 32 46 68 56 69 51 19 34 48 75 61 30 73 14 77 13 64 33 24 1 52 31 60 44 21 22 65 25 7 23 81 12 38 72 42 80 66 49 78 41 5 45 
5 70 80 24 65 26 66 34 38 46 11 18 9 13 21 25 76 30 63 56 74 42 7 43 62 45 10 19 47 16 32 6 35 12 29 41 53 27 17 48 33 57 52 55 2 28 8 71 1 23 3 51 31 44 81 49 15 22 4 61 58 72 36 14 77 78 50 79 68 73 54 67 75 64 20 60 37 59 40 69 39 
71 39 20 23 57 44 68 21 14 55 1 64 56 3 32 16 54 78 24 4 72 46 35 31 33 37 40 52 11 63 38 8 53 80 67 81 12 73 10 60 65 75 42 74 58 26 9 5 22 7 27 13 69 66 19 79 41 45 34 50 76 25 2 17 70 49 48 59 18 62 51 30 77 36 29 43 28 61 6 15 47 
################proper############## 

 average_time = 108.167060 

 success runs = 1 

 total average iters = 1594497.000000 
