Success!!! 
 
 max_col = 
 81 
 
 run_time = 
 52.917530 
 
 once iters = 
 900221 
 
81 36 13 45 28 10 63 30 43 37 22 8 31 52 11 50 38 78 16 26 34 35 58 55 5 61 75 33 54 40 71 19 20 27 76 29 41 60 15 1 9 69 67 4 2 62 12 59 3 7 17 66 72 57 18 24 48 14 21 74 64 6 23 65 42 25 73 49 68 47 56 32 51 77 79 53 70 39 46 80 44 
69 53 80 79 26 64 67 55 8 32 70 10 76 58 54 15 33 1 43 17 68 2 60 81 24 57 36 3 35 13 25 12 51 47 63 7 16 56 6 78 42 45 39 65 5 74 23 38 52 40 46 19 4 44 9 73 41 34 50 29 49 27 62 30 18 14 72 28 61 77 20 11 21 66 71 48 59 22 75 31 37 
12 7 38 20 25 19 71 75 16 69 59 13 28 77 3 80 72 47 48 41 30 49 27 46 54 8 11 74 15 64 39 53 18 73 1 14 66 23 17 55 57 22 21 79 51 81 2 78 70 43 31 34 32 37 33 61 36 44 4 63 40 56 65 45 76 10 50 5 60 6 24 58 67 68 62 29 52 35 9 26 42 
5 48 59 76 21 66 44 6 52 14 65 24 17 26 51 20 29 30 10 80 15 25 45 31 22 9 72 2 38 49 4 42 70 57 23 43 19 75 50 33 34 53 77 28 54 18 60 73 36 47 39 69 63 27 68 58 55 79 3 32 81 46 35 7 8 62 37 71 78 67 74 16 61 12 1 13 41 56 11 40 64 
77 2 3 42 32 74 56 34 22 49 73 67 6 5 12 45 68 46 65 40 51 28 23 33 29 66 44 52 9 69 62 48 72 79 36 59 10 63 7 13 37 25 18 20 58 15 71 61 35 75 76 11 41 54 8 31 47 30 16 26 53 17 38 21 19 1 70 80 64 81 57 39 50 60 24 43 55 14 78 27 4 
60 51 47 29 37 23 62 73 9 56 40 39 35 79 18 41 64 16 32 7 78 71 4 1 52 76 14 77 67 55 31 46 50 34 17 24 36 26 49 11 68 8 61 48 43 21 6 65 13 58 33 25 80 20 45 75 19 59 10 42 70 15 57 53 44 3 27 22 63 66 38 12 72 2 81 30 69 74 54 28 5 
17 1 78 54 49 24 14 11 15 71 21 66 43 57 60 27 7 61 53 42 67 59 13 3 70 18 62 80 41 37 8 30 75 65 56 16 44 76 40 12 74 35 47 64 81 55 9 68 29 10 48 51 50 77 28 72 22 2 5 20 25 39 69 36 34 23 4 26 79 31 52 46 19 63 38 6 45 33 73 32 58 
27 65 39 50 68 33 57 35 4 25 48 42 53 36 2 62 63 19 77 74 69 37 12 38 6 56 20 66 45 21 44 61 81 11 58 5 29 14 46 70 31 80 72 73 32 24 8 26 79 22 30 49 28 64 76 52 60 1 71 67 78 13 51 9 54 43 41 17 40 59 55 75 10 23 34 7 18 3 15 47 16 
72 40 31 46 58 18 41 61 70 74 44 34 55 75 9 23 81 4 21 50 19 79 73 39 64 63 47 10 28 60 68 78 6 26 32 22 38 24 27 62 30 71 59 52 3 5 56 1 45 14 42 16 53 67 11 54 7 66 12 43 37 80 77 13 29 33 51 69 48 15 2 35 17 8 49 20 25 36 65 76 57 
70 69 37 27 55 53 49 10 42 23 63 58 66 16 46 1 76 52 45 19 31 64 57 35 43 20 80 50 59 4 29 6 11 74 8 39 12 54 56 7 22 2 5 75 13 41 18 47 21 79 28 78 24 36 40 60 62 73 51 77 38 44 71 81 3 48 15 33 14 34 17 26 32 72 9 65 68 61 30 25 67 
29 3 48 18 61 26 12 47 41 8 64 11 67 14 35 39 79 17 27 44 63 53 77 71 28 75 42 70 76 2 24 80 7 19 22 60 74 78 33 23 15 37 34 62 69 57 10 4 38 73 65 72 20 5 6 49 9 54 31 68 45 52 36 56 46 55 25 32 59 30 43 21 40 16 13 81 1 51 58 50 66 
59 52 75 5 51 72 60 32 57 62 81 78 24 80 73 34 13 7 26 8 6 15 66 22 1 17 25 68 79 9 41 40 69 20 47 36 76 64 55 67 38 49 48 3 29 54 35 53 63 71 23 27 30 16 12 74 21 42 33 58 65 43 14 39 28 31 45 44 4 61 37 50 56 46 77 11 19 2 70 10 18 
68 20 58 28 11 40 38 17 80 4 18 41 21 45 6 51 36 42 73 24 55 29 14 50 61 49 56 23 12 72 66 3 31 16 75 25 46 70 35 77 59 81 9 39 27 44 26 7 60 67 13 33 52 62 64 48 30 5 37 19 32 34 2 10 1 65 22 54 47 79 69 57 76 15 8 78 53 43 63 71 74 
45 13 8 74 63 76 36 62 46 38 25 50 26 61 33 60 9 5 12 16 39 81 11 30 34 54 21 71 56 57 14 65 55 58 10 78 31 6 41 4 17 43 40 19 1 2 29 15 32 3 70 22 51 42 69 67 23 24 59 35 79 18 72 68 73 49 80 77 75 53 27 66 20 37 48 52 47 44 64 7 28 
24 73 2 9 78 1 43 4 19 15 3 47 54 22 44 56 75 59 58 76 79 69 72 65 46 74 41 53 77 33 49 5 32 62 13 37 14 21 36 45 71 20 30 80 68 64 48 17 61 55 66 31 34 81 70 63 50 25 7 11 8 28 10 60 38 51 29 52 18 16 40 67 35 57 6 26 42 23 27 39 12 
14 44 22 6 67 16 64 23 79 20 55 77 29 32 19 28 2 65 18 4 70 13 62 9 38 36 7 54 43 48 63 52 30 15 34 27 72 47 26 66 73 51 50 10 25 40 68 39 8 1 37 46 49 69 61 53 78 57 80 76 75 81 56 74 12 24 42 58 11 71 35 5 33 45 3 21 60 17 31 41 59 
50 54 71 31 77 7 34 65 66 40 10 72 49 48 30 70 37 53 2 32 23 68 3 52 33 67 51 73 46 1 26 17 21 81 42 35 18 11 57 63 28 44 60 61 79 45 74 58 12 19 25 43 59 56 29 47 4 16 55 15 27 20 39 78 9 6 13 8 36 64 76 41 24 22 5 14 75 62 69 38 80 
30 15 21 39 35 25 33 81 56 12 71 68 27 31 74 43 57 69 37 47 5 60 40 48 78 59 10 38 44 18 61 51 45 28 64 67 42 65 32 58 16 24 52 8 53 77 50 11 6 76 80 75 14 9 41 3 26 17 46 66 13 1 22 19 2 63 20 7 72 23 62 70 54 4 73 49 79 29 36 34 55 
67 29 44 2 17 57 75 38 3 39 20 56 41 54 49 22 65 71 47 78 40 6 24 11 12 37 66 18 72 46 27 8 73 35 30 15 9 36 25 42 53 14 10 50 64 70 52 69 68 60 58 74 81 48 4 43 77 63 28 79 62 19 26 51 7 5 32 16 13 80 23 61 31 34 21 55 76 59 33 45 1 
51 9 46 52 72 71 19 74 28 47 1 80 78 62 75 57 42 29 30 25 21 63 59 77 23 4 76 65 58 34 45 67 12 55 50 68 8 16 39 35 43 41 33 31 56 53 61 18 27 64 44 54 13 7 10 14 6 36 22 2 3 32 73 48 15 66 17 40 24 69 60 38 26 79 20 37 11 70 5 81 49 
31 23 14 4 39 58 37 24 6 11 30 21 48 17 72 73 53 44 22 61 33 51 69 8 26 81 19 56 63 32 79 76 62 52 2 74 65 20 75 60 67 66 7 5 18 50 41 29 57 12 43 35 9 55 27 1 64 49 45 70 59 25 34 71 10 68 28 46 42 36 78 77 80 38 54 15 40 47 13 16 3 
53 33 16 64 81 68 61 40 49 6 50 69 38 10 13 76 14 34 29 15 44 70 32 27 20 43 48 37 24 39 51 66 60 23 4 1 77 71 74 30 72 46 54 22 55 28 79 31 80 45 5 26 67 73 17 21 12 78 9 41 47 42 11 62 75 18 58 59 57 25 3 8 63 19 35 36 2 52 7 56 65 
32 50 20 60 79 13 66 59 27 77 5 31 64 43 25 61 28 37 62 35 38 36 18 68 71 34 17 14 22 11 40 49 47 7 44 41 57 73 63 80 24 4 6 51 45 1 72 75 46 65 3 15 33 21 16 23 52 8 76 56 54 69 53 29 39 81 19 2 55 70 26 9 58 78 67 42 74 30 12 48 10 
18 80 77 21 8 47 7 56 30 19 16 23 40 12 55 26 3 36 9 5 65 31 1 42 50 72 2 75 81 70 53 54 43 13 20 10 69 48 68 59 79 61 78 49 15 11 63 34 17 24 6 32 38 22 51 46 67 29 74 71 58 60 33 4 52 76 44 45 37 35 64 27 62 28 14 57 39 73 25 66 41 
26 10 45 62 54 11 15 78 5 51 33 27 68 81 32 7 60 8 57 56 46 55 79 28 67 53 16 19 29 36 9 59 71 64 61 48 3 58 12 17 21 52 23 40 70 76 49 30 25 20 2 39 42 47 31 37 66 13 35 18 24 38 80 63 14 73 1 41 65 74 34 22 44 43 4 77 50 75 72 6 69 
73 63 36 69 41 12 65 1 34 2 9 46 58 67 70 4 66 35 49 64 10 74 7 54 39 45 52 25 78 3 80 16 42 6 28 57 26 13 38 27 81 11 32 44 76 59 14 62 56 37 8 77 23 19 75 40 20 68 61 5 15 55 48 31 21 79 47 43 50 72 30 33 18 71 51 60 22 24 53 29 17 
35 76 42 43 70 48 55 22 25 45 74 59 52 15 24 63 18 79 13 60 80 58 75 73 14 41 3 17 31 77 38 33 26 69 5 21 47 28 2 29 62 19 37 1 34 71 4 36 51 66 16 10 40 78 39 44 72 65 30 81 7 57 50 6 67 53 12 56 20 54 11 49 9 32 46 23 64 27 68 8 61 
62 78 24 51 38 27 21 41 64 53 46 79 81 47 22 74 10 12 33 75 14 42 2 40 9 5 23 69 6 58 55 28 13 29 37 61 11 18 44 16 45 63 43 72 60 3 15 32 31 26 49 1 77 39 80 59 35 48 66 52 17 70 30 67 25 54 7 50 56 57 8 65 71 20 36 68 73 34 76 4 19 
9 5 18 47 75 77 6 60 37 30 34 63 80 39 66 44 54 57 28 11 36 72 71 26 8 73 74 35 3 43 20 25 10 41 62 4 1 22 21 53 7 76 58 70 24 61 42 12 40 46 27 50 16 79 38 56 15 32 81 51 68 14 13 17 48 45 52 78 31 2 19 23 69 29 55 64 65 49 59 67 33 
55 70 54 22 46 59 26 14 40 24 58 62 19 21 15 33 52 18 69 57 81 44 10 53 76 3 43 5 7 47 36 50 67 51 74 34 27 39 48 28 23 13 66 37 8 25 73 63 20 6 9 68 45 35 71 77 65 64 2 16 31 75 78 80 41 4 61 60 30 1 49 29 38 11 17 32 72 12 79 42 56 
71 8 74 68 1 52 23 66 2 5 45 76 3 51 42 32 16 49 24 46 13 17 29 18 56 12 39 59 14 79 11 22 48 9 72 81 15 31 80 6 50 65 62 35 67 10 30 44 37 38 19 57 54 4 47 34 58 41 43 61 55 73 20 27 33 69 53 75 26 63 36 64 25 7 40 70 28 21 60 78 77 
63 72 33 65 45 28 20 39 12 29 14 6 56 13 7 31 4 50 79 48 27 80 41 37 62 51 55 76 18 42 60 68 38 2 15 73 5 32 64 36 25 77 19 54 75 23 47 70 69 52 21 17 78 8 3 10 46 26 1 53 67 40 49 44 58 71 66 9 74 11 59 34 22 81 43 16 61 57 24 35 30 
25 49 76 3 57 50 11 69 48 61 43 38 72 55 8 64 73 67 34 20 45 22 47 58 59 65 60 44 75 17 21 1 78 32 39 63 40 30 10 52 29 56 2 33 12 13 66 80 28 5 71 41 7 14 79 4 24 62 36 54 19 9 42 46 35 70 68 6 16 51 77 81 53 18 23 74 37 31 26 15 27 
36 35 15 61 30 79 4 53 32 60 68 17 70 28 20 25 69 11 64 66 16 67 19 78 31 1 63 12 57 65 46 77 23 54 45 56 71 3 59 47 26 42 51 9 49 34 62 24 55 81 74 58 48 29 72 18 44 33 6 39 76 7 27 73 40 22 43 37 21 38 14 13 41 10 75 80 5 8 50 52 2 
44 17 29 16 34 42 81 58 67 78 37 65 23 59 48 40 35 9 54 77 32 61 52 70 4 7 6 27 26 80 33 31 19 30 49 71 55 57 73 20 69 68 79 38 41 36 43 64 2 56 18 53 11 75 25 22 74 21 8 60 63 50 28 24 72 39 10 62 12 76 5 15 14 13 47 66 51 46 1 3 45 
10 43 19 56 73 31 80 13 7 36 75 26 1 27 41 2 71 77 68 38 25 21 35 49 30 15 50 40 53 52 16 64 8 24 70 66 17 74 81 61 4 78 46 34 14 60 76 51 33 72 67 59 22 65 37 12 45 11 23 69 57 29 5 28 20 42 79 3 32 55 18 47 48 44 63 9 6 58 39 54 62 
3 58 27 77 59 49 48 70 1 76 35 81 8 78 56 75 5 54 46 13 60 66 80 45 68 23 67 39 65 10 50 63 33 25 57 32 62 52 11 34 51 21 15 12 71 47 16 6 30 61 41 20 74 24 2 9 79 37 72 7 44 31 18 14 43 36 38 4 19 22 29 28 73 69 64 40 17 53 42 55 26 
75 47 61 25 56 73 24 9 11 7 69 1 74 72 53 46 77 40 76 12 29 48 21 6 16 38 26 81 30 44 19 79 68 17 27 64 20 2 8 5 80 54 42 60 78 65 39 52 10 31 22 63 3 45 43 41 28 71 62 36 35 23 70 55 49 67 57 13 51 50 32 37 4 59 15 58 66 18 14 33 34 
79 46 10 55 5 78 68 71 63 17 23 3 61 25 52 38 41 27 20 72 7 43 81 14 18 31 34 13 4 15 69 62 56 77 66 28 39 37 53 74 33 70 57 47 59 32 1 19 58 29 73 64 8 60 49 42 40 51 11 24 26 67 76 54 65 35 16 12 9 48 21 2 45 36 30 50 44 6 80 75 22 
66 67 53 41 50 38 28 15 39 44 47 70 22 29 63 58 43 64 71 79 42 52 5 69 65 40 57 9 60 75 1 21 74 14 12 20 7 27 31 25 35 23 13 16 61 48 36 33 49 80 77 55 46 72 81 30 34 3 32 17 4 45 6 76 26 8 59 68 62 18 10 73 78 24 2 54 56 37 19 11 51 
65 62 6 23 52 29 54 36 69 31 26 14 39 18 57 67 19 21 56 59 28 27 8 17 53 33 61 47 34 76 7 38 37 43 73 40 32 55 4 22 49 64 44 24 48 51 11 42 9 13 12 2 71 70 60 5 25 80 15 75 50 74 63 58 79 30 3 1 66 41 45 78 81 35 10 46 16 72 20 77 68 
4 12 26 57 60 51 2 19 20 65 62 32 33 34 37 6 49 45 36 3 47 10 30 44 11 50 64 42 80 54 52 71 53 22 16 70 58 46 14 9 18 17 63 67 72 68 40 35 66 69 75 79 76 59 78 38 29 55 48 1 73 77 21 15 24 74 31 81 39 27 61 56 7 41 28 5 13 25 43 23 8 
8 21 43 32 42 44 18 72 31 73 51 71 4 24 36 13 48 60 25 22 75 19 9 63 74 58 15 11 23 41 35 2 61 46 59 55 81 79 66 68 76 30 26 45 6 67 28 27 78 50 56 37 17 38 14 64 10 52 47 33 20 54 16 69 53 77 34 70 7 5 80 40 29 49 12 1 62 65 3 57 39 
80 37 35 34 16 14 45 76 33 68 12 9 11 30 28 79 20 66 55 2 24 1 70 51 41 32 4 36 8 5 72 26 58 49 78 31 50 40 65 10 3 73 29 56 77 7 81 43 54 62 57 18 44 15 53 13 39 61 69 59 46 22 19 42 71 64 23 63 6 75 25 17 60 27 52 67 48 38 47 74 21 
74 64 30 17 40 81 22 7 13 80 15 2 42 50 10 16 59 55 35 39 49 77 54 62 73 78 37 67 51 29 18 45 24 3 48 6 28 69 43 41 19 1 75 36 38 4 21 23 53 34 14 5 25 26 57 27 68 12 56 8 66 65 58 72 60 11 33 47 52 20 46 44 70 76 61 71 31 9 32 79 63 
64 26 9 73 65 32 40 54 36 10 11 48 79 71 77 8 15 58 4 55 1 46 74 76 17 68 22 28 61 78 43 41 34 66 33 53 45 44 37 14 47 27 12 23 62 20 19 57 39 18 7 6 70 49 59 25 13 67 24 38 60 2 31 16 5 56 30 51 29 3 81 69 75 52 72 35 80 42 21 63 50 
34 59 11 30 69 41 50 80 62 72 17 57 7 73 14 81 31 33 61 23 43 47 39 20 36 48 49 63 16 45 2 29 9 75 60 13 56 67 18 24 8 74 35 76 46 38 27 21 1 68 54 28 65 58 32 26 51 70 52 12 5 3 55 79 77 40 6 66 15 4 53 42 64 25 37 44 78 10 22 19 71 
28 71 1 10 24 45 52 67 47 13 42 22 9 70 61 21 39 75 11 62 53 33 65 12 72 44 5 64 19 23 3 81 54 37 25 38 51 29 77 32 63 58 73 2 16 80 59 79 4 17 15 40 60 50 46 6 69 7 49 78 34 68 74 57 27 41 35 18 8 14 48 55 43 26 76 31 20 66 56 30 36 
37 38 57 70 12 55 27 63 76 64 32 53 36 44 34 52 62 68 51 10 2 50 28 13 42 16 9 72 1 7 59 58 79 5 14 65 25 66 54 69 11 26 80 21 30 43 24 74 47 8 29 67 31 46 35 15 71 56 41 73 77 33 81 22 61 78 75 19 23 49 39 20 3 6 60 45 4 48 17 18 40 
33 42 23 48 2 6 51 68 72 1 54 16 18 63 43 66 80 20 40 73 77 24 78 41 69 19 58 46 39 56 22 74 4 12 52 76 70 38 3 15 5 7 49 17 9 37 45 71 64 53 10 61 35 13 21 36 14 50 75 27 29 30 47 34 62 60 26 31 28 44 65 25 11 55 32 8 67 79 57 59 81 
16 74 66 58 19 8 31 44 35 67 6 30 65 60 29 69 27 23 59 18 57 54 56 34 25 21 70 32 11 62 10 15 49 48 51 26 68 53 42 81 13 36 71 78 28 75 55 72 5 77 63 3 2 52 20 80 76 4 40 22 9 64 79 43 50 37 46 24 73 17 47 45 39 61 33 38 7 1 41 12 14 
39 56 79 14 4 46 3 20 78 41 49 45 47 74 38 19 55 51 81 6 37 7 26 60 15 29 35 8 69 73 67 44 80 50 21 77 61 59 52 75 40 57 22 43 31 33 34 25 48 36 11 76 66 30 42 28 63 10 18 62 1 58 17 32 13 9 71 64 54 68 12 72 5 70 53 27 24 16 2 65 23 
13 22 5 81 18 17 25 77 53 26 24 4 12 46 59 37 50 3 38 31 64 8 67 66 75 80 30 6 71 20 70 27 40 68 35 42 34 1 60 79 65 33 55 41 19 16 44 56 14 32 78 73 69 23 48 11 54 43 57 45 39 72 61 52 36 21 2 10 76 7 58 63 47 51 74 62 15 28 49 9 29 
7 75 60 49 15 21 29 43 61 28 76 25 2 35 78 5 40 56 14 71 52 3 63 32 45 27 79 30 55 24 47 57 36 18 31 17 4 10 20 50 48 72 64 6 39 22 51 81 42 41 26 9 62 12 66 16 37 19 53 65 23 8 44 59 11 80 74 38 67 33 70 1 68 54 69 34 58 13 77 46 73 
56 45 63 78 20 36 17 21 73 79 53 60 69 68 62 35 30 2 8 52 22 65 31 61 10 39 1 7 40 28 5 47 14 59 6 23 37 25 58 49 75 55 24 77 11 26 46 13 50 54 64 48 18 71 15 57 38 74 70 72 41 12 67 3 81 19 9 29 80 32 33 51 34 42 66 76 27 4 16 44 43 
47 14 25 67 48 70 32 12 50 18 31 61 16 7 27 54 34 63 5 30 58 20 49 36 55 35 29 57 21 38 13 69 65 39 80 79 22 17 19 56 41 40 74 81 23 66 37 60 43 44 24 4 75 10 73 8 1 28 26 3 6 78 52 77 45 15 64 76 46 42 71 53 2 62 68 59 33 11 51 72 9 
54 55 51 53 13 61 30 8 29 50 72 49 44 40 45 12 6 80 41 33 18 14 68 47 60 70 32 43 73 26 77 75 64 36 81 52 2 62 34 65 78 59 4 15 20 79 3 67 19 9 69 42 56 11 23 71 16 39 27 31 10 76 66 35 17 28 63 21 25 37 22 7 1 48 57 24 46 5 74 58 38 
58 68 4 1 33 60 10 79 44 48 39 36 57 38 5 24 23 25 75 53 50 45 34 21 7 77 13 61 20 35 42 18 15 78 41 3 6 80 72 31 14 29 76 46 66 73 32 16 74 51 59 47 27 28 19 62 56 81 17 9 2 63 64 11 69 12 55 30 49 52 54 43 65 67 26 22 8 40 71 37 70 
49 28 62 72 74 75 35 26 24 70 66 29 71 1 76 14 51 10 17 43 73 4 38 16 37 64 81 55 68 22 34 60 27 33 19 2 54 8 61 57 44 9 53 32 50 6 77 5 7 39 36 12 15 63 13 79 11 46 42 47 30 48 40 23 31 59 67 65 58 56 41 18 52 80 25 69 3 20 45 21 78 
23 19 65 66 31 3 16 52 38 58 56 15 75 9 64 11 32 22 63 67 72 78 76 57 79 24 71 1 62 25 54 4 17 44 53 46 43 42 51 73 12 48 28 18 21 8 20 41 34 30 40 45 55 80 7 69 33 60 77 37 61 59 29 2 6 27 5 14 70 26 68 74 49 39 50 47 10 81 35 36 13 
15 27 7 80 76 43 69 37 18 46 41 52 59 33 4 78 17 81 42 51 26 56 6 74 3 28 12 45 70 50 48 32 63 67 9 11 30 5 71 38 36 39 1 13 35 31 25 14 72 21 68 62 57 2 34 20 53 58 65 55 22 49 24 8 16 47 40 73 44 10 66 79 23 64 19 61 54 77 29 60 75 
57 6 34 59 22 39 77 5 71 42 28 43 13 37 47 3 67 26 19 9 48 40 25 2 44 11 46 31 66 74 76 56 29 8 24 58 52 33 16 64 70 10 69 27 7 17 53 49 65 23 35 81 61 1 54 50 32 45 14 80 51 21 68 75 4 20 78 36 38 60 72 62 79 30 18 12 63 41 55 73 15 
41 11 64 40 9 2 42 46 81 55 77 73 20 19 21 65 8 74 80 27 59 62 15 23 66 69 54 49 10 30 12 37 16 72 71 51 67 68 47 3 60 79 45 63 26 52 70 76 22 78 38 29 58 33 5 35 43 18 25 44 36 4 75 50 57 61 48 34 1 39 13 24 28 31 56 17 14 7 6 53 32 
38 77 67 63 43 4 8 48 58 16 27 35 50 42 31 47 25 15 7 49 9 23 61 19 80 71 73 62 5 12 56 34 2 70 26 75 79 51 69 72 55 60 41 59 65 14 33 28 44 11 81 24 1 32 30 78 17 53 64 46 21 36 54 40 74 57 76 39 10 13 6 52 37 3 22 18 29 45 66 68 20 
52 81 72 35 80 22 78 3 68 66 13 64 10 65 71 48 74 62 39 29 20 34 16 24 32 30 31 51 36 59 6 9 41 38 79 19 73 4 76 46 1 15 56 26 37 58 54 55 67 42 53 23 12 40 50 70 61 77 44 28 69 47 45 18 63 17 49 27 2 43 75 14 57 33 11 25 21 60 8 5 7 
61 79 12 71 64 37 53 28 23 9 52 55 46 20 58 29 21 32 44 14 54 75 43 59 63 47 33 4 27 81 73 24 35 40 18 50 80 19 22 39 2 16 11 57 17 49 65 77 26 15 45 13 10 6 62 68 42 76 60 34 48 66 41 70 30 7 69 25 5 8 51 3 36 74 31 56 38 78 67 1 72 
46 60 41 75 14 34 47 25 17 54 7 37 63 69 26 53 44 6 50 70 11 12 55 10 81 79 65 16 32 31 15 39 1 45 3 72 35 61 5 18 64 67 38 74 52 78 80 8 59 48 20 71 36 68 22 2 57 27 13 4 56 51 43 33 66 29 21 42 77 73 9 19 30 40 58 28 49 76 23 62 24 
6 30 49 15 29 5 70 42 65 75 61 33 45 41 79 77 12 28 72 37 17 57 51 67 27 60 69 58 48 14 78 7 44 10 54 8 63 34 62 43 66 47 31 68 36 39 64 22 76 4 50 56 21 3 74 55 81 20 19 40 18 26 25 38 59 16 11 23 35 24 1 71 13 53 80 73 9 32 52 2 46 
11 24 32 7 10 9 13 45 55 57 2 18 73 4 17 30 1 70 3 28 56 41 36 25 21 26 78 22 37 67 74 20 46 76 68 33 49 81 23 40 77 50 8 58 42 69 5 66 62 63 60 38 47 43 52 39 80 6 29 14 72 16 15 61 64 34 54 79 53 12 31 48 27 65 59 75 71 19 44 51 35 
40 57 56 19 66 69 76 18 26 34 36 51 60 8 23 59 11 72 6 1 35 38 46 15 2 13 68 21 42 61 64 55 25 80 77 49 24 9 78 48 20 3 14 53 44 27 17 37 41 16 52 30 29 74 58 33 31 75 73 10 71 5 7 47 22 32 62 67 45 65 28 4 12 50 39 79 43 63 81 70 54 
2 39 50 36 44 54 74 16 51 3 38 19 5 56 80 49 22 24 52 45 76 18 53 4 40 62 8 29 47 66 65 13 57 63 43 69 21 7 28 71 6 12 27 30 33 9 31 46 75 25 34 70 73 61 1 32 59 35 67 23 11 79 37 20 78 26 60 72 81 58 15 68 55 17 42 41 77 64 10 14 48 
21 31 73 33 62 20 1 27 59 81 67 40 14 76 39 68 78 43 74 58 66 5 42 64 48 22 77 60 17 71 28 23 52 53 11 30 13 45 70 54 32 75 25 29 10 19 57 2 18 35 72 7 79 51 63 65 3 9 38 49 12 24 8 37 80 50 56 55 41 46 44 36 15 47 16 4 34 26 61 69 6 
20 34 40 11 7 56 46 33 74 27 8 75 51 6 67 36 61 14 60 69 62 26 50 79 77 42 59 24 13 53 17 72 22 1 38 18 23 49 45 21 10 28 3 66 47 35 78 9 81 70 55 44 68 76 65 29 73 31 54 48 80 37 12 5 32 52 39 15 43 19 63 30 16 58 41 2 57 71 4 64 25 
48 61 52 24 23 67 59 51 10 22 29 54 34 64 16 55 47 73 15 36 3 39 17 43 57 14 28 41 2 27 37 35 5 21 40 80 78 12 13 44 46 32 81 71 63 56 7 45 77 33 62 60 6 66 26 76 75 72 58 25 74 11 4 49 70 38 8 53 69 9 50 31 42 1 65 19 30 68 18 20 79 
19 66 28 13 47 15 58 31 60 33 57 74 37 49 68 9 46 39 70 21 71 76 44 5 51 25 18 78 52 63 30 36 59 61 65 12 48 72 29 2 54 6 20 69 4 42 22 40 24 27 1 14 64 53 56 7 8 38 79 50 16 41 32 26 55 75 81 35 17 62 67 10 77 73 45 3 23 80 34 43 11 
76 41 70 37 6 62 5 49 21 43 80 7 15 11 65 17 24 13 67 34 8 32 33 75 35 10 45 48 64 16 81 73 77 56 29 44 59 50 1 19 27 18 68 42 74 72 58 20 71 57 79 52 26 25 55 51 2 23 39 30 28 53 60 12 47 46 14 61 3 40 4 54 66 9 78 63 36 69 38 22 31 
42 16 81 8 36 63 79 57 75 21 4 20 25 2 1 10 45 76 31 54 61 30 22 56 49 55 38 26 33 51 32 43 66 71 46 9 64 35 24 37 58 34 70 14 40 29 67 48 15 74 47 80 39 17 77 19 18 69 68 6 52 62 3 41 23 44 65 11 27 78 73 60 59 5 7 72 12 50 28 13 53 
43 32 69 38 27 80 72 29 45 63 78 5 62 3 40 71 26 48 66 65 74 11 20 7 13 6 53 15 50 68 23 70 76 42 67 54 60 41 30 8 52 31 17 25 73 12 75 10 16 2 4 21 19 18 36 81 49 22 34 64 14 61 9 1 51 58 77 57 33 28 79 59 46 56 44 39 35 55 37 24 47 
78 4 68 44 53 35 39 2 54 59 19 12 32 23 69 18 58 38 1 81 41 9 64 29 47 52 40 20 49 6 75 10 3 31 55 62 33 77 79 76 56 5 16 11 57 30 13 50 73 28 61 65 43 34 24 66 70 15 63 21 42 71 46 25 37 72 36 74 22 45 7 80 8 14 27 51 26 67 48 17 60 
1 18 55 12 3 65 73 50 77 52 79 44 30 66 81 72 70 41 23 68 4 16 48 80 58 46 27 34 25 19 57 14 28 60 69 45 53 43 9 26 39 62 36 7 22 63 38 54 11 49 51 8 37 31 67 17 5 47 78 13 33 35 59 64 56 2 24 20 71 21 42 6 74 75 29 10 32 15 40 61 76 
22 25 17 26 71 30 9 64 14 35 60 28 77 53 50 42 56 31 78 63 12 73 37 72 19 2 24 79 74 8 58 11 39 4 7 47 75 15 67 51 61 38 65 55 80 46 69 3 23 59 32 36 5 41 44 45 27 40 20 57 43 10 1 66 68 13 18 48 34 29 16 76 6 21 70 33 81 54 62 49 52 
################proper############## 

 average_time = 52.917530 

 success runs = 1 

 total average iters = 900221.000000 
