Success!!! 
 
 max_col = 
 81 
 
 run_time = 
 41.835286 
 
 once iters = 
 500261 
 
38 42 14 29 18 75 5 30 12 41 64 36 31 19 80 53 48 74 73 49 77 2 1 66 11 10 15 37 47 59 33 52 44 21 65 9 22 51 43 72 32 24 54 7 25 17 63 23 62 16 8 4 61 13 46 60 45 69 20 3 55 78 50 68 70 35 28 58 81 71 67 26 6 56 39 34 27 79 40 76 57 
58 72 71 68 53 60 24 34 36 28 11 33 25 16 46 32 17 40 6 64 56 45 59 22 51 43 29 73 48 75 15 74 57 61 8 80 50 1 23 39 76 79 42 4 12 20 26 18 37 10 41 67 19 55 63 70 35 47 5 14 52 2 21 9 78 13 31 7 3 27 44 30 62 69 81 66 49 54 38 77 65 
2 33 61 6 59 31 22 35 80 81 73 57 4 63 45 56 5 7 62 52 38 75 24 67 3 13 69 41 70 58 34 72 11 55 51 18 60 46 27 14 19 9 65 26 29 42 1 68 21 76 71 32 30 44 66 74 49 54 28 23 39 40 77 20 48 50 10 79 53 43 64 16 25 8 12 78 37 47 15 17 36 
57 3 76 55 10 56 66 19 23 9 20 75 77 62 26 54 58 12 50 31 46 74 63 30 44 47 78 27 81 60 4 17 24 5 1 69 15 41 64 70 28 11 49 40 13 34 52 65 72 73 43 80 36 79 6 68 33 71 67 53 48 16 8 38 29 37 61 14 32 39 25 22 7 18 59 51 2 42 35 21 45 
46 67 49 48 73 7 54 39 70 66 21 1 35 24 47 3 50 51 27 72 79 68 5 65 32 17 19 28 22 30 26 56 14 45 36 71 10 38 37 61 8 20 18 75 78 69 2 40 53 33 81 57 25 60 42 31 64 62 44 80 59 13 9 55 77 12 76 11 6 63 34 15 43 4 29 58 52 74 23 41 16 
44 37 8 43 62 74 65 81 9 38 52 67 69 30 61 55 59 78 12 42 58 23 7 16 76 25 70 50 3 53 20 35 68 77 46 29 33 66 36 63 2 34 71 56 17 6 28 24 45 64 27 39 48 54 26 41 72 57 79 4 15 51 32 73 49 5 47 40 21 75 80 18 14 10 31 22 11 1 60 13 19 
13 45 26 78 28 40 20 11 52 27 14 34 18 23 79 29 6 42 81 60 21 35 36 37 71 33 8 39 31 10 62 64 25 63 12 43 77 57 48 59 67 16 3 69 53 46 22 51 49 15 38 7 5 47 1 73 75 58 65 17 56 30 76 74 19 66 4 54 24 41 72 2 50 55 80 44 70 32 9 61 68 
77 69 4 51 41 15 25 79 27 71 76 60 44 10 72 49 39 70 55 61 14 9 80 48 28 26 57 42 32 2 16 19 54 66 40 13 6 47 30 45 35 68 21 81 73 31 74 78 56 59 29 50 58 12 43 7 24 38 18 11 22 34 37 52 8 33 65 36 1 17 62 23 46 5 53 63 64 3 20 75 67 
64 63 47 50 1 21 17 32 16 43 22 68 37 15 13 8 2 65 39 41 4 53 20 54 18 40 34 79 76 49 7 23 38 78 6 67 5 62 31 58 55 80 52 74 44 9 70 3 66 11 75 35 14 77 27 81 29 25 12 19 10 36 61 59 42 69 60 46 45 56 57 51 28 48 72 30 24 71 73 26 33 
36 52 77 11 76 20 1 46 24 65 37 17 12 32 63 35 38 31 4 43 19 80 50 7 61 62 51 69 75 56 6 9 74 27 67 41 29 58 73 8 78 39 33 47 3 44 48 57 60 13 55 64 21 28 18 23 71 10 26 15 68 81 16 66 34 25 59 70 5 72 14 40 53 22 54 42 45 30 49 79 2 
60 51 18 57 56 8 69 38 7 78 5 81 9 27 11 30 67 75 77 16 39 65 13 68 35 64 48 10 63 15 59 47 80 20 52 46 41 72 79 22 42 71 45 32 31 19 76 49 40 2 53 23 37 62 54 21 4 36 25 61 1 43 34 6 58 28 12 74 44 33 26 29 73 14 66 24 55 70 3 50 17 
48 68 45 13 79 80 31 54 41 16 72 56 21 76 70 58 60 47 10 26 1 49 14 25 22 8 23 7 51 77 55 42 40 35 4 34 65 37 74 69 59 30 27 44 64 18 32 20 38 24 39 6 15 11 52 2 63 33 29 46 66 62 67 50 81 53 17 73 61 57 3 9 5 12 75 19 71 28 36 78 43 
15 27 81 42 44 55 78 73 71 20 23 25 3 43 51 34 29 33 70 17 59 40 76 18 45 74 72 66 12 68 32 53 30 2 50 37 28 16 52 26 7 54 5 67 19 22 75 31 80 9 58 63 56 61 8 38 11 6 49 47 13 24 14 36 21 46 62 69 48 64 79 10 60 57 65 39 77 41 1 35 4 
16 65 40 72 39 30 26 62 37 13 74 41 54 2 50 68 42 80 53 29 69 78 32 21 79 66 20 58 60 1 18 8 49 19 43 81 17 24 25 46 10 75 15 14 23 4 77 73 34 27 36 33 70 71 12 55 5 64 9 28 57 3 48 76 51 11 63 35 22 45 7 52 56 59 67 6 38 44 31 47 61 
6 58 32 66 61 64 35 47 49 45 62 55 14 53 39 71 73 1 9 12 28 33 81 46 42 57 63 21 29 26 31 25 17 76 16 79 38 77 4 40 60 36 56 20 48 67 54 50 7 3 10 41 8 5 30 78 19 22 75 27 44 59 70 37 80 43 24 15 2 13 65 68 23 52 11 18 69 51 72 74 34 
19 70 17 12 34 22 74 63 10 61 46 15 6 77 28 48 44 66 67 75 52 27 11 2 47 5 58 72 36 71 38 54 64 3 24 45 43 68 51 49 80 18 62 57 55 35 79 14 59 25 30 78 42 29 20 39 69 76 37 50 65 53 73 8 1 31 41 23 56 4 16 60 33 21 32 7 81 9 13 40 26 
28 75 21 25 23 59 67 33 29 26 18 4 40 79 52 36 57 8 71 3 44 73 56 41 60 15 24 78 65 5 14 22 13 48 11 39 70 61 2 66 50 53 9 6 34 81 47 43 1 46 45 12 69 51 31 32 80 17 7 77 74 35 72 27 38 49 55 42 54 30 20 19 63 16 37 10 76 68 64 58 62 
53 2 9 14 5 4 3 50 43 7 59 69 22 49 24 64 19 10 37 36 30 34 54 6 38 31 55 70 73 62 61 44 28 57 33 23 13 35 81 12 63 21 76 11 1 26 66 72 68 17 74 16 65 52 51 58 41 79 60 42 40 45 56 39 32 75 18 78 47 67 77 71 15 29 20 48 8 80 25 27 46 
37 49 23 24 57 14 73 17 39 42 66 30 19 35 55 20 52 34 74 54 31 3 58 40 46 36 44 43 61 16 45 5 1 80 10 68 26 71 69 60 18 13 70 22 76 78 38 63 75 56 64 25 47 15 79 67 51 53 33 2 32 4 6 11 50 48 27 62 59 81 9 65 72 28 21 77 41 29 7 12 8 
41 38 78 3 58 32 40 56 69 36 75 64 59 28 48 22 47 26 45 51 71 81 68 12 67 21 25 52 77 13 23 65 19 42 9 50 20 31 10 30 57 27 74 61 37 8 44 70 33 29 4 2 39 72 16 14 1 73 55 18 46 11 49 24 79 54 6 63 43 35 53 7 76 34 15 17 62 66 80 5 60 
76 44 12 46 22 81 4 1 65 24 49 7 32 41 54 70 3 69 17 37 78 15 30 27 57 50 42 75 25 20 40 38 39 36 14 48 58 11 29 16 68 51 8 62 33 28 10 79 9 23 77 73 26 34 5 47 31 21 59 66 35 80 71 18 72 45 67 13 60 52 2 64 61 43 55 74 56 63 19 53 6 
67 62 7 10 19 70 9 45 8 79 71 76 56 37 25 50 63 57 43 65 60 52 28 26 29 77 61 11 58 47 22 31 18 81 73 54 39 78 49 15 66 46 40 53 35 68 6 48 27 80 14 24 1 30 74 34 23 13 3 12 42 72 41 44 75 51 16 55 38 21 5 17 20 32 36 2 33 59 4 64 69 
31 29 30 74 75 72 2 6 15 58 61 44 1 73 60 9 45 16 20 11 10 4 49 38 66 41 62 17 53 67 70 71 63 24 32 76 52 14 56 28 48 55 19 34 79 51 43 54 35 81 5 18 59 21 77 69 25 7 8 57 64 39 36 22 26 23 80 12 37 47 33 42 78 13 40 46 50 27 65 68 3 
51 71 53 80 66 11 36 20 55 17 15 65 72 81 4 18 23 67 19 34 47 64 8 39 33 7 9 26 59 21 12 6 69 29 28 35 1 2 5 32 75 41 73 42 38 50 31 13 61 62 60 49 52 40 68 37 43 45 54 63 27 44 30 46 3 78 14 56 57 77 74 76 10 24 70 16 25 58 22 48 79 
33 48 79 59 50 77 43 68 42 40 29 14 78 80 74 2 8 39 13 32 16 5 6 69 1 55 22 62 72 57 60 49 34 51 7 27 64 4 21 36 23 3 24 65 63 71 37 58 19 53 12 46 41 67 17 75 26 56 81 76 9 52 10 61 28 20 25 30 73 70 15 66 11 35 47 38 31 18 44 45 54 
61 47 28 21 54 16 63 13 60 11 33 5 68 31 27 43 62 53 35 14 72 24 18 80 70 23 56 64 78 37 2 15 79 46 41 30 12 45 17 6 25 44 59 77 81 7 3 66 42 57 76 74 55 69 38 29 65 50 19 48 58 22 20 71 40 4 8 1 34 10 36 32 75 26 49 9 73 52 67 39 51 
25 35 64 34 27 26 52 18 5 10 51 6 13 46 21 12 77 38 79 76 75 48 53 73 63 2 59 33 74 3 66 55 4 8 44 56 7 67 50 80 54 47 72 9 43 16 11 32 20 22 65 36 45 17 28 40 15 78 61 24 62 70 60 31 41 58 68 39 19 69 29 49 30 1 14 57 23 81 71 42 37 
49 5 46 61 13 66 33 53 31 67 55 21 34 11 30 27 75 71 29 38 54 56 4 62 73 81 40 8 64 50 63 70 43 6 25 78 47 17 72 7 58 32 1 18 20 37 59 22 26 39 28 48 12 9 23 3 60 42 57 68 14 41 65 79 36 19 44 77 80 51 10 69 52 2 74 45 35 76 16 15 24 
73 25 50 37 60 69 64 80 3 2 58 20 17 65 66 57 51 46 47 21 33 7 26 72 43 39 75 24 62 45 19 18 9 38 29 28 59 8 55 44 70 6 68 36 56 79 41 52 54 78 49 11 53 23 10 27 34 61 35 32 81 74 15 48 4 1 30 16 67 76 63 12 40 31 22 13 42 5 77 71 14 
4 12 74 79 40 41 70 75 76 54 38 35 23 13 3 45 26 72 69 48 80 66 37 8 24 11 46 51 39 22 10 81 67 30 2 7 42 15 65 57 53 78 29 52 5 64 55 34 44 58 31 27 17 32 25 16 50 59 62 36 28 77 19 14 71 9 33 49 18 68 60 73 47 20 56 61 1 43 63 6 21 
20 22 58 28 29 9 57 24 47 37 80 10 73 68 53 42 18 76 23 50 61 41 71 70 27 78 12 59 66 17 36 34 5 33 74 21 45 13 60 81 4 64 48 16 40 15 7 77 2 72 1 14 75 65 67 63 6 55 39 8 43 26 51 35 54 3 11 38 52 31 56 46 32 19 30 69 79 25 62 49 44 
34 15 35 54 68 6 11 23 48 47 60 16 36 74 56 44 40 50 63 10 45 55 42 19 77 18 1 53 69 41 80 58 20 32 13 72 73 30 62 43 61 49 14 2 22 24 4 5 46 38 57 29 51 25 7 79 52 70 31 37 71 76 33 81 64 26 39 65 17 59 78 21 9 66 3 12 28 8 75 67 27 
26 56 2 65 38 67 55 72 32 69 41 43 15 39 5 81 61 64 76 44 17 79 25 14 36 35 52 16 54 11 3 60 42 49 48 12 21 63 80 27 71 77 23 31 28 47 30 6 74 19 33 10 40 68 58 24 53 18 78 20 45 9 1 75 66 8 50 57 29 22 13 62 70 51 34 37 59 7 46 4 73 
10 78 63 17 36 52 59 77 14 25 4 32 24 12 9 19 7 49 64 53 15 51 57 20 74 30 3 71 1 40 65 46 37 68 27 31 34 79 76 50 41 67 39 54 66 62 8 61 16 35 73 45 81 56 2 44 22 75 47 21 69 29 13 58 55 6 42 43 70 5 28 72 38 33 23 60 48 26 11 18 80 
30 8 16 81 43 19 27 44 62 48 79 77 33 1 29 52 22 6 58 13 65 28 60 59 31 34 67 76 14 23 73 57 26 47 35 75 37 9 24 25 11 69 10 3 51 80 21 42 18 71 20 70 66 63 40 46 56 5 38 49 54 12 4 15 2 41 74 45 7 53 32 61 68 64 17 36 72 78 39 55 50 
7 21 42 45 71 18 39 51 1 14 8 78 28 59 31 62 70 63 49 2 32 16 22 5 9 68 6 44 15 4 79 77 52 56 55 61 19 12 75 33 38 26 35 46 74 43 13 76 69 50 67 60 3 36 73 80 17 48 11 72 30 66 64 40 20 24 37 34 23 25 47 27 29 81 58 53 65 57 10 54 41 
1 30 69 70 20 28 10 7 44 18 31 11 67 78 38 25 37 36 54 35 34 39 61 75 12 45 71 2 52 46 27 63 60 14 62 66 72 50 57 4 26 23 77 5 41 49 42 74 43 6 32 19 24 58 15 56 59 51 48 65 73 68 40 29 33 22 79 76 64 9 21 80 81 17 8 55 3 13 47 16 53 
24 19 36 4 33 65 32 22 17 23 7 26 16 5 62 72 53 45 42 78 64 67 10 56 49 73 2 48 34 79 77 59 70 74 57 47 80 69 6 51 40 35 81 63 8 21 27 39 3 12 13 76 38 50 60 1 9 31 30 25 18 61 11 43 37 44 46 52 71 28 55 54 58 41 68 75 66 20 14 29 15 
40 43 27 62 6 58 37 21 38 46 50 80 8 69 77 73 68 22 31 18 20 32 47 11 19 60 5 12 23 72 25 3 16 15 17 53 36 55 28 42 24 59 30 10 2 66 9 44 52 79 35 61 71 57 49 76 39 81 41 29 67 64 54 34 65 14 45 48 75 74 1 13 51 7 33 4 78 56 26 70 63 
79 26 34 53 12 3 23 64 18 6 43 54 75 40 71 63 1 17 68 30 7 13 29 76 8 58 14 9 33 32 69 67 55 10 45 24 25 44 66 65 20 52 16 21 46 56 62 81 5 48 15 77 72 80 35 42 38 4 22 70 36 47 78 60 57 73 51 41 27 2 31 11 59 49 50 28 61 37 74 19 39 
80 66 39 8 67 54 47 48 63 21 32 24 30 29 81 74 12 56 57 70 37 44 55 79 69 52 4 65 38 19 1 20 35 41 75 58 9 27 14 76 34 15 13 49 71 11 73 46 31 60 23 51 7 16 3 10 28 72 17 33 6 5 26 42 68 77 53 59 25 78 61 50 22 45 18 62 36 64 43 2 40 
14 46 68 31 9 49 13 2 50 33 65 27 55 60 42 4 41 79 1 74 6 25 77 51 81 53 16 56 44 8 71 78 61 54 80 11 67 3 38 64 29 73 47 70 75 63 36 26 17 69 22 28 10 59 19 45 7 32 66 43 37 58 62 23 5 39 40 18 20 15 12 35 48 72 24 76 57 34 21 30 52 
29 73 5 56 42 35 15 71 45 70 13 61 48 3 49 28 20 14 38 59 23 36 41 43 72 24 27 68 50 81 51 39 76 26 18 40 53 54 19 31 37 22 79 12 11 75 33 64 30 55 78 65 34 4 44 77 74 2 46 52 8 21 57 7 62 63 58 67 16 66 17 47 69 9 1 80 10 60 6 25 32 
55 11 59 60 81 76 51 74 75 52 47 9 64 34 57 10 66 15 46 28 50 22 17 63 48 65 80 36 4 7 29 43 21 31 49 42 62 32 1 18 33 61 78 58 39 25 40 45 41 68 37 8 2 20 14 71 13 27 69 16 53 79 23 19 30 70 56 72 26 6 24 3 12 54 35 67 44 77 5 73 38 
72 41 25 52 77 78 16 61 57 51 35 2 58 44 59 39 76 19 21 40 9 26 66 15 62 3 33 22 37 64 30 28 73 13 5 6 68 48 45 56 74 7 17 43 60 70 53 67 14 18 47 54 29 1 50 20 12 34 24 55 80 63 75 69 10 38 49 81 36 32 8 4 65 27 42 23 46 11 79 31 71 
56 32 57 15 8 51 12 76 20 49 48 66 41 55 18 17 21 52 30 25 53 43 23 33 37 29 68 63 5 38 58 2 62 16 77 22 3 7 35 73 13 42 31 64 80 14 81 28 10 65 40 59 4 19 71 11 54 44 34 45 78 69 46 1 67 36 70 75 72 60 6 39 26 74 79 27 9 61 50 24 47 
63 24 19 39 7 33 41 16 40 35 25 73 26 57 43 15 14 77 32 6 11 60 46 49 10 54 21 23 18 78 42 61 36 71 37 74 69 34 67 75 56 38 44 50 45 27 58 55 22 1 17 62 79 2 47 72 48 12 68 64 20 31 59 30 9 65 5 28 8 29 51 81 4 70 13 3 80 53 76 52 66 
5 4 70 35 52 71 53 37 21 31 34 51 47 72 68 60 24 58 78 27 8 59 67 45 2 19 18 1 46 73 56 29 10 44 81 26 57 74 20 9 62 12 25 28 30 76 80 15 32 54 69 66 63 39 75 61 3 14 77 13 23 6 79 41 17 7 48 50 49 42 22 43 16 65 64 33 40 38 55 36 11 
75 79 10 1 65 68 61 55 58 53 27 23 62 38 69 5 13 30 16 57 36 42 48 9 14 70 39 47 80 24 41 32 31 72 3 8 4 43 59 19 52 29 51 78 49 60 45 21 77 7 6 44 11 35 37 33 76 66 40 56 26 50 28 63 73 34 15 64 74 46 54 20 17 71 2 25 18 67 12 81 22 
78 9 67 30 48 62 60 29 59 12 1 70 46 22 2 11 16 54 72 80 55 61 38 58 34 71 64 15 43 76 13 75 33 65 79 57 81 26 39 68 36 37 32 17 6 5 23 8 73 47 25 31 50 49 24 53 18 35 52 74 51 19 7 10 56 21 3 27 66 40 4 44 41 42 69 14 20 45 28 63 77 
74 36 3 73 45 42 44 14 2 29 63 79 81 9 37 59 65 20 28 22 66 69 62 31 5 12 13 60 27 35 21 11 50 17 53 64 23 70 58 10 77 40 46 72 47 52 34 38 51 75 26 71 68 41 80 15 16 1 4 67 25 57 43 32 24 61 78 33 76 18 19 55 49 6 48 56 54 39 8 7 30 
11 54 80 38 31 23 50 69 22 8 45 74 7 56 36 6 64 28 52 1 26 47 73 4 40 44 76 19 49 9 67 14 51 39 59 55 71 60 18 48 21 66 61 24 65 72 20 33 29 42 46 53 57 3 32 30 27 63 2 41 70 17 81 16 35 79 77 25 13 12 37 58 34 68 43 15 5 75 78 62 10 
81 77 6 27 49 25 18 28 72 76 10 40 50 4 75 78 71 32 15 24 63 20 74 3 65 79 17 34 30 48 68 69 12 7 66 52 8 53 54 11 22 33 41 1 16 13 61 56 67 36 70 9 64 43 55 62 21 39 58 73 5 60 42 80 31 47 26 2 14 38 23 45 57 44 46 59 19 35 37 51 29 
47 17 13 26 64 43 34 66 46 44 42 19 39 61 67 80 33 3 56 81 35 50 51 77 41 75 7 20 6 70 28 40 45 25 54 4 27 76 63 2 5 14 55 79 15 30 18 16 12 74 24 37 78 48 65 22 36 9 10 38 49 8 29 57 52 68 71 53 69 62 11 59 31 23 73 72 58 21 32 60 1 
71 80 44 64 24 46 72 70 13 34 77 48 65 50 40 14 49 4 36 47 43 18 33 17 52 63 41 30 20 27 37 26 8 69 22 10 2 56 16 78 45 74 67 73 58 61 29 7 11 5 42 1 54 81 9 12 55 15 76 39 31 32 38 28 25 60 75 19 35 79 59 6 3 53 57 68 21 62 51 66 23 
69 60 1 19 16 39 49 4 61 3 81 8 76 21 10 66 55 25 51 73 5 6 9 74 80 56 35 46 79 54 47 36 72 34 31 38 14 42 7 23 12 70 28 68 27 58 57 62 63 30 59 26 77 75 13 17 67 52 71 78 41 37 18 53 45 15 2 32 33 65 50 24 64 11 44 43 29 40 48 22 20 
17 14 55 9 78 34 81 36 51 22 16 46 2 7 19 24 43 18 61 23 62 70 40 29 75 32 50 57 28 44 53 45 6 67 42 77 79 21 15 47 31 65 37 59 54 73 64 60 48 20 68 72 74 33 4 26 66 3 1 58 11 27 5 12 13 76 69 8 30 49 71 41 39 38 25 52 63 10 56 80 35 
22 23 52 40 30 79 58 15 66 5 12 31 70 54 17 75 28 29 8 45 3 38 39 10 55 76 26 35 21 14 9 33 2 59 60 51 49 25 61 24 43 50 80 19 4 41 69 53 36 37 16 13 46 78 72 48 77 20 63 7 47 56 44 64 11 62 73 68 42 1 18 57 27 67 71 81 32 6 34 65 74 
35 53 56 33 3 2 68 43 28 57 78 62 74 6 32 1 80 59 65 15 27 11 21 60 54 69 31 4 71 61 48 7 41 58 19 49 46 36 34 13 39 17 38 76 77 45 25 10 79 67 18 52 23 66 64 51 73 40 16 30 50 42 22 72 44 29 20 9 63 37 81 14 24 47 26 5 75 55 70 8 12 
32 18 48 77 47 38 62 5 67 64 26 63 11 52 23 51 15 60 22 20 25 12 16 34 30 42 79 81 13 65 39 24 29 73 76 1 75 6 41 55 72 57 53 66 10 3 17 71 8 44 56 40 35 70 59 43 68 80 14 69 19 49 2 21 74 27 7 61 58 54 46 78 36 37 45 31 4 50 33 9 28 
59 20 65 75 37 45 8 42 26 39 9 53 61 47 73 38 36 41 7 71 13 14 2 78 58 67 28 40 68 52 74 50 66 64 63 3 11 18 44 5 81 48 22 33 62 12 19 27 24 49 34 21 32 31 29 57 10 46 6 60 79 25 35 70 16 80 23 4 51 55 43 56 77 30 76 54 17 15 69 1 72 
50 57 73 7 74 10 6 27 11 30 68 42 20 71 58 79 69 37 24 66 49 19 72 44 53 1 81 80 17 25 5 12 56 43 23 32 35 29 8 52 64 60 63 51 26 55 65 4 39 14 9 15 22 76 62 54 70 28 36 75 21 33 45 77 47 67 34 3 40 48 38 31 2 78 61 41 13 16 59 46 18 
21 76 31 63 25 12 29 41 54 56 67 13 27 45 44 33 72 35 48 4 68 46 64 57 59 37 77 18 16 55 75 62 78 11 70 15 32 40 9 71 3 1 20 30 69 38 51 2 50 43 80 47 28 6 34 8 61 23 74 81 24 65 53 26 22 17 52 66 10 36 39 5 79 58 19 73 60 49 42 14 7 
66 55 54 22 72 1 19 67 78 4 30 52 29 20 65 7 46 27 2 5 42 58 35 71 6 48 49 77 56 39 24 13 32 23 69 70 44 64 33 38 51 81 75 60 61 74 14 37 15 28 50 34 43 10 36 18 57 41 21 26 3 73 68 47 63 40 9 80 31 16 45 25 8 76 62 79 53 12 17 11 59 
9 16 51 41 70 48 75 40 30 74 57 28 80 66 14 21 35 61 18 46 73 31 19 53 7 38 47 67 11 33 64 4 71 22 34 25 56 39 12 54 65 5 36 45 68 59 60 29 76 26 79 55 44 42 69 49 78 8 50 62 17 10 52 3 43 2 81 24 15 20 58 37 1 63 77 32 6 23 27 72 13 
62 50 24 71 17 63 80 65 77 19 53 12 38 36 78 69 9 5 11 39 41 54 27 81 68 16 30 74 26 18 76 66 47 60 21 20 48 52 32 35 14 72 43 15 67 40 46 1 25 4 51 3 13 64 70 6 79 37 23 44 34 75 31 49 59 56 57 22 55 8 42 33 45 61 10 29 7 73 2 28 58 
3 6 15 69 4 13 14 58 68 63 44 50 51 75 33 26 32 55 80 62 29 10 78 23 17 9 37 45 8 28 81 41 53 12 72 73 76 19 22 34 79 31 57 27 18 36 35 30 47 21 66 38 16 7 56 25 20 77 42 59 2 54 24 65 61 74 64 5 46 11 70 1 67 40 60 71 39 48 52 43 49 
27 81 20 47 46 29 42 59 53 62 70 37 45 25 22 13 79 73 34 33 12 57 75 28 56 72 36 6 10 51 44 48 65 40 38 17 74 80 11 1 49 63 4 8 24 32 71 69 23 61 2 68 31 18 39 5 30 16 43 35 7 67 58 54 60 52 21 26 78 19 76 77 55 50 41 64 15 14 66 3 9 
52 39 60 49 32 5 45 57 64 59 2 18 71 67 8 41 31 48 66 77 70 21 69 1 15 20 43 54 42 29 46 16 3 62 61 14 78 23 47 37 9 28 26 13 50 53 24 12 58 63 11 17 6 27 76 65 81 74 72 40 33 55 80 4 7 10 36 51 79 73 68 75 44 25 38 35 22 19 30 34 56 
12 28 38 2 35 61 21 10 74 1 56 3 60 42 16 40 34 81 44 79 22 76 45 24 64 59 65 49 9 31 43 68 75 37 15 63 55 73 77 62 17 58 6 25 7 39 5 80 78 52 48 20 33 8 11 66 32 19 13 71 4 14 27 67 18 30 72 29 50 23 41 53 54 46 51 47 26 36 57 69 70 
18 34 43 76 26 73 7 25 56 72 6 49 10 17 15 23 11 68 40 55 51 8 52 50 4 61 60 5 57 36 35 27 58 79 30 59 16 20 71 3 46 2 69 41 42 65 67 19 70 77 54 75 9 22 45 64 47 29 53 1 38 28 63 62 12 32 13 44 39 14 66 48 37 80 78 21 74 24 81 33 31 
23 31 37 36 11 44 79 8 33 77 39 47 43 58 64 76 54 24 25 67 74 63 3 13 26 14 32 55 19 80 50 1 7 52 78 2 40 59 53 21 30 10 66 29 70 57 49 41 81 45 72 56 62 73 48 9 46 60 51 22 61 15 12 17 27 71 35 6 28 34 69 38 42 75 16 65 68 4 18 20 5 
65 7 66 16 51 36 56 31 79 32 40 39 52 26 35 37 30 2 75 58 57 29 43 61 20 46 10 38 41 74 11 76 27 18 64 60 24 33 3 77 6 19 50 48 72 1 15 17 4 70 21 22 67 14 78 59 42 68 80 34 63 71 55 5 53 81 54 47 9 44 73 8 13 62 28 49 12 69 45 23 25 
70 13 29 20 55 24 38 49 25 50 17 58 63 33 41 65 81 9 26 19 76 30 44 35 39 28 11 31 7 12 52 51 46 1 68 36 61 22 42 79 69 8 64 80 59 23 78 75 57 32 62 43 60 37 53 4 14 67 45 6 72 18 74 56 15 16 66 71 77 3 27 34 21 73 5 40 47 2 54 10 48 
68 74 22 44 14 57 76 52 6 60 54 71 66 48 34 61 4 21 41 9 24 62 12 42 13 49 53 3 2 69 78 73 23 75 56 16 18 5 26 67 47 43 58 55 32 10 72 11 28 8 19 81 80 45 33 36 37 30 27 79 77 46 17 25 39 59 1 20 65 7 40 70 35 15 63 50 51 31 29 38 64 
39 61 41 5 21 37 46 9 19 75 69 38 49 18 20 67 74 44 14 63 48 72 34 55 16 22 54 25 35 6 8 80 15 50 47 62 51 65 78 29 27 45 60 71 36 2 68 59 13 40 7 79 73 24 81 52 58 11 56 10 76 1 3 33 23 64 32 31 12 26 30 28 66 77 4 70 43 17 53 57 42 
45 1 33 67 2 53 77 12 73 68 24 22 42 51 6 16 10 43 60 8 18 71 65 32 23 80 66 14 40 34 54 21 59 4 58 44 63 81 13 74 15 25 7 39 57 29 56 35 64 31 3 5 20 46 41 28 62 49 70 9 75 48 47 78 69 55 38 17 11 50 52 36 19 79 27 26 30 72 61 37 76 
42 10 72 58 15 47 30 26 81 80 36 29 5 8 12 46 27 23 59 68 67 77 70 52 78 4 38 32 45 66 17 79 22 28 39 33 54 49 40 53 73 76 11 37 14 48 50 9 55 34 44 69 18 74 61 13 2 43 64 31 60 20 25 51 6 57 19 21 62 24 35 63 71 3 7 1 16 65 41 56 75 
54 64 62 32 80 27 28 78 4 73 19 59 57 14 7 31 25 11 3 69 81 17 79 36 50 6 45 29 67 42 49 37 48 9 26 5 30 10 70 20 1 56 2 23 21 77 12 47 71 41 63 58 76 53 22 35 40 65 15 51 16 38 66 13 46 72 43 60 68 61 75 74 18 39 52 8 34 33 24 44 55 
43 59 75 18 69 17 71 60 35 15 3 45 53 64 76 77 56 13 33 7 40 1 31 47 21 27 74 61 55 63 72 10 81 70 20 19 66 28 46 41 44 62 34 38 9 54 16 25 65 51 52 30 49 26 57 50 8 24 73 5 12 23 39 2 14 42 29 37 4 58 48 79 80 36 6 11 67 22 68 32 78 
8 40 11 23 63 50 48 3 34 55 28 72 79 70 1 47 78 62 5 56 2 37 15 64 25 51 73 13 24 43 57 30 77 53 71 65 31 75 68 17 16 4 12 35 52 33 39 36 6 66 61 42 27 38 21 19 44 26 32 54 29 7 69 45 76 18 22 10 41 80 49 67 74 60 9 20 14 46 58 59 81 
################proper############## 

 average_time = 41.835286 

 success runs = 1 

 total average iters = 500261.000000 
