5
2 0 0 0 23 0 0 0 9 0 0 0 8 0 0 19 0 4 0 0 0 0 0 24 0 
0 0 0 0 0 0 0 0 0 0 0 18 0 3 9 1 0 0 25 0 23 0 17 10 0 
0 16 0 0 0 0 3 0 18 0 0 0 12 5 19 0 0 23 6 0 25 8 0 0 2 
0 0 0 0 0 15 24 19 0 0 17 0 6 0 0 0 0 0 0 0 0 0 7 0 0 
0 0 0 12 13 10 0 0 0 5 0 0 0 0 0 15 0 0 18 21 0 0 0 0 0 
0 0 0 0 0 18 8 0 23 0 0 0 9 0 21 0 0 0 0 0 16 0 0 0 6 
0 4 13 15 0 0 1 0 0 0 24 0 19 0 0 0 25 0 0 0 0 0 0 0 0 
7 0 6 0 0 25 0 0 22 0 0 0 0 4 0 0 11 19 0 0 0 0 0 0 0 
0 20 8 23 0 0 0 16 0 0 0 0 0 11 0 0 0 0 0 0 0 2 0 0 0 
19 0 3 0 0 0 0 0 0 4 18 0 22 16 0 0 0 17 0 0 0 0 0 13 25 
13 0 0 0 0 0 0 0 0 22 0 2 0 0 0 0 0 0 0 0 0 18 0 14 0 
8 0 0 0 0 0 0 0 0 0 21 0 0 0 14 0 0 11 22 0 0 0 0 12 0 
0 11 22 0 0 0 0 0 25 0 0 0 0 0 0 0 0 2 0 0 13 0 0 1 10 
0 0 0 0 18 0 0 0 0 0 0 0 10 0 7 0 0 0 17 0 0 0 0 0 11 
1 0 10 0 0 23 17 0 0 0 0 0 5 0 22 0 3 24 0 0 7 0 0 0 0 
0 0 0 0 5 0 0 0 0 0 0 0 0 25 11 24 0 0 8 20 0 0 0 0 0 
24 0 0 0 0 0 0 20 5 0 0 0 0 0 0 0 15 14 1 0 10 13 0 7 0 
0 0 1 0 0 0 0 0 0 21 20 0 2 0 0 10 0 0 11 0 0 0 0 5 0 
0 0 0 0 0 9 0 0 14 0 12 0 0 0 5 0 0 0 7 0 0 0 2 0 0 
0 0 15 16 0 0 0 0 1 0 0 21 0 0 0 0 0 6 0 17 11 24 0 0 0 
12 0 0 0 3 0 21 0 0 10 0 0 16 17 0 0 22 0 15 0 0 0 0 0 0 
0 0 0 0 10 0 0 0 0 0 0 0 0 0 3 0 0 0 0 0 0 0 0 25 12 
0 0 0 0 0 0 9 25 19 0 0 0 0 0 0 0 0 16 24 6 5 0 0 0 0 
0 19 25 2 0 13 0 0 0 0 0 9 14 0 0 0 0 0 0 11 3 0 0 0 0 
0 0 7 0 0 0 0 0 0 0 5 0 11 24 0 8 0 0 2 0 0 0 10 0 0 
