Success!!! 
 
 max_col = 
 36 
 
 run_time = 
 0.167799 
 
 once iters = 
 14395 
 
34 23 18 21 10 4 6 2 3 16 13 36 22 31 35 26 15 32 29 8 24 17 33 19 7 27 12 20 14 30 28 1 9 5 11 25 
30 24 11 25 12 13 31 34 4 35 18 8 17 9 33 10 36 19 5 27 1 26 2 28 23 29 15 32 22 21 3 16 14 20 6 7 
8 7 31 17 26 32 15 21 27 19 30 14 34 4 25 28 23 11 18 10 3 16 20 9 6 2 13 35 1 5 36 33 12 29 22 24 
28 15 36 16 1 2 12 33 25 23 20 11 8 5 27 29 13 6 34 14 30 35 7 22 26 24 3 19 10 9 17 31 4 32 18 21 
27 22 9 33 19 14 10 32 7 5 29 26 30 24 20 3 16 1 21 12 6 23 4 25 28 18 11 36 31 17 2 34 13 8 15 35 
6 29 5 3 35 20 22 17 28 9 1 24 7 21 12 2 14 18 36 11 13 31 15 32 16 4 8 33 34 25 10 23 27 19 30 26 
22 10 30 34 2 6 24 8 17 32 9 29 15 27 26 18 20 28 3 4 36 1 21 31 35 23 19 14 33 13 11 5 25 16 7 12 
12 17 28 24 13 5 35 1 20 4 16 34 31 30 36 9 2 33 7 22 25 10 6 29 18 3 27 15 32 11 21 8 19 26 23 14 
20 1 27 7 21 19 33 18 30 22 10 23 14 16 4 13 25 34 11 17 12 8 32 15 5 36 29 26 2 24 6 9 28 3 35 31 
15 8 3 4 9 31 14 6 36 11 25 2 19 22 32 7 5 23 28 35 16 33 18 26 17 12 21 10 30 1 24 13 20 27 29 34 
23 25 14 29 18 36 7 19 26 31 5 12 3 11 24 35 10 21 30 34 27 2 9 13 20 16 28 22 8 6 15 4 32 1 17 33 
16 26 32 35 11 33 21 27 15 3 28 13 1 12 17 6 29 8 19 23 20 14 24 5 34 7 25 4 9 31 22 18 30 10 36 2 
5 12 34 10 14 28 8 30 31 13 35 16 27 33 18 20 9 36 25 3 17 21 29 2 4 1 24 7 15 26 32 11 23 6 19 22 
3 33 26 8 17 25 5 15 23 1 11 9 10 6 29 30 19 35 24 13 4 18 31 14 21 34 32 27 16 22 12 36 7 28 2 20 
32 27 13 1 15 9 2 4 18 25 24 7 26 34 3 22 17 12 23 36 10 11 16 6 29 19 14 30 28 20 33 21 5 35 31 8 
7 30 35 20 31 23 36 10 14 17 22 28 21 32 11 16 24 5 12 1 19 15 34 33 8 9 6 13 25 2 26 3 29 18 4 27 
29 2 21 6 24 16 34 3 19 12 32 33 23 13 7 4 28 14 26 9 22 20 27 8 11 31 35 18 5 36 1 17 15 30 25 10 
18 19 4 36 22 11 29 26 6 20 21 27 25 2 8 15 1 31 32 28 5 30 35 7 3 10 17 12 23 33 34 14 24 9 16 13 
13 32 16 19 27 1 17 20 22 33 34 6 36 18 15 14 3 7 35 29 2 25 28 10 30 21 26 31 24 23 5 12 8 11 9 4 
33 21 6 9 36 18 4 16 24 2 26 5 28 10 23 27 12 13 1 32 8 7 11 17 19 25 20 3 29 14 30 22 35 31 34 15 
17 31 22 14 23 3 11 7 9 15 8 1 29 26 16 34 35 4 20 5 21 24 30 18 33 6 2 28 12 32 13 27 36 25 10 19 
10 34 7 11 20 15 19 28 35 21 12 30 6 8 5 17 32 25 4 16 31 9 14 3 13 22 18 1 36 27 29 24 33 2 26 23 
26 5 24 12 30 29 3 14 10 27 31 25 11 20 2 21 33 22 13 6 15 19 36 23 9 8 16 34 4 35 18 28 17 7 1 32 
2 35 25 28 4 8 18 23 13 29 36 32 9 1 30 19 31 24 27 26 33 22 12 34 10 17 5 11 7 15 20 6 3 14 21 16 
36 4 23 13 25 21 16 22 33 34 7 20 35 29 19 11 8 27 9 24 18 6 3 1 12 32 10 2 26 28 14 15 31 17 5 30 
31 20 8 32 28 17 25 24 29 10 23 21 12 14 13 36 22 3 15 7 11 34 26 30 1 5 33 6 18 16 19 35 2 4 27 9 
1 14 19 26 3 30 27 12 2 6 4 15 16 23 21 33 18 17 31 25 28 32 5 36 22 20 9 24 35 34 7 29 10 13 8 11 
24 9 29 22 33 10 1 11 5 36 14 35 20 7 6 32 34 15 8 2 23 13 19 27 25 30 31 17 3 4 16 26 18 21 12 28 
35 18 12 5 6 7 13 31 32 30 19 3 2 28 9 1 26 10 17 21 14 4 22 16 27 15 23 8 11 29 25 20 34 24 33 36 
11 16 2 15 34 27 26 9 8 28 17 18 24 25 31 5 4 30 33 20 35 29 10 12 36 14 7 21 13 19 23 32 1 22 3 6 
19 6 33 27 8 12 20 25 34 24 15 22 13 17 14 23 7 16 2 18 29 5 1 35 32 26 4 9 21 10 31 30 11 36 28 3 
21 28 20 18 5 35 32 29 12 14 3 17 33 15 22 24 6 2 10 30 34 27 25 4 31 11 36 16 19 8 9 7 26 23 13 1 
9 36 17 2 7 24 23 35 16 26 33 4 18 19 10 8 30 20 22 31 32 3 13 11 15 28 1 5 6 12 27 25 21 34 14 29 
25 3 10 30 29 34 28 13 21 18 27 31 32 35 1 12 11 26 16 19 9 36 8 24 14 33 22 23 17 7 4 2 6 15 20 5 
14 11 15 23 16 26 9 5 1 8 2 19 4 36 34 31 27 29 6 33 7 28 17 21 24 13 30 25 20 3 35 10 22 12 32 18 
4 13 1 31 32 22 30 36 11 7 6 10 5 3 28 25 21 9 14 15 26 12 23 20 2 35 34 29 27 18 8 19 16 33 24 17 
################proper############## 

 average_time = 0.167799 

 success runs = 1 

 total average iters = 14395.000000 
