Success!!! 
 
 max_col = 
 36 
 
 run_time = 
 0.223200 
 
 once iters = 
 21553 
 
15 20 18 36 28 22 35 5 12 34 21 23 6 14 8 31 1 27 2 19 9 17 30 24 16 29 32 33 25 13 26 4 7 11 3 10 
8 3 23 19 13 26 33 4 20 31 11 9 12 2 34 7 21 30 16 6 5 14 36 25 28 18 17 10 15 27 35 32 29 22 24 1 
31 9 35 10 11 27 16 18 24 1 30 7 20 29 25 28 36 32 15 4 22 33 26 12 5 23 6 21 19 3 8 34 13 17 2 14 
21 16 1 2 32 24 36 26 15 10 25 29 3 11 5 22 17 33 35 23 20 8 13 18 7 9 14 12 4 34 28 27 19 30 31 6 
4 5 25 29 17 30 6 28 22 14 19 8 10 16 13 24 18 23 7 34 27 11 32 3 36 1 31 2 26 35 12 20 9 15 33 21 
14 7 12 33 6 34 27 2 13 32 3 17 19 4 15 9 26 35 10 1 21 29 31 28 20 8 30 24 11 22 18 36 25 23 5 16 
36 11 13 17 35 15 28 23 26 5 12 1 27 8 14 34 31 4 25 30 6 18 29 2 32 19 10 16 7 33 3 24 21 20 22 9 
9 22 26 16 7 28 3 31 6 4 36 19 18 12 23 35 5 15 20 13 10 27 8 21 11 24 1 34 2 29 17 33 32 14 30 25 
34 23 27 14 4 25 10 29 11 21 16 15 1 33 30 36 6 3 9 24 32 22 19 26 17 20 5 35 28 12 31 13 2 18 8 7 
19 33 10 20 29 32 7 8 30 27 18 14 25 28 2 17 24 26 3 5 16 23 11 36 21 31 22 9 13 4 34 1 6 35 15 12 
24 12 31 6 1 8 2 22 17 9 13 34 16 21 29 32 11 20 4 7 15 28 33 35 14 36 3 30 18 25 19 26 10 5 23 27 
5 2 21 18 30 3 25 32 35 20 33 24 22 19 9 10 7 13 34 12 31 1 14 17 23 15 26 8 27 6 4 16 11 29 28 36 
32 29 24 9 20 17 21 15 19 28 10 16 23 18 33 11 27 14 26 22 13 35 6 30 3 34 8 36 5 2 25 7 1 31 12 4 
13 6 3 21 25 2 17 20 32 36 14 26 34 22 35 16 19 5 11 8 12 31 23 1 18 4 29 7 30 24 9 28 15 27 10 33 
16 26 30 27 33 1 18 13 5 11 35 4 21 9 7 6 25 29 36 15 34 19 28 10 22 12 20 32 17 31 2 23 3 8 14 24 
35 18 28 34 23 11 29 33 7 3 2 31 36 32 12 13 8 17 24 25 4 5 9 14 1 10 15 27 6 26 20 22 30 21 16 19 
12 15 19 8 5 14 1 6 23 30 27 22 24 26 20 4 10 31 33 3 7 21 2 29 9 35 25 28 16 11 32 18 36 34 17 13 
22 4 7 31 10 36 9 25 34 24 8 12 2 15 28 30 3 1 32 18 17 20 27 16 19 14 33 13 23 21 11 35 5 26 6 29 
18 10 5 23 21 19 12 3 4 13 7 2 29 17 16 26 32 25 28 36 14 24 20 27 8 22 11 6 9 15 33 31 34 1 35 30 
11 17 32 3 14 35 26 24 33 16 5 20 13 36 1 12 28 6 22 9 25 10 18 34 2 27 4 23 31 30 29 21 8 19 7 15 
2 27 34 22 12 4 14 9 8 29 1 36 30 35 21 18 15 7 31 16 26 6 17 33 25 13 19 5 20 32 24 10 23 28 11 3 
26 13 36 7 8 33 32 17 21 19 31 6 11 34 27 20 22 10 12 35 30 15 5 23 24 3 28 1 29 14 16 2 4 9 25 18 
6 25 29 1 15 20 22 10 28 18 23 30 14 24 31 2 4 9 19 21 11 13 3 8 35 33 16 26 34 7 27 5 12 32 36 17 
28 30 9 24 31 16 11 27 25 15 34 35 8 5 3 33 23 19 29 2 1 32 7 4 12 21 18 17 36 10 6 14 22 13 20 26 
1 36 15 28 16 9 5 7 14 8 29 25 26 3 32 27 13 22 17 11 24 30 34 31 6 2 12 18 33 20 21 19 35 10 4 23 
29 35 14 4 2 18 19 11 31 22 26 21 9 25 17 15 16 36 23 33 28 12 1 32 27 7 34 3 10 5 30 8 24 6 13 20 
30 31 6 11 3 23 24 1 27 12 32 13 5 20 4 14 35 34 8 10 19 9 22 15 26 28 36 25 21 16 7 29 17 33 18 2 
7 8 20 13 26 21 15 30 10 6 28 3 33 31 19 23 2 11 18 27 36 16 25 5 4 17 35 29 24 1 22 9 14 12 32 34 
17 19 33 5 34 12 20 16 36 35 4 18 28 10 6 8 29 24 13 26 3 2 21 7 30 32 23 22 14 9 1 15 31 25 27 11 
25 24 22 32 27 10 23 34 9 2 17 33 7 1 18 21 30 12 6 14 29 4 35 20 31 11 13 15 8 19 5 3 16 36 26 28 
33 1 17 26 24 29 4 35 18 25 15 28 32 30 36 3 34 21 5 31 2 7 12 13 10 6 9 20 22 23 14 11 27 16 19 8 
23 28 16 35 22 6 34 36 1 7 24 27 17 13 11 19 20 2 30 32 8 26 4 9 15 5 21 14 12 18 10 25 33 3 29 31 
20 21 2 12 18 13 8 19 29 23 6 32 31 27 10 5 33 28 14 17 35 3 16 11 34 25 24 4 1 36 15 30 26 7 9 22 
3 34 4 30 19 31 13 12 16 17 9 5 15 7 24 25 14 18 1 28 33 36 10 22 29 26 27 11 35 8 23 6 20 2 21 32 
27 32 11 25 9 5 30 14 2 33 22 10 4 6 26 29 12 8 21 20 23 34 15 19 13 16 7 31 3 28 36 17 18 24 1 35 
10 14 8 15 36 7 31 21 3 26 20 11 35 23 22 1 9 16 27 29 18 25 24 6 33 30 2 19 32 17 13 12 28 4 34 5 
################proper############## 

 average_time = 0.223200 

 success runs = 1 

 total average iters = 21553.000000 
