Success!!! 
 
 max_col = 
 36 
 
 run_time = 
 0.321547 
 
 once iters = 
 37443 
 
31 27 28 24 32 20 3 7 16 34 33 12 36 25 10 8 2 13 30 21 26 11 19 22 1 6 35 18 23 17 5 4 29 9 14 15 
16 13 30 9 18 22 32 23 17 10 5 4 1 28 19 21 34 26 14 8 15 33 6 35 20 25 7 29 36 2 11 24 27 31 3 12 
17 5 6 21 10 11 18 22 28 13 26 25 24 9 35 30 3 29 2 12 27 34 7 32 19 8 15 4 31 14 36 1 23 33 16 20 
15 34 35 1 36 29 31 30 6 19 11 21 14 23 20 12 16 5 24 25 13 4 18 9 10 3 28 26 27 33 32 22 2 17 8 7 
8 7 4 19 2 12 24 1 35 14 27 29 11 15 17 33 22 31 16 3 28 23 36 20 30 32 34 9 21 5 13 10 25 18 26 6 
33 26 14 25 3 23 15 36 9 2 8 20 7 27 18 32 6 4 29 5 31 17 10 1 16 11 13 24 22 12 21 35 30 19 34 28 
1 21 15 34 9 17 28 27 12 35 4 3 25 36 33 2 13 8 20 23 29 14 26 18 31 7 6 11 19 32 22 5 16 24 10 30 
4 24 25 29 19 32 13 9 11 16 20 7 35 21 1 23 27 10 34 28 8 22 2 5 12 17 14 33 3 30 15 26 18 6 36 31 
3 30 11 33 8 31 10 18 26 24 32 15 22 4 28 5 9 14 6 19 7 12 21 36 29 16 23 20 35 1 27 25 17 34 2 13 
20 18 13 22 28 27 6 8 25 5 29 33 31 12 30 26 19 32 11 15 17 16 1 3 24 36 10 34 2 21 4 14 9 35 7 23 
2 23 16 26 35 7 36 17 1 30 19 14 34 24 6 15 29 18 13 9 33 10 27 31 25 28 8 5 4 22 12 32 11 3 20 21 
12 10 36 5 6 14 34 21 22 23 2 31 20 3 16 17 7 11 35 32 4 24 30 25 15 27 18 13 26 9 1 29 28 8 19 33 
24 2 8 17 16 19 23 14 32 20 9 36 4 22 34 35 30 6 5 18 1 15 33 26 27 10 31 7 13 29 25 11 21 28 12 3 
28 35 26 7 25 30 8 16 4 17 34 13 32 29 27 3 5 21 10 31 6 19 23 11 22 18 1 12 14 24 2 9 15 20 33 36 
36 11 1 23 4 33 27 25 15 3 22 35 26 7 12 19 31 9 21 2 14 30 13 24 6 5 20 32 34 28 17 16 8 29 18 10 
32 12 10 27 13 3 26 28 2 29 7 30 33 18 23 20 14 16 4 34 35 36 22 8 11 9 17 21 15 25 6 31 19 1 24 5 
21 14 9 18 29 15 5 19 31 1 6 10 8 11 36 25 24 28 32 17 20 27 3 12 33 2 26 16 30 23 35 7 13 4 22 34 
22 6 34 20 31 5 33 12 21 18 24 11 2 10 13 1 15 17 25 7 9 29 16 28 36 19 3 35 8 4 23 30 14 26 32 27 
34 3 27 12 23 28 25 33 36 6 10 24 29 30 8 13 35 2 15 1 18 5 31 7 17 4 22 14 32 20 9 21 26 16 11 19 
13 33 21 4 30 18 7 20 5 9 12 19 3 34 26 10 11 1 28 16 32 2 25 27 23 35 36 6 24 8 14 17 31 15 29 22 
11 16 22 31 5 35 1 2 14 28 17 27 18 32 7 6 25 19 8 29 24 20 34 10 21 13 9 15 33 26 3 12 36 23 30 4 
19 29 2 6 20 9 16 35 23 15 13 34 21 5 24 14 36 12 33 30 22 26 17 4 18 31 11 25 10 3 8 28 7 32 27 1 
26 36 7 14 24 25 4 32 30 31 18 8 17 16 9 22 23 15 12 11 3 13 35 21 28 1 27 19 29 34 33 20 6 10 5 2 
10 8 32 15 17 1 29 26 3 11 21 22 27 33 4 31 28 20 23 14 36 6 9 19 7 30 12 2 5 16 24 18 34 25 13 35 
7 17 12 28 33 2 9 4 18 27 35 32 19 8 14 16 1 23 31 10 30 3 11 6 34 26 5 36 25 15 29 13 20 22 21 24 
6 1 18 32 14 13 12 11 24 25 31 23 15 20 22 34 10 33 17 4 5 9 8 29 35 21 16 27 7 19 30 2 3 36 28 26 
23 22 20 30 15 10 17 29 34 21 16 5 9 2 11 24 18 3 36 26 12 32 28 33 13 14 4 8 1 6 19 27 35 7 31 25 
35 4 5 11 27 16 19 10 8 36 30 26 13 6 29 28 17 25 22 24 21 7 15 2 3 12 32 31 20 18 34 23 33 14 1 9 
29 9 3 8 26 34 14 13 7 33 15 28 12 31 21 36 32 27 19 35 25 1 20 23 2 22 24 30 17 10 16 6 5 11 4 18 
25 19 31 36 21 24 2 3 20 22 1 6 30 26 5 7 4 35 27 13 16 18 14 34 9 33 29 23 28 11 10 8 32 12 15 17 
14 20 17 16 1 21 22 34 33 8 23 9 28 13 32 11 12 24 7 36 2 31 4 30 26 15 25 3 6 27 18 19 10 5 35 29 
9 31 23 3 22 36 30 6 10 4 25 16 5 14 2 29 8 7 1 20 19 35 12 15 32 34 21 28 18 13 26 33 24 27 17 11 
5 28 29 2 34 4 20 15 27 12 3 17 23 19 31 9 26 30 18 6 10 8 32 13 14 24 33 22 11 35 7 36 1 21 25 16 
18 25 19 13 12 8 21 31 29 26 14 1 6 35 15 4 33 36 3 27 11 28 24 17 5 23 30 10 16 7 20 34 22 2 9 32 
27 32 24 10 11 6 35 5 13 7 28 2 16 17 3 18 21 22 26 33 34 25 29 14 4 20 19 1 9 36 31 15 12 30 23 8 
30 15 33 35 7 26 11 24 19 32 36 18 10 1 25 27 20 34 9 22 23 21 5 16 8 29 2 17 12 31 28 3 4 13 6 14 
################proper############## 

 average_time = 0.321547 

 success runs = 1 

 total average iters = 37443.000000 
