Time: 23.002980
6 5 22 21 1 8 16 2 7 20 4 9 25 15 12 10 17 14 13 3 23 24 19 18 11 
19 20 25 24 2 4 13 1 21 18 16 3 23 6 8 12 5 22 9 11 15 7 14 17 10 
12 9 18 10 8 22 5 14 15 11 1 13 17 24 21 7 2 23 20 19 16 3 4 6 25 
17 13 23 14 16 25 19 3 10 12 11 7 2 18 20 21 6 4 15 24 8 9 5 1 22 
4 15 3 7 11 23 6 17 24 9 10 14 22 5 19 16 8 1 25 18 20 2 13 21 12 
8 25 5 17 20 13 3 19 6 2 22 23 21 11 7 4 16 24 18 14 9 10 15 12 1 
14 1 15 3 21 18 23 11 22 16 2 19 8 13 4 17 7 10 12 9 6 20 25 24 5 
13 18 16 12 10 9 25 7 17 21 15 24 14 1 3 19 20 6 5 2 22 8 11 4 23 
23 7 4 6 19 24 15 10 12 5 20 16 9 17 25 8 1 21 11 22 2 14 3 13 18 
24 22 2 11 9 1 8 4 20 14 6 18 12 10 5 3 25 13 23 15 17 16 21 7 19 
11 17 7 25 15 12 18 23 1 19 9 20 24 21 22 13 4 3 2 16 14 5 6 10 8 
20 24 12 22 13 16 11 9 3 17 14 5 10 2 18 6 19 7 21 8 25 23 1 15 4 
3 10 9 16 5 15 2 8 25 4 12 1 7 19 6 14 18 20 22 23 21 13 24 11 17 
21 23 1 8 14 6 20 22 5 13 17 4 3 16 11 24 15 12 10 25 19 18 7 2 9 
18 2 19 4 6 7 24 21 14 10 23 8 15 25 13 5 9 11 17 1 12 22 16 3 20 
15 21 17 5 3 19 7 16 2 25 13 6 20 12 23 22 11 9 24 4 10 1 18 8 14 
22 16 6 9 25 21 14 13 23 1 3 15 11 8 10 20 12 18 7 17 4 19 2 5 24 
10 14 13 19 23 11 12 5 4 24 18 2 1 22 9 25 3 15 8 6 7 21 17 20 16 
7 12 8 20 18 17 10 15 9 3 24 21 19 4 16 2 14 5 1 13 11 25 23 22 6 
1 11 24 2 4 20 22 6 18 8 7 25 5 14 17 23 10 19 16 21 3 15 12 9 13 
5 6 14 15 7 2 9 18 8 22 25 12 16 23 1 11 24 17 3 20 13 4 10 19 21 
9 3 21 13 22 5 17 24 19 6 8 11 4 7 15 18 23 25 14 10 1 12 20 16 2 
25 19 11 18 12 3 4 20 16 7 21 10 13 9 14 1 22 2 6 5 24 17 8 23 15 
16 4 10 23 24 14 1 12 13 15 5 17 6 20 2 9 21 8 19 7 18 11 22 25 3 
2 8 20 1 17 10 21 25 11 23 19 22 18 3 24 15 13 16 4 12 5 6 9 14 7 
