Time: 68.515347
7 23 12 24 6 1 11 16 4 14 8 2 19 18 17 9 21 20 13 10 5 25 22 3 15 
20 10 11 3 21 6 17 8 9 25 15 5 4 23 22 19 14 2 12 16 24 1 13 18 7 
1 14 9 5 17 13 22 20 3 2 21 24 10 11 25 15 8 18 7 6 23 4 12 16 19 
16 2 25 4 13 21 18 24 15 19 20 12 9 7 14 5 22 23 3 1 17 11 6 10 8 
19 22 8 18 15 10 7 5 23 12 3 6 1 13 16 11 24 4 25 17 21 14 2 9 20 
3 16 10 8 20 23 12 4 25 22 19 11 24 5 18 7 2 17 1 15 9 13 14 6 21 
2 9 17 7 1 3 16 13 14 21 6 4 12 15 8 20 19 24 18 23 22 5 10 25 11 
5 21 15 19 25 18 24 7 6 11 23 14 22 2 20 13 12 10 9 4 16 17 3 8 1 
12 11 24 23 22 20 5 1 8 9 10 7 17 16 13 6 25 14 21 3 4 15 18 19 2 
14 13 18 6 4 15 10 2 19 17 25 9 3 21 1 8 5 16 11 22 12 24 7 20 23 
15 3 4 9 19 22 20 18 5 24 17 25 6 8 11 2 13 1 14 12 7 21 16 23 10 
17 6 13 11 16 14 25 19 12 4 18 22 2 9 21 10 7 15 23 24 8 20 1 5 3 
21 25 14 12 5 9 13 10 7 1 24 19 20 3 23 18 16 22 4 8 11 6 15 2 17 
8 7 1 2 18 11 23 3 21 16 5 10 15 4 12 25 20 6 17 9 13 22 19 24 14 
22 20 23 10 24 8 15 17 2 6 14 13 16 1 7 21 11 3 5 19 18 9 25 12 4 
10 19 22 16 14 7 9 21 13 20 12 17 23 24 5 1 6 8 15 25 2 3 4 11 18 
4 15 6 20 23 24 14 11 22 5 16 8 7 19 2 3 18 21 10 13 25 12 17 1 9 
25 8 3 21 7 4 1 12 16 10 9 18 14 20 15 24 17 5 2 11 6 19 23 13 22 
18 1 5 13 12 2 6 23 17 8 11 21 25 10 3 4 9 19 22 14 15 16 20 7 24 
11 24 2 17 9 25 19 15 18 3 22 1 13 6 4 16 23 12 20 7 10 8 21 14 5 
13 17 16 1 2 19 21 6 10 23 4 15 11 25 9 14 3 7 8 5 20 18 24 22 12 
24 5 20 15 8 16 3 22 1 13 2 23 21 12 19 17 10 9 6 18 14 7 11 4 25 
23 4 19 14 10 17 8 25 24 18 7 3 5 22 6 12 15 11 16 20 1 2 9 21 13 
6 12 7 25 3 5 2 9 11 15 1 20 18 14 10 22 4 13 24 21 19 23 8 17 16 
9 18 21 22 11 12 4 14 20 7 13 16 8 17 24 23 1 25 19 2 3 10 5 15 6 
