Time: 66.158435
3 22 14 15 2 5 19 12 6 11 23 24 20 18 21 25 8 17 10 9 16 7 4 1 13 
10 1 25 16 5 2 4 7 21 18 13 9 12 8 6 14 20 15 23 19 17 22 3 24 11 
18 12 20 7 6 10 9 23 13 17 22 15 25 16 1 4 24 11 3 21 5 2 19 14 8 
13 19 11 9 21 24 8 1 3 20 5 4 17 14 10 7 18 16 22 2 12 25 23 6 15 
8 23 24 4 17 14 25 16 22 15 7 19 3 2 11 13 5 6 12 1 21 9 20 18 10 
24 17 19 2 8 3 10 9 14 6 18 7 21 1 20 23 22 12 16 13 11 4 15 5 25 
25 15 3 11 13 20 5 19 1 12 24 23 16 4 22 17 7 14 21 18 2 10 8 9 6 
16 21 18 1 14 11 24 4 7 23 19 6 15 17 8 9 10 2 5 25 22 13 12 20 3 
7 4 23 10 22 21 13 15 16 8 2 12 5 25 9 20 6 19 11 3 1 14 24 17 18 
20 5 9 6 12 25 18 2 17 22 11 10 14 13 3 15 1 4 24 8 7 21 16 19 23 
22 6 5 17 19 7 2 11 24 14 12 1 8 21 18 3 13 23 4 10 25 16 9 15 20 
9 25 2 12 7 13 22 10 18 4 15 3 24 11 16 6 17 1 20 5 8 19 14 23 21 
11 20 10 13 16 12 6 21 23 1 9 14 4 5 25 24 19 22 8 15 3 17 18 2 7 
1 24 21 14 15 9 3 8 20 19 17 2 13 7 23 12 11 25 18 16 10 6 5 22 4 
4 18 8 3 23 16 15 17 5 25 20 22 10 6 19 2 9 21 14 7 13 24 1 11 12 
21 8 16 24 1 22 23 13 4 3 14 25 7 9 5 18 15 10 19 20 6 11 17 12 2 
14 3 17 18 25 19 12 5 8 2 6 11 1 23 4 22 16 7 13 24 20 15 10 21 9 
19 13 4 5 9 6 7 18 15 24 21 20 2 10 17 11 12 3 25 14 23 8 22 16 1 
15 2 7 22 11 1 20 14 9 10 16 13 19 3 12 21 23 8 6 17 18 5 25 4 24 
12 10 6 23 20 17 16 25 11 21 8 18 22 15 24 5 2 9 1 4 19 3 7 13 14 
6 9 1 21 24 4 11 20 19 7 25 17 18 22 2 8 3 5 15 23 14 12 13 10 16 
17 7 15 20 4 8 21 6 25 5 1 16 11 19 13 10 14 18 9 12 24 23 2 3 22 
23 11 22 19 18 15 17 3 12 13 10 8 9 24 14 16 25 20 2 6 4 1 21 7 5 
2 14 13 25 3 18 1 22 10 16 4 5 23 12 15 19 21 24 7 11 9 20 6 8 17 
5 16 12 8 10 23 14 24 2 9 3 21 6 20 7 1 4 13 17 22 15 18 11 25 19 
