Success!!! 
 
 max_col = 
 64 
 
 run_time = 
 5.476235 
 
 once iters = 
 111912 
 
6 11 1 39 35 18 12 31 50 23 62 24 32 36 49 43 7 47 55 48 46 44 60 54 33 57 13 45 2 25 26 59 28 63 52 9 53 5 64 14 19 40 56 42 15 21 29 17 16 41 22 4 20 8 3 34 58 37 61 27 38 10 51 30 
46 58 9 62 44 63 50 17 10 38 55 42 7 45 21 53 26 2 31 13 59 24 8 33 37 3 20 19 32 23 43 39 22 12 4 57 34 54 48 49 64 18 5 47 30 27 41 52 6 56 14 61 11 29 51 36 25 28 15 40 16 35 1 60 
24 28 64 37 49 23 10 32 15 18 34 11 54 26 5 17 19 25 4 43 36 53 45 6 27 56 29 35 12 42 63 40 20 58 62 33 3 50 41 31 51 7 22 61 1 2 16 38 47 59 46 21 30 13 57 60 8 9 14 44 55 52 48 39 
41 54 36 55 45 57 60 15 35 27 2 13 47 25 22 44 32 21 58 51 29 5 37 34 53 14 10 6 50 38 7 30 16 8 43 46 1 61 56 39 28 4 26 20 31 62 33 23 9 24 64 40 12 49 52 48 59 42 63 3 18 11 19 17 
40 29 53 30 34 3 42 2 56 6 4 8 61 16 14 9 39 52 18 23 64 20 10 11 46 44 48 54 22 21 41 1 38 17 59 37 55 51 27 47 36 50 13 24 60 25 49 63 35 58 31 19 28 15 33 43 32 62 5 7 45 12 57 26 
56 4 52 25 13 47 48 19 39 28 57 20 59 12 46 30 14 22 17 1 63 49 62 41 18 31 61 11 64 16 36 51 40 10 15 35 42 7 26 60 55 8 9 45 58 3 37 32 38 53 27 5 2 23 44 50 34 54 43 33 24 6 29 21 
33 27 20 8 22 5 21 43 63 51 37 40 1 29 64 19 35 28 9 3 61 38 16 56 15 52 49 60 34 62 58 24 6 30 23 36 44 18 32 25 12 39 48 14 53 57 59 11 45 10 54 42 26 17 7 55 2 46 31 4 41 13 50 47 
38 59 16 26 7 61 51 14 52 58 3 41 48 31 60 33 57 42 50 40 15 27 30 12 55 47 4 17 5 28 9 8 2 19 45 21 24 29 11 13 54 10 6 43 34 44 35 46 63 25 1 32 18 62 37 39 20 36 53 56 64 23 49 22 
16 49 60 14 50 52 33 47 17 12 24 59 62 58 48 63 27 61 1 4 40 51 38 42 19 25 39 15 31 32 29 56 5 55 64 22 7 21 28 23 53 46 57 6 54 26 10 34 37 45 30 2 3 35 41 44 13 20 8 18 11 43 36 9 
55 40 41 54 63 24 32 29 46 8 20 22 9 49 7 31 64 18 13 45 57 16 59 60 11 50 6 33 26 35 52 48 37 56 53 17 2 42 36 44 43 47 19 28 62 38 4 39 61 14 5 25 15 21 10 51 1 27 3 12 30 34 58 23 
34 43 2 18 5 4 28 48 21 13 15 32 40 11 39 10 24 26 36 30 7 19 58 53 23 54 37 63 38 55 12 57 29 31 14 3 8 27 59 20 49 35 17 51 41 60 45 42 46 33 47 22 1 6 16 9 62 56 64 52 50 44 25 61 
11 51 19 64 12 26 45 38 54 2 43 27 42 1 28 18 6 9 41 55 17 15 22 31 21 4 5 58 46 60 3 61 25 62 13 48 32 34 16 50 33 14 52 44 56 37 63 30 20 36 7 8 23 59 53 24 57 29 35 47 10 40 39 49 
30 10 42 31 8 46 27 44 37 29 23 60 64 14 55 25 33 11 56 21 47 3 49 35 62 36 34 53 1 43 2 22 57 41 63 54 38 15 39 18 20 9 58 7 61 59 24 5 12 32 50 48 13 19 40 52 16 4 28 17 6 45 26 51 
21 17 13 36 3 15 37 1 33 57 38 6 53 52 34 16 12 44 62 28 2 50 14 10 49 9 42 30 45 51 8 20 4 35 60 24 61 46 47 19 40 27 29 48 23 22 25 18 43 11 26 63 39 58 56 64 41 5 54 55 7 59 32 31 
22 57 61 23 59 58 53 6 36 44 19 45 35 56 26 4 8 20 48 34 39 54 5 25 47 7 41 13 16 40 24 17 10 9 30 51 52 43 12 33 3 32 11 64 50 31 1 15 49 18 42 62 29 28 55 27 21 60 38 63 2 46 37 14 
62 20 35 7 9 25 56 39 30 41 47 51 50 3 61 5 52 43 37 32 23 63 46 29 28 64 14 59 27 10 44 18 1 26 58 6 11 49 40 45 21 55 2 8 12 36 13 16 4 38 17 60 54 57 34 31 48 15 42 24 22 19 33 53 
47 16 51 59 39 2 41 62 34 31 48 25 23 55 12 35 18 27 40 42 4 43 44 37 63 49 57 32 21 54 45 33 9 5 6 1 20 19 52 30 11 13 60 22 36 28 61 8 7 50 56 46 53 10 64 17 38 14 29 58 3 26 24 15 
36 46 54 4 10 17 26 49 64 63 44 5 30 8 6 22 60 50 2 47 20 58 33 62 52 27 7 55 51 56 13 53 23 57 39 38 16 31 37 28 48 34 42 32 21 35 14 1 3 29 15 24 41 9 45 40 11 43 25 59 61 18 12 19 
18 22 12 29 55 11 40 52 61 3 9 2 36 50 47 20 53 39 15 56 54 21 32 64 4 28 26 5 48 31 19 35 14 34 17 7 46 44 24 63 16 38 41 58 43 51 57 25 62 60 33 49 59 42 13 6 10 30 23 8 1 27 45 37 
15 19 44 21 57 38 7 25 27 43 28 10 24 17 4 58 48 51 34 35 16 46 13 1 8 20 30 18 29 12 42 11 60 3 49 45 36 64 22 41 26 6 62 37 59 55 40 9 5 47 63 31 14 32 23 61 52 50 56 54 33 39 53 2 
42 1 43 5 30 37 20 8 53 45 32 16 38 15 11 29 61 3 59 14 10 9 17 49 44 2 36 23 41 58 46 34 13 4 50 27 25 62 35 12 18 64 33 52 7 56 47 24 21 19 55 26 48 51 39 54 60 63 6 31 40 22 28 57 
48 50 28 9 31 14 13 35 57 42 26 19 39 62 56 37 41 23 63 8 45 36 6 52 64 22 40 1 60 24 17 25 59 21 11 18 10 33 61 55 27 53 12 15 2 29 3 54 34 20 43 44 4 30 38 58 51 7 46 16 32 49 47 5 
27 61 6 45 23 53 34 64 40 59 60 7 46 33 1 14 55 38 19 24 26 11 29 57 3 10 43 39 9 47 37 62 56 32 54 8 15 48 51 58 63 20 30 17 49 5 31 50 18 22 2 12 52 25 28 16 36 41 44 42 21 4 13 35 
58 32 24 63 56 60 3 33 41 21 54 49 51 13 18 52 22 5 28 12 25 7 31 30 50 15 59 61 6 14 16 38 43 53 26 29 47 40 2 42 10 44 46 23 19 45 39 4 57 1 11 27 37 36 35 8 64 17 48 20 34 9 62 55 
53 64 37 58 21 33 19 12 16 46 13 52 45 22 63 23 4 6 43 9 5 39 57 28 10 32 47 62 7 49 61 26 48 15 42 14 17 8 1 27 44 41 20 3 25 24 51 35 29 2 34 30 31 38 59 11 50 55 40 60 56 54 18 36 
39 55 10 3 15 50 14 5 38 30 42 54 6 59 25 7 17 33 24 64 56 61 2 40 45 13 16 34 18 37 20 21 11 29 41 23 19 36 49 26 47 1 31 63 46 8 43 48 58 28 12 51 62 60 27 53 35 52 4 57 9 32 22 44 
57 6 62 35 20 49 22 7 12 60 36 15 5 61 2 51 58 32 21 38 41 1 50 16 43 19 31 56 24 53 23 46 52 25 3 28 9 55 44 4 13 42 59 30 37 18 27 33 39 8 45 64 40 54 47 26 17 11 34 29 63 48 14 10 
44 25 40 32 38 34 16 60 55 53 27 17 56 57 62 8 13 48 3 26 14 29 19 23 35 63 2 12 59 33 28 36 24 64 47 10 18 22 30 51 61 45 7 39 11 54 9 6 50 46 52 15 21 20 4 49 5 1 41 37 42 31 43 58 
31 24 47 52 4 54 29 9 58 50 1 44 20 18 33 28 51 34 8 53 30 59 36 22 6 42 11 64 57 41 25 27 35 40 5 43 39 45 7 56 60 21 38 10 32 49 62 19 14 17 16 23 63 55 48 37 12 26 2 61 13 3 15 46 
8 18 26 46 11 1 63 27 32 40 29 35 3 9 19 48 10 7 54 37 62 52 25 44 30 51 58 4 17 50 60 14 34 61 31 13 12 59 6 21 2 15 23 57 28 64 55 53 22 42 41 33 56 43 36 5 45 24 47 39 49 38 16 20 
59 48 30 17 51 36 2 28 31 14 64 34 43 47 41 11 49 45 60 63 42 18 55 46 9 29 1 3 39 8 15 52 53 38 37 58 50 20 54 57 22 12 16 40 5 4 56 26 24 13 10 7 35 44 61 32 33 25 21 23 19 62 6 27 
13 42 56 41 61 45 43 23 26 24 49 39 10 4 37 21 15 35 11 31 12 47 20 27 5 55 22 38 40 44 48 54 62 2 33 32 63 60 46 16 34 52 36 50 14 58 17 29 19 57 3 9 6 1 18 25 30 53 7 51 28 8 59 64 
35 8 25 56 33 29 4 3 20 11 58 21 17 60 13 41 44 1 7 57 55 42 53 26 16 12 19 46 43 59 18 9 47 23 32 64 51 37 50 22 38 61 34 49 48 52 54 28 27 31 40 39 24 63 30 10 6 2 36 45 15 14 5 62 
12 52 11 24 16 10 36 59 28 64 5 1 34 51 29 45 54 41 23 33 27 13 21 63 2 60 44 26 37 48 62 32 42 20 61 53 56 6 8 38 39 31 15 9 3 14 7 40 25 43 4 57 55 50 46 19 22 47 30 49 58 17 35 18 
63 62 55 19 48 27 38 18 22 15 10 37 8 39 35 57 16 30 14 17 11 28 9 61 31 23 54 25 49 52 6 64 41 24 46 4 59 3 43 5 42 58 45 21 29 53 60 20 56 34 36 13 33 47 2 7 26 12 50 32 44 51 40 1 
5 15 45 60 2 6 64 13 43 62 53 23 19 63 9 36 37 58 32 10 18 56 4 47 38 21 33 50 30 57 51 41 39 49 27 31 14 17 34 40 35 16 24 55 22 1 26 59 42 61 20 54 44 12 29 28 7 3 52 48 46 25 8 11 
28 14 23 53 46 30 47 51 4 26 16 50 49 27 31 42 29 36 6 5 35 62 48 24 61 34 8 22 56 17 40 55 12 54 25 15 58 10 13 7 41 57 64 33 44 32 2 43 1 52 18 38 45 37 11 3 19 39 9 21 20 60 63 59 
9 37 57 20 17 7 1 22 24 55 33 3 12 48 54 32 38 60 25 49 50 31 40 19 39 58 28 42 47 4 11 13 45 44 16 52 26 35 21 2 46 63 51 36 18 30 23 62 8 64 59 6 5 41 14 15 61 34 10 43 53 29 27 56 
54 31 32 43 26 42 58 61 44 52 40 18 14 6 38 56 59 8 22 46 34 12 39 2 1 45 3 7 20 15 27 63 55 36 57 62 33 30 29 48 25 5 10 11 17 19 50 47 53 49 51 35 9 16 60 21 24 64 37 13 23 28 4 41 
50 21 39 49 40 41 44 34 2 47 7 61 25 30 59 46 43 15 45 20 52 64 3 51 24 5 53 29 35 36 14 10 18 28 1 63 60 11 19 9 56 37 8 4 6 13 12 27 26 23 58 17 32 48 22 62 54 31 33 38 57 16 55 42 
49 2 14 11 6 28 61 55 8 20 45 64 13 23 30 26 50 40 53 54 37 57 52 36 56 35 21 27 3 46 34 47 31 42 51 19 41 32 38 29 9 22 44 16 4 17 58 10 33 39 48 18 7 24 1 12 63 59 62 5 25 15 60 43 
32 12 33 42 27 19 59 20 60 49 41 47 58 5 36 1 46 14 64 6 48 34 24 18 13 62 17 10 44 63 38 4 30 37 8 11 28 23 9 61 7 25 53 56 45 43 15 21 55 40 35 16 57 52 31 2 29 51 22 26 39 50 54 3 
37 9 15 51 1 62 8 21 29 17 56 33 63 24 10 54 25 49 61 41 28 23 47 43 7 11 60 40 42 39 31 2 58 16 34 12 22 14 5 6 52 48 18 38 57 46 32 3 64 26 13 59 27 45 50 30 55 35 20 19 36 53 44 4 
52 56 58 16 29 13 30 41 7 39 35 14 22 44 3 40 20 31 5 11 9 55 1 8 26 43 51 48 61 19 53 15 64 50 18 47 62 25 57 54 6 33 27 59 24 12 36 60 10 63 28 37 38 4 21 46 49 45 32 2 17 42 23 34 
64 63 4 50 43 22 5 26 59 32 11 12 31 21 53 2 45 19 38 27 33 17 42 13 58 18 25 24 55 6 30 16 36 60 35 44 40 1 15 52 62 51 37 34 39 20 8 14 54 3 23 29 61 56 49 41 9 10 57 28 48 47 46 7 
60 3 38 34 36 48 57 40 9 4 51 62 55 28 16 27 30 29 12 39 58 32 35 7 54 33 50 20 23 1 64 37 17 46 21 59 43 2 45 10 31 19 49 26 42 63 5 61 44 15 25 53 47 11 6 22 18 8 13 14 52 41 56 24 
25 47 18 44 53 35 31 45 48 37 6 43 57 46 42 61 2 63 16 15 22 10 56 59 32 8 9 52 14 29 49 5 7 13 24 39 4 26 55 3 23 30 54 1 64 50 28 41 17 51 19 36 60 34 62 20 40 21 12 11 27 58 38 33 
7 23 17 10 54 39 24 46 18 25 50 38 52 19 15 34 62 4 26 44 21 60 51 3 41 59 12 57 36 45 22 28 49 48 20 56 27 63 33 53 29 2 40 35 13 47 11 55 32 9 8 58 43 14 5 42 31 61 16 64 37 1 30 6 
26 36 5 13 19 40 46 10 42 34 18 4 37 7 43 6 3 54 20 50 49 45 15 48 17 30 38 47 28 27 35 60 8 22 29 61 64 41 23 62 24 56 21 53 33 16 52 31 59 44 39 55 58 2 12 57 14 32 11 1 51 63 9 25 
20 45 49 27 24 31 18 42 25 16 17 29 44 32 23 62 63 46 10 58 43 41 7 9 57 39 55 37 15 61 59 12 26 1 2 5 48 28 3 11 4 36 14 60 51 40 38 64 30 35 53 50 34 22 8 33 56 13 19 6 47 21 52 54 
17 53 48 38 60 32 11 63 1 22 61 31 41 35 50 24 47 12 57 62 51 4 27 21 14 46 56 44 13 2 54 45 33 39 9 16 49 52 18 59 8 29 28 19 20 42 30 7 36 6 37 3 25 64 43 23 15 58 26 10 5 55 34 40 
2 7 21 22 52 44 23 54 11 56 12 55 60 64 58 15 34 53 33 59 8 40 28 14 25 6 63 31 4 20 32 29 51 27 10 30 57 38 17 24 37 26 39 41 35 61 46 45 13 16 49 47 19 5 9 1 3 48 18 62 43 36 42 50 
29 41 8 15 37 64 9 56 51 19 39 57 33 38 20 3 11 13 30 25 1 35 61 5 36 26 18 49 52 34 50 42 44 47 55 60 21 53 58 46 32 54 43 12 27 23 6 2 31 48 62 14 10 40 63 45 4 16 24 22 59 7 17 28 
43 34 59 12 58 51 25 4 5 54 52 48 21 53 45 47 31 56 39 19 32 6 26 17 40 41 64 16 10 11 33 3 63 14 36 42 37 13 20 15 1 49 50 62 55 9 22 44 60 7 29 28 46 61 24 18 23 38 27 30 35 57 2 8 
14 39 3 6 47 55 62 30 49 36 46 26 28 40 8 13 23 16 52 2 44 37 18 38 22 48 24 21 58 9 1 19 50 43 7 25 54 12 31 35 17 59 63 5 10 15 34 57 11 4 32 20 51 27 42 56 53 33 45 41 60 64 61 29 
1 33 50 61 28 16 35 57 14 9 30 63 2 10 27 59 36 24 42 29 60 22 64 55 51 53 23 8 62 7 5 43 19 45 40 34 6 56 4 32 58 3 25 18 47 11 48 13 52 54 21 41 17 26 15 38 44 49 39 46 31 37 20 12 
19 30 34 40 14 56 6 24 3 48 21 46 27 41 44 50 5 64 47 7 31 33 43 15 42 17 35 36 54 22 39 58 61 18 38 26 13 57 62 37 45 60 4 29 8 10 20 49 51 55 9 1 16 53 32 63 28 23 59 25 12 2 11 52 
10 26 46 48 62 12 17 37 19 33 31 53 16 54 24 38 1 59 51 22 6 2 63 39 29 61 32 43 25 3 4 50 15 11 28 55 5 47 42 34 57 23 35 13 52 41 44 36 40 21 60 56 49 7 20 14 27 18 58 9 8 30 64 45 
23 60 63 28 18 59 55 36 45 7 8 56 26 20 57 39 42 62 46 61 38 25 11 50 12 1 27 9 33 13 21 44 32 51 19 2 29 58 10 64 15 43 3 54 40 34 53 37 48 30 24 52 22 31 17 4 47 6 49 35 14 5 41 16 
3 5 22 47 25 9 52 53 62 10 59 58 18 42 51 64 28 37 35 36 13 8 34 20 48 24 45 41 63 30 55 49 21 6 44 40 23 16 60 43 14 17 61 31 26 33 19 12 2 27 38 11 50 46 54 29 39 57 1 15 4 56 7 32 
51 44 7 1 64 21 54 11 6 5 25 30 29 2 52 55 9 10 27 60 19 14 12 4 20 38 15 28 53 26 47 23 3 33 22 49 45 39 63 36 59 24 32 46 16 48 42 56 41 37 57 34 8 18 58 35 43 40 17 50 62 61 31 13 
45 38 29 2 42 20 39 58 13 35 14 36 15 34 40 60 21 17 49 52 3 48 23 32 59 16 46 51 11 5 57 31 54 7 56 41 30 4 25 8 50 62 1 27 9 6 18 22 28 12 61 43 64 33 19 47 37 44 55 53 26 24 10 63 
4 35 27 33 32 8 15 16 47 61 63 9 11 43 17 49 40 57 29 18 53 30 41 45 60 37 52 2 19 64 56 6 46 59 12 50 31 24 14 1 5 28 55 25 38 7 21 58 23 62 44 10 36 39 26 13 42 22 51 34 54 20 3 48 
61 13 31 57 41 43 49 50 23 1 22 28 4 37 32 12 56 55 44 16 24 26 54 58 34 40 62 14 8 18 10 7 27 52 48 20 35 9 53 17 30 11 47 2 63 39 64 51 15 5 6 45 42 3 25 59 46 19 60 36 29 33 21 38 
################proper############## 

 average_time = 5.476235 

 success runs = 1 

 total average iters = 111912.000000 
