Success!!! 
 
 max_col = 
 64 
 
 run_time = 
 8.579723 
 
 once iters = 
 204163 
 
28 63 6 57 27 36 49 1 5 40 29 43 9 24 37 51 44 23 20 56 61 4 19 55 34 3 42 21 7 47 41 39 54 62 16 26 35 18 14 32 52 31 22 53 64 25 17 13 45 8 12 50 11 48 30 60 10 2 58 15 33 38 46 59 
13 52 12 58 56 38 21 9 15 8 41 7 47 53 6 14 35 26 18 1 5 24 25 3 2 50 28 44 29 11 51 55 30 46 49 33 20 48 57 40 61 19 36 23 4 45 43 32 17 37 34 64 59 42 16 10 63 22 31 54 27 60 62 39 
42 17 45 41 62 7 16 44 48 64 46 25 57 31 38 3 32 28 58 60 30 22 33 21 8 24 6 37 1 59 23 20 2 39 27 15 13 43 55 11 35 14 10 9 34 56 50 47 4 5 63 54 51 19 40 61 49 26 52 53 36 12 18 29 
40 11 26 31 61 20 55 50 13 54 34 45 62 63 52 10 43 42 41 12 2 46 7 59 14 18 17 19 57 25 32 36 6 22 58 8 53 60 37 4 28 39 38 27 49 5 24 15 44 21 56 33 47 23 1 29 48 30 9 3 35 51 16 64 
48 39 33 59 53 18 8 37 21 50 42 4 1 44 49 12 34 6 9 64 17 45 54 27 16 10 58 22 40 15 35 61 23 31 29 51 38 19 52 47 11 2 62 26 60 63 30 57 24 46 43 13 3 41 36 14 55 32 5 28 25 7 20 56 
4 34 10 64 60 46 54 32 20 55 56 18 16 33 59 22 14 50 11 38 47 37 63 52 9 5 27 31 30 62 26 13 36 7 25 24 17 1 61 44 41 3 29 51 21 12 6 48 39 53 28 2 58 35 15 49 19 42 57 40 23 43 45 8 
5 2 30 19 51 14 29 15 23 36 35 61 27 28 39 58 16 31 53 13 10 8 57 40 49 12 56 4 43 60 48 33 64 9 63 41 45 59 3 50 44 54 55 7 20 42 1 46 25 18 62 32 26 52 22 38 37 34 21 17 11 24 47 6 
43 22 23 3 47 35 24 25 30 60 19 32 26 11 2 17 15 49 39 36 29 48 51 62 38 53 45 63 64 54 52 46 42 34 12 56 10 28 5 21 37 33 18 59 58 40 16 8 7 55 27 57 31 6 9 20 50 14 44 61 13 41 1 4 
49 10 35 32 21 61 42 19 50 18 39 34 40 16 62 5 47 2 64 4 60 63 45 12 27 41 46 38 8 24 53 22 48 37 20 54 59 56 29 13 30 25 6 14 23 9 55 52 31 3 15 26 17 11 43 44 33 7 1 36 57 28 58 51 
57 40 63 47 58 2 60 29 31 4 37 52 15 10 27 44 13 36 55 16 38 20 32 18 45 33 61 34 59 6 25 56 50 3 22 12 7 49 39 9 19 43 48 41 11 17 21 35 46 28 53 14 62 54 51 1 26 23 64 8 42 5 24 30 
41 45 7 15 25 34 26 24 11 43 55 48 59 42 36 9 8 40 27 3 54 23 17 19 60 4 31 62 2 51 44 57 46 28 47 30 1 52 21 14 20 22 63 50 32 38 5 10 64 33 49 6 56 58 39 18 61 35 16 29 12 53 37 13 
8 13 39 12 64 11 38 56 25 33 63 1 58 26 45 23 52 24 46 30 43 31 62 53 5 29 18 28 15 14 50 54 32 55 10 34 57 6 27 51 40 7 2 36 3 4 61 59 37 19 16 35 42 9 41 21 60 17 47 49 20 22 44 48 
51 33 53 4 23 48 36 18 47 21 14 35 22 2 19 41 57 39 7 28 6 44 10 58 17 55 13 11 20 1 49 32 24 61 5 31 26 42 43 25 29 15 8 16 56 64 54 37 52 45 60 40 12 59 38 30 34 62 63 50 9 27 3 46 
54 43 22 14 46 62 44 6 3 51 64 12 56 32 57 24 61 48 42 50 26 11 21 5 37 30 19 7 47 35 9 52 58 15 18 23 16 17 53 8 49 60 1 45 33 28 34 31 36 25 20 63 13 10 29 27 41 39 40 59 55 4 2 38 
17 5 59 55 9 1 3 52 29 28 30 38 7 13 54 20 25 37 56 51 14 33 22 49 21 42 26 36 16 23 10 63 62 4 40 35 41 64 44 60 27 18 39 12 57 53 46 58 61 24 47 34 48 2 8 50 11 31 45 43 6 32 19 15 
30 50 20 27 16 37 31 28 6 53 60 49 17 46 61 8 9 35 34 41 59 15 29 1 12 40 64 48 3 43 39 58 63 38 2 19 36 11 45 33 13 42 24 44 47 51 26 62 5 57 23 55 32 22 7 4 52 10 14 18 21 56 54 25 
22 64 13 5 17 32 25 49 37 48 10 50 45 27 56 4 60 16 1 23 51 36 11 43 54 63 24 46 42 8 30 29 19 12 53 59 58 47 18 28 2 20 61 34 62 35 52 9 15 39 26 21 33 57 3 40 38 6 55 41 44 14 31 7 
47 56 58 60 2 54 20 26 9 61 11 30 36 17 31 15 4 19 52 49 39 55 12 10 41 27 32 1 34 7 6 35 22 44 46 45 43 62 25 38 24 21 23 5 29 59 14 40 50 64 42 48 16 8 37 63 51 3 13 33 53 57 28 18 
24 4 51 53 1 21 62 11 32 2 12 28 42 5 40 64 29 8 48 15 63 38 31 7 58 37 36 60 39 44 43 50 33 57 61 3 34 14 6 23 55 46 19 10 54 13 56 30 9 35 25 59 45 18 27 41 16 49 17 22 47 52 26 20 
18 59 3 63 10 27 33 46 54 13 23 8 6 7 20 43 17 41 47 2 50 14 30 64 61 48 25 57 5 21 4 49 39 40 36 42 31 29 26 37 22 51 12 15 44 16 38 11 1 52 55 58 24 28 53 34 45 19 60 9 56 62 35 32 
44 29 14 16 6 55 23 7 34 63 49 19 24 57 3 39 26 9 22 5 45 25 46 35 20 52 51 53 13 40 2 18 15 60 54 11 30 8 10 64 58 28 41 37 27 33 31 42 32 56 4 17 43 38 62 47 21 59 50 12 1 36 48 61 
61 28 50 40 43 30 48 12 62 52 59 26 44 41 25 47 21 20 57 24 18 42 6 37 23 11 22 16 19 38 33 45 51 35 13 55 9 2 56 17 53 8 49 32 7 3 39 1 14 10 46 5 60 36 31 54 58 63 34 4 15 29 64 27 
45 36 15 35 34 57 52 42 55 22 38 60 18 29 53 46 27 3 33 32 56 13 58 44 28 59 62 14 9 10 12 31 49 24 4 16 5 21 1 41 50 26 64 63 48 47 25 17 19 30 61 20 6 7 11 51 39 37 8 2 43 40 23 54 
37 38 19 8 39 41 9 31 14 16 58 51 33 21 1 35 53 59 28 61 40 62 34 54 15 47 3 17 56 55 64 26 52 20 50 48 63 32 7 27 18 4 60 43 36 6 57 45 13 2 29 12 23 44 49 22 25 5 30 46 24 11 10 42 
52 21 2 43 14 3 61 41 33 15 36 27 20 58 51 40 49 34 38 8 64 32 28 31 24 35 12 39 54 26 60 6 11 53 57 17 62 7 9 45 16 47 56 1 18 22 23 4 29 50 59 42 37 46 25 55 44 48 10 30 5 19 13 63 
31 7 64 22 28 12 6 16 8 37 5 53 55 18 47 63 24 17 25 62 13 9 42 57 10 14 38 56 36 50 58 27 3 1 59 32 19 51 41 39 33 34 40 52 30 49 44 54 60 23 11 45 61 21 48 35 20 29 4 26 46 15 43 2 
10 48 9 30 59 8 35 60 45 3 1 22 25 6 42 62 33 56 14 52 12 27 36 23 19 46 16 13 17 64 40 5 21 50 28 63 54 4 47 29 7 24 37 11 15 32 58 43 18 34 44 31 49 20 2 26 53 55 51 57 61 39 38 41 
62 23 34 38 49 19 56 39 28 24 52 16 2 4 21 59 30 54 44 10 35 61 40 20 18 31 29 42 63 32 1 9 37 48 60 13 25 26 12 58 46 45 27 55 5 41 64 53 3 43 51 7 57 15 17 36 6 8 22 11 50 47 33 14 
29 32 47 36 18 63 5 57 60 30 61 41 19 34 14 38 22 46 50 37 4 21 53 26 44 15 7 49 33 3 59 11 55 2 23 43 40 24 20 6 51 48 9 42 39 8 35 25 16 58 13 10 64 1 12 62 27 28 56 45 31 54 17 52 
1 42 54 24 15 45 4 55 17 9 7 13 11 23 50 49 59 18 43 58 41 16 60 29 48 20 57 51 53 2 47 25 10 8 44 14 33 38 46 34 3 62 26 28 31 61 63 6 56 22 19 30 27 39 52 5 12 36 32 64 37 35 40 21 
25 26 46 20 37 33 53 27 64 32 57 39 10 12 44 48 3 11 2 63 55 7 5 51 52 23 43 45 61 4 28 30 35 18 56 22 15 31 16 36 38 13 50 17 19 29 59 21 40 54 14 41 8 47 6 9 1 60 49 34 62 58 42 24 
50 58 17 44 11 13 40 51 26 31 43 46 54 56 35 29 45 47 6 19 1 39 15 48 62 34 37 41 55 22 21 8 5 52 30 64 42 27 49 61 36 57 14 2 10 60 12 20 38 4 33 24 63 32 28 53 3 18 25 23 7 59 9 16 
55 14 37 42 20 64 51 61 53 34 22 63 35 43 23 45 39 52 40 46 11 5 56 28 36 25 4 58 49 33 13 15 7 54 6 60 24 30 17 1 26 41 57 31 50 10 47 27 59 29 8 9 18 3 32 19 2 12 62 38 48 16 21 44 
2 62 24 45 35 56 39 3 19 10 33 40 31 60 30 1 12 44 49 20 8 50 16 25 11 57 34 59 28 9 29 51 4 21 37 36 46 63 13 26 54 38 52 58 53 14 18 61 22 47 41 23 15 43 5 48 42 64 7 55 32 6 27 17 
21 19 36 49 26 58 34 48 4 59 44 5 29 64 46 13 41 63 31 18 57 30 2 24 39 32 54 27 22 53 42 37 38 56 33 25 61 10 8 43 60 9 51 35 45 55 15 3 12 20 6 16 7 62 14 17 47 11 23 1 40 50 52 28 
46 8 4 10 5 52 17 23 61 39 20 58 51 50 9 18 42 29 35 6 37 64 27 60 7 21 41 40 12 16 38 43 14 32 15 28 47 45 59 49 62 11 44 48 22 34 2 36 55 26 1 53 30 31 63 25 13 24 3 19 54 33 56 57 
32 27 18 1 54 60 43 30 36 41 6 42 37 52 16 25 62 14 45 33 7 3 13 17 26 8 23 64 31 46 5 47 53 11 55 2 12 44 34 48 21 29 59 4 24 19 49 63 28 38 40 51 50 56 58 57 9 61 39 20 22 10 15 35 
12 57 41 50 7 16 15 13 38 27 62 47 48 3 11 28 55 58 36 54 19 1 26 32 6 56 35 20 45 63 24 44 29 51 9 18 23 22 64 31 17 40 46 39 25 43 8 5 21 61 2 52 10 49 33 42 14 4 59 60 34 37 30 53 
6 47 40 29 31 9 28 63 56 7 24 15 49 14 55 54 48 38 59 21 53 34 4 22 3 61 2 52 10 17 62 1 27 5 35 57 50 16 42 19 12 30 33 64 37 20 32 23 11 44 36 46 39 60 45 13 43 58 41 51 8 18 25 26 
38 53 25 11 44 22 59 33 2 57 26 21 12 8 17 32 51 10 15 43 23 47 9 61 50 60 55 30 18 48 19 14 40 58 41 52 39 20 62 3 6 56 16 13 42 1 28 7 54 27 37 4 34 64 35 24 29 45 46 5 49 63 36 31 
15 3 8 61 32 24 1 35 39 47 28 10 53 45 48 11 36 30 17 55 62 19 44 2 22 9 5 29 4 37 31 34 56 49 42 6 60 41 51 52 63 12 43 38 40 54 7 16 33 59 50 27 21 14 18 58 46 13 20 25 26 64 57 23 
11 37 29 21 63 59 12 45 40 42 54 36 61 30 4 34 28 7 16 22 31 51 48 46 1 43 50 47 60 20 56 19 25 26 62 58 27 23 33 5 10 64 13 24 35 18 3 2 41 32 52 38 44 17 57 39 8 53 15 6 14 9 49 55 
26 41 62 52 50 5 13 20 59 29 8 9 32 35 22 6 58 60 12 57 15 10 23 34 25 38 33 24 27 61 46 17 18 19 14 44 21 3 40 16 42 55 45 56 28 37 36 51 2 49 54 47 53 4 64 31 7 1 11 63 30 48 39 43 
23 60 31 25 22 28 7 36 63 56 51 2 14 38 13 26 37 4 5 47 32 6 49 33 53 54 52 35 21 58 8 42 61 64 1 39 55 46 48 57 15 17 11 20 59 50 19 34 62 9 30 43 29 40 10 12 24 27 18 44 16 3 41 45 
53 51 27 46 38 47 30 14 18 20 31 33 52 37 7 16 11 64 21 9 3 41 43 56 40 49 15 26 32 13 57 23 17 45 34 50 22 12 24 2 25 1 58 29 61 44 48 39 8 60 35 36 5 63 55 6 62 54 28 10 4 42 59 19 
39 6 49 34 48 4 64 10 57 17 25 44 43 55 41 19 1 13 54 27 24 26 14 50 63 51 30 18 62 45 16 59 47 29 32 53 28 35 38 15 8 5 21 46 9 52 22 33 23 7 3 11 20 61 42 37 36 56 12 58 2 31 60 40 
19 54 55 17 33 40 58 43 46 49 3 23 5 15 12 60 38 53 8 25 42 18 52 45 64 7 14 2 44 39 36 10 13 30 31 20 11 9 63 59 4 6 47 57 26 27 62 41 51 48 22 28 1 16 24 56 32 50 37 35 29 21 61 34 
9 18 16 56 42 44 57 2 24 58 27 62 21 1 64 50 40 61 63 29 20 59 35 39 55 28 48 6 11 41 3 12 43 10 7 37 8 36 4 54 31 32 30 60 14 23 53 49 26 13 45 15 19 25 34 46 22 52 38 47 51 17 5 33 
27 55 1 39 40 25 37 34 44 62 2 17 63 19 60 33 18 57 29 31 52 49 24 16 51 26 59 10 58 30 22 4 12 41 43 61 48 53 54 56 9 50 28 21 8 7 13 14 35 11 38 3 36 45 47 23 15 46 42 32 64 20 6 5 
33 35 11 48 13 6 19 21 41 14 16 20 64 61 26 42 2 55 30 59 22 56 50 36 32 17 8 9 24 29 7 38 45 25 3 47 49 57 60 63 43 23 5 54 1 39 27 18 34 62 31 37 28 12 46 15 4 40 53 52 58 44 51 10 
14 49 57 51 24 26 32 59 58 12 40 37 23 9 28 53 7 21 19 45 44 43 38 63 42 6 47 55 48 27 11 62 8 13 52 4 2 50 35 46 56 61 3 30 41 15 33 64 10 1 39 22 54 5 20 16 18 25 36 31 17 34 29 60 
58 44 5 23 30 53 22 4 49 6 47 11 34 59 18 52 54 27 3 26 46 17 41 9 57 36 39 25 37 12 20 16 28 14 38 1 64 15 31 7 45 10 42 40 2 24 29 60 48 51 21 61 55 50 19 32 35 43 33 56 63 13 8 62 
7 20 52 62 29 31 41 38 22 45 15 55 3 36 5 56 6 25 4 40 58 60 37 14 13 64 53 43 23 28 18 21 16 27 39 10 32 34 30 42 47 63 35 19 12 46 51 44 49 17 57 8 2 24 26 33 54 9 61 48 59 1 11 50 
63 9 43 54 3 15 18 17 10 38 32 31 30 39 29 57 20 1 51 42 48 12 8 11 35 45 60 50 46 5 61 40 59 23 24 21 37 33 36 62 34 16 25 49 55 58 4 26 53 6 7 56 52 13 44 64 28 41 27 14 19 2 22 47 
64 12 60 2 45 42 50 8 27 35 13 24 46 48 43 21 10 5 32 39 33 28 61 47 56 44 1 54 52 34 15 41 9 6 11 29 51 55 19 18 57 53 31 62 17 36 20 22 63 14 58 25 40 30 4 59 23 16 26 37 38 49 7 3 
16 61 56 28 36 10 46 47 1 25 50 54 4 51 8 7 23 15 62 53 34 35 64 13 31 2 49 33 14 19 63 3 20 17 26 5 44 40 58 22 48 59 32 6 52 11 37 38 27 42 9 18 41 29 60 43 30 57 24 21 39 45 55 12 
56 15 44 9 41 49 45 62 51 46 53 14 60 47 32 30 50 43 23 11 25 54 59 42 29 1 20 8 38 31 27 64 57 33 17 7 52 61 28 24 5 35 34 22 16 2 10 12 58 36 48 19 4 55 13 3 40 21 6 39 18 26 63 37 
60 25 42 26 8 23 27 40 16 5 4 64 39 20 24 2 63 22 61 34 28 57 55 6 47 58 21 3 41 36 45 7 31 43 51 62 56 54 15 35 32 49 53 18 38 48 11 19 30 12 17 44 9 37 50 52 59 33 29 13 10 46 14 1 
36 24 21 18 57 51 11 53 35 23 45 59 41 54 10 31 56 32 26 44 27 52 20 38 46 62 9 12 6 49 17 28 34 16 19 40 14 39 22 55 1 37 7 47 13 30 60 50 43 63 64 29 25 33 61 2 5 15 48 42 3 8 4 58 
3 16 38 13 12 17 10 5 52 44 48 56 28 49 33 55 31 51 37 35 9 40 1 4 59 19 63 32 25 57 54 53 60 36 21 46 6 58 11 30 39 27 15 8 43 26 42 29 47 41 18 62 14 34 23 7 64 20 2 24 45 61 50 22 
59 46 28 37 4 50 14 64 43 1 21 6 38 62 58 61 19 33 13 48 36 53 3 41 30 39 11 15 51 18 34 24 44 42 8 27 29 5 2 12 23 52 17 25 63 31 40 56 20 16 10 49 22 26 54 45 57 47 35 7 60 55 32 9 
20 1 61 33 52 39 2 22 7 19 9 57 13 25 15 36 5 12 24 17 21 29 47 8 4 16 44 23 35 42 14 48 26 63 64 49 18 37 50 10 59 58 54 3 51 62 45 55 6 40 32 60 46 53 56 28 31 38 43 27 41 30 34 11 
34 30 32 6 55 43 47 54 12 26 18 29 8 40 63 27 64 45 60 7 16 58 39 15 33 22 10 5 50 56 37 2 41 59 48 38 3 13 23 20 14 36 4 61 46 57 9 28 42 31 24 1 35 51 21 11 17 44 19 62 52 25 53 49 
35 31 48 7 19 29 63 58 42 11 17 3 50 22 34 37 46 62 10 14 49 2 18 30 43 13 40 61 26 52 55 60 1 47 45 9 4 25 32 53 64 44 20 33 6 21 41 24 57 15 5 39 38 27 59 8 56 51 54 16 28 23 12 36 
################proper############## 

 average_time = 8.579723 

 success runs = 1 

 total average iters = 204163.000000 
