Success!!! 
 
 max_col = 
 64 
 
 run_time = 
 8.893341 
 
 once iters = 
 214314 
 
19 24 20 58 17 49 53 64 46 50 33 55 8 22 34 38 42 28 59 2 13 3 11 26 23 40 62 14 15 41 27 63 52 35 5 45 43 31 44 7 30 29 18 32 48 16 37 57 10 56 36 12 1 47 6 60 61 54 51 9 25 4 39 21 
11 55 32 26 3 6 28 23 15 62 51 41 13 48 17 52 58 54 43 20 38 12 10 21 46 60 61 8 25 39 31 9 50 2 14 36 18 40 37 34 47 22 49 24 27 59 42 56 35 5 4 44 45 29 33 19 7 16 30 63 1 53 57 64 
62 34 12 54 36 61 37 47 1 21 56 44 60 45 9 29 39 4 33 46 31 41 35 32 58 43 16 50 3 49 57 2 42 63 23 10 53 59 27 15 64 7 40 19 52 11 51 8 30 13 38 25 55 26 14 28 24 18 20 22 17 5 6 48 
35 2 44 7 52 57 29 51 42 30 4 43 58 5 59 27 22 6 24 18 34 17 16 63 64 36 38 55 48 54 37 21 49 47 39 25 1 19 56 26 50 60 53 28 45 12 20 23 32 3 11 61 9 62 40 31 10 13 8 14 41 15 46 33 
9 15 31 10 30 50 63 8 40 61 53 16 25 26 39 14 23 1 37 47 64 62 29 45 6 28 19 12 34 18 5 59 48 22 54 21 24 51 3 38 46 33 55 35 4 17 13 58 2 20 49 27 7 57 52 41 11 32 60 56 44 42 43 36 
60 43 21 41 38 42 22 48 63 12 18 54 11 20 28 37 57 15 27 19 52 40 5 44 47 1 33 56 7 30 24 10 55 32 6 13 16 62 61 4 3 25 36 34 2 14 39 9 51 64 50 53 46 8 17 23 35 29 45 26 58 59 31 49 
46 5 25 18 16 56 33 14 47 7 23 19 57 10 24 35 48 61 51 53 50 30 36 49 29 52 26 32 4 13 45 11 9 28 41 20 64 8 17 60 38 15 44 63 31 43 6 1 21 58 59 22 37 42 54 39 34 40 27 3 62 2 55 12 
39 45 40 13 27 1 4 59 49 64 36 6 2 32 3 31 8 14 56 9 55 25 60 7 22 20 17 42 35 53 51 44 29 46 58 33 57 30 12 11 10 21 41 5 54 61 62 26 34 16 18 15 24 63 43 48 47 19 38 52 50 28 23 37 
44 25 7 38 22 19 3 62 11 45 47 53 10 37 40 15 1 43 32 34 14 8 49 12 36 17 56 6 61 4 50 31 60 30 21 42 29 2 9 58 26 41 5 23 13 54 27 16 64 39 46 59 52 20 48 35 51 63 24 55 33 57 18 28 
23 21 64 61 49 36 30 55 14 9 5 27 18 6 51 20 62 33 35 59 53 42 40 17 7 57 25 38 52 11 13 58 34 37 63 1 28 10 31 39 2 32 46 4 56 15 24 29 43 47 44 16 60 45 8 22 26 12 41 48 3 19 50 54 
27 20 29 33 54 52 17 12 26 38 34 8 50 62 63 19 10 7 41 4 48 24 23 6 35 53 49 60 37 2 46 42 56 59 64 55 36 45 11 40 43 18 51 57 21 47 22 14 61 9 32 28 30 5 3 1 39 31 58 15 13 44 25 16 
50 18 58 35 45 26 57 60 61 39 28 42 7 43 36 30 54 52 15 25 22 9 19 11 63 47 27 10 44 29 3 41 16 33 13 24 5 4 32 49 40 62 64 6 8 48 1 59 12 2 55 23 14 51 31 56 53 17 21 46 37 38 34 20 
40 48 11 1 14 53 9 4 16 23 25 56 59 60 35 21 63 31 57 58 47 37 28 29 20 62 32 15 12 26 55 64 51 3 38 54 46 44 22 8 17 45 33 36 30 39 50 34 41 19 6 13 18 27 10 24 43 5 2 49 42 61 52 7 
13 37 5 42 41 10 39 24 32 33 49 64 31 55 58 54 46 16 20 45 60 51 30 2 40 8 18 28 59 43 34 23 6 17 61 12 14 57 26 48 44 3 19 9 53 25 52 35 7 36 21 63 4 50 15 38 27 1 22 62 29 56 11 47 
34 28 16 2 59 63 43 15 12 3 57 1 29 52 13 46 36 56 44 61 21 64 39 5 48 51 45 24 14 22 9 19 47 62 25 41 50 27 20 18 37 42 31 38 10 7 55 60 53 26 58 54 49 33 11 17 4 6 40 32 23 35 8 30 
8 31 47 56 6 51 32 46 22 17 2 48 4 24 44 41 13 27 38 3 26 18 55 50 5 39 1 16 54 21 30 33 19 23 7 53 15 52 43 35 58 20 28 12 61 49 63 11 25 62 57 40 29 37 42 34 9 36 14 45 64 10 60 59 
36 39 28 44 13 24 45 32 34 14 40 26 64 46 2 42 19 51 63 1 57 4 27 60 9 11 23 43 49 52 54 5 62 48 29 31 35 61 38 33 41 47 22 58 50 10 8 21 56 53 7 20 17 12 16 3 6 55 15 37 59 18 30 25 
30 59 56 8 5 46 12 25 48 29 63 33 20 16 21 32 17 10 36 11 28 55 58 3 24 61 51 62 57 60 4 13 37 40 26 18 9 15 47 19 6 54 7 1 23 34 38 43 31 22 41 49 44 64 45 2 52 27 50 42 14 39 53 35 
10 33 63 14 34 7 62 11 41 57 19 17 1 36 53 51 9 46 22 38 6 50 13 37 31 55 35 40 47 28 15 12 45 25 43 23 39 24 59 20 5 44 52 16 29 42 61 2 18 4 60 32 27 48 30 21 54 26 56 58 49 3 64 8 
57 17 35 37 21 43 16 27 18 28 62 3 56 4 22 59 47 44 40 54 32 53 7 25 1 30 39 45 33 38 29 36 11 34 42 63 52 50 41 6 49 64 13 48 46 55 12 31 9 51 8 26 15 14 58 61 2 20 5 23 24 60 10 19 
52 22 9 6 40 2 26 50 38 27 7 37 39 15 11 61 43 62 49 21 8 35 45 14 18 10 42 59 53 25 41 56 13 36 12 16 58 5 64 51 60 63 24 3 17 30 28 20 23 54 19 29 47 46 55 57 1 48 34 31 4 33 44 32 
31 49 54 19 23 41 60 20 13 55 45 47 52 12 10 44 59 29 64 42 5 16 24 30 2 22 7 46 58 48 26 50 1 14 57 56 17 3 8 27 4 53 32 39 37 35 15 18 36 34 25 11 33 28 38 6 62 61 43 51 63 21 40 9 
47 58 4 55 53 15 61 3 54 35 30 5 23 50 60 9 31 48 52 39 33 56 18 20 34 63 6 64 19 16 8 27 2 21 44 49 22 32 28 10 51 26 25 11 14 57 59 45 40 24 42 43 62 1 37 13 12 7 46 36 38 41 29 17 
18 42 38 51 64 29 48 1 58 43 24 31 6 8 25 49 41 34 26 23 12 15 2 61 37 32 3 21 17 20 44 14 53 4 55 60 7 46 54 30 33 56 62 40 9 19 36 27 59 35 10 39 63 52 50 5 57 45 28 16 11 22 47 13 
21 54 10 34 9 38 36 26 51 15 55 20 49 1 62 58 45 60 47 31 46 61 25 8 39 2 12 11 29 24 18 28 44 16 59 64 42 53 57 17 13 35 48 22 43 27 30 32 14 6 52 33 5 41 19 63 40 50 23 4 7 37 56 3 
6 7 27 40 39 17 44 41 33 53 48 34 24 19 14 2 51 55 50 10 3 54 1 28 59 49 9 63 60 57 42 62 4 26 32 35 13 36 15 25 56 58 47 61 20 37 5 46 45 31 29 8 23 16 22 43 64 30 52 21 18 12 38 11 
55 29 30 12 62 33 42 13 7 46 60 45 47 17 4 23 11 35 48 15 56 2 64 53 27 38 41 22 43 1 40 20 58 24 34 37 6 18 63 14 52 16 21 59 3 31 9 19 49 61 54 51 36 10 44 50 5 25 32 39 26 8 28 57 
51 53 24 31 48 18 50 5 39 59 61 29 42 9 32 8 16 21 34 22 43 27 38 41 13 26 4 3 6 64 23 37 40 7 10 52 56 47 46 62 14 2 57 44 25 36 33 28 55 17 20 1 12 11 35 30 15 58 63 19 60 54 49 45 
25 14 8 64 60 58 15 56 27 40 54 50 41 31 16 36 18 17 30 26 37 20 52 39 55 5 44 48 10 19 35 47 21 12 3 38 33 43 45 61 63 11 23 62 7 1 49 6 57 32 13 24 28 4 9 42 22 2 53 59 34 46 51 29 
59 46 23 16 63 4 2 45 43 52 12 28 5 3 57 22 33 32 14 7 42 19 62 24 61 58 50 25 30 51 53 8 54 31 20 48 55 11 49 1 39 17 10 15 34 38 29 41 60 18 64 21 26 40 56 37 44 9 35 27 47 13 36 6 
22 57 3 32 61 28 35 19 10 56 64 11 63 13 37 6 44 40 5 49 4 29 59 58 52 33 14 36 21 7 16 34 30 8 27 50 60 9 2 23 12 24 26 45 18 51 54 53 38 46 48 47 39 25 62 15 17 42 1 41 31 43 20 55 
43 11 37 52 47 20 1 49 35 44 21 38 26 30 18 25 12 9 6 57 23 13 63 36 54 56 46 31 45 15 17 32 28 39 22 51 19 29 5 41 42 4 8 50 55 60 40 64 3 7 34 58 2 59 27 53 48 14 62 61 10 16 33 24 
38 41 48 28 15 32 25 63 53 16 44 10 21 34 19 57 50 8 4 24 49 14 17 59 3 6 43 35 40 5 22 61 18 27 9 2 26 33 30 64 20 39 54 42 11 46 7 13 37 29 51 56 58 31 1 47 23 52 55 60 45 36 12 62 
7 23 62 30 37 27 64 31 24 4 11 15 54 59 1 17 6 39 9 13 10 57 43 38 45 46 21 44 2 58 12 53 61 20 56 34 48 55 36 50 35 52 16 26 49 63 18 40 28 8 3 19 25 60 5 14 32 41 33 47 51 29 42 22 
3 1 33 49 26 59 52 57 36 42 58 9 40 2 48 28 15 20 31 12 35 60 56 18 16 29 24 51 11 34 64 54 32 5 4 7 47 63 23 13 8 38 17 55 19 44 41 22 62 30 45 46 6 39 53 27 14 37 25 43 21 50 61 10 
16 6 46 21 18 11 58 17 52 13 27 61 12 47 29 60 28 45 2 64 51 63 33 62 26 23 8 49 41 55 1 48 15 57 35 39 38 25 10 31 53 14 43 56 5 50 32 37 22 42 24 36 34 7 59 44 19 4 3 54 20 30 9 40 
24 4 34 45 12 60 20 54 56 49 39 51 30 41 8 50 29 53 25 55 7 32 47 27 42 15 63 19 13 62 14 38 22 43 37 6 44 58 16 46 21 28 3 31 1 9 23 36 33 40 17 64 10 61 57 52 59 35 18 11 5 48 26 2 
14 50 22 5 42 47 8 61 45 6 35 32 55 38 7 43 30 58 19 36 54 23 46 48 56 9 60 52 31 37 25 4 3 1 51 40 62 41 29 21 59 10 34 33 12 64 57 15 26 49 16 18 11 13 2 20 28 53 44 17 39 27 24 63 
2 51 39 43 19 44 55 40 23 5 3 14 37 18 33 62 26 41 1 52 16 11 22 34 17 7 28 57 20 10 36 30 24 49 60 8 59 54 53 42 45 27 4 47 6 29 25 61 48 50 9 35 32 21 63 12 46 38 31 13 15 64 58 56 
53 35 13 29 10 9 56 36 20 63 31 46 22 25 26 64 21 37 42 5 61 44 3 40 50 18 47 27 32 33 59 39 12 19 45 17 11 28 14 52 24 51 60 30 58 2 48 62 15 38 43 4 54 23 41 55 49 8 57 7 6 34 16 1 
33 61 19 11 56 62 18 7 60 47 50 21 17 64 6 13 35 38 28 43 25 26 9 54 14 45 57 5 42 12 32 29 39 52 46 3 31 23 4 37 16 49 27 10 40 8 2 44 58 1 22 41 53 24 34 59 30 15 48 20 36 55 63 51 
45 64 51 39 29 12 34 35 3 22 9 18 53 63 30 24 14 49 60 32 17 33 31 10 4 16 2 37 62 36 7 1 5 56 48 19 21 20 42 47 61 55 50 13 41 28 58 38 46 57 15 52 43 44 26 40 8 59 6 25 27 11 54 23 
4 9 6 23 2 48 59 30 55 41 10 39 16 56 31 11 27 24 58 37 20 7 51 64 28 44 13 61 22 47 60 26 57 54 8 29 12 34 1 43 18 46 15 14 36 52 35 25 5 45 63 38 42 3 21 49 50 33 19 40 32 62 17 53 
54 47 53 36 57 25 41 37 2 20 32 49 51 27 15 45 4 11 13 8 30 6 34 16 21 48 40 9 64 56 63 52 14 38 50 28 10 26 58 24 62 23 1 60 59 3 43 39 29 55 61 17 19 35 12 33 18 46 42 44 22 7 5 31 
42 8 26 15 24 5 13 16 44 37 38 59 33 14 52 7 56 50 23 29 45 1 12 57 43 3 54 17 46 31 6 25 27 9 40 62 49 35 55 36 48 19 63 51 22 32 53 30 20 11 47 60 64 2 28 18 41 34 4 10 61 58 21 39 
63 10 14 20 50 40 46 21 19 1 42 58 35 28 5 48 52 47 61 41 62 22 44 55 30 59 34 53 18 27 38 49 7 60 15 11 32 64 51 2 54 12 37 17 33 56 45 4 8 25 39 31 13 6 23 36 16 57 29 24 9 26 3 43 
58 38 52 27 43 3 31 28 4 25 26 57 62 61 23 40 5 36 46 48 18 59 53 42 19 41 15 39 55 8 33 51 63 6 30 44 45 17 13 22 34 9 11 29 24 20 21 47 50 10 56 14 16 54 32 7 37 64 49 12 2 1 35 60 
17 60 1 22 32 55 49 44 8 36 46 12 43 29 54 34 2 3 39 40 63 21 15 19 11 35 20 58 23 50 10 24 33 41 53 61 25 16 18 59 57 31 6 7 64 5 26 42 27 37 62 9 48 30 51 4 13 56 47 28 52 14 45 38 
20 12 43 46 1 37 19 39 5 48 52 22 34 21 45 16 32 26 7 50 27 36 54 9 60 64 55 18 51 44 56 3 38 13 24 14 30 42 25 63 28 40 59 2 35 33 10 17 11 23 31 62 57 15 4 8 29 49 61 6 53 47 41 58 
32 44 55 60 25 23 40 34 29 51 17 63 19 33 42 4 3 59 53 14 41 38 6 31 62 50 10 20 27 61 43 7 35 18 1 46 8 48 39 28 22 30 9 64 26 13 56 49 24 12 2 5 21 58 47 16 36 11 37 57 54 45 15 52 
15 56 61 57 31 22 7 2 9 24 43 36 44 58 41 12 55 13 62 33 29 52 4 35 53 25 30 54 1 42 49 46 26 45 16 47 37 6 40 32 11 5 14 20 38 21 60 50 19 28 27 10 3 17 39 64 63 23 59 34 8 51 48 18 
49 62 59 3 8 54 24 42 64 32 6 40 61 53 46 26 60 2 21 56 19 5 37 47 15 14 22 29 39 23 11 16 41 50 17 58 20 12 33 57 36 43 45 27 63 4 31 55 1 52 35 48 51 34 18 25 38 10 7 30 28 9 13 44 
28 26 50 4 51 14 21 52 59 11 13 25 27 39 38 56 64 42 12 44 24 43 57 46 33 37 48 41 36 45 47 35 23 10 31 15 34 7 19 29 1 8 58 18 16 53 3 54 63 60 30 6 20 49 61 9 55 62 17 2 40 32 22 5 
5 13 17 53 35 30 38 33 62 31 8 2 28 23 49 1 61 18 45 51 11 10 48 15 32 34 58 26 24 63 19 57 43 44 36 9 4 21 52 55 7 6 42 25 39 41 47 12 54 59 14 37 40 22 29 46 60 3 16 64 56 20 27 50 
29 36 41 9 58 45 47 6 50 18 37 60 14 35 55 10 34 30 16 63 40 39 20 22 8 13 5 2 28 59 21 17 64 51 11 27 3 49 62 54 15 48 61 52 57 23 46 24 44 33 53 42 38 56 7 32 31 43 12 1 19 25 4 26 
64 63 18 48 11 16 27 10 30 54 15 7 3 57 20 47 25 23 17 28 58 49 8 1 38 12 31 4 9 6 52 40 59 53 2 5 61 22 60 56 19 34 29 37 32 62 44 51 13 43 26 50 41 55 36 45 33 21 39 35 46 24 14 42 
26 27 42 17 20 35 54 29 31 34 41 23 32 49 47 55 37 19 8 30 36 48 14 13 12 24 59 7 38 40 2 6 10 15 18 22 51 39 50 16 9 57 56 46 44 58 11 33 52 21 28 3 61 53 25 62 45 60 64 5 43 63 1 4 
48 16 15 63 4 34 11 43 21 26 20 62 36 51 27 18 24 12 3 6 2 58 50 33 41 31 29 13 5 46 28 45 25 64 49 57 23 56 7 9 32 61 35 8 47 40 19 52 39 44 1 55 59 38 60 10 42 22 54 53 30 17 37 14 
56 3 45 24 55 8 51 18 28 2 29 13 15 7 61 5 53 57 10 60 1 47 41 4 44 21 52 34 63 32 62 43 36 58 33 26 54 14 35 12 31 37 38 49 42 6 64 48 17 27 23 30 22 19 20 11 25 39 9 50 16 40 59 46 
12 19 57 59 46 64 14 22 25 58 16 35 45 42 50 33 49 5 18 27 9 34 32 43 10 54 53 30 56 3 20 55 8 29 28 4 40 60 24 44 23 1 39 41 15 26 17 7 6 63 37 2 31 36 13 51 21 47 11 38 48 52 62 61 
37 32 2 25 33 39 23 38 17 10 14 24 46 40 56 53 20 22 54 35 59 28 61 51 49 19 11 47 8 9 48 60 31 42 52 30 27 1 34 3 55 13 12 21 62 18 16 63 4 41 5 45 50 43 64 26 58 44 36 29 57 6 7 15 
61 40 36 47 7 31 10 53 57 60 1 30 9 44 43 3 38 63 11 17 15 46 21 52 25 42 64 33 26 14 39 22 20 55 62 59 41 37 6 45 29 50 2 54 28 24 4 5 16 48 12 34 8 32 49 58 56 51 13 18 35 23 19 27 
41 30 49 62 28 21 5 58 6 8 59 52 38 54 64 39 7 25 55 16 44 45 42 23 51 4 37 1 50 35 61 18 17 11 19 32 63 13 48 53 27 36 20 43 60 22 14 10 47 15 40 57 56 9 46 29 3 24 26 33 12 31 2 34 
1 52 60 50 44 13 6 9 37 19 22 4 48 11 12 63 40 64 29 62 39 31 26 56 57 27 36 23 16 17 58 15 46 61 47 43 2 38 21 5 25 59 30 53 51 45 34 3 42 14 33 7 35 18 24 54 20 28 10 8 55 49 32 41 
################proper############## 

 average_time = 8.893341 

 success runs = 1 

 total average iters = 214314.000000 
