Success!!! 
 
 max_col = 
 64 
 
 run_time = 
 6.257699 
 
 once iters = 
 102368 
 
6 54 41 14 2 22 11 16 55 26 35 17 9 40 47 43 53 3 23 62 44 8 28 10 7 32 63 4 49 46 24 20 21 31 34 36 1 38 25 5 33 58 29 61 27 19 37 51 30 48 45 60 57 64 56 12 42 39 50 18 52 59 13 15 
12 8 9 3 31 4 61 36 37 42 56 6 29 57 1 33 40 25 47 17 30 59 52 18 64 50 14 45 28 27 13 51 24 48 43 19 60 46 41 39 34 49 15 54 35 22 38 26 63 55 44 23 2 21 10 7 62 5 32 58 20 16 53 11 
49 58 43 26 60 34 59 21 52 46 15 51 13 4 10 54 33 42 20 50 6 39 48 5 31 22 47 16 2 61 55 23 17 7 11 56 63 9 29 14 30 24 12 57 64 53 32 44 38 18 40 1 8 19 41 62 36 25 3 28 27 37 45 35 
1 15 5 24 28 47 29 33 25 45 11 27 30 21 22 50 57 49 32 35 19 58 55 64 40 62 52 41 42 37 34 8 6 44 23 59 12 20 26 53 60 39 2 48 46 43 18 10 13 51 16 9 3 14 36 17 7 56 38 54 61 63 4 31 
62 63 38 51 30 46 27 25 18 32 20 5 39 41 61 2 12 15 45 4 37 26 29 7 53 9 17 57 58 60 48 19 52 22 3 35 50 42 40 55 23 1 56 59 16 6 13 36 49 11 24 28 34 54 43 31 14 44 47 21 33 64 10 8 
39 52 56 48 19 17 64 40 7 23 8 38 31 34 58 59 11 2 54 36 1 9 27 63 6 29 15 30 33 10 35 44 45 51 13 62 4 61 16 18 41 47 25 28 3 21 14 5 53 22 37 50 20 32 26 42 43 60 57 46 55 24 12 49 
10 57 18 50 20 7 53 35 60 63 64 44 3 16 48 28 13 14 21 24 31 38 22 43 59 56 12 5 1 26 54 36 30 15 58 47 32 49 37 8 9 42 11 55 62 45 40 4 52 25 61 33 39 27 29 46 17 23 6 2 41 34 51 19 
55 32 42 45 37 44 23 13 24 19 14 36 49 12 62 53 60 46 51 41 61 34 56 16 11 3 18 43 39 21 38 25 54 28 33 27 57 2 64 10 31 63 52 7 20 8 50 17 5 35 47 58 59 4 6 15 30 1 9 26 40 48 29 22 
14 18 17 44 45 27 54 30 35 9 31 13 15 22 2 58 8 38 6 19 56 64 34 4 39 43 40 20 62 51 41 53 23 42 37 21 11 3 46 61 25 28 57 49 48 47 5 63 26 50 29 36 55 16 32 60 10 52 7 24 12 1 33 59 
38 10 33 35 49 63 7 60 12 11 17 24 62 19 14 23 16 1 2 43 9 51 54 32 47 21 37 15 36 44 28 64 50 39 30 31 20 6 57 4 61 29 41 46 59 13 55 3 34 27 52 25 58 5 42 18 53 8 45 40 26 22 56 48 
43 40 11 59 16 13 41 6 44 30 33 26 28 32 52 39 47 37 3 31 35 53 45 24 1 34 19 63 55 14 10 57 51 25 15 49 64 54 9 22 21 18 62 58 2 42 56 50 46 38 8 7 12 48 61 20 5 4 27 17 36 29 23 60 
34 28 52 1 32 29 8 55 38 3 16 49 46 47 56 21 62 63 41 60 33 57 11 59 42 12 22 61 26 25 23 13 5 18 40 10 58 24 7 48 45 27 6 36 30 51 15 37 19 53 39 31 17 35 4 64 2 14 20 50 43 9 44 54 
48 61 47 42 62 36 3 64 57 54 6 43 59 37 18 40 17 5 52 22 15 46 50 20 4 60 9 31 24 49 2 56 41 38 27 26 14 34 45 29 39 19 53 8 44 35 12 7 23 30 10 13 33 1 11 51 32 58 55 63 16 21 25 28 
24 26 15 20 39 58 19 22 53 29 63 1 51 61 41 25 27 40 13 10 12 48 23 36 8 5 46 50 30 7 33 11 62 47 2 16 55 56 35 28 52 17 32 38 60 54 4 9 45 44 6 14 37 59 21 43 31 34 42 49 3 18 64 57 
4 23 46 56 9 2 37 12 20 60 55 34 5 36 50 8 18 58 25 30 21 29 7 42 3 54 35 48 27 16 45 59 32 53 19 33 44 17 63 52 26 31 64 11 10 14 43 1 28 57 49 47 22 41 24 40 13 61 15 51 39 62 6 38 
57 53 50 31 5 25 21 51 10 4 27 64 42 48 45 7 44 55 14 26 28 61 49 39 32 52 29 58 38 18 6 17 13 1 8 60 43 36 59 12 16 23 24 34 40 20 22 33 62 3 54 15 9 63 2 56 41 37 19 30 11 35 46 47 
40 38 58 61 43 60 12 34 50 56 1 7 24 54 36 20 5 10 22 63 48 47 39 62 13 46 25 28 4 2 3 45 57 26 6 44 49 52 55 64 29 8 19 18 32 30 59 31 21 41 35 42 11 33 27 53 37 17 51 15 23 14 16 9 
13 31 26 52 53 59 50 56 51 33 37 48 23 46 57 29 41 4 24 1 20 42 61 34 15 63 54 8 5 43 62 12 22 45 28 9 40 11 58 38 44 3 7 14 17 49 21 64 47 16 60 18 6 10 25 39 27 19 2 35 32 36 30 55 
44 47 6 27 1 42 4 37 2 52 18 16 45 39 31 9 36 64 46 59 14 3 13 28 55 11 58 32 34 23 51 26 7 29 17 5 48 21 30 35 43 12 60 10 41 63 57 53 24 56 15 62 49 50 19 54 22 33 25 38 8 40 20 61 
35 39 30 15 25 8 14 10 6 34 58 60 44 27 49 63 54 32 7 21 55 31 2 9 36 61 53 42 41 48 40 22 19 4 20 23 33 16 18 1 38 56 47 24 45 50 26 52 51 5 28 43 64 13 17 37 12 57 29 11 59 3 62 46 
32 29 54 16 11 55 46 2 43 47 19 14 21 13 28 26 52 12 40 38 50 6 18 51 20 64 57 10 9 35 17 30 42 8 60 3 41 53 61 34 27 48 33 15 58 37 25 62 4 63 36 59 23 7 22 45 56 24 1 44 49 5 31 39 
19 5 62 9 21 48 18 49 17 22 32 55 61 35 53 3 56 29 58 11 57 15 30 60 33 37 44 27 7 6 14 1 25 10 59 24 47 43 36 51 4 20 13 16 42 39 54 23 31 26 2 40 46 12 38 8 28 64 52 41 50 45 63 34 
22 36 28 7 57 64 24 17 41 25 5 8 12 30 59 62 37 45 43 23 16 49 19 33 21 47 31 29 18 52 60 38 63 13 32 50 39 27 56 15 51 40 61 35 11 46 1 2 55 9 14 20 44 34 58 3 48 10 53 6 54 4 42 26 
3 20 51 41 23 33 45 63 11 10 4 40 64 42 38 15 35 53 27 25 26 17 44 8 16 59 49 39 56 24 19 50 12 62 46 14 2 31 54 37 6 55 36 9 22 5 34 28 61 32 1 30 52 57 48 29 60 7 58 47 13 43 18 21 
5 2 31 18 7 57 10 3 19 53 44 52 26 62 46 61 32 22 35 37 23 28 25 1 14 15 21 54 16 9 58 41 55 63 4 64 8 40 33 47 56 34 51 20 49 59 29 11 43 17 48 38 30 39 13 50 6 12 24 27 60 42 36 45 
9 16 40 43 58 11 55 1 54 14 21 50 25 10 8 4 46 7 38 53 24 60 51 6 63 36 20 64 3 47 22 39 37 34 56 29 61 19 49 13 32 30 45 17 57 28 52 42 2 59 26 27 41 15 12 23 35 62 18 5 31 44 48 33 
42 4 29 49 33 45 44 59 40 55 38 35 2 15 20 36 39 62 5 64 17 30 63 13 37 18 60 56 25 19 50 31 27 14 54 51 22 58 3 26 1 6 48 12 21 23 41 16 57 8 34 24 32 53 28 10 9 47 46 61 7 52 11 43 
51 64 25 38 52 6 32 53 56 5 24 18 57 17 33 11 58 16 44 40 43 4 31 12 10 2 28 59 13 45 30 34 60 23 21 15 36 41 48 50 47 62 9 3 37 7 46 27 42 20 22 49 35 29 14 61 8 55 63 39 19 54 26 1 
23 12 48 17 22 37 26 39 30 13 47 59 43 64 7 31 9 21 33 61 49 11 42 41 27 51 38 62 32 29 8 24 44 35 45 1 6 57 20 46 54 53 55 40 5 10 19 15 25 60 58 63 18 52 16 36 4 2 28 14 56 50 34 3 
15 34 13 21 36 56 63 61 16 28 12 9 27 6 37 42 20 52 48 14 59 10 47 57 26 1 55 7 35 53 4 49 43 5 39 11 18 32 17 25 8 60 22 2 50 31 44 24 33 62 46 64 54 45 3 19 29 40 30 23 58 51 38 41 
41 14 60 54 8 35 28 20 32 48 51 29 1 58 63 45 55 26 50 34 36 19 3 27 46 23 42 17 52 12 57 5 2 30 31 38 16 59 24 62 64 33 18 25 43 4 61 39 9 40 11 44 56 6 7 47 21 22 49 10 53 15 37 13 
27 50 24 30 46 62 47 19 22 39 34 3 41 23 60 49 15 54 18 56 2 45 8 29 61 48 43 6 44 33 11 40 53 9 10 28 7 12 52 42 36 35 58 13 14 26 63 38 37 1 5 4 51 55 31 21 64 59 16 20 57 25 17 32 
2 3 19 29 35 16 40 23 64 44 42 62 58 9 15 22 43 17 11 33 63 24 36 54 18 8 51 52 10 31 53 27 14 37 5 7 45 13 4 21 20 59 34 56 55 57 39 12 48 49 30 26 60 25 46 32 61 50 41 1 47 38 28 6 
31 44 21 25 15 38 48 46 61 2 29 32 47 45 27 30 42 50 34 55 3 1 41 22 57 33 64 19 40 36 39 54 49 11 62 20 52 28 60 43 10 14 26 6 63 17 7 8 58 23 4 37 24 51 35 16 18 13 12 9 5 53 59 56 
61 22 4 47 55 5 39 27 13 37 59 19 35 3 54 41 23 6 49 20 32 12 62 40 43 28 45 2 48 38 46 14 64 56 26 63 24 25 10 31 58 16 21 51 1 29 53 60 7 33 18 11 50 17 15 9 44 36 8 52 34 30 57 42 
64 60 20 34 10 24 13 50 4 17 39 28 18 51 43 1 31 61 19 58 53 56 59 25 5 30 41 37 21 11 49 47 8 33 55 32 29 15 6 3 40 45 27 42 9 52 2 48 44 54 12 22 36 38 63 57 23 46 35 16 62 26 7 14 
36 43 45 11 12 26 17 14 21 38 52 63 8 60 16 56 10 48 39 9 47 5 57 37 23 24 62 35 29 58 7 6 40 46 18 53 34 44 50 30 3 13 31 32 25 15 28 54 41 2 20 19 61 42 1 59 49 27 33 64 51 55 22 4 
54 42 8 57 63 9 56 62 49 24 23 33 40 50 25 12 7 51 28 2 38 18 15 52 22 55 61 1 59 34 26 60 16 41 35 48 19 39 47 17 37 36 46 64 4 44 11 30 29 6 13 53 27 31 5 14 58 45 43 3 21 10 32 20 
18 59 7 37 6 51 30 52 34 36 46 11 20 53 5 57 14 60 29 45 8 35 26 44 12 13 4 3 63 32 42 16 9 58 38 61 23 1 2 27 50 22 49 41 33 24 47 19 64 21 55 56 10 43 62 28 15 54 48 31 17 39 40 25 
58 1 32 33 41 53 49 28 31 7 26 10 6 14 55 48 4 30 16 46 27 13 64 21 25 17 50 44 15 56 20 9 36 12 22 54 59 51 42 57 62 5 35 43 18 38 23 61 8 39 3 34 40 47 45 52 63 11 37 29 2 19 60 24 
26 48 2 4 14 15 35 41 33 12 57 30 50 5 17 27 45 34 59 51 46 21 58 11 56 7 6 13 22 20 36 62 18 60 63 43 54 23 19 44 42 52 3 1 39 40 49 29 32 28 53 61 47 9 55 38 25 16 64 8 37 31 24 10 
56 55 37 32 42 31 9 57 36 1 53 47 7 25 13 35 49 24 62 48 41 20 17 14 54 10 5 18 19 3 29 33 46 50 12 34 21 8 51 11 28 4 43 44 38 2 27 59 22 52 63 45 16 23 64 58 26 15 40 60 6 61 39 30 
16 6 22 19 51 50 25 8 29 62 60 54 63 24 9 32 30 43 1 3 10 36 33 35 2 40 39 55 47 41 61 4 38 49 7 13 27 37 5 59 11 64 23 31 12 18 58 20 17 15 56 46 42 26 44 34 57 53 14 48 45 28 21 52 
33 30 64 40 3 49 5 45 15 43 2 4 37 52 39 10 28 47 12 13 7 63 6 23 9 38 16 60 17 42 25 21 58 55 36 57 53 35 14 41 22 50 8 26 61 32 24 56 59 19 31 48 29 62 18 27 51 20 11 34 1 46 54 44 
59 17 10 12 24 28 1 54 42 40 41 22 16 38 21 55 25 31 61 44 39 27 32 53 34 35 23 11 46 8 52 37 56 2 64 4 26 47 15 20 63 57 5 45 19 9 48 6 14 7 33 51 43 36 60 30 50 3 13 62 18 49 58 29 
21 13 34 23 29 18 52 44 8 20 61 46 48 59 6 64 19 56 9 16 40 54 38 26 28 45 1 24 51 57 15 58 39 32 25 42 31 10 62 33 53 7 37 30 47 41 60 14 12 4 50 35 5 3 49 11 55 43 22 36 63 17 27 2 
53 7 36 62 47 61 60 11 23 31 28 58 19 49 26 18 50 57 8 5 29 2 37 55 30 27 59 14 64 63 44 43 3 24 48 52 9 45 22 16 15 46 10 21 51 34 17 25 20 13 41 39 1 40 54 6 38 32 4 33 42 56 35 12 
63 27 39 46 38 20 58 43 45 51 3 56 34 11 44 14 64 18 4 42 52 22 60 15 49 53 26 12 31 50 32 48 28 6 61 30 17 29 1 40 55 54 16 33 13 36 62 35 10 37 21 2 25 8 57 24 47 41 23 59 9 7 19 5 
47 51 57 22 44 32 15 5 26 61 7 12 17 2 30 37 24 59 63 54 18 41 10 38 62 39 33 49 11 1 16 55 48 36 29 25 28 50 31 9 14 21 20 23 34 3 45 40 56 64 43 6 13 46 52 35 19 42 60 53 4 58 8 27 
25 41 55 36 27 1 20 31 62 50 22 42 53 29 40 60 26 8 37 39 13 7 21 58 35 14 10 23 6 4 9 18 33 19 16 46 51 63 12 2 59 38 54 52 15 56 30 57 3 45 32 5 28 11 34 49 24 48 44 43 64 47 61 17 
46 35 3 63 13 10 2 18 5 21 45 41 52 43 11 38 6 36 42 47 51 14 20 49 48 57 30 34 60 64 31 28 59 61 53 17 62 4 27 56 24 9 1 22 29 16 8 58 39 12 7 55 19 37 40 44 33 26 54 32 25 23 15 50 
52 19 23 8 26 39 43 29 28 16 48 31 36 20 51 24 1 9 17 15 5 55 4 3 50 25 2 53 54 40 37 7 34 57 14 22 30 64 13 58 18 32 44 47 6 61 35 46 27 42 62 41 21 60 59 33 11 38 56 45 10 12 49 63 
17 21 49 60 56 30 16 24 59 35 54 39 32 55 3 34 29 33 31 12 45 44 46 19 38 58 8 51 20 15 27 63 26 40 1 6 5 18 43 23 7 11 42 37 53 25 64 41 50 61 57 10 48 2 47 4 52 28 36 22 14 13 9 62 
7 11 59 6 40 12 38 4 1 58 13 15 14 8 64 44 48 27 56 28 25 23 43 2 52 41 3 26 61 22 47 29 10 21 42 45 37 60 32 49 19 51 17 50 36 62 33 55 16 24 9 54 31 30 53 63 39 35 34 57 46 20 5 18 
50 37 61 58 64 54 42 48 9 6 10 57 4 33 23 47 34 11 53 32 22 62 16 30 17 19 13 36 45 5 56 46 35 52 44 41 38 55 39 24 12 43 63 27 28 60 31 49 18 14 25 8 15 20 51 26 1 21 59 7 29 2 3 40 
45 62 53 28 34 14 33 9 27 18 49 25 56 63 19 46 61 35 64 57 60 52 40 50 24 44 32 21 43 59 12 42 15 20 47 8 3 7 11 54 5 2 4 39 26 48 10 13 1 36 17 29 38 58 23 22 16 51 31 55 30 6 41 37 
11 56 16 2 18 41 62 58 63 27 50 23 10 31 42 51 21 44 55 29 34 37 9 47 60 6 24 22 12 54 1 15 61 3 52 39 46 48 38 45 13 26 30 53 7 64 20 32 40 43 19 57 4 28 33 5 59 49 17 25 35 8 14 36 
8 49 35 39 59 52 51 42 3 57 9 21 38 44 12 19 2 13 30 27 64 32 5 61 45 20 11 25 53 55 63 10 47 16 41 40 15 26 34 60 46 37 28 4 31 1 6 18 36 58 23 17 14 22 50 48 54 29 62 56 24 33 43 7 
28 46 63 64 48 43 6 32 14 15 36 61 60 18 34 17 3 20 26 8 54 16 12 31 29 4 56 33 37 30 5 2 1 27 57 58 25 22 53 7 49 41 59 62 24 55 42 47 35 10 51 52 45 44 39 13 40 9 21 19 38 11 50 23 
37 9 27 5 61 21 57 47 48 8 40 45 33 7 29 52 22 23 60 49 58 43 1 56 44 42 36 46 50 39 64 35 4 59 51 18 13 62 28 32 17 25 14 19 54 11 16 34 6 31 38 3 26 24 30 2 20 63 10 12 15 41 55 53 
60 45 1 13 17 23 36 38 47 64 62 2 22 26 24 6 63 41 57 18 11 25 53 46 58 49 27 40 14 28 59 3 20 43 50 12 10 30 44 19 35 15 39 5 8 33 9 21 54 29 42 16 7 56 37 55 34 31 61 4 48 32 52 51 
30 33 44 53 4 40 34 15 39 41 43 37 11 1 35 5 59 28 10 7 62 50 24 17 19 16 48 9 23 13 21 32 31 54 49 55 56 14 8 36 2 61 38 29 52 27 51 45 60 46 64 12 63 18 20 25 3 6 26 42 22 57 47 58 
29 25 12 10 54 19 31 7 46 49 30 20 55 56 4 16 51 39 36 6 42 40 14 48 41 26 34 38 8 62 43 52 11 17 24 37 35 33 21 63 57 44 50 60 23 58 3 22 15 47 59 32 53 61 9 1 45 18 5 13 28 27 2 64 
20 24 14 55 50 3 22 26 58 59 25 53 54 28 32 13 38 19 15 52 4 33 35 45 51 31 7 47 57 17 18 61 29 64 9 2 42 5 23 6 48 10 40 63 56 12 36 43 11 34 27 21 62 49 8 41 46 30 39 37 44 60 1 16 
################proper############## 

 average_time = 6.257699 

 success runs = 1 

 total average iters = 102368.000000 
