Success!!! 
 
 max_col = 
 64 
 
 run_time = 
 13.629325 
 
 once iters = 
 417555 
 
1 16 36 53 62 31 12 19 51 30 2 25 43 20 34 33 7 13 14 11 50 3 56 32 46 61 58 21 24 52 55 54 49 37 48 27 60 5 39 38 17 18 35 63 29 28 26 44 42 4 15 59 10 41 45 6 22 47 23 57 40 8 9 64 
30 9 61 2 10 17 27 40 28 64 55 29 24 45 53 22 54 25 47 49 38 42 39 20 59 15 50 13 33 18 31 12 63 3 52 56 7 1 44 51 58 19 46 8 23 14 5 43 48 26 21 34 35 57 36 11 16 60 6 41 62 37 4 32 
6 42 33 35 64 7 37 24 32 61 58 1 8 40 9 49 5 31 52 44 21 28 16 17 25 26 38 30 3 60 10 62 36 41 29 20 12 45 50 11 59 2 55 57 48 54 4 22 14 18 19 46 13 23 63 47 43 27 56 53 15 51 34 39 
48 45 38 4 13 39 23 54 15 7 5 36 12 57 44 17 55 2 10 58 46 37 24 40 14 6 64 34 49 20 41 19 59 8 21 26 32 18 9 22 61 47 62 53 11 25 60 30 1 28 27 51 56 43 16 31 63 3 50 29 33 52 42 35 
5 32 21 22 20 58 3 25 11 63 14 18 37 46 19 10 4 34 9 36 27 57 43 60 45 7 35 51 39 23 40 53 15 47 42 28 55 17 2 30 6 52 38 56 12 41 16 1 62 64 50 8 61 29 33 24 26 44 48 54 59 49 13 31 
41 15 56 14 11 50 51 34 59 38 47 13 62 52 26 16 29 6 8 35 64 30 48 63 43 44 32 2 28 22 1 42 4 40 57 46 24 23 19 25 21 27 31 45 37 7 3 33 39 53 9 54 49 60 20 55 10 17 58 36 61 18 12 5 
43 46 57 60 18 29 63 59 27 23 3 54 4 21 42 41 62 1 15 22 45 51 53 26 36 17 37 48 56 47 8 16 58 35 13 61 31 34 6 33 39 24 9 64 10 50 40 49 5 25 7 52 12 44 32 38 30 11 28 55 20 19 14 2 
47 28 52 44 49 8 26 55 35 50 39 48 60 31 56 6 59 61 19 23 18 41 12 33 11 57 63 5 4 27 9 29 54 16 14 64 53 43 62 10 34 36 51 20 13 42 32 15 37 40 58 17 3 30 22 2 24 38 1 45 46 7 25 21 
2 12 41 11 29 59 30 46 56 16 20 14 19 10 4 64 52 5 62 45 43 61 6 9 7 13 25 1 22 55 21 40 47 38 51 15 58 60 54 34 23 39 49 3 44 57 42 31 36 17 24 35 50 8 18 48 37 53 63 26 28 27 32 33 
63 61 48 57 33 16 19 49 40 9 29 39 6 26 1 42 53 50 38 31 17 27 64 3 20 34 28 15 62 43 12 24 45 46 18 4 37 8 32 23 51 25 47 10 21 11 36 52 22 60 41 58 30 54 44 5 2 56 59 14 7 13 35 55 
28 24 17 7 3 54 35 62 41 32 44 2 33 58 37 43 49 11 34 15 4 40 22 42 51 18 46 39 50 14 53 31 56 59 36 10 1 26 13 55 12 30 5 19 64 6 63 48 61 29 16 38 27 52 25 57 20 23 45 60 8 47 21 9 
25 14 10 43 55 34 45 39 50 36 49 60 51 15 13 5 24 23 20 29 48 18 32 8 54 58 30 63 47 64 19 59 21 62 6 53 27 33 57 42 9 22 26 41 28 46 35 37 2 3 40 12 7 31 56 4 1 16 17 52 38 11 44 61 
44 36 8 1 40 13 60 21 55 59 23 22 11 18 38 28 58 12 37 56 51 33 19 25 61 32 52 35 5 6 16 45 30 31 9 7 48 50 64 17 27 43 20 4 24 2 62 54 26 15 10 53 47 14 42 63 41 39 49 34 57 46 29 3 
27 26 23 47 15 51 58 56 24 45 17 57 25 62 63 54 14 36 30 39 55 60 59 35 2 29 42 3 9 48 44 38 16 5 11 41 52 19 49 20 7 40 1 61 8 18 53 13 33 37 32 28 34 21 46 43 31 22 4 10 50 6 64 12 
42 38 20 9 5 4 18 50 53 31 7 35 34 47 52 46 26 44 1 10 41 21 54 16 23 37 57 8 60 33 11 27 25 2 28 22 3 63 61 12 14 56 45 29 32 17 59 58 64 49 6 13 55 39 62 51 15 40 36 24 43 48 30 19 
31 37 53 32 52 22 64 6 12 48 30 21 3 8 27 61 57 46 28 63 2 13 47 7 41 4 17 10 26 56 36 49 39 44 43 35 40 24 29 14 16 55 34 38 15 33 50 60 9 23 45 19 11 20 59 1 25 58 42 5 18 54 62 51 
16 17 15 27 54 3 59 47 43 58 24 44 42 50 32 29 2 55 7 4 63 45 34 14 21 22 11 33 6 25 60 39 13 26 35 18 20 31 28 53 37 1 48 9 30 36 56 5 41 52 49 23 51 62 8 46 61 10 19 64 12 40 57 38 
53 30 63 51 28 1 2 5 23 13 25 41 52 12 55 3 6 27 56 18 49 16 11 64 34 50 7 47 40 24 35 17 61 21 62 57 38 10 37 9 43 4 29 15 59 20 8 46 58 22 33 36 39 26 19 32 54 48 14 42 31 60 45 44 
52 39 9 48 32 11 57 4 34 46 53 15 30 1 61 38 21 20 42 41 28 50 8 37 13 54 26 27 23 12 45 55 44 36 40 58 56 51 33 43 24 10 19 6 47 63 64 35 17 16 14 18 29 59 31 60 62 7 5 3 49 2 22 25 
40 13 12 29 42 6 14 18 48 62 10 49 45 51 47 26 3 35 31 19 30 36 15 61 53 43 8 20 58 59 56 52 23 17 24 54 22 32 46 64 25 41 7 21 39 60 38 16 50 2 57 5 44 11 34 28 9 55 27 37 63 4 33 1 
24 56 44 19 60 35 43 8 31 14 63 27 9 54 64 7 17 62 13 25 33 22 10 12 18 38 16 57 42 15 37 32 11 39 34 3 5 47 1 59 26 49 23 2 50 58 52 28 21 30 55 61 4 48 40 45 6 36 53 51 41 29 46 20 
7 64 34 38 37 20 10 58 33 11 22 5 17 56 35 59 60 9 26 47 57 44 46 23 31 51 2 4 36 49 30 1 48 15 8 55 29 41 27 19 45 14 3 18 62 40 54 61 13 43 12 42 63 6 53 25 50 24 21 16 32 39 52 28 
45 21 26 61 50 46 22 41 37 39 18 8 28 36 60 4 43 38 40 51 59 1 52 24 44 64 48 62 19 29 5 9 12 49 16 6 63 25 14 2 31 57 32 17 53 55 33 42 54 10 3 56 20 35 27 7 34 30 47 13 58 15 11 23 
33 25 55 62 36 23 49 31 21 57 16 6 20 19 2 40 39 53 54 32 5 58 29 48 3 14 10 41 63 28 46 61 50 60 7 42 45 4 30 52 11 12 13 22 27 44 34 51 47 38 37 9 1 64 24 15 35 18 43 8 17 56 26 59 
20 10 58 31 16 44 9 12 19 33 59 52 64 49 21 53 13 43 60 24 7 11 38 45 50 28 41 37 29 39 61 8 22 54 56 23 26 3 48 63 47 46 15 62 5 32 57 4 55 42 1 27 14 2 6 36 51 35 30 17 34 25 40 18 
4 6 51 30 63 61 29 35 39 12 40 7 57 23 18 15 37 28 22 42 44 56 21 50 16 25 59 14 34 36 43 46 10 24 45 52 19 62 41 13 38 26 58 54 31 64 17 55 32 5 60 11 33 49 9 20 48 8 3 1 27 53 2 47 
8 22 64 18 38 2 32 26 62 28 48 31 56 35 14 50 51 40 29 59 12 46 36 27 15 53 3 9 20 58 42 44 1 11 4 5 47 49 34 16 60 45 39 33 25 61 19 10 30 13 63 24 23 17 43 41 55 37 7 21 52 57 6 54 
21 7 5 50 27 47 39 60 22 44 45 51 63 42 46 55 10 33 3 17 54 25 49 1 64 23 24 56 11 13 38 57 14 30 61 9 6 36 18 8 53 20 41 34 52 37 2 59 4 35 26 48 58 40 15 12 32 29 62 43 19 31 28 16 
17 43 28 45 25 55 1 15 60 29 37 3 2 34 16 32 23 4 39 30 62 14 26 19 35 48 18 49 27 54 6 63 38 20 33 40 46 53 12 31 13 50 42 7 36 8 44 11 10 21 52 47 59 51 57 61 64 5 9 22 56 24 41 58 
11 41 42 54 34 56 24 37 30 8 9 26 36 43 25 13 64 47 2 61 53 48 20 58 10 5 45 52 1 40 17 60 27 57 32 59 44 55 51 21 63 29 22 16 6 35 49 3 18 46 31 50 28 19 7 62 39 12 33 38 23 14 15 4 
62 19 13 49 14 57 52 33 1 5 38 47 61 11 17 27 15 32 35 16 6 63 9 41 26 21 55 31 12 2 51 4 29 64 50 39 25 37 58 7 28 23 43 48 40 30 24 18 34 8 22 44 53 56 54 3 42 46 10 59 60 36 20 45 
46 59 3 23 53 36 40 48 6 4 54 10 58 24 41 20 31 8 5 55 52 34 57 18 33 62 47 19 32 7 22 30 17 28 60 43 15 2 42 35 1 21 27 51 14 56 9 12 45 39 38 16 25 37 29 64 11 50 26 61 13 44 49 63 
26 3 22 56 59 9 46 2 63 25 61 23 47 64 29 31 30 39 55 6 35 12 28 52 38 49 34 17 21 10 14 50 19 33 53 44 36 13 15 1 62 5 60 32 42 43 45 41 27 20 11 57 54 24 51 58 40 4 18 7 37 16 8 48 
15 57 16 33 4 38 17 45 2 24 32 40 49 48 3 56 8 7 61 21 37 43 50 11 1 42 27 29 25 19 47 36 55 6 58 30 39 59 5 28 20 34 44 26 46 9 12 23 63 14 18 31 41 22 60 52 13 54 64 62 51 35 53 10 
55 27 49 20 47 42 61 52 16 22 15 9 44 7 62 14 48 29 41 13 60 32 31 36 40 30 12 18 8 11 63 43 26 10 23 51 64 56 25 3 4 54 50 24 38 39 28 21 35 34 59 33 2 53 37 19 58 45 57 46 5 1 17 6 
34 18 29 5 43 53 36 7 20 41 52 37 27 28 45 8 46 54 16 26 58 59 40 44 62 2 13 22 55 31 48 51 57 63 17 49 4 12 60 24 56 11 6 25 35 47 10 19 3 1 64 21 15 9 61 42 38 33 32 23 30 50 39 14 
32 23 25 64 8 60 48 44 18 6 4 38 39 33 5 58 56 15 49 3 22 10 17 47 28 41 54 24 53 16 57 20 37 61 27 11 9 35 21 62 29 13 2 36 1 31 51 14 40 7 30 43 45 46 50 26 19 63 52 12 55 34 59 42 
14 54 62 39 51 10 6 63 57 17 35 12 1 13 43 21 27 19 64 38 24 53 42 34 4 45 5 58 61 3 26 56 20 18 46 2 50 48 8 32 52 37 30 40 33 59 22 7 25 55 23 29 36 16 47 44 28 31 15 9 11 41 60 49 
35 1 31 58 12 19 41 13 46 51 60 50 26 59 11 30 20 45 63 33 25 23 5 62 52 39 9 7 15 44 64 37 42 34 22 29 14 54 40 47 57 8 18 49 16 53 55 27 28 32 4 6 38 10 48 17 36 21 61 2 24 3 56 43 
50 40 37 21 24 30 11 28 10 54 42 34 55 53 36 19 9 57 4 14 1 2 18 51 32 60 6 59 35 46 23 33 31 52 41 38 43 16 7 45 48 15 64 58 63 3 61 17 56 62 5 49 8 12 39 13 44 20 25 27 29 22 47 26 
56 49 2 34 57 12 54 29 7 21 6 16 35 38 15 52 1 30 44 8 20 64 25 53 17 46 14 36 43 61 24 58 41 9 5 13 18 27 45 39 22 28 63 42 3 62 31 40 11 50 48 55 60 4 26 10 33 59 51 19 47 32 23 37 
64 20 40 10 17 25 62 1 8 26 27 55 59 60 12 39 42 51 57 37 3 6 45 2 56 11 19 54 7 53 34 35 32 29 38 16 21 61 63 50 5 33 4 14 18 49 47 24 31 36 43 15 46 58 13 23 52 28 41 44 22 9 48 30 
51 44 50 15 45 27 47 61 64 34 19 53 41 22 40 9 36 58 18 43 31 54 63 49 8 59 33 23 13 38 62 28 35 12 37 60 10 52 4 46 2 48 56 30 20 26 7 6 29 57 25 14 16 32 17 21 3 1 11 39 42 55 5 24 
36 5 7 37 9 24 8 42 44 18 28 32 23 14 58 1 34 16 48 52 47 35 55 22 27 10 21 50 41 4 3 64 43 56 25 31 33 20 11 15 19 17 12 46 51 38 13 53 49 59 39 45 40 61 2 30 57 62 29 6 26 63 54 60 
39 11 60 13 19 14 38 16 45 20 43 42 46 61 33 63 32 59 50 28 15 29 4 5 49 31 40 26 30 9 52 48 3 1 55 24 62 58 17 57 36 44 10 37 34 27 23 25 51 41 53 22 6 47 35 54 8 2 12 56 21 64 18 7 
23 31 30 26 6 21 53 32 5 56 51 17 54 29 49 25 38 41 24 27 11 7 33 46 12 20 1 60 44 63 39 47 2 48 59 34 8 42 22 40 64 58 16 55 61 45 15 57 52 19 62 37 18 28 3 9 14 13 35 4 10 43 50 36 
58 4 18 63 48 28 55 43 13 47 36 24 50 3 31 37 40 10 21 60 39 19 62 56 5 16 22 45 57 32 29 2 6 7 44 14 51 30 23 26 8 59 11 35 54 52 41 9 12 33 20 64 42 34 1 27 17 49 46 25 53 38 61 15 
22 35 59 46 41 52 33 3 4 2 11 62 48 30 10 57 61 17 23 12 26 9 14 13 6 55 15 42 51 37 18 25 64 19 49 47 54 28 53 36 32 60 21 1 43 29 39 50 7 44 8 63 24 5 38 56 45 34 40 31 16 20 58 27 
29 62 54 12 26 15 44 30 61 35 31 63 7 55 6 23 19 60 32 20 14 24 51 21 39 1 49 53 45 41 4 10 8 22 2 50 17 38 3 56 33 9 52 27 58 16 46 64 57 47 34 40 48 36 11 59 18 42 37 28 25 5 43 13 
3 53 32 36 39 45 13 64 54 43 8 4 5 17 24 62 47 63 12 57 29 31 58 59 37 40 60 6 18 42 33 15 46 25 19 21 35 11 16 27 30 38 14 28 26 48 20 2 44 51 56 10 52 1 55 50 23 41 22 49 9 61 7 34 
57 51 14 6 56 37 42 10 36 53 64 45 38 2 22 47 41 18 46 54 9 49 44 15 19 52 61 43 16 17 7 21 34 4 12 33 28 39 59 58 50 31 25 60 55 5 11 8 23 24 13 3 26 63 30 29 27 32 20 48 35 62 1 40 
38 52 1 8 21 48 20 23 25 60 26 46 18 37 57 51 33 42 27 50 16 17 2 30 9 3 31 12 14 34 32 13 40 43 54 63 49 64 55 5 41 35 36 47 4 10 29 62 6 58 61 7 19 45 28 22 56 15 44 11 39 59 24 53 
61 33 4 24 2 5 34 17 58 3 50 20 29 27 48 11 28 37 53 7 40 55 13 6 63 36 51 38 54 35 25 22 9 45 26 62 23 15 47 60 44 32 59 39 49 19 1 56 43 12 42 41 64 18 21 8 46 52 16 30 14 10 31 57 
19 58 11 28 31 49 50 22 42 15 21 56 16 41 59 12 45 26 25 1 10 62 3 39 47 27 29 44 64 57 2 23 7 32 30 48 61 14 52 18 40 53 24 13 17 51 43 34 60 9 46 20 37 38 5 35 4 6 55 63 54 33 36 8 
59 60 47 40 7 43 16 9 14 49 33 19 10 32 28 44 35 64 36 48 34 52 61 38 55 8 56 11 46 30 50 5 24 13 20 1 57 6 31 41 42 3 37 23 22 21 18 63 15 27 54 39 62 25 4 53 12 26 2 58 45 17 51 29 
18 55 35 41 46 63 25 27 52 1 13 30 40 9 39 34 11 22 43 5 56 8 23 4 48 24 20 28 59 62 58 26 53 51 10 37 42 44 36 29 54 7 61 12 57 15 6 45 16 31 17 2 32 33 49 14 60 19 38 47 64 21 3 50 
60 48 46 16 44 32 28 57 38 42 62 11 21 6 8 18 22 14 51 53 13 39 37 43 58 35 36 64 52 50 27 41 5 23 15 19 30 7 24 49 55 61 40 59 45 1 25 26 20 56 29 4 31 3 10 34 47 9 54 33 2 12 63 17 
9 50 19 52 61 64 4 51 47 37 12 58 15 25 7 45 16 3 59 2 36 5 1 55 57 33 53 46 10 8 20 34 62 14 31 32 13 21 56 54 18 6 17 44 60 24 30 29 38 63 28 26 22 42 41 40 49 43 39 35 48 23 27 11 
37 63 45 17 58 62 56 11 26 10 34 28 31 4 54 36 50 21 6 46 23 15 60 29 30 19 44 16 2 5 13 18 52 27 3 25 59 40 38 61 35 51 33 43 9 22 14 39 24 48 47 32 57 7 12 49 53 64 8 20 1 42 55 41 
54 29 6 25 35 40 21 20 17 55 41 59 53 39 50 2 12 48 33 34 42 4 30 31 24 63 62 61 38 51 49 14 28 58 1 45 16 22 43 44 15 64 8 5 19 23 37 47 46 11 36 60 9 27 52 18 7 57 13 32 3 26 10 56 
10 47 39 59 1 33 7 14 3 52 46 61 13 63 51 24 44 56 45 40 8 38 27 54 42 9 43 32 31 21 28 11 60 55 64 36 2 29 26 37 49 62 57 50 41 12 48 20 53 6 35 30 17 15 23 16 5 25 34 18 4 58 19 22 
12 2 43 42 30 26 15 53 49 19 56 64 14 5 23 60 18 52 11 9 61 20 41 10 22 47 39 55 48 1 59 3 33 50 63 17 34 57 35 6 46 16 28 31 7 4 27 32 8 54 44 25 21 13 58 37 29 51 24 40 36 45 38 62 
13 8 24 55 23 41 5 36 29 27 57 33 22 16 20 35 25 49 58 62 32 26 7 28 60 56 4 40 17 45 54 6 18 42 47 12 11 9 10 48 3 63 53 52 2 34 21 38 19 61 51 1 43 50 64 39 59 14 31 15 44 30 37 46 
49 34 27 3 22 18 31 38 9 40 1 43 32 44 30 48 63 24 17 64 19 47 35 57 29 12 23 25 37 26 15 7 51 53 39 8 41 46 20 4 10 42 54 11 56 13 58 36 59 45 2 62 5 55 14 33 21 61 60 50 6 28 16 52 
################proper############## 

 average_time = 13.629325 

 success runs = 1 

 total average iters = 417555.000000 
