6
0 0 0 0 0 5 0 0 0 0 21 0 0 0 14 0 34 0 0 1 0 0 0 17 0 0 0 0 0 11 0 0 22 0 0 0 
0 27 24 0 18 10 0 0 0 0 4 0 21 0 0 0 0 0 0 0 36 20 11 0 0 1 19 0 0 0 34 0 0 25 0 0 
0 0 19 1 23 20 0 24 0 0 0 10 3 4 0 30 9 0 0 0 0 0 5 26 0 18 0 33 6 0 0 0 0 12 0 0 
28 31 0 0 0 34 0 3 11 0 20 1 0 18 0 0 0 36 0 0 15 32 0 0 0 0 0 0 0 23 0 0 0 16 0 30 
17 13 22 0 14 8 0 27 31 0 0 0 0 0 0 0 0 0 0 18 34 0 0 0 0 0 5 0 0 0 0 0 0 0 0 0 
0 11 0 0 0 0 0 5 34 14 0 32 0 12 31 0 0 8 0 0 0 0 33 0 21 0 0 0 0 16 0 23 0 18 0 0 
0 0 0 0 0 0 0 0 0 0 23 0 0 17 0 10 14 0 0 0 0 0 0 0 0 0 0 0 0 0 0 0 0 0 0 7 
0 8 1 0 0 0 0 0 0 36 0 0 0 0 25 0 16 0 0 0 33 0 10 0 30 0 0 0 20 0 0 0 0 11 0 0 
27 19 0 0 0 28 0 0 0 20 0 17 0 0 30 0 0 4 31 0 0 6 0 0 32 34 0 0 18 0 0 8 0 0 0 9 
0 0 13 0 0 0 0 26 8 0 0 0 0 0 0 0 19 0 0 0 0 0 0 15 0 0 7 0 3 0 0 0 18 0 0 0 
0 23 0 0 3 0 0 32 0 0 0 0 0 20 0 0 0 0 0 0 0 0 13 0 0 0 0 0 0 5 17 2 0 0 0 0 
18 12 0 16 32 0 0 11 0 13 0 0 0 0 0 23 0 0 0 0 0 0 24 0 0 0 17 0 4 0 20 31 0 0 0 0 
16 0 0 0 1 0 0 0 24 0 0 2 0 0 0 0 0 33 0 0 4 0 26 0 0 21 0 0 0 7 0 0 0 36 0 0 
0 0 20 0 0 21 0 18 0 0 0 0 0 24 0 0 0 0 35 27 0 11 0 33 0 32 0 0 0 0 1 0 0 29 13 0 
22 0 0 0 6 0 0 0 0 28 0 0 0 0 0 0 0 0 0 12 0 15 1 16 0 0 0 0 0 0 0 0 0 0 25 0 
0 0 28 5 0 25 0 0 0 0 0 0 0 27 0 29 10 20 19 32 2 0 0 0 0 0 3 0 0 14 0 0 0 22 0 0 
0 0 0 0 4 0 0 0 30 17 0 5 28 0 3 0 0 0 0 0 10 0 0 0 0 36 27 0 19 0 0 0 20 0 9 0 
0 0 0 0 0 0 0 20 0 0 0 9 0 0 0 0 35 0 0 0 0 0 28 0 0 0 0 0 0 30 0 5 0 0 0 33 
0 0 7 0 0 0 0 19 17 0 0 0 22 14 8 0 0 0 0 30 6 0 0 0 0 0 0 12 10 26 0 0 25 0 28 0 
8 0 0 0 34 0 0 21 0 0 0 0 0 31 0 20 6 0 17 0 0 0 0 0 0 0 2 0 0 33 0 0 0 23 0 0 
10 0 0 0 33 13 0 22 6 26 0 35 1 30 0 0 0 18 0 0 23 0 0 0 0 0 24 0 0 0 12 14 0 0 0 0 
0 0 0 0 0 0 0 0 0 0 0 0 0 0 0 17 0 0 0 4 12 0 0 18 0 0 30 0 0 0 6 1 16 0 0 0 
0 0 0 0 22 0 27 0 0 32 0 36 0 10 34 0 4 28 0 0 0 0 0 2 19 0 0 0 0 25 11 0 0 0 0 0 
0 0 0 2 0 0 14 0 0 0 0 3 0 0 0 13 7 19 25 21 0 0 22 24 0 0 0 32 1 0 0 20 26 34 27 0 
0 34 0 0 0 0 0 0 0 3 0 0 0 0 26 0 0 0 2 0 20 0 30 0 6 0 0 0 0 0 0 0 0 0 36 4 
0 0 0 0 0 0 13 4 0 0 11 16 17 7 0 33 0 0 0 0 0 0 9 0 15 0 14 0 0 0 0 0 0 6 34 5 
0 0 0 4 0 0 28 0 0 0 0 0 0 23 27 0 22 10 0 25 0 0 0 12 0 0 0 0 0 0 26 0 0 0 0 13 
3 1 0 0 0 0 20 25 0 7 0 0 0 0 0 0 15 0 0 0 0 0 27 0 0 0 29 0 35 34 0 0 0 0 31 0 
0 0 0 8 0 0 0 0 36 9 5 0 25 0 0 0 0 0 0 0 0 0 0 0 0 0 26 0 23 4 24 0 30 1 0 0 
0 0 9 30 0 14 0 0 0 34 27 23 0 0 0 16 24 13 15 0 0 0 0 0 0 0 0 36 22 0 0 0 0 0 0 0 
0 33 0 27 20 0 0 0 3 0 0 0 0 0 0 0 0 12 9 10 29 0 14 22 17 0 1 0 0 0 0 0 0 0 0 0 
0 0 0 14 0 2 7 0 0 0 26 13 0 0 0 0 0 0 33 0 0 0 12 0 0 0 11 0 0 0 0 0 35 27 0 0 
34 0 0 0 0 0 23 0 27 0 0 22 0 0 0 0 0 0 0 6 32 0 0 0 0 0 0 15 0 20 0 0 29 0 0 18 
4 0 8 19 0 0 24 0 0 0 0 29 5 0 18 21 0 0 0 34 16 0 0 0 0 0 0 0 0 0 32 0 0 0 0 0 
0 22 0 0 0 15 0 0 0 0 0 19 20 0 29 0 28 34 0 0 0 0 0 0 2 33 0 0 8 32 0 0 7 17 12 0 
30 0 0 0 0 1 6 9 32 5 0 0 2 11 22 0 0 0 18 0 0 28 0 0 0 0 0 0 0 0 3 26 23 0 0 0 
