Success!!! 
 
 max_col = 
 49 
 
 run_time = 
 0.003154 
 
 once iters = 
 2 
 
4 21 27 33 25 49 48 39 43 8 45 31 40 17 46 7 41 42 44 9 38 15 14 19 13 36 47 11 16 32 37 35 23 5 3 2 18 24 29 1 12 22 6 30 20 34 10 26 28 
32 24 2 38 22 26 23 48 46 5 33 3 28 12 13 4 1 37 47 19 27 40 30 41 9 17 45 16 6 14 18 7 34 43 20 21 49 10 31 44 15 11 35 36 25 8 39 29 42 
9 47 35 39 1 20 31 32 19 34 27 21 36 15 6 22 17 30 25 40 33 48 5 24 18 29 8 23 42 13 41 11 2 10 28 43 37 46 38 45 7 26 44 3 14 49 4 16 12 
36 11 3 7 45 29 34 47 41 9 18 22 30 42 5 10 2 48 15 12 43 38 37 35 26 25 44 31 40 21 46 49 8 4 39 28 16 6 14 32 27 20 19 13 17 33 24 23 1 
5 43 40 37 12 30 15 10 44 25 38 26 13 6 28 21 3 16 23 45 14 22 32 49 2 46 20 39 29 1 24 33 36 19 17 4 48 8 9 35 42 34 11 41 18 7 27 31 47 
41 6 13 18 8 16 14 23 4 24 7 37 20 2 11 36 49 29 35 26 39 42 12 33 28 1 10 34 31 48 15 27 44 22 45 25 3 5 47 19 17 30 9 43 32 38 21 40 46 
17 46 19 10 42 28 44 49 1 29 14 16 11 35 8 18 31 32 20 24 34 3 6 4 7 27 43 21 9 25 47 26 30 12 38 41 40 39 33 23 13 36 5 48 45 22 37 2 15 
23 9 48 19 15 31 8 12 5 28 1 41 29 30 2 47 32 40 45 46 17 25 20 13 4 11 39 6 49 18 34 24 10 3 26 33 43 38 44 14 22 27 16 7 21 36 42 37 35 
1 14 34 45 18 13 5 43 9 20 37 38 46 10 33 49 4 7 31 29 23 12 36 42 3 21 16 44 15 41 35 19 39 48 47 6 11 40 26 2 28 25 27 22 24 32 30 8 17 
37 12 29 30 24 43 16 36 39 14 17 11 49 7 25 44 9 27 26 34 42 46 31 8 47 33 2 48 20 22 13 1 4 28 32 18 41 35 21 10 45 23 38 5 40 15 3 19 6 
6 3 26 4 47 22 27 40 48 33 42 25 2 32 1 37 10 43 16 20 13 28 35 38 17 9 49 14 11 29 36 31 21 23 7 24 30 19 15 34 8 5 46 18 12 45 44 41 39 
21 42 49 40 33 36 10 45 16 27 26 15 3 13 35 38 30 8 19 14 24 23 41 22 37 5 18 1 44 2 9 6 17 46 43 39 12 7 32 47 20 29 31 25 34 28 11 48 4 
46 32 28 25 44 41 17 24 21 31 23 47 35 34 22 5 48 18 39 11 6 27 7 26 19 30 15 10 8 40 45 16 14 38 12 36 9 49 42 37 3 4 1 29 43 20 2 33 13 
39 2 20 35 38 7 11 22 18 4 8 6 19 44 41 28 21 15 36 3 12 32 24 29 43 34 40 45 27 5 42 25 37 33 30 1 31 17 13 48 16 46 23 14 9 47 26 10 49 
10 34 12 8 16 9 32 1 25 30 2 45 31 48 42 46 11 47 13 35 36 6 43 39 24 28 29 22 5 27 26 40 3 41 44 20 14 37 7 38 4 18 17 49 19 23 33 15 21 
42 37 41 29 19 44 6 9 38 17 13 43 21 40 27 32 28 23 2 33 10 30 46 45 8 48 7 15 34 16 22 20 35 31 25 3 47 36 1 49 39 24 26 11 5 12 14 4 18 
15 25 24 13 5 27 22 3 35 36 28 49 14 11 17 41 18 19 1 39 20 21 16 2 34 44 31 47 43 4 7 37 12 29 48 42 26 45 23 9 10 33 8 40 30 6 38 46 32 
11 4 33 48 3 14 36 15 20 39 34 32 7 18 21 30 29 31 8 38 44 1 19 37 10 26 17 40 23 47 49 9 28 24 13 46 5 12 25 6 41 43 22 45 2 42 35 27 16 
28 18 43 46 17 47 39 37 10 23 12 8 33 16 9 34 7 25 6 5 26 4 49 36 35 42 3 20 45 19 14 15 38 30 2 40 32 11 27 22 29 21 41 24 31 44 13 1 48 
20 1 21 31 49 38 26 44 27 22 4 29 5 24 14 40 45 12 48 43 16 11 18 9 23 41 33 25 10 46 39 32 6 17 42 19 35 13 8 15 30 2 47 37 36 3 28 7 34 
45 7 30 2 23 40 35 26 6 19 47 42 41 46 15 3 22 24 37 4 49 14 27 12 5 38 32 13 21 8 33 36 18 1 11 34 17 44 28 16 48 31 43 10 39 29 9 20 25 
27 41 39 36 20 33 13 6 26 11 16 9 48 22 4 19 35 49 29 15 3 45 28 1 12 43 5 46 37 34 23 30 24 44 21 32 8 14 2 31 38 40 18 47 42 25 7 17 10 
2 26 8 15 14 24 43 27 37 40 25 34 23 1 44 6 12 45 30 48 22 20 11 21 31 3 13 4 47 7 10 18 46 42 5 35 36 9 41 17 49 16 29 38 28 19 32 39 33 
34 49 44 17 31 11 3 35 2 21 41 18 38 20 10 39 24 5 42 37 7 9 29 48 22 23 6 33 32 28 1 45 16 13 4 15 46 43 19 30 25 47 40 27 8 14 12 36 26 
48 45 4 21 7 37 46 28 12 10 29 14 24 33 32 9 47 38 27 8 31 17 15 16 40 19 35 2 36 26 3 43 49 25 6 5 44 18 34 39 11 42 13 23 41 1 22 30 20 
47 29 42 9 6 1 12 46 7 3 32 17 44 19 16 2 20 36 33 18 40 24 10 30 49 14 25 26 39 31 38 41 15 8 27 23 22 28 4 13 37 45 34 21 35 5 48 11 43 
35 10 38 23 30 25 18 5 42 15 31 39 43 49 34 13 14 28 17 21 41 37 8 47 44 7 36 32 33 20 11 29 22 40 19 48 24 27 3 12 26 1 4 46 6 2 16 45 9 
16 28 22 32 40 5 19 13 8 47 30 36 45 4 23 26 43 1 46 25 11 39 38 27 41 18 34 42 12 17 48 14 9 2 35 7 20 21 6 29 33 10 49 15 3 37 31 44 24 
24 48 36 44 37 19 47 17 28 26 3 40 32 21 30 25 6 22 49 41 2 31 9 20 38 45 4 27 46 12 43 5 13 14 33 16 15 1 35 11 23 7 39 8 10 18 34 42 29 
13 39 18 42 32 23 2 16 33 12 46 1 34 14 45 43 27 3 5 7 48 26 21 44 6 10 37 35 30 36 40 8 47 49 15 29 38 4 20 41 9 28 25 17 22 11 19 24 31 
43 27 25 6 21 34 49 19 31 38 35 23 37 41 36 16 42 20 14 13 46 29 1 18 48 22 11 8 17 45 28 4 32 7 9 12 10 2 39 24 40 3 15 26 33 30 5 47 44 
14 8 5 41 11 10 9 18 49 6 44 7 39 43 26 17 34 21 28 31 1 33 40 32 16 15 12 30 24 3 29 23 25 20 22 47 13 42 48 36 46 19 37 35 4 27 45 38 2 
38 16 45 3 4 17 1 30 15 13 20 48 10 29 39 8 37 33 40 47 9 49 34 5 36 24 41 28 19 35 2 44 42 11 18 26 27 25 22 21 31 14 32 12 23 43 46 6 7 
12 33 46 20 26 15 28 8 22 42 36 5 25 47 29 24 23 35 11 44 4 7 13 17 39 2 14 19 38 37 27 10 31 34 1 49 45 30 43 18 6 32 48 9 16 21 40 3 41 
30 31 7 22 29 35 40 4 11 45 24 2 27 9 18 12 15 10 38 32 19 43 23 25 46 47 42 3 41 39 6 48 26 21 16 37 33 34 17 5 44 8 28 1 49 13 20 14 36 
40 35 14 47 46 48 42 25 24 18 49 4 17 37 7 15 19 44 9 22 21 8 2 43 20 12 1 41 13 38 5 39 27 16 36 30 28 29 10 26 32 6 45 33 11 31 23 34 3 
33 20 10 28 43 6 4 34 29 41 39 35 8 3 40 27 16 17 12 30 5 44 48 31 21 49 23 7 22 24 19 2 11 26 14 45 1 15 18 46 36 13 42 32 37 9 47 25 38 
49 17 31 11 13 12 29 38 45 32 21 19 1 27 48 20 46 6 10 2 8 16 22 14 42 35 30 36 25 33 4 47 41 37 23 9 34 3 40 7 43 39 24 44 15 26 18 28 5 
44 5 32 26 9 8 24 33 36 7 40 46 22 31 37 35 39 14 43 23 47 34 3 11 45 13 28 29 1 15 21 17 20 18 10 38 25 41 16 42 19 49 2 4 27 48 6 12 30 
18 19 1 27 36 39 21 20 14 48 5 10 15 28 49 11 33 13 4 42 29 47 26 40 25 37 9 38 3 6 30 12 45 32 34 17 23 31 24 8 2 44 7 16 46 35 41 43 22 
22 38 15 34 2 3 7 11 13 16 6 30 9 23 31 45 26 41 32 28 25 10 39 46 33 4 24 18 48 43 44 42 29 35 8 27 21 47 12 20 5 37 14 19 1 17 36 49 40 
25 23 37 16 41 45 30 2 47 44 43 12 42 26 24 1 38 34 3 36 18 19 17 6 15 32 27 5 7 49 31 28 40 9 46 22 4 48 11 33 14 35 10 20 13 39 29 21 8 
3 30 11 5 10 18 25 29 17 1 9 24 6 45 38 23 36 2 7 49 37 41 44 15 32 8 21 12 35 42 20 22 19 27 40 31 39 26 46 4 34 48 33 28 47 16 43 13 14 
7 15 17 43 35 21 33 31 40 2 11 27 26 8 19 42 44 46 18 10 32 36 45 34 1 20 48 24 4 23 12 13 5 39 49 14 29 16 30 28 47 9 3 6 38 41 25 22 37 
19 13 23 49 39 42 41 21 3 46 15 20 12 25 47 29 5 4 34 6 45 35 33 7 14 16 26 9 28 44 8 38 43 36 24 10 2 22 37 27 18 17 30 31 48 40 1 32 11 
26 36 6 24 28 2 37 14 32 49 22 44 16 5 12 33 8 39 41 1 30 13 4 3 29 40 19 43 18 10 17 21 48 47 31 11 42 23 45 25 35 38 20 34 7 46 15 9 27 
31 22 16 1 48 46 45 42 30 37 19 28 47 36 43 14 40 26 24 27 35 18 25 10 11 6 38 17 2 9 32 34 33 15 29 13 7 20 49 3 21 41 12 39 44 4 8 5 23 
8 40 9 14 34 32 20 7 23 35 48 13 4 38 3 31 25 11 21 17 15 2 47 28 27 39 22 37 26 30 16 46 1 45 41 44 6 33 5 43 24 12 36 42 29 10 49 18 19 
29 44 47 12 27 4 38 41 34 43 10 33 18 39 20 48 13 9 22 16 28 5 42 23 30 31 46 49 14 11 25 3 7 6 37 8 19 32 36 40 1 15 21 2 26 24 17 35 45 
################proper############## 

 average_time = 0.003154 

 success runs = 1 

 total average iters = 2.000000 
