Success!!! 
 
 max_col = 
 64 
 
 run_time = 
 20.968694 
 
 once iters = 
 603040 
 
18 63 17 64 19 23 53 21 7 27 31 14 4 8 12 59 15 3 61 45 51 25 48 58 50 37 44 1 35 13 29 54 20 47 10 42 39 11 38 30 26 40 49 57 32 41 60 9 62 46 33 24 55 6 5 56 2 22 16 43 28 34 36 52 
31 40 37 47 14 55 7 24 50 1 45 33 9 6 15 61 56 64 46 5 53 16 59 34 48 25 62 57 36 17 19 52 60 51 63 4 22 27 29 8 12 54 11 30 39 3 18 21 32 35 28 49 20 38 2 43 10 44 26 58 42 41 23 13 
56 48 26 6 4 46 38 2 51 43 13 22 36 19 11 37 28 60 57 49 44 29 40 54 31 42 47 3 41 5 45 10 24 33 15 17 50 62 32 23 16 34 20 55 63 52 35 64 9 1 58 8 27 7 53 30 61 39 12 59 18 21 25 14 
3 10 39 30 5 45 29 27 20 62 21 40 38 49 26 25 24 63 41 12 9 13 43 18 58 61 55 56 15 28 32 51 14 16 57 54 52 36 34 44 2 46 6 8 19 48 37 4 31 50 11 22 60 23 59 42 17 1 64 7 33 53 35 47 
42 15 49 35 58 20 1 8 46 48 16 2 24 32 41 64 31 30 23 50 27 55 38 17 39 7 34 59 11 4 63 33 26 12 43 9 28 18 25 13 53 10 22 61 5 51 56 47 52 44 36 3 40 21 45 14 29 19 6 54 37 57 62 60 
32 51 43 11 9 12 62 16 10 57 3 28 60 29 52 42 4 47 36 2 33 35 1 6 23 22 53 18 21 64 49 46 41 19 5 40 7 37 56 61 27 50 59 25 38 44 14 58 39 34 15 48 13 17 54 26 55 30 45 24 20 31 8 63 
34 57 44 50 36 60 59 52 23 5 39 30 63 54 35 55 19 37 11 22 26 7 32 62 12 24 27 43 2 20 14 8 46 53 6 21 48 3 64 58 45 33 31 17 1 42 13 28 41 10 61 47 29 16 18 25 38 40 49 15 51 4 56 9 
61 25 13 54 33 41 22 28 18 47 56 53 34 58 17 44 39 52 21 14 10 20 8 42 60 16 9 40 26 38 6 30 35 55 1 2 49 31 59 45 29 15 43 24 36 62 7 23 51 63 37 12 19 4 64 57 50 5 46 32 48 3 11 27 
53 43 16 24 6 1 34 56 63 40 37 51 33 30 22 60 8 27 4 44 46 15 11 59 2 54 5 47 57 19 9 38 42 41 45 7 20 17 52 10 31 29 3 21 13 32 39 62 48 61 25 55 50 12 14 28 18 23 35 36 26 64 49 58 
62 44 4 19 46 63 47 37 2 28 43 48 7 15 23 36 20 42 3 55 17 31 60 26 32 13 8 10 59 35 51 22 29 57 34 18 61 24 9 12 56 14 50 1 6 30 27 38 54 39 21 64 33 41 49 58 11 53 25 5 52 16 45 40 
45 20 14 26 54 38 32 60 27 11 12 10 25 55 24 19 47 56 5 21 13 36 50 52 44 18 17 33 58 39 34 4 15 43 48 35 53 23 40 37 63 51 64 7 42 46 49 41 16 8 1 31 57 2 29 3 6 61 28 9 22 62 30 59 
50 9 33 12 55 49 57 13 52 18 44 58 21 56 39 26 51 28 19 1 30 2 54 14 25 31 42 64 53 45 60 7 47 5 3 22 38 4 62 46 59 20 17 16 10 37 36 61 43 32 23 34 6 11 35 40 15 63 24 29 27 48 41 8 
8 3 64 17 15 11 52 18 42 38 4 9 61 41 32 54 10 49 7 48 63 12 39 23 24 43 50 6 16 29 55 27 44 26 2 25 1 14 51 59 33 45 53 28 40 35 58 34 37 22 5 62 46 36 30 47 57 13 60 56 21 19 20 31 
30 41 29 58 23 28 27 48 35 59 34 17 5 46 16 45 57 38 62 61 25 64 9 43 11 49 3 36 20 37 40 21 6 39 50 31 19 33 13 63 15 47 12 22 54 8 44 60 26 53 10 52 18 56 7 24 32 51 4 42 1 2 14 55 
39 61 31 5 22 21 40 35 29 53 8 13 57 47 49 3 45 33 6 16 18 58 34 41 62 1 14 46 63 30 23 26 36 28 32 55 56 64 11 54 52 9 2 43 25 24 48 19 60 59 4 20 42 51 27 15 44 12 50 37 10 38 17 7 
25 7 51 10 2 42 36 59 64 31 6 62 14 20 50 1 37 40 35 29 22 24 53 32 52 48 12 61 56 15 28 41 27 58 30 16 21 60 8 49 55 5 23 4 57 18 11 26 17 13 44 19 9 63 38 45 3 33 54 34 46 43 47 39 
16 50 32 63 21 14 46 29 45 52 40 11 31 17 27 4 38 26 22 57 64 28 36 44 19 35 60 51 25 8 5 15 1 56 20 33 18 54 7 55 13 48 42 59 30 2 3 24 34 49 6 37 53 43 47 9 41 62 23 61 58 39 12 10 
15 58 59 40 41 5 18 55 37 46 36 61 64 14 51 49 12 16 17 11 23 34 25 7 42 20 43 48 54 10 31 53 39 2 9 6 57 32 63 47 19 22 4 56 62 38 50 35 33 26 45 1 44 3 60 21 13 28 27 52 30 8 24 29 
23 64 34 61 1 57 51 26 48 54 10 43 20 12 38 56 63 4 47 33 60 9 52 24 16 6 49 55 37 3 7 17 30 44 25 50 62 13 5 29 36 27 58 14 11 21 41 40 59 42 18 15 39 32 28 8 31 45 19 35 53 46 2 22 
33 30 28 22 49 7 6 4 59 24 50 25 15 60 18 53 42 19 13 40 45 37 2 29 36 47 41 11 62 46 1 61 43 38 12 51 64 21 3 16 9 32 44 31 23 39 52 8 35 5 54 58 48 27 63 10 20 26 57 17 34 14 55 56 
20 36 56 31 60 47 10 44 41 22 29 57 6 23 63 8 58 15 53 62 3 51 5 48 27 39 64 30 9 14 21 34 19 37 59 11 26 42 24 35 7 43 16 12 45 1 28 33 2 55 17 46 52 61 25 13 4 49 38 40 54 50 32 18 
43 52 9 39 53 48 2 19 47 13 62 32 3 28 42 35 61 20 49 30 8 21 6 1 56 57 45 38 24 26 44 18 58 14 46 60 27 34 17 4 54 25 15 29 37 64 55 10 11 12 31 41 22 40 50 23 33 36 7 51 5 63 59 16 
27 38 62 42 25 8 54 11 16 39 30 5 55 9 33 34 14 35 43 31 41 32 10 46 22 58 13 12 29 59 50 2 52 49 36 23 15 40 45 28 18 61 60 53 17 26 51 63 56 19 20 7 24 64 57 4 21 47 48 1 44 37 6 3 
17 24 35 45 37 13 12 3 26 19 1 44 58 7 2 21 59 55 56 54 39 18 27 50 28 32 4 63 40 33 52 23 10 61 8 48 41 53 31 22 20 57 46 6 47 5 34 49 38 36 30 51 14 62 16 29 64 9 42 60 43 25 15 11 
12 34 22 2 44 3 11 9 1 10 5 27 30 4 43 24 60 8 37 41 28 33 49 19 13 15 56 16 64 31 54 50 7 52 14 57 29 61 39 36 51 53 62 23 46 40 20 17 47 58 38 6 59 55 48 32 25 42 21 18 45 35 63 26 
63 42 7 36 52 32 13 38 14 61 54 41 22 31 58 62 50 25 15 9 21 45 26 16 34 29 33 5 46 51 3 24 11 35 18 56 6 20 2 48 37 1 57 47 55 27 59 30 12 23 43 28 8 39 17 49 19 60 10 64 4 40 44 53 
51 31 53 1 18 27 56 15 32 37 64 26 8 52 20 9 55 5 10 6 14 54 35 57 38 41 22 42 7 23 11 63 13 50 58 19 40 59 16 17 28 60 61 3 29 12 4 43 21 45 46 44 34 25 36 62 49 24 39 2 47 33 48 30 
55 5 60 48 8 4 28 6 17 25 33 21 49 45 7 50 18 32 64 58 47 39 46 61 35 30 2 53 10 36 12 44 23 54 62 27 51 22 37 9 11 63 56 19 31 16 38 42 24 29 40 57 15 13 26 20 1 52 41 3 14 59 34 43 
26 62 54 59 20 35 39 23 11 29 51 18 19 63 48 57 34 44 24 17 42 43 31 40 8 21 6 37 47 49 27 60 53 4 38 64 33 55 12 15 58 2 45 10 9 7 25 52 50 16 3 14 30 1 41 22 46 32 5 13 56 36 61 28 
10 33 47 37 30 64 16 43 53 42 55 6 23 34 59 39 2 13 20 27 62 3 7 22 4 40 1 17 61 57 58 48 25 45 44 49 46 28 21 60 32 18 36 41 26 14 24 50 63 56 52 5 31 19 9 35 12 15 11 8 29 51 38 54 
58 17 45 41 24 40 50 46 12 44 47 15 56 35 60 13 30 59 29 52 38 63 4 36 14 26 19 25 28 43 20 62 5 42 31 32 8 1 10 3 49 21 39 54 34 6 64 48 61 33 2 18 11 53 51 37 23 55 9 16 7 22 27 57 
57 29 21 25 61 19 49 14 40 2 38 36 28 16 3 46 53 11 48 23 12 1 56 51 55 45 18 9 32 52 39 59 34 63 47 24 30 41 43 26 35 44 8 5 33 15 22 13 64 54 27 4 7 10 42 60 37 50 17 62 6 58 31 20 
38 12 5 8 17 24 44 57 31 55 25 49 16 22 37 14 7 62 28 4 50 30 20 2 41 52 48 23 51 9 35 45 40 13 64 15 10 26 42 33 3 39 18 34 27 58 21 54 53 11 19 63 61 46 32 1 36 56 43 47 59 60 29 6 
40 2 30 62 51 43 37 39 36 3 15 56 35 42 54 6 11 18 31 25 1 61 23 47 21 28 58 26 33 53 13 29 8 60 4 20 44 57 48 34 22 16 19 32 49 63 17 12 7 9 14 59 10 50 52 64 27 38 55 45 24 5 46 41 
11 45 27 49 48 25 60 42 34 32 20 12 1 2 13 40 21 58 16 37 19 6 41 33 5 38 46 62 8 22 24 55 63 9 61 28 14 52 50 7 64 56 10 36 43 59 47 31 23 3 29 35 51 57 44 54 53 4 15 30 39 18 26 17 
4 47 46 14 10 54 61 53 33 41 17 59 51 50 5 52 43 34 12 63 40 49 45 9 6 3 20 32 31 7 2 64 21 30 27 38 36 29 22 24 1 13 37 35 28 11 23 15 18 48 60 25 56 26 55 39 16 8 62 44 57 42 58 19 
41 1 58 9 26 16 23 33 44 60 18 24 45 64 19 38 54 17 14 56 32 10 42 3 15 63 59 39 27 50 47 12 51 46 35 53 43 2 49 25 40 52 55 62 61 29 30 57 6 4 8 36 5 20 13 34 28 48 22 21 31 11 7 37 
6 55 3 32 13 50 19 36 30 63 26 46 47 48 28 11 27 53 51 59 52 38 29 64 61 4 25 60 44 40 37 57 31 23 16 62 45 56 18 39 8 42 24 2 7 9 33 5 22 21 41 43 49 15 58 17 14 34 20 10 12 1 54 35 
21 56 18 52 28 34 35 7 9 8 61 39 53 27 62 29 13 57 26 24 15 46 22 5 43 11 10 19 14 42 16 36 55 6 17 3 59 58 54 1 4 38 41 60 48 20 45 44 40 2 47 30 37 33 31 12 63 25 51 49 23 32 64 50 
59 22 15 20 63 29 64 31 21 58 57 7 43 10 4 23 44 39 60 8 36 48 55 35 17 56 30 54 49 34 18 1 37 32 41 5 47 12 19 11 50 6 14 46 51 25 26 53 27 38 24 45 28 42 62 16 52 2 13 33 40 9 3 61 
13 14 36 38 34 44 41 10 39 50 35 16 11 24 6 18 1 61 55 47 29 40 30 45 33 59 52 49 17 21 4 3 48 31 60 12 5 63 57 53 25 23 7 51 15 22 9 2 28 37 64 42 43 8 46 27 56 20 58 26 62 54 19 32 
64 37 25 60 62 2 4 22 43 49 52 42 48 36 30 32 5 23 27 28 24 56 33 31 40 46 26 14 19 1 57 20 50 59 51 41 3 44 47 21 17 8 29 13 58 54 12 6 45 15 34 9 35 18 10 63 7 11 61 53 16 55 39 38 
54 27 12 57 50 52 20 30 3 23 14 55 40 1 47 5 32 46 8 39 7 26 51 15 64 62 24 28 42 41 43 35 2 18 29 37 9 10 58 19 60 59 21 33 44 36 16 56 13 31 53 38 17 48 61 11 45 6 63 22 25 49 4 34 
19 6 63 28 39 17 45 49 38 12 46 37 10 61 64 22 41 21 54 3 34 53 13 60 30 23 16 58 18 25 8 56 33 11 26 43 55 35 4 14 62 31 5 48 20 47 32 27 1 51 7 40 2 29 24 36 9 59 44 50 15 52 57 42 
9 59 23 29 35 15 26 47 56 33 19 31 13 51 8 28 25 48 44 38 58 42 63 4 45 27 11 34 22 6 53 37 61 7 24 36 17 16 46 32 57 64 40 52 14 10 1 55 49 20 12 54 62 60 39 50 5 18 2 41 3 30 43 21 
46 11 48 53 40 58 43 61 57 26 7 20 29 21 9 27 49 12 59 36 2 62 16 10 63 51 15 44 39 55 38 5 22 64 42 13 54 8 6 56 34 30 35 45 50 4 19 18 25 14 32 23 47 52 3 41 24 37 33 31 17 28 60 1 
7 16 55 18 32 33 3 51 62 17 63 4 2 59 34 15 22 9 50 64 35 57 37 20 54 36 31 29 13 60 61 47 49 1 52 39 25 45 30 38 42 24 28 11 41 53 43 46 44 6 56 21 26 58 19 5 48 27 40 14 8 23 10 12 
1 8 42 21 56 31 24 5 58 45 60 54 44 53 25 41 17 6 18 19 43 52 14 11 10 2 32 7 50 12 48 9 28 62 40 34 23 15 20 27 39 26 38 49 3 61 63 37 30 57 16 33 4 59 22 55 35 29 36 46 13 47 51 64 
29 4 38 27 11 10 31 20 5 51 49 23 52 26 44 12 48 45 33 18 56 14 58 8 46 17 40 13 3 16 30 19 64 22 39 59 63 9 53 42 21 41 34 37 2 55 15 36 57 25 35 61 32 24 1 7 54 43 47 28 60 6 50 62 
5 23 8 55 42 9 14 17 24 64 53 50 62 18 21 63 35 22 1 26 4 47 19 39 51 34 36 41 6 11 15 43 16 10 37 52 2 25 60 57 61 7 54 44 56 28 31 32 58 30 59 13 3 49 12 48 40 46 29 20 38 27 33 45 
49 19 24 16 64 18 30 1 6 14 22 38 54 3 31 48 46 2 32 43 11 50 12 55 53 44 39 45 4 61 26 42 17 15 28 58 35 7 33 5 23 62 51 27 59 13 40 20 29 47 63 60 21 9 56 52 8 57 34 25 41 10 37 36 
37 60 57 34 45 26 63 41 28 15 32 29 46 25 56 47 16 7 30 51 61 59 21 49 9 55 35 27 23 2 22 58 38 20 54 1 4 50 44 40 24 11 48 64 8 33 6 14 42 18 62 10 36 31 43 53 39 17 3 12 19 13 52 5 
35 39 40 44 7 6 48 62 13 16 42 8 59 11 1 43 3 31 38 10 57 60 64 25 47 5 37 20 12 54 33 28 56 36 21 61 34 46 23 51 30 4 9 50 52 17 29 45 19 27 55 26 41 22 15 2 58 14 18 63 32 24 53 49 
28 46 2 43 59 53 21 58 55 34 41 19 39 57 36 30 40 54 9 20 6 44 17 63 18 8 29 24 52 56 62 32 3 48 49 26 13 47 27 31 10 12 25 38 35 60 5 22 4 64 50 16 45 14 37 33 51 7 1 23 11 61 42 15 
47 13 61 15 12 22 33 54 4 7 58 45 17 37 40 20 52 36 42 53 5 41 24 27 1 10 21 50 60 48 64 25 18 29 19 30 32 6 14 62 43 49 63 39 16 57 46 3 8 28 51 11 38 34 23 44 26 31 59 55 35 56 9 2 
36 32 52 56 3 51 25 50 61 35 9 60 27 33 10 2 62 29 34 13 37 23 15 28 7 14 57 31 38 63 59 49 45 24 11 8 12 43 55 41 47 58 26 18 53 19 42 1 46 40 39 17 54 5 20 6 22 21 30 4 64 44 16 48 
22 49 41 3 47 59 58 32 25 36 11 63 42 62 45 31 29 1 2 34 16 17 28 30 20 9 61 8 5 27 46 39 12 21 53 44 24 48 15 43 38 37 13 40 4 23 10 7 14 52 57 50 64 35 33 19 60 54 56 6 55 26 18 51 
60 18 1 7 27 61 9 45 8 56 2 35 37 13 55 16 64 41 58 42 59 5 57 53 3 50 38 15 34 24 36 11 4 40 33 14 31 19 28 6 46 17 47 26 12 49 62 25 20 43 48 32 23 54 21 51 30 10 52 39 63 29 22 44 
52 35 10 23 31 36 42 12 49 20 27 64 41 44 53 7 6 51 25 60 54 22 18 38 57 19 63 21 30 47 17 13 59 8 56 29 37 5 61 50 14 55 33 58 24 34 2 16 15 62 26 39 1 28 11 46 43 3 32 48 9 45 40 4 
44 26 20 4 43 39 8 25 60 21 28 52 18 38 46 17 33 14 63 35 48 27 62 13 49 12 54 22 55 32 56 40 57 3 23 10 58 51 1 2 6 19 30 9 64 45 61 29 36 7 42 53 16 37 34 59 47 41 31 11 50 15 5 24 
48 54 19 51 29 37 17 63 22 6 24 47 50 40 61 58 36 43 45 15 20 8 3 56 26 33 28 2 1 44 10 16 9 34 7 46 11 39 41 52 5 35 32 42 18 31 53 59 55 60 13 27 25 30 4 38 62 64 14 57 49 12 21 23 
24 21 50 46 38 62 55 34 19 9 48 3 32 39 14 33 23 10 40 7 49 4 61 37 29 53 51 52 45 58 42 31 54 17 13 63 16 30 26 64 44 36 1 15 60 43 57 11 5 41 22 56 12 47 6 18 59 35 8 27 2 20 28 25 
14 28 11 33 57 56 15 64 54 30 59 1 12 5 29 51 26 24 52 32 31 19 44 21 37 60 23 4 43 18 41 6 62 25 55 47 42 49 35 20 48 3 27 63 22 50 8 39 10 17 9 2 58 45 40 61 34 16 53 38 36 7 13 46 
2 53 6 13 16 30 5 40 15 4 23 34 26 43 57 10 9 50 39 46 55 11 47 12 59 64 7 35 48 62 25 14 32 27 22 45 60 38 36 18 41 28 52 20 21 56 54 51 3 24 49 29 63 44 8 31 42 58 37 19 61 17 1 33 
################proper############## 

 average_time = 20.968694 

 success runs = 1 

 total average iters = 603040.000000 
