Success!!! 
 
 max_col = 
 64 
 
 run_time = 
 12.652259 
 
 once iters = 
 300012 
 
2 23 50 60 49 17 30 6 43 21 62 31 39 52 51 10 15 20 29 1 13 54 36 64 28 63 8 57 14 56 35 3 55 12 16 24 41 7 37 26 61 40 45 4 59 32 38 53 27 42 46 11 33 58 19 5 18 9 47 25 48 22 34 44 
48 11 33 64 3 47 34 12 32 6 54 5 59 17 24 42 35 18 55 25 61 60 27 44 9 29 16 45 20 51 43 2 38 22 58 21 8 10 50 53 30 41 14 26 31 7 39 46 57 56 63 62 40 4 23 15 1 28 36 19 37 52 13 49 
5 32 22 15 31 27 24 37 55 58 8 4 45 64 57 25 28 23 2 63 46 12 21 9 54 18 41 47 10 13 7 11 56 36 1 59 61 14 44 43 34 48 42 62 20 35 49 19 3 26 52 50 60 38 30 53 17 39 33 16 40 6 29 51 
26 59 55 28 62 52 35 43 53 44 37 29 23 20 1 16 24 3 8 22 41 7 42 14 39 30 25 34 48 40 49 36 19 17 13 45 60 9 46 51 21 15 63 11 5 10 33 18 31 6 54 12 32 64 2 47 38 4 56 27 57 58 50 61 
29 56 61 14 7 58 1 46 9 35 49 26 38 41 40 50 52 11 17 32 19 45 51 34 22 23 42 64 53 33 4 6 39 31 54 5 48 57 3 62 27 12 47 24 25 16 28 60 36 44 37 43 18 55 13 59 8 30 2 63 10 21 20 15 
16 53 25 45 38 13 41 18 47 34 61 30 19 60 11 46 39 43 37 58 26 48 56 4 5 52 17 44 27 55 15 1 33 63 40 29 6 23 42 20 22 8 2 36 57 50 3 64 14 10 21 49 9 24 51 28 31 32 62 54 7 35 12 59 
40 39 19 44 57 9 51 21 3 63 18 7 56 15 36 2 6 10 33 16 53 50 30 31 61 26 62 58 37 59 38 12 32 47 4 27 34 49 11 28 1 13 54 17 23 43 52 29 20 41 22 8 45 25 35 48 64 60 42 55 14 5 24 46 
42 54 63 8 4 10 20 36 12 33 22 13 48 28 27 14 38 5 59 62 57 47 40 49 32 50 46 19 24 31 21 60 64 18 25 15 52 2 35 30 44 51 58 9 6 56 55 37 29 7 16 1 39 17 34 61 26 45 43 41 11 53 23 3 
28 4 53 11 47 30 59 22 51 10 55 6 9 56 7 13 43 2 26 24 20 40 58 39 12 41 34 3 1 18 32 62 27 57 19 8 16 17 15 44 45 61 60 29 63 5 31 36 48 52 14 64 54 49 25 21 23 33 38 50 46 37 42 35 
27 61 14 25 5 3 48 34 2 15 16 49 33 18 26 28 12 7 60 47 29 46 41 57 35 42 22 9 36 6 17 4 52 23 10 43 54 55 31 21 20 37 38 39 50 13 62 40 44 30 51 32 24 63 1 19 56 53 11 45 59 8 58 64 
57 37 13 29 2 32 55 60 52 22 41 17 24 14 38 39 63 19 11 10 42 49 31 51 27 15 56 53 47 54 40 21 7 30 34 20 59 61 48 18 9 46 43 44 64 1 23 33 28 45 35 58 8 36 6 50 25 12 3 5 62 4 26 16 
33 8 12 58 45 38 9 49 61 48 3 25 64 37 31 32 14 16 52 21 56 17 23 59 60 44 20 28 26 7 5 50 41 40 11 35 1 53 13 4 10 24 15 6 51 30 47 57 55 46 39 34 62 22 43 42 29 19 27 2 54 36 18 63 
31 24 36 18 51 44 39 40 58 4 63 50 29 23 8 54 5 61 34 15 9 62 64 32 16 45 30 33 59 14 13 19 6 38 46 42 22 26 2 12 49 21 28 25 56 41 35 48 37 47 60 27 11 53 17 3 52 7 10 57 55 20 1 43 
54 16 1 35 17 19 10 63 60 57 27 62 20 45 43 21 30 4 38 28 18 3 48 8 29 49 37 52 11 64 2 46 25 9 36 33 51 50 56 39 12 32 55 34 58 53 42 14 61 40 5 59 7 41 26 23 15 6 31 13 47 44 22 24 
62 43 15 26 56 41 23 7 46 36 19 53 44 11 42 59 45 50 6 13 33 1 35 55 51 31 39 38 61 24 25 58 3 32 47 64 63 5 28 37 4 16 17 27 22 52 8 54 2 9 18 29 12 10 57 20 48 40 14 34 30 60 49 21 
46 21 20 42 52 50 6 64 30 5 1 34 12 40 47 35 36 54 22 27 25 44 37 53 10 43 48 8 57 23 63 55 24 14 45 62 58 60 29 49 26 3 19 7 2 18 59 11 4 15 31 33 56 13 16 38 39 41 61 28 51 32 9 17 
9 49 17 62 36 35 31 38 8 47 28 23 15 24 19 52 57 44 53 26 30 5 10 25 7 56 43 63 50 37 29 13 46 60 2 40 20 54 45 42 39 33 18 22 1 61 4 6 12 59 34 21 3 48 32 55 51 16 41 64 58 27 14 11 
22 50 11 48 12 42 2 51 27 14 58 21 40 32 33 6 56 47 9 8 59 28 17 60 57 4 5 39 25 19 36 31 29 64 49 34 53 18 26 38 46 54 20 23 41 3 15 44 7 61 30 45 16 43 10 63 35 37 52 1 24 13 62 55 
15 28 39 56 26 55 37 1 64 9 35 20 11 43 5 51 16 63 36 54 6 14 29 23 40 48 33 42 18 46 30 53 8 25 24 58 10 3 62 61 60 34 21 47 12 27 7 49 52 50 44 41 13 31 38 57 32 17 19 4 45 2 59 22 
13 7 40 32 27 33 60 8 36 56 57 37 1 10 39 41 22 31 48 3 38 42 20 2 45 17 61 23 12 16 62 51 50 28 35 30 4 11 9 63 58 43 29 59 52 25 14 55 24 49 53 15 5 19 64 46 34 54 44 47 26 18 21 6 
41 5 10 6 21 24 29 61 25 2 4 44 55 30 16 60 27 32 45 19 1 34 62 11 49 54 26 15 64 3 9 35 59 48 14 7 37 52 22 57 17 53 31 8 13 63 40 50 33 51 58 47 42 23 18 36 28 56 12 20 43 46 38 39 
52 14 46 4 63 18 64 16 49 42 59 12 53 61 48 3 7 55 51 40 24 41 39 58 21 47 1 22 34 28 20 10 43 13 23 36 44 33 6 5 11 62 35 38 19 45 2 32 25 54 26 56 17 9 37 27 57 15 50 60 29 30 8 31 
53 47 34 23 44 25 54 20 13 29 45 22 7 46 18 38 21 35 49 37 50 64 43 15 58 59 24 55 52 11 60 27 17 16 41 51 19 31 12 32 56 28 26 30 9 57 48 5 6 2 1 4 14 8 62 39 61 3 40 36 33 63 10 42 
19 30 57 59 43 45 3 58 26 31 17 63 54 50 34 62 18 33 61 4 12 52 13 46 6 38 32 14 8 2 44 41 21 1 27 56 15 47 39 55 16 10 64 51 24 37 36 42 35 11 40 28 22 20 29 60 49 48 7 53 23 9 25 5 
59 45 27 53 13 21 28 62 5 1 42 18 49 7 58 4 10 17 64 38 54 56 63 47 26 6 51 40 43 30 52 61 9 39 32 14 2 48 55 3 37 60 34 16 11 29 22 20 23 57 50 25 15 33 24 12 44 36 35 46 31 41 19 8 
43 55 54 38 46 48 4 30 44 16 10 24 27 13 6 22 58 9 31 57 23 35 19 26 36 32 28 49 3 63 12 34 53 8 37 11 50 51 33 1 25 52 7 42 45 15 17 59 5 14 41 39 2 18 21 62 40 61 20 29 64 47 56 60 
10 29 23 31 32 40 11 14 54 55 30 41 37 34 3 26 20 48 5 18 36 39 50 12 19 53 58 7 22 15 64 59 28 45 60 17 13 43 61 47 2 35 24 57 49 33 56 51 16 4 27 46 52 44 8 6 21 38 1 62 25 42 63 9 
58 34 6 19 60 57 56 35 45 20 39 46 31 53 50 61 3 62 1 30 15 16 25 13 33 9 55 2 41 44 42 29 12 59 64 49 18 4 5 24 63 47 32 28 14 8 43 21 54 22 38 51 26 40 36 11 37 52 23 10 27 17 7 48 
36 15 16 33 8 51 47 39 38 12 2 64 17 35 56 11 37 21 43 44 27 4 6 52 20 60 14 62 31 25 48 45 57 46 29 19 26 22 23 7 55 1 30 5 3 40 41 61 34 63 9 10 59 42 49 58 24 50 13 32 18 54 53 28 
61 25 52 20 18 26 7 24 14 40 29 59 60 9 63 36 53 51 32 46 2 8 22 45 56 21 11 27 23 1 39 5 35 34 38 31 42 62 41 58 50 4 12 48 54 44 64 10 13 55 43 19 47 37 28 17 6 49 30 3 15 16 33 57 
17 42 9 3 37 22 44 5 48 32 33 15 52 57 28 23 41 29 14 49 60 61 11 24 47 13 50 16 38 4 8 18 63 54 6 25 21 20 10 40 62 36 53 46 27 26 19 39 1 35 64 7 30 56 31 45 12 43 59 58 34 51 55 2 
12 63 2 41 64 1 49 50 19 25 51 8 43 62 21 47 40 34 7 42 28 55 59 33 46 24 10 37 35 17 54 57 30 56 15 44 27 36 52 16 18 23 9 31 38 6 13 58 60 3 61 53 20 29 48 32 4 22 26 14 5 39 11 45 
44 26 3 34 33 36 57 47 28 62 25 10 61 51 22 1 49 37 56 43 7 31 24 30 14 27 53 48 54 20 55 39 13 42 18 32 12 45 4 23 8 50 11 64 17 2 46 9 63 19 59 60 35 52 41 16 58 5 29 38 21 15 6 40 
25 64 42 63 53 20 14 11 6 54 15 56 18 8 32 12 60 45 23 59 21 26 46 17 2 61 35 1 19 52 34 47 62 41 48 3 29 39 40 33 7 38 4 58 43 51 37 16 10 36 28 31 49 5 44 9 50 57 24 30 22 55 27 13 
38 40 45 9 59 60 21 48 31 23 13 36 5 44 41 20 55 1 54 29 32 27 34 35 24 64 57 46 15 50 6 22 61 19 17 37 11 8 58 14 52 30 3 53 26 28 18 56 51 25 62 2 43 47 33 4 63 42 39 49 12 10 16 7 
56 18 58 43 30 61 15 2 29 27 53 39 21 63 59 45 47 28 42 50 10 25 4 20 23 51 3 41 17 9 16 8 60 49 26 57 46 24 38 6 5 55 22 19 33 36 12 13 11 64 32 48 1 7 40 34 54 44 37 52 35 62 31 14 
24 10 35 51 39 31 5 13 7 50 60 48 46 2 4 37 33 57 58 6 14 11 3 22 42 62 18 29 32 12 26 28 36 52 43 63 30 16 1 27 54 25 49 40 15 21 44 41 53 23 17 55 38 61 45 56 19 64 34 8 9 59 47 20 
32 62 49 50 54 28 8 52 11 17 26 43 34 16 64 55 19 13 63 61 39 51 15 38 4 58 40 56 44 5 59 33 31 21 53 2 9 35 7 22 48 29 27 14 10 47 57 45 30 24 42 20 6 3 12 37 41 25 46 18 60 1 36 23 
6 27 29 22 41 12 19 23 40 38 14 52 3 33 9 30 48 53 16 2 8 36 5 62 63 37 13 25 7 60 31 49 47 55 44 50 28 64 59 10 35 42 1 61 39 34 20 24 18 21 15 54 46 57 58 26 45 51 17 43 4 11 32 56 
37 17 4 1 16 7 46 55 42 19 24 57 47 58 35 49 64 41 40 12 44 9 52 18 30 10 36 43 45 21 11 38 20 15 5 54 25 56 51 34 23 63 62 32 60 59 6 31 50 13 8 14 29 39 27 22 3 26 53 48 2 28 61 33 
8 36 44 49 24 64 52 57 16 26 43 2 13 59 55 63 61 22 21 9 47 20 18 56 53 14 7 54 4 39 27 48 5 11 28 1 40 6 32 41 38 58 33 15 37 42 29 25 19 31 12 17 34 30 50 10 60 35 51 23 3 45 46 62 
34 60 28 27 6 59 25 41 56 49 50 54 58 21 17 9 29 46 4 7 64 37 1 42 8 20 2 10 40 36 3 24 16 51 62 53 43 12 57 15 47 19 61 35 32 48 5 30 26 33 11 44 23 45 52 18 55 31 63 22 13 14 39 38 
4 38 51 37 19 15 13 56 20 53 36 60 10 12 45 18 25 52 57 5 40 32 44 50 41 34 21 17 16 43 47 42 54 61 59 22 14 30 8 31 24 11 46 55 62 23 1 63 39 58 48 3 28 35 7 29 9 27 64 6 49 33 2 26 
20 9 21 7 35 16 58 32 33 61 31 1 14 47 30 57 2 24 39 51 3 15 55 27 64 22 49 59 6 62 23 44 48 26 50 38 45 34 25 60 13 17 40 52 18 12 10 8 41 37 56 63 36 46 53 54 43 29 5 11 42 19 28 4 
14 31 26 55 61 62 50 33 4 51 7 3 42 29 44 15 8 12 41 48 58 23 49 54 13 11 45 30 5 32 18 37 2 35 63 47 64 46 17 19 6 22 36 60 34 39 9 28 38 43 25 40 27 16 20 1 10 59 21 24 53 56 57 52 
39 2 18 17 29 63 12 42 23 46 40 11 8 25 62 24 31 6 30 53 43 38 14 19 55 28 15 35 60 61 58 56 10 44 33 52 3 13 27 36 59 26 57 50 4 54 45 7 9 5 49 22 21 51 47 64 16 34 32 37 20 48 41 1 
23 3 43 40 11 46 22 10 35 39 34 32 41 5 37 48 17 60 62 33 63 13 45 28 38 19 12 51 29 26 1 52 4 7 9 18 24 21 20 56 31 49 44 2 16 64 53 27 59 8 6 42 57 15 55 14 36 47 58 61 50 25 30 54 
47 48 30 54 1 5 45 53 22 28 64 38 6 19 52 27 11 59 35 34 16 10 26 36 25 46 9 31 33 57 50 63 42 58 39 23 55 37 49 29 43 20 41 56 21 14 51 3 62 32 24 13 4 60 61 2 7 8 15 40 44 12 17 18 
3 33 56 24 23 4 17 27 15 30 47 55 22 38 29 44 26 49 13 31 11 43 28 48 1 5 54 60 21 41 53 25 18 6 20 12 32 59 63 46 40 2 51 37 61 19 50 62 64 16 36 9 10 34 39 8 42 14 57 35 52 7 45 58 
7 51 32 21 28 2 63 29 41 60 46 61 35 42 54 58 62 25 24 14 37 59 38 40 3 12 44 4 9 45 10 43 22 50 52 16 5 15 36 11 57 27 13 1 8 20 34 47 17 18 19 23 48 26 56 31 53 55 6 33 39 49 64 30 
1 44 37 12 10 39 40 45 59 8 21 33 4 36 53 64 9 30 27 35 52 57 32 61 18 16 38 26 28 58 56 15 23 24 7 13 47 29 60 2 42 5 48 63 55 31 11 43 49 62 20 6 50 14 54 51 22 46 25 17 19 34 3 41 
30 22 41 16 20 49 36 54 34 3 9 14 62 6 25 43 4 39 47 17 5 29 7 63 31 55 52 24 13 27 51 40 26 53 56 28 35 42 19 64 15 59 10 45 44 58 60 12 32 1 57 38 61 11 46 33 2 18 48 21 8 23 37 50 
64 57 8 52 42 14 38 15 24 13 48 28 2 39 10 17 50 56 20 55 22 53 54 3 34 36 63 61 62 35 19 7 40 37 31 4 33 1 21 9 29 18 6 41 46 49 25 23 43 12 45 5 58 59 60 30 47 11 16 51 32 26 44 27 
60 35 48 13 25 34 61 59 57 52 5 51 50 26 20 19 42 36 10 41 45 18 8 1 11 2 23 6 46 47 14 64 58 27 3 39 49 38 30 17 53 9 16 33 28 24 32 4 15 29 7 37 55 21 22 44 62 63 54 31 56 40 43 12 
18 6 31 47 58 53 26 9 1 11 23 45 63 27 49 7 46 15 19 60 34 33 12 16 48 57 29 50 39 22 37 32 51 43 8 55 62 44 14 54 64 56 52 3 30 17 21 35 40 28 13 24 25 2 42 41 20 10 4 59 38 61 5 36 
55 46 62 5 50 11 43 19 18 37 56 16 32 31 12 40 23 58 44 64 51 21 2 6 17 8 59 20 49 42 33 30 45 10 61 41 57 25 34 48 36 14 39 54 7 38 26 22 47 53 4 35 63 27 3 52 13 1 9 15 28 24 60 29 
11 19 5 57 40 23 53 31 39 7 44 58 28 4 60 33 1 38 12 56 49 30 61 43 15 25 6 21 55 10 24 26 34 2 51 9 36 63 64 50 32 45 59 20 29 22 16 52 46 48 47 18 41 54 14 13 27 62 8 42 17 3 35 37 
49 52 59 10 14 56 42 25 21 18 6 27 16 22 2 5 34 8 28 36 55 24 9 7 62 39 64 32 51 48 57 23 15 29 30 26 17 19 54 35 3 44 50 13 53 4 63 38 45 20 33 61 37 1 11 43 46 58 60 12 41 31 40 47 
51 41 60 46 55 54 27 26 17 45 11 19 36 1 13 56 44 40 3 20 62 58 57 29 43 7 4 18 30 34 61 14 37 33 21 48 31 32 47 8 28 6 25 10 42 9 24 15 22 38 2 16 64 12 5 35 59 23 49 39 63 50 52 53 
45 20 47 30 22 43 62 17 50 59 52 35 26 3 61 29 13 14 46 39 48 6 53 21 37 33 27 11 58 8 28 9 44 4 57 60 38 41 24 25 19 31 56 12 40 55 54 1 42 34 23 36 51 32 63 49 5 2 18 7 16 64 15 10 
21 1 7 36 34 29 33 28 62 24 20 9 30 48 46 31 59 64 18 23 35 63 16 41 52 3 19 12 2 53 22 54 14 5 42 6 39 40 43 45 51 57 37 49 47 60 58 17 8 27 10 26 44 50 15 25 11 13 55 56 61 38 4 32 
63 58 38 39 9 8 16 3 10 43 12 40 51 54 15 34 32 26 25 52 4 22 33 37 50 35 47 5 42 49 45 17 11 20 55 46 56 27 53 13 41 64 23 18 36 62 61 2 21 60 29 30 31 6 59 7 14 24 28 44 1 57 48 19 
35 12 24 61 15 6 32 4 37 64 38 47 57 55 14 53 54 42 50 11 17 2 60 5 44 1 31 13 63 29 41 16 49 62 22 10 23 58 18 59 33 7 8 21 48 46 27 34 56 39 3 52 19 28 9 40 30 20 45 26 36 43 51 25 
50 13 64 2 48 37 18 44 63 41 32 42 25 49 23 8 51 27 15 45 31 19 47 10 59 40 60 36 56 38 46 20 1 3 12 61 7 28 16 52 14 39 5 43 35 11 30 26 58 17 55 57 53 62 4 24 33 21 22 9 6 29 54 34 
################proper############## 

 average_time = 12.652259 

 success runs = 1 

 total average iters = 300012.000000 
