Success!!! 
 
 max_col = 
 64 
 
 run_time = 
 18.382412 
 
 once iters = 
 500097 
 
61 3 18 40 39 15 27 35 50 64 7 41 13 16 37 60 52 48 51 12 23 59 17 44 53 55 31 49 11 42 19 43 14 10 47 46 25 26 24 21 5 57 56 20 62 9 4 1 2 30 28 22 36 38 8 54 6 33 58 63 45 34 29 32 
12 55 9 20 31 60 26 51 30 46 27 47 39 21 24 22 25 18 32 19 11 43 35 45 56 58 37 10 54 34 61 38 52 57 53 16 2 49 15 5 14 3 50 6 33 41 36 40 13 63 29 64 59 62 44 17 48 1 8 42 4 28 23 7 
62 30 21 45 7 25 33 48 20 63 49 19 38 54 36 3 40 24 29 2 1 58 10 34 52 27 64 39 23 8 41 46 6 9 59 11 28 56 37 12 17 53 26 32 47 13 55 22 61 14 43 42 57 5 4 35 44 51 60 15 16 31 18 50 
59 29 43 53 42 38 4 54 26 58 31 1 35 55 9 23 27 6 14 5 33 20 47 46 62 18 25 22 50 2 12 15 60 63 40 36 8 64 32 34 52 49 30 44 28 51 7 48 24 39 56 37 45 10 16 11 21 3 57 19 61 41 13 17 
11 47 23 46 14 57 64 24 51 34 25 8 59 10 52 2 15 37 7 49 9 30 21 26 13 6 29 28 3 16 44 4 1 61 50 27 48 45 62 17 12 38 39 35 63 31 19 42 18 55 32 58 53 33 41 60 56 5 22 43 20 36 54 40 
17 6 32 16 10 56 50 2 15 5 14 45 12 28 43 4 8 3 62 60 57 36 13 31 48 20 63 33 40 30 21 24 42 22 44 55 19 41 54 35 58 18 37 27 29 25 59 61 47 51 49 34 46 7 1 23 9 26 38 53 52 64 39 11 
52 36 1 58 5 63 37 28 32 53 42 11 48 6 18 44 50 54 39 38 22 41 56 61 45 51 17 14 59 35 7 57 33 3 29 30 4 31 13 23 34 8 16 2 60 21 43 64 15 12 40 9 26 19 27 20 47 49 25 10 46 55 24 62 
8 22 34 13 41 49 19 44 56 61 40 62 33 29 17 57 63 64 53 28 55 4 42 16 26 47 5 9 32 36 60 1 20 43 38 7 18 58 39 51 24 45 46 23 15 11 54 10 25 3 31 48 6 52 50 21 14 30 35 2 12 27 37 59 
20 2 17 56 43 54 48 34 10 1 22 38 11 5 42 47 37 8 49 41 46 15 32 4 33 13 52 35 18 25 55 19 39 50 61 23 62 59 44 57 60 31 14 24 58 36 21 7 40 6 63 29 64 12 9 28 51 16 53 26 30 3 45 27 
64 9 63 61 36 62 8 50 45 4 19 54 15 49 57 35 43 39 60 58 31 17 2 42 47 12 34 5 16 24 14 11 10 18 3 56 29 20 21 37 40 51 53 33 1 46 38 55 32 52 7 30 41 27 22 26 13 6 48 59 25 23 28 44 
22 23 24 59 58 35 45 4 44 43 30 32 52 25 34 20 57 55 11 33 56 14 9 27 3 62 61 37 21 40 64 28 5 15 49 47 63 7 26 46 18 41 13 19 42 16 12 6 51 48 2 39 50 53 60 1 36 31 29 17 38 10 8 54 
38 5 46 52 21 16 60 7 41 56 61 28 51 33 50 6 62 10 48 36 63 25 44 64 27 22 39 53 2 31 45 29 34 12 11 35 9 19 14 58 15 30 47 54 8 17 26 37 23 57 13 59 3 49 24 4 40 20 42 32 55 18 1 43 
40 28 10 33 12 32 13 41 18 29 23 31 3 17 2 8 54 61 6 24 52 16 53 59 46 57 56 30 48 7 1 26 51 42 60 25 55 43 38 22 49 4 20 11 45 50 63 27 35 37 14 36 21 44 62 19 58 9 34 47 39 15 5 64 
30 15 55 6 49 39 29 57 37 60 26 14 16 53 62 63 22 51 18 7 13 12 23 40 9 54 59 42 8 41 36 10 64 1 24 45 17 27 33 31 44 32 3 48 43 2 5 28 38 11 25 20 58 47 34 61 50 46 56 52 19 35 4 21 
47 19 53 51 11 14 18 27 48 55 12 40 21 39 58 13 3 45 1 35 34 26 50 38 60 43 6 15 20 63 4 44 54 28 16 2 32 36 52 30 29 56 25 59 23 64 22 9 10 5 46 8 33 17 42 31 24 7 41 62 57 37 61 49 
44 25 31 1 37 26 42 3 36 27 59 9 7 46 64 24 20 5 19 21 28 29 30 47 50 32 38 51 17 58 23 49 8 4 13 40 6 53 41 48 62 34 61 52 39 10 35 57 55 18 45 16 56 15 54 43 2 22 63 60 33 12 11 14 
34 33 8 10 15 7 58 9 42 14 63 57 61 35 25 32 21 2 55 59 6 39 29 19 37 31 1 47 36 54 20 18 50 62 27 28 38 23 46 56 11 12 64 40 22 26 49 43 3 60 48 41 17 13 45 51 52 24 16 4 44 30 53 5 
57 13 54 28 47 53 44 23 29 36 55 4 62 56 39 27 45 49 52 64 58 42 34 35 2 5 30 59 22 3 17 14 19 40 7 48 20 9 31 33 16 24 41 10 61 18 37 8 6 25 50 38 1 26 21 12 60 43 32 51 11 46 15 63 
39 32 45 30 63 18 35 12 47 28 46 20 54 1 59 19 11 62 9 25 14 24 60 23 29 53 27 56 52 4 49 40 58 16 6 44 61 5 17 42 38 48 21 13 3 57 51 50 34 2 33 55 43 8 15 64 10 36 31 37 41 7 26 22 
21 50 56 2 48 61 5 17 31 23 34 49 43 38 51 40 32 22 3 20 44 33 15 7 16 60 55 41 19 13 26 42 30 35 14 57 64 8 10 53 4 62 52 46 59 28 39 36 9 29 37 54 63 24 11 58 12 27 45 6 18 47 25 1 
1 38 52 36 64 51 49 59 11 45 37 53 24 30 16 18 4 47 56 17 12 46 28 8 39 33 15 58 57 9 63 32 29 34 26 21 41 2 43 60 54 44 6 55 25 20 14 19 42 27 5 31 23 22 10 7 3 48 50 61 62 13 40 35 
4 43 6 19 3 22 16 26 21 44 58 2 60 12 10 9 13 30 5 50 27 48 41 51 38 11 24 46 34 61 8 25 59 45 32 37 15 1 36 55 63 35 29 47 56 7 42 31 53 40 20 52 62 57 39 18 54 64 17 14 28 33 49 23 
42 20 41 24 60 31 55 25 33 6 15 26 22 52 3 50 16 36 63 43 37 10 40 54 44 7 45 23 64 62 35 48 11 13 12 51 49 39 18 4 27 2 1 5 53 30 58 17 28 56 59 14 61 32 47 46 38 8 9 29 21 57 34 19 
46 11 40 37 62 27 14 29 17 8 64 48 41 13 5 7 38 26 61 31 18 1 57 53 6 10 51 21 12 43 28 50 3 54 22 24 52 63 47 25 45 33 32 15 9 23 60 34 16 35 30 49 4 36 19 44 55 56 59 20 2 39 42 58 
32 63 36 27 59 10 25 61 9 54 62 7 58 40 44 55 60 57 64 1 43 18 11 13 8 17 20 50 45 51 16 22 28 37 42 5 46 21 49 3 53 19 33 29 24 6 15 47 4 23 52 12 30 34 38 14 31 2 39 41 48 26 35 56 
43 8 50 34 46 5 23 38 14 19 39 6 10 64 56 37 61 12 47 63 24 22 27 3 25 36 11 57 49 26 62 30 53 7 52 32 60 29 35 2 42 59 31 1 13 58 41 4 21 33 44 40 9 18 51 48 20 55 54 28 15 45 17 16 
49 14 12 4 51 2 22 37 28 48 36 34 57 42 32 61 39 33 58 6 54 44 20 21 1 15 10 60 35 64 18 5 26 25 19 38 31 24 16 41 56 7 43 3 52 8 45 23 27 47 17 13 55 11 46 29 63 59 40 30 53 62 50 9 
29 35 60 47 54 40 24 6 59 13 43 33 2 22 23 53 10 34 36 15 8 19 46 25 32 21 9 4 42 28 56 7 27 44 1 39 58 57 30 62 55 64 17 16 12 49 48 63 31 20 26 45 37 41 61 50 11 52 51 18 5 14 38 3 
16 44 57 9 18 33 28 64 52 25 4 3 47 63 31 11 5 50 2 56 17 55 62 41 14 46 53 19 27 37 58 59 40 48 10 34 43 51 6 45 26 39 35 21 38 61 20 30 22 42 24 1 15 54 36 49 32 12 7 23 13 8 60 29 
19 48 15 21 17 13 56 55 1 30 51 35 50 41 26 12 53 16 42 45 40 28 4 29 24 52 43 3 47 38 31 39 23 8 33 20 14 61 11 63 32 46 9 18 27 54 44 2 5 64 62 60 7 6 25 59 22 34 36 49 37 58 57 10 
7 39 20 31 26 1 41 52 46 38 5 29 8 18 45 21 35 32 30 51 48 37 49 9 34 40 54 2 33 23 13 61 55 47 15 12 59 17 64 36 25 28 62 14 50 22 11 60 57 16 53 56 10 63 58 3 19 42 44 27 6 24 43 4 
45 58 62 11 30 42 3 53 49 16 20 24 27 15 60 17 31 38 26 23 59 7 52 14 41 63 48 6 55 44 29 12 13 56 54 9 22 4 50 18 57 10 36 37 40 5 34 51 8 19 39 35 2 28 43 32 61 47 21 25 64 1 46 33 
23 1 11 35 33 6 53 15 4 59 21 61 30 31 13 41 12 28 44 9 7 50 8 20 17 49 40 55 10 14 24 27 57 51 43 42 3 22 60 47 64 5 19 34 37 29 52 16 46 26 58 63 32 56 2 39 25 62 18 45 36 54 48 38 
36 60 22 3 25 9 51 40 8 49 54 12 29 37 11 14 48 43 34 62 19 38 1 58 7 2 57 64 4 18 32 13 63 33 39 26 44 55 61 28 50 23 42 30 17 15 53 20 59 45 21 6 31 16 5 24 46 10 47 56 35 52 27 41 
31 49 14 55 61 59 46 45 27 50 53 39 44 7 20 64 2 42 17 57 21 52 24 11 43 56 33 16 30 60 22 63 18 29 4 6 5 54 9 10 41 47 58 12 35 62 8 26 37 38 36 15 48 25 23 13 34 40 1 3 51 19 32 28 
26 18 48 38 13 20 34 62 60 17 16 52 56 3 40 46 14 63 25 61 30 53 64 5 54 23 12 45 51 29 47 41 32 49 36 59 37 35 2 19 21 11 57 31 4 33 24 44 7 10 1 50 22 55 28 27 15 39 43 8 9 6 58 42 
58 7 44 54 19 41 30 16 2 47 32 5 9 62 1 10 55 29 40 46 3 13 22 39 15 37 21 25 31 11 52 35 17 23 64 14 12 34 27 20 36 6 45 28 49 48 56 38 60 43 61 51 18 42 53 8 4 50 26 57 59 63 33 24 
5 24 64 63 50 4 47 10 57 35 18 43 6 45 28 42 56 41 23 32 15 27 54 37 36 39 44 61 26 59 34 8 25 52 58 62 7 38 48 40 3 55 60 51 14 1 2 46 29 49 9 11 19 20 12 33 17 53 13 16 31 22 21 30 
37 57 2 32 8 28 17 43 23 22 33 25 63 48 19 26 36 35 31 10 49 51 16 18 42 1 58 38 46 50 3 6 45 41 21 53 24 13 56 15 59 9 27 7 54 40 61 39 62 44 64 47 52 4 30 34 29 14 20 11 60 5 12 55 
56 42 27 29 52 21 12 39 58 24 38 15 36 34 55 51 26 60 45 47 4 6 59 33 28 9 19 62 5 20 48 53 31 30 46 8 16 11 1 50 13 22 10 63 32 43 18 25 17 54 35 57 14 40 3 41 37 61 23 64 49 44 7 2 
55 21 51 22 16 36 61 60 35 42 9 10 64 24 46 59 30 44 4 3 29 54 14 43 18 26 8 7 56 57 39 62 15 32 48 63 11 40 53 13 19 50 2 17 34 27 28 45 41 31 23 5 25 1 49 38 33 37 52 12 58 20 47 6 
15 12 30 50 38 44 31 42 16 39 3 56 14 27 63 34 6 40 10 55 20 5 19 22 4 35 36 43 58 48 11 37 49 17 9 54 45 62 23 64 46 25 59 41 26 60 33 24 52 7 8 61 47 2 13 57 18 32 28 1 29 21 51 53 
41 4 25 64 28 34 57 8 22 32 47 37 26 20 6 52 1 17 13 48 42 31 33 62 19 45 2 63 38 49 40 3 35 21 5 50 10 14 55 16 51 43 54 39 36 53 23 12 58 46 11 27 29 9 18 30 7 60 24 44 56 61 59 15 
48 62 5 17 27 58 54 19 25 15 11 13 28 43 49 31 18 7 35 8 2 47 38 52 30 64 32 12 24 1 46 9 22 59 51 60 39 33 42 44 61 14 40 57 55 37 29 3 50 53 6 26 20 21 63 56 45 41 10 36 23 4 16 34 
2 56 29 18 32 46 9 11 19 57 45 55 1 23 38 48 59 58 41 53 64 49 26 50 22 61 28 31 60 21 33 17 12 6 8 43 47 25 20 52 10 15 7 4 30 42 16 35 36 34 51 24 44 37 14 62 5 54 27 13 63 40 3 39 
35 26 49 23 40 47 7 63 53 12 8 51 5 60 61 54 28 11 24 37 25 56 39 57 55 41 50 52 14 27 10 20 38 2 34 18 36 3 4 29 6 1 22 58 21 44 31 13 33 59 15 17 42 45 32 16 64 19 62 46 43 9 30 48 
10 59 13 14 53 43 6 20 7 33 41 17 4 36 29 62 46 15 21 27 45 60 61 32 23 34 16 44 25 47 42 51 56 58 57 1 30 37 28 24 48 63 18 38 64 52 9 5 54 22 3 19 12 39 55 40 8 11 2 35 50 49 31 26 
24 37 3 39 1 45 52 33 40 21 50 44 18 2 30 58 34 23 12 16 51 9 63 36 5 59 13 29 15 6 53 54 41 27 31 61 26 46 19 7 8 20 49 62 11 32 47 56 48 4 60 43 28 64 35 10 57 17 14 55 42 38 22 25 
6 52 28 12 35 50 15 14 43 2 56 18 53 9 33 36 44 31 46 30 16 61 45 55 64 24 4 26 41 32 54 34 21 39 62 19 57 42 29 38 37 27 63 60 7 3 40 58 20 17 47 25 8 59 48 5 49 23 11 22 1 51 10 13 
33 45 58 25 23 19 11 47 5 20 60 21 40 51 12 28 49 59 38 26 10 8 7 2 35 42 46 36 6 22 43 56 37 55 30 15 1 18 3 14 31 17 24 9 44 39 32 54 64 13 4 62 16 29 52 53 27 63 61 50 34 48 41 57 
3 54 16 41 55 64 36 5 6 62 44 63 42 11 8 38 23 52 37 34 39 21 12 24 10 48 60 20 29 15 51 31 4 26 45 17 53 50 59 32 2 13 28 56 19 35 46 14 49 1 57 18 27 61 7 22 43 58 30 33 40 25 9 47 
60 53 42 26 2 17 39 56 34 7 24 46 37 50 15 29 58 14 27 22 36 35 3 48 21 38 62 13 63 45 57 52 44 64 25 41 40 47 12 11 33 61 5 43 20 59 1 49 30 32 55 10 51 23 31 9 28 4 19 54 8 16 6 18 
18 27 61 44 34 24 1 22 55 41 10 58 17 19 14 49 33 9 57 40 53 32 6 60 12 30 7 8 28 5 59 23 43 20 63 31 13 48 51 54 47 36 11 25 16 4 62 29 45 21 38 46 35 50 56 37 26 15 64 39 3 42 2 52 
9 40 38 43 57 8 10 21 13 31 1 27 23 59 22 16 64 56 54 4 47 11 25 15 58 19 18 17 44 33 37 2 61 24 35 52 34 28 5 49 30 42 51 26 48 12 50 53 39 36 41 3 60 14 6 63 62 45 46 7 32 29 55 20 
13 31 59 48 20 37 62 30 54 52 35 64 32 26 4 39 42 19 50 29 41 63 51 28 49 25 3 1 61 55 27 47 7 46 56 10 23 16 58 9 22 21 34 8 6 45 57 18 11 15 12 33 24 43 40 2 53 44 5 38 14 17 36 60 
51 46 7 49 4 29 63 32 61 3 57 30 45 47 48 25 17 20 43 13 5 62 18 1 11 50 14 40 39 53 9 16 36 60 2 22 33 6 8 27 23 52 38 64 41 55 10 15 19 28 54 44 34 58 26 42 35 21 37 31 24 59 56 12 
28 41 39 7 29 23 40 36 63 11 48 42 55 58 53 33 24 46 22 44 62 34 43 56 51 16 35 54 9 52 6 45 2 5 17 49 27 15 25 59 20 37 12 50 10 19 64 32 1 61 18 4 13 31 57 47 30 38 3 21 26 60 14 8 
25 10 4 57 6 11 32 46 62 37 2 36 19 61 27 15 51 21 59 14 35 3 5 63 20 28 26 48 43 39 38 55 16 31 23 33 54 44 40 1 7 60 8 22 18 24 13 41 56 58 34 53 49 30 17 52 42 29 12 9 47 50 64 45 
53 51 33 5 22 48 43 13 12 10 6 16 31 14 35 56 7 27 20 18 60 40 37 49 63 8 42 32 1 17 2 36 9 38 41 58 50 30 34 26 28 29 55 45 46 47 25 21 44 62 19 23 39 3 64 15 59 57 4 24 54 11 52 61 
14 17 47 62 56 12 20 49 39 9 13 50 46 44 54 45 41 1 28 52 32 23 58 30 31 4 22 24 37 19 25 21 48 53 55 64 42 60 57 43 35 40 15 61 5 38 3 59 26 8 27 7 11 51 29 6 16 18 33 34 10 2 63 36 
50 16 35 8 45 3 59 58 24 26 52 23 20 57 21 30 9 13 33 11 38 64 55 12 61 29 49 18 7 56 5 60 47 14 28 4 51 10 63 6 1 54 44 42 2 34 27 62 43 41 22 32 40 46 37 36 39 25 15 48 17 53 19 31 
54 34 26 42 9 30 2 31 3 18 28 60 25 32 41 5 19 4 8 39 50 45 36 10 59 14 47 27 53 46 15 64 62 11 37 29 35 52 7 61 43 58 23 49 57 63 17 33 12 24 16 21 38 48 20 55 1 13 6 40 22 56 44 51 
27 64 37 15 44 55 21 1 38 40 17 22 34 4 47 43 29 53 16 54 61 2 31 6 57 3 41 11 62 10 50 33 24 19 18 13 56 12 45 8 39 26 48 36 51 14 30 52 63 9 42 28 5 60 59 25 23 35 49 58 7 32 20 46 
63 61 19 60 24 52 38 18 64 51 29 59 49 8 7 1 47 25 15 42 26 57 48 17 40 44 23 34 13 12 30 58 46 36 20 3 21 32 22 39 9 16 4 53 31 56 6 11 14 50 10 2 54 35 33 45 41 28 55 5 27 43 62 37 
################proper############## 

 average_time = 18.382412 

 success runs = 1 

 total average iters = 500097.000000 
