Success!!! 
 
 max_col = 
 64 
 
 run_time = 
 14.524814 
 
 once iters = 
 323409 
 
38 61 31 48 52 12 50 5 39 44 59 26 55 35 4 21 51 64 32 36 18 11 42 53 13 29 43 46 25 40 15 60 14 63 6 28 8 9 57 41 33 1 7 45 58 34 37 27 54 17 22 10 23 16 19 20 56 30 2 47 49 24 3 62 
55 58 8 56 16 25 15 3 50 49 24 48 52 18 37 13 10 29 28 19 6 23 17 33 41 11 53 31 20 51 63 2 64 21 4 22 7 62 59 43 5 39 30 40 57 54 38 47 14 61 36 1 46 9 12 34 42 35 60 26 27 32 44 45 
27 22 41 57 36 40 53 17 31 58 7 29 33 11 32 20 47 46 12 45 16 59 43 34 23 8 24 52 55 49 6 62 19 44 10 61 38 54 13 5 64 51 42 56 9 48 35 18 30 60 39 3 28 2 25 26 50 37 21 63 1 15 14 4 
6 2 37 64 4 7 10 49 15 51 25 63 46 57 60 30 13 48 55 56 14 9 27 20 61 1 26 21 44 18 32 17 39 3 47 58 40 50 35 11 19 53 62 36 12 22 16 52 43 45 29 41 8 42 24 59 34 28 5 23 54 38 33 31 
1 39 43 24 14 63 44 20 6 64 40 34 17 61 45 2 7 62 58 60 50 54 31 8 36 3 38 56 42 47 37 28 12 18 49 16 30 32 25 27 23 29 41 21 15 26 59 46 5 48 35 51 33 11 13 4 52 22 9 55 53 57 19 10 
32 46 47 23 13 19 18 42 16 27 12 43 1 54 5 38 26 15 61 35 40 22 21 63 34 9 4 59 14 64 33 30 31 52 60 45 53 24 48 2 25 17 11 28 49 10 3 55 37 57 56 6 44 62 50 58 51 7 39 8 36 29 41 20 
45 51 60 34 11 54 35 59 62 9 56 41 36 10 28 14 2 52 30 25 3 49 57 1 7 19 5 50 48 22 39 27 55 29 26 37 23 17 42 33 31 24 32 20 4 44 61 8 47 21 38 53 64 63 15 40 46 13 58 6 12 43 18 16 
21 28 30 29 62 9 33 26 8 53 42 22 19 23 3 47 5 38 39 37 44 41 24 4 16 45 57 58 12 35 54 10 20 15 1 34 46 51 36 56 43 50 60 2 63 14 13 6 7 27 31 52 32 55 49 18 64 25 17 61 48 40 59 11 
37 14 11 47 25 45 48 52 5 41 28 62 51 6 31 59 40 9 36 46 19 2 3 42 20 35 39 18 17 56 16 61 58 10 23 13 63 49 50 7 21 26 27 22 64 12 1 29 57 32 4 54 34 8 44 55 38 43 33 24 15 53 60 30 
50 7 53 2 59 64 56 29 36 17 14 61 38 34 39 12 24 18 33 51 25 31 45 41 19 30 32 48 49 54 58 13 47 11 22 4 37 1 27 8 6 10 15 42 62 35 9 28 40 63 5 20 60 46 52 43 23 44 16 3 21 26 57 55 
3 24 13 26 41 46 39 62 56 43 60 9 40 4 33 54 44 10 5 22 17 63 34 27 45 59 31 23 28 55 38 47 25 42 64 30 15 29 21 51 57 7 18 61 20 49 36 50 53 1 2 58 16 48 6 12 14 19 37 35 52 8 11 32 
12 36 19 55 9 4 40 22 45 7 32 10 35 64 29 48 53 39 57 15 54 16 61 37 8 46 25 1 5 60 11 21 56 43 28 3 20 26 18 38 63 14 44 52 34 30 31 51 13 47 62 23 50 24 33 17 6 59 41 49 2 27 58 42 
31 32 54 15 1 57 30 21 19 22 63 23 16 20 53 37 38 55 7 64 60 35 12 58 52 26 6 14 41 27 42 4 33 62 45 17 24 39 44 46 59 47 8 13 2 43 5 56 11 9 28 49 18 3 29 10 25 50 61 36 34 51 48 40 
44 60 16 43 27 18 38 28 24 50 11 3 21 13 8 49 56 20 48 62 59 30 47 52 29 2 10 34 63 15 36 57 53 5 19 32 6 55 61 14 17 33 23 58 40 25 54 39 42 26 64 35 37 51 41 7 31 4 22 45 9 12 46 1 
17 49 63 33 10 42 61 58 44 47 2 52 57 1 25 18 11 14 8 43 32 26 6 23 62 53 50 37 51 3 9 22 48 40 35 12 59 34 41 31 55 16 19 46 24 60 4 45 21 38 30 15 36 39 56 27 29 64 54 20 7 28 5 13 
5 35 6 8 51 20 23 34 42 46 55 58 26 15 30 27 4 28 1 49 21 29 50 13 33 40 64 44 43 7 24 12 54 2 9 60 57 16 52 36 41 11 3 37 53 38 48 32 59 14 25 22 19 45 31 61 17 10 47 39 62 18 56 63 
26 18 2 46 58 3 20 32 55 23 19 13 41 5 11 57 29 42 16 8 30 6 59 45 1 44 54 51 7 34 27 49 10 56 39 53 35 37 22 52 47 4 64 48 17 63 40 14 9 28 21 38 24 33 43 62 36 15 12 60 31 50 25 61 
48 27 39 38 6 62 16 10 54 32 61 8 49 29 26 17 9 19 63 1 36 43 13 3 58 28 18 42 53 33 64 15 60 12 24 47 5 40 46 57 22 31 56 35 50 2 51 25 55 20 7 34 4 59 45 23 37 21 14 30 44 11 52 41 
61 59 21 37 54 28 13 19 12 40 30 44 4 16 22 53 25 41 49 20 7 5 35 46 10 50 56 55 31 6 47 48 38 8 58 14 43 27 63 15 11 34 33 9 23 18 29 24 39 42 52 36 3 60 1 51 2 57 45 32 17 62 64 26 
43 40 64 50 47 44 12 25 35 21 45 24 14 27 51 62 60 33 17 58 48 18 11 15 59 37 52 29 38 26 20 63 36 23 2 41 9 31 16 34 49 8 61 55 3 1 46 7 22 6 13 57 30 32 10 5 4 56 19 42 28 39 53 54 
60 1 7 31 15 30 22 51 46 20 50 18 9 2 58 52 55 27 37 34 61 39 28 64 4 21 8 16 57 36 12 32 13 49 42 44 17 11 62 54 53 43 38 5 10 45 41 59 25 35 63 14 56 26 47 19 24 40 48 29 23 33 6 3 
14 56 57 5 55 24 52 63 1 42 3 7 48 25 15 10 62 40 22 31 26 50 4 12 30 39 60 11 45 9 23 46 6 32 59 33 29 64 19 20 58 27 36 16 54 13 28 21 41 49 17 44 61 37 2 53 18 38 51 43 47 35 34 8 
53 34 35 9 29 8 36 41 63 31 33 28 39 43 64 6 21 51 54 23 47 56 38 44 14 24 17 2 13 61 19 25 26 45 50 55 3 18 30 4 32 52 37 57 42 20 60 62 12 40 16 46 48 58 11 15 5 27 1 59 10 49 22 7 
33 23 45 42 49 11 17 4 47 34 36 37 60 38 59 56 14 2 53 24 52 57 32 10 43 41 40 3 22 5 62 35 7 25 51 21 48 28 1 61 30 19 6 44 26 15 39 12 29 8 50 64 31 27 18 54 16 63 13 58 46 55 20 9 
20 62 40 39 53 6 59 12 14 18 48 64 45 17 13 55 54 43 27 44 34 61 30 5 2 15 35 32 46 10 3 31 63 57 11 38 33 22 47 29 60 42 24 51 1 52 19 36 23 4 58 21 26 49 7 8 9 41 28 50 16 25 37 56 
42 3 28 1 33 41 11 55 60 26 52 59 5 12 21 32 50 16 47 7 39 62 46 9 6 4 23 38 61 29 56 51 37 24 48 8 25 43 58 13 54 15 31 10 30 64 49 57 45 22 34 63 53 44 14 2 19 18 40 17 20 36 27 35 
49 29 27 7 46 22 54 61 34 38 62 6 43 37 9 50 52 36 40 11 23 53 48 19 57 16 12 60 64 58 45 5 51 41 30 35 18 21 14 17 13 44 63 4 25 33 32 2 3 15 1 56 59 20 28 24 26 55 8 10 39 42 31 47 
34 50 23 10 2 58 43 16 51 19 1 56 42 63 36 46 31 57 25 3 24 12 64 26 21 7 14 39 27 8 18 44 15 55 53 20 4 61 49 45 28 5 40 17 59 37 47 22 35 30 11 33 52 41 60 9 13 48 62 38 29 54 32 6 
52 44 56 18 8 21 25 64 28 54 22 57 30 49 10 31 35 58 51 38 33 32 63 2 55 13 41 40 9 20 26 19 59 60 36 27 16 23 7 42 45 61 39 6 14 50 43 48 46 62 37 12 17 29 5 47 1 34 24 11 4 3 15 53 
36 38 15 51 26 35 60 24 58 25 8 4 47 39 61 40 22 56 41 18 55 10 1 14 48 17 63 49 30 37 59 50 62 9 52 2 31 3 28 32 27 20 53 34 46 29 23 11 19 16 6 43 54 13 42 64 44 5 7 57 33 21 45 12 
63 5 14 19 30 13 4 37 27 11 29 16 20 7 41 44 17 8 45 42 15 28 60 6 47 36 22 33 24 43 1 53 46 34 12 54 39 10 64 50 35 21 26 62 56 9 18 3 32 31 40 48 38 57 55 25 61 51 23 2 58 59 49 52 
47 48 32 45 57 17 9 31 23 2 15 35 53 3 24 33 59 21 20 29 13 4 37 49 54 52 11 62 34 25 28 42 5 26 56 1 19 44 40 6 12 38 55 7 41 58 8 16 18 10 27 61 39 36 51 50 43 60 63 14 64 46 30 22 
59 17 22 12 24 48 2 46 10 62 54 50 25 40 52 4 15 7 42 55 28 58 16 35 32 61 47 41 23 13 21 1 8 31 27 18 11 38 56 64 29 6 45 43 39 53 33 44 51 19 49 60 9 34 37 36 30 3 20 5 63 14 26 57 
30 42 62 36 3 33 51 13 9 56 58 11 24 19 57 45 1 34 44 53 63 37 14 21 27 20 55 4 60 16 35 8 2 48 40 5 54 12 6 39 52 32 59 50 31 61 26 49 64 41 18 29 25 22 38 28 7 23 46 15 43 47 10 17 
23 57 38 52 28 14 21 43 13 59 34 31 29 32 2 15 41 54 18 48 12 45 51 36 64 25 37 63 40 46 50 56 22 4 61 49 26 20 3 35 16 30 9 8 27 5 11 10 17 44 47 39 62 7 58 42 33 53 6 1 55 60 24 19 
29 37 10 16 32 56 5 39 18 55 49 14 3 44 23 60 27 25 64 61 57 46 19 43 38 22 48 30 6 53 17 26 50 59 15 24 1 52 9 62 51 13 58 47 21 7 63 41 31 11 20 2 35 40 4 33 28 45 42 54 8 34 12 36 
35 20 34 11 18 27 41 53 17 12 46 5 37 22 1 26 32 24 6 30 56 8 39 60 28 43 7 57 54 19 14 33 21 16 63 42 44 25 29 47 62 55 2 3 38 36 15 23 52 50 10 13 45 61 59 48 58 49 4 31 40 9 51 64 
58 8 4 54 64 60 31 47 48 63 20 21 7 53 6 61 49 26 29 50 9 3 40 11 5 10 2 15 39 45 34 59 17 30 32 51 28 36 33 55 37 22 25 19 35 46 24 42 16 43 14 27 57 12 23 1 62 52 56 18 38 41 13 44 
19 6 44 40 45 49 55 9 33 35 39 27 8 36 43 51 20 59 4 47 2 38 22 62 18 42 3 12 52 31 29 58 23 13 7 46 41 57 53 10 1 28 34 14 60 56 17 64 15 24 54 26 21 5 30 63 48 11 25 16 32 61 50 37 
25 15 50 63 61 1 26 7 30 16 47 42 64 28 38 41 33 23 13 52 10 17 5 31 11 51 44 9 62 24 49 36 45 19 34 43 60 14 37 58 4 48 20 54 18 57 12 40 56 46 3 8 55 53 32 6 27 39 35 22 59 2 21 29 
16 33 51 27 35 39 24 44 59 61 43 60 13 21 40 42 3 22 56 14 37 52 15 57 17 32 36 54 8 63 31 64 9 58 38 62 2 19 12 1 34 18 10 23 29 11 53 20 49 25 55 45 5 4 48 41 47 6 26 7 50 30 28 46 
8 45 52 25 38 5 14 54 64 29 10 17 56 26 47 19 42 53 35 21 20 34 33 55 3 23 13 24 2 28 51 16 41 36 18 7 49 30 60 44 46 37 22 12 61 31 58 4 6 59 32 11 40 50 27 39 63 1 15 9 57 48 62 43 
10 21 12 58 40 43 32 6 37 45 44 49 18 52 14 7 28 11 46 9 38 19 62 54 39 60 29 5 50 4 41 55 42 51 33 26 61 53 31 59 3 56 35 15 48 47 25 63 20 13 57 30 2 1 36 16 8 24 27 64 22 17 23 34 
41 13 49 53 22 55 34 18 25 28 35 46 2 58 50 36 63 47 43 4 5 64 26 30 40 6 1 61 56 38 44 45 32 17 20 57 14 15 54 48 8 59 51 27 16 24 62 9 10 37 60 7 12 23 21 3 39 42 31 19 11 52 29 33 
11 19 48 20 56 31 28 1 53 39 57 15 27 33 62 5 8 6 60 32 45 40 41 24 37 47 9 43 21 59 10 52 34 35 16 29 50 13 55 23 2 54 17 30 44 42 7 38 63 51 46 18 14 64 26 22 49 12 3 4 61 58 36 25 
46 9 17 60 23 59 62 57 4 3 6 32 12 30 55 16 61 1 31 2 51 27 49 7 42 58 15 25 19 48 22 20 24 39 21 10 47 63 11 40 36 64 5 26 43 41 50 13 34 53 33 28 29 38 8 52 54 14 44 37 56 45 35 18 
2 47 42 61 50 26 37 30 22 8 51 38 63 24 48 9 23 12 10 13 29 36 25 18 49 34 33 7 35 11 57 14 3 64 5 56 27 46 4 28 39 40 52 32 19 6 45 1 62 58 15 17 43 31 54 44 53 16 59 21 41 20 55 60 
4 64 36 3 7 29 63 15 11 1 41 54 23 31 20 34 39 17 50 59 58 48 44 16 12 62 46 27 26 30 53 18 52 22 25 6 45 8 43 37 14 49 21 33 28 55 57 60 24 56 9 47 42 19 61 35 32 2 38 13 51 10 40 5 
22 41 26 4 44 37 57 60 2 52 38 53 61 59 56 1 34 30 62 28 43 20 55 29 51 63 19 10 58 12 40 23 18 14 31 50 64 6 24 16 48 3 49 25 7 32 21 54 36 39 45 42 15 47 17 46 35 9 11 33 13 5 8 27 
7 25 20 59 17 53 3 27 26 6 23 30 22 41 16 63 57 37 2 39 8 21 54 51 56 18 62 47 36 14 46 9 28 61 55 11 34 42 32 49 15 35 12 29 5 40 44 31 48 33 24 19 1 43 64 13 45 58 10 52 60 4 38 50 
64 30 24 32 5 16 6 2 21 36 13 55 54 47 35 28 12 44 38 10 1 15 9 40 50 31 49 8 37 52 48 11 27 53 46 63 62 60 39 19 20 45 14 59 22 17 56 33 4 23 61 25 58 18 3 29 57 26 34 41 42 7 43 51 
56 12 9 35 34 47 1 14 20 15 37 33 31 51 17 29 18 63 3 5 64 42 7 48 22 57 28 13 16 44 43 6 4 38 41 40 36 45 8 25 24 23 50 60 52 39 55 58 27 2 26 62 11 10 53 49 59 54 32 46 30 19 61 21 
39 10 55 62 43 36 42 40 49 48 4 12 44 50 34 8 45 60 59 27 11 25 58 22 35 64 20 26 29 21 30 24 57 54 13 52 51 33 17 9 61 2 46 1 37 19 6 53 38 5 41 31 7 28 16 32 15 47 18 56 3 23 63 14 
13 52 29 21 31 50 45 23 43 24 18 39 32 62 46 11 19 49 26 6 41 47 53 61 15 55 34 17 33 1 7 38 35 37 3 59 58 5 10 12 42 57 4 64 8 51 27 30 60 54 44 9 63 14 22 56 40 20 36 48 25 16 2 28 
18 54 61 49 19 51 58 11 57 14 27 45 10 9 7 25 16 31 52 33 46 13 23 50 60 5 42 53 32 39 4 3 44 20 43 15 56 48 2 30 38 41 47 63 36 28 34 26 8 55 12 59 6 35 40 21 22 17 29 62 37 64 1 24 
15 63 46 28 48 38 8 33 3 60 5 40 58 42 19 64 36 4 24 17 35 14 56 32 25 27 61 45 59 41 2 54 1 7 29 23 21 47 26 22 18 9 16 11 13 62 10 43 50 34 51 37 20 52 57 30 12 31 55 53 6 44 39 49 
51 55 58 22 12 52 27 50 41 33 31 25 6 45 42 39 37 5 21 54 4 44 29 56 9 38 30 28 11 62 60 43 16 47 8 48 10 59 20 18 26 46 1 24 32 23 14 19 61 7 53 40 49 15 63 57 3 36 64 34 35 13 17 2 
54 4 1 30 39 10 49 56 52 5 16 36 34 48 63 23 58 3 11 40 31 33 8 17 46 14 59 22 18 2 55 41 61 6 57 25 32 35 51 24 7 62 13 53 45 27 64 15 44 12 19 50 47 21 9 60 20 29 43 28 26 37 42 38 
9 26 25 14 20 34 64 38 40 10 53 47 15 56 49 58 46 45 19 12 22 1 36 59 31 33 51 6 3 32 52 7 30 50 62 39 13 2 5 21 44 60 48 18 11 16 42 61 28 29 43 4 41 17 35 37 55 8 57 27 24 63 54 23 
40 16 59 17 60 2 29 35 61 57 21 1 62 14 18 43 6 32 9 26 27 24 52 25 53 12 45 19 4 42 13 39 49 28 37 64 22 41 15 3 10 63 54 31 47 8 20 34 58 36 23 55 51 30 46 38 11 33 50 44 5 56 7 48 
57 53 18 6 63 23 46 45 7 13 17 20 59 55 54 24 30 61 15 41 62 60 10 28 44 49 27 36 47 50 8 37 43 33 14 9 42 4 34 26 40 25 29 38 51 3 2 35 1 64 48 5 22 56 39 11 21 32 52 12 19 31 16 58 
24 43 3 13 37 61 47 8 29 30 9 51 50 60 44 22 64 35 23 63 42 7 2 38 26 48 16 20 1 57 25 34 11 27 17 19 12 58 45 53 56 36 28 39 55 21 52 5 33 18 59 32 10 54 62 31 41 46 49 40 14 6 4 15 
28 31 5 44 42 32 19 48 38 4 64 2 11 46 12 3 43 13 14 16 49 51 20 47 63 56 21 35 15 17 61 40 29 1 54 36 55 7 23 60 50 58 57 41 33 59 30 37 26 52 8 24 27 6 34 45 10 62 53 25 18 22 9 39 
62 11 33 41 21 15 7 36 32 37 26 19 28 8 27 35 48 50 34 57 53 55 18 39 24 54 58 64 10 23 5 29 40 46 44 31 52 56 38 63 9 12 43 49 6 4 22 17 2 3 42 16 13 25 20 14 60 61 30 51 45 1 47 59 
################proper############## 

 average_time = 14.524814 

 success runs = 1 

 total average iters = 323409.000000 
