Success!!! 
 
 max_col = 
 64 
 
 run_time = 
 14.837216 
 
 once iters = 
 421475 
 
6 25 27 23 54 28 13 14 21 33 16 46 58 32 41 49 2 47 3 53 9 24 40 10 59 20 38 50 35 19 15 57 26 11 61 52 31 37 4 12 5 34 42 60 64 22 51 45 8 29 56 48 36 18 43 17 63 1 30 39 55 44 62 7 
26 60 61 52 1 62 24 31 22 3 5 37 59 50 45 30 36 13 38 63 56 8 23 42 49 21 16 2 6 25 4 9 58 19 28 47 57 43 15 39 17 7 18 53 12 29 44 48 55 51 11 14 20 10 27 54 33 64 46 34 40 32 35 41 
21 15 5 4 42 63 32 56 18 12 52 6 26 19 24 11 29 50 7 54 59 55 58 1 39 46 17 64 43 22 23 62 44 41 20 3 36 40 60 51 25 57 30 13 8 14 33 35 53 16 34 45 49 47 31 61 10 37 48 27 2 28 38 9 
51 58 12 33 46 39 36 17 43 44 8 53 10 31 54 64 32 6 52 21 45 62 35 19 34 14 40 41 60 7 1 47 29 13 27 30 48 56 9 16 11 55 24 4 38 28 20 63 37 59 26 50 2 5 42 3 22 61 15 49 25 23 57 18 
30 10 16 9 49 37 57 29 56 2 39 55 17 61 48 63 41 34 43 64 51 20 15 26 27 18 13 58 44 53 42 28 1 46 59 25 14 7 35 45 31 6 36 23 50 21 3 52 33 4 40 22 38 24 32 62 47 5 54 12 19 11 60 8 
2 11 48 3 34 45 47 44 4 9 7 27 40 42 60 23 22 61 49 46 31 18 39 16 33 30 55 10 29 54 5 37 21 64 50 38 63 8 17 32 15 58 1 62 41 59 56 43 28 57 35 19 12 25 13 52 20 24 14 36 6 26 51 53 
8 59 38 40 50 55 41 22 35 20 15 34 29 1 28 25 11 14 5 12 57 48 30 4 3 36 51 31 45 24 56 61 23 2 62 53 18 33 10 54 49 9 27 26 37 19 47 32 7 64 39 6 44 63 46 60 21 13 17 58 42 16 43 52 
64 20 18 35 7 43 53 19 36 13 14 57 62 51 47 38 37 33 17 28 60 25 27 44 52 8 48 11 63 26 32 12 34 5 42 22 24 49 6 55 16 10 39 40 2 54 61 46 9 58 23 1 21 30 15 41 50 29 3 4 45 31 56 59 
23 7 3 8 2 46 59 51 33 35 26 19 28 56 57 41 13 27 22 61 16 30 18 14 55 5 39 60 58 45 29 54 6 53 63 17 4 11 37 40 32 43 64 38 24 36 15 10 49 50 25 12 62 1 21 20 34 42 47 9 31 52 44 48 
40 53 9 38 45 17 48 32 23 27 21 30 22 37 39 54 19 42 62 15 35 29 1 12 10 34 49 18 52 61 2 20 46 51 57 59 5 13 44 41 58 11 55 25 16 63 14 8 31 33 47 26 56 4 7 43 3 28 6 50 24 60 36 64 
56 22 34 27 33 54 4 12 31 16 20 29 63 7 53 47 24 25 32 40 23 44 38 5 48 9 36 21 57 46 28 13 60 42 14 49 45 58 8 10 19 26 59 50 51 6 1 2 15 61 3 18 64 52 41 55 35 39 11 62 17 37 30 43 
16 5 52 41 35 25 60 11 49 14 36 1 34 55 62 44 10 64 2 51 39 3 46 37 15 26 56 7 42 8 19 43 38 33 54 23 50 12 31 9 29 48 40 45 53 47 4 27 30 24 57 28 17 58 63 6 13 22 18 21 32 59 61 20 
28 26 62 10 39 18 64 55 45 43 32 12 6 3 38 24 63 8 48 36 34 33 17 50 47 37 53 22 14 11 44 41 2 25 29 19 15 21 52 61 60 49 20 35 13 57 30 31 16 9 42 5 51 59 40 46 23 58 27 56 7 1 54 4 
24 31 42 49 44 13 58 21 8 15 9 60 2 48 4 10 20 7 11 47 43 59 57 55 30 12 6 3 23 50 27 63 28 26 32 1 56 22 36 64 41 18 61 52 17 5 54 62 34 39 19 29 37 35 38 45 46 40 51 16 14 53 33 25 
63 14 50 36 43 15 37 6 61 18 17 52 25 46 42 51 54 53 41 45 4 49 56 58 1 59 35 32 40 64 62 31 24 7 47 20 16 30 34 27 3 39 9 12 22 33 21 28 13 44 10 2 23 60 11 48 8 57 38 5 26 19 55 29 
20 47 57 1 30 29 19 61 64 5 58 11 13 59 40 50 9 21 6 26 52 60 28 31 24 4 25 17 33 16 38 51 3 62 35 39 43 48 55 18 44 42 34 37 46 56 23 7 22 27 32 53 8 36 54 14 2 15 41 63 49 12 10 45 
58 45 30 28 8 59 49 41 6 38 35 20 43 25 5 60 31 48 16 33 29 63 55 27 50 61 15 19 56 37 47 64 13 1 39 62 23 14 42 4 18 51 53 7 32 3 52 34 10 11 24 44 26 54 12 2 57 21 22 46 9 36 17 40 
10 55 14 43 19 26 23 60 47 45 40 56 7 22 9 59 35 24 4 13 36 1 61 8 21 25 44 5 31 28 12 52 49 18 16 51 53 41 2 37 38 63 46 6 57 30 11 15 3 48 27 42 50 29 17 32 39 20 64 33 62 54 58 34 
11 21 44 50 27 16 9 1 58 19 3 17 15 41 29 18 7 46 39 43 37 54 25 28 63 45 60 48 26 36 22 32 40 57 10 24 38 34 33 52 8 12 35 14 56 4 2 59 47 20 64 13 61 62 30 31 55 49 42 53 5 51 6 23 
15 35 31 24 51 36 22 20 44 1 48 33 27 26 55 12 6 2 47 58 49 45 21 9 17 42 41 14 11 18 34 59 63 50 25 64 8 3 54 46 62 60 5 61 39 10 40 29 4 23 7 56 28 38 53 57 43 52 16 19 30 13 37 32 
47 46 33 53 57 40 38 37 32 61 4 24 14 34 64 52 23 15 42 59 5 41 26 18 9 13 62 54 7 20 51 3 11 30 31 48 21 60 12 28 27 22 43 17 49 16 50 55 39 6 36 58 1 19 8 35 29 56 10 44 63 25 45 2 
4 39 32 17 12 48 61 13 11 49 57 54 30 21 2 46 60 51 34 52 10 64 3 62 40 16 33 23 8 29 6 53 19 15 56 44 55 47 26 36 42 20 25 41 1 24 58 9 45 22 14 43 59 37 5 63 18 50 7 38 28 27 31 35 
25 18 29 63 56 2 52 42 62 28 50 16 36 53 13 31 57 44 19 11 38 14 20 40 58 35 1 46 30 39 43 10 5 6 22 32 7 59 27 17 64 33 45 47 54 37 48 23 21 34 15 60 9 55 51 49 26 8 12 3 4 41 24 61 
5 64 54 7 62 6 3 34 37 39 10 63 42 23 51 8 30 56 53 17 50 32 12 22 2 55 27 38 4 57 24 49 45 20 9 58 35 29 61 43 13 19 44 36 31 26 28 21 41 18 52 46 40 33 25 16 11 47 60 14 59 15 48 1 
57 38 45 56 3 23 2 49 13 22 30 25 18 24 44 20 50 40 61 35 41 52 60 43 51 19 12 53 64 1 17 29 27 9 4 6 28 5 32 8 37 62 10 58 7 31 26 14 54 15 16 47 48 21 36 34 42 46 55 59 11 33 63 39 
39 4 28 5 17 12 43 15 29 23 64 40 32 35 27 42 48 16 8 57 46 58 44 11 54 49 47 20 59 21 31 33 50 34 18 26 41 55 22 7 56 30 13 3 63 52 36 51 25 45 62 38 53 9 1 19 60 10 61 6 37 14 2 24 
32 24 11 29 13 7 25 16 2 8 47 26 50 14 33 19 5 39 9 3 22 21 63 45 36 56 4 27 34 52 30 55 62 48 1 54 64 38 46 42 61 59 15 57 6 23 41 17 18 43 44 37 31 12 60 10 28 53 20 40 35 58 49 51 
52 9 37 60 31 47 35 64 17 56 38 28 61 62 46 36 4 59 18 42 25 15 32 30 7 6 11 57 13 3 10 50 51 44 43 16 49 63 40 14 54 45 22 19 33 39 29 53 58 2 55 24 27 8 20 26 48 41 34 23 1 21 5 12 
48 1 8 55 6 19 51 36 60 59 34 10 39 12 11 3 56 37 27 7 53 26 54 2 25 28 46 62 61 14 16 58 52 24 13 15 20 45 23 31 40 64 50 9 21 42 35 44 63 30 5 49 33 41 57 4 32 18 43 22 47 38 29 17 
41 61 26 46 14 33 27 63 5 4 55 43 52 16 6 58 51 19 31 1 24 12 47 49 35 15 2 45 37 23 40 22 39 21 3 60 10 36 53 29 48 32 38 11 34 20 18 25 17 42 13 59 7 28 50 64 56 54 9 57 44 30 8 62 
34 44 58 21 18 10 30 54 1 37 45 9 53 49 15 7 62 55 23 6 13 36 64 20 38 48 42 24 5 41 63 39 59 12 17 35 25 57 11 33 43 8 28 46 47 2 60 16 14 40 51 61 32 22 29 56 52 4 50 31 27 3 19 26 
22 50 59 20 53 42 40 62 54 41 51 48 57 63 31 21 17 10 28 38 14 34 33 29 43 44 8 9 18 32 60 26 61 47 58 37 19 2 56 30 24 27 49 5 4 1 55 12 6 35 46 52 11 3 23 39 16 25 45 64 15 7 13 36 
12 54 23 42 24 9 20 5 46 48 1 4 21 44 37 56 64 36 25 60 2 10 13 61 26 3 18 28 55 47 45 30 15 63 6 40 17 16 19 34 51 38 57 39 59 27 7 50 62 31 43 41 29 11 49 58 14 35 8 32 53 22 52 33 
35 29 64 58 36 1 26 57 41 24 62 8 9 47 63 5 53 3 55 39 17 19 31 51 22 23 32 52 48 60 21 56 7 49 44 46 59 10 43 11 6 28 4 18 40 34 37 61 2 54 45 25 16 14 33 38 15 30 13 42 20 50 12 27 
62 17 53 13 21 56 34 52 16 51 43 15 12 2 36 14 26 35 33 41 48 4 59 24 31 54 61 25 20 6 7 46 55 27 37 45 39 42 50 58 30 5 23 10 9 32 8 47 44 19 22 40 3 57 18 1 38 11 28 60 29 49 64 63 
14 40 51 2 37 8 63 10 19 25 22 32 60 28 30 45 38 29 46 49 15 7 6 56 44 64 57 33 9 34 53 11 20 4 52 36 61 18 24 21 1 13 17 54 35 43 42 58 23 12 50 39 5 27 48 59 41 31 62 55 3 47 26 16 
45 49 55 15 11 61 50 18 3 6 13 35 23 38 10 27 28 57 12 44 32 5 16 63 29 43 59 39 62 40 14 19 30 22 60 33 51 53 1 48 2 41 31 20 52 46 24 36 26 21 8 64 34 56 47 42 54 17 4 7 58 9 25 37 
60 33 6 19 41 38 16 43 50 29 54 7 11 58 52 26 18 62 40 20 1 9 14 34 5 17 63 8 27 42 13 2 12 23 64 57 47 31 28 35 53 44 3 21 55 25 22 49 61 10 4 30 15 32 24 37 51 45 36 48 39 56 59 46 
59 48 22 30 28 32 46 47 40 31 53 61 49 39 20 34 45 23 21 27 42 37 11 52 4 1 50 12 10 15 58 36 25 3 41 8 29 54 62 38 33 14 56 63 19 64 16 26 51 17 9 55 60 7 35 13 6 43 5 24 57 2 18 44 
44 3 4 31 25 27 39 7 55 17 42 18 64 33 59 57 8 22 58 30 54 43 50 47 37 51 24 16 41 38 49 35 9 56 2 14 32 26 13 5 12 15 48 29 60 62 45 11 36 28 6 20 63 46 52 53 61 23 1 10 21 40 34 19 
50 56 46 37 48 14 62 4 30 55 44 64 41 45 21 35 39 9 20 19 11 61 22 17 53 31 43 47 16 59 54 18 57 8 26 63 13 32 38 6 28 2 33 42 29 7 5 60 40 36 58 27 25 15 34 23 1 12 52 51 10 24 3 49 
19 16 39 59 32 60 8 33 20 47 23 42 24 40 43 61 1 28 13 62 26 35 29 7 57 2 9 36 38 4 50 21 53 10 55 12 52 27 64 22 63 46 41 34 3 49 25 30 48 5 37 51 54 6 56 11 58 44 31 17 18 45 15 14 
38 27 41 61 47 21 45 40 57 36 6 31 19 17 22 13 58 54 56 24 33 23 5 3 42 60 29 51 25 49 26 34 35 28 11 7 1 9 16 15 14 37 12 55 20 44 39 4 52 32 63 8 10 2 64 18 30 62 59 43 46 48 53 50 
42 36 49 18 20 35 54 9 15 60 59 5 51 4 25 33 34 32 57 55 12 53 41 46 13 10 30 63 1 48 37 40 17 39 19 61 2 62 3 50 23 31 52 16 58 11 43 22 38 7 28 21 14 45 44 24 27 6 26 8 64 29 47 56 
17 52 25 64 29 5 28 24 12 63 37 58 1 27 18 32 14 30 10 50 44 42 36 48 62 11 23 15 19 33 3 8 43 45 40 41 54 4 49 20 21 56 47 59 26 51 53 6 35 60 61 57 46 31 9 22 7 55 2 13 16 34 39 38 
43 23 63 22 15 44 11 53 34 26 46 3 56 9 7 2 16 18 37 4 8 38 49 6 64 32 52 61 17 55 20 14 31 29 48 21 30 51 58 24 35 1 62 27 45 13 10 54 12 41 59 33 47 42 39 50 40 60 19 25 36 57 28 5 
31 2 1 34 55 57 10 30 28 62 49 14 48 52 16 39 15 63 59 25 27 40 51 21 41 7 22 6 12 58 46 45 33 60 5 56 37 44 18 47 36 50 8 24 61 38 64 19 43 53 17 3 4 13 26 29 9 32 35 54 23 42 20 11 
7 51 13 6 26 3 12 58 53 10 11 38 8 54 50 29 43 45 60 31 47 2 52 64 56 27 28 44 24 35 39 5 36 59 23 42 34 46 14 25 57 40 32 15 48 17 9 18 20 55 1 62 19 49 16 30 4 33 63 37 41 61 21 22 
37 57 15 16 40 50 1 27 10 53 12 41 55 5 35 48 44 52 45 29 63 39 34 38 8 62 14 59 22 9 64 25 32 54 30 2 42 28 20 23 47 24 60 51 18 61 49 33 56 26 21 31 13 17 3 7 19 36 58 11 43 46 4 6 
36 12 60 62 9 58 6 45 51 46 28 13 3 8 49 37 33 17 54 5 21 31 2 57 61 52 10 30 50 63 11 42 47 40 53 29 27 1 39 59 55 35 7 43 25 48 19 20 64 14 38 34 22 16 4 44 24 26 32 41 56 18 23 15 
29 42 2 11 22 34 17 39 7 58 63 44 54 36 56 62 25 41 64 23 18 47 8 15 6 24 5 49 21 31 48 16 4 35 45 55 33 19 51 26 9 52 14 30 28 12 59 13 27 46 60 32 43 61 10 40 53 3 37 1 38 20 50 57 
33 43 19 14 61 24 5 26 27 64 18 39 20 57 17 16 40 4 30 22 3 28 62 53 32 38 54 34 2 56 55 23 10 31 49 9 58 15 21 60 46 29 63 8 36 50 6 42 1 25 12 11 41 48 37 47 59 51 44 45 52 35 7 13 
55 13 20 25 38 41 56 46 9 42 2 50 45 60 61 22 49 12 14 32 58 11 10 36 18 33 3 4 47 51 35 1 16 37 8 43 6 24 7 62 26 21 54 44 23 40 31 57 19 63 29 15 52 53 59 5 17 34 39 28 48 64 27 30 
3 32 10 51 52 4 31 23 38 40 19 59 47 30 14 1 55 26 50 48 7 13 24 35 46 29 37 43 15 17 41 44 64 61 36 18 22 25 63 57 39 53 11 56 27 45 34 5 42 49 33 54 6 20 58 28 62 9 21 2 12 8 16 60 
54 8 47 48 64 30 7 28 26 11 25 21 33 15 34 6 42 43 51 56 19 46 9 59 20 53 45 40 39 27 57 60 14 17 12 13 3 52 41 44 4 16 37 32 10 58 38 1 24 62 18 23 35 50 2 36 31 63 49 29 61 5 22 55 
49 63 21 44 59 53 18 35 24 52 29 23 31 43 32 4 27 20 1 16 61 6 37 60 19 58 26 13 28 12 36 7 48 38 46 34 11 50 5 56 22 3 2 64 62 15 17 41 57 8 30 9 45 39 55 51 25 14 40 47 33 10 42 54 
18 41 40 47 16 11 55 3 48 57 27 36 4 13 19 28 52 1 15 8 30 51 53 32 45 63 31 29 49 5 33 38 42 43 34 10 62 61 59 2 20 17 21 22 14 9 12 37 50 56 54 35 24 44 6 25 64 7 23 26 60 39 46 58 
1 19 43 26 10 49 29 59 14 50 56 47 46 20 3 15 61 58 63 37 40 17 45 23 28 41 7 35 51 62 8 24 54 36 21 5 9 39 25 53 52 4 6 48 11 18 27 38 60 13 31 16 57 64 22 12 44 2 33 30 34 55 32 42 
9 62 35 45 4 52 42 8 59 32 60 51 37 11 58 40 47 38 36 10 64 50 19 41 12 57 20 26 46 43 25 27 22 55 33 28 44 6 30 13 34 61 16 2 15 53 63 56 29 3 49 7 39 23 14 21 5 48 24 18 54 17 1 31 
13 37 56 39 63 64 33 38 52 21 31 2 16 29 12 17 3 5 44 14 20 57 42 54 60 50 34 55 36 10 9 15 41 58 24 27 26 23 45 19 7 25 51 1 30 35 32 40 46 47 48 4 18 43 62 8 49 59 53 61 22 6 11 28 
61 6 24 12 58 20 21 25 42 34 33 45 5 64 23 9 59 11 26 2 62 22 43 13 16 47 19 37 53 30 18 4 8 14 7 31 46 35 48 1 10 54 29 49 44 60 57 39 32 38 41 17 55 51 28 15 36 27 56 52 50 63 40 3 
46 30 36 32 23 22 14 48 25 7 24 49 44 6 26 43 12 31 35 9 55 27 4 39 11 40 58 56 54 2 52 17 18 16 15 50 60 64 57 63 45 47 19 28 5 8 13 3 59 1 53 10 42 34 61 33 37 38 29 20 51 62 41 21 
53 34 7 54 5 31 15 2 63 30 61 22 38 10 8 55 46 60 24 18 28 56 48 25 14 39 21 1 3 44 59 6 37 32 51 4 12 17 29 49 50 23 26 33 42 41 62 64 11 52 20 36 58 40 19 27 45 16 57 35 13 43 9 47 
27 28 17 57 60 51 44 50 39 54 41 62 35 18 1 53 21 49 29 34 6 16 7 33 23 22 64 42 32 13 61 48 56 52 38 11 40 20 47 3 59 36 58 31 43 55 46 24 5 37 2 63 30 26 45 9 12 19 25 15 8 4 14 10 
################proper############## 

 average_time = 14.837216 

 success runs = 1 

 total average iters = 421475.000000 
