Success!!! 
 
 max_col = 
 64 
 
 run_time = 
 15.145960 
 
 once iters = 
 403709 
 
37 27 36 64 29 13 22 56 6 60 15 30 12 19 40 8 51 49 53 3 59 39 58 25 48 44 34 38 26 46 45 7 43 21 2 20 63 4 47 5 52 50 24 55 11 62 54 57 1 42 10 61 28 35 14 9 17 32 31 33 16 18 23 41 
32 31 40 60 1 57 59 21 51 5 27 61 46 37 41 49 29 7 54 52 2 42 15 64 56 36 16 18 28 53 43 58 44 24 62 23 38 33 14 30 10 63 19 39 3 48 9 35 11 25 55 17 26 47 13 22 45 20 8 34 12 4 6 50 
51 6 54 55 45 44 25 33 62 50 18 52 28 1 13 63 48 46 41 40 11 14 16 43 5 30 29 60 39 2 9 17 35 26 7 32 49 19 12 10 23 8 31 42 38 21 58 47 34 20 4 15 36 27 56 53 64 37 59 57 61 24 3 22 
18 48 62 43 35 38 52 53 34 2 57 20 31 25 11 55 47 12 4 30 36 27 56 44 50 6 8 24 23 64 15 3 37 58 39 13 51 9 28 17 26 61 22 45 7 29 41 1 32 60 40 16 49 21 59 33 10 54 63 42 46 5 14 19 
4 12 41 9 26 14 28 7 48 54 42 16 17 23 35 59 20 8 57 55 61 21 24 50 40 52 62 19 27 10 31 49 60 64 22 3 53 36 15 56 51 44 43 32 13 37 34 33 63 29 45 6 18 5 39 46 11 1 30 25 47 58 2 38 
16 24 15 49 20 39 3 58 32 56 33 7 9 4 10 53 1 28 31 19 63 5 37 34 47 61 14 11 22 51 54 13 42 59 55 40 29 45 8 50 30 12 18 2 25 17 6 46 41 57 38 64 23 62 44 48 27 43 60 52 35 36 26 21 
30 42 47 2 23 34 19 5 14 38 24 29 21 45 44 39 22 60 32 13 26 10 17 35 63 25 57 37 41 12 4 33 11 18 52 61 6 1 27 46 16 64 20 36 53 59 40 56 54 43 8 31 50 58 7 3 51 28 49 55 15 48 62 9 
10 17 11 61 50 46 8 63 58 3 36 64 43 26 47 22 23 6 45 18 62 38 9 33 35 55 21 59 32 42 1 20 41 16 34 31 54 57 48 25 60 28 5 15 27 4 49 14 24 52 12 37 30 19 51 2 53 7 44 39 56 13 40 29 
28 53 8 5 33 20 64 15 2 58 13 27 51 60 7 3 32 56 35 16 40 57 25 63 52 22 19 39 44 36 14 38 61 31 42 41 30 54 18 23 62 46 37 48 24 45 12 55 26 34 29 21 1 59 9 10 6 4 50 47 49 11 43 17 
19 46 4 35 54 52 29 12 55 32 37 6 63 44 57 26 13 53 15 28 18 7 43 9 59 10 48 20 33 8 51 34 39 40 36 1 21 24 45 16 41 3 23 47 61 56 14 25 38 50 17 49 31 22 30 11 62 60 58 5 2 42 27 64 
36 13 44 25 31 56 38 37 19 15 35 14 4 61 20 46 41 3 39 23 58 49 29 1 45 62 50 43 12 11 21 2 17 7 9 48 47 55 51 60 27 59 8 64 26 5 42 54 57 6 63 18 40 33 52 32 28 16 34 22 24 53 30 10 
26 61 24 3 39 45 17 59 50 31 8 53 54 38 5 34 11 37 62 6 60 52 33 2 64 28 40 7 55 18 47 30 56 27 14 25 19 49 57 29 58 10 1 22 20 36 32 13 4 44 15 48 12 42 16 43 9 21 35 23 51 41 46 63 
7 51 22 34 49 10 48 42 12 36 62 25 41 28 29 23 64 24 55 14 30 45 4 46 32 16 9 26 13 56 60 1 33 11 15 6 59 35 63 3 21 53 2 17 52 50 43 39 47 19 5 27 20 61 58 8 18 38 57 37 31 54 44 40 
43 63 21 62 9 41 58 27 30 52 11 56 49 17 39 1 31 44 47 48 22 20 5 10 57 54 15 6 29 35 42 46 64 28 12 2 4 26 50 8 38 16 40 34 19 18 60 7 25 23 53 36 13 37 24 51 32 61 55 3 14 33 45 59 
50 47 2 18 30 1 57 16 24 40 45 59 42 43 21 64 54 36 8 61 12 34 51 38 31 23 27 4 37 17 63 5 52 32 46 53 10 13 58 22 28 15 44 6 49 9 33 11 62 41 35 60 55 7 3 14 29 25 26 56 48 20 19 39 
23 60 6 11 55 32 40 14 18 48 16 9 33 10 22 47 17 21 19 27 50 26 59 42 25 58 3 41 53 61 49 24 5 62 44 43 34 20 38 37 4 35 30 51 29 57 31 63 2 64 46 28 39 54 45 56 8 12 7 13 52 1 36 15 
48 22 33 36 41 19 35 57 42 59 32 26 50 9 25 40 49 20 43 47 24 15 45 53 11 21 28 63 6 62 55 31 27 12 8 16 46 61 1 39 64 38 51 5 4 52 30 60 17 10 13 34 44 29 37 23 58 56 18 2 54 3 7 14 
45 34 30 17 46 29 49 43 56 33 2 22 53 39 48 51 9 54 50 21 5 12 42 62 36 24 23 47 7 58 19 59 18 52 28 64 41 11 20 55 35 27 57 8 31 13 15 37 14 63 60 4 32 3 25 38 1 40 61 26 10 44 16 6 
62 59 60 16 2 15 51 31 21 63 3 47 18 34 64 61 10 40 58 38 1 35 19 55 42 13 56 25 45 9 33 54 30 6 53 44 37 48 36 57 14 22 7 23 12 32 26 49 20 8 11 50 27 46 28 52 43 29 39 24 41 17 4 5 
54 3 52 27 58 37 20 61 7 44 43 57 5 14 4 31 46 11 51 39 34 29 13 41 1 50 12 48 64 26 18 53 9 17 60 38 24 23 32 19 40 33 55 63 28 10 2 16 42 62 36 30 15 56 6 59 47 35 45 49 22 8 21 25 
12 32 28 21 8 42 63 26 41 23 38 36 10 62 58 52 25 27 7 4 17 64 57 37 3 51 20 46 30 43 29 15 14 2 13 54 45 22 40 49 1 47 39 18 6 34 56 44 9 61 31 35 24 55 5 16 19 50 48 60 33 59 11 53 
11 5 13 14 4 55 47 44 8 29 28 1 20 35 6 37 26 2 48 56 16 63 18 31 60 40 17 61 52 38 27 39 7 25 33 34 62 42 10 51 59 9 3 53 54 46 24 50 58 45 43 22 21 49 41 19 23 36 12 15 30 64 32 57 
56 25 53 38 18 6 7 40 27 19 60 55 24 15 12 54 30 23 61 32 14 8 28 52 16 49 44 22 35 41 37 10 29 3 4 58 26 50 5 59 45 36 17 43 48 42 11 21 39 1 2 33 51 57 64 47 63 34 46 20 62 9 31 13 
39 23 9 50 24 64 1 10 13 16 49 11 30 46 17 45 6 59 22 36 44 33 3 60 14 2 5 32 34 4 57 8 31 56 21 63 35 47 43 15 19 58 25 61 62 20 29 41 7 40 26 53 48 18 12 54 38 52 42 27 55 28 37 51 
49 41 59 51 6 23 21 45 35 10 29 54 44 32 42 62 12 31 28 26 48 9 40 30 15 60 46 52 2 50 38 56 1 55 25 8 22 53 37 7 11 24 34 3 14 47 4 20 18 36 33 57 63 16 43 64 39 19 13 61 17 27 5 58 
53 1 32 63 43 16 2 60 5 12 61 24 15 56 9 57 34 18 27 37 10 6 14 19 58 47 39 31 17 48 23 42 20 41 35 26 40 59 64 33 50 25 49 38 36 54 44 45 52 3 62 13 4 11 21 28 7 46 22 29 8 30 51 55 
58 4 27 52 7 22 34 48 31 20 47 13 60 51 37 36 56 17 16 29 55 32 35 5 61 18 10 45 14 3 40 41 15 19 30 28 11 46 21 2 43 42 26 57 64 39 63 23 8 53 50 25 38 9 49 24 54 44 1 12 6 62 59 33 
17 37 35 19 3 11 44 29 52 39 40 43 59 27 63 14 2 41 33 60 7 50 61 22 9 57 32 36 4 6 30 64 12 34 49 24 23 58 42 62 46 13 56 21 8 1 48 5 10 51 54 45 47 20 55 15 26 31 53 18 38 25 28 16 
61 39 42 15 36 25 33 24 26 8 7 21 55 30 3 18 4 64 52 44 13 43 54 49 29 5 1 53 11 19 28 12 48 51 50 27 14 38 9 45 22 41 32 37 58 16 62 2 46 17 34 56 59 60 31 6 57 63 23 35 40 10 20 47 
13 26 10 40 5 30 62 54 4 34 46 19 6 11 38 2 3 58 42 1 23 51 47 8 24 33 59 21 25 22 20 63 16 36 56 57 18 60 29 44 9 55 53 12 17 35 28 31 61 27 48 7 37 39 32 41 15 49 43 14 64 52 50 45 
64 50 56 47 12 18 9 55 28 53 25 23 22 58 45 17 63 38 36 57 21 46 20 11 27 43 49 51 16 7 8 62 54 13 5 10 3 31 39 52 15 19 33 60 40 61 59 6 35 30 42 44 14 1 29 26 34 2 24 48 4 37 41 32 
8 57 46 31 38 28 14 20 33 49 64 41 48 16 1 50 62 45 24 15 25 59 53 39 37 26 13 34 54 55 44 35 32 61 6 17 43 63 4 47 18 29 52 10 30 27 7 51 22 5 58 19 2 40 23 12 36 9 11 21 42 56 60 3 
60 21 26 24 37 17 43 64 10 35 9 58 57 2 32 6 59 1 11 25 4 55 27 18 49 63 31 14 8 23 53 22 45 47 54 46 7 41 30 61 56 51 13 44 34 3 52 38 15 16 19 5 29 50 42 36 48 33 28 62 39 40 12 20 
59 9 34 20 62 12 6 36 49 11 52 31 29 53 60 15 33 19 5 8 51 3 48 17 26 41 35 28 47 39 46 43 2 50 40 22 56 21 25 32 37 18 27 54 42 24 61 30 13 4 7 58 45 64 10 44 16 57 38 1 63 14 55 23 
25 55 16 56 47 3 4 38 43 45 12 42 7 20 14 27 37 35 60 10 15 36 46 40 19 17 54 44 50 5 64 32 13 1 48 29 33 18 23 58 6 2 62 31 63 22 57 28 59 49 41 39 34 53 8 21 24 30 51 11 9 26 52 61 
14 2 45 39 40 49 53 13 22 55 17 48 16 33 46 28 43 32 23 58 56 62 41 20 51 11 61 57 42 1 25 29 19 44 3 36 5 6 24 34 8 7 15 4 21 12 64 59 30 54 52 26 9 63 38 35 37 18 47 31 27 50 10 60 
44 19 23 7 42 48 41 32 47 30 34 50 40 3 18 25 38 61 49 63 39 54 2 14 4 9 55 16 24 21 58 6 57 53 37 52 27 64 60 12 5 45 46 26 33 11 20 10 56 31 28 1 43 51 22 62 13 8 36 59 29 15 17 35 
46 10 57 1 11 33 5 8 37 51 59 44 36 63 26 41 21 9 29 24 31 47 12 13 30 3 52 15 56 45 34 27 28 42 38 49 20 39 62 43 55 60 16 35 50 25 23 53 6 32 14 40 61 48 18 17 2 58 54 64 19 7 22 4 
27 35 63 29 52 61 18 50 39 21 23 62 38 8 54 19 28 30 34 22 45 53 64 26 13 59 7 2 48 20 10 37 4 15 51 9 16 14 11 31 47 49 58 1 32 40 17 36 60 33 57 12 3 24 46 55 25 41 5 43 44 6 56 42 
31 54 51 30 22 58 15 28 64 1 4 5 56 24 61 13 16 42 6 7 52 44 50 57 33 12 38 62 60 40 36 18 55 10 59 35 17 8 26 63 29 39 41 14 9 43 19 48 23 37 20 47 11 2 27 25 21 45 3 46 53 32 49 34 
20 64 1 28 32 54 27 22 15 6 10 46 25 36 52 43 5 39 37 11 19 61 30 56 41 35 47 8 31 59 2 48 40 14 63 4 44 62 33 9 3 57 12 50 23 58 55 34 45 21 51 38 60 26 53 42 49 13 16 17 18 29 24 7 
47 58 37 10 17 7 56 46 61 26 50 49 11 31 62 20 55 15 40 53 64 22 44 12 21 4 18 30 1 28 32 25 23 45 43 59 60 52 19 48 63 54 6 16 35 8 51 29 5 13 9 24 41 14 2 34 33 42 27 38 3 39 57 36 
38 40 5 8 21 50 42 9 53 18 39 60 64 7 51 35 52 34 63 45 20 23 10 54 12 29 33 13 62 44 22 16 47 49 32 37 25 15 46 24 48 1 14 28 59 26 36 43 31 11 27 3 6 17 57 30 41 55 2 4 58 19 61 56 
41 16 48 13 51 35 11 6 9 17 54 37 32 29 2 42 24 47 21 59 46 28 49 7 38 27 26 3 43 57 50 60 53 8 18 39 36 12 31 20 44 40 61 25 5 30 22 15 33 58 64 55 56 4 19 1 52 23 14 10 45 63 34 62 
3 52 14 44 60 31 45 49 57 4 58 40 8 59 24 33 27 50 9 35 42 17 6 29 23 15 64 54 19 63 7 61 34 30 26 11 13 16 55 28 32 62 47 56 41 2 38 18 12 22 25 10 46 36 20 39 5 48 21 53 37 51 1 43 
55 62 12 26 63 4 23 34 45 47 5 38 19 21 56 16 8 25 18 43 41 2 36 3 20 53 58 17 46 14 24 40 51 57 29 50 1 10 7 35 33 37 60 13 39 31 27 42 48 59 61 32 54 52 15 49 30 64 6 44 11 22 9 28 
2 29 25 59 19 43 61 39 3 27 55 34 1 13 23 30 57 26 14 51 33 48 38 16 6 45 37 5 10 49 56 36 58 22 41 42 64 17 54 21 24 52 4 11 46 7 53 9 44 28 18 62 35 8 63 40 12 15 32 50 20 60 47 31 
57 33 18 53 15 36 24 30 44 41 22 63 14 12 28 48 60 13 1 62 32 58 31 4 34 42 11 55 51 52 39 9 3 5 61 56 2 27 6 38 49 20 21 19 45 64 10 17 29 47 16 43 7 23 50 37 46 26 40 54 59 35 25 8 
5 45 49 37 14 40 55 51 1 7 21 28 52 22 50 60 36 48 46 20 9 31 32 6 62 8 63 10 18 25 16 19 26 54 24 33 58 30 56 13 53 17 64 59 47 38 3 12 27 35 23 2 57 15 61 4 44 39 29 41 43 34 42 11 
34 7 20 4 57 26 36 3 23 13 41 8 62 49 15 56 58 5 38 64 35 40 11 24 46 39 43 42 9 30 12 44 21 37 19 18 52 2 61 1 25 31 29 27 22 33 45 32 50 14 47 63 10 6 54 60 55 59 17 51 28 16 53 48 
6 43 38 58 44 9 31 23 59 61 51 17 27 42 53 4 14 57 30 49 47 16 55 45 7 32 2 64 15 33 48 11 50 29 20 60 28 40 22 41 34 5 36 62 56 19 13 24 3 26 39 52 8 25 1 18 35 10 37 63 21 46 54 12 
63 56 61 32 53 60 16 62 38 64 31 10 34 48 36 44 39 52 2 17 37 13 23 27 54 14 41 50 5 29 26 21 46 4 57 12 55 43 3 42 20 6 11 40 15 28 35 58 49 9 59 51 19 30 33 45 22 24 25 7 1 47 8 18 
35 8 17 33 10 27 46 47 25 24 63 45 39 54 16 12 15 29 56 50 43 4 34 21 22 37 60 40 36 13 61 51 62 23 31 14 32 5 59 64 42 48 9 30 18 49 1 26 55 38 44 41 53 28 11 7 3 6 20 19 57 2 58 52 
29 28 39 12 25 2 30 19 20 57 6 3 26 40 43 58 18 63 10 42 53 41 8 59 55 1 24 56 38 34 35 52 49 9 11 47 15 44 17 36 54 14 50 7 16 51 21 61 64 48 37 46 22 32 62 13 60 5 4 45 23 31 33 27 
1 15 64 42 48 24 54 41 11 46 19 18 2 47 30 32 7 22 44 33 3 25 62 28 17 20 6 23 58 27 59 4 63 38 16 45 39 51 35 53 57 43 10 52 55 60 37 8 36 12 21 29 5 34 40 31 50 14 56 9 26 61 13 49 
52 11 50 22 59 21 13 18 29 9 14 35 37 55 33 5 19 51 26 12 54 60 1 61 28 31 53 49 57 47 3 45 10 48 27 7 8 25 34 6 2 23 63 46 44 41 39 4 16 24 56 42 58 43 17 20 40 62 15 32 36 38 64 30 
22 20 31 54 16 62 10 35 17 25 48 4 13 18 27 11 44 55 59 34 38 19 26 51 2 46 30 1 49 24 5 50 6 39 47 15 9 56 41 14 12 21 28 33 57 63 8 64 40 7 3 23 42 45 60 58 61 53 52 36 32 43 29 37 
33 38 55 57 34 63 12 1 36 37 20 32 23 52 19 7 53 62 17 46 27 18 22 15 44 56 42 29 21 16 6 26 24 60 10 30 50 28 2 40 31 4 48 9 43 14 5 3 51 39 49 8 25 41 47 61 59 11 64 58 13 45 35 54 
24 30 58 46 61 59 37 17 40 14 53 39 45 5 31 10 35 33 3 9 8 1 52 47 18 19 51 12 63 32 62 23 38 43 64 55 57 7 13 11 36 34 42 20 60 15 50 22 21 2 6 54 16 44 4 29 56 27 41 28 25 49 48 26 
21 18 7 6 56 5 26 11 16 22 1 15 35 57 59 38 61 10 25 41 49 37 60 36 53 64 4 9 3 54 13 28 8 46 58 19 42 34 44 27 17 30 45 29 2 23 47 62 43 55 32 20 52 31 48 63 14 51 33 40 50 12 39 24 
42 49 43 23 27 51 50 52 63 28 30 12 3 41 8 21 45 14 13 2 29 11 7 32 39 34 25 58 40 31 17 57 36 33 1 62 48 37 16 4 61 26 54 24 10 44 18 19 53 56 22 59 64 38 35 5 20 47 9 6 60 55 15 46 
15 14 29 48 13 47 32 2 60 42 44 33 61 64 34 9 50 43 20 31 6 30 21 58 8 38 36 27 59 37 41 55 22 63 45 5 12 3 52 54 39 56 35 49 51 53 25 40 28 46 24 11 62 10 26 57 4 17 19 16 7 23 18 1 
9 44 19 45 64 53 39 4 54 43 26 51 58 50 55 24 40 16 12 5 28 56 63 23 10 48 22 35 61 60 11 47 25 20 17 21 31 29 49 18 7 32 59 41 1 6 46 52 37 15 30 14 33 13 36 27 42 3 62 8 34 57 38 2 
40 36 3 41 28 8 60 25 46 62 56 2 47 6 49 29 42 4 64 54 57 24 39 48 43 7 45 33 20 15 52 14 59 35 23 51 61 32 53 26 13 11 38 58 37 55 16 27 19 18 1 9 17 12 34 50 31 22 10 30 5 21 63 44 
################proper############## 

 average_time = 15.145960 

 success runs = 1 

 total average iters = 403709.000000 
