Success!!! 
 
 max_col = 
 64 
 
 run_time = 
 14.826387 
 
 once iters = 
 407755 
 
13 14 60 46 6 17 47 49 44 20 16 51 58 29 34 28 64 21 31 36 15 54 61 41 12 2 59 3 50 35 25 19 48 22 37 7 40 8 33 38 42 23 43 18 27 63 39 52 62 53 11 56 9 32 1 5 57 30 24 10 45 26 55 4 
2 31 57 19 5 62 33 54 60 4 55 40 48 32 39 27 24 8 50 9 37 51 59 43 7 42 41 30 47 36 64 20 35 1 29 25 56 17 13 63 28 53 38 12 46 49 45 61 16 58 26 10 23 44 18 15 6 11 14 21 22 34 52 3 
26 24 61 32 51 64 59 28 15 43 56 50 35 31 49 7 60 4 39 10 62 45 11 1 22 23 44 57 27 55 34 8 47 52 42 53 14 58 12 46 54 30 13 9 41 20 25 21 3 6 63 48 40 36 17 37 2 33 38 29 16 19 5 18 
10 58 27 21 25 11 20 40 52 41 13 61 42 54 26 5 63 17 2 23 57 12 34 56 46 6 18 9 33 62 1 29 4 64 44 3 51 43 60 45 16 15 24 7 14 19 22 48 35 47 55 8 49 38 59 30 32 28 37 36 39 31 53 50 
36 12 43 35 39 52 15 3 6 24 53 9 59 8 19 63 26 29 55 20 46 33 22 14 38 13 21 11 49 4 40 16 50 30 18 61 41 62 23 5 47 17 32 10 58 2 51 37 57 31 34 45 60 42 25 28 7 1 48 27 54 44 64 56 
55 16 38 7 50 37 23 56 36 10 11 18 45 25 30 17 52 5 44 42 35 53 3 28 24 48 39 14 63 26 60 54 31 27 2 34 49 6 32 15 4 1 8 62 29 59 33 57 43 61 12 64 21 22 19 51 46 41 9 13 47 20 40 58 
42 1 63 22 30 34 4 29 23 2 57 47 14 64 46 12 18 25 16 38 27 19 48 6 32 45 61 37 58 31 53 43 10 28 36 20 26 21 59 9 11 40 3 56 44 50 5 55 39 7 13 52 24 33 41 54 60 17 35 8 49 15 51 62 
41 9 8 44 45 18 53 48 21 3 22 33 1 37 38 62 32 7 13 40 47 49 30 58 52 10 5 15 17 56 51 28 11 16 55 19 54 57 39 24 31 60 34 26 6 36 64 35 20 29 4 27 50 14 2 46 59 25 61 43 42 63 12 23 
11 17 28 54 49 1 55 31 34 51 35 15 32 40 27 30 12 6 38 43 39 13 45 36 59 47 60 50 10 2 7 52 16 25 58 23 46 19 18 64 9 44 48 61 22 21 37 8 29 41 33 3 26 53 5 14 20 62 56 42 57 24 4 63 
56 25 40 30 38 15 42 23 11 52 18 21 54 44 45 24 62 22 49 4 61 1 29 20 41 17 9 55 19 46 27 37 36 8 39 33 35 47 14 6 59 43 28 13 60 5 53 16 2 48 7 31 57 50 51 63 34 64 3 32 26 12 58 10 
62 47 24 4 58 7 41 44 39 55 14 6 31 16 8 43 25 28 48 26 50 46 5 53 36 3 35 23 42 45 33 51 30 54 57 10 2 1 29 13 15 20 27 63 12 38 18 19 49 9 17 34 56 64 32 40 37 21 11 22 52 60 61 59 
64 26 3 33 36 20 32 43 58 42 23 5 63 59 61 46 56 34 57 17 2 7 19 15 40 14 54 4 30 53 29 12 22 45 60 50 28 41 21 52 62 10 49 51 31 35 24 6 37 39 47 11 38 25 13 18 16 55 8 9 27 48 44 1 
57 5 16 9 61 8 48 2 28 12 7 22 25 17 53 41 40 31 47 11 54 37 21 23 1 20 64 32 43 38 26 44 63 51 24 56 62 34 3 27 45 55 4 14 50 42 46 39 60 19 52 15 59 10 36 58 33 49 13 30 6 18 29 35 
35 18 22 37 14 10 29 21 1 26 38 62 49 56 13 60 55 33 27 51 32 24 64 30 39 11 63 6 5 58 57 34 12 59 9 4 53 31 48 43 3 52 36 47 54 40 2 25 42 23 46 44 20 16 8 61 15 19 28 45 7 41 50 17 
52 34 46 45 59 50 60 19 64 33 4 10 2 3 20 36 35 16 9 18 63 14 44 42 31 8 25 56 21 49 13 48 40 55 38 26 15 61 37 7 29 11 30 57 17 58 41 32 6 12 1 62 22 28 27 24 51 5 23 39 53 43 47 54 
12 39 53 51 27 13 63 6 57 37 9 29 19 48 47 50 59 52 58 41 10 8 60 3 28 22 15 61 62 24 16 18 17 11 49 32 20 5 42 44 33 7 64 23 26 1 34 56 21 4 45 43 55 54 30 35 40 46 2 25 36 14 38 31 
59 55 52 61 16 39 18 33 41 63 36 60 7 38 9 14 11 50 40 62 6 2 31 49 10 56 42 20 32 43 54 30 5 17 25 21 4 23 15 47 53 27 1 28 19 48 8 24 22 45 29 12 51 34 26 64 3 37 46 58 44 57 35 13 
21 19 10 56 3 48 37 53 40 44 54 57 30 33 16 49 4 60 1 46 18 55 25 24 15 59 17 41 45 28 58 6 52 42 32 9 34 51 26 11 23 22 63 2 61 64 47 62 13 5 35 20 27 7 31 36 12 14 43 38 50 39 8 29 
38 2 6 43 35 32 11 50 51 61 45 42 23 26 62 37 10 44 20 54 17 64 52 39 29 9 24 34 22 12 8 14 13 48 1 55 19 16 36 53 41 31 57 30 5 46 3 33 58 15 60 63 28 49 21 56 25 18 47 7 4 59 27 40 
54 27 47 36 44 9 49 14 25 53 21 48 5 22 15 1 33 38 34 45 23 29 57 8 4 7 62 60 16 61 18 63 20 2 28 40 58 39 50 31 43 35 37 6 10 55 13 12 30 46 24 42 3 11 52 59 41 32 19 56 17 51 26 64 
17 29 62 20 22 40 34 26 50 35 8 27 4 55 59 6 58 19 42 32 48 21 53 37 3 39 23 64 13 52 31 11 18 43 10 46 61 12 63 30 38 56 45 49 16 51 9 7 14 2 25 41 33 47 57 44 24 15 60 54 1 5 36 28 
5 57 64 15 41 24 30 1 12 32 46 39 56 19 43 34 13 36 3 59 14 28 27 22 47 38 37 51 26 44 2 25 8 62 33 35 7 60 45 54 20 4 42 21 18 29 52 58 50 55 40 6 17 48 16 23 11 61 53 31 63 9 10 49 
4 45 31 63 28 51 46 7 18 13 3 52 10 24 58 11 5 47 43 16 12 56 26 35 21 33 50 36 40 57 48 27 49 41 64 22 29 14 38 59 60 25 17 34 39 44 54 15 19 1 8 53 32 61 37 9 30 2 55 20 23 62 6 42 
60 8 13 23 42 12 25 58 29 28 47 64 20 2 17 31 15 41 7 61 51 30 63 9 49 1 53 5 35 19 46 55 24 3 56 27 37 44 6 57 26 59 40 36 11 32 50 14 38 54 18 4 10 39 62 43 21 16 34 52 48 45 22 33 
61 56 45 28 43 59 3 55 49 11 27 41 16 20 35 32 22 9 12 24 8 47 36 50 6 18 34 19 48 63 10 13 1 46 15 64 60 4 17 21 51 42 62 53 40 7 31 5 54 30 44 23 39 2 29 38 52 58 57 37 14 33 25 26 
31 40 51 13 54 19 35 24 56 1 63 3 17 12 4 59 2 23 33 48 42 39 15 52 37 43 58 21 55 64 11 62 34 14 7 6 8 25 44 32 36 28 9 22 49 18 27 30 26 57 16 61 5 41 60 50 10 47 20 53 38 29 45 46 
6 62 1 53 12 38 9 20 55 50 44 37 64 30 42 51 7 3 28 58 49 57 54 16 26 61 27 29 52 40 59 46 39 13 31 5 18 11 35 22 17 34 23 33 47 25 48 43 63 14 15 21 45 8 10 32 19 60 41 4 24 56 2 36 
48 44 36 41 34 4 57 27 62 9 10 23 60 46 52 39 21 43 56 1 5 63 18 13 54 24 16 42 8 25 22 50 2 58 19 45 47 37 49 33 32 26 14 38 20 15 11 29 17 3 53 59 6 12 64 55 61 31 51 40 35 28 30 7 
46 37 49 18 7 47 52 10 33 21 28 34 22 58 36 15 53 35 29 6 31 26 17 55 14 30 38 39 51 1 32 4 61 23 16 48 12 9 41 62 50 2 59 54 3 57 60 45 40 24 56 19 25 13 11 20 27 63 42 44 64 8 43 5 
16 63 50 42 2 60 39 25 7 48 61 54 24 6 40 45 38 11 14 34 44 59 41 32 5 53 28 47 20 9 35 3 51 10 26 30 36 56 57 29 21 64 58 8 4 12 19 1 31 27 49 33 46 37 43 52 62 23 18 55 15 17 13 22 
58 33 30 5 17 21 14 8 19 47 29 13 38 57 25 26 27 51 61 64 45 40 4 46 56 60 31 2 15 7 44 23 3 53 43 28 59 54 52 20 55 37 16 41 24 6 10 63 18 42 9 36 62 35 48 22 1 50 39 49 34 32 11 12 
23 32 15 11 26 29 22 64 43 8 5 31 53 18 14 2 30 10 62 60 25 20 37 19 17 57 12 45 41 33 49 36 42 50 40 63 24 38 27 55 39 13 61 46 35 52 56 44 51 34 28 47 4 58 7 1 9 3 59 48 21 16 54 6 
14 21 26 40 11 56 51 18 48 36 41 53 57 27 64 38 29 62 4 49 16 15 47 45 20 12 2 7 61 54 63 58 55 33 59 60 10 24 31 23 37 3 5 50 30 43 44 17 8 52 19 1 42 9 46 39 22 13 25 6 32 35 28 34 
47 13 54 27 60 23 12 35 24 49 34 1 50 61 22 42 37 56 36 63 38 31 14 51 64 44 45 43 18 10 30 41 6 9 17 39 5 3 28 40 7 57 11 4 2 16 29 26 53 32 48 25 15 20 33 62 58 52 21 46 59 55 19 8 
20 41 4 24 19 30 64 38 63 54 43 55 29 62 56 40 17 58 23 35 52 18 9 26 8 27 48 13 14 50 28 32 57 37 22 49 44 46 2 12 1 47 21 25 33 61 42 34 45 16 59 60 7 6 3 11 53 51 36 5 31 10 15 39 
22 10 48 50 52 28 5 36 13 58 39 11 37 14 44 9 46 64 60 3 34 61 12 59 51 19 47 25 29 16 56 21 15 7 4 8 30 32 43 35 49 54 6 27 23 53 55 40 24 18 31 57 63 26 38 2 17 45 62 33 20 1 42 41 
7 3 59 1 62 45 31 57 5 17 2 12 26 51 10 16 54 30 19 8 33 42 50 27 53 52 46 22 39 6 55 9 64 61 20 41 48 63 25 34 24 32 56 58 15 60 28 18 36 13 21 35 44 23 4 49 38 29 40 14 43 47 37 11 
34 15 58 17 55 2 43 32 31 60 19 30 46 52 6 18 44 24 53 22 7 5 28 25 33 37 11 26 59 42 23 57 29 38 50 36 21 27 62 1 35 9 51 39 8 45 20 13 41 56 64 54 47 40 14 10 49 48 63 16 12 4 3 61 
39 53 44 29 37 49 16 61 35 15 25 45 33 4 32 8 41 57 21 2 20 6 1 40 62 34 36 31 38 3 17 24 14 18 13 11 52 26 47 42 46 19 12 64 48 10 63 59 55 43 5 28 58 51 22 27 54 56 7 60 9 50 23 30 
33 42 9 6 63 25 8 46 47 23 59 28 3 7 21 20 43 39 10 13 11 32 55 48 60 49 4 35 1 15 5 40 19 56 53 51 16 45 54 58 22 62 31 52 38 41 14 36 61 50 37 30 12 29 34 17 26 57 27 24 2 64 18 44 
1 51 33 12 15 58 10 63 17 29 6 46 13 34 7 44 45 26 64 19 59 16 35 2 55 36 30 49 23 48 24 60 27 4 8 31 42 53 22 41 40 50 39 32 28 14 21 9 52 11 20 38 37 62 47 25 43 54 5 18 3 61 56 57 
9 38 29 49 48 6 40 13 27 19 26 14 15 47 11 4 51 53 54 28 24 58 46 10 25 35 52 33 3 18 20 42 45 39 21 37 57 64 55 56 5 12 60 17 36 23 61 41 44 8 43 22 2 59 63 7 31 34 50 1 62 30 32 16 
53 23 18 47 57 22 24 39 16 5 64 2 21 60 51 55 20 15 11 52 40 50 42 31 44 54 8 62 4 37 38 10 7 49 48 43 9 35 58 36 30 63 19 1 34 3 6 46 32 26 61 29 41 17 56 13 28 12 45 59 33 25 14 27 
25 50 20 62 56 54 2 59 37 45 32 24 61 49 41 53 36 12 6 27 13 17 43 33 19 5 51 46 28 29 39 26 38 34 52 1 63 15 30 14 57 48 44 35 64 31 7 11 10 60 58 40 18 3 55 16 47 42 4 23 8 22 9 21 
3 61 7 26 8 16 19 34 42 62 12 35 43 28 1 58 14 48 32 21 4 44 39 5 11 50 57 63 31 59 41 22 23 47 46 18 25 13 51 17 56 29 2 15 52 37 38 49 27 33 30 9 54 24 45 53 55 10 6 64 40 36 60 20 
28 11 17 52 21 35 27 4 22 18 30 56 36 10 54 57 9 61 41 55 3 60 8 34 45 40 1 16 12 13 43 7 32 29 5 44 50 20 24 2 58 51 25 42 62 33 59 47 23 64 14 46 31 19 49 6 48 53 26 63 37 38 39 15 
44 60 55 31 64 5 36 37 59 39 20 25 9 23 3 52 47 18 30 56 1 38 49 63 61 58 14 27 34 32 6 15 26 40 62 54 33 28 11 16 8 24 10 43 45 22 4 53 48 21 42 51 35 57 50 12 13 7 29 17 19 46 41 2 
32 30 41 14 46 43 45 42 38 40 31 63 8 50 33 48 23 37 25 57 22 62 7 29 9 64 56 53 2 17 21 47 60 12 3 59 6 10 19 61 18 16 55 20 13 27 26 54 15 36 39 5 34 1 28 4 35 44 58 51 11 49 24 52 
43 54 11 55 53 26 13 47 14 46 42 49 44 39 37 22 28 1 51 31 29 48 33 4 50 21 6 12 64 20 36 17 9 35 41 24 27 59 10 18 61 45 52 60 25 56 32 23 34 62 3 2 19 30 58 8 63 40 16 15 5 7 57 38 
49 46 19 60 20 33 50 52 8 6 62 43 27 13 23 29 16 54 5 12 41 34 40 57 58 4 55 38 11 14 45 56 44 32 51 15 39 7 1 3 64 21 26 24 59 17 30 2 25 10 36 37 53 63 9 48 18 35 22 61 28 42 31 47 
24 59 25 38 31 44 62 17 32 30 15 58 28 41 12 47 39 2 63 53 36 27 10 60 57 46 13 54 9 5 19 61 33 21 14 42 45 50 34 8 6 18 20 16 37 11 35 3 64 51 22 7 43 52 40 29 56 4 49 26 55 23 1 48 
27 7 34 48 40 14 58 51 26 57 1 4 55 11 2 35 50 46 15 37 43 22 32 64 23 29 10 18 53 39 3 59 62 6 54 17 31 52 61 49 12 41 33 5 63 9 36 42 56 28 38 13 16 45 44 47 8 24 30 19 25 21 20 60 
37 6 42 8 18 63 21 5 20 38 60 16 34 45 50 3 49 14 17 7 56 35 13 11 48 41 43 24 44 47 52 31 28 57 30 12 22 36 4 25 19 39 53 40 55 62 1 10 46 59 23 32 61 15 54 26 29 9 64 2 58 27 33 51 
30 64 39 16 32 61 1 41 10 7 51 19 40 53 48 25 6 42 59 44 9 3 38 21 63 62 22 8 60 27 37 35 58 5 23 47 55 2 56 26 34 14 15 29 57 54 49 28 33 20 50 18 11 4 24 31 45 36 17 12 13 52 46 43 
45 22 23 10 29 57 56 9 61 64 17 36 18 63 5 54 8 55 24 30 19 52 20 62 2 16 26 28 25 51 15 33 46 60 11 13 43 40 53 48 44 38 50 31 7 47 58 4 12 49 27 39 1 21 35 42 14 59 32 3 41 6 34 37 
15 36 35 2 4 3 28 12 9 31 33 59 52 21 24 56 61 45 26 47 58 25 23 18 34 32 49 40 7 30 42 1 37 20 63 38 64 29 16 19 13 46 22 48 51 8 43 27 5 17 57 55 14 60 6 41 50 39 44 11 10 54 62 53 
18 52 2 3 33 55 44 60 45 59 24 38 39 35 57 64 42 13 8 14 26 11 16 47 43 15 20 10 56 22 4 49 21 19 61 62 1 48 40 28 25 36 54 37 53 30 23 50 9 63 51 17 29 27 12 34 5 6 31 41 46 58 7 32 
51 20 32 59 10 27 7 15 4 16 48 26 11 42 28 23 57 40 37 25 30 41 58 54 13 55 33 17 36 21 12 64 43 31 35 2 3 22 46 50 14 61 29 19 56 24 62 60 47 38 6 49 52 5 39 45 44 8 1 34 18 53 63 9 
50 35 21 64 23 41 6 30 53 14 52 7 62 5 31 13 19 32 46 29 60 10 24 17 18 63 40 1 54 34 9 45 25 15 12 16 38 42 8 39 27 58 47 44 43 4 57 22 59 37 2 26 48 56 61 3 36 20 33 28 51 11 49 55 
63 4 37 34 47 42 17 11 46 25 58 44 12 15 55 61 31 49 22 39 64 36 56 38 30 26 7 48 57 8 62 5 54 24 45 14 32 33 20 10 2 6 18 59 9 28 16 51 1 40 41 50 13 43 53 60 23 27 52 35 29 3 21 19 
19 49 14 25 1 46 38 16 30 22 37 17 6 9 29 10 34 20 18 33 53 4 51 61 27 28 3 59 24 23 50 2 41 63 47 57 13 55 5 60 52 8 35 11 42 26 12 64 7 44 32 58 36 31 15 21 39 43 54 62 56 40 48 45 
29 48 12 39 9 53 61 22 54 34 50 8 47 43 18 19 3 63 45 5 21 23 6 44 35 51 32 58 37 11 14 38 56 36 27 52 17 30 7 4 10 49 41 55 1 13 40 31 28 25 62 16 64 46 20 33 42 26 15 57 60 2 59 24 
40 43 56 58 13 31 26 45 2 27 49 32 41 36 63 33 1 59 35 50 28 9 62 12 16 25 19 52 46 60 61 39 53 44 6 29 23 18 64 51 48 5 7 3 21 34 15 20 11 22 54 24 8 55 42 57 4 38 10 47 30 37 17 14 
8 28 5 57 24 36 54 62 3 56 40 20 51 1 60 21 48 27 52 15 55 43 2 7 42 31 29 44 6 41 47 53 59 26 34 58 11 49 9 37 63 33 46 45 32 39 17 38 4 35 10 14 30 18 23 19 64 22 12 50 61 13 16 25 
################proper############## 

 average_time = 14.826387 

 success runs = 1 

 total average iters = 407755.000000 
