Success!!! 
 
 max_col = 
 64 
 
 run_time = 
 12.555834 
 
 once iters = 
 300017 
 
37 22 3 18 29 45 62 15 56 39 41 30 12 6 19 50 53 13 8 44 59 25 47 54 20 28 57 33 26 46 43 7 48 21 49 36 17 1 5 24 52 23 51 55 11 38 34 42 64 27 10 2 63 35 14 9 61 32 31 40 16 58 60 4 
63 53 40 8 1 56 59 21 51 11 25 61 4 37 27 49 31 7 60 24 17 48 15 64 14 12 9 52 13 10 55 58 44 32 62 23 38 18 3 30 57 22 19 39 35 16 2 46 42 29 41 5 26 47 28 36 45 20 33 34 54 43 6 50 
17 6 11 49 32 34 13 33 44 62 18 52 28 22 29 2 21 36 41 45 42 14 40 63 5 60 53 51 39 30 38 50 12 26 16 20 35 19 55 10 3 8 31 9 48 61 58 47 54 57 43 15 4 59 56 25 64 7 23 37 27 24 1 46 
14 48 36 43 35 38 52 58 34 64 15 46 59 40 47 55 20 12 19 61 26 22 4 39 45 6 8 24 23 31 54 16 37 13 9 57 11 2 28 25 50 63 62 27 7 29 41 33 32 17 1 60 49 21 51 53 10 5 56 42 44 18 30 3 
26 12 61 9 25 54 28 55 48 63 31 42 17 23 5 36 50 35 57 29 30 58 3 16 34 62 19 37 27 49 21 41 60 7 59 51 4 53 22 56 64 44 10 32 13 6 43 1 40 18 45 24 20 33 39 46 11 8 14 15 47 52 2 38 
16 51 44 41 60 39 7 5 14 20 33 54 9 58 10 53 1 11 46 52 27 6 37 2 63 61 32 64 40 3 17 25 42 15 43 47 29 45 8 50 30 24 49 18 26 21 4 56 34 12 38 31 23 62 13 48 59 36 55 19 35 22 28 57 
30 42 31 2 23 47 64 19 60 38 57 24 21 1 26 13 32 28 55 56 34 10 5 43 35 29 15 18 48 22 4 44 41 54 52 14 6 33 27 46 12 37 45 36 53 59 40 20 11 16 8 50 7 58 61 3 51 63 17 49 25 39 62 9 
27 10 57 4 50 46 24 20 45 3 32 43 35 16 7 8 23 49 51 18 62 38 9 33 56 2 11 59 36 42 1 47 61 58 34 31 39 40 64 63 60 28 5 15 17 54 25 14 6 55 19 37 22 30 44 52 26 13 21 12 53 41 48 29 
2 27 10 56 45 33 32 12 30 58 16 50 57 53 34 35 17 5 61 19 40 1 25 9 52 7 22 44 59 36 14 13 3 31 42 41 20 54 15 23 37 46 55 51 24 28 26 38 62 60 29 21 48 63 8 47 6 4 18 39 49 11 43 64 
19 46 59 50 54 52 29 9 55 4 37 13 25 38 63 26 64 24 21 14 43 7 32 11 42 53 48 47 12 8 51 33 39 35 5 1 28 36 45 16 18 3 60 10 61 56 44 57 2 20 6 49 31 22 41 40 62 34 58 30 15 23 27 17 
36 31 15 25 62 24 40 7 18 52 1 2 27 61 14 39 45 3 29 55 58 49 56 37 9 20 50 11 41 54 6 19 17 38 60 34 33 4 51 21 16 12 8 64 63 5 35 13 57 26 23 46 30 28 59 43 47 42 10 22 48 53 44 32 
43 61 1 3 39 48 17 53 32 31 11 33 54 8 60 47 41 23 62 6 52 57 27 44 10 35 46 28 64 2 40 30 7 18 14 25 19 49 56 22 58 4 21 34 20 36 59 29 38 37 15 13 12 42 16 5 9 26 24 55 51 50 45 63 
18 44 22 35 64 14 51 37 49 36 62 29 41 28 3 23 8 33 53 30 2 15 20 46 32 55 43 26 24 56 60 1 63 59 12 6 40 10 48 13 27 25 42 47 45 50 52 39 58 19 17 9 11 61 4 34 57 38 7 21 31 54 16 5 
42 60 26 5 58 28 38 4 12 43 6 56 19 17 20 21 63 51 47 48 22 31 13 10 25 15 62 16 18 45 39 34 64 57 55 2 30 61 9 29 23 32 40 41 54 11 49 7 1 44 53 36 52 27 24 50 8 46 35 3 14 33 37 59 
49 30 21 20 47 13 57 16 42 40 45 59 44 64 22 46 54 38 28 36 12 34 39 50 31 23 27 4 37 17 63 5 52 62 26 53 8 24 58 11 14 15 1 6 43 9 33 48 10 32 35 18 55 7 3 51 41 25 29 56 61 2 19 60 
23 63 8 34 55 41 6 11 10 7 24 9 5 48 51 15 16 60 18 35 4 26 59 42 21 38 3 58 57 61 49 29 46 43 44 32 50 27 47 37 62 31 30 17 2 19 53 22 25 14 39 64 33 54 45 56 36 12 20 13 52 1 40 28 
51 23 52 36 22 19 41 48 1 44 40 62 50 25 49 59 10 56 45 34 5 11 8 38 57 54 33 63 6 20 18 31 27 61 21 12 46 35 32 39 2 58 24 43 4 55 30 60 17 42 13 28 9 29 37 26 53 15 47 16 64 3 7 14 
4 57 30 17 31 29 11 49 5 33 2 53 63 43 56 51 9 21 50 40 48 12 42 7 36 64 14 46 45 24 47 59 18 52 28 16 37 6 20 55 35 27 54 8 3 13 15 62 22 23 60 32 38 34 25 19 1 39 61 58 41 44 26 10 
62 40 60 16 2 15 33 59 21 32 8 7 14 34 39 61 47 37 54 3 24 18 19 13 30 41 42 25 52 9 11 28 51 1 53 44 31 48 36 17 26 57 20 23 5 45 12 49 35 10 50 6 27 46 58 64 43 22 63 29 56 38 4 55 
54 8 47 27 3 37 58 61 4 18 42 11 52 9 13 31 46 29 2 39 60 32 41 57 1 26 12 48 55 62 56 15 50 5 33 38 14 23 34 19 40 7 17 22 28 10 64 51 43 63 59 30 53 16 20 44 49 35 45 24 6 36 21 25 
12 64 28 63 9 42 46 44 41 23 38 26 10 57 55 54 25 27 20 1 35 4 62 31 58 51 39 7 53 43 29 32 30 2 13 15 45 22 40 49 21 47 16 52 6 34 56 18 3 8 36 61 24 11 5 14 19 50 48 60 33 17 59 37 
1 5 39 14 43 18 50 25 28 29 3 36 20 35 6 37 22 16 26 58 15 63 64 49 60 40 34 61 17 13 27 2 56 8 24 62 47 42 10 41 59 9 38 53 44 46 31 19 48 45 52 7 21 4 55 33 23 11 57 54 30 12 32 51 
21 55 53 38 34 6 56 45 27 19 48 58 24 15 12 64 30 61 43 23 14 28 17 52 16 49 44 22 35 50 37 10 29 3 4 54 26 7 60 59 32 33 41 63 42 25 36 11 39 1 51 47 40 57 31 2 20 18 46 5 62 9 8 13 
32 13 7 26 24 35 20 10 47 16 60 22 30 46 17 45 6 59 36 53 44 33 55 51 38 21 23 19 3 4 5 8 11 64 58 63 9 25 43 57 48 1 50 61 14 39 29 37 41 15 49 56 62 18 12 54 27 40 42 2 34 28 31 52 
59 20 45 51 46 40 49 35 13 10 29 12 53 44 42 3 28 14 9 63 21 39 57 30 15 36 38 32 2 41 31 22 1 55 25 37 48 52 50 47 34 16 64 26 8 17 54 6 18 11 33 4 56 23 7 62 60 19 43 61 24 27 5 58 
11 1 41 21 48 12 63 60 50 54 61 55 32 56 9 33 36 18 34 37 7 45 31 6 51 46 10 27 4 25 3 42 19 40 2 26 22 59 23 44 13 20 47 38 39 58 62 5 15 35 57 43 17 24 29 28 14 53 30 64 8 49 52 16 
58 24 27 23 7 62 34 54 31 2 47 41 60 36 40 22 4 17 11 38 55 52 16 29 61 50 18 45 14 6 19 12 15 56 30 28 5 64 21 33 43 42 37 59 57 3 63 35 8 53 20 25 13 9 49 32 48 44 51 10 1 46 39 26 
55 29 37 22 36 32 16 57 8 5 43 35 26 27 21 52 2 40 48 47 50 42 61 19 24 58 13 60 9 53 44 39 20 34 3 4 62 14 12 7 46 49 56 33 15 1 11 23 30 51 31 45 59 10 64 6 28 17 54 18 38 25 63 41 
53 39 6 15 4 25 30 64 20 14 7 37 46 19 28 57 26 10 33 13 23 43 54 8 59 5 1 56 11 63 16 17 9 49 51 27 18 38 24 45 29 61 36 21 12 32 48 41 52 22 34 44 58 60 50 42 31 2 3 35 40 62 55 47 
56 26 17 19 10 5 42 47 24 34 58 4 18 11 38 16 3 44 32 22 1 51 49 35 23 33 7 21 62 64 20 52 43 46 8 29 63 60 31 36 9 30 53 2 27 14 28 25 61 48 54 55 37 39 40 41 15 6 13 57 12 59 50 45 
44 50 33 52 18 2 9 3 62 15 59 25 6 39 45 17 5 20 58 27 64 46 12 41 26 43 49 30 29 28 8 48 57 53 35 10 54 11 13 61 55 19 22 60 40 51 24 31 47 36 16 63 14 1 21 38 34 56 37 23 32 4 42 7 
28 14 43 31 38 8 61 13 23 49 64 51 48 30 1 63 62 53 24 15 25 59 60 56 37 47 40 34 54 55 57 35 32 16 6 17 41 58 39 42 7 10 52 44 50 4 18 45 46 5 27 19 2 3 26 12 22 9 11 33 20 21 29 36 
60 19 32 29 40 10 43 28 17 25 63 27 15 2 58 6 59 1 35 64 45 9 11 22 49 44 31 55 8 23 30 24 16 47 54 61 21 41 38 26 56 51 13 20 34 57 14 36 7 46 5 48 3 50 42 4 18 52 53 62 39 37 12 33 
31 9 34 42 41 4 55 46 37 50 52 20 29 60 59 28 33 30 5 21 49 3 48 17 40 22 35 43 56 39 7 6 2 36 23 8 44 15 25 32 11 18 27 12 62 24 61 53 13 54 63 26 45 64 47 10 16 57 38 1 58 51 14 19 
25 37 16 13 6 3 15 38 43 35 12 57 49 45 11 48 29 58 42 60 19 36 46 34 47 17 54 41 51 5 10 27 4 33 56 52 59 63 14 53 8 2 7 31 30 22 32 64 20 62 21 39 1 40 9 18 24 55 44 28 50 26 61 23 
39 54 63 45 53 49 18 26 22 55 36 47 7 33 46 34 44 32 23 43 56 62 14 20 48 11 61 57 42 1 25 64 13 51 50 35 24 9 19 60 5 41 15 4 21 52 10 28 59 6 58 16 29 12 38 37 17 27 8 31 2 40 3 30 
64 17 50 7 52 23 47 62 54 30 19 16 42 32 18 14 38 41 40 25 39 8 2 28 4 9 29 53 34 21 58 63 5 12 37 22 27 20 1 6 33 45 3 48 49 26 46 55 24 56 44 57 61 51 43 31 13 59 36 11 60 15 10 35 
22 21 2 24 11 1 5 8 26 51 9 44 56 10 61 41 12 54 13 16 57 47 53 55 28 3 52 15 32 38 50 46 45 39 18 49 42 31 62 43 6 60 58 35 37 40 23 59 27 34 14 33 36 19 30 17 63 29 64 7 4 48 25 20 
48 35 14 58 20 61 12 36 39 21 23 38 40 3 8 62 51 31 15 4 10 27 24 26 13 59 45 2 19 18 33 37 28 11 64 46 7 57 30 34 17 50 44 1 29 47 16 63 60 52 32 53 25 49 22 55 54 41 5 43 9 6 56 42 
33 59 56 30 51 57 44 27 64 1 13 5 31 24 53 4 61 52 6 7 63 37 50 18 12 16 20 62 60 26 36 14 55 10 40 3 58 29 17 48 38 39 25 42 9 43 19 54 23 28 2 35 8 41 15 11 21 45 32 46 22 47 49 34 
35 32 46 28 37 11 27 22 58 59 10 48 38 51 52 43 19 9 44 57 13 61 30 40 41 25 47 8 31 12 2 49 54 14 63 42 55 62 33 5 45 36 18 50 23 20 60 34 4 21 7 3 6 15 53 24 56 1 16 17 26 29 64 39 
47 58 29 10 17 9 23 56 3 26 50 6 11 31 25 20 55 15 16 62 54 53 43 12 64 4 30 39 44 40 34 61 38 24 36 59 60 46 18 1 63 35 32 37 33 8 51 52 5 13 28 22 41 14 2 45 42 49 27 48 19 7 57 21 
20 41 5 40 26 64 25 24 53 46 39 15 36 7 37 56 52 34 63 10 33 23 45 60 29 1 55 13 43 51 22 38 49 27 32 19 3 21 44 8 47 54 14 28 59 48 6 16 31 61 9 42 50 17 57 30 12 58 2 4 11 35 18 62 
13 52 48 61 49 16 14 6 9 17 54 23 64 62 2 42 24 47 7 5 46 35 36 27 11 57 37 3 21 59 28 60 26 50 10 39 56 12 4 20 44 53 43 29 25 30 22 15 55 58 18 40 32 8 19 1 33 51 34 38 45 63 41 31 
3 38 42 44 21 31 45 51 57 60 14 40 33 29 24 12 18 48 49 8 28 17 6 58 53 32 63 54 50 19 35 9 34 30 47 11 13 16 7 15 1 62 4 56 41 27 55 2 26 64 25 10 46 36 52 39 5 23 22 59 37 61 20 43 
7 62 12 1 63 55 36 34 61 47 4 49 8 21 30 18 42 50 64 11 41 2 22 25 33 52 16 17 46 14 24 20 40 23 29 45 53 51 37 35 19 26 39 57 58 31 5 10 56 59 48 38 54 43 60 27 3 28 6 44 13 32 9 15 
8 4 54 59 19 43 2 39 16 27 34 28 1 13 32 5 14 26 37 51 31 29 38 3 6 45 56 23 10 15 42 18 58 22 41 48 64 17 57 52 24 40 61 11 46 7 9 21 33 49 12 62 44 20 63 35 30 47 25 50 55 60 36 53 
57 33 18 53 15 50 60 30 35 41 22 63 45 55 44 19 56 39 1 59 32 20 21 4 27 48 36 5 7 58 62 26 31 25 61 9 2 43 6 28 49 13 12 3 64 42 38 17 29 47 11 34 51 37 23 16 46 54 40 52 10 14 24 8 
5 36 49 37 57 22 39 18 52 56 21 31 16 42 50 40 7 2 4 20 9 19 29 48 55 8 6 10 28 27 23 62 24 45 1 33 32 30 63 51 15 17 34 54 47 35 3 12 14 25 61 59 64 38 46 58 44 60 41 26 43 13 53 11 
34 2 9 46 59 26 54 50 7 13 49 8 62 14 15 27 58 42 56 17 36 40 63 24 44 39 4 20 1 57 64 3 21 37 19 18 52 5 61 38 10 43 29 25 22 33 45 32 53 30 47 41 35 6 11 60 55 31 12 51 28 16 23 48 
6 25 38 64 44 53 31 43 59 61 51 17 22 12 48 58 27 57 30 41 47 16 28 45 7 18 2 9 15 33 32 11 14 29 20 60 49 8 46 62 4 55 23 5 56 37 13 24 36 39 42 52 34 26 1 21 35 10 50 63 3 19 54 40 
61 56 24 32 42 60 3 40 38 53 55 10 34 63 36 44 39 8 25 26 37 13 23 1 54 14 41 50 5 29 12 21 35 17 57 43 16 28 59 2 20 6 11 62 31 64 27 58 49 9 22 51 19 48 33 15 52 30 4 47 7 45 46 18 
29 47 19 33 14 27 35 23 46 6 28 45 39 54 4 25 15 64 38 32 11 5 52 21 22 37 60 40 16 34 61 51 53 41 31 56 36 44 26 58 42 48 9 30 18 49 1 50 63 3 55 12 43 13 10 7 2 62 59 20 57 8 17 24 
15 45 20 12 8 17 48 1 19 57 35 3 2 41 43 30 60 6 10 49 53 50 18 59 46 42 24 36 38 52 13 56 22 9 7 55 34 47 11 4 51 14 26 40 16 63 21 61 44 31 37 54 28 32 62 23 58 64 39 25 29 5 33 27 
10 16 51 62 28 58 21 41 11 24 20 18 23 47 64 32 34 46 31 33 3 55 44 61 17 30 26 35 63 48 59 43 25 6 39 40 15 13 54 12 53 38 2 19 52 60 7 8 45 50 4 29 5 56 27 57 37 14 1 9 36 42 22 49 
52 11 13 55 30 7 4 63 29 9 5 60 37 26 33 1 43 62 22 12 51 54 35 14 19 31 58 49 25 47 53 45 10 48 27 64 23 50 42 3 28 59 57 46 36 41 39 44 16 24 40 8 18 2 17 20 38 61 15 32 21 56 34 6 
50 28 64 54 16 20 37 29 40 45 30 14 13 59 35 11 57 55 27 46 38 60 34 53 2 24 17 1 47 44 52 4 33 42 48 5 12 56 41 18 61 21 6 58 51 62 8 26 9 7 3 23 10 25 32 49 39 43 19 36 63 31 15 22 
45 34 55 47 33 63 8 14 36 37 46 32 43 52 62 7 11 25 17 42 18 21 26 15 50 13 28 29 20 16 41 53 23 44 22 30 1 3 2 40 31 64 48 49 19 12 57 9 51 38 56 58 39 5 6 61 4 24 60 27 59 10 35 54 
24 7 58 39 61 59 1 17 2 28 27 19 55 49 31 10 35 22 3 9 8 41 33 5 18 56 51 6 30 32 45 23 47 4 38 50 57 26 52 64 36 34 63 13 60 15 37 43 21 40 46 14 16 44 54 29 25 48 62 53 42 20 11 12 
9 18 25 6 56 21 53 32 33 22 26 1 51 5 54 60 13 4 39 50 16 44 10 36 62 19 59 42 58 7 15 40 8 28 11 24 43 34 35 27 41 52 46 45 55 23 47 3 12 2 64 20 57 31 48 63 29 37 49 14 17 30 38 61 
46 49 23 60 27 30 22 52 63 12 17 21 3 20 41 38 48 45 59 2 29 64 7 32 39 34 25 31 61 11 26 57 36 19 15 58 51 37 16 14 54 5 28 24 10 44 42 4 50 43 62 1 47 53 35 8 40 33 9 6 18 55 13 56 
38 15 62 48 13 36 19 2 25 42 44 64 61 50 57 9 49 43 14 31 20 30 58 47 8 27 5 12 33 37 46 55 6 63 45 21 10 39 29 54 22 56 35 16 32 53 17 40 28 4 24 11 60 52 18 59 7 3 26 41 23 34 51 1 
41 43 35 11 5 44 10 42 6 48 53 34 58 4 16 24 40 19 12 28 61 56 51 23 3 63 64 38 22 60 9 54 62 20 17 7 25 55 49 31 39 29 59 14 1 18 50 30 37 33 26 27 15 45 36 13 32 21 52 8 46 57 47 2 
40 3 4 57 12 51 26 31 15 8 56 39 47 18 23 29 37 63 52 54 6 24 1 62 43 10 21 14 49 35 48 36 59 60 46 13 61 32 53 9 25 11 33 7 38 2 20 27 19 41 30 17 42 55 34 22 50 16 28 45 5 64 58 44 
################proper############## 

 average_time = 12.555834 

 success runs = 1 

 total average iters = 300017.000000 
