Success!!! 
 
 max_col = 
 64 
 
 run_time = 
 7.741668 
 
 once iters = 
 124808 
 
10 42 57 52 40 28 50 21 39 49 47 18 45 5 63 53 46 51 35 59 27 58 14 64 9 34 6 60 31 36 2 26 48 1 33 55 4 7 17 56 15 19 44 3 23 25 11 30 54 20 8 37 12 22 16 13 38 62 24 61 41 29 43 32 
53 11 60 27 15 23 32 31 44 2 28 61 22 8 36 4 5 38 25 16 52 3 55 20 40 45 17 50 1 33 12 30 42 64 63 43 14 37 58 19 62 24 34 51 46 49 29 35 56 59 7 26 41 18 48 10 9 54 6 13 57 39 21 47 
7 45 33 61 35 47 18 39 64 59 42 12 29 19 34 48 37 15 36 28 24 60 4 43 21 10 20 57 27 44 52 11 23 9 32 38 30 54 2 49 56 58 1 41 8 13 22 5 62 53 50 51 55 46 17 6 31 40 26 63 14 3 16 25 
37 19 36 16 58 59 46 12 23 54 51 52 60 40 6 24 39 61 62 13 30 41 45 17 63 22 49 55 8 42 14 4 15 11 21 10 3 5 27 35 53 31 32 20 48 50 47 26 29 38 64 44 43 9 57 25 56 33 28 34 2 1 18 7 
13 55 34 49 9 62 63 64 35 14 41 43 37 7 30 1 6 31 8 26 18 19 50 2 56 32 38 29 54 5 3 25 46 16 51 24 22 47 20 44 10 21 27 17 28 61 57 4 39 33 36 23 11 40 15 42 52 58 48 60 45 12 53 59 
6 1 54 17 30 20 41 5 26 11 25 55 50 38 58 56 29 63 44 32 34 40 49 48 37 15 28 24 47 23 7 16 57 62 45 13 31 39 18 53 43 60 12 9 33 59 64 52 3 21 61 14 19 2 35 27 46 36 8 51 4 22 42 10 
25 48 56 24 38 22 4 2 31 20 57 10 46 27 13 3 1 21 9 33 42 53 11 12 19 18 62 51 43 59 41 58 26 29 28 40 34 61 8 50 7 6 55 14 36 39 54 16 45 49 32 47 52 63 60 30 44 35 5 64 37 23 15 17 
51 8 14 29 44 3 26 43 15 32 17 16 62 9 33 21 56 57 10 47 22 23 54 7 48 46 39 61 35 13 53 64 6 60 36 12 59 25 41 52 63 38 42 37 2 45 18 40 31 1 28 34 58 5 24 4 11 55 27 30 50 20 49 19 
30 33 37 13 23 40 10 46 56 43 63 44 12 29 49 50 26 1 27 22 36 32 24 14 34 7 58 38 59 41 35 20 11 3 4 52 60 62 21 16 57 47 45 6 55 5 28 8 53 2 15 19 31 39 51 48 64 25 54 42 61 18 17 9 
18 28 26 60 6 2 61 25 1 42 21 51 64 37 15 52 59 7 17 54 16 12 41 55 29 62 40 47 30 53 23 31 35 36 9 63 57 10 14 43 27 22 3 11 50 32 19 38 44 8 20 58 49 13 34 45 24 56 46 48 5 4 33 39 
58 54 49 15 62 55 22 3 59 9 31 6 17 23 61 25 63 47 5 2 45 37 29 52 46 19 50 4 11 51 42 27 13 39 38 32 44 48 34 64 26 10 21 53 16 35 33 14 60 7 56 30 18 1 41 24 12 43 20 36 40 8 28 57 
63 7 1 21 5 57 11 38 55 35 27 30 36 39 54 41 20 9 31 48 58 44 8 56 60 16 32 33 13 43 28 22 18 59 19 50 45 17 12 51 37 52 24 15 49 4 40 61 46 62 3 6 42 25 47 64 23 53 14 10 29 34 26 2 
16 34 12 31 43 4 45 52 10 18 60 33 38 11 40 20 57 62 53 15 51 42 13 23 5 61 26 64 14 8 48 36 25 24 41 47 28 22 46 55 1 44 39 56 58 2 30 9 21 32 27 17 37 29 54 35 19 59 3 6 49 7 50 63 
64 50 32 14 59 8 44 20 28 47 19 2 58 24 57 46 4 39 11 3 25 10 6 40 15 52 18 45 9 21 49 17 31 7 53 26 54 42 56 30 51 36 29 34 62 48 23 43 63 61 12 55 16 33 38 5 1 22 37 35 60 41 13 27 
39 41 27 19 53 42 35 56 3 16 48 62 8 22 26 34 21 28 43 61 46 30 60 50 1 55 63 6 10 54 37 24 49 2 20 58 40 33 29 5 25 13 64 12 17 18 31 7 14 4 9 36 23 52 59 57 47 32 45 15 44 11 38 51 
9 17 24 47 36 29 51 48 5 4 7 53 13 14 45 32 64 18 33 19 38 49 34 35 3 12 25 56 2 39 57 44 1 6 37 23 15 27 61 8 41 20 59 54 60 63 46 42 10 43 11 22 26 28 50 40 30 21 16 52 62 58 55 31 
54 21 61 43 14 30 7 45 8 25 20 49 31 63 16 38 40 34 18 51 50 59 36 19 2 44 10 28 24 32 58 23 53 27 35 42 33 4 22 1 64 11 62 48 29 46 37 39 55 6 5 57 17 26 56 12 15 41 52 3 47 13 9 60 
46 23 15 10 19 24 57 58 12 51 34 36 47 6 44 64 52 33 41 9 37 4 22 26 13 5 8 20 53 31 38 18 39 25 49 28 50 45 48 7 16 30 61 43 35 60 59 32 40 14 29 3 63 62 1 2 27 11 56 17 21 55 54 42 
40 20 28 63 16 48 1 50 27 23 4 13 3 21 56 57 58 55 46 60 17 7 35 62 12 59 61 22 6 45 36 9 30 5 24 64 8 32 52 2 42 33 18 26 54 15 25 53 51 41 47 11 38 37 10 31 29 39 44 43 19 14 34 49 
27 56 41 9 31 53 47 33 46 55 26 48 2 50 17 22 49 10 39 20 5 29 23 44 43 35 1 3 42 40 64 15 63 57 61 54 11 58 60 12 21 7 38 28 14 34 8 6 16 19 13 45 32 24 36 52 25 37 30 59 51 62 4 18 
49 39 44 42 12 25 17 13 45 29 9 24 30 58 53 35 31 32 14 57 21 48 38 61 54 51 34 52 60 11 55 62 59 37 43 15 19 6 16 47 20 5 63 4 56 3 41 27 7 64 18 33 46 50 28 22 8 2 1 23 26 36 10 40 
60 32 62 37 52 36 29 35 18 39 11 19 5 61 28 10 27 54 6 64 12 16 47 42 14 4 57 46 21 17 56 7 40 41 26 3 55 9 13 20 50 1 23 2 51 31 24 44 34 25 49 43 15 30 8 59 63 48 38 53 58 45 22 33 
4 64 38 55 11 18 2 22 62 15 43 59 33 1 14 60 25 24 3 63 13 45 30 8 26 41 47 37 19 27 16 39 34 46 29 56 51 23 44 10 9 49 52 36 40 12 17 57 58 35 42 54 48 53 21 20 6 7 31 28 32 5 61 50 
34 3 8 6 26 5 59 51 52 37 32 7 54 42 41 40 28 53 1 43 15 56 2 11 30 33 29 48 25 49 50 63 14 21 17 18 62 38 36 31 55 45 58 13 19 22 10 47 4 60 39 61 27 44 23 9 16 20 57 24 12 64 46 35 
57 60 3 32 20 26 13 11 24 36 56 40 15 64 51 29 54 5 21 41 1 61 46 30 58 48 22 43 7 50 34 2 38 52 18 53 49 12 62 14 23 4 25 59 42 28 27 31 33 17 10 9 45 35 55 16 39 6 19 47 63 37 8 44 
21 24 5 23 39 12 64 8 34 53 38 1 59 25 50 42 48 22 49 11 4 9 58 3 20 31 41 26 28 55 6 19 44 40 60 17 10 35 43 29 32 56 54 33 47 36 51 15 57 13 30 18 62 7 63 37 45 27 61 14 52 46 2 16 
50 63 58 35 51 44 49 16 33 19 6 20 7 41 9 30 8 2 13 36 53 43 56 24 61 17 27 12 32 1 15 52 21 55 22 45 42 59 64 34 46 26 14 57 18 37 60 62 5 47 31 39 3 38 25 29 10 4 11 40 48 54 23 28 
29 6 43 38 25 7 19 10 4 57 3 27 48 17 52 61 47 44 51 12 14 18 62 60 35 64 54 39 16 46 45 37 36 31 11 8 13 50 32 63 2 40 9 58 5 41 53 20 23 34 24 49 1 59 26 28 33 15 21 55 22 42 56 30 
48 2 31 46 28 17 9 27 14 63 13 21 35 55 10 11 7 29 20 38 23 64 42 39 47 60 59 5 36 62 24 40 16 33 56 4 37 3 57 6 30 61 19 49 1 44 52 45 22 15 53 41 8 58 12 54 26 18 32 50 43 25 51 34 
59 18 45 22 4 41 37 53 47 46 62 32 23 16 39 43 34 27 52 40 63 6 57 15 25 30 42 10 33 38 44 49 51 58 54 7 61 24 28 26 29 3 11 55 12 8 13 21 48 56 19 60 50 14 2 36 20 1 35 9 64 17 31 5 
15 40 55 54 42 52 36 14 2 12 58 60 28 45 5 49 33 35 32 17 26 31 37 25 51 11 9 13 56 18 29 8 27 19 23 46 1 30 47 48 39 50 22 16 38 10 63 34 43 44 6 64 20 21 4 61 59 3 53 57 7 24 62 41 
1 62 30 33 61 56 34 47 54 8 22 31 44 18 37 26 16 50 59 10 19 55 28 45 53 3 4 23 63 57 21 14 41 15 39 25 20 2 5 9 48 43 35 64 6 17 7 24 27 40 52 32 51 11 42 46 13 49 29 58 36 60 12 38 
44 43 23 41 54 14 52 37 61 38 45 58 20 53 27 8 22 36 24 56 7 47 64 57 39 9 31 1 15 19 63 6 28 4 42 29 25 55 59 18 5 35 48 62 21 16 49 12 2 11 26 10 30 34 32 3 50 17 51 46 33 40 60 13 
26 5 47 11 7 60 27 34 63 21 12 23 19 13 64 59 2 17 16 29 33 54 18 38 44 37 55 8 40 30 46 51 22 35 52 39 32 53 15 45 6 28 31 42 43 1 3 10 9 57 62 50 24 61 49 58 41 14 25 4 56 48 20 36 
32 29 6 51 2 10 39 62 41 52 1 46 56 15 35 18 55 20 42 31 11 28 63 9 24 14 48 36 50 61 26 21 33 30 12 34 5 57 49 37 13 25 47 22 53 54 4 58 8 45 38 59 44 17 40 60 7 64 23 16 27 19 3 43 
12 46 63 3 18 13 30 19 6 22 37 57 39 49 47 17 10 25 60 8 32 35 44 34 59 27 11 16 64 29 54 53 9 51 40 61 56 36 1 21 45 15 33 7 26 38 20 50 41 5 48 52 4 43 14 23 42 28 62 31 55 2 58 24 
8 22 17 28 50 61 38 49 60 48 40 3 10 43 4 5 41 30 12 14 6 39 59 21 57 58 33 42 62 25 18 47 54 63 27 20 16 44 31 23 52 51 56 32 11 24 2 37 13 36 46 7 64 55 29 19 53 9 15 26 34 35 1 45 
33 59 25 1 21 64 40 15 36 24 50 28 42 31 62 9 13 58 45 4 48 51 19 49 52 23 12 41 34 20 5 43 60 17 8 2 38 26 7 3 61 46 30 29 63 57 14 55 18 16 35 56 53 27 22 39 37 10 47 54 11 32 44 6 
45 58 16 53 24 31 56 55 29 44 54 14 26 34 2 7 23 3 50 37 40 52 61 1 4 38 35 32 49 60 22 13 47 43 46 62 48 64 10 11 59 9 17 8 41 27 36 19 15 28 51 25 6 42 20 33 57 5 63 39 18 21 30 12 
20 4 9 57 48 35 42 36 25 30 16 11 55 33 32 51 15 43 26 27 62 46 5 53 7 2 56 17 3 28 10 45 19 13 58 6 41 14 50 24 60 23 40 39 34 64 44 18 47 31 1 12 21 54 37 63 61 8 22 38 59 49 29 52 
42 27 22 56 32 33 62 44 7 5 55 35 9 51 18 28 30 60 63 21 49 8 16 47 10 20 14 15 12 52 40 29 43 50 13 19 23 11 45 54 4 64 36 61 37 58 6 59 1 24 25 38 39 3 53 17 48 57 34 2 46 31 41 26 
52 61 20 18 55 16 24 17 21 6 59 47 25 46 43 39 32 12 38 44 2 34 51 41 22 28 30 9 58 56 31 60 62 53 64 48 26 15 3 4 40 14 10 1 57 29 35 54 37 27 45 5 7 49 13 8 36 50 33 19 42 63 11 23 
19 49 46 45 8 21 48 28 22 1 33 42 52 57 38 63 18 4 40 6 35 27 15 59 55 54 3 62 37 64 47 61 24 34 14 31 9 29 39 36 17 2 26 25 44 23 5 41 30 12 58 20 60 51 11 50 43 16 13 7 53 10 32 56 
41 10 7 12 13 1 6 59 48 26 61 34 53 54 24 58 9 56 19 46 31 50 20 36 33 25 5 2 38 35 27 57 55 44 16 60 52 49 30 40 3 39 8 63 45 21 42 11 32 18 23 4 22 64 43 47 62 51 17 29 28 15 37 14 
31 51 2 26 3 34 14 54 11 10 29 56 4 60 8 36 43 45 37 39 64 24 33 5 50 6 13 21 23 7 19 32 17 18 59 41 47 63 35 22 28 12 53 38 27 9 16 49 42 46 55 48 57 15 44 62 40 52 58 20 1 30 25 61 
38 35 50 36 29 39 25 9 16 45 23 64 41 32 3 13 62 11 61 52 55 22 53 58 17 26 44 18 46 48 8 59 37 20 7 1 21 28 42 57 33 34 51 47 15 30 43 60 19 10 63 2 40 56 31 14 4 24 49 12 6 27 5 54 
47 53 40 64 60 63 23 57 49 62 15 37 14 30 19 12 17 42 54 7 28 13 25 29 16 43 24 11 45 4 1 41 10 61 2 5 27 46 51 58 22 32 20 52 31 56 50 48 6 26 33 21 35 36 9 34 3 44 18 8 39 38 59 55 
5 30 11 58 37 43 15 4 50 31 44 17 40 2 20 27 3 14 48 23 57 1 26 10 49 53 36 63 51 34 39 42 32 8 6 33 12 56 25 38 19 18 13 24 7 62 55 46 59 52 54 29 28 16 61 41 22 60 9 21 35 47 45 64 
35 52 53 50 22 11 16 40 38 60 24 29 63 28 23 62 61 37 15 25 43 36 9 32 18 39 51 19 48 6 4 5 3 47 55 21 17 13 54 27 31 59 41 30 64 7 45 56 49 58 34 42 14 10 33 1 2 46 12 44 20 26 57 8 
61 12 59 39 56 46 58 1 20 41 30 9 11 3 7 2 42 48 57 45 47 14 17 54 62 63 64 25 44 10 60 35 29 32 31 36 18 8 6 15 24 55 50 19 4 51 26 13 38 37 40 28 5 23 52 53 49 34 43 22 16 33 27 21 
2 47 48 30 64 54 28 41 42 33 8 45 27 52 21 31 19 13 58 49 10 38 39 63 36 56 16 14 55 12 32 3 4 26 44 57 46 43 11 59 34 53 37 5 20 40 15 23 35 51 22 24 9 60 7 18 17 29 50 62 25 61 6 1 
23 26 4 25 57 51 31 18 19 17 10 54 61 56 1 55 12 8 22 34 41 2 7 33 27 29 15 58 20 24 9 28 50 49 30 35 63 60 37 42 36 62 46 44 52 47 21 3 64 48 43 16 59 6 45 32 14 13 40 5 38 53 39 11 
55 15 42 5 27 37 20 32 51 40 18 26 43 4 59 44 24 16 64 50 3 62 21 6 23 13 53 49 41 47 33 34 12 38 1 22 2 52 9 25 8 57 60 10 61 14 58 63 11 29 17 46 54 31 39 56 35 19 36 45 30 28 7 48 
3 38 29 8 17 49 33 60 53 13 5 22 16 35 46 37 51 59 55 18 44 20 1 4 45 40 43 31 57 26 11 50 7 28 10 14 24 34 23 39 12 42 2 27 9 6 48 25 61 30 21 62 36 47 19 15 32 63 41 56 54 52 64 58 
36 9 13 44 34 6 43 63 58 50 64 39 49 47 25 14 60 52 30 35 56 5 31 27 38 42 21 7 17 22 61 46 45 48 62 16 53 19 40 41 11 54 28 18 32 33 1 29 12 55 57 8 2 20 3 26 51 23 10 37 15 59 24 4 
24 14 19 62 10 45 21 7 57 34 36 15 32 48 12 6 11 46 23 53 29 26 40 28 8 1 2 59 52 37 30 54 58 56 5 51 64 20 33 61 49 17 16 35 39 43 38 22 25 50 41 63 13 4 27 44 60 42 55 18 31 9 47 3 
56 13 52 48 1 27 8 24 43 61 46 4 18 62 11 33 53 40 2 42 59 15 32 31 6 50 23 54 26 58 25 38 20 45 3 49 36 51 19 60 47 37 5 21 22 55 12 28 17 63 44 35 10 57 64 7 34 30 39 41 9 16 14 29 
17 31 10 7 63 50 5 42 13 3 52 41 6 44 29 15 45 26 28 58 20 25 27 51 64 8 19 34 4 16 62 55 2 23 57 9 39 21 38 32 14 48 49 60 30 53 61 1 36 54 37 40 33 12 46 43 18 47 59 11 24 56 35 22 
22 16 21 4 49 38 60 6 40 64 39 8 57 59 55 45 36 23 47 5 9 63 43 46 28 24 7 44 18 2 13 1 56 54 25 37 29 41 26 62 35 27 15 50 10 20 34 33 52 3 14 31 61 19 30 11 58 12 42 32 17 51 48 53 
11 25 35 40 41 9 54 26 37 58 14 5 24 12 22 19 50 49 4 1 61 57 3 13 32 47 46 30 39 63 51 56 64 42 34 27 7 16 55 28 44 8 6 45 59 52 62 17 20 23 60 53 29 48 18 38 21 31 2 33 10 43 36 15 
14 37 18 59 45 58 3 23 9 7 35 63 51 20 42 54 44 64 34 55 8 33 10 16 31 21 52 53 29 15 43 12 61 22 48 30 6 40 4 17 38 41 57 46 25 11 56 36 24 39 2 27 47 32 5 49 28 26 60 1 13 50 19 62 
62 44 51 2 46 32 55 61 30 27 53 50 34 36 60 23 35 19 29 24 54 17 12 18 42 49 45 40 22 14 20 48 8 10 47 11 43 1 63 33 58 16 4 31 13 26 39 64 28 9 59 15 56 41 6 21 5 38 7 25 3 57 52 37 
43 36 39 20 47 15 12 29 32 28 49 25 21 10 31 16 38 6 56 30 60 11 48 22 41 57 37 35 5 3 17 33 52 14 50 59 58 18 53 13 54 63 7 23 24 19 9 2 26 42 4 1 34 45 62 51 55 61 64 27 8 44 40 46 
28 57 64 34 33 19 53 30 17 56 2 38 1 26 48 47 14 41 7 62 39 21 52 37 11 36 60 27 61 9 59 10 5 12 15 44 35 31 24 46 18 29 43 40 3 42 32 51 50 22 16 13 25 8 58 55 54 45 4 49 23 6 63 20 
################proper############## 

 average_time = 7.741668 

 success runs = 1 

 total average iters = 124808.000000 
