Success!!! 
 
 max_col = 
 64 
 
 run_time = 
 16.954176 
 
 once iters = 
 500653 
 
62 24 16 22 47 38 45 46 48 64 53 23 39 6 40 54 14 43 42 56 4 8 17 51 33 57 31 5 11 27 26 58 15 63 50 32 9 30 60 41 3 13 1 61 35 20 12 10 28 52 18 55 29 25 7 37 49 34 44 19 21 2 59 36 
35 40 39 4 32 55 58 44 30 63 8 31 13 42 26 29 50 6 61 34 28 5 46 47 22 12 59 25 23 49 52 45 14 36 19 18 53 56 10 62 51 16 60 7 64 57 27 21 54 1 9 41 2 11 33 43 3 37 24 17 15 20 48 38 
63 19 6 9 17 36 60 26 32 2 46 5 59 11 22 27 52 12 62 20 54 3 10 58 7 16 15 8 18 35 53 4 13 21 51 1 43 25 39 34 41 37 23 29 50 49 24 38 48 40 14 45 44 31 30 56 33 61 47 64 57 55 28 42 
52 56 53 18 27 8 37 50 28 14 45 12 43 9 33 3 49 19 22 57 48 63 13 41 1 21 39 62 2 64 61 17 20 38 24 5 7 44 55 29 34 31 25 15 47 26 42 30 23 58 36 59 46 4 60 6 35 51 16 10 11 54 32 40 
14 28 1 42 20 48 41 29 10 58 44 38 61 25 16 49 21 40 26 32 39 59 53 15 46 60 55 13 36 63 34 30 52 6 17 54 31 2 37 47 4 11 8 19 62 43 18 33 50 5 24 57 51 35 64 3 23 45 12 27 9 7 22 56 
61 64 51 54 2 13 10 59 15 35 62 56 21 17 24 7 44 36 9 37 31 27 11 30 6 41 28 20 19 43 42 48 22 23 33 4 45 3 49 57 58 63 39 5 55 46 14 40 26 34 47 53 32 12 16 38 18 8 25 60 50 52 29 1 
30 11 31 7 21 43 33 49 57 47 60 34 55 36 19 18 24 64 29 25 38 45 23 1 50 3 40 9 37 54 44 51 8 61 28 26 12 59 16 35 2 17 56 48 32 53 22 52 15 62 13 27 20 39 42 10 46 5 41 4 58 6 14 63 
34 5 25 57 12 3 23 15 51 1 41 52 50 4 37 20 60 7 35 16 2 55 18 33 14 32 10 47 29 24 38 56 40 58 27 42 11 48 46 64 28 44 6 59 54 9 36 45 22 61 63 19 8 17 21 49 30 62 31 26 53 43 13 39 
39 51 12 61 62 40 35 10 19 17 52 36 3 59 29 57 58 14 50 38 63 30 49 44 27 15 64 42 5 56 28 9 11 43 45 46 33 24 7 6 55 1 53 25 20 22 16 26 37 2 31 48 21 54 23 47 34 18 13 32 4 8 60 41 
24 48 42 52 29 21 6 43 35 60 18 1 20 23 8 61 34 46 27 11 16 4 47 59 63 13 3 32 50 38 25 44 31 17 54 2 37 26 5 28 40 14 7 33 9 41 58 15 36 12 55 51 30 45 22 57 53 39 56 49 64 10 19 62 
5 7 44 36 38 50 3 64 39 9 12 11 26 37 25 2 10 41 51 62 8 22 31 45 54 18 21 57 33 1 43 14 49 52 55 35 32 58 48 27 56 34 30 4 13 47 60 17 6 29 19 40 53 24 46 61 63 15 20 28 42 16 23 59 
37 59 54 33 57 15 34 27 42 41 31 40 6 43 14 30 13 1 28 55 61 21 29 53 49 26 36 48 4 19 2 46 44 51 60 12 8 16 20 39 52 45 5 62 18 23 11 3 56 63 7 64 10 58 25 32 17 47 38 9 24 35 50 22 
22 32 17 58 16 60 19 20 34 13 4 45 44 28 38 56 7 39 6 35 43 48 2 5 55 47 41 51 24 12 23 62 18 59 53 61 40 9 30 14 64 27 63 10 21 54 57 42 33 50 8 52 49 26 15 1 31 29 37 25 36 46 11 3 
28 55 13 26 23 45 18 9 49 22 15 7 16 63 58 48 3 25 12 17 32 57 60 20 31 53 6 52 10 40 29 8 64 4 21 47 36 19 41 56 24 38 61 37 51 35 50 46 59 44 39 42 43 34 62 11 14 33 1 30 27 5 54 2 
56 53 2 1 25 31 30 14 47 10 32 51 46 64 54 50 40 18 24 15 33 52 37 9 58 35 61 11 60 17 20 59 34 3 63 57 22 62 42 23 12 36 19 39 6 8 29 49 16 41 28 4 38 5 27 13 45 7 48 55 44 26 43 21 
46 47 11 49 63 4 8 41 27 24 33 21 62 5 53 55 56 42 36 23 64 19 54 26 16 30 7 39 45 34 22 37 38 15 25 29 1 13 50 10 44 48 32 43 31 59 28 2 18 60 35 3 17 20 9 14 40 58 6 57 52 61 51 12 
9 29 18 51 45 44 54 11 55 5 36 6 52 26 39 4 61 24 25 64 56 58 1 32 35 59 37 30 41 33 48 53 10 27 22 15 47 34 40 16 13 49 38 2 42 12 3 14 46 8 21 31 57 62 19 23 28 50 63 7 17 60 20 43 
10 31 5 62 6 46 55 48 29 27 56 2 54 8 51 22 23 44 41 28 14 35 34 42 26 9 43 19 57 21 60 64 61 39 18 3 49 11 4 7 53 50 33 40 63 32 17 37 13 24 52 16 12 47 59 20 36 30 58 1 38 15 45 25 
47 3 41 40 7 58 27 37 17 49 30 42 25 32 45 13 43 31 39 36 52 9 4 63 15 61 5 2 44 16 18 6 50 24 38 60 20 29 59 46 1 23 54 51 57 62 35 64 14 56 22 34 48 28 11 53 10 21 8 12 55 19 26 33 
16 36 64 25 61 57 59 4 11 18 19 24 9 33 23 43 2 53 17 50 62 51 30 37 10 52 42 56 14 47 8 38 35 45 1 58 21 32 12 54 29 20 22 28 39 44 55 41 7 6 49 63 5 15 26 60 13 40 3 31 48 34 46 27 
1 43 34 17 19 20 14 28 44 53 48 37 10 57 50 41 33 59 15 49 12 40 3 60 62 22 58 29 13 46 24 54 25 9 5 6 42 36 63 55 31 8 45 26 27 21 4 7 32 35 64 30 39 38 2 51 16 11 61 18 23 56 47 52 
15 12 63 21 53 35 26 39 20 46 14 64 31 58 59 47 29 8 16 27 18 54 38 48 40 1 25 55 32 23 11 7 28 13 56 51 2 43 62 33 60 19 10 30 52 34 6 61 45 36 37 17 42 50 3 4 57 24 9 41 22 49 5 44 
49 13 32 24 50 23 42 33 21 16 40 61 60 38 63 1 22 26 11 45 47 6 19 7 12 39 20 34 28 51 17 3 30 57 52 8 64 37 44 31 46 43 36 18 48 15 5 56 41 27 10 9 25 55 54 58 2 14 4 29 62 59 35 53 
8 30 60 38 52 22 2 56 3 7 35 62 28 34 15 12 20 55 57 46 13 10 5 21 4 31 27 36 63 45 49 50 26 41 23 48 17 14 53 19 47 9 58 16 11 24 25 59 29 18 61 43 1 40 44 33 6 42 64 54 39 32 37 51 
27 60 33 46 10 16 29 24 41 52 28 25 49 53 44 8 54 58 55 31 57 34 12 17 23 37 51 40 22 30 64 20 42 26 32 21 18 4 14 3 43 62 35 1 59 48 19 39 9 11 2 47 56 6 13 15 7 36 5 61 63 45 38 50 
13 37 52 6 58 34 48 18 16 3 23 54 19 2 46 17 4 5 1 22 60 11 40 36 39 45 26 43 27 32 15 47 41 33 57 63 55 38 51 61 30 64 44 50 12 56 8 9 21 49 42 14 7 53 28 62 29 20 10 59 35 25 24 31 
7 42 14 20 9 47 25 61 38 56 27 13 32 15 31 24 41 28 30 39 21 43 52 49 8 6 12 33 34 44 3 63 1 40 35 62 58 10 23 17 54 22 4 60 2 11 37 53 55 51 5 50 45 29 36 59 19 16 26 46 18 48 64 57 
19 44 26 55 22 59 62 17 4 50 57 47 36 45 20 5 42 27 23 9 3 33 35 64 56 2 46 58 53 10 7 60 43 11 13 25 48 8 34 49 61 18 24 14 28 6 63 29 1 30 40 38 16 52 41 31 51 32 21 37 54 39 12 15 
64 57 50 5 54 49 43 36 9 39 11 60 35 12 62 59 32 15 63 8 45 46 26 6 25 38 1 18 52 61 14 21 29 53 16 24 56 47 28 37 33 41 31 13 40 7 51 20 19 17 3 44 58 22 10 48 27 4 55 34 30 42 2 23 
40 15 23 45 28 1 12 35 33 30 26 48 18 21 43 37 47 13 14 51 29 2 61 16 41 4 11 54 59 31 62 5 19 64 36 20 6 7 9 50 38 42 27 55 49 58 10 57 39 46 25 60 24 32 63 34 56 44 52 22 8 53 3 17 
2 38 21 53 4 30 56 51 6 55 63 29 1 40 61 34 62 10 37 18 7 20 44 25 42 28 35 24 16 48 50 19 60 31 39 59 52 54 45 22 17 32 15 46 3 5 47 36 64 23 57 33 26 27 12 8 11 43 14 58 13 9 41 49 
32 41 3 11 31 63 39 8 58 42 51 22 64 10 7 14 19 56 48 59 50 53 24 38 57 29 17 49 55 36 9 13 5 2 44 30 46 27 15 12 21 25 16 52 34 45 26 23 20 43 54 61 35 37 4 18 62 60 40 33 28 1 6 47 
43 17 10 28 56 7 38 30 50 33 59 41 4 54 27 21 5 37 18 63 19 25 22 2 29 49 34 23 61 57 47 55 32 42 46 9 35 1 26 51 11 58 3 8 14 39 45 13 44 15 16 24 31 48 6 36 20 52 53 40 12 64 62 60 
36 35 45 15 11 37 16 62 7 57 24 44 34 39 28 26 6 17 54 13 55 56 33 4 20 40 9 60 21 25 32 41 53 29 64 22 23 18 3 43 50 12 51 63 38 52 46 27 42 10 58 49 59 1 47 5 61 19 30 2 14 31 8 48 
50 8 57 27 18 33 52 58 2 15 9 55 17 14 5 42 48 61 3 30 35 62 39 31 36 10 19 38 46 53 12 22 24 28 47 40 25 63 6 45 20 56 41 34 44 16 59 60 43 13 29 54 11 23 51 64 37 49 32 21 7 4 1 26 
23 21 47 60 55 12 40 2 22 25 16 20 63 18 3 46 64 38 45 53 49 7 32 8 37 50 52 27 6 59 1 43 62 44 31 39 13 5 61 11 15 30 29 36 19 10 48 54 34 33 4 26 28 14 17 9 41 35 57 56 51 24 42 58 
20 39 4 59 44 54 49 63 12 40 6 35 47 61 11 53 26 29 34 1 27 36 51 23 64 48 14 15 8 13 30 31 16 56 37 50 41 17 2 58 32 57 55 42 24 25 21 28 62 19 60 7 22 46 52 45 5 38 33 43 3 18 10 9 
26 61 48 32 14 6 24 19 8 51 1 10 30 13 52 45 28 47 59 42 11 12 16 40 5 63 44 35 58 39 56 2 27 54 15 49 4 20 21 60 62 7 9 31 22 33 64 43 25 3 38 37 18 57 53 41 50 55 17 36 29 23 34 46 
3 1 29 31 46 64 5 34 37 23 43 58 56 62 48 32 57 9 44 41 20 60 50 24 28 17 33 7 51 11 16 42 36 55 14 19 10 52 38 8 49 4 26 6 53 61 40 18 12 21 27 39 63 30 35 2 47 22 59 45 25 13 15 54 
53 22 9 41 13 42 51 25 60 31 49 19 38 29 36 64 46 21 10 43 58 14 15 52 3 24 62 4 54 18 45 26 33 30 59 7 34 12 57 48 23 5 2 47 17 37 1 35 8 32 20 56 40 61 55 50 44 27 39 16 6 28 63 11 
29 50 43 23 40 62 21 1 36 8 58 9 53 51 56 44 12 30 49 5 41 37 27 3 2 19 60 14 64 4 10 18 39 16 26 34 24 46 33 13 6 54 47 22 45 28 38 32 35 7 59 25 55 63 57 52 48 17 42 15 20 11 31 61 
44 18 7 2 33 39 11 60 52 48 21 16 27 55 13 23 38 57 20 6 53 61 14 54 30 5 45 46 35 3 37 32 47 50 4 56 15 28 43 40 42 59 64 12 58 19 9 63 17 22 51 10 62 8 31 26 25 1 49 24 41 29 36 34 
51 34 19 37 15 32 20 38 5 62 17 28 40 7 12 6 18 2 58 48 44 24 8 43 47 55 13 63 56 22 54 16 57 60 61 52 27 31 25 30 36 26 49 23 29 4 39 1 11 64 33 21 14 41 50 42 59 46 35 53 45 3 9 10 
57 9 55 63 59 14 13 45 54 29 38 30 15 35 41 10 25 23 21 4 17 47 56 46 61 33 53 50 40 26 31 24 6 37 12 36 62 49 1 42 18 52 11 20 60 3 7 44 58 48 32 28 34 16 39 19 64 2 22 8 43 51 27 5 
25 58 30 12 35 56 28 5 31 45 64 26 42 22 47 11 1 62 19 29 9 15 55 50 34 44 57 41 17 20 59 39 3 8 7 10 63 21 32 2 37 53 48 24 16 14 33 51 27 4 43 46 36 49 61 54 52 23 18 13 60 38 40 6 
42 54 22 10 49 52 17 53 61 37 25 43 57 20 1 60 16 32 40 33 59 31 64 39 11 23 29 12 62 7 27 36 51 48 41 55 14 35 19 38 5 46 34 21 8 13 2 50 3 45 15 6 9 44 18 24 26 56 28 63 47 58 30 4 
4 46 24 8 3 27 64 31 18 34 39 50 33 49 32 63 51 60 52 26 36 13 45 35 9 25 38 28 48 42 6 15 59 22 58 11 29 23 17 5 10 40 57 41 61 55 43 62 2 53 1 12 47 56 20 30 21 54 7 14 16 37 44 19 
48 6 61 16 41 26 36 47 46 59 2 14 24 3 4 19 11 22 7 10 42 28 63 34 43 58 8 21 1 52 51 49 45 18 20 53 44 64 54 9 35 15 17 27 56 30 31 25 38 37 23 5 13 60 40 29 12 57 50 62 32 33 39 55 
55 52 59 44 51 61 32 16 13 54 47 46 11 56 42 15 8 63 4 19 25 49 48 10 17 14 50 31 12 6 36 27 37 20 29 43 57 39 18 53 7 24 28 45 33 2 23 22 40 38 41 62 60 3 1 21 9 26 34 35 5 30 58 64 
60 20 8 39 43 19 9 3 63 36 34 49 14 16 17 62 55 54 2 7 6 38 57 61 48 51 23 22 42 58 5 35 4 1 30 27 28 50 64 59 26 21 40 53 25 29 52 12 24 31 11 32 33 10 37 44 15 13 46 47 56 41 18 45 
6 2 28 13 1 18 4 22 45 19 10 32 48 44 30 51 37 34 46 3 5 39 62 29 53 54 47 61 38 60 57 25 21 7 9 41 16 33 11 24 63 35 14 56 15 27 49 58 52 26 17 23 50 64 43 12 42 31 36 20 59 40 55 8 
17 10 62 14 36 11 50 57 43 4 3 33 23 31 21 25 27 51 13 58 15 42 20 18 24 56 2 26 7 29 46 34 12 47 40 44 54 45 52 32 9 60 37 64 30 1 41 8 61 55 48 35 6 59 5 16 39 63 19 38 49 22 53 28 
54 26 35 47 30 24 46 12 40 61 37 8 22 50 57 38 53 33 31 21 1 44 59 28 13 64 16 45 49 41 19 11 55 34 2 17 60 6 58 15 39 51 20 32 5 36 62 48 63 42 56 18 4 9 14 7 43 25 23 3 10 27 52 29 
21 45 49 29 34 5 53 42 1 12 55 59 7 27 6 9 36 50 60 52 24 64 41 14 18 62 32 44 39 28 63 40 23 35 8 13 3 22 56 26 19 47 43 38 10 17 61 31 30 20 46 15 54 2 58 25 4 48 11 51 37 57 33 16 
58 63 40 56 37 41 31 23 53 26 29 39 5 60 64 35 17 16 47 12 30 32 9 11 52 20 4 59 43 15 33 1 48 10 62 38 19 42 36 25 57 3 13 44 46 18 54 55 49 28 34 8 27 51 45 22 24 6 2 50 61 21 7 14 
33 27 38 64 48 25 15 7 24 28 20 18 41 52 2 58 35 45 56 40 26 23 43 22 21 8 30 3 9 37 55 10 46 5 49 14 51 61 31 63 59 6 42 11 4 50 34 16 47 57 53 13 19 36 29 39 54 12 60 44 1 62 17 32 
59 23 56 35 5 53 47 32 25 38 13 3 51 30 10 31 63 48 43 14 46 41 36 19 44 7 22 1 26 55 4 28 54 49 34 16 39 60 24 18 45 29 21 17 37 42 15 6 57 9 12 2 52 33 8 27 58 64 62 11 40 50 61 20 
18 14 36 19 24 28 1 52 62 6 5 53 8 41 60 16 45 49 32 54 34 17 25 55 51 42 48 64 30 2 40 29 9 12 3 37 61 57 22 44 27 33 59 58 43 31 13 11 4 47 50 20 23 7 56 46 38 10 15 39 26 63 21 35 
12 25 20 48 39 10 22 6 14 32 61 27 29 1 9 52 31 35 64 44 37 18 28 13 59 11 49 53 15 62 58 33 7 46 42 45 5 51 47 4 8 2 50 54 26 40 56 34 60 16 30 36 3 21 38 63 55 41 43 23 19 17 57 24 
31 16 58 50 42 29 44 40 56 20 7 15 12 47 18 28 9 4 53 60 10 26 21 27 45 34 24 37 3 5 39 57 2 32 11 64 38 41 8 52 25 55 46 35 23 63 30 19 51 14 62 1 61 43 48 17 22 59 54 6 33 36 49 13 
11 4 46 30 64 9 61 13 26 44 50 63 2 48 49 40 15 3 38 47 23 1 6 56 60 36 18 10 25 14 21 52 17 19 43 33 59 55 27 20 22 39 62 57 41 51 53 24 31 54 45 58 37 42 32 35 8 28 29 5 34 12 16 7 
45 62 37 34 26 51 57 21 59 11 42 17 58 24 35 39 30 20 33 2 40 29 7 12 38 43 54 6 31 8 41 23 63 14 10 28 50 53 13 36 16 61 52 3 1 64 32 4 5 25 44 22 15 19 49 55 60 9 27 48 46 47 56 18 
38 49 27 3 8 2 7 55 64 43 54 57 45 19 34 33 59 52 5 61 22 16 58 62 32 46 63 17 20 50 35 12 56 25 6 23 30 15 29 21 48 28 18 9 36 60 44 47 10 39 26 11 41 13 24 40 1 53 51 42 31 14 4 37 
41 33 15 43 60 17 63 54 23 21 22 4 37 46 55 36 39 11 8 24 51 50 42 57 19 27 56 16 47 9 13 61 58 62 48 31 26 40 35 1 14 10 12 49 7 38 20 5 53 59 6 29 64 18 34 28 32 3 45 52 2 44 25 30 
################proper############## 

 average_time = 16.954176 

 success runs = 1 

 total average iters = 500653.000000 
