Success!!! 
 
 max_col = 
 64 
 
 run_time = 
 23.008614 
 
 once iters = 
 701129 
 
27 46 17 14 4 52 26 29 35 45 23 53 3 7 58 33 40 13 28 48 30 25 1 39 31 12 21 5 43 19 56 24 11 44 16 54 63 42 34 15 6 32 49 57 59 22 60 18 10 9 36 8 61 51 2 62 41 20 47 38 55 37 50 64 
13 50 60 33 58 30 16 3 48 40 21 9 12 19 59 56 17 29 55 34 57 15 26 5 20 38 18 42 54 41 47 6 45 61 27 53 22 23 32 4 28 43 64 62 7 10 8 46 44 24 11 52 35 14 31 37 49 51 39 2 25 1 36 63 
62 48 15 8 7 5 41 6 51 11 20 60 34 36 54 1 27 64 33 58 32 9 43 22 28 55 44 49 37 2 57 61 35 10 56 31 24 59 19 38 30 45 29 47 25 42 21 63 53 39 50 13 18 3 17 46 12 4 52 40 16 26 23 14 
61 24 31 19 9 35 44 36 41 22 57 64 13 25 10 16 52 50 51 2 53 11 49 18 46 60 34 7 45 30 33 4 5 1 21 47 17 28 8 14 39 37 20 3 12 23 54 40 59 42 56 55 26 38 6 63 43 27 48 29 58 15 62 32 
64 51 40 21 11 28 45 47 38 46 31 4 8 52 27 44 37 35 42 60 6 63 16 19 29 23 10 59 62 50 39 3 20 18 33 57 41 7 55 26 61 53 9 36 15 1 14 2 25 58 49 48 32 5 12 43 22 56 30 17 13 54 24 34 
43 37 54 39 63 57 12 22 24 55 29 30 5 18 26 14 56 4 23 45 47 3 10 59 35 32 52 13 1 36 11 9 25 51 48 2 62 49 50 6 44 17 41 31 38 19 34 58 20 64 15 7 28 16 40 27 46 33 60 53 61 42 21 8 
32 1 56 2 18 25 59 55 37 47 43 50 42 17 62 49 24 8 20 36 61 38 54 7 22 40 58 53 14 15 51 63 46 12 52 3 13 64 39 60 27 4 11 16 26 48 5 35 33 57 30 21 23 41 29 34 19 45 10 31 28 9 6 44 
34 20 53 38 42 10 23 49 39 63 6 32 2 61 15 28 46 41 12 62 14 21 31 44 17 25 8 16 48 26 64 27 36 58 9 30 40 37 43 29 33 50 13 56 52 24 51 55 4 60 47 1 22 19 54 45 18 57 59 11 35 3 5 7 
38 33 27 29 39 26 37 32 9 57 22 42 64 4 14 58 41 43 10 25 21 28 20 2 13 61 50 34 7 62 5 56 52 49 24 15 48 1 16 30 35 55 12 17 3 31 36 6 54 23 51 60 8 45 53 18 11 59 19 44 63 46 47 40 
53 35 64 17 12 24 21 58 47 7 55 34 54 60 49 61 30 56 52 27 11 8 51 36 38 46 42 15 26 63 48 32 14 6 44 43 25 9 62 3 1 22 4 33 5 20 41 45 19 16 59 40 31 37 13 39 28 50 2 10 57 18 29 23 
5 13 34 62 55 19 31 59 1 28 18 43 6 24 32 35 7 46 54 29 15 26 12 33 4 44 45 21 3 53 60 40 63 50 8 23 42 2 38 57 58 11 30 51 9 16 10 27 61 17 25 64 47 36 52 48 37 41 14 39 22 49 20 56 
63 4 42 9 25 48 18 20 15 59 26 10 16 12 19 11 44 39 38 40 23 47 53 64 30 14 57 27 31 55 43 35 58 37 7 60 36 21 51 41 2 61 50 54 29 28 46 56 62 3 32 49 33 6 5 22 52 17 13 34 45 24 8 1 
54 44 16 1 40 14 11 41 53 56 45 23 52 39 37 8 50 34 32 31 18 22 59 48 24 28 12 9 51 29 19 36 4 64 5 17 46 61 27 10 43 13 25 63 21 57 47 49 30 7 20 58 38 55 15 2 35 26 3 62 42 33 60 6 
49 28 2 3 30 51 57 7 40 36 25 5 29 50 38 41 13 62 1 42 35 58 55 61 11 54 17 23 6 8 37 10 18 32 47 33 19 22 45 20 60 59 52 24 39 14 44 48 21 43 46 26 63 34 4 56 27 9 15 64 31 12 53 16 
6 15 43 52 56 60 10 50 2 27 48 46 20 31 33 51 45 19 3 63 37 14 17 9 59 22 64 47 16 49 18 58 13 34 53 39 35 12 54 55 26 7 42 40 8 62 23 32 28 41 1 44 57 24 11 29 25 21 38 30 5 36 4 61 
46 36 47 61 22 23 8 45 13 17 62 44 21 3 30 63 57 49 24 16 4 6 5 60 2 41 20 25 52 39 1 33 59 29 31 28 56 40 26 11 34 19 53 18 64 37 38 15 9 14 10 35 12 42 27 50 7 48 51 55 43 32 58 54 
3 32 20 13 26 49 19 39 50 23 64 17 48 2 12 25 53 6 21 61 59 56 41 31 15 47 35 44 30 40 22 60 51 7 14 1 54 18 29 43 8 27 58 28 63 11 37 10 57 34 33 36 5 46 62 4 24 16 42 45 52 38 55 9 
51 16 55 45 38 62 30 43 20 53 32 57 15 5 9 31 35 18 60 7 63 64 44 28 33 58 61 26 8 56 12 54 40 42 10 37 4 24 59 27 25 46 36 29 41 6 39 50 48 2 13 19 17 1 47 52 34 3 22 14 11 23 49 21 
22 34 24 10 35 27 61 37 26 58 8 1 59 43 45 39 36 33 48 38 46 19 11 42 9 21 4 63 23 64 6 62 55 56 13 16 60 30 2 17 52 3 15 5 44 47 12 20 7 51 28 31 54 25 14 49 40 32 53 18 50 41 57 29 
25 63 9 6 23 47 64 57 16 29 52 49 33 14 36 22 39 54 4 10 40 55 34 1 51 13 43 17 53 20 3 11 8 15 28 46 38 44 21 12 7 26 19 48 45 60 32 62 41 27 24 59 50 18 35 42 31 37 5 58 2 61 56 30 
52 40 18 15 17 46 53 1 27 60 44 21 47 35 51 54 58 2 57 5 62 43 29 37 32 7 24 10 34 45 55 39 31 19 41 36 50 3 6 48 22 64 14 38 33 49 61 42 16 11 9 63 56 8 30 23 59 28 4 20 12 13 26 25 
48 14 5 50 60 42 58 2 34 6 38 56 7 11 18 37 25 3 30 22 51 17 15 8 19 27 41 29 49 28 52 31 61 62 57 45 9 47 23 39 59 35 40 13 24 4 43 16 64 12 26 53 20 32 55 21 1 54 46 63 10 44 33 36 
44 59 4 54 31 56 28 8 42 61 19 24 46 41 13 30 16 45 14 9 20 49 52 12 18 5 38 36 57 48 50 37 32 26 25 11 58 33 53 63 51 23 55 21 17 34 2 1 39 6 29 43 40 10 22 3 47 64 62 7 15 60 27 35 
29 11 41 7 33 21 36 12 28 10 40 55 62 63 4 3 47 27 13 32 24 23 50 26 16 2 14 1 46 59 25 42 49 52 35 22 20 34 5 64 31 57 54 30 56 18 53 9 60 45 37 15 44 58 61 38 51 43 6 8 19 48 17 39 
57 22 1 32 64 11 25 21 6 33 10 39 58 23 43 34 60 24 40 52 54 61 19 45 55 56 62 3 38 46 9 15 7 63 20 44 26 50 12 49 13 47 8 2 42 36 35 37 17 48 27 5 41 4 16 53 14 30 29 28 18 31 51 59 
17 12 13 24 37 2 3 33 25 42 41 8 56 49 11 38 28 22 18 55 10 53 48 20 23 4 7 31 47 58 59 57 30 35 62 32 61 5 46 51 15 34 44 1 6 52 27 29 50 21 39 14 64 26 43 36 63 19 16 54 40 45 9 60 
56 27 50 18 29 44 15 16 31 51 5 63 17 48 64 12 2 14 8 46 36 59 62 13 39 34 6 11 25 43 30 28 54 45 37 52 53 41 60 42 21 49 57 7 58 9 40 61 35 10 23 38 19 33 3 1 4 47 32 26 24 20 22 55 
36 23 58 51 46 55 7 63 59 37 54 13 9 47 44 60 5 12 15 11 38 1 64 4 45 29 49 8 32 35 40 17 19 21 2 48 39 56 57 22 50 16 26 14 53 43 20 24 34 62 31 18 25 52 28 30 3 42 33 6 27 10 61 41 
8 45 38 49 5 61 6 9 46 3 30 18 14 27 24 62 33 16 41 21 58 50 7 34 26 48 13 22 42 54 10 19 15 4 23 29 55 43 47 36 32 51 31 60 11 64 28 59 2 44 57 20 37 56 63 40 53 25 12 35 1 52 39 17 
42 53 62 34 48 59 39 54 4 35 28 20 22 57 29 15 51 23 31 49 26 37 30 47 12 50 60 41 33 52 44 14 38 27 1 58 18 16 24 40 5 63 56 19 10 17 25 3 6 55 45 11 13 9 32 61 21 2 8 36 7 43 64 46 
10 26 30 60 52 20 14 4 19 21 16 2 61 55 53 40 3 32 29 17 43 35 25 57 1 18 63 24 27 5 36 51 64 31 11 9 28 6 13 33 48 12 38 45 46 39 62 41 47 22 58 54 42 59 8 7 44 34 50 49 23 56 15 37 
35 19 28 43 41 31 47 40 36 50 1 7 32 45 52 26 6 44 63 56 9 39 42 27 64 20 2 37 61 21 53 16 3 8 59 14 34 10 17 25 54 18 23 4 30 55 33 22 12 49 60 29 46 15 24 51 57 62 58 13 48 11 38 5 
20 21 59 47 1 36 4 17 45 2 13 54 10 15 61 18 34 26 7 6 39 12 63 14 40 51 37 52 29 16 42 49 9 11 46 55 30 35 58 53 57 60 5 27 31 44 3 64 32 19 41 56 24 43 48 33 23 38 25 22 8 62 28 50 
11 29 44 31 27 39 5 48 30 52 47 14 36 16 56 19 4 9 49 23 64 60 46 3 7 10 32 33 24 38 26 41 34 59 22 61 2 25 15 1 62 54 17 53 28 63 50 8 42 13 18 45 6 40 20 55 58 12 57 37 51 21 35 43 
23 10 57 28 61 7 56 64 60 4 58 29 51 6 22 27 55 40 36 15 44 42 38 52 8 11 31 48 13 1 62 5 12 47 43 19 49 26 14 24 45 2 35 46 16 21 59 33 37 30 3 25 9 50 39 54 17 63 18 41 20 34 32 53 
12 55 8 40 45 63 43 19 5 32 9 26 28 37 34 57 61 53 17 24 1 51 18 25 58 3 23 50 56 47 21 22 60 16 39 6 31 48 20 54 38 42 7 10 13 41 49 30 52 36 2 62 11 35 44 15 33 46 27 59 29 64 14 4 
41 18 6 22 53 38 42 15 8 25 50 40 31 21 46 17 11 47 19 54 33 32 35 30 61 43 9 20 55 12 14 45 37 5 29 62 7 13 64 52 23 48 24 39 36 51 4 34 27 63 16 57 59 28 58 26 60 44 49 1 56 2 3 10 
50 30 49 37 3 32 24 14 23 12 53 62 35 64 42 59 48 20 56 28 16 29 13 43 27 63 46 18 15 17 2 25 41 33 51 38 8 57 44 21 55 9 47 6 40 58 11 26 22 5 4 61 34 60 1 10 39 7 36 52 54 19 45 31 
2 54 25 26 13 16 34 52 3 38 39 33 43 44 63 20 31 57 45 41 5 62 22 58 6 36 59 64 19 60 35 53 50 17 40 27 10 4 18 28 12 29 32 37 1 56 15 14 46 47 7 51 49 21 23 8 42 55 24 61 9 30 11 48 
33 60 46 58 62 9 35 51 49 24 7 11 55 1 41 48 21 10 37 59 8 2 27 50 44 39 30 57 28 4 54 34 23 36 42 63 32 45 3 56 18 20 43 25 22 61 19 52 31 53 17 12 29 64 38 14 15 6 26 5 47 16 40 13 
59 38 7 30 51 37 54 26 44 20 12 47 4 34 23 64 32 21 35 14 25 24 45 62 36 6 19 43 11 10 15 13 39 53 60 56 29 8 61 31 63 1 22 41 2 3 18 28 58 52 48 27 55 49 33 57 16 40 9 50 17 5 46 42 
16 56 29 4 32 53 13 34 55 54 2 36 27 9 50 46 10 60 47 1 3 52 6 11 25 37 28 58 20 57 63 26 22 43 18 40 45 51 30 62 24 31 59 23 19 5 17 39 38 61 14 41 15 12 42 64 8 49 7 21 44 35 48 33 
40 2 61 5 6 8 63 24 43 13 3 58 38 10 60 53 54 31 9 50 28 7 37 51 49 52 56 32 39 33 17 18 44 46 64 20 12 15 48 35 42 62 27 34 14 45 55 57 23 25 19 22 21 47 26 16 36 29 1 4 30 59 41 11 
58 49 39 36 14 41 46 62 56 30 51 16 40 28 21 45 8 59 61 26 55 48 57 15 5 24 22 12 64 9 27 1 42 2 34 7 6 54 10 32 53 38 60 44 37 33 52 43 18 29 35 17 4 11 50 31 20 13 63 23 3 47 25 19 
1 42 22 27 44 17 33 18 52 5 61 41 49 8 7 24 19 63 34 30 29 46 2 38 14 35 3 4 59 51 45 23 28 13 50 25 16 55 36 47 10 58 21 20 48 26 56 11 43 32 40 6 53 39 60 9 62 31 64 12 37 57 54 15 
47 52 45 12 10 43 48 35 14 15 17 25 19 33 57 32 20 42 5 18 56 44 23 53 50 62 16 55 40 31 29 7 21 9 58 4 11 27 41 37 64 8 6 49 51 30 13 54 3 1 34 24 36 63 46 59 61 39 28 60 38 22 2 26 
60 31 23 20 57 50 9 28 63 26 59 48 11 42 39 29 12 58 27 64 22 16 40 49 21 53 54 46 41 34 8 30 33 3 38 5 52 17 1 19 36 15 61 35 4 25 7 47 51 56 44 37 62 2 10 13 32 14 45 24 6 55 43 18 
19 64 21 25 15 3 55 11 62 18 37 31 1 22 35 6 43 36 39 13 41 33 4 17 47 42 48 60 2 44 61 38 24 14 26 59 57 63 49 23 29 40 16 50 32 46 9 12 8 54 5 28 7 30 45 20 10 53 56 51 34 27 52 58 
18 17 10 42 20 45 49 23 57 31 36 59 50 54 3 55 26 30 64 53 52 34 39 56 48 8 33 14 12 24 32 29 2 40 19 21 15 11 35 61 16 28 1 43 27 7 6 4 63 37 38 47 58 44 25 60 5 22 41 9 46 51 13 62 
4 62 48 41 8 29 32 27 21 14 60 61 25 46 47 9 15 55 2 44 50 13 36 63 34 31 40 30 58 22 23 64 43 57 54 10 1 52 56 5 11 39 51 12 20 35 24 19 26 28 53 42 3 7 59 17 38 18 37 33 49 6 16 45 
7 9 36 16 2 34 38 56 29 64 4 15 30 53 28 52 42 51 62 37 17 27 8 41 57 1 5 54 21 11 46 44 6 22 63 49 23 14 25 58 3 33 10 59 47 40 45 60 24 31 43 32 39 13 18 12 55 61 35 48 26 50 19 20 
14 43 11 59 47 13 51 61 12 39 42 45 63 56 48 23 22 5 58 19 60 18 21 32 52 15 55 6 9 3 7 2 16 24 30 26 27 53 37 8 46 44 34 64 50 29 57 38 49 35 62 33 1 20 36 41 54 10 40 25 4 17 31 28 
26 25 63 44 54 58 22 31 11 1 33 19 37 38 40 13 23 48 43 47 45 4 3 16 60 59 39 51 35 42 28 20 17 41 12 50 64 62 9 34 14 56 18 55 49 32 30 5 15 46 8 10 2 61 57 6 29 52 21 27 36 53 7 24 
24 5 12 64 21 6 50 30 32 44 27 35 18 62 8 10 9 28 25 20 31 57 33 46 41 16 53 61 4 37 49 47 48 38 55 42 3 60 7 45 17 36 63 22 54 15 26 13 29 40 52 34 14 23 51 19 56 58 11 43 59 39 1 2 
15 3 37 35 19 1 52 53 22 43 24 6 41 20 16 7 29 38 11 12 49 40 61 10 63 17 26 56 36 18 13 50 47 39 32 51 33 46 28 59 9 25 48 58 62 2 31 23 45 4 55 30 27 54 21 5 64 60 44 42 14 8 34 57 
55 39 33 57 28 40 60 46 17 49 34 51 26 58 2 5 14 1 59 35 7 54 24 6 62 45 25 19 10 27 38 43 29 20 4 18 44 36 31 13 41 21 37 52 61 8 42 53 56 50 22 9 16 48 64 11 30 15 23 47 32 63 12 3 
28 61 19 55 24 12 1 5 33 9 15 38 45 30 20 4 63 11 16 57 13 10 14 23 3 49 36 62 18 6 58 52 27 54 17 64 37 32 42 7 56 41 2 26 35 50 22 51 40 59 21 39 43 53 34 25 48 8 31 46 60 29 44 47 
37 6 26 11 34 18 40 60 7 41 63 3 53 32 5 50 64 52 46 39 27 31 47 55 56 57 51 45 17 13 4 59 62 48 15 35 43 58 22 16 20 10 28 8 23 12 1 36 14 33 61 2 30 29 49 44 9 24 54 19 21 25 42 38 
9 8 32 23 50 4 62 44 54 19 56 28 39 51 25 36 38 61 22 3 48 20 60 35 53 33 29 2 5 14 24 46 1 30 49 34 47 31 63 18 37 52 45 15 43 13 64 21 55 26 42 16 10 27 7 58 6 11 17 57 41 40 59 12 
31 47 14 48 49 33 27 25 10 62 11 12 44 29 1 43 18 7 26 4 42 41 58 40 54 30 15 38 63 32 34 21 56 23 45 8 5 39 52 2 19 6 46 61 57 59 16 17 36 20 64 50 60 22 9 24 13 35 55 3 53 28 37 51 
30 57 52 63 16 15 2 13 18 8 49 22 24 26 17 42 62 25 6 43 19 36 9 21 37 64 1 40 50 7 20 55 53 28 61 41 59 29 4 46 47 14 39 11 60 54 48 44 5 38 12 3 51 31 56 35 45 23 34 32 33 58 10 27 
39 58 3 56 59 22 17 38 61 34 46 27 57 40 55 21 1 37 44 51 2 45 28 54 43 9 47 35 60 23 16 12 10 25 36 24 14 19 11 50 49 30 33 42 18 53 29 31 13 8 6 4 48 62 41 32 26 5 20 15 64 7 63 52 
21 7 35 53 36 54 29 10 64 16 14 52 23 13 31 47 59 17 50 8 34 30 32 24 42 19 27 39 22 61 41 48 26 60 6 12 51 20 33 44 40 5 3 9 55 38 58 25 11 15 63 46 45 57 37 28 2 1 43 56 62 4 18 49 
45 41 51 46 43 64 20 42 58 48 35 37 60 59 6 2 49 15 53 33 12 5 56 29 10 26 11 28 44 25 31 8 57 55 3 13 21 38 40 9 4 24 62 32 34 27 63 7 1 18 54 23 52 17 19 47 50 36 61 16 39 14 30 22 
################proper############## 

 average_time = 23.008614 

 success runs = 1 

 total average iters = 701129.000000 
