Success!!! 
 
 max_col = 
 64 
 
 run_time = 
 12.500999 
 
 once iters = 
 305780 
 
55 61 5 56 64 34 6 35 43 10 20 7 24 44 42 18 48 49 13 38 2 11 63 51 32 14 25 52 57 4 27 21 23 1 54 41 37 46 33 30 28 36 62 60 39 58 53 47 12 19 26 3 17 8 9 16 15 29 22 59 50 40 45 31 
42 9 22 33 47 15 36 39 34 31 53 23 30 41 11 58 50 26 32 54 62 7 5 61 64 28 43 49 24 12 16 46 45 51 4 20 3 13 6 60 55 57 37 1 40 14 29 52 10 25 44 63 59 48 21 27 18 2 56 35 17 19 8 38 
30 24 52 58 23 46 12 43 54 61 45 29 62 59 9 21 31 14 39 25 28 17 27 6 10 42 34 60 47 35 22 37 50 38 19 36 7 64 53 57 32 56 2 8 26 63 49 51 41 40 1 55 15 5 18 11 33 16 48 3 44 20 4 13 
28 14 50 51 63 37 18 3 32 40 13 16 49 56 22 25 1 35 47 53 10 29 60 46 19 61 33 31 55 8 2 20 27 17 43 42 48 59 58 12 45 44 4 38 34 21 5 15 36 54 6 57 62 23 24 52 26 11 7 41 39 9 30 64 
45 16 44 1 38 25 11 57 64 17 4 48 37 15 60 35 59 9 36 42 21 19 18 12 51 5 50 41 29 63 23 6 40 34 62 2 49 52 26 8 10 13 3 24 31 20 30 7 43 39 61 32 22 56 33 46 55 14 28 47 54 27 58 53 
41 54 31 13 10 62 32 48 8 3 1 57 38 2 47 33 15 64 37 40 34 30 56 16 39 26 36 58 17 45 44 18 61 14 28 9 5 55 29 63 59 25 46 22 11 27 19 23 4 20 50 7 51 53 35 49 52 6 60 12 24 21 42 43 
29 21 27 60 59 19 40 2 6 51 14 26 39 36 12 52 58 4 57 20 41 8 55 44 53 30 38 11 48 7 3 54 15 10 56 16 22 25 35 24 42 18 61 17 43 33 50 9 34 31 47 64 37 13 45 28 49 32 62 23 5 63 46 1 
20 8 49 4 26 17 53 7 55 27 19 63 5 50 46 28 52 33 23 45 22 43 24 3 13 15 62 59 1 56 9 40 21 39 11 47 44 32 18 31 48 35 12 16 64 54 6 41 2 42 60 58 38 30 14 29 36 34 57 61 25 37 10 51 
25 50 47 35 55 2 26 5 14 4 58 61 10 38 24 36 27 59 7 56 53 3 29 43 9 17 45 19 23 42 31 12 8 57 44 49 46 54 22 1 33 60 20 32 51 11 63 40 39 13 41 62 18 37 28 15 30 48 34 16 64 6 52 21 
12 27 42 30 16 61 1 53 17 39 22 41 13 33 49 43 2 57 62 6 24 51 45 37 63 40 10 36 46 3 28 60 38 32 15 31 58 50 47 29 52 9 54 55 56 34 21 48 35 59 19 26 7 64 4 5 44 23 14 11 20 18 25 8 
52 59 19 36 62 40 7 24 15 56 9 46 54 64 6 55 32 38 41 35 25 22 26 5 43 37 4 57 18 47 21 48 13 2 27 34 51 11 16 20 58 39 1 14 23 28 42 44 63 10 45 49 29 12 8 30 60 17 53 50 61 33 31 3 
51 23 54 57 22 41 15 56 3 47 60 12 53 26 28 42 11 8 52 31 13 14 44 18 38 27 5 35 39 50 6 25 17 61 9 64 55 63 19 36 43 29 10 59 30 7 24 45 20 16 48 33 40 21 46 34 62 58 1 37 2 49 32 4 
60 49 29 45 28 39 58 17 21 48 37 1 19 32 16 62 64 55 63 23 15 40 12 4 20 34 14 2 7 51 54 61 53 26 33 10 41 30 59 42 18 27 8 46 50 35 38 6 31 3 22 24 44 52 11 25 13 56 36 9 57 43 5 47 
21 3 32 14 11 44 4 10 25 8 59 50 35 30 31 57 47 20 49 1 19 48 34 9 33 64 29 53 13 16 56 26 18 24 7 43 52 60 28 23 15 17 5 41 2 37 36 62 27 6 42 38 58 55 61 51 46 54 40 45 12 22 63 39 
8 43 48 6 31 38 13 18 11 29 5 40 44 63 20 34 33 10 60 39 42 36 46 28 55 1 32 22 30 15 58 52 4 45 14 62 21 37 3 25 53 47 49 12 19 64 16 61 54 17 9 2 56 50 57 23 24 51 27 7 35 59 41 26 
64 63 20 46 37 33 34 9 2 18 27 52 7 45 51 23 16 30 61 58 50 54 21 17 41 44 59 24 11 49 8 62 5 48 35 6 56 12 40 39 25 22 26 4 57 13 3 31 32 14 36 47 53 1 43 60 10 42 15 55 29 28 38 19 
15 29 7 52 5 48 21 6 53 14 51 32 4 35 57 22 46 42 19 36 18 55 58 60 26 12 41 54 37 24 59 49 10 30 1 40 25 3 9 28 56 64 47 31 62 2 13 16 44 50 23 45 63 17 34 8 20 61 39 43 27 38 11 33 
18 37 60 2 40 27 39 62 50 36 46 10 9 49 21 64 29 17 59 43 11 63 28 35 15 32 58 8 38 20 7 57 16 13 34 52 4 19 14 44 23 51 33 30 61 6 41 5 53 26 24 22 42 47 1 3 56 25 31 48 55 45 54 12 
44 32 33 54 12 45 42 16 39 11 61 43 55 62 59 56 26 1 20 27 9 15 31 2 3 48 17 14 4 40 47 28 37 36 6 8 53 18 23 58 35 7 25 52 46 29 57 24 5 60 64 10 41 38 19 21 50 30 63 51 13 34 22 49 
9 1 43 3 61 23 64 59 12 20 34 37 63 8 5 40 14 48 4 21 44 13 30 25 52 31 35 6 42 62 50 55 7 49 2 11 17 41 45 22 38 54 36 10 53 19 39 60 56 51 46 15 28 57 27 33 29 47 32 18 58 26 16 24 
11 36 30 34 50 51 25 14 42 13 24 18 47 7 15 60 39 12 38 37 8 56 41 23 22 19 53 44 61 64 5 16 55 33 20 26 29 27 63 32 4 49 48 45 1 3 28 17 6 62 31 43 54 35 58 2 59 40 21 57 52 10 9 46 
47 46 24 22 19 56 41 49 23 16 31 54 1 3 44 17 53 34 33 7 6 50 51 52 27 45 13 39 10 30 60 29 12 21 5 38 57 61 48 35 26 63 58 11 8 43 40 55 25 32 18 37 9 20 59 4 14 64 2 62 42 15 28 36 
35 58 10 17 53 57 38 13 26 28 41 19 52 25 27 2 5 45 64 32 16 62 49 24 36 43 46 56 63 1 33 9 54 42 59 39 31 47 15 51 21 20 44 34 14 18 22 50 55 48 11 29 12 40 30 61 8 3 37 6 4 7 60 23 
63 31 26 55 4 28 20 8 30 38 29 58 48 6 33 45 40 22 3 10 47 61 57 54 23 25 11 51 21 18 34 2 46 62 60 50 64 24 56 43 9 37 32 15 59 42 12 27 52 7 13 14 16 36 49 39 1 19 35 5 53 44 17 41 
31 17 55 37 14 36 10 26 4 54 28 35 2 9 7 16 24 46 21 19 23 60 62 64 57 29 20 12 44 27 42 50 25 43 38 51 59 40 13 5 1 61 18 49 52 48 11 39 22 47 56 34 30 6 41 58 53 15 8 33 45 32 3 63 
19 38 59 32 57 49 63 52 56 23 3 6 18 24 40 47 44 41 30 12 4 42 33 39 62 53 16 9 14 48 37 8 36 50 29 45 2 15 1 54 7 10 28 43 35 51 25 58 17 21 5 11 27 46 20 31 64 55 61 60 26 13 34 22 
48 60 46 29 43 16 8 27 63 32 38 49 58 13 37 1 35 52 11 34 55 45 40 7 59 4 26 23 56 2 61 5 9 18 30 3 47 28 21 53 36 41 6 20 12 31 64 22 42 33 25 54 57 15 39 14 19 44 24 10 51 50 62 17 
56 30 64 25 21 50 61 42 20 22 26 27 29 12 8 19 49 51 28 57 48 53 15 59 11 33 31 43 58 54 46 13 41 7 52 32 24 39 55 17 34 16 45 9 47 62 4 63 18 23 3 60 10 44 2 38 6 36 5 40 37 1 35 14 
4 7 45 24 13 53 35 22 46 44 43 39 11 34 17 31 25 6 54 18 37 5 9 1 30 3 52 47 49 36 38 51 58 60 12 61 16 10 20 14 8 23 50 42 33 40 15 32 19 63 62 48 64 28 26 55 57 59 29 27 56 41 21 2 
1 6 11 15 44 12 5 41 60 62 64 51 50 61 53 14 63 3 10 22 56 47 17 58 25 39 21 45 34 55 35 7 33 8 23 57 26 42 4 48 46 19 27 37 29 24 2 54 16 52 43 40 36 59 13 32 38 9 18 49 30 31 20 28 
40 2 39 20 33 58 62 47 48 41 25 59 21 55 30 10 61 32 29 13 26 27 36 8 17 60 22 63 19 28 18 15 64 37 31 35 6 49 34 11 44 14 57 3 5 38 56 53 24 4 51 9 50 45 7 1 43 12 46 52 16 54 23 42 
54 34 51 23 9 18 3 28 5 57 52 33 45 42 36 15 20 2 14 50 43 38 16 31 24 10 40 1 41 6 64 32 19 56 63 22 27 44 62 46 30 26 55 13 21 17 60 59 8 49 53 61 35 29 37 12 39 7 4 58 11 47 48 25 
3 62 36 39 51 59 22 54 35 12 11 15 32 47 14 29 9 27 26 46 20 31 50 49 21 23 18 17 33 5 45 44 6 40 16 4 28 8 41 52 37 2 7 57 60 56 48 19 13 55 34 25 1 61 10 63 42 43 64 24 38 30 53 58 
43 13 16 28 6 20 45 38 33 1 30 44 26 10 34 24 57 5 15 11 64 18 22 47 54 58 37 29 53 59 52 41 32 19 3 46 35 48 7 49 12 40 21 23 27 4 62 25 51 2 14 8 39 42 56 9 61 31 55 17 63 36 50 60 
14 64 35 9 48 5 31 25 16 63 36 56 46 17 39 53 12 44 55 29 33 34 2 30 49 47 60 7 62 43 32 19 42 23 37 54 61 22 10 21 51 38 13 50 41 8 58 3 59 18 57 20 24 4 15 26 40 27 11 28 1 52 6 45 
24 47 2 42 32 11 23 4 19 45 55 20 60 54 52 37 6 61 43 14 58 16 35 40 12 38 56 30 8 46 63 3 39 59 17 18 50 36 57 9 31 1 22 53 15 26 10 28 48 27 49 5 21 33 29 64 34 41 25 44 62 51 13 7 
49 15 1 7 56 30 19 61 31 58 48 22 8 40 41 3 10 13 25 59 39 23 42 45 28 9 55 50 20 26 57 27 34 5 64 44 43 51 24 38 14 52 63 18 16 36 17 29 37 53 12 46 11 62 60 6 47 35 33 54 21 4 2 32 
50 33 40 10 27 29 52 60 49 5 7 28 59 21 18 61 17 62 51 8 63 37 54 41 48 22 1 13 35 25 4 24 14 55 45 53 12 31 2 56 6 43 11 64 42 47 9 34 58 30 38 19 32 16 36 44 23 57 20 39 3 46 26 15 
26 44 57 63 18 8 46 55 27 43 50 4 64 51 23 6 38 19 1 28 60 21 3 53 42 2 61 16 36 10 40 34 20 25 58 29 13 62 11 15 54 24 30 33 45 39 32 49 47 35 7 17 31 22 52 41 12 37 9 56 59 5 14 48 
58 53 12 41 17 21 37 34 13 42 2 9 25 57 62 38 4 36 56 48 7 24 52 32 14 6 51 64 31 11 15 39 60 63 47 27 1 26 30 33 5 55 35 61 20 44 59 46 50 45 28 23 43 3 40 54 16 22 19 29 18 8 49 10 
36 4 17 27 41 26 48 40 18 46 33 34 57 29 43 50 23 47 5 16 30 28 8 10 7 20 44 37 6 53 13 38 22 15 55 59 54 56 61 62 39 42 19 25 58 1 14 2 49 64 21 31 45 11 12 24 9 63 52 32 60 3 51 35 
38 35 3 47 20 1 59 30 51 6 15 13 12 37 2 4 34 43 50 9 27 64 25 55 29 49 42 32 52 41 24 23 63 58 18 60 11 33 31 26 62 46 16 48 54 45 61 36 7 57 8 28 14 39 17 56 5 21 44 22 10 53 19 40 
57 10 23 16 8 22 29 46 38 9 40 64 36 14 48 44 13 18 53 24 17 2 19 26 45 50 47 34 60 21 12 56 51 27 49 25 39 35 52 3 20 59 15 28 7 41 37 11 62 5 30 42 6 63 32 43 58 4 54 1 31 61 33 55 
2 28 18 53 52 43 14 44 22 26 56 25 61 58 10 32 51 63 46 60 1 39 20 36 40 62 64 33 27 19 17 30 48 9 21 7 45 5 12 47 57 50 31 6 49 55 34 38 29 15 35 4 3 41 54 59 37 13 16 8 23 42 24 11 
6 51 15 49 58 24 33 45 47 60 63 11 20 23 54 5 41 7 12 3 35 52 37 29 16 18 9 55 28 31 39 43 2 4 10 14 8 57 42 19 17 32 64 56 13 53 44 21 40 61 27 1 48 34 50 22 25 38 26 36 46 62 59 30 
62 5 56 31 7 13 9 50 52 35 42 17 41 53 19 39 21 54 40 33 14 4 59 57 2 8 63 15 26 61 11 1 44 16 46 30 38 20 32 34 47 3 24 27 18 22 43 10 23 58 37 51 60 25 55 36 48 49 45 64 28 12 29 6 
61 25 21 19 42 32 60 63 24 55 62 30 28 27 3 7 56 31 45 49 38 58 11 48 4 35 54 5 59 22 36 14 1 6 53 37 23 43 64 50 40 8 51 29 9 12 33 26 46 44 2 13 52 10 16 47 41 18 17 20 34 39 15 57 
37 12 34 64 39 54 55 11 1 49 21 8 31 16 45 59 42 15 22 61 32 44 6 62 58 46 3 48 51 57 25 10 29 41 24 28 40 17 36 13 60 30 23 5 63 52 35 4 33 9 20 53 19 26 38 18 2 50 43 14 7 56 47 27 
46 19 13 5 36 64 54 37 57 33 49 21 34 4 38 30 28 23 42 17 45 59 39 56 18 41 12 20 32 9 1 63 3 52 26 55 10 53 51 2 50 48 29 44 25 61 7 14 15 11 16 27 47 60 22 40 35 24 6 31 8 58 43 62 
7 42 9 21 45 60 2 33 61 25 12 36 17 18 50 27 43 53 34 52 46 6 4 14 44 11 28 26 15 29 48 35 62 47 22 1 19 23 37 64 63 58 41 39 55 49 8 20 30 24 54 59 13 31 51 10 32 5 3 38 40 57 56 16 
59 57 38 11 49 10 51 32 29 53 47 55 14 19 26 13 3 25 24 2 12 20 64 63 5 56 27 62 45 58 30 33 31 54 61 21 9 6 8 40 16 15 60 35 28 23 52 42 1 43 39 50 34 7 44 48 22 46 41 4 36 17 18 37 
27 41 14 48 3 4 47 58 40 37 23 42 22 46 32 20 7 29 8 55 54 57 1 15 34 52 6 21 2 60 53 31 59 35 13 24 36 16 49 18 11 62 17 51 38 10 26 43 64 56 33 12 5 9 63 45 28 39 50 30 19 25 44 61 
39 56 61 18 30 63 44 31 45 7 8 24 43 52 1 9 37 58 16 62 51 35 10 22 50 36 57 25 40 13 49 64 28 20 32 48 15 14 38 41 3 5 34 54 4 46 47 12 26 29 17 21 23 19 6 53 27 60 42 2 33 11 55 59 
22 55 25 40 15 35 16 23 28 2 44 3 6 39 63 11 36 50 9 5 31 26 38 13 8 59 7 4 54 17 14 47 43 46 57 33 30 29 60 45 27 53 56 19 24 32 1 18 61 37 52 41 20 58 62 42 51 10 12 21 49 48 64 34 
53 20 28 43 1 6 50 29 58 59 54 62 16 5 35 51 60 40 44 47 49 41 48 11 61 24 19 10 3 37 55 42 56 12 39 17 63 34 27 4 22 33 9 21 36 30 31 64 38 8 32 18 46 2 25 57 45 26 13 15 14 23 7 52 
34 26 8 62 24 52 17 12 41 64 10 31 15 60 56 48 18 21 27 30 61 33 32 19 46 16 23 38 43 39 51 22 11 44 50 5 42 58 25 7 13 6 40 2 37 59 45 57 14 28 4 36 55 49 3 35 54 53 47 63 9 29 1 20 
5 39 41 12 46 14 56 21 10 19 17 47 27 48 64 26 30 28 2 15 52 25 43 34 6 55 49 61 9 33 62 11 57 53 51 58 60 1 54 37 24 4 59 7 44 50 18 13 3 38 40 16 8 32 31 20 63 45 23 42 22 35 36 29 
13 48 62 44 25 31 28 15 37 50 18 45 33 43 55 46 8 11 58 51 5 12 47 20 60 63 39 3 16 32 26 59 49 22 42 23 14 38 17 27 61 21 52 36 10 9 54 35 57 34 29 6 2 24 53 7 4 1 30 19 41 64 40 56 
33 40 4 61 60 42 24 51 44 21 57 5 23 11 29 54 55 39 6 26 36 10 13 38 35 7 48 27 22 14 41 45 52 31 8 12 32 9 50 59 64 34 53 58 3 16 20 56 28 1 63 30 25 43 47 19 17 62 49 46 15 2 37 18 
23 45 58 38 34 7 30 20 59 15 6 14 40 28 13 63 19 24 18 41 3 32 61 50 47 21 2 46 64 52 43 36 35 29 25 56 33 4 44 16 49 12 42 62 17 57 51 1 11 22 55 39 26 54 5 37 31 8 10 53 48 60 27 9 
10 11 53 50 35 55 43 1 62 52 32 2 42 20 61 41 22 60 31 44 57 49 14 33 37 54 30 40 25 23 29 17 24 3 36 63 18 21 46 6 19 45 38 26 48 15 27 8 9 12 58 56 4 51 64 13 7 28 59 34 47 16 39 5 
32 52 6 26 54 47 27 36 9 34 16 53 3 1 4 8 45 37 35 63 59 46 7 21 56 57 24 28 12 38 19 58 30 64 48 15 62 2 5 55 29 31 39 40 22 25 23 33 60 41 10 44 49 18 42 17 11 20 51 13 43 14 61 50 
17 22 63 8 29 3 49 19 36 30 39 60 56 31 58 12 54 16 48 64 40 9 53 42 1 51 15 18 50 34 10 4 26 28 41 13 20 7 43 61 2 11 14 47 6 5 55 37 45 46 59 35 33 27 23 62 21 52 38 25 32 24 57 44 
16 18 37 59 2 9 57 64 7 24 35 38 51 22 25 49 62 56 17 4 29 1 23 27 31 13 8 42 5 44 20 53 47 11 40 19 34 45 39 10 41 28 43 63 32 60 46 30 21 36 15 52 61 14 48 50 3 33 58 26 6 55 12 54 
################proper############## 

 average_time = 12.500999 

 success runs = 1 

 total average iters = 305780.000000 
