Success!!! 
 
 max_col = 
 64 
 
 run_time = 
 4.934636 
 
 once iters = 
 52069 
 
6 42 47 12 25 23 58 19 21 32 22 46 1 45 31 49 2 63 3 41 9 26 24 64 17 33 38 59 35 54 50 57 53 11 15 39 40 5 28 55 34 16 14 13 37 27 20 62 29 61 56 48 18 36 43 4 44 30 52 51 8 10 60 7 
26 60 40 59 30 62 24 31 42 3 28 37 18 50 25 58 61 32 39 10 56 13 5 4 48 15 16 2 6 19 22 9 38 52 57 17 35 43 47 64 45 7 54 41 12 29 44 51 21 53 11 8 20 63 27 23 33 1 46 14 34 55 49 36 
21 13 48 4 32 44 43 61 33 11 34 52 15 6 24 36 29 50 16 54 59 55 30 1 14 46 42 64 53 45 20 37 63 41 58 3 56 49 31 7 25 57 60 22 8 18 23 35 9 26 38 5 10 47 51 39 12 17 40 27 2 28 62 19 
51 57 54 52 46 39 28 17 43 12 26 53 10 5 44 19 47 23 58 38 14 62 15 42 8 25 30 41 29 7 1 21 9 13 27 22 48 33 60 16 11 36 2 4 55 64 49 63 37 59 34 6 31 50 40 3 45 18 24 20 61 32 35 56 
20 11 16 9 49 15 41 29 56 30 39 55 17 61 48 63 8 36 19 40 57 35 51 60 27 18 13 58 3 34 32 28 10 37 59 44 14 26 2 12 31 6 53 38 50 43 42 52 33 1 7 22 46 24 45 62 47 5 54 23 21 64 4 25 
2 22 37 56 34 45 27 63 64 9 8 4 54 16 40 23 31 53 49 43 7 18 48 44 62 47 55 24 60 12 5 10 21 51 50 29 36 61 46 20 15 58 1 32 17 59 3 33 42 25 14 19 35 30 28 52 39 26 38 11 57 6 13 41 
8 3 38 33 50 14 10 1 35 20 2 41 29 59 7 60 11 27 52 12 22 46 21 6 39 36 4 31 63 51 56 61 23 45 34 25 18 30 62 54 40 9 24 28 26 19 47 5 44 49 55 32 17 57 64 13 43 15 37 42 58 16 53 48 
64 5 18 35 7 36 53 55 47 13 14 57 62 51 38 27 37 33 45 28 34 25 20 17 49 44 40 11 43 26 52 23 1 19 42 8 24 32 6 4 56 10 39 21 48 30 61 46 2 12 54 60 58 16 15 41 50 9 3 29 63 31 22 59 
44 32 51 26 59 7 31 33 40 45 17 28 61 56 57 41 54 11 21 19 16 30 13 53 55 10 39 20 27 48 29 46 6 5 63 38 4 15 37 1 22 43 8 3 24 35 60 23 58 50 64 12 14 62 36 49 34 42 25 9 47 52 18 2 
63 53 9 16 45 43 37 12 19 27 21 30 60 55 39 4 14 10 2 15 35 48 38 62 26 52 28 32 8 61 17 33 24 42 51 40 13 59 44 41 58 11 29 25 46 49 5 50 18 20 47 34 56 1 7 57 3 23 31 22 6 54 36 64 
34 61 1 27 8 56 4 46 31 23 48 29 63 7 10 37 20 25 32 47 5 44 40 50 54 9 36 21 57 42 60 13 22 3 14 49 45 58 53 18 19 26 59 64 51 6 39 2 15 24 33 11 16 52 41 55 35 28 43 62 17 12 30 38 
18 41 52 58 55 25 50 11 49 14 36 42 34 1 62 44 24 64 8 51 39 3 57 29 5 2 56 7 4 16 19 43 54 28 21 23 9 12 17 46 38 48 40 31 33 47 30 27 26 45 6 35 59 22 63 10 13 60 53 15 32 37 61 20 
15 28 62 30 60 20 2 40 11 54 32 35 38 3 26 24 9 42 56 36 6 27 18 63 47 12 53 22 14 49 44 41 64 25 29 19 61 8 52 50 55 1 21 16 13 34 37 17 4 23 5 31 51 43 48 46 59 45 58 10 7 39 33 57 
24 17 5 54 42 64 35 21 8 43 12 50 2 46 13 47 49 7 22 34 33 59 23 55 30 37 11 3 62 6 58 63 56 26 32 31 57 60 10 27 41 18 20 36 45 28 52 15 53 39 40 29 61 9 38 25 51 19 4 16 14 1 48 44 
29 10 3 36 48 38 6 39 53 18 5 51 25 20 52 22 17 61 41 45 4 43 58 37 1 59 35 23 64 50 15 31 55 33 47 30 16 7 34 2 14 54 62 12 57 9 63 56 13 44 21 42 32 60 19 28 8 11 49 46 26 24 27 40 
23 47 57 49 14 22 19 13 9 15 16 59 64 58 33 6 46 60 12 1 52 31 28 26 34 45 25 18 40 24 38 51 36 62 35 20 43 48 11 39 44 42 32 53 61 10 4 7 30 27 3 17 8 54 2 37 21 29 63 41 56 50 5 55 
58 52 30 28 12 63 49 41 20 29 13 1 43 25 5 51 64 59 24 31 60 4 55 35 50 61 3 27 56 37 14 40 48 15 46 10 8 53 42 6 18 47 23 7 32 16 26 34 62 11 19 45 39 33 44 2 57 21 22 36 9 38 17 54 
38 55 14 37 19 26 23 60 4 57 40 56 6 22 15 59 50 8 42 20 36 1 53 18 21 39 44 12 31 33 34 5 51 61 16 35 49 9 13 45 64 63 46 62 41 52 28 25 7 54 27 10 43 29 17 32 2 24 30 3 48 11 58 47 
11 21 44 50 61 16 9 48 58 62 3 49 31 41 45 18 39 51 47 27 37 54 12 2 28 17 60 8 26 64 55 32 40 57 33 24 38 34 1 52 43 20 35 14 29 4 10 59 63 30 36 15 53 6 56 22 46 25 42 7 5 13 19 23 
36 15 17 53 1 8 22 20 44 60 33 21 27 26 55 48 63 29 13 7 49 45 14 9 42 35 10 6 25 23 47 59 58 50 18 64 31 19 54 3 5 2 30 37 39 57 11 40 28 41 46 24 12 38 4 61 52 32 16 56 62 34 51 43 
47 33 46 31 57 18 59 43 32 61 63 24 9 34 64 52 23 15 62 16 25 28 26 5 22 13 1 54 7 20 11 4 39 30 56 60 2 14 12 37 27 51 38 19 49 36 17 55 3 21 50 58 48 42 8 35 29 53 10 44 41 40 45 6 
4 25 32 13 27 42 45 64 38 19 46 54 30 17 2 7 3 34 43 48 11 52 10 21 53 49 15 63 16 29 36 18 44 59 55 41 62 47 26 23 24 8 22 9 6 56 58 12 14 40 51 1 57 37 5 60 20 50 35 39 28 61 31 33 
10 35 29 34 56 2 39 24 23 47 50 16 36 53 28 8 57 44 6 58 38 19 61 40 52 43 51 46 30 62 41 48 5 7 11 32 22 21 25 17 60 3 45 15 54 1 33 42 64 18 20 13 9 55 49 31 26 59 12 37 4 14 63 27 
5 40 7 51 62 6 3 54 37 35 10 39 14 11 42 12 30 56 46 17 32 41 33 22 38 19 9 45 58 57 24 2 27 36 28 4 63 29 20 43 13 61 50 48 31 44 53 21 59 47 52 26 23 34 25 16 18 49 60 55 64 15 8 1 
17 38 42 23 64 35 48 49 34 22 61 63 20 24 56 2 52 40 27 50 3 58 44 43 51 29 12 53 46 1 13 19 41 10 4 6 28 57 32 9 37 62 16 60 7 31 25 36 54 15 18 47 30 21 26 45 5 8 55 59 11 33 14 39 
16 2 28 5 21 12 60 15 29 49 18 17 44 35 27 42 48 14 26 57 46 56 59 10 45 7 47 61 11 31 64 54 50 34 39 43 1 55 22 58 9 30 3 23 63 33 51 8 38 6 25 62 40 53 32 19 36 13 41 52 37 4 20 24 
53 24 63 43 13 4 25 32 12 8 41 26 19 14 23 31 7 39 9 18 2 11 29 45 36 56 33 50 49 52 30 55 62 21 48 54 64 38 27 42 1 59 34 57 15 58 40 20 16 22 44 46 37 5 60 17 28 61 6 47 35 3 10 51 
52 26 61 44 31 47 40 34 36 38 58 25 28 62 46 39 22 54 33 42 19 15 32 30 59 6 27 4 20 3 10 8 60 35 37 16 7 63 5 14 29 17 64 11 18 41 43 53 51 2 24 9 1 13 55 56 48 57 45 49 50 23 21 12 
56 1 8 22 6 19 18 37 13 40 55 10 7 64 11 3 5 47 36 25 53 61 4 49 60 28 21 62 17 14 16 58 52 24 31 15 20 45 23 51 26 39 12 46 2 50 35 44 48 34 63 27 33 41 57 59 42 54 32 38 30 43 29 9 
41 39 33 46 11 59 14 45 5 4 30 43 52 60 6 9 51 38 63 8 1 12 37 24 35 23 57 42 2 15 40 22 47 18 3 26 17 36 19 29 48 32 10 54 21 13 55 49 50 31 58 61 7 28 20 64 56 62 27 34 44 53 25 16 
57 9 58 3 51 10 30 7 1 16 54 47 53 32 21 50 62 55 23 64 13 6 35 20 44 48 37 5 34 41 63 39 59 12 40 46 25 11 56 33 42 27 28 61 38 24 19 45 52 14 8 49 36 4 29 43 60 22 18 17 31 26 2 15 
27 50 36 20 54 55 29 62 59 37 15 48 57 33 51 45 41 16 31 60 21 34 17 28 25 24 26 9 18 32 43 38 61 8 13 53 44 2 30 49 6 52 4 5 56 22 14 47 12 35 10 39 11 3 23 42 40 58 19 64 1 7 46 63 
25 54 23 38 63 9 20 5 41 64 24 11 21 40 37 26 10 13 30 22 45 33 62 61 2 3 18 28 55 47 27 36 42 56 6 1 19 17 50 34 51 15 52 39 59 48 7 4 31 60 43 57 29 46 12 58 14 16 8 32 53 49 44 35 
35 29 64 47 2 1 21 57 46 17 62 8 13 63 50 5 43 24 55 39 15 20 31 16 9 34 41 19 48 60 6 53 7 49 44 52 26 10 4 30 32 22 37 18 40 42 12 61 36 51 45 25 54 14 33 38 23 27 28 58 59 56 11 3 
62 7 53 17 3 34 13 42 16 51 4 15 12 2 36 20 58 35 28 59 48 32 25 14 31 54 61 26 37 40 23 56 46 64 24 45 39 27 33 63 49 55 57 47 9 5 8 43 10 19 22 44 41 11 18 1 6 52 50 60 29 21 38 30 
14 12 15 40 39 37 51 10 54 25 53 22 59 49 9 61 42 3 38 11 29 7 63 56 57 64 32 33 1 44 46 24 13 60 20 36 55 28 43 8 30 50 17 6 35 2 16 58 23 48 4 21 5 27 52 34 41 31 47 19 18 45 26 62 
30 49 11 19 36 33 8 58 3 6 43 18 35 38 60 10 21 2 4 44 17 5 41 27 29 62 59 52 12 22 25 45 14 32 53 48 51 54 40 61 46 34 31 20 1 23 24 28 55 42 16 50 26 56 47 63 15 37 7 57 39 9 64 13 
45 6 4 55 43 50 16 52 14 33 47 7 58 28 32 56 18 19 40 37 26 64 60 34 13 42 5 39 15 21 8 20 11 23 62 57 3 31 29 35 53 38 27 63 44 25 54 41 61 17 49 30 2 59 24 9 22 10 36 48 12 51 1 46 
59 48 22 61 28 32 46 18 45 31 1 27 23 44 29 34 53 6 57 49 51 8 36 52 4 30 50 17 10 63 7 11 12 47 41 58 15 16 9 38 33 14 19 56 60 3 21 26 40 37 13 64 62 39 35 20 54 43 5 24 25 2 55 42 
60 27 26 24 41 31 44 56 55 52 42 19 39 48 30 57 12 9 1 46 50 23 54 47 43 58 14 16 51 38 49 35 25 22 2 37 59 18 21 5 36 13 11 29 64 62 45 10 6 3 15 7 28 32 53 8 61 63 17 33 40 20 34 4 
43 56 60 7 18 17 64 4 2 5 44 61 45 39 19 35 32 46 50 62 41 36 11 58 63 31 8 47 13 59 48 30 57 38 26 14 27 52 16 24 28 37 33 40 42 53 9 6 22 55 23 54 25 15 34 21 1 20 51 12 10 29 3 49 
19 16 59 10 38 29 61 27 28 26 23 33 24 42 8 14 55 31 25 4 12 39 52 7 40 32 6 35 9 53 57 3 20 2 1 50 11 13 64 22 63 46 43 34 47 45 36 30 41 5 37 51 60 49 62 48 58 44 56 21 54 18 15 17 
39 44 41 8 47 21 52 9 57 1 25 58 22 36 3 13 15 45 53 24 43 17 16 51 37 60 62 38 54 4 26 34 35 31 61 7 10 23 63 59 12 5 49 55 20 32 29 14 19 33 42 56 27 2 11 18 30 6 64 40 46 48 28 50 
42 36 49 32 58 28 54 35 15 59 27 20 51 4 16 46 56 30 44 6 61 63 9 23 10 50 29 1 33 55 21 25 37 39 19 12 34 62 3 40 2 31 48 17 52 11 18 22 47 7 57 53 64 45 13 24 38 41 14 8 60 5 43 26 
1 14 25 62 33 5 34 50 30 63 37 6 41 47 18 32 40 57 20 29 10 42 64 48 7 11 23 15 19 46 45 12 43 17 60 28 54 4 49 36 21 56 51 8 3 39 59 13 35 58 61 38 44 31 9 26 27 55 2 53 24 22 16 52 
46 23 55 2 24 40 11 53 17 34 7 31 56 9 49 21 60 18 37 33 8 38 1 3 64 22 20 36 5 28 42 14 32 29 45 51 30 41 58 48 35 25 15 44 10 26 27 54 39 16 59 43 52 12 6 50 63 4 62 13 19 57 47 61 
31 20 45 15 37 57 63 30 62 55 11 12 48 52 53 40 26 28 59 13 27 14 22 54 41 51 43 49 61 58 2 16 33 6 5 56 21 44 18 47 23 60 7 50 19 38 64 24 46 10 17 3 4 8 1 29 9 35 34 25 36 42 39 32 
48 51 13 6 26 3 12 22 60 10 64 38 50 54 43 29 34 21 5 35 47 2 49 19 56 27 17 44 24 18 39 52 15 55 9 42 53 46 8 25 62 4 58 1 16 61 41 57 20 28 32 36 63 40 14 30 7 33 11 31 23 59 37 45 
37 31 39 29 22 27 1 23 10 53 59 64 55 12 35 15 45 17 7 21 44 60 34 38 58 16 52 57 41 9 62 49 30 54 8 2 32 40 14 28 4 24 42 51 5 20 50 11 56 36 26 33 13 25 3 47 19 48 61 63 43 46 6 18 
55 62 34 45 9 58 7 59 51 46 6 13 3 31 41 54 33 4 48 5 24 40 2 15 61 38 63 30 42 36 12 29 19 53 10 21 52 1 39 11 8 35 18 43 25 14 56 60 32 64 28 16 22 17 50 44 49 47 57 26 20 27 23 37 
13 19 2 11 5 60 17 51 7 56 20 44 4 18 63 62 25 41 64 23 54 49 8 59 6 14 24 10 21 35 31 50 45 48 43 55 33 42 15 26 57 28 47 30 58 12 22 16 27 46 39 52 34 61 37 40 53 3 9 1 38 36 32 29 
33 43 12 18 15 24 57 26 27 28 52 14 8 23 17 16 19 62 61 30 42 47 50 31 32 5 54 34 59 56 3 64 29 20 49 9 58 22 51 60 39 44 63 2 36 46 6 37 1 4 35 41 38 48 21 53 10 40 13 45 55 25 7 11 
3 64 20 25 10 46 56 44 50 42 38 40 49 37 22 30 35 12 14 32 58 9 27 57 18 26 2 48 47 11 51 1 16 4 36 13 6 24 7 62 54 53 61 45 23 21 31 29 43 63 60 55 15 19 59 5 17 34 39 28 33 41 52 8 
50 4 35 42 52 61 32 14 24 39 45 9 5 21 34 1 28 26 10 53 55 37 46 36 15 8 22 43 23 17 33 44 31 63 64 18 47 25 38 57 3 41 13 49 27 40 48 19 11 29 12 20 6 7 58 54 62 51 59 2 16 30 56 60 
54 8 6 48 16 30 47 28 25 36 19 2 26 57 58 11 1 43 51 52 63 29 56 13 20 53 45 40 39 27 37 60 17 46 12 61 5 3 41 44 59 33 55 10 34 7 38 32 24 62 9 23 49 18 42 14 31 64 15 4 22 35 50 21 
49 63 21 41 40 53 36 38 61 48 29 60 32 43 47 33 16 20 11 3 18 22 6 39 19 55 46 13 28 25 4 7 34 27 23 59 37 50 35 56 17 64 26 52 62 15 1 9 57 8 30 2 45 10 31 51 24 14 44 54 42 58 12 5 
40 45 10 39 4 13 55 47 48 41 35 36 11 8 61 28 38 37 15 56 30 51 3 32 16 63 49 29 50 5 53 26 2 1 17 33 46 6 59 21 20 19 9 27 14 54 34 31 25 57 62 18 24 44 22 12 64 7 23 43 52 60 42 58 
28 18 43 1 35 49 26 3 22 50 56 23 37 19 20 55 36 58 17 9 40 57 45 12 46 41 48 14 52 8 54 62 4 16 25 5 42 39 61 53 47 29 6 59 11 51 15 38 60 13 31 63 21 64 10 7 32 2 33 30 27 44 24 34 
9 46 50 14 20 52 42 8 39 21 60 5 33 27 1 38 6 22 54 61 64 10 19 25 12 57 31 51 44 43 35 15 3 58 30 62 41 37 45 13 7 40 56 24 4 63 2 48 34 32 29 28 47 23 16 11 55 36 26 18 49 17 59 53 
7 37 56 63 44 11 33 2 52 24 31 62 16 13 12 64 59 5 60 14 20 53 42 46 23 1 34 55 38 10 9 47 26 40 22 27 29 51 36 19 50 49 41 58 30 17 32 18 45 43 48 4 3 35 54 6 25 39 21 61 15 8 57 28 
61 58 24 64 53 54 38 25 6 2 9 45 47 15 4 17 13 52 29 55 62 50 43 11 33 20 19 37 22 30 18 27 8 14 7 34 23 35 48 32 10 21 44 26 28 60 57 39 49 56 41 59 42 51 46 36 16 12 1 5 3 63 40 31 
12 30 19 21 23 48 5 6 63 7 49 32 46 10 59 43 27 1 34 26 31 24 39 41 11 4 58 56 36 2 28 42 18 44 52 47 60 64 57 15 16 45 25 35 22 8 13 3 17 9 53 40 55 20 61 33 37 38 29 50 51 62 54 14 
32 34 31 57 17 41 15 16 26 44 51 3 42 29 54 25 4 48 18 2 28 21 47 8 24 40 7 60 45 39 59 6 49 43 38 63 12 56 55 10 61 23 36 33 53 37 62 64 5 52 1 14 50 58 30 27 11 46 20 35 13 19 9 22 
22 59 27 60 29 51 62 36 18 58 57 34 40 30 14 53 44 49 35 63 23 16 7 33 3 21 64 25 32 13 61 17 28 9 54 11 50 20 24 31 52 12 5 42 43 55 46 1 8 38 2 37 19 26 39 15 4 56 48 6 45 47 41 10 
################proper############## 

 average_time = 4.934636 

 success runs = 1 

 total average iters = 52069.000000 
