Success!!! 
 
 max_col = 
 64 
 
 run_time = 
 13.055531 
 
 once iters = 
 352930 
 
15 58 50 49 37 42 63 2 34 44 64 54 57 46 33 24 31 6 35 47 32 51 21 52 20 29 7 48 40 25 22 14 3 41 13 62 30 43 45 11 16 4 1 53 39 27 12 26 9 38 10 61 36 5 59 19 18 60 28 55 8 23 56 17 
11 19 23 60 5 13 61 29 39 59 3 17 4 53 47 37 12 54 41 44 24 49 46 48 58 42 64 33 38 43 56 34 9 25 55 27 50 40 28 36 15 8 52 30 62 21 10 22 26 14 7 32 18 63 35 51 1 57 31 2 6 16 45 20 
7 16 52 57 6 18 25 53 5 14 32 60 2 38 22 20 36 19 59 29 39 10 27 1 17 46 4 55 9 41 45 12 21 54 44 61 35 47 51 26 63 43 23 31 3 34 49 56 48 28 13 42 8 24 37 15 58 33 64 50 11 62 40 30 
54 3 51 12 4 9 14 41 1 27 8 25 11 19 36 18 2 7 50 63 17 61 28 55 39 62 13 15 16 23 49 24 58 52 10 42 31 5 56 29 40 6 37 45 20 48 32 59 64 46 53 60 33 30 34 57 22 38 47 21 43 26 44 35 
8 56 35 24 45 62 47 38 61 41 10 48 9 49 29 30 40 60 26 42 20 5 14 43 57 21 37 27 18 50 3 32 39 23 59 22 63 2 19 33 58 11 54 55 36 28 13 64 6 16 12 17 31 44 1 52 15 53 4 34 7 46 25 51 
31 27 30 33 21 28 22 43 58 15 51 7 26 16 42 35 25 57 8 64 38 62 56 4 1 59 19 54 11 63 5 60 34 46 37 6 49 12 18 53 44 2 24 41 61 17 14 9 23 45 20 50 40 55 47 29 36 32 10 48 39 3 52 13 
48 20 36 34 46 55 32 10 50 43 40 12 13 6 62 23 37 45 22 3 9 58 15 16 31 44 52 26 28 30 47 53 8 64 38 4 24 17 1 7 57 60 18 5 42 35 51 33 25 2 41 27 11 56 39 21 54 59 19 49 61 63 29 14 
59 26 40 44 1 64 17 39 28 55 56 52 45 31 21 63 33 53 34 11 23 13 30 18 51 35 2 6 61 36 8 10 16 48 14 20 15 32 57 60 7 47 25 19 38 46 50 29 49 3 54 62 58 4 43 22 9 12 37 5 41 42 27 24 
55 39 4 30 2 3 49 32 56 40 18 43 8 5 13 14 20 33 57 1 62 48 7 6 25 47 17 11 15 24 53 44 41 16 35 36 45 38 31 9 52 61 59 37 51 22 26 34 10 64 42 46 21 27 60 12 23 28 50 19 58 54 63 29 
38 5 29 45 50 25 34 61 20 19 15 9 55 1 59 39 41 46 23 2 31 56 52 26 35 32 16 37 48 40 42 22 43 8 53 7 28 54 63 18 24 33 12 62 60 14 6 58 17 44 47 57 3 13 30 49 51 4 11 10 27 64 21 36 
43 53 41 19 47 48 42 11 17 34 21 35 60 32 28 54 44 51 38 27 55 18 25 64 49 6 3 63 26 10 9 2 30 37 58 33 57 61 12 20 5 40 46 4 50 8 36 23 24 15 59 14 45 29 16 62 56 39 7 22 13 52 31 1 
13 7 20 59 35 52 16 62 63 26 58 22 46 10 61 27 32 8 45 5 19 36 12 40 55 34 31 28 51 56 33 30 14 17 49 11 21 23 25 2 47 41 64 29 44 57 43 42 38 1 39 18 4 50 9 54 37 15 3 24 48 60 53 6 
57 54 28 1 63 37 27 23 31 6 11 50 30 51 12 36 15 10 49 34 3 42 47 53 43 64 46 4 59 5 58 62 29 39 24 26 48 22 60 13 38 17 20 21 16 7 19 45 61 52 56 35 25 40 8 41 33 9 18 44 32 14 2 55 
17 6 58 14 40 51 56 31 64 25 57 24 16 47 53 48 13 59 37 61 21 60 29 54 50 20 45 7 41 18 39 23 44 15 52 19 27 4 42 34 28 9 55 10 1 32 35 3 63 26 33 22 2 36 11 43 8 49 30 38 46 12 5 62 
18 24 12 46 44 22 26 8 33 37 38 4 41 62 49 29 50 9 58 43 14 17 39 11 60 52 54 21 36 19 13 57 64 5 6 3 55 1 10 47 56 53 63 2 15 30 48 27 31 32 28 34 7 23 51 20 61 35 40 25 45 59 42 16 
9 21 10 15 60 36 33 64 3 42 45 44 23 2 7 52 24 30 28 4 35 63 16 22 38 12 27 8 1 61 14 29 40 50 62 46 56 59 32 51 31 39 13 54 49 25 18 11 58 6 19 5 48 53 55 37 41 47 34 57 17 43 20 26 
23 63 42 17 27 2 24 28 44 46 30 62 15 52 37 3 57 64 29 36 54 43 11 10 19 13 48 14 12 47 21 50 1 20 31 18 60 49 9 58 32 34 45 22 56 33 16 7 5 8 6 59 39 61 53 4 25 51 35 26 55 38 41 40 
45 61 53 64 51 19 5 48 18 20 14 40 31 26 58 7 49 13 42 6 15 44 2 39 59 36 8 34 25 32 29 52 62 24 3 47 37 56 54 35 4 27 57 43 23 38 60 28 33 50 55 16 41 22 21 17 30 46 12 63 9 1 10 11 
25 11 9 54 10 6 30 57 19 45 39 47 1 63 8 60 23 22 56 35 59 16 18 38 46 5 20 40 3 44 41 26 33 12 7 43 17 55 53 32 21 51 49 50 64 42 31 2 37 27 34 36 62 15 24 13 52 48 61 29 28 4 14 58 
49 60 44 47 32 50 55 14 24 9 4 59 27 28 38 61 21 63 33 26 53 3 58 37 23 57 42 62 6 16 51 18 13 40 36 8 25 45 2 41 17 35 48 11 54 10 29 46 19 30 43 7 12 64 52 1 31 5 20 56 22 39 34 15 
35 33 34 21 22 26 36 46 16 12 54 53 32 55 17 13 61 25 47 52 50 27 48 41 2 31 63 10 39 9 7 45 23 4 30 29 6 28 38 14 3 58 19 15 40 5 1 20 44 56 57 51 49 42 18 11 24 62 59 60 64 8 37 43 
4 40 1 62 3 15 37 58 43 29 23 57 35 56 50 41 30 32 12 60 46 8 5 20 22 49 28 53 64 54 38 11 26 51 34 21 61 19 59 42 25 18 39 6 24 52 44 55 45 10 31 48 47 14 63 9 7 36 16 27 2 17 13 33 
39 38 31 13 18 7 12 52 49 10 2 21 64 36 5 42 51 40 1 9 34 4 24 62 56 55 61 43 33 27 17 35 11 22 50 15 16 48 46 57 26 30 14 8 59 63 41 37 29 60 25 23 32 20 58 28 19 6 54 3 53 45 47 44 
16 41 59 8 56 29 43 20 6 22 33 34 25 48 51 11 17 28 14 19 7 45 55 31 37 24 60 30 58 1 4 15 5 27 39 44 52 10 64 63 61 13 53 36 12 62 9 47 40 54 35 3 26 46 2 38 42 18 49 23 50 21 57 32 
53 48 6 22 54 39 38 3 60 57 61 56 37 21 34 26 7 14 62 28 27 50 33 23 30 8 51 59 5 31 64 9 36 55 45 41 1 46 4 44 2 29 16 42 43 13 52 35 12 19 17 24 10 11 20 25 32 40 15 47 63 49 58 18 
32 49 26 42 13 34 52 17 62 58 47 28 19 11 55 12 18 43 46 48 56 54 40 3 15 4 57 61 7 21 6 41 24 63 16 59 20 53 29 37 51 45 60 9 8 64 23 10 50 31 44 39 14 35 22 36 2 27 25 33 30 5 1 38 
46 44 60 51 33 10 18 5 48 32 9 36 43 15 40 4 1 41 25 12 64 38 63 34 29 14 39 35 27 3 24 58 49 2 8 52 62 31 61 19 50 26 30 56 55 6 28 17 53 57 37 47 16 21 45 42 59 7 23 13 54 20 11 22 
29 23 64 4 58 35 50 25 14 8 7 1 20 54 2 10 11 31 21 16 44 30 60 17 36 56 49 38 37 62 55 46 18 43 5 48 13 34 39 22 12 63 33 47 57 40 15 41 51 61 52 26 6 59 27 32 45 19 9 53 24 28 3 42 
1 43 15 41 14 57 21 27 35 24 31 46 53 3 64 44 45 20 61 39 58 32 6 8 40 26 25 13 52 42 50 19 47 9 28 17 12 30 23 56 34 37 7 59 11 49 22 62 54 63 2 33 5 38 4 18 29 10 55 51 16 36 60 48 
19 31 8 36 59 45 7 12 41 63 6 42 22 18 27 16 53 29 4 49 52 24 57 9 47 11 33 2 17 48 43 1 10 26 60 38 51 58 35 15 54 20 32 44 21 61 25 5 30 40 3 13 23 62 28 55 39 64 14 46 37 56 50 34 
24 55 61 9 62 47 28 40 59 30 25 33 51 50 39 49 5 37 15 13 10 2 22 42 45 18 23 60 63 12 16 20 54 3 11 32 64 21 7 27 36 46 4 14 48 19 38 53 56 29 8 58 1 43 41 34 26 31 44 17 57 6 35 52 
20 37 11 16 30 63 2 56 45 38 5 13 52 29 23 17 35 55 36 59 51 26 19 47 53 54 10 32 44 22 34 28 25 57 40 14 42 50 33 6 39 24 27 1 58 31 3 18 15 7 64 9 60 48 49 46 4 43 21 61 62 41 12 8 
60 50 46 40 16 14 45 7 42 5 22 58 59 39 30 2 27 61 9 62 8 15 51 21 34 48 36 29 19 57 20 38 37 56 33 31 18 26 49 4 43 3 6 64 41 1 63 13 35 47 11 25 24 28 12 53 55 52 17 54 44 32 23 10 
26 2 47 58 9 21 29 49 13 48 44 14 24 12 20 64 22 3 17 25 33 6 37 46 4 60 11 31 62 7 40 56 63 10 43 57 32 35 30 23 53 42 51 52 34 54 8 50 1 55 27 41 15 19 36 16 38 45 5 59 18 61 39 28 
62 25 56 55 53 30 3 35 51 11 17 38 33 27 60 43 28 49 13 31 42 57 36 50 52 41 18 46 45 39 37 5 6 7 47 34 59 24 21 54 19 32 58 61 9 26 4 15 14 23 29 2 20 10 44 63 12 16 1 8 40 22 48 64 
6 15 57 31 36 33 10 22 4 62 37 41 28 34 56 50 55 24 39 18 40 23 45 35 42 16 59 3 8 17 54 27 48 44 19 5 2 11 52 1 20 12 47 60 25 29 46 38 32 13 61 43 30 49 64 7 53 14 63 58 26 51 9 21 
51 1 13 5 64 4 23 42 7 36 55 19 21 40 46 25 56 52 10 14 16 41 38 30 32 15 43 58 53 49 63 33 61 28 22 12 39 9 50 3 45 44 35 57 37 2 27 24 8 18 48 54 17 34 26 59 62 20 29 11 47 31 6 60 
37 8 17 20 52 32 41 54 57 18 1 16 61 9 63 47 48 44 11 7 12 19 59 2 64 22 21 23 50 35 26 6 46 14 29 51 53 13 27 45 10 55 62 40 28 39 5 30 4 33 58 56 38 60 42 31 49 34 24 36 15 25 43 3 
44 28 39 43 38 12 48 24 29 35 53 23 3 45 31 15 54 26 63 32 1 47 34 5 10 25 55 9 14 13 30 61 42 58 20 60 36 64 17 8 59 16 11 49 22 18 56 21 57 62 51 37 52 6 46 40 27 41 2 7 4 33 19 50 
63 18 19 27 34 61 11 59 26 54 49 6 10 8 52 32 43 4 20 53 60 29 64 58 24 1 12 47 2 28 44 51 38 62 15 16 41 25 55 40 14 48 17 23 33 36 7 31 22 9 45 21 50 3 5 39 35 30 42 37 56 13 46 57 
28 12 18 50 43 23 40 60 32 2 19 15 29 64 9 6 47 56 30 24 25 34 3 61 41 27 22 51 4 45 46 49 57 35 42 1 8 7 62 21 11 59 44 26 14 55 37 16 13 17 5 53 63 33 31 58 48 54 52 20 36 10 38 39 
30 57 7 63 31 17 64 19 55 39 48 37 50 13 1 33 60 11 53 21 45 46 10 51 14 3 15 36 24 59 35 40 4 29 9 54 22 16 58 43 18 38 28 27 6 56 34 52 41 25 49 20 61 32 23 44 5 42 8 62 12 47 26 2 
42 34 55 32 15 27 6 9 47 28 12 8 62 17 44 40 63 50 5 20 37 1 49 36 26 10 58 57 21 2 25 13 59 31 51 56 19 33 14 30 41 64 22 24 4 23 61 60 46 39 16 52 54 18 38 48 11 3 53 43 35 29 7 45 
56 35 14 2 48 46 58 36 52 4 59 3 7 41 11 34 64 18 44 54 43 9 26 28 33 39 53 42 23 38 1 17 20 6 63 10 40 15 37 61 8 5 50 12 47 51 30 57 60 21 22 19 29 45 62 24 16 55 13 31 25 27 32 49 
47 29 62 3 11 24 54 21 10 49 27 20 58 60 57 56 38 12 32 55 2 22 13 15 7 37 5 16 30 6 61 31 52 34 64 23 26 39 36 28 1 25 43 17 63 45 53 48 42 59 14 4 9 8 40 35 46 50 41 18 33 44 51 19 
52 4 22 37 8 16 13 51 46 61 35 45 63 24 25 38 59 62 27 58 48 33 31 57 44 19 47 12 60 29 28 54 53 32 18 2 3 41 5 55 42 10 21 39 7 15 20 49 34 11 36 64 43 26 50 6 40 1 56 30 14 9 17 23 
61 59 5 25 49 20 39 1 53 16 43 26 54 22 14 21 19 23 40 8 41 35 42 7 63 50 9 18 32 64 52 55 17 38 48 45 11 44 47 12 29 62 31 46 13 3 33 36 28 51 30 10 27 37 56 2 60 58 57 6 34 15 24 4 
41 45 38 10 26 53 44 33 30 51 42 5 36 23 18 31 52 39 16 17 6 14 4 29 8 43 34 20 56 11 62 48 60 49 25 13 46 27 24 50 35 54 9 32 2 58 40 19 55 12 1 15 57 7 3 47 63 21 22 28 59 37 64 61 
14 17 48 38 42 49 35 44 25 64 52 55 34 30 15 53 8 5 24 37 13 11 20 32 16 7 1 22 47 26 59 4 12 61 21 50 33 63 43 39 27 19 29 51 31 9 2 40 36 58 18 6 28 54 10 56 3 23 45 41 60 57 62 46 
21 13 54 26 19 59 62 6 23 50 36 31 18 35 16 58 9 48 2 46 4 52 41 12 28 33 29 56 20 60 27 25 51 11 1 30 14 42 3 38 49 7 34 63 45 37 39 32 47 53 40 44 22 17 57 8 64 24 43 15 10 55 61 5 
34 9 25 61 12 1 57 37 40 56 60 51 47 33 6 45 26 42 3 15 29 31 23 63 21 2 24 19 13 55 10 43 27 53 32 35 5 8 41 17 48 50 36 18 30 59 58 4 7 20 62 49 46 16 14 64 44 22 39 52 38 11 28 54 
58 64 43 52 29 11 8 63 38 13 46 49 39 37 48 28 62 1 18 22 61 40 53 59 54 17 50 45 57 14 32 36 55 60 4 24 10 20 26 31 23 56 3 16 35 41 47 44 27 34 15 30 42 2 19 5 21 25 6 9 51 7 33 12 
50 10 3 53 23 40 20 45 9 21 63 32 44 59 19 5 14 27 51 38 47 64 43 60 6 61 62 41 49 34 12 39 15 36 46 28 7 37 48 16 55 22 8 25 17 24 57 54 11 4 26 31 35 52 29 33 13 2 58 1 42 30 18 56 
22 47 16 7 41 5 4 30 27 3 20 10 12 57 26 1 39 35 54 56 49 21 17 25 48 51 38 64 46 58 31 63 45 18 2 40 23 29 44 62 33 15 42 28 52 53 11 6 43 24 60 55 59 9 13 61 50 8 32 14 19 34 36 37 
36 32 27 28 24 60 31 15 8 7 29 2 14 61 4 62 16 58 19 30 57 55 50 33 18 9 40 44 42 52 11 37 56 47 54 49 34 6 22 64 46 1 5 13 10 43 21 12 3 41 38 45 51 39 25 23 17 26 48 35 20 53 59 63 
2 51 33 18 39 56 46 55 54 17 24 11 42 43 41 22 34 36 6 10 28 7 44 45 3 23 30 5 35 53 15 8 19 59 57 58 9 52 13 25 64 14 38 20 26 60 62 61 21 48 63 1 37 12 32 50 47 29 27 16 49 40 4 31 
64 36 32 23 17 8 15 4 22 52 28 18 56 58 24 57 29 16 48 50 30 20 61 49 12 63 44 39 34 46 60 21 35 1 41 55 43 51 40 5 6 31 2 38 27 47 59 14 62 42 9 11 13 25 7 26 10 37 33 45 3 19 54 53 
5 14 2 39 57 43 51 13 21 31 26 27 38 20 35 8 10 34 64 41 11 12 1 19 9 45 56 24 55 15 18 42 7 30 17 53 29 3 16 59 37 36 61 48 46 4 54 25 52 22 32 28 44 58 33 60 6 63 62 40 23 50 49 47 
10 62 49 11 61 44 60 16 2 1 13 63 17 42 54 19 46 15 55 45 26 53 35 14 5 30 41 25 31 37 48 3 28 21 12 39 58 36 34 52 9 23 40 33 32 20 24 51 59 43 50 8 64 47 6 27 57 56 38 4 29 18 22 7 
3 42 21 48 25 41 1 18 36 23 50 39 40 14 45 55 58 47 7 51 63 59 9 56 62 28 6 49 29 33 19 16 32 13 61 64 4 60 8 46 22 57 15 35 5 11 17 43 20 37 24 38 53 31 54 10 34 44 26 12 52 2 30 27 
27 52 45 6 7 54 53 50 12 60 34 29 48 25 10 9 4 21 31 23 22 37 62 44 11 38 32 17 43 20 36 59 2 33 26 63 47 57 15 24 30 49 56 3 18 16 42 8 39 35 46 40 19 1 61 14 28 13 51 64 5 58 55 41 
40 46 63 35 20 58 19 34 37 47 16 61 6 4 32 59 3 38 60 33 5 28 8 27 13 53 14 50 22 51 57 64 31 42 56 9 54 18 11 10 62 52 26 7 29 44 45 1 2 49 23 12 55 41 48 30 43 17 36 39 21 24 15 25 
12 30 24 29 28 31 59 47 15 33 62 64 49 44 3 51 42 2 43 40 36 25 54 13 61 58 26 52 10 8 23 7 22 19 27 37 38 14 6 48 60 21 41 34 53 50 55 39 18 5 4 63 56 57 17 45 20 11 46 32 1 35 16 9 
33 22 37 56 55 38 9 26 11 53 41 30 5 7 43 46 6 17 52 57 18 39 32 24 27 40 35 1 54 4 2 47 50 45 23 25 44 62 20 49 13 28 10 58 19 12 64 63 16 36 21 29 34 51 15 3 14 61 60 42 31 48 8 59 
################proper############## 

 average_time = 13.055531 

 success runs = 1 

 total average iters = 352930.000000 
