Success!!! 
 
 max_col = 
 64 
 
 run_time = 
 6.780792 
 
 once iters = 
 100337 
 
38 33 48 27 61 49 39 23 12 59 10 26 22 57 25 21 5 64 32 54 47 11 17 53 18 36 50 44 14 13 55 41 24 63 6 4 35 9 46 20 8 42 7 45 58 1 37 2 34 51 62 43 29 52 19 60 56 30 40 28 15 16 3 31 
6 58 8 32 16 25 28 7 34 4 17 15 52 54 35 50 10 20 48 19 9 55 62 21 22 11 53 42 12 51 63 2 64 43 41 39 37 38 56 59 5 24 30 40 57 23 31 29 14 61 36 3 46 1 44 13 27 47 60 45 33 26 18 49 
55 9 41 57 40 22 59 17 31 38 1 29 33 60 5 45 7 46 16 30 6 52 43 15 23 8 24 61 56 49 37 62 19 34 10 51 11 36 13 32 3 27 12 50 64 54 35 18 42 25 39 20 28 2 47 26 44 53 21 63 58 48 14 4 
24 2 37 64 4 15 10 3 43 49 58 63 46 18 48 42 13 28 39 56 14 33 26 29 60 31 30 20 32 27 52 17 54 25 47 21 44 57 16 40 19 53 62 36 61 22 9 6 50 45 55 41 8 7 12 59 51 35 5 34 23 38 1 11 
1 51 20 52 56 63 44 31 6 53 36 47 64 61 13 2 23 50 58 60 24 41 45 8 25 3 16 4 43 29 7 5 12 18 49 22 30 62 26 27 34 48 28 21 15 14 39 38 54 40 35 32 33 11 57 17 46 10 9 55 37 42 19 59 
50 5 47 14 13 19 18 42 16 30 44 11 27 8 3 24 49 34 12 40 35 22 51 61 28 9 1 59 46 64 33 15 31 52 60 45 53 7 48 2 25 17 63 26 10 43 32 55 37 4 56 6 23 58 38 21 62 57 39 36 41 29 54 20 
45 46 60 34 36 54 35 11 62 9 56 40 14 32 7 20 2 1 31 63 3 27 42 37 26 19 21 58 47 57 39 38 55 29 5 17 23 61 28 33 51 49 59 4 41 44 52 16 24 18 15 53 64 30 10 48 25 50 22 6 12 43 8 13 
21 53 30 29 62 43 12 26 51 39 28 37 19 23 55 41 36 38 25 4 18 59 57 44 40 6 10 45 34 35 54 48 3 15 1 42 8 50 14 58 33 47 60 20 56 11 13 46 16 27 63 31 5 22 9 49 64 32 17 61 24 2 52 7 
11 14 3 47 52 45 48 32 19 41 12 36 21 26 4 37 40 2 13 9 8 6 54 42 20 35 38 43 17 58 16 27 23 44 56 61 63 24 50 7 62 39 46 55 29 34 1 25 57 59 28 64 51 15 31 5 49 18 33 10 22 53 60 30 
12 27 4 2 59 7 41 18 63 50 47 61 38 16 34 55 20 17 33 51 25 31 14 62 9 30 45 48 49 54 56 13 60 11 22 5 26 1 29 8 6 10 15 42 53 37 64 28 40 35 32 36 19 46 52 43 23 44 58 39 21 3 57 24 
39 24 42 56 6 46 26 62 20 40 60 9 43 25 33 57 27 44 5 22 50 63 34 3 7 53 31 23 28 55 10 19 2 32 4 54 15 64 21 51 41 38 18 61 30 49 36 59 47 1 29 58 16 48 37 12 14 17 13 35 52 8 11 45 
58 57 31 19 63 9 55 22 45 56 13 10 35 64 29 23 53 39 61 15 43 12 48 1 8 46 25 50 5 60 47 40 38 42 28 3 20 16 18 30 14 33 44 32 27 51 2 52 7 21 17 62 54 24 49 11 6 41 4 37 34 36 59 26 
34 44 36 40 1 20 15 30 54 22 14 59 31 5 28 6 55 49 7 64 37 57 21 38 39 24 42 12 41 52 32 4 33 62 19 58 10 27 17 35 26 11 47 13 43 60 45 50 8 23 9 56 18 3 61 53 48 63 2 46 29 51 25 16 
64 60 16 43 25 13 53 28 24 62 11 3 51 48 30 49 56 10 52 45 36 35 47 32 29 59 2 18 44 22 15 57 41 46 34 37 6 55 9 12 17 8 23 58 40 21 54 5 4 26 42 63 20 33 39 14 38 31 61 50 27 19 7 1 
17 49 29 33 10 21 61 38 44 32 8 52 2 1 18 53 11 23 28 46 16 26 60 58 14 62 63 37 51 3 36 64 48 47 43 40 59 39 25 31 22 57 19 9 24 35 4 7 41 6 30 45 13 34 50 27 20 12 54 56 42 55 5 15 
5 35 54 8 51 37 23 50 42 46 7 58 17 15 39 27 4 30 24 41 19 29 18 59 33 61 26 34 21 11 6 1 52 14 45 13 57 53 49 36 16 31 3 12 63 48 20 56 55 44 25 22 2 10 60 38 43 28 47 64 62 40 9 32 
26 18 27 46 2 58 8 5 55 23 33 13 32 41 64 60 29 57 6 50 30 36 59 45 1 20 54 51 7 14 44 49 10 56 39 53 3 37 22 25 47 4 42 19 17 63 40 48 28 11 34 38 24 35 43 62 16 15 12 52 9 31 21 61 
48 54 33 51 42 29 30 10 53 34 40 22 3 19 26 4 44 18 63 24 32 43 13 56 58 28 52 15 23 6 17 12 61 1 38 47 16 35 36 57 21 60 27 2 50 46 8 45 64 9 31 55 49 59 20 39 37 7 14 5 25 11 62 41 
40 19 62 37 12 38 13 59 21 47 30 44 54 52 14 61 39 41 49 28 11 5 35 64 4 57 48 36 25 53 27 9 46 24 55 31 43 20 63 15 7 34 33 56 23 18 29 51 45 42 50 16 3 60 1 58 10 2 6 32 17 22 26 8 
43 61 64 50 47 4 20 63 35 25 45 7 16 27 51 39 60 33 17 58 48 14 3 9 34 37 11 55 38 46 24 10 40 23 2 8 62 42 52 5 59 22 32 28 49 31 12 44 21 29 26 57 30 6 41 15 18 56 19 1 36 13 53 54 
35 6 1 31 15 28 22 53 46 58 43 17 9 59 2 12 47 27 21 8 55 37 20 52 30 50 29 16 63 62 42 32 13 49 7 44 60 11 54 34 61 26 38 5 39 25 41 64 36 10 51 14 56 18 23 19 24 40 48 4 45 57 33 3 
16 32 57 23 55 41 52 24 8 42 20 50 1 49 15 10 62 51 22 31 26 46 4 12 3 39 60 47 45 56 59 18 6 21 64 33 29 17 19 48 58 9 36 14 54 13 11 43 53 7 40 5 61 37 25 2 63 38 27 30 44 35 34 28 
3 34 21 9 7 39 36 56 29 31 6 28 37 62 63 11 19 15 54 25 40 10 38 23 64 41 5 2 13 61 8 22 26 45 50 14 58 18 30 4 53 52 20 1 35 24 16 57 12 32 44 33 48 17 27 47 60 55 43 42 59 49 46 51 
14 25 45 11 49 44 17 60 5 18 24 48 57 38 36 56 42 61 53 1 2 34 16 7 43 33 40 26 31 19 21 35 59 51 9 12 32 28 27 41 37 3 6 10 55 30 62 15 13 8 52 54 22 63 4 46 29 39 64 58 47 50 20 23 
20 3 46 39 23 55 33 29 50 7 48 64 6 17 45 59 54 43 8 42 44 61 30 19 36 15 28 32 26 40 35 31 63 5 53 38 52 14 57 47 60 62 2 24 4 10 51 1 22 34 58 21 27 49 13 18 9 25 11 41 16 12 37 56 
2 31 28 1 57 24 56 19 49 12 52 42 5 11 21 44 50 16 41 32 39 62 9 20 59 18 23 60 61 10 51 34 37 22 46 6 25 43 58 13 38 15 26 35 45 29 48 53 17 54 7 47 63 64 14 33 40 8 36 3 4 30 27 55 
49 43 6 60 21 64 11 61 14 27 63 4 13 37 41 18 57 36 40 52 23 7 31 10 5 16 56 38 48 9 45 46 51 12 30 35 1 26 55 17 42 44 50 34 25 33 19 22 3 15 2 8 59 20 28 24 53 58 62 29 39 54 32 47 
42 22 12 5 41 8 50 16 23 19 61 24 36 34 60 43 25 63 46 3 27 18 64 26 57 7 14 21 4 2 62 52 29 10 54 20 48 32 45 49 28 58 39 17 59 56 47 37 9 55 11 40 35 53 30 1 13 51 44 31 6 15 38 33 
52 59 44 18 37 53 25 45 33 54 22 51 30 9 32 31 35 58 56 38 21 47 12 2 55 13 41 63 64 8 49 39 28 60 3 15 36 23 7 42 27 61 57 6 16 40 43 11 46 62 19 48 26 29 5 4 1 34 24 17 20 10 50 14 
36 38 13 15 58 35 54 34 1 28 62 55 47 39 10 40 22 29 60 33 53 48 5 51 19 17 44 24 30 37 3 50 27 9 59 11 2 4 41 56 63 20 8 64 46 32 14 23 31 16 6 12 52 43 42 25 61 49 7 57 26 21 45 18 
63 48 7 17 30 40 4 51 26 8 29 25 20 46 58 38 14 45 34 55 15 28 37 6 12 47 22 11 27 43 1 53 39 16 62 24 31 33 64 50 49 21 13 54 5 9 18 3 32 56 57 61 44 41 36 10 52 19 23 2 60 59 42 35 
9 47 32 10 26 62 14 27 56 2 15 35 53 3 57 16 59 11 1 17 13 4 24 49 54 29 6 33 20 25 58 42 18 8 61 34 19 44 40 21 12 41 55 7 36 52 30 31 60 38 23 37 39 45 51 50 5 48 28 43 63 46 64 22 
23 29 40 44 35 48 1 20 60 36 21 2 25 63 52 32 24 12 42 11 28 58 55 34 61 54 59 3 62 17 5 33 8 31 27 16 50 22 10 64 45 6 41 43 38 53 15 39 18 19 49 26 9 4 7 37 30 13 46 47 51 14 56 57 
30 42 22 59 18 33 27 52 9 20 31 56 24 53 40 54 46 6 37 7 45 3 63 17 2 4 35 19 8 16 34 44 47 57 23 1 13 12 38 39 48 32 11 51 62 61 26 49 58 41 14 29 25 55 64 28 21 5 50 15 43 60 10 36 
61 63 38 12 45 11 49 43 57 3 64 46 41 58 62 15 52 54 18 48 59 16 1 36 27 32 37 9 40 23 29 56 5 4 51 7 28 60 34 14 2 30 35 25 20 50 21 10 44 17 47 39 31 13 8 42 33 22 53 26 55 6 24 19 
10 4 50 58 32 56 5 46 18 16 37 14 39 44 23 51 38 25 64 61 57 49 19 43 21 63 12 41 55 1 60 26 11 59 15 36 9 52 6 24 54 13 22 47 31 27 17 8 35 30 48 2 53 40 33 3 7 45 20 62 28 34 29 42 
37 26 34 62 53 6 24 41 17 45 38 5 49 22 8 47 32 31 23 44 56 39 15 27 13 43 7 57 11 48 20 28 21 2 63 30 54 25 42 29 52 55 1 3 14 36 33 19 59 50 10 51 60 16 46 61 58 4 35 18 40 9 12 64 
25 36 15 54 14 60 31 8 48 61 50 34 7 28 6 33 21 26 4 20 5 2 40 13 47 10 18 30 53 45 64 51 17 3 32 19 55 46 35 62 9 29 16 37 42 59 58 24 56 43 1 27 57 12 11 22 39 52 63 23 38 41 49 44 
19 7 39 16 9 17 3 64 10 35 59 1 55 4 43 13 33 14 62 29 51 30 22 47 6 42 49 25 52 31 50 58 45 26 40 18 41 56 20 53 57 28 34 44 60 5 46 12 23 24 38 15 36 54 21 63 2 11 8 27 32 61 48 37 
57 21 2 55 28 47 51 13 30 29 19 27 42 12 11 26 41 60 9 53 10 8 50 35 38 22 15 14 39 24 46 36 44 48 58 43 33 49 37 61 4 56 64 23 18 7 63 40 52 5 20 34 45 62 32 6 3 1 16 59 54 25 31 17 
33 40 10 24 19 30 43 55 27 11 49 23 45 21 1 52 8 7 35 34 38 32 39 18 17 44 36 54 42 63 31 61 9 13 29 2 4 51 59 37 56 12 5 62 22 3 53 20 25 57 64 60 15 14 48 41 47 6 26 16 50 28 58 46 
8 45 52 25 54 42 32 39 36 5 2 31 56 35 47 19 51 21 14 26 22 53 11 55 49 40 13 1 3 28 12 20 7 64 24 41 27 48 60 43 46 37 10 38 44 58 23 4 6 63 61 17 34 50 59 16 57 33 15 9 18 62 30 29 
4 1 9 48 11 27 2 6 13 51 39 16 18 10 22 7 28 42 57 37 12 56 46 54 52 60 62 5 50 59 41 29 58 30 36 26 61 19 33 44 31 43 14 15 32 47 25 63 20 53 3 49 40 21 45 35 8 24 55 38 64 17 23 34 
31 23 49 35 22 5 34 44 61 33 54 43 28 40 50 58 63 47 36 62 4 64 25 30 45 26 55 6 16 21 38 24 32 17 20 57 14 15 3 46 29 59 51 39 1 2 60 9 10 37 13 7 12 27 18 8 19 42 56 11 48 52 41 53 
53 28 51 20 38 14 21 58 15 55 57 60 63 29 42 64 61 19 27 43 1 40 41 24 37 25 9 56 2 33 18 7 34 35 16 49 22 45 12 52 50 54 17 30 48 8 6 13 5 47 46 11 62 32 26 23 31 59 3 44 10 4 36 39 
41 16 17 13 29 59 62 57 4 44 3 32 12 30 53 9 31 48 50 2 20 60 6 5 46 58 8 22 19 15 43 47 1 39 21 10 40 63 11 23 64 18 24 27 34 26 49 42 51 36 33 28 55 38 56 52 54 14 37 7 61 45 35 25 
15 37 56 7 50 26 46 12 59 6 41 38 8 24 17 25 9 3 10 13 29 23 49 33 48 34 39 64 35 32 57 14 53 55 42 62 18 5 47 28 11 40 52 16 19 45 61 36 30 58 43 1 4 31 54 44 22 20 51 21 2 27 63 60 
47 64 61 3 60 18 63 36 37 26 46 62 48 14 20 34 15 52 45 59 58 17 44 16 11 51 4 27 10 30 53 23 50 6 25 56 38 8 31 54 35 7 21 33 28 55 57 41 2 39 24 9 42 19 22 29 12 43 1 13 49 32 40 5 
22 41 23 26 44 31 57 15 2 52 32 53 61 6 37 1 30 8 29 36 34 20 7 60 62 21 19 10 58 18 28 63 14 50 12 55 64 40 24 16 43 51 49 48 3 39 59 54 38 46 4 42 11 47 17 45 35 9 25 33 56 5 13 27 
59 20 19 53 17 3 38 9 25 24 55 30 40 7 56 63 43 37 2 39 54 21 32 57 42 27 64 49 36 12 22 45 62 61 18 60 46 6 4 11 23 35 31 29 13 41 44 58 48 33 5 52 1 26 34 51 28 16 10 14 8 47 15 50 
13 30 24 4 5 16 6 2 47 21 27 54 23 51 59 35 12 56 38 10 64 45 61 40 50 1 57 8 60 44 48 11 15 53 37 28 49 29 39 19 20 63 9 46 33 17 42 32 62 14 18 25 58 36 3 55 41 26 34 22 31 7 43 52 
56 10 25 21 34 1 47 14 41 15 16 57 11 13 46 29 18 24 3 5 33 42 28 48 51 23 43 52 37 7 26 6 20 38 35 63 17 31 8 9 36 45 61 60 12 19 55 62 27 2 22 44 50 39 53 64 59 54 32 49 30 58 4 40 
27 39 55 61 46 36 42 40 64 17 4 12 44 50 9 8 26 59 47 49 52 25 58 63 35 14 20 31 29 38 13 3 57 54 33 48 51 30 43 45 1 2 56 22 37 15 5 34 19 60 41 10 7 28 16 32 11 21 18 24 53 23 6 62 
7 52 35 63 48 50 45 54 28 43 18 39 26 20 38 62 1 22 19 6 41 9 53 11 15 55 34 17 33 47 40 30 25 58 13 59 5 3 32 10 24 16 4 57 8 64 27 14 49 31 21 23 37 61 29 56 36 60 42 51 46 44 2 12 
60 8 18 49 43 51 58 37 22 14 34 45 10 33 31 36 16 55 44 35 62 13 23 50 56 5 32 46 24 39 4 54 42 41 52 27 7 47 2 1 30 25 53 11 21 28 38 26 15 20 12 59 6 57 40 9 17 3 29 48 19 64 61 63 
62 12 11 28 64 32 29 33 3 60 5 49 58 42 19 48 17 4 51 14 46 15 27 31 16 2 61 53 59 41 9 25 56 36 26 23 21 34 44 22 18 50 40 52 7 6 10 47 63 13 54 35 43 8 24 30 55 37 45 20 57 1 39 38 
54 55 58 42 3 52 64 49 11 48 51 6 4 45 24 14 37 40 20 21 31 44 29 22 10 38 33 13 15 26 23 43 16 27 8 32 34 59 1 18 39 46 25 41 9 62 7 17 61 12 53 19 47 5 63 57 50 36 30 60 35 56 28 2 
44 56 14 22 24 10 16 47 52 1 42 19 34 36 61 30 58 53 11 23 60 54 8 4 41 45 46 39 18 20 2 21 35 28 57 25 12 13 51 63 55 64 48 59 26 38 3 33 43 49 27 50 32 9 62 7 15 29 31 40 5 37 17 6 
32 13 59 45 20 34 9 25 40 10 53 21 15 56 49 28 3 62 55 12 7 1 33 41 31 52 51 29 54 50 11 60 30 19 48 46 47 2 5 38 44 23 58 18 6 16 24 61 39 64 37 4 17 42 35 36 26 27 57 8 14 63 22 43 
18 50 26 36 33 2 37 21 58 57 35 8 62 43 16 46 6 32 30 27 63 24 52 25 53 12 17 40 9 42 14 55 49 7 11 64 56 41 61 3 10 5 54 31 47 20 28 60 29 22 45 13 38 51 15 34 4 23 59 19 1 39 44 48 
46 11 53 6 8 23 40 4 39 13 25 20 59 55 54 17 34 5 15 47 61 38 10 28 44 49 27 7 22 36 30 37 43 33 14 9 42 21 62 26 32 19 29 63 51 57 50 35 1 48 60 18 41 56 2 31 45 64 52 12 3 24 16 58 
51 15 43 38 39 61 60 1 7 63 9 41 50 31 44 22 64 35 26 18 42 19 2 14 32 48 3 62 57 5 25 16 4 37 17 29 24 58 53 55 13 36 45 8 52 12 56 27 33 28 59 30 10 23 6 40 34 46 49 54 11 20 47 21 
28 17 5 30 27 57 19 48 38 64 23 18 29 2 12 3 45 13 43 16 49 51 36 46 63 56 47 35 6 4 61 59 22 20 31 50 39 10 15 60 40 1 37 53 11 42 34 21 26 52 8 24 14 44 58 54 32 62 41 25 7 33 55 9 
29 62 63 41 31 12 7 35 32 37 26 33 60 47 27 5 48 9 59 57 17 50 56 39 24 64 58 28 1 34 19 8 36 40 44 52 45 54 23 6 15 14 43 49 2 4 22 30 11 3 16 46 21 25 55 20 42 61 38 53 13 18 51 10 
################proper############## 

 average_time = 6.780792 

 success runs = 1 

 total average iters = 100337.000000 
