Success!!! 
 
 max_col = 
 64 
 
 run_time = 
 6.729147 
 
 once iters = 
 100957 
 
10 54 57 26 40 52 50 58 39 41 55 43 45 19 14 56 25 51 38 59 27 63 60 64 9 34 6 22 13 31 2 36 42 1 33 35 17 7 20 48 46 18 44 3 23 11 29 30 15 49 28 24 4 21 16 53 8 62 47 61 5 37 12 32 
53 61 46 64 8 13 63 44 29 2 48 25 32 59 31 47 6 35 11 52 58 3 42 20 40 45 17 50 1 57 27 30 37 21 4 18 49 38 9 19 54 39 36 51 7 15 60 12 56 43 22 62 41 14 5 10 23 55 28 16 34 26 24 33 
7 45 20 29 21 47 18 39 60 16 42 12 61 46 11 49 37 40 1 28 24 9 4 36 59 32 10 53 62 52 19 44 23 57 34 25 30 58 2 63 56 43 64 41 8 13 22 5 26 35 50 6 55 54 33 48 31 27 3 14 17 38 15 51 
37 19 36 16 55 42 28 60 23 21 50 9 53 40 6 51 30 61 47 31 62 22 17 12 63 24 14 11 41 39 43 4 15 52 44 10 3 5 54 13 48 35 32 20 34 38 26 33 29 59 8 64 27 46 57 25 56 58 45 7 2 1 18 49 
59 11 34 49 14 23 31 62 35 63 28 33 37 7 30 1 39 15 8 26 18 43 50 2 29 48 38 3 54 5 55 25 46 61 51 16 22 32 64 56 9 21 19 4 45 27 10 24 58 17 36 44 40 47 12 42 52 13 6 60 20 57 53 41 
6 1 30 17 35 12 41 27 57 54 36 5 24 38 64 13 29 19 44 32 34 10 55 48 21 15 20 47 37 56 33 26 39 62 45 8 59 53 14 50 58 31 40 28 61 49 16 52 3 9 7 51 60 2 18 23 46 63 11 25 4 22 42 43 
22 48 56 24 9 2 5 15 17 20 3 10 4 27 34 44 41 13 57 33 46 53 49 23 60 18 51 12 7 8 16 58 43 31 28 29 40 11 26 47 62 42 55 14 25 6 37 1 45 32 39 19 52 63 61 38 59 35 54 64 36 30 21 50 
51 4 25 32 38 3 33 43 15 22 62 52 8 26 18 58 56 21 16 45 7 14 5 54 46 42 28 61 35 49 23 64 60 55 36 12 27 6 41 24 47 17 63 59 2 53 57 50 31 1 37 34 11 13 30 20 44 40 48 29 9 39 10 19 
48 51 37 13 12 10 54 4 56 43 63 44 33 32 2 38 3 1 58 22 36 27 61 30 52 46 49 29 59 41 14 19 17 16 20 6 25 62 21 11 57 47 34 60 26 39 35 8 7 23 15 40 31 24 50 28 64 45 5 42 18 53 55 9 
2 22 1 60 30 5 6 9 26 61 21 51 10 37 15 52 59 7 29 54 44 12 39 34 45 35 36 31 25 53 42 47 27 4 49 63 57 50 40 43 13 32 3 11 55 23 19 38 18 64 20 41 17 16 62 33 28 56 46 48 24 8 14 58 
58 28 49 61 26 15 34 3 27 59 31 55 35 23 1 18 21 42 24 47 17 46 2 52 62 60 50 4 11 20 64 6 14 39 9 38 44 48 29 51 45 22 33 53 16 63 41 54 8 19 13 30 43 56 10 5 12 32 37 36 40 25 7 57 
63 50 44 25 7 57 11 38 30 48 8 29 36 14 17 41 64 55 31 9 60 56 13 10 1 16 27 33 51 43 28 22 18 32 53 45 35 34 12 5 37 52 24 15 4 21 40 61 46 2 3 58 42 39 47 6 62 20 49 23 19 54 26 59 
16 40 42 31 18 62 23 52 64 24 60 4 13 12 39 20 49 25 35 15 53 11 8 57 5 58 26 7 61 3 48 17 33 36 41 47 19 22 46 55 1 44 14 56 28 2 30 9 38 21 27 59 32 37 54 45 51 43 29 6 50 10 34 63 
24 33 32 14 59 8 43 20 28 47 19 16 58 9 57 46 4 63 50 37 45 23 6 40 15 2 18 34 38 21 30 39 10 7 3 26 54 42 56 64 51 5 29 36 62 48 31 17 25 61 60 55 53 49 11 12 1 22 35 52 44 41 13 27 
39 41 45 19 53 46 35 29 3 62 11 50 42 22 54 34 5 28 43 16 26 32 20 51 56 55 8 44 10 40 37 24 59 2 52 23 60 13 58 30 25 64 6 27 12 7 49 18 14 4 9 36 48 57 1 63 15 61 17 31 21 33 38 47 
64 17 55 56 36 27 47 21 5 49 7 53 25 6 45 40 62 14 33 19 38 48 18 41 54 12 23 57 32 9 13 63 28 15 24 31 1 37 61 8 42 20 59 10 50 43 46 58 51 44 35 22 26 29 34 52 30 39 2 11 60 3 16 4 
11 58 54 45 61 41 7 14 4 25 15 40 16 13 63 60 27 34 48 64 50 59 36 19 39 8 35 28 24 32 10 1 30 38 21 42 33 12 44 49 43 53 62 37 17 31 20 29 55 6 5 9 56 22 51 18 57 46 52 3 47 23 2 26 
50 21 23 10 24 44 57 47 12 46 43 34 31 8 38 48 1 9 41 6 51 60 22 61 3 5 13 20 33 58 49 18 19 37 59 64 28 14 53 7 16 15 26 30 35 4 52 36 40 39 29 2 63 62 25 32 27 11 56 17 45 55 54 42 
40 20 15 63 60 48 42 22 9 51 53 49 3 21 37 57 26 52 7 2 4 44 14 35 55 36 56 43 6 45 38 62 1 5 16 34 8 27 23 58 64 33 39 46 54 18 25 28 61 41 47 11 24 50 17 31 29 19 32 13 10 12 59 30 
13 6 59 9 31 53 1 56 58 55 39 2 26 50 42 19 17 10 5 20 32 29 23 46 12 41 22 48 30 44 52 15 63 25 61 40 11 43 60 35 27 7 38 47 14 34 8 49 16 54 64 28 3 45 36 57 21 37 24 33 51 62 4 18 
49 39 19 28 32 25 17 33 45 29 47 24 30 11 20 35 31 37 62 18 21 55 54 8 42 51 60 16 53 23 50 9 57 10 6 15 2 52 22 26 5 41 12 61 56 3 59 63 27 58 38 14 46 7 4 13 34 44 1 43 48 36 64 40 
38 43 62 27 52 36 29 35 44 23 6 56 5 61 28 10 16 57 42 13 12 33 47 15 25 40 64 46 21 17 4 7 32 41 39 3 55 54 18 45 50 1 48 2 51 19 24 11 34 26 49 20 37 30 8 59 63 14 60 53 58 9 22 31 
4 8 64 12 16 18 2 55 62 14 22 59 1 17 36 27 58 24 3 63 25 45 30 49 26 54 31 37 19 11 34 29 50 46 13 56 51 47 48 20 10 60 23 9 40 32 44 57 43 52 42 33 15 53 21 35 6 41 38 28 7 5 61 39 
34 3 5 46 51 30 37 26 52 18 32 7 54 33 41 64 28 53 39 43 56 38 40 11 61 27 47 63 14 59 57 2 29 24 17 9 62 4 36 31 55 45 58 13 21 22 6 42 44 60 19 12 10 48 23 1 16 25 8 49 15 50 20 35 
57 59 3 51 20 26 13 11 24 36 56 6 48 64 49 37 54 5 21 41 43 30 46 7 58 53 29 45 22 50 25 33 38 27 1 14 52 40 62 44 35 4 31 32 42 60 23 47 28 34 10 17 61 18 55 9 39 12 19 15 63 16 8 2 
15 24 6 23 5 58 64 8 34 9 38 1 59 51 47 42 48 22 32 40 19 28 53 4 14 39 41 10 2 55 7 27 26 11 35 17 18 25 63 29 49 56 54 62 37 36 33 43 57 13 30 31 16 12 44 21 45 3 61 20 52 46 50 60 
45 47 40 62 34 61 49 32 33 39 54 58 57 16 50 12 55 36 13 23 20 24 56 9 48 31 1 60 44 35 15 52 21 64 30 41 42 59 6 53 19 28 51 26 38 17 18 46 63 5 14 43 8 3 2 27 10 4 7 22 25 29 37 11 
28 53 43 52 25 19 30 10 31 11 13 27 15 5 7 29 47 44 61 12 1 18 35 60 34 17 63 54 57 46 20 37 36 51 32 2 50 39 45 16 14 58 9 8 22 41 3 40 23 62 24 49 38 59 26 4 33 6 21 55 42 64 56 48 
44 16 31 21 48 63 9 7 14 17 25 60 46 55 10 32 42 29 49 39 2 64 26 38 19 11 59 6 36 62 24 28 8 33 56 4 12 3 57 23 15 61 5 52 1 20 13 45 22 37 53 47 50 58 41 54 35 18 43 40 30 27 51 34 
1 18 17 35 4 33 22 2 21 52 40 20 23 41 3 43 34 27 10 57 63 6 37 62 32 30 42 64 16 38 8 49 13 58 54 7 61 24 28 15 29 48 11 50 53 12 55 25 39 56 45 46 51 60 19 36 47 26 44 9 59 14 31 5 
27 14 38 54 42 60 56 50 2 30 4 61 28 45 62 22 33 58 15 17 11 8 3 25 51 26 9 13 40 18 5 12 49 19 46 55 43 31 47 37 39 10 21 16 59 44 63 34 48 7 6 52 20 35 29 64 32 1 53 57 41 24 36 23 
12 55 41 36 39 29 46 37 63 8 35 19 44 18 53 26 50 31 59 14 52 16 51 45 43 3 4 23 47 61 21 56 34 22 60 48 5 20 10 9 24 27 57 64 6 30 7 2 33 40 25 32 1 11 42 15 13 49 62 58 54 17 28 38 
61 25 21 37 28 14 12 45 48 38 24 36 51 15 23 8 57 49 40 7 41 54 64 55 47 52 39 5 58 19 6 20 22 44 63 46 53 35 59 18 34 29 27 42 43 16 4 62 9 11 26 10 30 33 32 3 50 17 13 2 1 31 60 56 
26 63 22 7 23 24 10 34 53 37 12 21 20 49 13 59 45 11 17 60 47 31 29 28 44 64 55 8 27 30 46 51 54 3 42 39 38 2 15 33 36 9 1 40 19 58 32 14 52 57 62 50 18 61 35 56 41 5 25 4 16 48 43 6 
32 31 16 43 2 59 39 51 61 19 1 30 56 62 35 54 8 20 6 10 37 13 63 5 24 14 48 42 50 25 26 41 11 9 12 36 23 21 49 28 33 38 47 22 18 46 53 55 4 45 58 29 44 17 15 60 7 57 27 34 64 40 3 52 
36 46 27 3 64 49 4 30 6 5 41 57 39 2 60 17 15 48 18 34 33 35 25 58 16 62 11 9 56 29 54 53 47 45 40 61 37 51 24 52 31 8 13 21 10 50 12 7 1 38 23 63 59 43 14 22 42 28 26 19 55 20 32 44 
8 42 50 6 41 38 44 19 25 58 29 3 22 43 4 28 2 62 12 36 14 39 59 21 33 49 32 1 63 10 18 31 7 60 27 20 16 57 5 34 52 51 56 17 11 26 61 37 13 48 46 54 64 55 40 24 53 9 15 47 23 35 30 45 
33 60 29 1 62 55 40 13 47 50 18 63 64 31 52 9 61 38 53 44 42 4 19 56 37 23 12 35 34 15 59 43 6 17 8 32 14 26 30 25 3 57 45 48 5 24 28 20 49 16 2 21 7 41 27 39 22 54 10 51 11 58 46 36 
17 56 47 53 58 9 15 18 46 7 27 14 11 34 40 45 23 3 26 50 16 52 32 1 36 61 57 38 4 60 22 13 31 43 29 62 48 64 55 10 44 30 35 49 41 54 2 59 5 28 51 25 6 42 20 19 37 24 63 39 8 21 33 12 
20 5 48 57 11 35 52 54 10 42 16 26 55 44 32 33 22 30 46 27 9 51 24 43 7 21 2 17 3 28 40 45 56 13 58 1 41 19 50 4 60 23 25 39 63 64 15 6 47 31 12 53 34 36 37 8 61 59 18 38 14 49 29 62 
42 27 8 20 50 64 62 59 55 4 61 48 9 47 43 3 32 60 63 21 49 37 16 24 10 38 25 26 12 51 58 11 44 30 31 19 45 33 52 54 40 13 28 6 57 29 36 15 2 14 1 23 39 5 53 17 18 7 34 35 22 56 41 46 
52 23 14 18 15 16 19 46 41 60 59 28 21 57 51 5 20 12 36 61 35 34 44 26 22 56 30 39 8 48 31 42 62 6 64 58 24 9 3 2 17 55 4 1 49 47 54 53 37 25 32 7 45 40 13 29 43 50 33 27 38 63 11 10 
60 9 26 55 22 54 45 28 7 31 33 46 52 42 56 63 18 43 23 8 6 1 58 59 13 4 3 62 15 64 47 40 16 34 14 57 36 29 39 12 61 2 10 25 44 35 5 41 21 27 11 38 19 51 24 50 48 30 20 37 53 32 49 17 
41 10 7 34 13 1 21 48 50 26 17 23 29 54 24 62 9 56 19 46 31 47 38 39 6 20 5 55 45 27 61 57 53 63 11 60 15 49 35 40 59 12 8 33 32 37 42 3 30 18 52 16 22 64 43 58 36 51 4 44 28 2 25 14 
31 35 2 44 6 56 61 24 11 10 34 13 12 30 8 36 53 45 51 25 64 5 33 3 50 28 54 21 23 7 41 32 4 20 26 43 47 17 37 22 63 16 18 38 27 9 14 60 42 46 55 48 57 15 49 62 40 52 58 59 39 19 1 29 
3 32 53 33 29 39 36 49 16 35 2 64 38 25 58 6 40 4 52 30 55 41 11 50 17 19 44 18 46 37 63 14 48 59 7 13 21 28 1 27 26 34 22 23 24 45 43 51 60 10 56 61 12 20 31 47 9 15 57 8 62 42 5 54 
47 38 63 40 17 4 25 57 49 32 20 37 14 39 19 53 13 54 27 62 28 7 15 22 2 43 24 52 29 16 1 59 41 8 18 5 10 46 51 42 21 11 30 58 31 56 50 48 6 36 33 26 35 44 9 34 3 60 64 12 61 45 23 55 
5 30 11 58 37 43 51 12 22 45 44 18 40 1 27 15 10 17 14 42 48 2 57 29 49 9 33 36 60 34 53 35 61 23 55 50 32 56 25 38 20 19 52 7 46 62 64 39 59 3 54 4 28 8 63 41 26 16 31 21 13 47 6 24 
25 52 60 50 43 21 16 31 38 13 26 17 63 28 61 14 46 18 64 51 3 15 9 32 30 1 40 2 48 6 44 23 58 47 19 53 4 55 27 39 7 59 41 24 29 5 45 56 62 33 34 42 49 10 22 37 20 36 12 54 35 11 57 8 
35 12 58 39 57 11 48 1 20 6 30 32 43 29 16 2 44 47 54 38 13 36 28 14 41 63 45 25 42 24 60 61 9 18 37 33 7 8 31 3 4 62 50 19 15 51 17 10 64 53 40 56 5 23 52 55 49 34 22 46 26 59 27 21 
19 2 28 30 56 22 3 64 8 33 58 45 27 52 21 31 60 39 34 49 10 42 41 63 4 57 16 51 55 12 32 5 24 14 23 54 26 15 11 59 53 36 37 43 20 40 38 44 35 47 61 18 9 25 7 46 17 29 50 62 6 13 48 1 
23 26 4 41 44 51 32 42 19 53 10 54 62 56 59 11 12 8 22 48 57 61 7 33 20 29 15 27 64 36 9 34 35 49 2 52 63 60 17 6 30 3 46 55 47 25 21 13 24 50 43 45 58 1 28 14 38 31 40 5 37 18 39 16 
55 15 33 5 27 37 20 63 42 40 9 41 7 48 44 4 24 16 45 56 23 62 21 6 18 13 53 49 52 47 39 3 12 50 38 22 46 1 32 36 8 26 60 34 64 14 58 35 11 29 17 57 54 31 59 30 25 2 51 10 43 28 19 61 
62 49 61 8 54 45 24 17 18 34 5 22 47 3 46 23 19 59 55 4 40 20 1 37 35 7 43 14 28 26 11 50 25 29 10 51 13 44 42 57 12 6 2 63 9 33 48 31 32 15 21 27 36 38 39 16 60 53 41 30 56 52 58 64 
29 7 13 47 10 6 59 53 36 57 64 39 49 24 25 55 43 50 30 35 5 58 31 27 38 37 21 19 17 22 56 46 40 48 62 28 20 16 34 41 11 54 61 18 52 42 1 32 12 51 63 8 2 4 60 26 14 23 9 45 33 15 44 3 
18 36 9 38 46 34 14 40 51 1 37 15 60 35 12 50 11 2 25 53 29 26 52 17 8 10 58 59 31 33 62 54 45 56 5 21 64 30 43 61 23 49 16 57 39 28 27 22 19 20 41 3 13 6 48 44 24 42 55 63 32 4 47 7 
56 13 24 48 1 31 26 16 43 27 46 42 18 58 33 30 52 6 2 29 59 40 12 47 53 50 61 32 5 4 3 38 20 28 15 49 39 23 19 60 22 37 17 54 36 55 51 21 10 63 44 35 62 9 64 7 11 8 14 41 57 34 45 25 
21 62 12 15 63 50 8 5 13 3 45 31 6 53 29 39 51 26 28 1 54 25 27 18 64 59 19 58 9 42 17 55 2 40 48 37 34 61 38 32 41 14 20 44 30 10 11 16 36 24 57 60 33 52 46 43 4 47 23 56 49 7 35 22 
46 57 52 4 49 28 60 6 40 64 14 8 2 63 48 61 36 23 20 5 30 50 43 16 27 22 7 56 18 54 45 21 55 35 47 44 29 41 13 62 38 24 15 12 33 1 34 26 17 42 59 37 25 19 3 11 58 10 39 32 31 51 9 53 
54 34 35 22 3 7 38 41 37 44 49 11 19 4 9 24 14 32 60 58 61 57 10 13 28 47 46 30 39 63 51 16 64 42 25 27 31 36 8 21 6 50 53 45 48 52 62 23 20 55 18 5 29 26 56 40 2 33 59 1 12 43 17 15 
14 37 18 59 45 40 55 36 1 15 51 35 41 20 5 7 63 33 9 11 8 21 34 53 23 44 52 24 43 2 29 60 3 26 22 30 6 10 4 17 28 25 42 31 58 57 56 27 54 12 48 39 47 32 38 49 19 64 16 50 46 61 62 13 
9 44 10 42 19 32 58 61 54 28 23 47 34 36 55 25 35 41 4 24 22 17 45 31 57 33 62 40 20 14 12 48 51 53 43 11 56 63 7 1 18 46 49 29 13 59 39 64 50 8 16 15 21 27 6 2 5 38 30 26 3 60 52 37 
43 64 39 11 47 20 27 25 32 12 57 62 17 10 22 16 38 46 56 3 15 49 48 42 31 6 37 41 26 13 35 8 52 54 50 59 58 18 33 14 2 63 7 5 60 61 9 19 53 30 4 1 23 34 45 51 55 21 36 24 29 44 40 28 
30 29 51 2 33 17 53 23 59 56 52 38 50 60 26 21 7 64 37 55 39 19 62 44 11 25 34 15 49 1 36 10 5 12 57 24 9 45 16 46 32 40 43 35 3 8 47 4 41 22 31 13 14 28 58 61 54 48 42 18 27 6 63 20 
################proper############## 

 average_time = 6.729147 

 success runs = 1 

 total average iters = 100957.000000 
