Success!!! 
 
 max_col = 
 64 
 
 run_time = 
 6.875380 
 
 once iters = 
 113150 
 
55 58 42 49 25 46 19 21 11 35 4 10 40 20 6 47 45 54 27 34 44 50 30 64 57 3 26 17 18 37 13 56 15 51 5 63 48 41 36 9 2 29 53 38 32 23 33 24 62 31 22 12 61 1 8 39 16 43 60 59 28 52 7 14 
60 12 57 18 30 26 37 52 13 32 59 15 64 1 48 27 51 47 39 25 17 56 49 3 31 53 19 2 40 23 63 6 61 21 34 50 62 14 7 16 54 36 44 58 55 8 28 10 41 45 38 46 20 33 43 24 29 4 11 5 22 35 42 9 
20 28 63 4 11 15 8 32 50 39 42 55 56 57 61 36 22 16 48 1 26 40 58 19 46 62 35 49 64 27 21 5 43 60 29 24 59 53 38 54 3 41 51 18 31 52 37 7 17 23 2 14 25 6 9 47 10 34 44 13 33 12 45 30 
24 6 64 38 17 34 36 14 22 5 43 53 51 46 33 21 37 12 61 8 31 7 23 59 10 9 41 60 48 52 45 29 35 2 1 4 58 13 30 20 47 11 63 16 49 50 27 42 3 15 28 19 44 54 32 55 25 56 62 40 26 39 18 57 
51 45 41 22 10 61 23 13 44 2 49 25 3 18 9 26 63 29 20 24 62 14 38 60 43 58 33 15 50 7 16 34 42 17 8 19 28 31 56 11 1 35 46 12 5 39 4 30 36 52 59 40 37 53 64 57 55 21 32 47 48 6 54 27 
2 54 31 3 43 40 29 44 17 58 19 34 37 45 41 23 36 11 32 28 33 57 35 5 42 38 22 14 59 1 39 20 55 12 49 10 27 64 47 52 26 25 6 56 9 62 48 13 51 7 4 60 16 18 21 30 50 8 63 53 15 24 61 46 
53 48 35 33 62 56 39 59 28 31 63 7 16 12 54 60 15 18 52 55 13 9 4 43 30 8 36 11 47 61 25 24 22 46 6 40 32 57 37 44 20 21 19 14 45 64 34 17 42 29 49 5 10 50 27 26 2 41 51 58 1 23 38 3 
16 9 27 50 7 47 5 1 62 24 14 29 8 52 30 38 46 21 2 6 53 10 42 41 51 4 44 32 12 28 55 54 3 33 18 26 39 25 23 45 57 59 60 22 15 61 43 40 56 13 58 48 34 11 63 35 20 37 36 31 64 49 19 17 
10 13 34 48 21 12 45 6 61 27 47 28 11 31 51 58 38 36 43 37 35 15 20 46 63 40 52 29 26 60 24 50 25 41 54 53 56 62 8 4 5 9 33 42 23 14 39 18 1 32 16 59 7 49 17 19 64 44 30 22 3 2 57 55 
47 33 40 44 50 8 3 56 36 18 13 54 5 24 2 52 1 31 63 27 51 55 11 42 23 49 12 43 22 39 59 16 19 29 57 17 15 7 20 64 6 38 35 21 58 41 30 32 28 25 10 61 45 37 53 62 9 46 48 26 4 14 34 60 
61 19 49 24 26 57 51 30 8 63 53 60 35 59 38 43 58 17 64 23 5 25 21 14 33 37 32 9 54 44 7 1 48 50 3 6 10 55 28 34 45 15 62 20 27 2 11 29 4 18 56 36 46 22 13 12 40 47 52 42 39 16 41 31 
54 53 22 29 28 27 59 5 23 12 33 32 14 62 20 41 3 48 26 52 34 39 16 57 4 45 56 8 2 55 51 25 60 18 24 43 40 46 1 58 61 47 13 63 44 17 49 64 6 9 50 35 30 31 42 38 11 7 10 19 36 21 37 15 
15 41 18 1 55 39 9 60 30 25 7 21 48 34 29 42 49 56 10 4 2 12 53 28 62 35 13 6 27 46 47 14 36 61 38 5 26 37 31 63 22 19 59 40 51 16 8 57 64 58 11 54 23 44 3 52 43 32 17 45 24 50 20 33 
23 11 4 52 63 36 32 62 19 64 56 49 26 10 37 57 59 33 50 22 45 8 44 24 17 21 61 41 28 42 15 53 39 16 2 35 30 9 13 47 43 46 54 3 48 31 7 12 40 27 5 55 14 60 20 34 6 38 18 29 51 25 58 1 
35 14 46 31 38 64 17 43 6 44 50 40 9 22 16 1 60 30 41 47 32 61 18 7 19 48 5 20 3 57 36 58 49 45 11 42 33 12 21 23 37 52 55 10 26 4 25 34 29 63 24 39 8 2 51 15 62 54 53 28 56 13 27 59 
7 37 25 42 58 20 2 16 3 4 15 39 46 55 17 45 19 40 54 9 6 62 13 29 34 31 64 18 30 10 11 38 44 27 59 14 51 52 22 32 50 56 28 24 53 36 1 60 21 57 41 26 43 47 33 48 61 12 49 63 35 8 23 5 
46 56 53 37 33 1 40 38 64 42 61 8 41 51 19 54 43 22 57 30 23 20 32 27 25 15 47 12 44 5 60 55 14 58 31 39 63 49 29 26 24 13 16 2 36 21 62 45 52 59 9 17 4 28 7 50 48 35 3 18 11 34 6 10 
58 44 51 39 19 6 27 55 43 3 38 47 28 21 11 13 2 15 4 18 60 64 26 16 45 61 50 57 32 41 10 49 7 56 17 33 24 59 5 48 9 14 31 37 34 54 42 20 8 1 63 30 40 62 35 53 23 36 46 52 29 22 25 12 
5 2 43 28 24 52 50 41 31 62 35 33 55 48 12 30 40 45 46 59 14 29 47 10 11 1 9 34 36 19 8 63 16 15 51 32 21 4 6 57 18 26 23 17 61 53 3 25 13 64 42 58 22 27 37 20 44 49 39 54 7 56 60 38 
64 31 48 7 18 63 57 8 4 46 16 45 1 14 34 56 25 49 13 42 3 28 39 37 35 6 54 53 51 58 17 27 2 62 22 44 20 61 9 40 15 60 41 33 19 11 12 52 43 10 36 23 21 24 38 29 30 50 55 32 59 47 5 26 
3 36 15 16 29 59 60 34 49 6 17 24 53 40 32 7 61 5 62 58 12 52 19 21 13 64 23 26 43 20 14 22 30 38 37 45 46 11 25 27 35 10 56 51 28 48 63 50 54 44 47 57 18 39 55 41 33 2 9 4 42 31 1 8 
45 21 10 17 32 62 4 12 26 9 20 36 2 27 50 15 24 6 11 7 54 44 33 35 59 29 39 30 52 48 18 3 41 1 47 8 23 34 55 42 49 58 5 57 43 40 38 22 31 56 60 25 51 16 46 14 53 28 19 61 63 37 13 64 
11 49 61 30 47 13 25 20 60 57 22 37 23 44 63 39 50 9 1 38 8 53 51 34 56 42 16 21 46 31 4 62 54 10 36 18 52 35 43 28 55 6 29 59 64 7 32 27 26 48 33 3 5 12 19 2 41 58 45 15 40 17 14 24 
42 22 26 54 9 14 35 23 52 10 29 59 25 58 5 18 56 41 31 17 63 48 36 55 2 24 28 40 37 38 33 7 53 3 12 64 19 60 50 13 30 44 4 1 8 46 47 39 32 34 6 11 49 15 61 45 51 57 20 27 16 62 21 43 
32 25 14 64 20 9 38 26 57 56 40 51 59 47 18 3 48 50 49 39 41 33 43 30 16 2 45 55 17 62 46 21 23 4 15 37 6 63 60 5 7 34 58 52 54 42 19 28 53 12 8 1 27 29 10 44 36 11 35 24 31 61 22 13 
4 52 17 6 42 22 61 29 33 14 37 23 15 50 24 8 32 7 5 21 56 11 45 44 41 13 34 19 25 63 27 35 26 40 55 9 53 58 62 1 59 18 48 46 10 38 51 16 57 39 31 43 28 30 36 54 12 60 47 3 2 20 64 49 
43 50 12 40 44 48 58 51 5 53 62 17 60 28 46 63 55 35 8 31 4 36 37 54 22 10 1 52 9 32 26 30 45 13 56 61 2 18 42 19 27 39 24 11 29 57 21 3 47 49 64 20 33 34 14 59 15 25 6 23 38 7 16 41 
33 16 23 34 36 55 30 18 2 22 9 20 39 25 4 12 6 13 42 62 64 59 63 26 3 57 11 50 58 24 61 48 32 52 14 21 29 28 54 10 31 43 49 45 1 47 15 35 7 46 37 41 60 38 56 5 19 51 27 8 44 40 17 53 
39 59 60 21 46 35 7 2 54 36 31 61 58 13 10 55 12 28 16 29 38 24 57 23 20 43 6 64 49 53 56 4 51 8 41 47 11 27 44 17 14 22 50 32 30 25 5 9 15 42 40 45 62 19 52 3 63 48 1 37 34 26 33 18 
27 3 56 45 49 54 1 37 16 52 30 6 19 43 42 48 10 61 34 40 47 18 60 58 8 5 31 33 39 12 28 15 46 25 7 59 38 24 64 50 53 23 20 41 63 44 36 26 11 35 51 32 2 13 22 17 21 29 14 57 55 4 9 62 
19 24 13 63 41 5 11 10 32 26 34 1 7 64 45 29 20 53 25 2 27 22 17 15 14 59 51 37 38 47 44 60 31 49 48 57 36 30 35 3 40 4 8 61 12 33 56 62 9 21 55 18 6 58 16 23 54 52 50 46 43 28 39 42 
57 8 28 47 15 31 62 53 27 41 21 44 49 38 35 11 9 19 51 3 1 46 14 52 36 7 29 54 23 40 42 18 34 22 43 20 16 39 12 33 17 37 64 55 2 60 13 6 61 24 26 50 63 48 4 25 56 45 59 30 10 5 32 58 
41 20 5 55 13 29 24 11 42 38 6 14 57 60 25 32 54 10 47 16 30 27 9 61 49 44 15 39 34 8 48 40 4 31 63 28 35 2 3 21 36 33 12 19 18 51 17 37 50 43 62 52 1 56 45 58 46 53 22 64 23 59 26 7 
17 15 36 60 51 49 6 42 20 48 58 3 54 37 40 64 31 25 38 19 59 5 50 62 53 52 63 22 45 33 12 26 9 23 13 46 57 29 24 41 28 61 14 44 7 1 10 4 30 2 35 16 55 21 47 8 34 18 56 11 32 27 43 39 
63 23 58 46 12 3 33 50 45 8 36 43 47 53 44 2 34 57 40 35 18 21 52 22 37 30 20 27 62 4 1 9 64 32 60 16 7 5 51 15 56 54 39 31 6 29 26 11 24 38 14 10 59 42 25 28 13 55 41 17 61 48 49 19 
44 64 19 25 61 4 26 39 56 34 10 11 30 23 21 62 14 43 28 32 24 13 2 33 18 41 42 51 7 36 3 57 37 55 45 12 22 20 52 59 48 27 38 49 46 15 60 58 5 17 29 53 31 9 6 63 8 1 16 35 47 54 40 50 
28 47 62 32 35 30 16 31 1 29 46 50 27 41 26 19 23 39 7 48 11 3 6 56 61 60 43 59 14 17 58 2 38 53 25 54 34 8 40 36 64 55 22 9 42 5 20 63 18 33 13 44 15 4 12 49 37 10 24 21 57 45 51 52 
37 40 7 8 2 43 14 22 39 28 18 16 63 33 59 51 41 64 58 12 49 4 55 53 32 11 10 35 24 56 50 23 17 19 42 30 44 1 48 62 25 45 57 13 47 34 52 21 60 54 61 27 36 3 26 46 5 31 38 20 6 9 15 29 
52 18 9 59 34 38 48 57 55 13 24 5 61 17 22 35 8 42 15 63 20 45 1 51 47 54 25 31 21 29 6 46 10 39 58 27 14 56 26 49 16 2 40 50 62 30 53 43 19 37 23 64 11 7 41 32 3 33 4 60 12 44 36 28 
56 27 1 53 45 10 21 54 12 15 52 31 4 9 7 49 26 44 37 60 46 17 29 36 38 28 55 16 5 13 64 19 6 47 33 11 50 43 18 61 32 24 3 23 35 59 41 8 39 40 57 51 48 20 34 22 58 42 2 25 14 30 62 63 
38 10 2 11 60 53 18 28 35 47 55 56 33 8 1 44 16 3 36 46 50 54 34 63 21 32 57 4 6 30 40 64 5 14 26 49 43 45 19 39 52 7 15 25 24 22 61 59 23 62 27 9 13 51 48 31 42 20 58 41 17 29 12 37 
36 43 37 58 22 45 54 63 34 40 27 41 10 3 53 9 21 24 17 44 15 32 62 12 55 26 46 25 29 18 5 47 56 28 64 51 42 48 11 31 13 20 1 60 39 6 14 2 16 8 52 49 19 57 30 4 35 23 33 7 50 38 59 61 
12 1 44 20 48 17 64 27 24 37 45 30 62 7 28 16 35 8 14 53 43 58 61 31 9 34 49 13 42 50 23 51 59 36 40 60 55 21 15 29 33 5 11 54 41 10 57 19 38 3 39 63 47 25 18 56 4 22 26 2 52 32 46 6 
6 26 30 19 52 7 46 35 18 21 11 12 36 32 57 59 39 20 33 51 55 60 64 48 44 27 8 24 15 14 22 61 50 9 16 38 37 54 2 25 62 63 47 34 4 28 29 23 10 53 45 42 17 41 58 40 1 3 5 49 13 43 31 56 
50 42 3 62 57 51 31 25 58 60 23 4 6 26 52 14 13 27 45 49 10 19 59 1 7 39 2 63 56 16 41 33 20 24 32 34 12 17 61 8 38 40 30 48 37 18 35 53 46 36 43 22 29 5 15 21 47 64 28 44 9 55 11 54 
40 29 32 13 4 21 49 9 48 43 54 38 50 61 31 5 7 26 56 57 42 2 25 18 52 12 60 62 11 3 19 10 27 6 53 23 47 44 41 22 46 51 45 8 17 58 55 36 33 28 20 37 35 64 59 1 24 39 34 14 30 15 63 16 
34 39 47 56 5 16 41 15 29 49 2 19 17 42 64 25 28 52 23 11 22 6 40 38 1 20 59 36 53 35 37 43 63 57 30 13 4 33 58 46 12 32 9 27 3 26 44 31 14 55 54 24 50 61 60 7 18 62 8 10 45 51 48 21 
14 61 8 23 59 33 55 24 46 51 39 13 22 63 15 20 29 4 30 5 9 37 41 47 28 17 48 58 31 54 38 45 52 35 62 1 18 3 10 7 42 16 21 64 56 43 50 49 44 6 12 34 32 26 2 11 27 19 57 36 25 60 53 40 
18 57 38 9 53 37 28 46 7 20 25 62 29 11 8 61 64 1 6 13 36 31 5 32 54 55 58 42 10 34 52 59 47 30 21 56 41 22 17 14 63 49 43 35 33 45 2 48 12 60 44 15 24 23 50 51 26 16 40 39 27 19 3 4 
31 5 20 10 23 2 47 48 59 54 3 26 12 49 36 33 11 51 22 61 28 35 46 39 24 18 14 44 60 9 32 17 8 63 52 62 13 50 53 37 29 64 7 15 21 19 6 1 45 16 25 4 56 40 57 27 38 30 42 43 41 58 55 34 
1 51 33 27 14 11 44 40 9 16 28 2 32 39 43 24 17 38 18 26 25 49 15 50 48 63 37 3 4 22 53 41 12 64 10 29 31 36 45 55 34 8 61 5 60 56 23 46 58 19 30 13 52 35 62 42 7 59 21 6 54 57 47 20 
22 60 29 15 16 58 63 61 53 50 48 18 38 19 47 4 30 55 12 10 57 43 24 40 64 56 7 23 1 26 35 13 11 34 27 3 49 51 59 6 44 42 17 28 25 20 9 14 2 41 21 33 54 32 39 37 45 5 31 62 8 46 52 36 
59 17 54 35 3 42 12 7 40 23 64 57 21 5 55 6 44 34 60 41 19 63 56 8 39 46 30 45 61 2 20 36 28 26 4 15 25 38 16 24 11 50 27 62 52 37 58 51 48 47 53 31 9 14 49 43 32 13 29 1 18 33 10 22 
49 30 21 36 64 50 13 45 10 17 44 63 42 56 58 22 27 14 29 33 52 23 7 4 40 16 62 47 57 15 43 12 18 20 35 48 5 19 39 60 41 31 32 53 38 3 59 54 34 61 46 8 26 55 1 6 28 9 25 51 37 11 24 2 
62 32 24 43 39 25 56 4 41 1 60 52 31 30 14 34 47 37 59 54 21 42 48 45 6 19 27 5 8 51 29 11 33 44 61 58 9 40 46 2 10 57 26 36 13 12 16 55 20 22 7 38 3 63 28 18 49 17 15 50 53 64 35 23 
8 34 55 26 6 41 52 19 37 45 51 35 13 15 27 46 62 2 53 20 58 16 3 9 50 25 38 28 33 21 49 31 1 42 23 7 54 32 57 43 39 30 18 4 22 24 40 47 59 5 17 29 64 36 11 10 14 61 12 48 60 63 56 44 
29 55 59 57 37 19 15 3 63 33 41 58 18 2 23 53 4 32 21 45 7 47 27 11 12 22 17 38 16 43 31 39 62 5 44 25 60 26 14 30 51 48 34 6 40 9 46 61 49 50 1 28 42 10 54 64 52 24 13 56 20 36 8 35 
9 4 52 51 8 18 42 17 38 7 57 22 20 16 60 50 5 58 3 15 48 41 54 6 26 47 53 46 35 64 2 44 21 37 19 31 45 10 27 12 23 62 36 30 14 32 24 33 63 11 34 56 39 43 29 13 59 40 61 55 49 1 28 25 
13 35 50 12 27 23 10 36 47 19 5 48 43 6 62 37 57 59 9 56 61 51 8 2 60 14 40 1 63 49 30 28 24 54 46 41 3 42 33 18 4 17 25 29 11 55 45 38 22 20 15 7 58 52 31 16 39 26 64 34 21 53 44 32 
26 63 11 41 40 44 34 49 15 59 1 9 45 4 39 31 42 60 19 14 16 30 22 20 27 33 18 56 55 25 54 8 13 43 50 2 61 47 32 53 58 28 52 7 57 35 64 5 37 51 3 21 38 46 24 36 17 6 23 12 62 10 29 48 
48 38 39 2 1 24 20 33 14 55 12 42 34 36 49 40 52 62 44 64 29 26 10 25 5 51 4 7 13 11 57 32 58 59 28 22 17 6 63 56 21 3 37 43 16 27 31 41 35 30 19 47 53 8 23 61 60 15 54 9 46 18 50 45 
25 46 45 14 56 32 22 58 21 61 8 64 24 54 13 28 53 23 35 36 39 38 31 49 29 50 3 10 20 6 34 37 40 7 9 52 1 15 4 51 60 12 2 47 59 63 18 44 55 26 48 62 41 17 5 33 57 27 43 16 19 42 30 11 
21 62 6 61 54 28 53 64 51 30 26 27 44 35 56 10 18 46 55 43 37 34 12 17 58 23 24 48 41 59 9 52 29 11 20 36 8 16 49 38 19 1 42 39 50 13 22 15 25 14 32 2 57 45 40 60 31 63 7 33 5 3 4 47 
30 7 16 5 31 60 43 47 25 11 32 46 52 29 3 17 33 63 24 50 40 1 28 13 15 36 21 61 19 45 62 42 57 48 39 55 64 23 34 35 8 53 10 26 20 49 54 56 27 4 18 6 12 59 44 9 22 14 37 38 58 41 2 51 
################proper############## 

 average_time = 6.875380 

 success runs = 1 

 total average iters = 113150.000000 
