Success!!! 
 
 max_col = 
 64 
 
 run_time = 
 14.188510 
 
 once iters = 
 345111 
 
26 21 60 15 13 47 53 29 64 50 34 7 27 36 2 43 45 22 12 33 46 44 49 19 35 38 39 51 14 48 55 59 28 61 4 11 58 41 32 56 10 40 18 42 25 31 63 17 16 24 6 8 9 1 52 20 57 23 54 62 5 3 37 30 
24 51 59 48 3 31 16 35 4 38 21 17 41 8 47 30 20 2 55 13 42 36 1 25 44 27 7 19 32 11 43 15 37 12 54 57 52 45 34 49 6 39 56 9 29 62 22 64 53 63 23 46 26 18 14 5 58 50 33 40 10 61 28 60 
44 63 28 56 49 57 9 50 15 16 51 11 54 40 5 23 34 59 3 43 64 18 58 4 45 36 29 26 6 37 62 60 22 14 53 24 31 33 21 55 19 61 1 8 35 2 38 41 10 7 39 48 30 13 47 12 25 27 17 32 42 52 20 46 
4 17 58 55 54 1 45 6 35 42 33 52 61 29 22 14 32 9 5 41 53 60 56 28 63 10 13 57 25 20 46 31 16 15 38 43 2 18 62 59 30 23 37 44 7 47 24 36 3 27 64 50 19 49 40 34 26 21 8 12 39 11 48 51 
41 40 36 25 30 42 27 2 28 6 1 45 9 53 39 32 37 29 14 54 11 62 10 8 52 17 12 34 18 21 61 23 20 35 19 46 3 50 5 48 51 13 26 58 60 55 49 16 43 4 31 59 56 15 33 57 22 44 64 7 38 47 63 24 
62 12 37 34 52 39 8 61 26 44 20 18 59 24 55 60 40 57 17 23 63 48 50 35 53 56 30 64 47 2 54 1 9 10 6 25 36 7 13 42 5 33 46 45 15 3 27 32 38 58 11 28 41 22 51 21 49 16 43 4 31 19 29 14 
18 43 20 33 10 5 23 32 25 62 19 56 46 31 48 12 7 26 47 15 16 38 52 61 49 42 22 40 3 4 58 24 39 30 63 8 44 27 64 51 21 57 14 34 53 50 11 28 17 2 54 29 60 37 36 55 45 35 1 9 41 13 59 6 
38 64 14 11 7 22 46 19 3 58 37 63 13 49 10 57 39 6 51 21 30 27 31 24 8 28 33 16 5 50 41 9 47 17 60 40 23 1 29 26 54 43 48 20 12 52 59 4 61 25 35 32 42 62 45 44 15 53 2 34 36 55 56 18 
16 20 55 10 50 38 56 47 36 33 57 58 3 45 28 26 14 1 19 48 39 51 42 17 5 35 34 18 40 60 11 27 30 24 61 12 21 63 54 23 53 59 52 6 4 64 8 7 22 62 37 9 25 32 31 29 13 46 41 15 44 43 2 49 
39 1 41 54 6 63 32 14 46 11 2 59 24 21 31 47 3 12 43 27 40 34 60 57 7 50 37 25 15 13 52 56 48 55 5 16 42 20 18 4 35 44 19 33 23 9 51 26 36 30 61 17 49 10 53 45 38 8 29 64 22 28 58 62 
8 4 61 22 2 24 13 28 9 17 39 25 19 38 7 16 52 41 23 30 35 5 62 49 55 14 43 20 10 53 12 64 45 27 36 26 37 15 1 44 57 31 42 21 50 60 18 29 46 56 59 40 54 3 58 48 47 51 34 11 63 6 33 32 
30 44 12 64 29 52 62 33 14 35 43 27 22 51 54 18 28 61 37 55 9 6 15 31 58 48 8 4 63 16 23 57 59 53 46 13 60 17 39 25 49 5 45 3 47 56 32 40 42 20 2 38 11 21 34 41 36 7 24 10 19 1 26 50 
27 58 5 9 21 25 7 43 37 29 64 10 15 56 49 20 59 11 22 36 45 54 8 44 41 26 3 6 1 39 42 46 57 32 51 35 38 52 31 19 34 28 16 62 61 17 2 12 55 47 13 4 24 33 63 50 30 48 60 14 23 18 40 53 
11 34 3 42 36 46 49 31 40 60 48 23 50 63 6 8 38 24 10 53 18 2 32 33 21 19 59 61 45 51 30 44 14 29 58 56 28 62 47 22 15 41 43 55 37 54 25 13 64 52 1 7 39 35 12 26 17 9 16 57 27 20 4 5 
60 18 15 23 59 17 19 37 52 34 55 53 32 30 13 4 21 7 58 16 26 56 47 20 29 62 36 49 9 22 24 38 50 64 2 3 41 43 33 40 39 1 11 48 46 27 10 63 44 57 51 14 5 28 6 8 12 42 61 35 25 31 45 54 
51 48 53 45 35 40 57 26 12 41 62 42 1 44 61 5 64 13 50 4 25 63 46 29 2 47 28 17 31 32 33 54 8 34 11 7 49 9 10 6 20 58 22 30 14 38 36 24 18 60 27 43 15 16 23 19 21 52 55 3 59 37 39 56 
57 10 29 59 16 9 21 15 34 31 30 20 38 52 8 35 27 39 28 11 55 58 17 42 6 33 24 47 51 25 3 61 12 13 1 19 14 37 46 63 32 22 5 41 36 48 62 2 40 50 56 45 64 4 54 43 60 49 44 23 53 26 18 7 
7 42 49 19 18 8 40 54 60 63 12 43 26 48 51 22 25 52 2 47 50 41 29 37 15 64 1 32 46 56 13 62 24 5 45 38 11 31 30 39 44 10 55 16 33 6 20 34 58 17 28 53 27 9 61 23 35 3 4 59 14 57 21 36 
1 22 34 31 32 11 38 52 61 2 24 21 47 19 3 10 6 14 15 56 54 8 44 64 9 41 26 27 12 23 50 35 55 33 7 58 20 53 48 28 63 4 59 60 45 51 43 25 57 18 62 39 36 42 49 46 5 40 37 16 30 29 17 13 
56 25 23 5 17 53 47 55 44 14 28 50 37 16 15 36 1 51 4 35 48 26 34 18 43 22 49 54 52 58 7 39 62 59 29 32 40 64 3 41 46 27 31 57 9 21 13 61 63 33 10 20 8 6 60 30 2 12 38 24 45 42 11 19 
3 30 39 27 14 37 58 60 1 45 32 40 4 25 41 55 49 20 21 7 10 46 43 53 36 2 48 29 57 31 38 42 6 8 23 50 61 16 56 52 18 11 24 17 64 19 47 15 13 26 44 51 12 59 5 35 9 28 63 54 34 22 62 33 
33 36 2 50 41 26 20 51 59 64 7 62 11 13 56 53 57 23 32 45 5 24 61 9 14 4 40 63 44 19 60 30 18 21 17 22 27 54 35 10 28 49 12 37 42 29 58 8 34 3 15 52 31 48 38 16 1 6 46 55 43 25 47 39 
6 61 35 44 28 12 48 64 18 5 42 54 23 33 9 46 36 38 16 63 13 59 19 62 20 53 45 55 21 17 37 34 49 60 43 4 15 51 57 47 14 26 7 52 3 30 40 39 1 29 41 22 2 25 11 24 8 31 10 58 50 56 32 27 
46 13 24 62 45 43 63 4 39 57 29 49 17 6 58 27 60 3 40 12 22 31 33 30 59 11 16 5 28 10 18 8 25 36 26 44 9 34 42 2 56 50 54 38 1 53 35 23 47 32 55 21 37 14 19 7 20 15 48 52 64 51 41 61 
10 31 48 26 64 50 29 57 2 49 52 37 12 18 19 63 4 56 45 17 15 39 28 41 42 9 53 62 55 6 47 25 1 3 32 27 54 21 16 43 13 14 34 23 20 33 60 51 5 38 46 30 35 44 59 11 24 36 40 61 7 8 22 58 
42 19 21 7 15 2 14 39 38 25 13 64 29 26 1 41 24 43 20 3 47 11 59 40 30 12 61 45 50 5 27 37 53 28 33 51 56 36 4 9 62 6 35 49 44 22 57 54 31 48 8 18 34 63 10 58 52 60 32 46 55 17 16 23 
12 62 6 35 46 59 60 38 50 43 5 61 14 47 24 28 51 25 13 9 19 1 30 16 34 18 31 23 26 40 56 33 64 63 8 29 17 48 44 45 7 52 53 32 58 15 21 55 39 36 22 54 20 57 2 37 3 11 27 42 4 49 10 41 
52 33 47 32 5 34 1 18 8 53 27 16 51 59 11 3 26 37 62 49 38 64 48 23 54 58 14 36 7 43 28 41 46 40 57 10 19 22 2 12 61 63 29 50 30 25 39 9 24 13 42 60 6 55 4 17 31 56 21 44 15 45 35 20 
25 49 56 61 55 3 54 11 17 46 31 60 36 9 33 44 58 34 27 8 6 29 57 22 64 13 63 59 4 15 20 21 35 62 50 42 39 24 52 5 2 45 38 10 41 18 28 43 12 40 16 23 7 19 32 51 14 30 53 26 37 48 1 47 
37 23 17 63 4 13 30 27 32 21 58 35 6 34 20 45 10 18 54 61 44 52 5 50 22 8 2 60 19 1 57 3 26 41 31 49 7 59 55 11 16 42 36 46 40 24 64 48 56 28 14 33 53 43 15 47 29 38 51 39 9 62 12 25 
28 16 8 41 43 20 44 53 57 39 56 22 30 62 40 48 2 42 60 32 7 55 36 46 10 51 11 24 29 35 49 52 15 23 37 14 25 38 58 18 31 3 4 5 17 12 26 47 45 61 9 64 1 50 21 27 63 54 19 33 6 34 13 59 
58 24 9 40 51 45 22 36 55 15 54 4 10 42 23 7 63 33 35 31 12 53 21 14 16 32 46 38 39 44 48 17 13 20 34 30 47 60 6 61 59 37 8 27 19 11 56 1 41 49 3 62 52 29 26 25 50 57 28 43 18 2 5 64 
55 27 63 36 33 29 39 46 23 30 3 15 16 60 37 51 44 32 8 18 20 22 7 26 31 25 47 43 24 64 19 2 61 11 28 21 1 42 12 50 48 54 40 4 59 10 45 58 62 41 34 56 38 52 57 53 6 13 35 5 17 14 49 9 
47 59 57 16 8 15 3 20 29 12 22 5 34 41 50 2 43 45 56 38 27 61 11 63 40 60 10 1 58 42 32 28 54 44 39 23 33 6 17 35 52 9 13 26 49 46 31 62 51 21 4 25 14 64 7 18 19 24 30 37 48 36 53 55 
17 5 64 38 61 60 35 24 53 52 40 32 43 1 21 49 19 46 6 10 59 16 9 34 48 23 50 33 62 8 4 14 36 18 22 41 51 3 37 27 55 30 57 11 56 42 7 20 2 44 47 31 45 58 28 13 39 63 25 29 12 54 15 26 
53 56 45 30 58 28 34 62 19 55 38 39 44 17 63 54 47 48 1 64 37 50 4 36 11 5 41 46 16 57 51 7 10 49 20 2 26 8 14 13 33 12 25 22 21 35 23 6 29 42 24 15 59 27 9 3 61 32 52 18 60 40 31 43 
31 14 50 1 22 4 51 49 6 47 8 9 42 35 36 11 17 62 39 40 57 23 24 60 61 52 27 53 56 38 26 13 5 19 25 45 59 58 43 32 64 29 2 18 34 28 15 37 30 55 33 63 48 12 16 54 10 41 3 21 20 46 7 44 
9 11 40 43 12 7 42 48 20 13 45 57 25 58 26 64 35 15 41 28 31 21 14 51 18 54 44 37 59 49 63 55 29 56 30 52 4 46 24 16 50 17 32 36 8 39 3 53 19 23 5 6 10 60 1 61 62 34 47 22 2 33 27 38 
54 32 19 52 26 41 10 21 33 7 18 31 56 46 4 24 12 53 25 42 29 49 13 2 39 45 6 30 22 3 9 20 34 38 15 62 48 55 60 57 47 16 27 63 5 61 44 14 50 37 36 35 43 17 8 40 28 64 23 1 58 59 51 11 
13 2 44 37 25 18 6 23 27 61 10 14 48 28 59 62 5 55 30 58 52 33 54 3 17 21 15 12 35 36 34 29 40 7 64 9 53 47 63 31 1 51 60 24 38 43 41 19 26 11 20 49 32 46 22 39 16 45 57 50 56 4 8 42 
50 47 30 58 39 36 26 41 43 23 9 3 7 64 34 56 18 16 53 52 4 57 6 45 32 1 21 28 11 12 15 5 2 42 49 59 13 61 27 33 40 25 20 29 48 63 19 10 14 31 17 55 46 24 44 38 51 22 62 60 8 35 54 37 
20 7 33 4 9 10 64 42 54 32 53 1 58 57 29 40 11 5 24 39 23 13 55 48 62 34 18 56 38 63 35 43 17 37 52 15 45 19 36 30 22 60 6 47 51 49 46 59 25 8 21 16 61 41 27 2 44 26 14 28 3 12 50 31 
40 8 54 14 37 62 2 12 51 20 47 24 28 15 60 13 29 63 36 46 41 3 38 43 50 30 57 52 27 45 31 48 58 26 18 39 22 44 11 1 23 53 17 7 55 34 16 21 6 64 49 5 33 56 35 10 59 61 42 19 32 9 25 4 
32 46 43 13 1 51 28 3 10 36 35 8 52 2 38 21 22 31 34 20 17 42 12 15 37 7 25 39 49 24 6 53 41 9 16 47 55 14 50 60 4 56 30 61 62 26 5 44 54 19 48 11 40 45 29 59 27 18 58 63 33 23 64 57 
45 15 25 60 57 21 18 16 22 59 49 12 31 61 30 50 62 19 9 37 8 32 27 10 4 44 55 42 64 41 17 51 23 54 35 6 34 56 40 3 24 38 58 39 28 36 14 33 7 1 63 26 13 47 43 52 48 5 20 2 11 53 46 29 
5 6 38 49 34 48 59 17 45 18 11 19 55 27 42 25 30 58 33 44 2 47 40 7 26 61 54 10 60 46 14 16 51 4 62 63 43 28 8 29 37 64 9 35 31 32 52 57 20 15 12 3 23 53 50 22 41 39 13 56 21 24 36 1 
61 55 22 53 11 19 31 63 48 26 44 41 39 14 62 33 56 60 49 1 21 25 35 59 13 3 9 58 23 29 8 47 7 57 24 64 5 32 20 46 12 15 50 54 2 45 42 27 37 51 18 36 4 34 30 28 40 43 6 17 52 10 38 16 
35 52 27 29 23 44 24 56 16 4 63 6 5 37 46 17 50 28 64 26 61 14 51 54 19 59 20 2 36 33 40 22 31 48 21 53 12 10 25 38 11 18 41 43 13 8 1 3 32 9 58 42 57 39 62 60 34 55 7 49 47 15 30 45 
29 54 52 24 19 56 4 10 30 28 23 13 8 39 43 6 16 27 7 50 32 45 2 38 46 15 62 3 42 47 36 40 44 22 41 31 18 25 61 21 26 35 33 1 57 58 17 49 59 34 60 12 55 5 64 14 53 37 11 20 51 63 9 48 
48 45 11 39 27 14 25 5 47 24 61 55 60 32 18 58 15 49 59 34 43 19 63 12 57 29 51 50 37 9 44 10 33 1 13 28 16 30 38 20 41 36 64 31 22 7 4 52 8 54 53 2 62 40 3 56 42 17 26 6 46 21 23 35 
15 37 51 3 63 6 61 9 41 1 16 38 20 5 64 34 48 54 42 22 58 4 26 21 23 39 60 8 33 52 53 45 19 46 12 36 10 11 7 62 25 47 44 40 24 14 50 56 35 43 29 57 28 30 17 49 32 59 18 31 13 27 55 2 
34 41 13 18 53 23 12 7 42 56 14 2 57 4 35 15 33 36 44 29 3 17 64 39 25 31 38 11 61 30 59 63 52 50 55 48 6 26 49 24 27 62 28 19 54 5 9 45 21 16 32 37 51 20 46 1 43 47 22 8 40 58 60 10 
22 26 42 20 38 64 43 30 49 19 17 33 40 50 25 31 46 8 61 24 62 35 41 5 56 55 58 13 54 18 21 12 3 47 14 60 32 2 23 53 29 34 51 59 39 37 6 11 27 10 7 44 63 36 48 9 4 1 15 45 28 16 57 52 
21 60 46 2 47 35 50 1 11 54 59 48 45 3 27 9 31 40 52 51 56 10 20 13 28 24 64 22 43 26 5 49 63 39 42 37 57 29 15 17 8 55 23 12 32 16 53 38 4 6 19 41 58 61 18 33 7 25 36 30 62 44 14 34 
59 28 32 8 31 55 36 44 7 22 46 29 62 12 53 52 23 47 57 25 1 37 18 6 27 20 17 48 34 14 16 19 4 43 9 54 35 40 51 58 42 21 63 2 10 13 30 60 11 45 26 24 50 38 39 15 56 33 5 41 49 64 61 3 
49 57 62 17 40 16 33 58 21 51 26 36 63 10 44 37 9 30 11 14 60 28 53 55 1 6 4 35 41 7 2 32 56 45 27 34 64 5 59 8 3 46 61 15 43 20 48 18 52 22 25 13 47 23 42 31 54 19 39 38 29 50 24 12 
64 3 18 21 56 61 52 34 62 48 41 46 35 23 12 38 8 44 31 19 33 15 45 1 51 57 42 7 20 27 39 50 11 6 10 17 30 13 22 37 36 2 49 53 63 59 29 5 60 14 40 47 16 26 24 4 55 58 9 25 54 32 43 28 
63 9 1 12 62 27 17 45 24 3 36 51 53 22 32 61 54 35 26 5 34 40 39 11 60 16 23 41 2 55 25 4 43 31 59 18 8 49 28 14 58 48 21 13 52 44 37 30 33 46 50 19 29 7 20 42 64 10 56 47 57 38 6 15 
43 53 10 57 24 30 55 25 56 40 50 44 2 20 14 39 42 4 46 6 36 12 16 47 38 63 35 9 17 28 45 18 32 58 3 33 62 23 26 34 60 7 15 51 11 1 54 31 48 59 52 27 22 8 41 64 37 29 49 13 61 5 19 21 
36 39 26 6 48 58 41 40 13 10 60 47 18 54 57 29 55 64 63 2 28 9 37 52 24 43 5 31 30 61 22 11 21 25 44 1 46 35 45 15 17 19 62 14 27 4 33 50 49 12 38 34 3 51 56 32 23 20 59 53 16 7 42 8 
23 50 7 28 42 33 15 13 31 8 6 26 64 55 52 59 41 17 18 62 14 43 25 27 47 49 32 44 53 54 10 58 60 51 40 20 29 39 19 36 38 24 3 56 16 57 61 46 9 5 45 1 21 2 37 63 11 4 12 48 35 30 34 22 
2 38 31 51 44 49 37 8 5 9 25 34 21 7 17 1 53 10 48 60 24 30 23 32 3 46 19 15 13 59 29 36 42 16 56 61 50 4 41 54 43 20 47 64 6 40 12 22 28 35 57 58 18 11 55 62 33 14 45 27 26 39 52 63 
14 35 4 46 20 32 11 22 58 27 15 28 33 43 16 19 61 50 29 59 49 7 3 56 12 37 52 21 48 34 1 6 38 2 47 5 63 57 9 64 45 8 39 25 26 41 55 42 23 53 30 10 17 54 13 36 18 62 31 51 24 60 44 40 
19 29 16 47 60 54 5 59 63 37 4 30 49 11 45 42 13 21 38 57 51 20 22 58 33 40 56 14 8 62 64 26 27 52 48 55 24 12 53 7 9 32 10 28 18 23 34 35 15 39 43 61 44 31 25 6 46 2 50 36 1 41 3 17 
################proper############## 

 average_time = 14.188510 

 success runs = 1 

 total average iters = 345111.000000 
