Success!!! 
 
 max_col = 
 64 
 
 run_time = 
 6.240544 
 
 once iters = 
 46888 
 
49 9 27 48 35 43 23 52 3 11 7 21 33 55 20 54 10 25 46 6 17 60 34 58 64 14 47 29 36 41 8 53 61 56 44 32 37 40 16 30 50 4 45 38 59 42 1 28 19 39 62 12 57 13 5 51 2 24 22 18 63 26 31 15 
17 24 45 12 28 8 60 54 19 44 13 14 2 62 38 16 36 18 15 26 51 4 64 27 20 23 21 22 52 33 58 61 3 34 50 1 11 63 5 7 40 48 31 35 43 56 49 55 30 25 37 6 32 9 59 41 47 46 10 57 42 29 53 39 
34 59 58 20 3 7 26 64 9 61 43 6 49 51 57 15 41 16 55 5 33 56 32 31 62 13 24 17 35 18 1 40 36 45 46 52 10 28 12 60 21 8 25 53 63 11 2 39 27 14 54 50 29 22 47 42 37 48 19 44 23 30 38 4 
37 55 18 47 39 62 22 31 5 27 10 41 59 64 52 4 7 43 11 1 38 53 42 19 32 56 6 46 30 28 63 15 35 29 58 49 48 13 2 57 44 23 60 51 12 33 24 9 21 20 17 26 3 8 45 61 16 50 25 36 54 14 34 40 
10 29 16 32 25 33 21 15 36 56 63 48 18 42 39 50 47 62 37 45 20 23 24 13 27 5 57 11 9 2 54 55 19 22 51 59 53 43 41 38 6 30 26 3 14 34 7 64 58 44 52 40 46 35 31 4 49 61 12 17 60 28 8 1 
57 6 19 4 50 40 1 53 35 23 46 24 28 60 37 22 30 63 44 14 48 61 29 8 34 12 49 45 51 7 59 31 15 26 42 55 25 27 21 39 41 47 54 32 17 58 5 20 38 2 10 16 64 18 36 43 62 13 9 11 56 33 52 3 
13 61 51 14 30 63 56 38 40 47 45 1 17 25 58 32 39 59 49 57 2 52 12 3 42 60 19 48 16 26 50 44 20 4 31 23 8 64 9 54 10 37 29 36 18 22 62 46 11 24 33 34 55 53 28 15 35 43 27 6 41 5 21 7 
41 36 42 44 5 11 46 2 26 12 30 8 29 53 31 34 40 21 9 35 54 50 28 22 10 43 38 3 39 37 25 4 17 62 6 47 24 33 14 18 52 57 15 16 13 19 27 61 7 23 60 56 1 48 49 63 64 55 59 45 20 32 58 51 
53 23 40 11 64 56 31 51 29 30 39 49 54 20 2 14 26 33 16 55 25 18 8 7 38 4 36 57 62 63 22 59 45 41 37 13 27 9 60 28 15 43 24 58 21 6 12 44 32 50 35 61 48 3 42 17 46 19 1 52 34 10 47 5 
42 39 62 18 21 41 38 44 37 58 22 36 57 46 23 48 49 15 40 50 1 19 54 63 53 64 51 61 33 31 26 6 24 16 4 14 30 17 47 34 3 27 7 10 29 55 45 11 12 5 25 60 43 52 20 13 32 28 2 35 59 9 56 8 
25 58 63 22 14 57 29 35 15 5 33 9 55 6 7 12 59 20 27 11 37 44 61 64 47 54 30 28 56 49 48 2 38 32 53 43 1 31 10 50 46 34 51 52 8 18 23 60 4 40 36 39 62 45 19 16 42 17 21 24 26 3 41 13 
6 45 46 59 15 12 49 9 50 16 44 53 21 4 56 31 52 48 28 3 10 32 39 24 37 34 7 13 40 42 35 43 5 8 36 54 58 20 22 25 2 19 63 1 64 17 47 41 55 29 51 38 26 27 14 30 61 60 23 62 33 18 57 11 
47 17 13 34 19 24 48 27 59 51 25 11 45 28 10 8 4 38 43 56 58 29 46 53 41 21 50 12 1 60 55 5 63 42 23 44 39 3 64 52 61 35 14 9 40 26 32 62 57 31 6 7 18 33 22 2 54 49 15 20 30 37 16 36 
60 10 5 28 26 36 32 50 41 43 27 17 42 52 1 61 57 30 21 62 35 51 13 45 18 46 58 9 8 3 15 19 11 48 2 40 12 6 33 59 38 53 39 56 22 54 20 16 44 37 64 47 34 49 24 23 29 31 55 63 4 25 7 14 
52 33 55 43 20 54 16 30 60 64 47 63 62 35 3 24 2 34 6 17 5 31 36 9 29 25 11 23 32 27 44 14 7 15 56 18 19 26 46 61 28 50 49 42 37 4 57 13 8 58 21 1 53 59 41 10 45 39 40 12 51 48 22 38 
1 3 2 8 7 61 37 4 13 34 19 38 32 18 40 26 14 22 41 12 23 42 47 60 52 20 39 24 17 16 10 45 49 51 35 29 21 57 62 55 30 36 5 48 31 25 33 59 15 46 63 9 54 28 56 11 50 6 53 58 44 64 27 43 
33 28 64 36 57 1 45 11 10 40 2 12 41 58 49 17 62 51 7 13 15 34 20 35 21 9 27 42 48 4 6 56 44 37 63 8 22 61 54 19 31 25 55 50 24 38 29 43 53 26 47 5 16 23 32 59 52 14 39 30 3 46 18 60 
44 13 7 19 37 35 61 14 52 53 1 54 22 56 27 55 17 47 32 28 4 12 63 48 33 31 64 50 59 45 18 60 58 5 16 30 41 39 20 23 34 6 9 15 36 46 3 2 51 38 40 42 11 57 62 49 24 25 29 8 21 43 26 10 
16 49 8 25 17 47 63 46 4 14 24 37 3 23 50 57 53 39 60 59 61 9 52 30 55 10 35 26 29 34 5 38 62 7 40 15 56 21 42 12 13 18 11 45 51 48 58 32 64 27 43 22 41 54 33 36 20 44 31 2 19 6 1 28 
50 2 32 23 9 18 12 41 34 21 64 43 8 31 46 60 38 5 10 49 36 33 27 44 40 53 37 16 11 30 19 22 14 52 24 35 47 51 55 3 39 26 62 4 54 7 28 57 29 48 13 20 6 1 58 25 15 45 17 59 61 63 42 56 
39 60 6 15 29 30 43 22 63 33 16 28 11 13 36 7 37 58 42 8 26 41 25 23 14 17 61 20 2 32 57 49 1 59 10 64 50 38 18 46 35 21 56 44 53 47 40 19 24 9 45 3 31 4 52 55 51 62 48 34 5 27 12 54 
26 20 21 38 31 4 27 58 42 62 9 61 48 59 6 5 22 1 3 18 29 46 19 56 24 44 25 52 47 51 43 54 2 17 28 33 36 34 45 32 64 12 8 37 60 41 14 49 63 35 15 10 30 50 7 39 55 57 13 53 11 40 23 16 
51 53 56 40 59 3 34 62 38 25 20 39 47 30 18 35 31 45 64 24 57 2 55 54 12 41 8 15 46 23 36 1 48 43 9 6 29 11 26 13 27 42 61 63 5 10 16 52 37 60 28 19 17 14 44 21 33 22 32 7 58 4 50 49 
54 42 48 5 24 55 52 10 32 45 51 15 26 19 29 44 6 14 50 43 40 11 16 21 58 7 3 39 63 62 13 28 53 31 60 57 4 49 25 27 1 33 22 59 20 23 30 17 2 61 34 18 56 12 46 8 41 36 47 38 64 35 9 37 
32 27 53 7 55 39 40 16 21 8 14 34 30 38 33 20 12 42 35 44 59 24 37 50 51 2 56 64 60 25 11 13 22 28 43 41 61 5 52 6 47 17 23 49 62 29 15 26 31 10 18 48 36 46 1 9 63 54 57 4 45 58 3 19 
5 30 44 52 23 9 24 45 48 60 37 42 25 1 43 64 51 13 36 22 62 15 18 41 39 50 14 59 38 6 21 3 54 49 57 7 17 4 32 63 58 16 19 55 61 53 46 34 28 8 12 33 47 2 35 26 56 29 11 10 31 20 40 27 
15 47 3 31 62 26 11 8 45 46 58 52 5 61 12 41 32 6 25 39 14 30 23 17 36 40 48 4 10 20 42 34 27 9 1 16 35 55 29 44 59 54 38 64 57 63 13 37 56 22 49 53 7 24 51 19 60 2 50 33 43 21 28 18 
38 21 29 64 4 22 14 37 44 59 56 27 50 47 11 19 46 28 20 53 16 48 9 55 54 26 1 33 41 61 12 57 30 58 34 45 23 2 31 10 25 32 43 24 35 51 36 18 60 63 39 13 52 40 15 3 17 42 62 5 7 8 49 6 
46 57 59 50 54 25 36 63 6 15 55 10 24 49 35 28 61 11 8 4 31 3 58 52 23 45 29 43 18 19 37 7 21 60 12 62 26 56 53 42 48 2 20 27 33 9 22 40 14 30 16 17 44 64 34 5 1 41 51 39 38 47 13 32 
28 43 35 42 12 10 17 13 22 36 29 3 7 2 51 18 56 49 47 63 60 54 1 26 30 55 16 8 53 52 32 24 39 33 20 19 38 15 40 64 4 41 6 14 45 21 31 5 62 11 50 23 59 58 57 27 48 34 44 9 25 61 37 46 
56 1 49 41 2 34 58 18 16 31 54 32 23 17 4 62 21 40 33 19 7 45 57 29 63 27 46 44 5 35 47 9 51 13 48 36 3 25 11 14 8 60 52 30 39 28 50 10 61 55 20 43 42 38 37 6 53 64 26 22 15 24 59 12 
61 19 20 33 48 51 6 60 53 39 26 57 13 9 63 40 5 64 34 2 43 27 10 38 22 49 15 31 58 17 28 62 47 50 18 46 59 37 8 24 7 11 3 12 42 1 44 56 45 54 41 21 4 25 29 32 23 52 35 16 36 55 14 30 
19 18 41 29 8 17 4 6 11 24 42 55 61 10 62 51 35 52 57 25 56 7 30 36 9 22 60 54 3 39 2 33 50 40 5 53 63 46 48 26 37 58 27 47 1 12 59 38 16 43 14 49 13 15 23 34 21 20 45 32 28 44 64 31 
3 12 31 54 33 13 25 28 17 7 59 29 27 40 32 53 44 46 38 15 34 6 48 2 1 61 26 58 24 21 23 11 56 36 22 60 52 14 35 16 45 63 64 62 9 43 19 4 41 51 30 57 37 39 55 20 5 18 49 50 8 42 10 47 
20 5 26 61 16 37 7 21 1 63 60 4 9 14 64 33 28 53 45 47 19 43 50 62 35 29 32 30 42 40 49 48 31 18 3 11 13 8 57 41 51 44 34 2 15 36 55 23 54 56 58 27 12 6 10 46 22 59 38 25 24 52 39 17 
62 48 10 58 43 32 35 47 28 57 31 26 15 39 45 52 20 29 18 60 42 8 11 37 44 19 41 53 4 46 51 25 12 38 59 27 7 30 6 2 24 49 13 61 16 5 21 22 1 33 3 36 63 17 64 50 40 9 34 56 14 23 54 55 
22 52 36 9 49 53 51 39 8 38 23 50 56 41 13 25 64 26 54 27 12 40 3 16 59 6 34 47 14 43 31 37 55 24 21 28 42 62 15 4 20 7 32 17 10 30 18 48 35 19 5 44 45 60 11 29 57 58 63 61 46 1 2 33 
45 64 15 46 27 50 30 57 49 22 18 5 34 37 19 58 33 55 14 10 32 59 51 39 16 28 52 63 13 8 56 20 23 1 54 17 44 47 61 9 42 29 41 26 25 60 53 6 48 21 24 2 40 31 4 38 36 3 7 43 12 62 11 35 
11 56 34 24 1 23 59 40 54 2 12 44 43 16 47 36 13 31 5 41 63 22 21 49 17 38 62 18 27 55 45 50 37 20 33 10 64 32 58 51 57 52 35 28 46 14 39 3 25 7 42 8 61 26 9 53 4 15 6 19 29 60 30 48 
63 14 38 60 42 2 44 55 46 6 35 30 20 3 48 21 58 17 24 23 9 1 4 61 7 57 12 36 15 5 64 10 29 25 45 39 43 19 34 49 56 31 33 40 11 50 54 8 59 62 32 52 28 47 18 22 13 27 37 26 16 41 51 53 
59 25 37 57 61 31 18 5 30 28 38 46 44 8 55 39 29 19 48 20 13 21 2 33 45 15 4 51 6 10 53 16 60 14 7 12 32 58 63 1 26 62 42 41 50 49 56 36 34 52 27 35 24 11 40 64 9 47 3 54 22 17 43 23 
8 46 30 45 10 14 15 56 33 19 61 13 35 11 53 29 60 9 51 31 22 64 5 12 26 32 40 1 55 44 41 42 52 21 17 34 62 50 38 36 16 24 47 18 48 37 43 25 49 3 23 28 58 7 6 54 59 63 20 27 39 57 4 2 
24 26 43 17 47 20 9 7 14 52 50 56 31 27 21 45 23 54 59 36 55 16 44 57 60 11 18 5 28 29 38 12 41 30 19 42 40 35 3 37 53 46 10 22 2 61 8 63 13 4 48 15 25 51 39 62 58 1 33 64 32 49 6 34 
58 63 28 49 40 44 41 33 57 37 17 16 10 5 25 1 50 56 4 32 39 35 14 11 31 47 22 21 23 54 52 27 26 2 64 51 55 29 43 48 19 15 12 60 6 3 34 45 9 42 61 59 8 20 53 18 30 38 24 46 13 7 36 62 
36 62 52 27 34 6 53 48 2 4 3 20 63 7 41 43 8 24 1 38 30 26 45 25 56 58 33 37 50 13 61 64 57 11 49 22 18 10 39 47 54 59 28 31 23 32 9 14 5 17 46 29 19 55 21 12 44 35 16 60 40 51 15 42 
35 4 11 13 32 19 64 23 51 48 15 47 12 36 22 49 34 3 61 42 28 58 43 46 8 62 63 2 7 24 39 17 59 53 25 9 6 54 27 56 55 40 1 20 44 57 38 33 26 16 31 41 60 37 30 14 10 21 5 29 18 50 45 52 
55 54 50 2 22 16 3 12 24 42 62 64 60 26 9 59 15 10 63 40 52 17 6 18 49 35 20 19 25 36 34 30 46 61 13 31 5 45 23 8 29 39 4 21 7 27 51 58 47 57 1 32 38 44 43 33 28 56 14 37 53 11 48 41 
29 38 39 21 51 60 42 1 58 18 32 40 6 34 54 23 27 37 53 7 41 49 62 47 57 59 9 14 43 48 3 46 4 44 15 20 16 24 28 33 17 64 30 5 52 13 11 35 10 36 2 45 22 63 50 56 25 12 8 31 55 19 61 26 
9 11 14 51 56 27 47 42 12 20 6 25 4 63 5 3 18 61 2 34 53 10 33 15 48 8 31 55 64 58 29 23 16 19 39 38 54 44 59 22 62 45 46 13 41 40 60 24 52 32 7 37 49 21 17 57 26 30 43 28 1 36 35 50 
43 40 61 35 53 28 2 19 39 1 49 33 38 57 42 10 54 7 56 30 27 47 17 5 6 52 59 25 44 50 24 51 9 63 32 26 14 41 13 58 11 3 36 23 34 16 37 21 22 12 4 46 20 62 60 31 18 8 64 15 48 45 55 29 
31 7 54 55 41 52 5 36 64 50 40 58 14 21 17 11 43 23 19 9 49 13 35 32 46 1 45 60 20 38 30 26 33 3 29 37 51 12 4 15 63 56 53 57 28 2 6 47 18 34 44 24 27 10 8 48 39 16 61 42 62 22 25 59 
4 22 17 16 63 29 10 59 62 54 28 7 19 45 60 47 55 57 31 48 24 39 26 20 2 18 42 32 12 56 9 21 43 64 30 61 49 1 36 53 14 51 58 8 27 35 52 15 50 41 38 11 23 5 25 40 3 37 46 13 6 34 33 44 
48 44 57 26 46 15 13 32 18 35 41 51 36 22 61 56 45 4 62 64 8 25 38 6 43 63 5 7 37 53 16 39 28 27 55 21 34 60 50 40 12 9 17 54 49 20 10 42 33 59 19 30 2 29 3 1 14 11 52 23 47 31 24 58 
18 34 1 6 38 64 8 3 23 26 53 2 46 48 15 9 16 44 58 37 21 36 40 51 11 33 54 49 19 22 62 35 25 10 52 24 45 42 7 20 5 61 59 29 30 31 4 50 39 28 56 55 14 43 13 47 27 32 60 41 17 12 63 57 
23 37 25 39 60 45 33 20 55 32 52 59 16 24 34 30 11 50 12 29 46 28 41 1 13 3 17 27 61 57 14 47 6 35 8 2 31 48 56 62 43 22 18 19 26 44 64 7 36 15 9 54 51 42 63 58 38 10 4 40 49 53 5 21 
21 50 12 30 58 49 62 24 43 13 8 31 37 29 44 27 42 60 22 52 3 63 59 14 4 36 28 10 34 15 40 41 18 46 47 5 57 23 17 11 32 38 48 33 55 39 25 1 6 53 26 64 35 16 61 45 19 7 56 51 2 54 20 9 
7 16 9 63 36 38 28 49 27 29 4 62 1 43 14 37 24 8 39 61 6 5 56 10 25 48 55 41 26 12 33 18 40 47 11 58 15 59 30 35 23 20 50 46 19 64 42 53 17 45 57 31 21 32 2 60 34 51 54 3 52 13 44 22 
27 32 22 53 45 48 55 26 25 17 5 60 58 50 28 13 1 2 29 16 47 57 49 42 61 37 43 56 54 14 7 52 34 23 38 4 46 18 44 31 9 10 40 6 3 59 41 30 20 64 11 51 39 19 12 24 8 33 36 21 35 15 62 63 
14 41 23 3 11 59 54 17 20 9 34 35 64 44 30 2 25 12 52 33 18 38 15 4 19 16 10 40 45 1 46 58 32 6 62 50 60 22 51 21 36 13 57 7 47 8 61 31 42 49 53 63 5 56 48 37 43 26 28 55 27 39 29 24 
64 31 24 62 44 46 19 34 61 10 21 45 51 12 8 38 63 41 23 54 50 37 60 59 5 42 2 35 22 9 20 32 13 39 26 3 33 36 1 43 49 28 16 11 4 52 48 29 40 18 55 14 15 30 27 7 6 53 58 47 57 56 17 25 
30 35 60 10 6 5 50 25 47 41 57 19 40 33 59 42 48 27 26 46 44 62 53 28 3 51 13 34 31 64 4 36 8 54 14 63 2 7 24 45 22 55 21 39 56 15 17 12 43 1 29 58 9 61 38 52 11 23 18 49 37 16 32 20 
40 15 4 37 13 21 57 43 56 55 11 22 53 32 16 46 3 36 30 51 45 20 31 34 28 39 44 38 49 47 17 63 10 12 61 48 9 52 19 29 18 1 2 25 58 24 26 27 23 6 8 62 33 41 54 35 7 5 42 14 50 59 60 64 
12 8 33 1 52 58 20 61 7 3 36 18 39 54 26 63 9 32 13 21 64 14 22 40 15 24 23 6 57 11 27 29 42 55 41 56 28 53 49 17 60 5 37 43 38 62 35 51 46 47 59 25 50 34 16 44 31 4 30 48 10 2 19 45 
2 51 47 56 18 42 39 29 31 49 48 23 52 15 24 6 19 35 17 58 11 55 7 43 50 30 53 62 21 59 60 8 64 57 27 25 20 16 37 5 33 14 44 34 32 45 63 54 3 13 22 4 10 36 26 28 12 40 41 1 9 38 46 61 
################proper############## 

 average_time = 6.240544 

 success runs = 1 

 total average iters = 46888.000000 
