Success!!! 
 
 max_col = 
 64 
 
 run_time = 
 15.241612 
 
 once iters = 
 405402 
 
53 9 32 37 60 47 64 34 51 50 31 7 27 23 19 43 45 4 12 44 46 48 6 14 55 52 15 36 40 20 49 59 28 61 29 21 58 41 39 26 10 5 18 42 38 62 63 17 16 24 22 25 11 1 35 8 57 54 56 13 3 33 2 30 
10 51 48 30 3 44 36 11 45 38 14 26 2 1 49 46 39 18 35 13 42 31 33 25 62 27 7 19 32 17 43 47 20 12 54 57 4 34 9 59 8 15 61 55 29 52 64 6 56 5 23 63 28 50 41 40 21 58 37 24 22 16 53 60 
63 16 28 56 13 46 7 50 15 62 8 11 54 61 5 41 57 59 3 43 34 21 49 51 45 42 29 38 18 33 6 60 22 64 53 1 31 24 32 55 40 25 44 58 4 2 37 39 10 36 26 48 30 9 47 12 23 27 17 14 35 52 19 20 
4 21 58 55 17 1 45 25 48 30 33 52 29 36 22 9 32 37 8 41 53 5 54 20 44 39 13 57 63 28 46 31 16 15 38 42 2 18 62 60 51 23 7 56 27 47 24 35 14 59 64 3 19 49 61 34 12 26 50 43 40 11 10 6 
41 24 62 29 54 42 27 2 28 6 17 34 58 53 47 12 22 30 1 40 55 9 10 52 23 51 64 50 14 21 61 37 11 35 45 46 3 43 5 56 36 13 26 48 60 19 49 16 39 20 31 4 57 15 33 44 32 18 8 7 25 38 63 59 
19 12 26 39 52 6 8 40 57 44 20 56 59 24 55 16 15 2 17 23 63 60 50 11 53 30 35 25 5 54 41 1 48 10 14 49 36 7 13 47 46 33 9 45 31 3 22 32 38 43 27 37 58 18 51 21 62 28 34 4 64 42 29 61 
18 43 20 33 22 5 23 57 35 42 40 37 64 39 13 32 62 26 47 16 61 38 7 36 56 4 11 48 3 10 58 24 25 30 63 8 44 27 52 19 21 28 14 34 53 12 59 50 17 2 54 55 60 46 6 29 45 31 1 9 41 15 51 49 
38 15 31 61 35 49 59 14 3 4 10 63 60 18 25 21 58 29 24 28 64 27 56 19 8 22 34 16 9 2 26 12 37 17 33 40 23 50 6 51 54 43 20 57 41 30 11 1 7 42 52 32 13 62 45 53 44 39 5 48 36 55 46 47 
16 40 37 10 50 18 52 47 17 34 7 33 3 45 28 57 19 12 30 48 9 51 38 61 21 35 41 11 27 31 59 56 60 24 55 53 1 5 36 23 64 26 2 6 49 22 8 4 29 62 39 20 25 63 54 58 13 46 14 15 42 43 44 32 
11 1 41 54 24 20 32 13 12 25 26 59 49 8 39 47 36 34 23 7 3 62 27 42 14 50 37 63 15 30 40 46 52 43 44 16 48 21 18 22 56 10 19 33 57 9 35 31 45 6 61 17 55 38 53 51 5 60 29 64 4 28 58 2 
17 48 61 22 2 31 14 38 23 9 44 30 19 35 6 54 8 41 5 25 58 49 52 57 13 32 43 20 10 16 12 64 29 27 62 26 37 15 45 7 28 39 42 53 55 60 18 47 46 4 11 40 59 3 1 36 51 56 21 34 63 24 33 50 
30 44 12 64 29 25 15 63 21 13 43 27 22 51 46 18 24 60 56 55 35 6 2 31 28 61 57 52 42 23 53 54 59 4 39 9 11 17 33 49 58 62 45 20 3 14 32 40 50 37 47 34 26 48 5 41 36 7 16 10 19 1 8 38 
34 58 5 4 46 3 62 43 37 29 64 32 15 56 31 55 59 11 22 10 28 54 53 44 2 26 19 6 1 8 36 39 57 25 51 35 38 20 41 63 17 21 23 7 61 48 50 13 52 27 42 14 24 33 16 60 30 12 45 47 49 18 40 9 
6 53 56 27 36 60 49 9 2 52 58 10 50 11 63 24 14 1 21 15 37 16 32 33 4 48 17 45 38 51 55 3 64 40 46 13 19 61 47 42 59 34 54 29 43 44 25 5 12 7 35 18 8 31 30 28 41 23 26 57 62 20 39 22 
8 57 42 23 59 33 19 55 40 16 36 53 1 38 20 4 43 45 46 39 26 18 47 13 34 7 62 49 29 60 24 5 50 58 30 3 6 28 14 32 37 41 52 12 15 27 51 63 9 22 44 21 10 2 64 56 35 17 25 11 61 31 48 54 
21 28 39 45 7 51 35 26 60 41 62 42 14 48 61 5 64 17 20 4 50 63 40 29 22 18 44 47 33 58 25 9 8 34 10 56 54 2 31 12 1 16 24 30 46 38 36 11 49 23 43 13 15 32 57 19 59 53 52 3 6 27 37 55 
57 25 10 59 5 12 21 6 34 31 48 38 30 15 8 35 41 7 14 53 24 58 3 46 9 33 63 4 43 39 42 29 62 47 1 19 20 37 51 2 32 22 13 28 36 17 61 55 40 50 56 45 64 54 44 16 11 52 23 49 60 26 18 27 
7 30 55 34 16 8 48 35 46 63 12 43 52 41 27 22 26 62 2 47 4 17 42 37 25 5 36 54 60 56 13 32 9 18 50 38 15 31 49 57 44 20 11 40 1 33 45 24 58 29 10 53 51 6 21 23 19 3 64 59 14 61 28 39 
14 22 1 31 38 11 33 52 61 47 6 36 17 19 3 62 21 20 15 45 54 55 60 64 58 34 26 24 12 27 50 35 13 8 7 23 28 29 56 41 53 4 59 16 9 51 43 25 57 18 2 39 48 42 49 46 10 40 63 44 30 37 32 5 
56 50 23 17 32 9 47 54 20 14 28 16 4 58 26 53 1 51 36 35 48 33 34 18 7 15 55 61 52 11 37 49 44 3 22 39 59 64 10 40 6 46 30 41 42 31 21 57 63 12 19 8 27 5 60 62 2 13 38 29 45 25 43 24 
62 29 36 15 58 37 60 46 55 45 32 50 7 25 51 64 11 8 40 63 10 19 43 28 38 2 23 3 44 41 1 57 6 53 5 52 14 16 12 30 18 49 27 35 48 39 47 56 61 31 13 26 20 59 24 17 9 42 4 54 34 22 21 33 
2 20 49 63 42 26 41 51 44 60 39 18 11 59 56 13 25 23 32 57 5 50 61 9 48 10 40 22 28 19 16 30 24 21 17 54 27 33 58 45 3 64 12 37 8 29 62 15 34 14 36 52 43 4 38 35 1 6 46 55 53 7 47 31 
3 61 18 40 28 39 53 64 24 2 5 23 21 33 9 37 49 38 16 29 13 59 44 27 20 31 45 51 6 46 17 62 55 60 43 4 42 63 35 48 14 52 34 54 19 10 7 26 1 32 41 22 47 25 11 30 50 36 15 58 56 12 57 8 
27 19 24 13 45 43 44 4 1 57 29 49 40 54 10 42 52 39 6 12 22 56 31 30 59 14 47 21 64 53 18 8 34 36 26 25 32 11 46 61 60 50 5 38 63 58 2 23 3 33 55 9 37 28 15 7 20 16 48 62 17 51 41 35 
44 31 16 32 64 36 2 33 14 49 52 61 37 3 58 63 4 56 28 38 15 39 19 45 11 55 53 62 50 12 47 23 1 6 34 29 9 54 57 43 13 27 10 26 20 25 60 51 5 48 46 30 35 24 59 42 18 41 40 22 7 8 17 21 
25 10 9 3 15 23 13 39 38 22 54 64 26 16 1 7 18 6 48 14 2 11 24 40 30 57 61 59 19 5 29 45 53 20 4 51 41 36 42 33 62 37 47 21 44 35 28 43 31 63 8 56 34 52 17 49 60 55 32 46 27 50 12 58 
52 62 6 35 18 61 29 5 59 36 51 60 12 47 24 20 3 25 13 9 32 1 30 16 46 49 31 64 56 43 27 33 45 48 8 50 17 40 44 58 7 55 53 39 23 15 57 34 22 26 21 38 41 37 2 14 42 11 19 28 10 4 54 63 
48 56 8 47 57 34 1 12 41 53 27 40 6 29 11 50 37 43 62 49 33 64 5 23 26 38 2 42 7 9 28 16 3 32 21 10 25 22 19 24 61 63 17 46 30 18 54 58 36 13 45 60 44 55 4 39 52 20 51 31 59 14 35 15 
59 49 30 19 53 50 54 60 18 28 25 5 9 34 33 44 29 46 7 61 51 20 41 22 24 17 58 40 4 6 15 21 35 55 13 27 39 12 63 52 42 45 3 8 14 11 31 38 47 64 16 23 62 57 32 10 43 2 36 26 37 48 1 56 
37 42 17 14 4 63 26 27 32 21 19 35 13 46 30 45 10 55 54 58 44 52 57 50 36 8 3 60 51 1 34 41 31 56 2 61 49 59 15 11 16 29 22 64 40 24 12 48 20 28 6 33 53 43 7 18 47 38 9 39 23 62 5 25 
20 55 21 41 40 58 46 24 31 39 56 57 43 62 2 48 47 42 60 8 59 26 17 34 10 25 54 35 22 18 63 52 30 23 37 14 7 38 64 28 19 6 49 5 50 32 4 36 51 61 9 15 1 11 12 27 3 44 53 33 29 45 13 16 
22 7 43 11 51 45 38 28 8 55 15 4 10 42 23 17 63 53 27 31 12 36 21 35 37 20 14 32 39 44 48 13 46 62 16 5 47 60 26 18 52 1 33 59 2 41 56 9 19 40 3 58 54 29 50 25 49 30 24 61 57 34 6 64 
47 17 63 50 33 29 39 37 49 32 3 28 56 60 16 14 44 21 18 36 20 22 59 26 41 53 1 43 24 64 19 2 61 11 23 30 8 42 54 35 48 9 40 4 25 57 27 7 62 55 34 51 38 13 58 31 6 10 12 5 52 46 15 45 
35 59 11 16 20 52 55 44 29 15 22 62 34 26 48 2 38 49 45 51 27 61 25 63 40 60 50 28 47 32 3 7 18 5 9 64 56 6 21 1 12 19 39 31 54 46 42 8 41 17 4 57 14 10 23 43 33 24 30 37 58 13 36 53 
40 5 60 38 61 41 10 36 53 35 1 47 46 21 50 19 7 64 31 33 8 24 9 17 52 23 6 34 55 42 4 25 39 26 57 12 51 3 37 44 29 14 58 11 56 43 13 20 2 30 15 49 45 27 28 59 16 63 22 32 18 54 62 48 
32 18 45 48 8 28 6 62 42 58 38 55 61 17 37 27 5 19 34 30 39 47 4 56 29 11 12 46 16 57 51 10 36 49 20 15 50 14 24 13 33 59 60 22 21 53 1 44 25 54 63 7 52 64 9 3 26 35 41 23 2 40 31 43 
31 14 54 46 56 27 30 49 10 5 41 9 44 6 36 11 60 57 55 32 16 23 48 1 61 13 38 15 59 22 62 63 17 19 25 45 52 58 43 53 24 35 37 2 34 28 26 64 42 39 33 12 18 40 8 50 7 47 3 21 20 29 4 51 
9 4 64 57 12 7 42 3 13 43 23 20 51 40 45 30 35 15 58 11 62 41 14 53 18 54 8 37 31 49 33 26 10 28 59 48 22 46 2 38 50 17 32 36 47 63 55 52 21 1 5 6 29 16 56 24 25 34 61 60 44 39 27 19 
24 23 19 43 26 22 58 21 54 33 18 31 57 52 12 25 6 40 50 3 29 42 13 2 39 45 20 30 17 14 9 48 4 63 32 62 34 55 7 27 41 51 16 10 5 61 15 49 53 47 60 35 46 44 36 37 8 64 28 1 38 59 56 11 
13 2 51 25 1 53 34 15 64 7 63 39 24 4 59 8 28 10 43 37 52 12 46 54 5 21 56 58 35 36 44 27 40 33 60 41 29 47 16 31 30 3 6 23 18 45 38 62 26 11 20 61 32 19 22 48 14 49 57 50 9 17 55 42 
50 47 40 7 41 38 51 20 43 23 13 19 32 64 34 3 9 16 53 52 18 57 29 4 6 24 21 26 11 48 5 14 2 42 49 22 60 30 27 15 35 54 1 63 12 36 33 10 55 25 17 46 39 58 31 61 28 45 62 56 8 44 59 37 
15 32 33 26 9 10 4 45 50 61 53 1 42 27 29 40 54 5 38 59 23 13 55 41 12 62 18 56 25 63 35 43 51 37 64 17 57 19 34 3 20 31 48 47 7 6 44 28 24 8 49 16 21 30 14 2 39 22 58 52 46 60 11 36 
39 8 35 44 14 62 12 29 5 20 47 24 33 28 17 36 2 63 37 34 1 3 22 43 49 41 30 13 54 40 31 42 58 38 18 6 55 48 11 46 15 53 57 27 45 64 16 21 60 52 59 50 56 23 10 26 61 51 7 19 32 9 25 4 
55 46 22 42 6 59 28 61 30 51 35 44 48 63 38 10 27 31 39 20 36 32 12 49 16 3 60 7 58 37 2 53 41 9 52 47 21 13 50 8 34 56 4 25 62 26 5 14 18 19 1 11 40 45 43 33 15 29 54 17 24 23 64 57 
58 36 25 60 43 30 63 16 26 59 21 12 31 2 4 56 17 24 64 42 6 14 11 10 50 44 46 8 61 15 52 51 23 54 35 33 45 62 1 39 22 32 29 9 37 49 40 19 13 57 28 41 7 47 27 38 48 5 20 18 55 53 34 3 
5 37 57 49 34 48 18 17 6 8 11 25 55 9 54 60 30 58 33 26 47 40 62 7 19 1 28 10 45 38 32 20 56 14 36 31 43 53 4 29 23 61 51 24 39 59 52 46 44 15 12 64 42 35 3 22 27 21 13 63 50 2 16 41 
1 13 3 53 11 19 31 23 52 18 45 41 39 14 62 49 56 61 44 46 21 25 15 8 27 47 9 33 57 29 64 22 5 59 24 7 16 32 28 20 2 58 50 60 17 55 30 42 37 51 48 36 4 34 63 54 40 43 6 35 12 10 38 26 
54 64 27 52 21 2 24 56 22 46 57 15 16 37 7 58 50 28 19 60 45 35 51 48 17 59 39 55 36 4 23 34 12 44 40 63 26 10 61 25 11 18 38 43 13 8 41 3 32 9 29 62 6 53 20 5 31 14 33 42 47 49 30 1 
29 54 44 24 19 56 3 10 27 26 42 13 5 7 43 6 48 14 61 50 25 45 64 38 15 36 16 39 49 35 30 40 47 22 41 32 18 23 55 21 31 12 8 1 58 4 17 2 59 34 37 28 33 60 62 52 53 57 11 20 51 63 9 46 
33 45 15 28 48 35 25 31 47 24 61 3 62 32 18 34 16 52 10 56 43 30 63 12 57 64 51 27 37 50 54 55 19 1 11 2 13 8 38 6 26 36 46 44 22 7 14 60 4 41 53 29 49 20 39 9 58 59 42 40 5 21 23 17 
60 39 59 21 63 57 61 53 9 1 16 14 41 31 64 33 34 44 42 27 40 4 26 15 32 29 25 17 62 47 20 38 7 46 12 36 30 56 48 10 55 11 43 52 24 50 23 54 35 58 51 5 2 8 19 6 22 37 18 45 13 3 49 28 
42 41 13 18 37 4 20 7 25 56 49 2 63 57 40 15 33 36 51 24 17 53 58 39 31 6 59 23 21 52 11 44 14 50 61 43 5 26 3 62 27 30 28 19 64 34 9 45 54 16 32 47 12 22 46 1 55 8 10 38 48 35 60 29 
12 11 38 9 30 64 43 22 39 19 55 8 28 50 35 51 46 3 59 54 41 29 1 5 63 56 24 53 34 45 14 18 15 57 58 60 40 49 20 17 25 42 21 62 33 37 6 61 27 10 7 44 23 36 48 13 4 32 2 16 31 47 26 52 
51 6 46 2 47 17 5 1 11 54 59 48 45 44 60 23 31 9 49 62 19 8 20 21 33 58 22 12 13 26 10 28 63 39 42 37 53 52 29 4 57 38 15 32 35 16 3 41 64 56 40 24 50 61 18 55 34 25 27 30 43 36 14 7 
36 34 14 8 27 55 50 32 4 12 46 58 20 30 53 52 23 47 57 22 7 37 18 6 42 9 48 5 2 3 60 19 54 31 28 24 35 51 25 16 39 40 63 49 10 13 29 59 11 45 38 43 17 21 26 15 56 33 44 41 1 64 61 62 
49 26 52 62 23 16 40 58 36 17 37 22 38 10 21 29 13 32 11 2 60 28 35 55 1 43 4 41 46 7 8 61 33 45 27 34 64 44 59 9 5 47 56 18 51 20 48 53 30 3 25 31 63 14 42 57 54 50 39 6 15 19 24 12 
45 3 34 36 31 14 56 18 62 48 9 46 35 13 44 38 20 54 4 19 57 15 8 59 51 12 33 29 30 24 39 50 49 7 6 11 10 1 23 37 63 2 41 17 28 5 53 27 43 60 58 42 16 26 52 47 64 61 55 25 21 32 22 40 
26 52 47 6 44 15 17 48 58 3 24 29 53 22 32 61 40 27 25 21 11 2 39 62 64 16 49 18 23 55 38 4 42 41 31 28 12 35 8 14 43 57 36 13 59 1 10 30 33 46 50 19 5 7 37 45 63 9 60 51 54 56 20 34 
43 60 53 12 55 24 16 30 56 40 50 51 36 20 14 39 42 35 52 6 31 46 23 47 54 63 27 9 26 59 45 15 32 13 19 44 62 57 17 34 4 7 25 61 11 21 58 33 48 38 18 2 22 41 29 64 37 1 49 8 28 5 3 10 
64 33 2 1 39 40 9 19 7 10 60 45 18 49 57 26 55 13 63 17 56 43 37 3 35 28 5 31 41 61 22 11 21 29 15 58 46 25 30 50 47 48 62 14 52 54 20 12 8 44 24 27 36 51 34 32 38 4 59 53 16 6 42 23 
23 27 7 5 10 13 57 41 63 64 4 21 8 55 52 59 12 50 9 1 14 34 28 60 47 19 32 44 53 25 56 58 26 51 3 20 61 39 22 36 38 24 35 15 16 42 46 37 6 49 62 54 31 17 40 11 29 48 43 2 33 30 45 18 
61 38 29 51 25 21 37 8 19 11 34 17 23 5 15 1 53 33 41 64 30 10 45 32 3 46 42 2 48 13 7 36 43 16 56 18 63 4 60 54 49 44 31 50 6 40 39 22 28 35 57 59 9 12 55 20 24 62 47 27 26 58 52 14 
46 35 4 58 62 32 22 42 16 27 30 54 25 43 41 28 61 48 29 5 49 7 36 24 60 37 52 1 20 34 21 6 38 2 47 59 33 9 40 64 45 8 55 51 26 56 19 18 23 53 14 10 3 39 13 63 17 15 31 12 11 57 50 44 
28 63 50 20 49 54 11 59 33 37 2 6 47 12 42 31 51 22 26 18 38 44 16 58 43 40 10 14 8 62 57 17 27 52 48 55 24 45 53 5 9 60 64 3 32 23 34 29 15 21 30 1 61 56 25 4 46 19 35 36 39 41 7 13 
################proper############## 

 average_time = 15.241612 

 success runs = 1 

 total average iters = 405402.000000 
