Success!!! 
 
 max_col = 
 64 
 
 run_time = 
 14.483530 
 
 once iters = 
 400281 
 
8 22 2 64 51 4 16 61 37 49 63 55 25 60 13 53 19 14 20 21 42 3 7 34 15 33 44 41 24 23 56 46 62 43 52 48 47 17 39 5 26 29 9 54 57 40 18 1 10 38 50 58 6 36 45 32 27 35 59 12 30 11 28 31 
11 36 32 5 3 62 25 19 6 45 23 17 56 22 54 44 55 58 24 43 38 51 29 26 27 60 61 40 18 48 49 8 16 30 28 31 34 50 42 10 39 41 12 59 37 33 15 47 35 21 14 63 57 7 52 20 9 13 64 46 1 53 4 2 
57 23 21 1 54 52 37 56 47 59 58 64 10 62 15 31 63 12 33 32 61 5 41 28 14 42 17 34 43 50 2 9 3 26 46 7 38 27 36 35 55 19 8 60 16 11 4 53 30 13 39 44 51 48 40 24 22 18 20 49 25 29 45 6 
49 30 44 24 34 20 29 39 18 50 21 40 2 48 27 43 23 22 35 6 17 10 52 9 64 54 4 16 32 3 26 31 1 51 53 13 45 60 8 12 63 62 25 14 46 58 36 56 28 59 11 61 37 47 41 33 55 57 15 38 7 42 5 19 
9 6 53 33 10 43 63 60 38 12 5 32 30 26 8 14 4 27 37 47 11 50 36 48 52 28 20 1 25 45 7 59 22 40 29 23 18 44 56 57 2 17 31 35 34 42 13 3 54 19 55 46 15 62 64 49 24 16 41 51 58 21 39 61 
15 45 12 28 38 35 50 47 46 11 19 41 61 16 34 7 62 53 64 39 18 40 59 44 13 22 36 58 57 30 55 5 4 9 63 33 14 6 2 37 52 51 20 21 48 43 49 24 17 29 23 25 42 1 27 31 8 60 32 26 56 3 54 10 
55 48 59 18 7 14 58 42 57 28 1 51 52 9 24 39 56 13 45 31 46 16 54 49 29 63 53 35 10 6 37 11 61 19 41 20 25 15 32 21 44 50 27 30 38 23 5 64 8 60 3 22 4 12 26 2 34 62 36 47 40 43 33 17 
17 31 46 13 27 26 40 41 42 20 29 33 4 35 36 3 30 57 25 60 8 15 1 2 47 38 19 21 51 62 12 39 59 24 58 11 49 64 55 54 10 22 7 6 45 61 32 28 18 16 34 53 9 56 43 5 48 14 63 52 50 44 23 37 
45 25 7 38 8 32 20 14 16 34 4 10 55 47 61 15 28 18 27 64 52 43 6 50 56 17 57 46 37 63 24 29 48 58 21 51 44 54 9 13 23 1 19 2 42 53 60 30 62 5 12 59 40 31 35 3 41 36 11 22 33 39 26 49 
41 5 43 50 18 49 59 26 20 54 6 56 39 3 23 36 35 16 58 19 25 30 44 31 40 14 12 7 52 53 51 32 34 37 57 15 1 10 46 22 33 11 55 64 63 62 29 4 9 47 24 2 17 45 8 42 28 27 21 48 38 13 61 60 
27 9 34 57 13 22 52 16 62 37 46 59 50 19 35 58 14 40 39 53 48 24 8 38 42 2 26 60 23 10 6 49 17 41 12 5 56 29 11 45 43 18 61 36 21 25 44 51 33 64 32 28 55 30 63 54 1 15 4 31 3 20 47 7 
47 28 58 35 21 51 39 33 24 52 38 7 57 5 14 63 49 1 41 29 54 45 62 3 30 61 59 11 36 44 13 15 2 16 6 4 8 31 27 23 40 46 56 9 17 48 34 32 19 50 26 60 43 20 53 22 18 10 42 64 37 55 25 12 
56 37 48 61 42 53 12 55 21 43 30 49 45 18 28 64 33 17 36 15 4 57 63 60 34 8 9 62 19 25 22 41 47 52 7 3 20 59 38 39 6 58 13 50 27 26 31 14 51 10 29 16 23 11 1 44 2 5 40 24 54 35 32 46 
23 64 1 30 6 24 36 10 17 33 9 8 31 40 41 13 20 11 2 26 37 12 34 42 48 35 16 55 3 21 50 28 19 60 61 32 43 63 49 14 54 45 47 5 7 22 52 15 58 4 46 27 25 18 39 38 51 59 57 62 29 56 53 44 
44 60 40 31 62 29 54 15 27 32 26 11 51 53 2 42 46 56 7 22 10 9 21 5 20 43 45 4 39 1 58 47 50 18 55 64 24 28 25 33 37 12 38 16 59 3 41 35 61 34 48 36 49 57 13 6 63 52 19 14 23 17 8 30 
2 4 3 46 19 17 11 63 22 1 48 25 60 12 44 29 13 47 32 51 59 23 55 61 38 64 33 5 27 31 54 18 26 35 40 62 42 30 53 36 57 20 28 10 24 49 39 8 41 56 7 52 14 21 37 15 6 43 34 45 16 58 50 9 
33 38 28 16 14 13 2 20 11 30 40 6 62 1 18 32 15 60 21 52 7 61 43 4 8 59 5 56 41 29 25 42 51 44 23 58 35 45 26 31 50 3 39 22 54 10 17 57 36 63 19 12 47 49 9 34 64 46 37 53 48 24 55 27 
37 57 8 41 12 46 23 43 48 14 15 53 49 44 42 33 5 29 55 25 2 17 45 22 31 40 51 54 30 60 4 36 52 32 24 47 64 34 10 28 61 13 21 27 58 63 38 19 3 7 56 18 26 6 16 11 50 20 39 59 9 1 62 35 
10 11 54 52 29 40 32 7 59 47 60 45 13 36 25 26 37 46 51 56 63 27 48 18 1 20 35 57 34 39 15 6 55 53 22 9 41 19 3 17 5 4 2 62 49 14 23 16 64 33 61 50 24 44 30 28 38 31 43 58 12 8 42 21 
1 17 35 59 31 18 21 4 12 38 56 43 63 20 50 2 8 24 40 54 33 53 47 64 62 3 58 9 13 32 44 45 11 39 5 61 46 48 7 49 36 30 37 52 6 28 42 25 55 22 41 51 27 14 15 29 23 26 10 19 57 60 34 16 
30 15 9 6 50 39 24 25 54 7 28 16 58 64 21 61 34 38 26 44 1 19 42 57 23 46 43 37 49 17 53 27 40 59 8 63 4 14 18 29 20 55 41 47 31 12 48 11 52 62 60 35 32 13 10 45 3 56 51 36 2 33 22 5 
5 49 47 63 56 36 60 45 29 41 22 3 46 31 10 51 6 39 59 62 35 13 20 11 19 48 55 12 21 24 64 7 33 27 50 25 37 57 16 38 8 53 32 1 15 34 26 9 40 54 58 17 2 43 42 23 30 61 18 28 44 14 52 4 
34 58 27 55 64 3 26 62 35 19 24 5 17 23 39 8 10 31 12 36 9 28 30 14 50 11 63 52 22 16 61 38 60 2 56 21 6 13 20 42 51 59 44 18 43 29 33 45 48 53 25 1 46 4 57 37 40 7 47 41 32 15 49 54 
22 42 51 44 61 48 19 53 55 9 52 27 34 37 4 57 58 50 49 23 3 32 16 41 28 47 2 26 14 18 33 10 30 62 43 1 36 12 54 15 24 60 46 40 56 35 64 7 21 20 31 39 38 8 5 59 17 45 25 6 11 63 29 13 
32 55 18 29 35 25 6 48 44 2 62 23 41 34 11 28 45 19 8 9 21 52 4 46 5 27 42 36 47 37 31 12 54 22 10 24 15 61 64 26 49 39 16 51 14 38 59 17 43 30 20 13 7 40 33 63 58 50 53 1 60 57 56 3 
14 8 64 34 16 5 44 9 4 58 36 48 24 49 33 12 40 26 18 59 28 29 10 32 3 21 38 50 61 57 45 62 56 25 30 35 51 20 63 41 1 2 43 37 55 13 27 42 22 15 53 47 60 39 17 46 54 6 52 23 19 31 7 11 
62 2 30 53 23 19 57 13 52 35 64 50 42 17 3 27 47 63 11 55 24 14 12 37 18 4 25 22 44 58 40 20 36 29 60 34 7 8 43 59 56 26 45 15 9 54 10 33 6 51 21 31 5 16 49 1 46 38 61 39 28 41 48 32 
51 54 10 39 4 41 56 27 14 63 61 31 7 8 32 20 60 42 30 48 13 1 3 33 59 26 64 6 29 9 23 53 58 17 16 46 52 38 5 62 19 47 34 28 25 36 22 50 11 2 35 45 12 55 44 57 15 37 24 43 21 49 40 18 
36 47 38 20 40 58 15 28 1 13 51 57 26 54 43 9 7 62 22 34 16 6 53 27 46 32 60 10 48 55 11 30 44 12 39 50 33 49 14 18 3 5 23 63 8 31 21 52 56 41 4 37 61 19 24 64 42 25 45 35 17 2 59 29 
59 46 42 12 60 63 43 11 56 15 25 29 6 21 40 22 17 2 31 58 50 38 5 54 16 49 24 13 35 34 39 33 37 23 3 45 53 4 19 1 62 32 57 20 61 7 30 41 26 18 8 48 28 52 36 14 10 9 55 27 47 51 44 64 
21 33 45 22 17 50 3 52 10 16 59 60 47 30 37 19 41 23 15 61 49 39 64 35 2 7 14 43 63 56 1 51 9 31 27 28 55 40 57 11 58 24 48 46 18 6 53 44 42 32 54 38 29 25 34 62 20 12 26 4 36 5 13 8 
24 26 37 7 49 1 61 31 53 39 18 46 5 38 45 55 51 44 56 57 43 20 25 36 41 19 54 8 17 15 28 52 13 21 47 42 48 2 6 32 64 40 35 4 29 60 11 12 27 58 10 23 3 50 59 9 14 30 62 33 34 16 63 22 
6 13 25 45 15 11 47 57 64 18 54 63 19 10 62 59 1 8 29 14 55 31 17 21 51 37 34 38 40 35 27 23 28 48 32 22 26 41 12 9 4 56 3 42 50 46 43 39 7 24 16 5 52 53 58 30 44 2 49 60 61 36 20 33 
60 52 31 2 63 61 53 35 28 55 11 15 33 43 22 38 48 37 9 12 6 4 27 39 45 57 21 42 58 64 62 44 23 20 36 30 59 1 34 56 14 7 24 49 26 19 16 40 29 8 17 32 50 54 46 25 5 47 13 3 18 10 51 41 
16 51 23 14 59 34 48 29 7 42 12 21 40 61 17 41 50 20 57 5 64 2 56 53 43 30 6 32 31 52 9 54 18 46 35 38 13 24 33 8 47 15 60 55 36 44 28 22 63 3 49 10 39 26 19 27 25 1 58 37 4 45 11 62 
58 7 20 21 55 38 5 17 30 36 27 1 9 32 53 35 3 52 43 42 51 33 24 62 26 56 46 49 11 59 29 48 39 57 14 40 16 25 31 44 45 10 18 41 64 8 63 37 34 28 2 4 13 60 61 47 19 23 6 54 15 22 12 50 
42 12 36 4 22 8 27 32 45 3 39 20 44 58 5 49 54 15 10 30 60 25 23 47 24 16 41 19 7 33 63 14 53 50 37 6 2 52 61 43 29 38 51 31 13 9 62 34 57 1 40 64 11 35 56 18 59 48 46 21 55 28 17 26 
64 1 24 10 9 30 28 50 23 46 31 26 16 14 56 47 36 45 13 18 34 44 49 7 53 25 3 61 5 22 8 60 15 4 11 55 29 58 62 19 21 27 54 17 33 59 2 20 37 6 43 42 41 51 12 48 57 32 38 63 39 52 35 40 
43 3 39 54 33 44 18 40 51 29 50 34 37 25 48 52 26 41 16 63 58 46 22 19 17 12 28 15 4 13 36 2 64 49 42 10 27 47 21 60 32 6 5 11 35 57 1 61 38 23 9 20 45 59 62 55 7 53 14 8 31 30 24 56 
26 41 49 19 37 56 62 46 2 6 13 4 8 24 57 60 59 61 38 11 32 35 28 40 55 18 47 39 1 20 10 50 7 63 45 54 17 5 51 3 12 52 53 25 23 30 58 48 14 31 33 15 44 22 21 36 16 64 27 29 42 34 9 43 
20 10 26 11 57 47 33 21 60 27 45 28 36 15 6 5 31 34 19 2 40 62 50 25 7 55 56 51 42 12 52 37 24 8 38 14 23 43 4 46 16 44 59 58 53 64 9 29 13 35 22 54 1 41 48 17 32 39 3 30 49 61 18 63 
25 34 29 37 58 27 4 12 3 22 42 44 18 46 64 48 24 33 60 1 20 26 39 45 49 5 32 63 62 36 59 16 41 54 51 19 50 11 52 53 38 28 6 13 30 55 7 31 47 57 15 40 21 61 14 43 35 17 2 56 8 9 10 23 
54 39 6 23 30 15 8 59 50 17 53 62 1 57 31 24 16 35 48 37 56 22 13 55 4 41 29 27 9 43 20 25 10 64 49 2 32 36 28 7 46 61 42 33 11 47 51 26 5 12 18 34 63 38 3 58 45 21 44 40 14 19 60 52 
53 50 52 36 41 42 45 5 39 56 14 58 20 51 7 4 44 43 28 8 30 49 11 63 61 10 48 47 64 38 35 13 31 34 17 57 3 37 40 6 25 23 22 12 2 18 54 21 60 55 59 9 19 27 32 26 33 24 29 15 46 62 16 1 
35 18 14 51 24 9 13 3 33 21 49 37 38 63 12 40 42 5 53 41 47 64 58 17 57 34 23 31 46 28 60 22 27 61 1 29 62 55 30 48 15 8 4 39 32 50 19 10 44 11 45 56 16 2 6 52 26 54 7 20 59 25 43 36 
31 56 17 60 46 2 7 64 9 10 32 35 59 41 55 11 38 36 61 27 29 54 51 6 33 24 40 14 50 26 19 21 12 42 15 39 58 18 44 16 48 49 63 3 52 1 45 43 20 25 30 8 62 23 28 53 47 22 5 57 13 4 37 34 
38 16 62 40 43 28 49 22 19 61 47 54 23 2 26 25 18 32 52 4 14 59 46 10 44 15 1 53 6 8 30 3 5 45 13 60 21 9 35 63 34 36 17 56 41 20 57 27 50 39 37 33 64 24 29 7 11 55 12 42 51 48 31 58 
19 63 61 48 32 55 1 44 13 8 16 52 43 29 30 34 57 3 23 7 12 21 9 15 11 58 39 45 2 54 18 17 20 56 26 59 22 33 47 25 35 37 14 24 62 5 40 60 46 42 51 49 36 10 31 4 53 41 28 50 27 64 6 38 
50 24 11 15 1 57 9 37 8 44 7 22 29 59 38 23 52 10 14 46 27 36 32 58 63 13 30 3 54 4 43 40 6 55 33 26 12 42 60 20 28 25 64 19 5 16 35 18 45 48 62 41 31 34 51 61 21 49 56 17 53 47 2 39 
3 43 5 27 36 60 35 34 41 51 10 47 14 4 19 17 9 59 54 28 23 8 31 12 6 39 62 44 55 46 42 57 25 38 18 37 30 32 29 50 22 33 11 26 1 52 56 49 2 40 13 24 53 64 20 21 61 58 48 16 63 7 15 45 
46 62 13 58 26 12 31 2 40 24 43 39 53 50 1 16 29 49 5 33 45 56 18 30 22 51 10 48 60 14 32 19 35 28 9 36 61 3 41 47 42 57 15 38 44 21 55 63 23 27 52 7 59 17 25 8 4 11 54 34 6 37 64 20 
4 44 33 17 47 54 14 38 32 26 2 61 64 28 49 21 25 48 34 40 19 42 37 20 9 36 15 59 16 27 5 56 57 7 62 52 10 23 58 24 60 43 50 53 51 45 12 6 1 46 63 29 35 3 11 39 31 8 22 13 41 18 30 55 
28 21 22 42 53 45 55 51 63 62 35 36 27 52 46 18 64 7 4 24 26 41 2 43 25 23 50 33 20 11 47 61 49 15 48 56 19 39 13 34 31 14 58 8 40 17 3 54 16 9 44 6 30 37 38 60 12 29 1 10 5 32 57 59 
52 20 63 8 48 59 64 49 31 5 57 30 12 6 58 45 61 55 50 17 53 11 15 16 37 1 18 24 26 41 38 34 43 14 54 44 40 21 22 27 7 9 29 23 39 2 47 13 32 36 42 19 10 33 4 56 60 51 35 25 62 46 3 28 
29 40 19 32 39 7 30 23 34 25 55 9 3 42 60 56 22 6 47 13 62 63 38 1 35 52 8 2 28 49 21 64 45 11 4 16 31 53 17 51 41 48 10 61 20 37 46 59 15 26 5 57 18 58 54 12 36 33 50 44 43 27 14 24 
18 61 41 56 25 16 10 6 15 48 37 13 11 33 20 54 39 21 44 3 57 60 35 51 12 53 31 29 45 7 17 58 63 1 2 8 5 46 59 64 30 34 36 32 4 27 24 62 49 43 47 14 22 28 55 50 52 19 23 9 26 40 38 42 
39 35 50 3 20 37 22 8 25 23 41 18 32 55 47 30 53 9 63 45 36 48 14 13 58 6 27 17 38 19 57 4 21 33 31 49 28 62 15 40 59 42 52 29 12 56 61 2 24 44 64 11 54 46 7 16 43 34 60 5 10 26 1 51 
63 59 15 9 2 21 34 30 43 53 17 42 28 45 51 62 27 54 3 35 31 37 19 24 10 44 7 20 56 40 46 26 29 5 25 18 39 16 50 58 11 64 1 57 47 41 8 23 12 52 6 55 48 32 60 13 49 4 33 61 22 38 36 14 
13 32 56 49 5 23 17 36 58 4 34 38 15 7 29 10 12 25 6 20 41 47 57 52 60 62 22 18 53 51 16 43 42 3 44 27 54 26 1 61 9 21 33 45 19 24 14 55 59 37 28 30 8 63 2 35 39 40 31 11 64 50 46 48 
40 19 57 26 52 64 38 24 49 31 33 2 22 56 9 6 32 28 42 10 5 34 60 29 39 50 37 23 59 61 14 55 8 36 20 12 11 51 48 30 27 35 62 44 3 4 25 46 53 17 1 43 58 15 18 41 13 63 16 7 45 54 21 47 
7 29 55 47 28 33 41 54 26 40 3 24 21 13 59 46 2 51 1 38 22 18 61 23 36 31 11 25 8 5 48 63 14 6 64 17 60 56 45 52 53 16 30 43 10 39 20 58 4 49 57 62 34 42 50 19 37 44 9 32 35 12 27 15 
61 27 16 43 45 31 46 58 36 60 44 12 35 39 63 37 11 30 62 50 15 55 40 59 21 9 13 64 33 2 3 1 32 47 34 41 57 7 24 4 17 54 49 48 28 51 6 5 25 14 38 26 20 29 22 10 56 42 8 18 52 23 19 53 
48 14 4 62 11 10 51 1 5 57 20 19 54 27 52 50 43 64 17 16 44 7 33 8 32 45 49 28 12 42 41 35 46 13 59 53 63 22 23 2 18 31 26 34 60 15 37 38 39 61 36 21 56 9 47 40 29 3 30 55 24 6 58 25 
12 53 60 25 44 6 42 18 61 64 8 14 48 11 16 1 21 4 46 49 39 58 26 56 54 29 52 30 15 47 34 24 38 10 19 43 9 35 37 55 13 63 40 7 22 32 50 36 31 45 27 3 33 5 23 51 62 28 17 2 20 59 41 57 
################proper############## 

 average_time = 14.483530 

 success runs = 1 

 total average iters = 400281.000000 
