Success!!! 
 
 max_col = 
 64 
 
 run_time = 
 16.752145 
 
 once iters = 
 500981 
 
31 8 6 44 15 26 49 40 7 12 41 17 18 32 64 43 29 4 25 60 38 28 46 59 35 27 52 24 34 21 51 22 61 42 1 33 13 2 20 9 47 45 16 39 63 48 5 10 3 62 57 11 37 55 36 19 58 23 54 56 53 50 14 30 
37 54 22 43 36 64 17 29 62 34 30 24 1 59 46 42 52 31 16 44 53 21 58 6 57 61 49 20 19 38 13 55 3 41 10 32 25 51 39 14 50 15 4 33 27 26 23 56 18 9 60 8 5 47 7 40 45 28 2 48 35 12 11 63 
42 32 46 60 47 28 3 34 21 38 50 4 51 19 61 37 33 48 57 1 55 40 63 39 64 10 9 45 15 56 29 53 26 27 31 18 23 43 36 54 30 35 22 49 8 12 17 11 41 2 14 13 52 25 16 58 44 6 59 5 62 20 24 7 
53 4 55 10 2 45 16 13 48 5 54 63 25 52 39 56 8 51 24 30 7 34 61 9 37 58 62 36 1 23 41 47 22 17 35 11 64 40 50 15 59 42 31 43 14 29 44 18 20 6 12 33 38 26 28 27 32 19 57 21 49 3 46 60 
27 48 59 33 21 24 20 50 10 58 35 45 36 28 11 53 18 26 47 56 43 3 42 19 5 39 2 30 44 16 14 12 29 57 6 8 62 55 7 63 13 52 9 37 38 25 32 60 15 64 49 34 51 54 46 23 1 40 41 22 31 61 17 4 
30 9 35 1 39 56 62 19 27 47 29 57 20 31 23 40 36 5 49 11 2 14 13 41 25 3 26 8 32 28 42 60 38 4 12 37 16 46 21 59 6 58 61 54 55 24 7 53 45 63 22 48 44 50 17 10 51 43 52 33 64 15 18 34 
38 11 7 61 12 14 5 58 9 13 2 44 6 8 22 33 20 15 17 23 64 27 62 32 40 46 50 63 54 59 18 31 60 56 48 52 47 49 28 45 57 1 51 36 19 41 34 3 35 4 53 21 24 43 29 30 16 55 39 26 42 37 10 25 
57 63 18 51 52 23 25 41 55 16 60 14 49 3 15 26 12 10 50 54 37 35 22 45 48 17 6 7 33 43 4 11 30 5 58 53 44 19 34 24 2 28 64 21 20 46 40 62 59 42 39 32 61 56 1 31 38 47 29 27 9 13 36 8 
9 46 11 15 27 20 64 16 34 51 12 8 52 54 59 62 6 22 43 61 50 42 7 29 14 32 19 47 48 17 28 4 5 39 49 40 58 31 44 26 45 37 35 63 36 53 56 57 55 41 23 38 3 24 60 13 25 33 18 10 1 21 30 2 
24 43 48 26 60 52 41 7 4 36 64 15 53 18 21 3 27 11 56 37 25 1 17 31 9 33 16 6 30 58 39 2 13 45 29 42 22 34 55 50 12 54 59 23 28 49 20 46 32 10 5 14 40 51 8 63 47 61 19 62 38 44 57 35 
39 35 56 3 40 37 2 55 50 6 47 23 14 38 16 28 63 54 8 18 57 49 20 33 12 44 22 29 43 60 11 1 62 32 64 51 10 36 59 7 31 19 24 48 5 34 42 25 26 17 30 61 53 45 21 9 52 41 15 46 13 4 58 27 
47 34 36 53 25 42 4 21 33 45 9 26 63 49 7 1 46 28 52 41 14 13 44 16 59 62 56 54 5 24 35 20 27 12 19 57 30 23 48 38 22 55 10 51 15 61 8 40 58 31 50 2 29 37 6 18 39 60 11 3 17 43 64 32 
1 18 38 49 29 57 19 31 58 11 61 46 60 5 2 27 26 40 51 3 9 12 47 15 45 25 23 55 13 52 50 10 35 43 17 24 41 56 53 28 14 21 44 32 64 6 4 30 7 36 33 20 22 62 39 54 59 37 63 8 48 34 42 16 
59 22 62 28 23 63 10 61 25 43 17 13 30 39 56 31 21 58 38 24 32 19 45 64 8 51 34 46 42 57 37 49 54 9 14 16 4 1 3 18 33 26 2 60 29 47 50 41 48 11 52 12 15 27 44 35 6 53 55 36 5 7 20 40 
58 13 5 32 45 30 54 51 22 19 48 10 55 42 37 44 53 34 35 59 39 2 23 62 26 41 15 40 63 27 21 36 11 46 60 61 33 20 8 6 52 7 3 18 43 9 38 17 25 57 47 1 64 4 49 16 12 31 28 24 29 56 50 14 
8 14 33 17 50 6 44 12 24 32 20 40 29 35 41 57 4 60 48 10 36 30 5 55 38 18 3 61 53 64 31 7 2 52 47 15 37 21 63 25 1 39 27 16 62 58 11 13 46 28 56 42 19 34 43 59 49 45 9 51 26 54 23 22 
4 26 44 57 28 10 58 64 49 29 1 25 22 23 42 60 59 24 31 13 17 9 21 11 53 40 38 37 51 46 3 52 63 50 8 56 20 27 15 35 61 14 19 41 12 36 33 16 54 45 55 43 2 32 62 48 18 7 5 6 39 30 34 47 
15 60 34 25 13 41 35 36 28 54 31 59 21 57 20 10 19 43 27 53 29 32 52 56 11 64 24 17 8 45 33 16 4 55 46 23 26 39 30 42 5 44 37 7 58 18 62 51 47 40 6 22 9 12 63 3 2 14 48 38 50 49 1 61 
18 59 20 40 37 27 7 9 46 41 11 39 33 51 5 13 49 44 60 6 34 45 3 58 42 23 14 12 4 61 55 43 48 2 36 54 24 29 22 47 15 32 25 64 30 50 1 31 53 38 19 16 8 17 56 52 10 26 62 28 21 35 63 57 
12 42 8 46 14 16 24 30 63 53 32 48 56 34 19 17 35 2 22 4 47 25 15 36 6 26 44 27 18 5 62 50 57 58 45 59 52 28 61 41 38 9 60 55 49 54 10 39 1 23 7 37 33 13 20 21 3 29 64 43 40 11 51 31 
22 5 17 55 48 32 43 62 47 2 7 50 38 26 3 14 57 39 23 16 1 51 28 20 36 21 35 49 25 15 54 63 9 33 53 60 18 11 31 13 24 6 45 40 59 56 46 29 61 44 27 10 30 64 34 41 4 8 42 52 37 58 19 12 
52 50 19 45 54 33 1 63 40 35 18 30 61 12 58 55 38 64 42 48 10 62 14 37 47 28 60 9 56 7 57 41 34 51 3 25 5 6 49 32 43 20 8 17 2 21 53 27 39 46 11 31 26 29 59 4 13 24 36 16 23 22 44 15 
23 49 61 47 38 39 29 2 16 24 44 6 37 45 4 15 40 8 41 46 18 33 54 50 20 22 30 59 31 19 1 34 64 10 7 12 21 14 43 62 63 11 52 57 26 3 13 48 36 35 28 51 25 42 58 5 27 56 53 32 55 17 60 9 
21 53 51 56 3 31 6 11 64 62 43 27 8 9 36 52 30 61 5 7 63 55 26 12 13 2 48 32 58 39 10 29 37 19 44 17 1 38 16 40 28 4 23 35 34 42 47 22 57 15 18 49 14 60 50 24 54 59 20 45 25 46 33 41 
51 31 3 42 63 18 39 27 29 22 49 19 40 44 17 34 1 9 33 38 58 59 64 13 43 6 37 21 55 41 56 32 23 28 15 46 8 16 10 2 53 60 62 24 45 4 25 35 5 26 20 47 54 52 14 50 36 30 61 12 7 57 48 11 
19 33 28 59 62 48 8 22 18 7 15 47 13 2 53 58 42 17 3 43 61 50 6 54 60 24 25 5 49 1 36 51 56 14 39 4 57 45 11 29 32 27 30 34 41 52 26 20 12 21 31 23 10 46 40 44 35 38 16 37 63 9 55 64 
16 40 45 41 30 50 61 5 35 20 42 37 31 43 26 48 14 21 19 12 11 52 55 28 23 38 10 33 57 2 22 46 17 36 54 13 63 7 27 60 39 64 15 6 47 51 49 9 24 58 3 56 18 1 25 29 62 4 8 59 34 32 53 44 
17 55 14 4 35 34 53 46 57 50 21 16 10 63 9 41 62 18 37 20 8 24 60 30 27 29 42 19 45 47 40 28 25 31 26 38 3 44 52 51 58 13 54 11 22 59 36 12 43 39 48 64 7 61 32 33 23 1 49 15 6 2 56 5 
10 6 13 7 20 15 26 54 51 64 38 3 27 60 12 36 22 53 29 49 23 4 31 44 50 11 39 35 61 30 16 14 55 21 34 5 32 42 18 58 37 43 56 1 33 40 48 8 28 59 9 62 57 63 19 2 46 52 25 41 45 24 47 17 
11 29 2 36 44 38 47 37 1 25 46 62 23 33 6 61 32 56 34 5 26 48 27 10 15 13 31 52 20 12 58 9 40 59 50 30 53 24 64 43 3 17 7 28 57 55 63 19 4 8 45 41 16 22 35 49 42 21 14 54 60 51 39 18 
43 23 58 9 24 1 57 25 54 39 14 52 32 56 45 5 15 7 2 40 51 47 35 63 18 34 64 48 17 4 8 59 33 62 20 6 49 41 12 61 10 31 46 42 21 38 16 44 11 30 36 27 60 53 55 37 50 22 13 29 19 28 3 26 
64 52 60 21 32 12 56 49 11 30 24 55 28 4 8 59 41 25 36 45 46 16 39 57 54 63 53 26 7 62 44 3 47 48 37 35 9 22 19 1 23 29 18 61 50 2 14 5 13 34 17 15 42 38 51 6 33 20 58 31 10 27 40 43 
45 10 4 37 51 5 31 33 20 60 16 61 64 30 14 18 3 35 62 17 44 6 49 24 41 55 13 42 59 8 19 27 39 53 11 36 46 57 32 52 9 34 63 22 1 23 54 26 2 56 21 29 28 15 48 43 7 25 40 47 58 38 12 50 
26 36 49 30 8 61 22 38 44 28 56 29 15 13 24 25 45 33 40 50 27 23 57 34 63 48 17 31 11 20 46 21 14 54 16 2 59 37 60 4 64 47 39 62 18 5 6 43 51 32 10 55 1 58 12 7 9 3 35 19 41 42 52 53 
55 41 1 27 42 11 13 48 32 40 62 5 57 21 10 9 16 19 30 36 4 18 38 2 58 7 51 39 3 34 53 25 6 47 43 29 28 35 26 56 44 12 20 14 60 15 61 52 50 24 37 17 49 59 45 64 63 46 22 23 54 8 31 33 
25 20 23 52 34 40 14 28 41 3 53 43 11 6 50 22 56 55 58 39 60 54 59 46 29 49 61 57 16 32 64 15 21 63 18 19 31 12 9 5 48 38 42 27 10 30 35 7 62 13 26 4 36 8 33 47 24 51 1 17 44 45 2 37 
7 44 57 12 19 58 32 17 38 26 23 34 45 55 52 63 37 29 28 51 48 15 1 5 22 9 36 56 14 10 47 54 24 40 62 49 42 13 25 33 46 8 50 53 16 11 41 2 6 3 61 35 27 31 18 60 30 64 21 20 4 39 43 59 
63 39 29 62 9 47 15 3 17 4 27 42 35 58 54 7 64 13 21 32 22 61 43 8 2 12 5 60 28 18 24 38 20 1 23 48 50 30 45 10 19 36 49 59 51 37 31 33 40 53 44 25 46 41 52 34 14 16 6 11 57 55 26 56 
6 24 21 54 43 53 18 56 2 59 8 51 39 36 49 46 31 63 12 47 42 11 25 14 44 52 1 50 35 33 26 37 41 34 27 7 61 64 17 22 4 40 28 58 3 32 55 45 38 19 16 30 23 9 57 20 48 62 60 13 15 29 5 10 
50 16 64 2 59 35 46 60 12 37 19 33 48 1 31 47 9 52 7 26 20 41 10 53 30 4 45 43 6 40 23 62 58 3 55 44 51 15 38 8 21 25 57 56 13 17 29 24 22 14 42 54 63 11 5 39 28 18 32 34 27 36 61 49 
2 17 10 50 64 29 63 42 23 55 58 53 47 61 13 30 43 59 39 19 49 46 8 51 1 56 12 4 41 25 9 6 45 7 21 26 60 62 14 31 54 5 33 20 44 27 57 36 16 48 34 3 11 40 22 15 37 32 24 35 18 52 38 28 
32 15 27 8 33 54 34 6 37 9 40 7 42 29 44 11 2 62 53 28 5 64 36 22 61 19 58 38 24 49 63 30 46 23 13 10 39 4 1 16 26 3 41 12 56 60 59 14 52 51 35 18 31 21 47 55 17 50 45 57 43 48 25 20 
28 21 9 14 31 62 48 44 26 18 6 60 16 10 25 64 50 57 61 52 45 37 24 42 3 35 33 23 29 13 17 5 32 20 40 34 2 59 54 11 49 51 43 46 39 22 19 58 8 27 63 7 4 36 38 53 15 12 30 1 56 47 41 55 
56 7 41 20 1 46 51 59 43 14 28 36 3 27 35 4 60 47 44 31 30 38 12 40 62 8 18 22 50 55 48 42 15 24 33 9 29 52 58 37 17 53 6 25 11 64 21 61 19 5 32 57 45 39 13 26 34 63 10 2 16 23 49 54 
40 25 43 5 55 22 11 45 39 46 33 2 50 20 63 38 7 1 15 34 13 56 16 27 52 31 28 10 36 53 60 64 18 8 41 47 12 61 57 44 29 24 48 4 9 35 37 32 30 54 62 59 17 49 23 14 26 42 3 58 51 6 21 19 
60 30 16 58 26 4 36 35 5 21 22 54 12 41 51 24 55 20 63 25 6 17 48 23 32 59 47 15 40 37 43 57 19 49 38 27 56 3 42 53 7 18 34 8 52 13 45 1 10 61 2 28 50 44 9 46 11 39 31 14 33 64 29 62 
49 61 39 24 18 19 37 57 56 1 52 32 17 15 62 45 11 3 26 58 35 10 4 21 34 20 54 16 2 14 27 44 43 22 28 64 48 5 51 36 55 63 38 47 23 31 30 50 33 29 41 60 12 6 42 25 40 9 46 7 59 53 8 13 
13 12 47 38 53 3 23 52 19 49 34 31 59 48 57 8 54 41 32 14 33 29 9 18 46 45 21 51 39 11 7 26 50 30 25 55 6 63 35 17 62 2 40 10 42 16 28 15 37 1 64 58 43 20 24 56 60 27 4 44 61 5 22 36 
61 58 52 18 46 21 9 4 15 56 59 35 26 53 29 19 51 12 6 64 31 44 41 1 28 60 43 34 10 54 32 48 7 25 42 20 17 47 62 57 16 49 11 45 40 14 22 55 23 33 24 5 39 30 37 38 8 2 27 50 36 63 13 3 
36 45 42 29 7 2 33 26 13 17 55 28 34 14 60 21 25 32 11 8 15 53 37 61 16 50 40 1 12 44 6 23 51 64 9 41 27 10 24 49 35 62 5 38 46 20 58 54 31 52 59 63 56 19 3 22 43 57 47 39 30 18 4 48 
54 62 12 39 49 51 40 14 42 57 45 9 43 16 33 50 28 27 13 35 3 22 34 4 56 5 20 41 26 63 30 24 36 6 59 31 19 8 37 23 18 48 29 44 17 1 2 47 21 55 46 53 58 7 11 61 64 10 38 60 32 25 15 52 
41 27 53 34 17 44 50 47 52 8 37 20 24 7 38 6 10 23 54 62 21 36 30 49 19 15 57 11 64 22 2 35 12 61 32 63 14 58 56 3 60 33 13 31 25 39 43 59 42 18 51 45 48 16 4 28 29 5 26 55 46 40 9 1 
5 64 37 11 56 13 30 24 61 23 4 58 62 46 48 49 17 14 55 63 16 60 40 43 31 36 7 25 27 29 45 39 28 18 52 50 38 54 33 21 8 10 12 3 32 57 9 42 34 20 15 44 47 2 26 1 19 35 51 53 22 41 59 6 
3 19 15 35 6 8 60 23 36 10 63 22 54 47 1 51 48 45 46 57 59 5 33 38 21 42 55 13 62 9 52 18 16 11 2 39 43 53 29 34 56 61 26 30 4 28 24 64 27 25 40 50 32 14 41 17 20 44 37 49 12 31 7 58 
20 38 63 16 22 43 28 10 30 31 25 12 44 11 40 32 58 42 9 2 24 39 18 52 4 47 59 53 37 3 49 33 1 26 5 45 15 48 46 55 27 41 36 50 7 19 51 21 29 60 8 6 13 35 64 57 56 17 34 61 14 62 54 23 
48 1 25 31 57 55 59 32 3 27 39 41 5 64 18 2 47 50 20 29 19 7 56 26 17 14 8 58 46 51 38 61 44 13 4 22 35 60 40 30 34 23 53 52 37 63 15 6 49 12 43 9 62 10 54 36 21 11 33 42 28 16 45 24 
29 57 24 63 41 36 45 43 31 48 3 64 2 17 32 35 5 16 10 22 12 58 11 25 7 1 27 28 38 42 61 56 8 37 30 21 34 33 13 19 51 46 47 26 53 44 52 23 60 49 4 40 59 18 15 62 55 54 50 9 20 14 6 39 
33 56 32 6 61 49 38 53 8 15 26 11 19 25 27 39 44 46 18 55 40 57 51 48 24 16 29 62 23 50 59 13 52 35 63 28 54 17 4 12 20 30 14 5 31 45 60 34 9 43 1 36 41 3 2 42 22 58 7 64 47 10 37 21 
62 37 31 13 58 9 21 1 59 33 5 56 46 40 30 54 23 49 4 42 28 26 32 7 39 43 63 18 60 36 34 17 10 44 24 14 11 50 6 48 41 22 55 2 35 8 27 38 64 47 29 52 20 57 61 45 53 15 12 25 3 19 16 51 
34 3 54 19 16 25 42 18 60 44 10 38 7 50 55 23 39 6 59 27 52 43 29 35 49 53 46 14 47 26 20 40 31 15 22 62 36 32 2 64 11 57 58 9 61 33 12 63 17 37 13 24 21 5 30 51 41 48 56 4 8 1 28 45 
44 2 30 22 4 17 27 39 53 42 51 21 58 24 28 16 34 36 14 9 41 31 19 47 33 37 32 64 52 35 25 8 59 38 61 43 45 26 5 20 40 56 1 15 6 7 3 49 63 50 54 46 55 48 10 12 57 13 23 18 11 60 62 29 
14 28 50 64 5 7 52 20 45 61 36 49 41 37 47 12 13 30 1 21 56 63 53 17 10 57 11 2 9 48 15 19 42 60 51 3 55 18 23 46 25 16 32 29 54 62 39 4 44 22 58 26 6 33 27 8 31 34 43 40 24 59 35 38 
46 51 26 23 10 60 12 8 14 52 13 1 4 62 34 29 24 38 64 15 54 20 50 3 55 30 41 44 22 6 5 45 53 16 57 58 40 9 47 27 36 59 21 19 48 43 18 37 56 7 25 39 35 28 31 11 61 49 17 63 2 33 32 42 
35 47 40 48 11 59 55 15 6 63 57 18 9 22 43 20 61 37 45 33 62 8 2 60 51 54 4 3 21 31 12 58 49 29 56 1 7 25 41 39 42 50 17 13 24 10 64 28 14 16 38 19 34 23 53 32 5 36 44 30 52 26 27 46 
################proper############## 

 average_time = 16.752145 

 success runs = 1 

 total average iters = 500981.000000 
