Success!!! 
 
 max_col = 
 64 
 
 run_time = 
 15.240992 
 
 once iters = 
 400248 
 
17 22 62 64 2 4 33 15 38 49 63 55 25 60 3 11 53 30 59 31 61 13 39 14 34 48 19 41 54 23 56 24 9 43 32 40 37 44 27 16 52 29 7 20 57 42 18 8 10 26 50 1 6 36 45 46 58 35 21 47 5 12 28 51 
43 10 45 31 3 11 5 59 6 29 23 4 56 57 35 18 55 58 41 7 38 16 27 26 51 60 61 40 44 20 9 12 25 30 63 48 39 15 42 22 64 37 36 28 50 32 54 47 49 21 14 19 62 33 52 34 8 13 17 46 1 53 24 2 
56 23 36 61 14 57 37 41 47 32 8 64 10 12 59 17 51 19 33 34 63 5 46 28 58 42 13 21 4 2 15 43 26 50 54 7 49 52 1 35 55 3 27 60 16 11 40 62 30 44 39 38 25 48 53 24 22 18 20 31 9 29 45 6 
49 54 44 24 34 48 29 39 42 62 58 40 27 28 50 1 60 17 35 43 32 9 52 10 55 36 47 16 37 18 26 6 5 51 56 13 45 53 8 12 2 22 31 14 46 30 21 63 20 3 11 61 7 4 57 41 23 19 15 38 25 59 64 33 
9 6 8 19 42 58 63 53 22 15 44 21 30 52 5 14 20 48 37 47 11 1 36 57 49 28 50 62 25 45 7 59 24 60 10 23 31 38 3 46 41 17 26 35 34 43 13 33 64 51 55 12 18 27 2 29 4 56 40 16 54 32 39 61 
20 52 12 60 38 32 25 47 41 13 19 43 61 16 54 31 24 44 56 21 18 40 29 50 8 22 46 27 53 30 1 5 4 64 34 33 14 62 2 55 59 51 45 15 48 39 49 6 17 9 23 63 28 58 37 35 11 36 10 26 57 42 3 7 
55 16 26 18 7 51 50 21 2 39 36 37 46 9 24 53 25 64 45 42 23 3 54 49 29 35 52 63 10 31 33 11 61 28 41 20 6 17 19 57 44 4 5 1 58 56 12 38 59 32 40 22 8 15 47 13 34 62 60 43 27 14 30 48 
1 35 46 13 27 30 40 28 7 20 48 33 45 26 34 51 62 22 6 4 8 15 12 2 3 64 14 32 38 17 57 39 59 18 58 11 36 47 29 21 10 9 19 24 53 61 23 25 54 16 42 5 31 56 43 60 49 55 63 52 50 44 41 37 
45 25 7 38 8 10 15 30 16 18 60 32 19 13 27 43 21 61 26 40 52 54 6 47 20 17 56 1 2 50 29 31 48 58 49 64 28 51 9 63 14 5 44 22 42 53 34 37 62 39 12 59 35 55 4 23 41 11 57 3 33 24 46 36 
41 20 43 17 40 49 58 42 26 50 6 59 34 54 53 46 35 31 36 19 25 33 64 1 14 30 12 55 11 9 51 16 15 37 57 52 44 10 32 60 23 18 56 3 63 62 29 4 5 47 24 21 22 45 8 2 48 27 7 61 39 13 38 28 
27 29 64 47 56 22 51 16 61 37 14 12 49 62 55 58 41 4 24 44 48 23 8 38 35 34 6 60 57 10 25 46 18 26 40 5 2 3 11 45 43 39 13 19 21 59 7 36 42 33 32 28 17 30 63 31 1 52 9 54 15 20 53 50 
50 60 21 35 33 24 9 11 1 30 38 7 22 47 28 5 49 18 27 45 17 43 62 34 54 52 36 64 13 53 63 15 41 39 29 4 8 6 31 23 40 46 51 58 26 48 2 32 19 14 16 56 3 20 61 57 12 10 42 25 37 55 59 44 
34 37 48 52 39 53 12 55 21 64 29 45 4 20 17 2 30 14 7 15 58 57 63 22 62 8 23 3 59 42 28 41 47 54 46 24 56 27 25 43 6 11 61 50 38 33 31 16 51 36 13 10 9 26 1 44 32 5 19 49 18 35 40 60 
44 31 1 32 5 13 36 6 23 33 9 52 3 40 41 10 46 2 28 53 37 50 11 42 22 7 49 24 19 21 39 4 55 59 61 12 20 35 16 14 54 8 17 25 30 45 57 15 58 48 43 60 27 18 64 38 51 34 26 62 29 56 47 63 
26 4 59 28 18 62 54 61 24 31 25 36 51 63 57 15 39 56 20 3 10 12 16 5 48 43 45 44 40 37 58 32 50 1 38 42 17 19 33 13 60 55 52 47 9 27 41 35 6 7 29 46 49 11 34 53 21 2 64 14 23 22 8 30 
2 3 14 46 19 23 57 63 48 56 35 11 8 39 44 42 13 51 32 9 59 60 55 29 61 33 18 26 27 5 47 38 53 7 22 62 34 30 21 36 1 20 28 10 12 49 24 64 41 50 25 52 37 40 54 15 43 31 58 45 16 6 4 17 
48 30 28 44 13 36 2 20 14 34 40 31 62 18 8 32 43 50 21 26 7 61 3 4 12 6 5 11 52 25 53 42 51 33 23 45 35 59 22 39 24 58 55 29 27 10 17 57 47 63 60 16 41 49 9 56 64 46 37 19 38 15 54 1 
37 27 47 1 62 46 23 43 28 6 15 13 7 53 25 33 14 29 55 52 16 17 45 48 31 40 39 56 24 60 4 51 10 5 30 3 42 34 58 41 61 49 21 36 54 63 38 9 8 64 26 18 32 57 12 19 44 20 2 59 22 11 50 35 
10 11 38 7 29 26 3 33 59 47 45 49 16 36 42 39 37 46 31 20 56 27 15 18 1 54 35 57 41 34 55 19 2 40 8 9 64 60 53 17 5 6 62 44 22 13 32 48 23 4 61 50 24 51 30 28 14 43 25 58 12 52 63 21 
16 17 35 41 57 18 32 4 44 38 50 51 63 2 22 20 8 5 40 54 12 53 47 64 36 9 58 59 29 43 13 33 11 24 21 15 46 61 55 49 19 30 37 52 31 28 42 34 3 62 6 25 1 14 7 48 26 23 39 27 56 60 10 45 
5 15 9 6 50 39 24 25 54 11 21 58 60 64 30 61 44 62 22 32 1 42 2 19 23 27 28 17 49 26 18 8 37 52 31 63 38 4 57 7 20 35 47 16 59 12 14 56 55 43 46 29 40 13 10 45 3 41 53 36 48 33 51 34 
54 49 40 56 31 21 60 45 17 43 52 3 12 35 10 29 57 33 51 6 34 63 13 11 38 62 44 7 32 48 64 37 16 27 14 25 19 50 26 47 8 53 4 46 41 23 39 1 15 20 58 36 2 59 42 22 5 61 18 28 55 30 9 24 
12 58 63 55 64 52 8 14 9 19 24 5 41 46 1 23 28 60 39 35 49 10 30 59 50 61 20 15 22 16 2 21 56 29 48 36 32 13 44 6 51 26 25 18 43 3 33 45 11 53 37 54 38 34 27 17 40 7 47 42 4 57 62 31 
22 42 53 59 61 34 19 51 55 48 56 27 26 37 4 57 58 36 38 23 9 24 25 41 30 63 3 45 14 47 46 10 28 62 43 1 18 12 54 20 50 60 2 40 11 15 64 7 21 5 31 39 44 52 35 33 17 16 32 6 8 49 29 13 
32 28 19 57 47 25 11 48 12 2 62 6 1 34 40 41 45 24 29 59 21 52 4 46 5 10 42 36 7 55 35 58 39 22 9 31 15 64 18 61 38 44 16 49 14 8 26 17 43 54 27 13 51 53 33 63 20 50 30 23 60 37 56 3 
14 8 22 15 16 5 6 23 4 36 7 28 9 59 33 44 42 26 12 49 41 19 48 58 64 29 30 50 21 57 45 62 32 25 3 35 24 20 63 40 46 2 43 61 13 34 27 51 56 37 1 47 60 39 38 10 54 53 52 55 17 31 18 11 
62 18 30 53 10 3 56 13 46 23 64 16 24 17 26 27 54 63 11 25 31 14 50 37 33 51 8 22 61 6 40 20 36 47 60 41 57 29 34 59 35 15 1 12 55 4 9 28 2 52 7 58 42 21 49 5 45 38 43 39 44 19 48 32 
51 38 2 39 4 41 49 50 11 63 61 57 52 42 32 55 7 6 30 64 28 56 60 9 27 26 59 37 18 14 23 13 58 17 16 19 43 8 5 62 33 54 53 48 25 36 22 3 45 29 35 40 12 31 44 20 15 21 24 1 47 46 34 10 
36 55 27 34 52 40 7 9 8 58 13 50 39 43 15 56 17 16 2 10 62 51 53 61 46 32 60 28 48 63 3 1 38 12 44 21 33 49 14 54 45 47 23 5 20 31 37 30 18 22 4 57 11 19 24 64 42 25 6 35 59 41 26 29 
59 46 58 12 60 63 43 31 35 21 20 29 54 48 49 22 5 55 47 18 13 38 33 44 16 53 24 4 56 19 11 25 45 42 50 37 30 23 10 1 39 32 57 6 62 40 52 41 34 15 3 17 26 8 36 14 27 9 61 51 2 28 7 64 
21 33 54 20 17 44 45 29 10 14 51 60 31 30 37 19 40 23 15 22 3 39 1 35 2 41 34 43 47 38 12 9 52 53 27 26 55 56 28 11 58 24 64 7 18 50 59 42 46 61 62 48 16 25 6 32 63 57 8 4 36 5 13 49 
24 26 37 42 35 1 61 64 53 3 18 25 5 38 45 47 27 32 8 57 43 20 34 36 44 49 54 39 17 15 31 52 13 48 51 46 7 2 6 4 56 63 10 21 29 60 19 11 28 59 30 41 55 50 23 9 62 12 33 22 14 16 58 40 
11 47 25 45 6 43 10 57 64 5 2 61 28 19 62 38 15 8 54 14 55 31 17 33 40 3 51 34 16 32 27 22 44 21 53 50 26 41 35 9 4 56 63 42 37 46 1 39 48 24 18 7 59 12 58 52 30 29 49 60 13 36 23 20 
61 2 31 63 22 38 52 35 33 10 11 15 44 55 56 3 1 39 9 12 6 4 43 32 42 57 21 13 58 29 62 53 23 20 7 60 48 54 64 34 36 59 24 30 49 19 16 40 26 8 17 14 5 41 46 25 50 47 51 37 28 45 27 18 
13 51 34 26 30 9 16 36 57 42 53 14 40 41 29 21 50 20 18 5 2 35 56 3 45 11 10 61 33 59 37 54 17 8 52 38 1 24 43 15 47 7 60 55 6 44 28 22 63 31 49 23 39 32 19 27 25 48 62 64 46 58 12 4 
42 7 23 21 55 8 44 17 20 1 27 47 36 32 63 50 38 10 58 37 51 34 19 62 26 31 64 49 12 35 6 48 46 57 59 16 11 25 56 30 15 13 18 41 45 29 43 14 60 40 28 53 4 22 3 54 2 33 5 24 61 39 52 9 
58 5 18 4 12 20 14 32 45 16 39 46 17 8 23 49 36 27 13 30 60 25 7 24 56 15 41 19 55 52 44 47 29 2 37 6 40 63 61 28 48 38 54 31 10 9 62 53 57 34 33 64 50 35 51 43 59 22 3 11 42 1 21 26 
64 1 3 50 53 29 28 24 18 9 12 26 13 22 43 59 48 21 46 61 45 44 49 52 25 14 38 5 30 7 60 23 62 4 36 55 10 58 39 19 57 27 34 17 33 51 8 2 37 6 20 11 15 47 56 42 16 32 54 63 31 40 35 41 
15 48 39 54 59 19 27 40 60 25 30 34 37 24 58 52 26 41 16 63 57 64 22 23 17 20 4 46 43 28 36 2 33 49 42 51 47 18 12 31 21 50 3 11 32 5 35 61 29 13 9 55 45 10 62 1 38 6 14 8 53 7 44 56 
46 41 49 33 37 56 62 60 51 7 54 35 6 31 48 4 59 47 42 11 53 29 28 40 24 18 63 9 1 39 8 50 14 32 45 22 3 5 13 27 12 52 20 64 23 25 58 26 38 30 21 2 36 44 16 61 19 15 55 57 10 34 17 43 
29 21 10 11 54 60 53 37 27 17 26 62 58 45 6 63 31 13 50 2 46 32 38 25 43 5 55 51 42 12 52 7 20 36 28 14 61 33 4 44 16 19 59 8 1 64 15 24 9 35 41 3 48 23 40 30 47 39 34 56 49 18 57 22 
38 34 20 51 58 47 4 12 3 22 16 8 23 33 64 37 63 11 60 1 29 45 40 54 10 59 32 53 62 36 49 27 7 41 35 2 50 46 52 18 26 28 6 13 5 55 30 44 61 57 56 43 21 24 14 39 31 17 48 15 19 9 25 42 
25 39 6 23 49 15 26 27 50 41 42 2 53 21 31 60 16 28 48 55 64 22 57 7 13 4 29 35 9 1 20 56 19 45 24 47 59 43 51 8 18 61 46 33 3 52 10 58 32 12 54 34 63 38 17 37 36 30 44 40 11 62 14 5 
35 50 52 36 9 14 18 7 39 4 1 10 20 51 12 24 56 43 5 8 30 49 58 53 28 25 57 47 64 44 48 45 63 6 17 34 16 32 40 42 37 23 38 54 2 41 11 21 22 55 59 31 19 62 15 26 33 60 29 13 3 27 61 46 
8 45 33 16 24 28 13 62 52 61 59 9 38 56 14 40 34 37 19 41 47 18 20 39 15 21 26 31 46 3 22 60 27 10 1 29 58 55 30 48 49 25 42 57 17 7 4 50 36 11 53 44 64 2 5 6 35 54 12 32 63 51 43 23 
57 56 17 5 46 2 48 3 30 54 32 18 47 49 11 7 10 42 61 27 33 26 44 6 19 38 40 14 50 24 16 34 12 23 15 39 60 31 62 53 63 36 29 9 35 22 45 43 52 25 51 8 13 1 28 58 37 64 4 20 41 21 55 59 
31 63 61 40 43 42 64 22 5 57 28 44 55 15 19 25 52 35 4 36 14 59 51 17 41 39 37 6 23 8 30 18 49 9 13 54 21 11 38 3 34 12 32 62 56 20 48 27 50 46 45 33 47 60 29 7 10 1 16 53 24 26 2 58 
19 59 41 30 32 55 1 44 13 35 46 48 43 29 36 34 12 3 23 62 24 21 9 15 11 58 2 33 63 54 61 17 64 56 5 57 22 26 37 25 31 14 40 39 51 47 53 60 27 42 10 49 20 16 18 4 52 45 28 50 7 8 6 38 
53 9 24 37 1 12 20 52 19 44 57 22 2 58 21 48 3 38 14 56 27 36 32 30 59 13 62 10 26 46 54 40 6 63 25 61 41 42 60 64 28 33 8 23 15 16 5 18 35 45 34 4 29 43 31 55 7 49 50 17 51 47 11 39 
40 61 5 3 63 27 35 34 62 51 47 17 14 4 13 12 9 59 10 58 42 8 23 45 6 55 43 20 39 33 50 57 31 38 18 32 52 16 46 29 22 1 11 26 44 2 56 49 7 60 19 37 53 64 48 21 28 24 36 41 30 54 15 25 
28 62 42 58 26 7 31 2 37 24 43 20 35 50 39 64 29 49 44 33 19 46 18 12 63 56 15 48 60 11 32 3 54 55 47 30 23 1 36 5 25 45 41 38 61 21 51 10 40 27 52 9 14 17 22 8 57 59 13 34 6 4 16 53 
33 44 29 22 51 54 39 38 32 26 10 30 59 61 9 16 47 52 34 17 4 28 37 60 7 12 25 18 35 27 5 14 57 11 20 58 13 45 48 24 42 43 50 53 64 6 36 19 1 49 63 15 23 3 41 62 46 8 56 21 40 2 31 55 
60 43 13 14 25 45 47 19 63 28 34 41 33 5 46 36 64 7 57 24 26 11 21 55 9 23 53 8 51 22 38 61 35 15 39 56 27 40 49 50 62 31 58 4 52 17 3 54 16 2 44 6 30 42 59 18 29 37 1 10 20 48 32 12 
4 64 55 8 23 17 59 46 31 53 49 56 29 6 18 45 61 15 63 48 50 2 5 16 37 24 1 42 34 41 19 30 43 14 33 28 12 21 7 26 32 40 9 27 39 57 47 20 13 38 36 51 10 54 25 11 60 58 35 44 62 3 22 52 
6 36 32 10 15 50 30 56 40 27 55 23 11 1 60 8 22 53 25 13 54 41 31 20 52 47 16 2 28 49 21 64 3 34 62 44 4 9 17 51 29 48 14 37 7 35 46 59 39 58 5 24 57 61 26 12 18 63 38 33 45 43 42 19 
18 57 11 48 21 16 41 49 15 52 3 38 42 25 7 54 6 1 43 39 40 62 35 51 4 44 31 29 45 58 17 36 22 19 2 8 53 37 59 10 30 34 12 63 60 24 55 13 33 56 47 32 46 28 20 50 61 14 23 9 26 64 5 27 
52 40 50 29 20 35 22 8 25 55 41 19 32 3 47 30 2 9 49 51 36 48 14 13 18 37 27 54 6 56 59 28 60 44 12 17 62 39 15 58 7 42 33 43 4 38 63 31 24 23 64 45 61 46 21 16 53 26 11 5 34 10 1 57 
63 13 15 9 41 61 34 10 43 8 17 39 57 44 51 62 19 54 3 46 20 37 42 27 53 16 7 52 36 40 24 29 21 31 26 18 25 48 50 32 11 64 22 56 47 1 6 23 12 28 2 35 33 5 60 59 55 4 45 30 58 38 49 14 
23 32 56 49 36 59 17 5 29 46 22 1 15 7 2 13 4 45 52 28 35 47 24 8 60 50 33 58 20 51 10 44 42 16 11 27 54 14 41 38 9 21 48 34 19 26 61 55 53 18 57 30 43 63 39 3 6 40 31 12 64 25 37 62 
47 19 57 2 48 64 38 26 49 45 33 63 18 10 52 6 32 34 53 60 5 30 41 21 39 1 9 23 31 61 14 55 8 46 4 59 29 28 24 56 27 62 35 51 40 54 25 12 44 17 15 42 58 37 11 36 13 3 22 7 43 50 20 16 
7 14 51 27 28 33 42 54 56 59 37 24 21 23 38 26 18 12 1 29 39 55 61 31 32 19 11 25 8 13 43 63 40 3 64 49 5 57 45 52 53 16 30 2 36 58 20 46 4 10 22 62 34 6 50 47 9 44 41 48 35 17 60 15 
39 24 16 43 45 31 46 58 36 60 4 53 48 14 61 9 11 57 64 50 15 6 59 63 21 2 22 12 3 62 34 26 30 35 55 10 51 7 47 33 17 41 49 32 28 37 44 5 25 1 38 20 54 29 13 40 56 42 27 18 52 23 19 8 
30 12 4 62 11 37 21 1 58 40 31 42 50 27 20 28 33 25 17 16 44 7 10 43 47 45 48 38 5 64 41 35 34 13 6 53 63 22 23 2 3 57 15 59 24 18 60 52 14 19 8 26 56 9 55 49 39 51 46 29 32 61 36 54 
3 53 60 25 44 6 55 18 34 12 5 54 64 11 16 35 23 40 62 38 22 58 26 56 57 46 17 30 15 4 42 49 1 61 19 43 9 36 20 37 13 10 39 45 8 14 50 29 31 41 48 27 52 7 32 51 24 28 59 2 21 63 33 47 
################proper############## 

 average_time = 15.240992 

 success runs = 1 

 total average iters = 400248.000000 
