Success!!! 
 
 max_col = 
 64 
 
 run_time = 
 20.342763 
 
 once iters = 
 611103 
 
25 6 31 36 5 15 64 32 49 20 11 4 10 19 33 14 22 9 55 57 43 28 24 38 27 61 40 37 41 45 39 3 13 56 34 16 51 42 46 26 63 2 58 48 21 8 7 44 12 30 18 35 50 29 59 17 1 53 23 47 60 62 54 52 
3 28 2 27 29 58 52 51 50 60 18 56 32 23 41 30 53 7 47 61 20 13 40 25 48 16 34 10 14 15 38 64 59 6 5 1 36 22 63 12 9 54 33 11 26 37 49 17 31 44 55 57 62 8 39 21 42 24 45 19 46 43 4 35 
45 19 7 1 37 22 54 61 28 25 59 36 34 27 12 16 2 56 14 15 39 11 62 10 60 55 42 8 23 5 13 43 3 21 48 44 57 4 40 17 51 52 6 38 41 50 35 29 53 33 64 47 24 46 63 26 49 18 32 20 9 30 31 58 
17 11 20 50 46 16 8 44 1 64 35 57 22 24 29 13 6 23 27 5 54 36 42 48 63 26 59 56 49 47 53 51 31 14 38 32 18 37 25 52 62 10 4 43 12 30 19 45 7 2 58 15 60 9 3 40 34 55 28 61 33 39 41 21 
47 40 55 24 21 60 41 48 7 43 3 44 62 26 42 54 17 51 52 58 29 45 34 1 30 12 35 2 36 33 11 50 23 19 20 9 15 39 8 53 14 61 25 59 28 31 18 46 5 32 10 22 4 16 49 37 64 56 57 13 38 63 27 6 
10 38 35 57 26 53 43 39 37 46 2 63 58 21 48 55 30 44 49 31 8 3 4 12 32 19 25 62 28 18 54 9 7 24 41 29 60 64 33 61 56 1 42 36 13 34 40 47 52 27 11 45 23 6 14 20 50 51 5 22 15 16 17 59 
9 14 33 30 63 4 13 34 6 45 39 17 40 31 8 15 18 37 46 60 59 50 41 64 52 21 29 58 57 24 22 7 43 47 35 55 49 62 10 28 3 53 20 32 27 5 23 16 56 19 54 42 61 1 38 51 36 26 12 11 25 2 48 44 
18 49 62 12 59 42 56 23 47 51 38 9 61 5 53 52 33 32 63 21 35 16 26 19 6 17 44 1 20 31 4 46 58 11 27 30 54 45 50 2 60 22 24 15 64 55 39 57 36 41 28 34 25 48 13 43 14 7 29 37 3 40 10 8 
26 12 32 7 60 43 36 8 44 38 52 51 42 59 35 25 49 17 28 53 16 4 5 3 39 40 21 61 37 13 24 18 33 34 29 10 14 1 45 62 2 64 22 31 6 19 55 56 11 48 30 20 46 27 50 47 15 57 58 41 54 23 63 9 
58 2 13 28 42 50 45 15 16 53 9 34 57 18 27 4 62 48 31 1 7 63 29 11 26 49 56 22 5 20 55 32 54 60 52 3 24 46 17 36 33 14 43 12 8 61 30 10 64 51 38 19 59 41 6 23 35 44 47 25 37 21 39 40 
34 4 25 44 61 48 11 54 12 14 22 2 19 60 55 20 13 35 33 45 41 58 32 26 3 27 16 53 47 59 15 57 40 23 7 6 5 49 9 21 46 50 18 1 24 38 63 52 42 17 62 39 37 28 36 56 30 10 31 8 43 51 29 64 
40 55 27 41 38 31 16 33 62 49 29 24 1 11 13 32 54 43 57 50 9 18 23 39 51 48 30 64 19 58 10 60 15 20 8 28 47 12 26 4 36 59 5 37 35 17 25 42 2 63 52 21 22 7 44 34 53 14 6 45 61 46 56 3 
53 18 49 62 47 10 5 35 64 8 63 15 3 56 43 21 24 46 37 51 36 40 6 2 23 7 17 45 1 38 42 31 41 59 61 19 55 58 32 30 44 28 9 57 60 20 11 39 4 25 29 16 33 26 54 14 52 22 34 48 27 50 12 13 
64 22 17 9 51 23 6 56 5 30 40 61 33 36 37 45 52 60 38 14 34 59 47 8 54 29 41 11 25 46 35 2 48 39 13 57 50 63 18 44 16 27 21 49 7 4 26 58 15 43 31 10 3 12 32 53 19 62 42 24 20 55 28 1 
52 24 29 63 57 37 3 19 39 10 26 47 17 6 58 46 21 30 12 64 42 20 44 55 34 14 8 36 50 28 62 33 25 27 43 51 22 2 31 56 40 41 53 23 32 54 48 15 35 61 13 9 1 49 18 45 11 16 60 5 59 4 38 7 
30 39 46 59 14 1 21 20 54 31 50 7 23 41 28 48 56 10 25 27 19 22 61 15 44 9 6 43 4 52 63 12 16 35 37 11 42 38 53 64 29 45 51 47 34 13 62 3 40 58 24 5 8 55 60 57 2 33 18 36 17 26 49 32 
5 23 61 48 35 2 30 53 8 36 60 52 37 63 49 40 64 13 62 25 17 19 27 29 20 24 32 16 6 43 47 28 22 33 15 42 41 54 44 14 57 38 45 3 9 21 4 11 39 34 1 59 12 50 56 55 46 31 51 26 7 58 18 10 
20 45 18 33 1 11 12 49 2 41 4 13 26 47 50 59 32 40 39 36 14 46 60 16 61 38 51 57 3 19 7 42 62 25 55 37 27 53 5 23 22 8 15 24 44 29 43 64 10 9 48 54 28 30 58 31 63 21 35 6 56 34 52 17 
6 51 10 34 25 46 28 59 23 19 5 53 29 62 20 3 38 2 15 18 21 61 58 43 55 22 54 44 56 35 37 45 12 64 32 36 11 26 13 24 52 63 31 39 48 40 1 60 27 4 49 7 17 14 41 8 16 47 50 30 42 9 33 57 
21 16 40 47 7 57 22 13 46 28 56 42 15 51 45 31 34 59 3 49 4 30 9 52 41 18 27 26 2 62 12 48 50 17 63 39 43 6 61 60 23 35 32 20 55 58 10 14 38 24 5 25 11 33 64 36 8 1 44 29 53 54 37 19 
62 36 50 17 44 63 26 37 24 12 6 48 16 43 1 61 42 31 11 10 28 55 20 35 15 25 60 30 29 4 14 21 19 8 9 34 58 59 57 47 49 51 56 54 2 7 33 53 18 40 23 32 45 22 52 46 39 41 27 3 64 5 13 38 
15 60 3 55 52 19 32 27 30 39 54 10 14 34 64 58 7 24 56 63 37 53 12 5 33 8 46 50 11 9 1 13 20 48 49 31 38 35 29 40 42 36 41 18 47 26 17 25 16 57 44 6 51 61 21 2 4 43 59 23 28 22 62 45 
39 58 24 38 54 14 4 9 22 44 21 33 27 7 32 18 48 41 23 6 26 57 8 45 64 5 49 31 10 53 34 17 51 2 1 56 16 52 28 3 13 30 59 19 37 46 50 62 43 20 35 63 47 42 29 60 61 12 36 15 40 11 25 55 
43 31 42 56 8 41 29 64 35 57 17 38 25 55 11 9 50 47 22 54 51 1 33 44 59 39 23 40 58 63 36 52 46 30 10 45 4 7 21 18 12 5 28 16 61 27 34 6 26 62 15 13 53 19 37 3 20 48 24 14 49 32 2 60 
59 9 63 14 19 49 42 24 29 5 12 27 44 25 34 57 3 58 35 48 46 15 43 41 53 30 28 32 61 40 50 11 56 18 51 38 8 23 22 37 7 13 10 62 16 6 45 54 60 52 39 2 55 20 33 4 47 36 21 1 31 17 64 26 
22 56 36 3 2 47 31 25 21 42 19 46 48 30 6 37 11 53 60 9 18 34 7 28 62 45 20 41 13 26 51 54 17 50 33 59 10 27 52 55 58 29 63 44 5 57 15 49 23 16 14 12 32 24 1 64 38 39 8 40 4 35 43 61 
55 10 41 58 28 12 1 30 26 52 33 35 39 20 17 56 31 61 16 29 13 62 2 54 37 36 18 14 59 42 5 24 6 57 4 43 9 32 3 34 8 23 47 46 25 64 53 19 49 21 27 40 38 11 45 7 51 50 48 63 22 60 44 15 
60 34 5 53 62 44 48 21 3 63 41 18 64 61 38 11 19 55 20 37 27 17 25 32 57 31 12 23 52 8 49 10 39 15 14 2 13 36 54 46 4 43 40 56 22 28 24 1 51 29 50 26 35 58 47 42 45 9 7 59 30 33 6 16 
50 57 37 4 6 17 38 43 55 13 31 49 51 32 22 53 44 63 64 52 10 33 39 23 21 46 1 34 48 7 9 47 45 28 11 40 35 16 58 29 27 60 26 30 20 2 3 61 41 59 8 36 56 15 19 5 25 54 14 62 18 12 24 42 
11 15 64 16 13 40 35 45 43 9 23 60 47 8 24 7 26 50 36 4 5 49 14 57 17 33 38 27 39 22 58 44 1 12 19 25 30 20 62 41 32 55 48 21 18 42 51 59 61 53 6 37 54 34 31 63 28 2 10 46 52 56 3 29 
46 54 23 18 32 39 51 7 40 2 15 1 36 16 14 50 59 6 8 47 30 12 45 24 4 63 19 60 43 56 29 25 42 31 21 53 26 61 64 48 35 9 37 34 38 41 52 33 44 3 57 62 10 17 22 28 55 58 20 49 13 27 11 5 
29 52 8 20 33 61 27 26 4 58 45 59 54 10 62 28 51 21 1 22 40 42 38 56 35 6 2 15 64 3 16 55 44 49 24 63 7 60 47 5 17 39 50 14 11 36 31 12 13 18 9 46 48 43 30 25 57 19 41 53 32 37 23 34 
37 1 47 26 16 6 62 18 53 48 58 19 13 39 57 38 35 14 30 7 60 24 64 49 2 54 31 25 40 36 46 4 28 3 12 20 29 44 55 63 45 56 17 10 33 59 9 22 34 50 42 11 15 21 61 41 43 5 52 51 23 8 32 27 
8 46 19 31 48 35 14 3 45 54 30 37 63 2 15 10 58 5 17 39 6 27 28 18 49 56 61 59 22 12 32 53 36 42 60 50 21 57 34 13 43 44 64 41 23 16 47 38 24 26 51 52 9 4 62 1 33 40 25 55 11 29 7 20 
38 17 4 29 49 64 50 22 59 16 34 25 7 28 61 43 15 45 21 46 2 48 11 33 47 52 39 63 35 27 44 5 14 9 23 24 1 10 51 31 26 62 3 8 19 60 20 55 6 13 36 56 40 18 12 32 41 30 53 54 58 42 57 37 
28 44 43 54 23 34 55 5 20 18 47 40 6 9 36 42 10 1 59 62 22 37 19 4 58 64 3 13 24 50 57 30 38 46 26 7 32 56 41 8 21 11 52 51 15 53 29 35 14 60 25 33 27 63 17 39 31 45 61 12 2 48 16 49 
12 63 45 10 40 7 58 42 11 27 64 41 55 46 44 35 25 29 32 23 52 51 54 20 9 34 43 28 16 1 60 15 53 5 2 17 33 18 39 49 61 37 57 4 50 48 13 24 47 31 19 3 30 59 8 38 21 6 26 56 62 14 36 22 
13 32 51 11 39 33 9 60 56 24 49 50 12 1 21 22 63 8 53 16 61 43 55 34 38 10 26 7 18 41 17 29 52 45 58 4 62 40 30 25 5 42 27 28 31 14 6 36 57 37 20 23 2 54 35 48 59 3 46 64 44 19 15 47 
61 27 56 15 53 36 57 2 17 29 62 3 8 4 52 23 41 26 9 13 12 44 31 42 45 11 33 21 51 14 20 19 37 43 64 48 6 47 59 22 34 25 30 40 63 49 54 32 28 55 46 58 5 10 7 16 24 35 39 38 50 1 60 18 
41 25 59 21 24 30 20 52 31 33 32 26 5 14 60 51 40 38 50 3 57 56 36 47 8 62 37 48 42 55 6 23 61 54 16 15 19 11 27 35 1 7 12 58 46 39 2 18 29 22 45 43 49 64 53 44 13 34 4 17 63 10 9 28 
56 3 30 64 41 29 46 6 15 1 14 5 45 52 19 17 8 62 2 55 58 21 53 22 11 32 36 54 34 37 23 27 60 63 25 33 12 13 20 7 31 47 38 26 39 44 16 48 59 49 61 50 43 35 57 24 9 42 40 18 10 28 51 4 
24 43 48 32 36 5 2 38 61 47 28 23 11 49 26 12 57 18 45 59 64 9 52 51 19 3 22 20 15 10 8 40 21 62 6 58 37 17 56 27 50 4 35 42 53 25 14 63 55 39 34 1 7 13 16 33 54 60 30 44 29 31 46 41 
7 62 12 8 34 28 33 17 57 35 42 31 4 22 25 29 14 36 43 38 23 60 15 46 16 53 5 9 44 64 26 39 24 61 3 41 59 30 2 51 19 18 54 52 40 11 27 13 63 56 21 48 6 45 20 10 58 37 49 32 1 47 55 50 
63 35 60 40 31 27 39 10 58 59 16 54 46 38 2 62 20 3 7 11 50 32 1 37 43 41 55 42 12 17 18 56 47 36 44 14 53 34 49 9 64 6 61 22 57 23 8 21 30 28 4 29 52 51 5 15 26 25 13 33 24 45 19 48 
54 53 14 23 55 26 15 58 41 34 27 43 50 37 51 33 47 42 44 28 24 10 13 17 29 59 7 4 62 25 21 6 64 40 57 35 48 8 19 16 20 3 1 45 49 9 46 30 22 12 60 31 18 32 2 11 5 38 63 52 39 36 61 56 
44 20 9 19 4 13 18 11 63 21 48 64 30 3 39 6 27 16 54 34 25 5 56 61 46 50 24 35 45 49 2 1 29 32 31 52 28 55 38 43 10 33 60 17 36 51 41 7 37 42 47 53 26 40 23 58 12 59 22 57 14 15 8 62 
57 42 1 61 22 51 37 50 18 55 7 20 24 40 9 44 12 19 26 41 33 6 49 31 14 13 52 47 60 30 48 63 4 10 39 5 45 15 11 54 28 58 29 2 59 56 32 34 46 8 17 27 36 38 25 62 23 64 16 43 21 3 35 53 
49 59 16 52 45 21 25 47 36 32 13 8 56 53 10 60 4 39 40 35 48 29 30 63 28 58 57 38 31 51 33 61 18 26 42 22 46 50 23 1 24 15 62 55 43 12 5 37 54 14 3 64 41 44 9 19 27 20 17 2 6 7 34 11 
27 21 39 45 11 24 34 40 19 23 44 12 53 42 16 41 9 20 10 30 63 54 50 14 36 15 48 52 55 32 43 26 35 7 17 60 56 51 1 33 47 57 49 64 4 62 37 2 58 38 59 61 13 5 46 29 18 28 3 31 8 6 22 25 
14 33 58 6 12 62 61 63 25 50 37 22 60 15 54 1 46 64 29 8 44 31 48 59 13 28 10 5 27 11 45 20 55 52 40 47 23 21 43 19 38 32 39 53 56 18 42 51 3 36 41 24 34 57 26 35 17 4 9 7 16 49 30 2 
19 13 28 25 30 9 23 31 52 7 20 45 35 17 47 36 16 11 41 43 56 38 21 58 18 51 4 29 63 61 3 37 26 22 62 49 2 24 48 59 15 12 8 27 54 10 44 5 50 64 40 14 39 60 42 6 32 46 1 34 55 57 53 33 
48 50 26 42 3 52 53 55 38 6 51 62 21 29 59 64 5 27 13 19 49 23 57 40 24 2 9 33 8 34 41 16 32 4 36 12 20 28 14 10 25 31 46 7 17 35 22 43 1 45 56 18 44 37 15 30 60 11 54 39 47 61 58 63 
4 47 44 51 43 32 10 46 34 40 8 14 28 33 18 26 37 12 6 24 55 39 22 53 31 1 64 49 7 54 30 58 57 41 45 13 61 29 42 38 48 19 16 9 3 63 60 50 62 23 2 17 21 25 11 27 56 52 15 35 5 59 20 36 
16 37 54 5 17 38 59 36 13 56 61 11 49 57 31 2 1 28 51 33 32 35 18 60 25 42 47 12 21 6 40 62 30 44 53 46 63 3 15 39 55 26 34 29 45 24 58 41 19 7 22 8 20 52 4 9 10 27 43 50 48 64 14 23 
35 29 22 2 64 18 7 41 32 3 24 30 9 58 5 27 45 4 42 26 15 52 17 36 56 60 50 39 46 57 19 14 34 16 54 8 25 31 37 11 6 20 23 61 1 33 59 28 48 47 43 55 63 53 10 49 44 13 62 21 12 38 40 51 
1 8 15 60 20 56 49 57 10 4 46 55 43 48 63 39 61 25 34 2 47 7 3 62 22 44 53 17 38 23 59 35 5 58 18 27 64 9 6 50 30 21 11 13 14 52 36 40 32 54 33 28 16 31 51 12 37 29 19 42 26 41 45 24 
32 5 21 22 18 8 47 4 14 17 57 29 59 45 40 34 23 33 48 44 31 41 63 50 1 35 58 6 54 39 61 38 11 55 46 64 3 43 24 42 53 16 13 60 62 15 12 20 9 10 37 51 19 56 28 52 7 49 2 27 36 25 26 30 
36 48 52 35 10 55 19 12 9 15 25 6 38 13 4 47 43 34 58 17 62 26 46 21 42 20 14 24 30 44 28 8 2 1 56 54 39 41 60 32 37 40 7 50 51 22 64 23 33 5 53 49 57 3 27 61 29 63 11 16 45 18 59 31 
23 61 38 13 56 54 17 14 48 37 1 32 41 12 30 24 28 57 5 20 11 25 59 6 40 4 63 3 53 29 52 22 9 51 47 26 34 33 7 45 18 49 2 35 58 43 21 27 8 46 16 60 31 36 55 50 62 15 64 10 19 44 42 39 
33 41 34 37 50 45 24 16 60 11 10 58 31 44 23 8 39 49 19 32 3 64 51 7 5 57 62 55 9 2 27 36 63 53 22 61 52 48 12 6 59 46 14 25 42 1 56 4 20 15 26 30 29 47 43 18 40 17 38 28 35 13 21 54 
51 30 57 39 58 20 40 28 27 61 53 21 52 35 56 63 36 22 4 42 1 2 10 9 7 43 11 46 26 48 25 59 49 37 50 18 31 5 16 15 54 17 19 33 29 32 38 8 45 6 12 44 64 62 34 13 3 23 55 60 41 24 47 14 
31 26 53 46 15 59 44 29 33 62 55 39 2 54 3 19 60 52 18 12 45 14 35 27 50 37 13 51 32 16 64 49 10 38 28 21 40 25 4 57 11 48 36 63 30 47 61 9 17 1 7 41 42 23 24 22 6 8 56 58 34 20 5 43 
2 7 6 43 27 3 60 1 42 22 36 28 20 64 46 49 55 54 61 56 38 47 16 13 10 23 15 18 33 21 31 34 8 29 30 62 17 19 35 58 41 24 44 5 52 45 57 26 25 11 63 4 14 39 40 59 48 32 37 9 51 53 50 12 
42 64 11 49 9 25 63 62 51 26 43 16 18 50 7 5 29 15 24 40 53 8 37 30 12 47 45 19 17 60 56 41 27 13 59 23 44 14 36 20 39 34 55 6 10 3 28 31 21 35 32 38 58 2 48 54 22 61 33 4 57 52 1 46 
################proper############## 

 average_time = 20.342763 

 success runs = 1 

 total average iters = 611103.000000 
