Success!!! 
 
 max_col = 
 64 
 
 run_time = 
 7.914205 
 
 once iters = 
 120204 
 
22 42 60 17 10 51 54 49 44 20 46 52 25 29 34 28 55 21 31 36 15 16 48 64 4 41 61 9 50 35 1 19 47 14 37 30 40 3 33 38 2 23 43 18 27 63 39 58 62 11 57 56 45 32 12 5 8 26 7 59 13 53 24 6 
23 5 41 11 4 46 3 29 50 58 55 40 64 16 47 31 32 8 43 2 37 59 12 62 7 42 10 15 33 36 60 39 6 20 22 25 51 17 13 63 56 53 38 28 57 30 45 61 35 34 26 24 19 54 18 49 48 14 9 21 1 27 52 44 
26 24 25 18 14 64 30 28 51 63 54 13 36 32 62 2 60 61 39 22 3 23 11 7 38 27 44 47 56 31 34 8 55 58 10 53 29 42 12 46 5 16 35 9 41 40 4 21 52 6 50 48 1 59 17 37 57 43 49 33 20 19 45 15 
58 21 13 19 45 9 61 40 42 41 59 35 26 18 3 5 63 17 20 10 57 54 34 33 46 23 53 51 6 62 52 29 4 1 60 48 56 49 64 31 7 15 24 11 47 36 22 44 39 27 55 8 38 25 14 43 32 30 37 2 16 28 12 50 
2 12 43 35 62 33 15 63 6 24 53 60 57 8 19 9 49 29 51 26 45 27 18 14 21 55 30 25 11 59 13 16 50 52 44 61 41 36 23 5 46 1 32 10 37 20 48 34 64 40 7 28 47 42 58 22 39 17 4 31 54 38 3 56 
55 20 57 7 50 38 6 37 17 14 4 56 10 61 30 15 52 46 44 42 1 28 35 9 22 48 3 49 63 26 24 54 11 27 39 45 43 16 32 2 33 12 8 62 29 59 19 25 53 31 13 60 21 36 23 51 40 41 18 34 47 5 64 58 
47 31 1 34 52 36 56 8 23 37 45 39 48 27 11 12 24 25 53 4 5 19 38 6 32 64 40 20 58 57 2 43 59 28 18 15 7 21 26 9 13 17 3 50 14 54 49 55 63 16 44 33 46 61 41 30 60 29 35 42 22 10 51 62 
48 39 16 44 32 59 53 27 7 22 43 33 1 49 38 21 40 50 13 41 47 56 30 58 28 45 5 14 17 18 37 12 24 62 8 19 54 57 34 35 31 60 52 26 6 42 64 51 20 29 4 10 9 3 2 15 63 25 61 11 36 55 46 23 
56 14 36 20 31 1 55 17 34 6 51 15 32 22 39 30 26 64 38 35 9 48 45 28 12 47 11 50 10 2 7 52 37 40 58 16 60 19 18 61 8 44 33 4 23 25 42 29 46 41 21 3 54 43 5 53 59 62 13 27 57 24 49 63 
15 7 9 2 47 35 42 44 52 4 18 55 56 11 45 24 62 30 49 27 22 1 29 20 41 17 59 5 19 39 8 37 36 38 64 50 34 63 14 6 21 43 28 13 60 46 53 16 57 48 33 31 23 51 25 61 26 40 54 32 3 12 58 10 
25 32 53 4 48 60 34 39 31 35 41 26 47 17 8 43 14 16 59 51 50 46 58 5 36 3 62 23 42 24 33 18 30 54 57 10 13 12 2 20 15 27 22 63 55 38 52 19 7 9 1 29 56 49 45 40 37 21 11 44 28 6 61 64 
64 28 3 33 23 40 21 43 9 42 36 5 27 59 61 46 44 34 57 17 53 7 19 41 60 14 54 4 22 63 29 58 51 45 56 11 15 62 47 52 18 10 49 30 31 35 24 6 37 39 32 12 26 38 13 2 16 55 8 20 25 48 50 1 
57 58 5 30 61 8 63 6 13 25 16 23 62 40 53 48 12 31 47 11 54 37 21 2 1 20 55 32 43 38 26 44 22 39 9 49 24 46 3 27 45 51 56 14 50 7 34 17 28 19 52 64 59 10 36 35 33 18 41 15 42 60 29 4 
62 18 27 37 38 24 11 26 1 49 58 29 21 2 10 60 39 6 52 40 55 32 63 25 13 46 9 30 51 28 57 35 23 59 41 4 33 53 8 43 3 48 36 64 12 61 5 54 42 15 47 44 20 16 50 14 34 19 31 45 7 56 22 17 
52 19 46 54 16 10 59 50 64 44 12 7 14 3 20 63 15 36 61 33 18 13 8 4 40 34 25 56 21 49 45 48 1 55 31 26 35 28 29 42 9 47 37 57 11 2 41 32 6 17 24 62 22 58 27 60 51 5 23 30 53 39 43 38 
12 41 22 51 29 13 49 45 33 28 38 57 19 54 37 50 56 42 23 60 10 24 3 43 16 6 15 64 31 61 53 27 17 25 7 32 21 5 48 44 1 59 40 20 58 62 26 39 11 4 34 18 55 63 30 8 47 46 2 36 52 14 35 9 
63 44 52 42 51 25 46 33 41 12 35 19 7 23 9 61 38 28 55 56 6 3 31 49 10 62 37 2 13 43 30 50 16 17 15 24 18 47 54 59 27 14 11 40 5 48 8 60 22 45 29 4 64 34 26 36 21 32 1 58 39 57 53 20 
21 9 19 26 59 5 20 53 36 33 52 45 39 30 48 49 4 18 1 29 51 62 13 24 44 54 17 6 34 15 58 28 14 42 32 55 37 41 60 7 23 22 63 2 10 64 43 31 61 25 11 35 27 8 3 57 12 16 47 38 50 46 56 40 
38 2 48 43 8 32 50 56 25 51 10 37 53 55 6 17 45 15 40 54 23 42 20 36 29 9 24 61 5 12 18 14 13 11 1 35 19 4 49 26 41 62 57 39 46 47 3 33 44 58 60 63 28 52 16 21 30 34 22 7 64 59 27 31 
54 27 47 36 12 14 64 23 29 43 21 62 22 15 16 1 57 11 34 61 32 2 44 52 3 63 31 60 26 45 38 4 5 10 28 40 25 48 50 8 37 7 58 6 24 55 13 30 51 46 20 42 53 56 39 59 41 49 19 9 17 18 33 35 
1 34 29 22 40 58 41 3 11 31 8 4 54 50 26 27 10 19 9 63 48 64 59 37 23 39 42 35 53 20 32 57 52 43 46 21 62 61 6 30 28 45 17 49 16 56 18 38 14 2 12 55 33 47 7 13 24 15 60 51 44 25 36 5 
35 30 49 16 28 15 37 18 57 32 2 38 13 5 60 34 53 33 58 46 14 39 27 22 47 19 56 7 8 55 41 25 12 64 63 44 31 51 20 36 52 4 1 21 9 29 59 42 50 43 40 6 17 48 24 23 3 61 62 26 45 11 10 54 
4 45 10 6 57 62 13 7 18 46 3 59 63 24 58 14 5 47 17 16 12 60 26 35 64 22 27 36 40 21 48 11 2 53 34 29 39 33 38 56 54 25 20 44 61 51 50 15 19 1 30 41 32 31 49 9 43 28 55 52 23 8 37 42 
60 17 24 55 11 39 31 61 56 64 47 42 20 28 44 40 43 7 8 50 41 30 25 21 51 1 16 33 59 52 46 49 58 3 45 27 22 23 9 57 26 19 53 36 34 32 12 35 38 54 5 37 10 15 62 18 2 13 14 4 48 63 6 29 
59 29 64 28 43 21 7 55 38 11 57 30 16 26 2 32 41 9 24 48 4 5 36 1 6 31 12 19 35 27 47 13 40 51 20 8 14 60 15 39 49 42 62 53 22 3 17 56 54 44 45 23 50 18 63 52 46 58 34 37 10 33 25 61 
31 50 42 58 54 19 60 35 14 13 33 43 17 12 63 59 2 10 22 55 8 49 56 39 52 5 23 62 46 48 9 21 34 4 24 6 1 7 44 32 36 11 64 51 40 18 30 45 25 57 16 61 37 41 29 27 20 47 28 53 38 15 26 3 
36 62 8 23 39 63 9 20 55 47 6 1 31 53 46 51 18 38 28 64 42 12 7 16 26 61 4 37 29 40 59 17 56 30 49 5 27 11 35 48 44 34 25 33 19 13 54 43 21 14 3 15 58 22 10 32 45 60 57 50 24 52 2 41 
13 40 45 41 27 4 57 38 3 52 22 9 60 58 15 39 21 43 32 25 59 63 61 46 54 24 36 42 16 34 11 53 62 18 19 31 28 37 10 29 14 26 47 7 20 23 2 50 48 33 17 49 8 12 64 55 6 1 51 56 35 44 5 30 
46 37 32 48 3 17 52 10 49 21 50 8 41 36 64 44 33 54 29 47 35 45 40 53 14 30 38 39 1 25 51 56 61 23 16 2 12 58 55 22 57 31 6 15 28 5 60 9 26 24 59 34 62 13 11 20 27 63 42 19 18 7 4 43 
16 33 51 49 2 18 25 5 35 48 27 54 42 37 24 7 58 52 15 34 44 14 6 11 50 8 28 63 20 64 10 3 21 47 26 46 36 38 57 45 29 41 59 32 4 1 61 12 9 30 56 19 60 53 43 39 62 23 40 55 31 17 13 22 
61 1 30 53 6 47 14 34 62 56 29 28 18 20 25 45 27 51 50 23 26 57 17 19 2 60 22 58 15 7 44 55 3 41 43 13 59 54 52 33 38 37 16 24 21 8 10 63 5 42 35 36 40 4 31 46 9 48 39 49 11 64 32 12 
11 56 44 15 26 12 22 24 40 10 61 34 23 19 5 4 13 3 30 62 31 20 37 60 43 57 18 45 41 33 49 32 42 50 25 63 17 9 53 64 39 55 27 46 35 52 58 48 1 51 28 47 7 2 38 6 54 59 29 8 21 16 14 36 
18 15 26 40 9 50 51 36 48 27 13 53 28 31 33 41 30 62 7 49 16 43 54 8 20 25 2 11 14 42 12 60 32 57 29 58 10 34 63 23 4 3 5 22 17 21 44 37 56 52 19 38 24 45 46 47 1 64 59 6 61 35 55 39 
14 13 54 27 60 37 12 64 61 26 1 47 50 43 22 57 23 56 42 21 24 31 53 51 15 35 45 3 7 46 4 41 18 44 17 28 5 39 59 40 62 8 55 38 2 16 6 49 34 32 63 25 48 9 33 10 58 52 36 29 19 20 30 11 
20 48 4 24 19 16 47 31 59 54 34 36 3 6 56 62 17 58 18 38 52 10 9 26 8 33 43 22 61 50 28 63 60 37 2 42 55 35 1 12 32 57 45 25 30 27 14 40 29 7 49 53 39 64 51 11 23 44 21 5 41 13 15 46 
28 49 62 8 44 2 23 21 19 38 39 11 37 10 14 35 46 60 63 3 20 61 41 12 56 18 64 29 27 1 16 47 15 7 4 22 30 52 43 24 48 54 9 59 51 34 36 53 13 55 31 57 5 26 6 58 17 45 50 25 40 32 42 33 
7 3 59 1 63 11 45 57 5 17 49 12 29 46 40 16 37 32 19 13 33 50 2 27 9 52 48 34 39 6 55 30 64 61 38 41 20 26 25 54 24 56 10 58 15 60 28 18 36 35 42 21 44 23 4 62 22 31 53 14 43 51 8 47 
39 10 17 56 41 55 58 32 45 60 30 44 24 52 21 20 25 14 48 1 29 22 28 34 5 51 57 26 38 53 23 36 19 8 47 9 6 27 31 11 35 64 61 42 33 50 46 13 2 18 15 54 43 40 59 3 49 37 63 16 12 4 62 7 
6 53 35 29 33 52 5 42 15 55 25 18 2 4 51 8 59 57 36 45 64 44 47 40 19 37 58 31 32 13 17 24 48 46 3 14 49 50 62 21 43 20 12 23 39 11 63 7 30 61 27 1 16 28 22 41 38 56 10 60 9 34 54 26 
34 43 61 25 22 30 38 46 63 23 32 64 9 7 42 58 6 39 35 15 11 4 5 55 59 49 21 10 62 44 54 40 33 56 53 36 16 45 51 13 19 29 31 52 26 41 1 47 8 50 37 14 12 20 60 17 28 57 27 24 2 3 18 48 
17 51 33 12 37 34 10 58 2 36 20 46 49 25 7 11 35 26 64 52 28 55 14 50 31 44 63 1 23 29 56 38 27 60 54 18 42 8 4 47 40 9 39 43 53 24 21 59 45 13 41 30 6 62 48 16 15 3 5 22 32 61 19 57 
44 38 55 63 35 57 27 13 26 19 23 14 15 39 28 33 51 4 56 24 34 58 46 10 11 59 52 18 3 54 5 9 25 12 21 37 61 64 45 53 20 50 48 17 36 6 32 41 49 8 43 22 2 29 47 7 31 42 16 1 62 30 40 60 
41 25 2 14 46 22 39 48 16 5 62 50 59 34 13 55 29 44 60 57 40 21 42 31 53 43 8 24 12 37 35 10 28 49 36 3 9 6 58 51 30 63 23 54 1 19 15 11 32 26 61 27 4 17 56 38 52 7 45 64 33 47 20 18 
49 52 20 62 56 54 19 59 37 45 24 3 61 48 41 53 36 12 6 32 13 17 43 47 33 26 39 46 4 30 27 51 38 34 14 1 63 15 22 50 16 28 44 35 64 31 7 57 10 60 58 40 18 5 55 42 11 2 25 23 8 29 9 21 
3 61 18 47 5 23 26 4 58 29 17 51 43 21 1 6 54 48 11 20 27 33 39 45 42 50 41 16 60 19 64 22 7 35 40 62 32 13 30 55 25 49 2 8 52 37 38 46 31 53 9 59 15 24 57 44 56 10 12 63 14 36 28 34 
30 11 15 50 21 6 28 1 27 9 31 32 35 64 54 42 22 59 41 8 2 18 16 3 45 40 34 57 49 47 36 7 10 29 5 43 44 56 24 17 58 13 60 61 62 12 33 4 23 20 14 46 25 19 52 63 55 51 38 48 37 26 39 53 
45 60 40 31 24 53 36 9 30 8 44 10 4 47 18 52 7 37 62 19 61 38 49 63 25 58 14 28 48 32 6 15 26 2 23 39 57 20 11 16 55 5 34 56 42 22 29 3 33 21 64 51 35 1 54 12 13 27 43 17 46 50 41 59 
42 8 7 32 64 43 29 16 22 40 56 63 12 60 57 38 9 5 25 53 30 15 1 23 61 13 20 55 2 17 21 62 31 33 48 52 46 59 19 41 10 18 51 47 45 26 27 14 3 36 39 11 34 37 28 50 35 6 58 54 4 49 44 24 
27 16 11 9 53 26 48 14 43 59 42 49 44 38 4 22 28 24 54 31 58 8 33 32 34 21 6 12 64 10 15 46 63 36 52 20 50 1 17 18 61 40 13 60 25 45 35 23 55 62 51 2 3 30 19 29 7 39 56 47 5 41 57 37 
33 63 56 60 25 28 40 19 47 18 11 6 46 13 23 29 16 1 5 12 62 34 22 57 37 4 50 38 30 14 43 45 44 32 51 7 48 24 41 3 64 21 26 27 59 17 55 2 58 10 36 52 49 39 9 54 53 35 20 61 15 42 31 8 
24 59 39 52 17 49 18 62 20 53 15 58 30 41 12 36 47 2 10 9 38 29 50 48 35 11 13 54 44 5 63 61 57 21 42 60 45 14 37 34 6 32 19 16 3 33 56 8 27 64 22 7 31 46 40 28 25 4 26 43 55 23 1 51 
32 36 34 46 7 45 2 51 24 57 14 31 55 33 17 25 64 41 26 37 43 35 15 13 58 29 60 8 28 22 3 59 39 6 62 23 47 10 61 49 53 52 4 12 54 9 20 1 18 63 38 5 42 50 44 56 19 11 30 40 27 21 48 16 
37 6 58 13 15 44 35 54 28 1 60 16 34 45 50 3 19 63 14 7 36 40 51 42 17 2 26 48 57 56 39 20 8 22 55 12 4 31 27 25 11 24 30 5 18 43 47 10 41 59 23 32 61 21 53 33 29 9 64 46 49 62 38 52 
50 64 38 21 42 61 8 41 10 7 19 48 40 9 32 54 20 49 3 44 46 53 4 30 55 16 47 27 52 23 62 31 35 5 33 59 26 2 56 58 34 39 15 29 63 14 51 28 43 37 25 45 11 57 1 24 18 36 17 12 6 22 60 13 
43 22 23 10 20 29 1 47 8 62 26 61 5 63 27 37 11 55 21 59 39 52 60 56 18 53 7 41 25 51 19 33 46 9 30 54 64 40 28 15 42 38 50 31 44 49 57 36 16 12 48 17 13 6 35 4 14 24 32 3 58 45 34 2 
5 55 31 57 30 3 4 12 39 2 64 21 52 51 35 56 61 45 27 6 17 25 23 18 24 32 49 40 36 9 42 1 43 13 11 38 53 29 16 19 22 46 41 48 7 58 37 62 15 47 8 20 14 60 34 26 50 33 44 10 59 54 63 28 
10 46 28 3 55 20 44 15 21 30 9 2 33 62 43 64 42 22 4 14 63 51 52 59 48 38 35 53 45 16 31 26 49 19 61 17 11 25 40 1 50 36 54 37 13 57 23 24 47 56 18 39 29 27 8 34 5 12 6 41 60 58 7 32 
51 57 63 59 13 27 16 2 4 15 7 24 11 42 36 23 50 40 33 30 19 41 10 54 49 12 32 21 55 58 22 64 20 31 35 34 3 18 46 28 60 61 29 1 56 53 62 5 17 38 6 9 52 14 37 45 44 8 48 39 26 43 47 25 
9 35 21 64 34 56 43 30 53 16 5 41 45 14 52 13 8 23 37 18 60 47 55 17 63 10 46 44 54 3 40 6 29 15 50 33 38 32 39 62 12 58 42 19 48 4 31 22 59 49 2 26 57 7 61 25 36 20 24 28 51 1 11 27 
29 4 37 5 49 42 17 11 46 34 48 25 38 57 55 10 31 53 2 39 56 26 64 15 30 7 33 13 9 8 20 23 45 24 12 47 58 22 36 14 59 6 18 41 43 28 16 27 60 3 62 50 51 44 32 1 61 54 52 35 63 40 21 19 
19 26 14 38 1 48 33 22 12 39 37 17 8 35 29 18 34 20 16 43 7 6 32 61 27 28 51 59 24 4 50 2 41 63 13 57 52 55 42 60 47 30 21 3 49 44 25 64 40 5 54 58 36 11 15 31 10 53 46 62 56 9 23 45 
53 47 12 39 58 41 32 52 60 61 28 22 6 56 31 19 3 13 45 5 21 9 57 44 62 36 1 43 37 11 25 34 54 48 27 51 8 30 7 4 17 35 14 55 38 10 40 26 24 23 46 16 63 33 20 64 42 50 15 18 29 2 59 49 
40 54 50 45 18 31 24 25 32 3 63 27 58 44 59 26 1 35 46 28 49 36 62 29 39 56 19 52 47 60 61 5 9 16 6 64 23 43 21 10 51 2 7 34 8 15 11 20 12 22 53 13 41 55 42 48 4 38 33 57 30 37 17 14 
8 23 6 61 36 7 62 60 54 50 40 20 51 1 49 47 48 27 12 58 25 11 24 38 57 15 29 17 18 41 14 42 53 26 59 56 2 44 5 37 63 33 46 45 32 39 9 52 4 28 10 43 30 35 21 19 64 22 3 13 34 31 16 55 
################proper############## 

 average_time = 7.914205 

 success runs = 1 

 total average iters = 120204.000000 
