Success!!! 
 
 max_col = 
 64 
 
 run_time = 
 11.573875 
 
 once iters = 
 301290 
 
44 32 28 37 29 13 55 60 35 3 22 31 24 6 50 25 33 41 52 17 63 34 62 64 39 7 48 38 36 51 11 21 58 10 54 12 49 27 43 57 19 18 26 9 30 59 16 56 14 20 8 46 15 40 45 47 53 1 4 42 23 5 2 61 
62 12 10 42 36 64 48 6 43 16 47 54 18 27 55 30 28 1 13 61 31 5 60 24 53 9 49 44 17 57 26 63 21 3 40 45 51 14 52 22 58 37 39 20 46 29 35 4 34 32 56 23 25 38 2 41 7 50 8 15 59 33 19 11 
1 26 21 9 47 14 11 2 51 29 48 19 40 44 37 53 16 56 6 18 30 3 27 43 54 64 12 8 15 45 59 20 17 28 23 4 7 55 42 46 25 50 61 52 32 38 10 24 36 33 62 63 58 22 5 60 31 39 13 57 49 35 34 41 
56 51 33 4 8 30 34 38 15 2 12 60 7 10 39 52 45 59 23 29 25 49 21 47 55 58 46 40 14 5 27 1 32 41 9 24 26 61 6 37 31 42 28 3 53 54 13 57 48 50 43 16 19 17 11 35 22 36 18 64 44 63 20 62 
39 31 22 46 61 45 50 43 64 59 1 8 41 38 21 20 10 7 12 4 54 2 36 58 3 23 28 52 56 19 32 25 44 16 63 13 11 34 15 35 17 33 5 27 49 62 47 40 57 55 42 29 37 53 9 18 60 48 26 51 30 14 6 24 
25 41 5 23 27 16 15 7 46 49 61 32 17 45 42 36 57 39 8 38 14 44 26 22 2 35 30 31 33 50 60 4 1 19 20 53 62 47 29 18 55 11 48 34 51 6 63 43 59 21 24 64 13 12 52 54 37 56 58 9 3 10 28 40 
18 24 20 49 3 17 19 63 23 57 11 34 33 9 28 58 40 35 55 46 37 53 15 50 29 13 47 62 10 6 42 22 39 36 25 48 2 59 56 5 21 60 14 44 64 1 41 8 26 27 7 51 30 61 4 31 38 43 12 32 52 16 54 45 
35 53 59 54 52 40 58 57 62 4 63 14 26 13 5 56 19 51 11 32 20 48 42 9 37 24 43 34 61 41 16 18 50 30 33 38 60 8 64 31 36 7 22 12 15 45 2 23 39 49 1 10 3 6 28 44 29 21 27 25 17 46 47 55 
38 44 50 14 55 4 43 8 58 45 33 64 63 40 49 47 41 9 37 21 22 28 19 39 56 20 36 35 57 1 15 7 5 24 42 25 18 53 51 29 10 30 12 17 60 27 6 59 31 26 3 13 54 11 23 52 61 62 2 46 48 34 32 16 
36 27 54 11 48 41 18 20 16 51 32 13 3 62 53 15 5 2 42 30 35 45 23 1 58 44 25 4 28 38 52 8 7 57 34 64 39 37 61 12 29 24 19 33 56 47 55 63 46 59 17 50 49 60 21 6 9 40 14 43 26 31 22 10 
15 10 24 34 53 21 39 1 29 44 25 7 37 14 19 31 64 8 63 58 6 59 55 32 61 2 26 3 18 62 49 30 40 13 22 35 46 48 54 50 45 41 4 38 9 52 36 5 33 16 51 28 20 43 42 12 23 47 57 17 56 11 27 60 
37 52 12 51 31 60 47 42 24 50 5 27 39 4 59 41 56 10 36 3 61 40 20 17 21 22 63 13 45 48 23 64 16 8 62 6 43 9 1 26 7 46 49 53 35 11 14 18 32 44 25 30 57 55 34 2 15 29 54 33 19 28 38 58 
6 57 3 62 13 56 30 35 18 23 60 22 2 54 43 28 26 33 16 11 47 31 34 27 17 12 42 32 46 59 53 50 49 55 19 10 20 63 4 21 48 39 15 40 61 58 44 25 29 14 9 24 38 1 7 5 52 41 45 8 37 36 51 64 
16 61 63 2 64 29 25 23 55 11 20 17 57 8 10 9 18 60 44 15 49 46 43 51 27 39 24 37 54 34 6 5 14 52 38 31 36 45 33 58 42 26 62 13 50 32 21 28 40 53 22 41 56 48 47 19 1 59 30 3 35 4 12 7 
5 33 7 58 19 28 17 32 6 12 46 1 36 48 26 61 38 4 29 25 50 13 52 57 43 31 40 14 47 9 51 41 11 56 60 59 30 44 27 23 64 16 2 54 34 20 3 22 15 45 39 8 35 62 37 10 49 24 63 21 55 42 18 53 
22 46 9 59 40 26 49 45 52 34 42 56 30 21 35 38 14 62 7 12 53 24 48 54 16 33 10 60 19 55 29 11 3 2 47 32 41 17 28 15 51 1 43 57 8 37 23 31 64 61 18 58 36 63 27 4 39 20 5 13 25 50 44 6 
30 1 64 55 21 22 63 29 50 19 6 36 48 52 27 11 49 24 61 40 44 16 13 20 46 4 37 15 9 10 2 57 56 39 17 42 25 38 7 14 60 34 8 31 43 3 51 12 28 54 58 26 33 5 41 62 18 23 47 35 53 32 45 59 
20 8 4 41 11 48 31 28 13 32 3 55 38 39 34 16 12 50 30 52 7 63 37 56 49 42 18 22 27 54 64 53 26 44 61 2 23 10 59 40 46 15 58 47 45 14 62 35 25 9 19 57 43 21 29 51 6 60 33 5 36 24 17 1 
9 60 23 53 2 36 5 14 42 24 64 25 20 18 33 7 11 34 43 45 58 62 47 10 19 17 55 56 39 32 31 3 15 35 57 22 27 49 21 13 26 44 54 63 41 28 59 37 8 4 12 40 6 16 61 1 51 30 48 38 50 29 46 52 
24 47 61 39 35 32 27 13 22 5 14 49 15 26 63 23 36 53 38 64 51 19 18 4 8 40 59 21 6 12 43 60 52 54 29 58 3 1 62 55 56 25 11 42 33 7 57 50 17 48 46 37 10 34 30 45 20 16 31 44 28 2 41 9 
17 34 15 50 62 7 37 46 30 31 44 28 9 51 54 59 23 5 21 42 2 22 25 29 45 41 61 48 58 26 38 35 8 47 32 63 16 33 24 36 4 64 20 6 1 18 52 49 56 3 53 55 11 27 60 14 43 10 40 12 57 19 13 39 
33 58 6 25 10 49 54 16 4 1 2 12 43 53 41 35 27 55 28 48 26 57 14 8 50 62 51 63 44 52 30 34 45 31 11 9 5 18 46 60 40 21 24 29 36 19 17 38 20 42 13 39 23 47 59 32 64 37 3 7 22 15 61 56 
12 59 26 52 51 43 3 44 37 61 62 57 56 46 45 40 32 54 17 6 60 39 35 15 11 1 29 28 5 33 14 47 64 48 41 50 19 30 20 4 16 23 9 10 2 53 22 13 49 31 38 18 24 7 63 36 21 34 25 55 58 27 42 8 
19 45 42 56 57 18 38 40 47 10 8 21 60 17 58 29 59 31 33 9 41 1 46 3 25 16 20 24 13 7 36 23 28 43 51 37 6 12 53 34 5 32 55 61 48 30 27 39 50 52 15 22 2 35 44 64 14 63 11 4 54 26 62 49 
11 30 32 24 15 12 28 4 9 17 43 48 29 25 2 64 37 27 35 55 40 41 54 23 57 5 50 51 59 31 8 38 10 7 13 1 44 19 3 47 33 61 6 62 39 56 53 45 60 46 34 20 63 52 49 22 36 58 42 16 18 21 26 14 
34 3 8 60 6 51 14 56 63 47 26 4 11 41 7 62 52 13 1 50 43 15 31 53 18 28 16 23 24 44 35 32 30 25 21 29 38 39 9 61 20 36 46 22 10 5 37 55 54 58 45 17 42 2 12 27 59 64 19 49 40 57 33 48 
2 43 49 61 59 9 36 62 40 27 30 50 16 33 24 32 42 38 10 57 29 64 39 45 60 11 13 20 4 46 22 26 55 34 35 56 52 58 14 48 8 12 47 21 3 15 25 54 37 19 6 31 18 28 51 7 5 44 53 41 63 17 1 23 
31 63 58 19 1 44 40 10 45 13 53 46 6 28 18 39 21 3 49 34 17 25 5 30 14 61 9 33 2 15 7 55 20 22 16 26 4 24 8 59 52 48 41 11 57 42 64 32 43 38 47 62 50 36 35 23 12 54 37 60 27 51 56 29 
7 13 46 16 5 33 41 55 3 42 58 15 1 61 31 22 63 36 48 56 62 47 51 14 52 21 54 12 29 17 40 39 57 27 43 49 37 23 50 6 59 19 35 2 18 60 34 30 10 64 26 4 53 44 25 9 8 45 38 28 11 20 24 32 
21 22 25 45 50 52 23 37 36 60 19 51 5 49 14 44 20 18 59 8 4 32 28 12 47 10 64 58 34 3 56 27 41 53 15 11 54 62 2 42 38 63 7 26 13 31 1 17 24 29 40 33 48 30 16 57 55 61 35 39 6 43 9 46 
64 39 18 29 38 47 35 54 21 20 55 10 59 12 57 37 44 22 19 26 24 60 7 2 6 63 62 53 48 49 25 42 51 17 45 46 32 36 40 33 27 9 16 23 28 4 43 58 41 8 14 61 5 56 1 11 30 52 34 50 15 13 3 31 
57 48 27 17 26 20 42 53 56 38 23 35 52 34 8 54 61 6 46 16 9 58 11 33 41 36 1 45 43 30 37 19 31 12 18 60 28 5 63 64 44 29 40 51 24 50 49 14 3 15 55 32 21 59 39 13 25 4 22 10 62 47 7 2 
51 35 48 5 22 53 59 47 57 8 45 58 32 55 23 27 2 28 31 37 34 52 64 60 44 54 19 50 7 11 33 24 9 4 26 17 61 29 13 39 12 56 21 36 62 25 20 41 16 6 49 42 46 18 40 43 63 14 15 30 1 38 10 3 
46 64 39 8 32 34 60 21 10 52 24 62 49 37 56 4 48 19 41 54 23 50 33 7 35 38 14 30 3 36 12 9 63 40 55 15 1 57 18 43 53 13 59 5 27 17 45 6 22 2 31 44 28 25 58 26 42 51 29 47 16 61 11 20 
26 54 40 18 42 10 20 49 11 14 17 29 12 47 25 34 39 43 32 13 38 21 56 36 22 37 5 55 53 61 63 16 33 50 3 7 58 41 23 8 57 28 60 4 31 48 15 2 62 35 52 1 45 51 19 30 24 6 46 27 9 64 59 44 
63 4 14 33 23 57 56 58 59 28 21 18 22 60 48 1 30 16 53 27 5 42 6 49 31 46 45 47 8 25 39 17 2 38 44 62 12 51 10 54 37 55 52 24 19 64 9 29 61 11 32 7 34 15 3 20 26 35 50 40 43 41 36 13 
45 11 30 31 28 15 2 27 53 63 38 39 54 64 9 43 4 12 62 59 8 51 29 26 34 6 52 41 1 42 20 56 24 14 48 5 35 16 19 25 3 49 50 46 44 22 40 61 21 47 57 36 60 10 13 33 32 17 23 58 7 18 55 37 
61 36 38 43 12 55 62 52 26 7 50 20 19 42 44 2 24 25 3 14 15 18 45 40 32 57 60 59 51 21 13 58 6 11 46 28 22 56 37 27 35 8 10 16 47 23 30 1 5 41 63 9 29 4 64 17 54 49 39 31 34 48 53 33 
50 16 1 44 25 6 9 41 33 35 15 30 61 31 3 13 22 47 58 10 46 20 17 63 4 26 27 29 62 40 48 43 60 64 49 36 45 42 32 52 34 54 38 18 11 51 39 7 23 56 59 53 55 37 14 24 57 19 28 2 12 8 5 21 
3 19 29 13 37 24 7 17 41 40 16 5 46 36 6 51 35 44 57 1 55 11 9 61 64 15 2 49 23 28 18 10 59 20 53 47 31 21 34 30 43 14 42 32 58 63 26 33 27 39 48 38 12 8 54 50 45 22 62 56 60 25 52 4 
59 14 52 32 60 46 4 51 1 36 9 61 58 29 38 49 53 42 39 20 12 56 22 18 24 34 33 17 21 37 44 13 25 63 7 23 50 64 5 41 11 57 27 35 40 16 31 19 2 62 30 45 26 3 55 15 28 8 10 54 47 6 48 43 
41 42 11 30 58 63 26 39 5 48 59 33 53 57 51 24 43 29 64 44 27 61 2 62 28 60 23 6 38 20 19 52 12 21 56 16 40 32 36 9 15 3 25 45 7 55 46 47 35 10 54 34 14 13 8 49 50 18 1 37 4 22 31 17 
10 49 55 3 24 25 53 50 27 41 34 45 62 16 52 60 1 37 47 7 32 9 38 28 26 14 39 18 63 2 57 15 48 42 30 54 17 4 35 19 13 59 23 8 22 36 61 51 11 43 21 5 44 31 6 29 56 33 64 20 46 58 40 12 
47 21 34 15 54 35 1 36 28 30 56 3 10 63 13 17 55 26 5 31 57 4 59 16 40 32 22 46 41 64 9 49 27 33 58 8 29 52 11 45 2 20 18 43 6 44 42 48 19 37 50 12 51 23 24 61 62 53 60 14 39 7 25 38 
23 18 17 57 9 5 22 48 19 54 37 44 4 20 11 8 6 15 50 35 45 30 40 21 7 55 58 61 25 56 1 29 43 49 28 14 13 31 60 62 32 10 33 39 52 41 12 34 38 36 64 47 27 46 53 59 2 42 51 63 24 3 16 26 
28 7 31 27 56 61 33 12 39 46 40 6 21 2 64 55 25 17 54 19 36 14 41 34 51 3 35 43 11 8 5 45 37 26 59 18 47 20 57 10 50 53 1 58 63 24 38 62 4 60 16 48 22 9 32 42 13 15 49 52 29 44 23 30 
43 37 2 40 20 8 16 19 32 25 35 42 14 15 22 50 51 48 60 23 10 33 58 13 62 27 31 54 12 53 47 59 38 61 6 44 24 46 55 3 30 17 64 56 4 49 29 26 63 7 28 52 1 41 18 39 34 11 9 36 21 45 57 5 
29 62 13 6 44 38 45 64 12 26 7 23 31 43 47 18 3 52 24 49 11 8 63 46 48 50 4 42 30 16 10 36 34 15 1 51 53 22 39 2 54 5 37 14 21 9 28 60 58 40 20 25 17 57 33 56 41 32 55 19 61 59 35 27 
48 15 36 12 14 31 32 11 34 33 52 47 35 1 16 42 13 20 2 63 18 23 44 38 30 25 17 9 64 29 21 61 53 45 39 27 10 54 22 49 41 58 51 19 59 46 8 3 55 28 60 43 7 24 57 37 40 26 6 62 5 56 4 50 
13 2 44 7 34 59 51 24 25 53 31 41 28 19 4 63 50 11 22 33 39 17 12 5 42 52 3 57 16 43 54 6 35 1 37 30 8 60 26 32 9 40 56 15 55 61 48 20 47 23 29 27 64 45 62 38 58 46 21 18 10 49 14 36 
53 9 45 28 39 19 6 25 17 22 18 11 64 3 40 10 62 21 56 43 48 35 57 37 59 47 15 26 32 23 50 46 61 29 5 55 14 2 44 7 24 52 13 49 38 34 60 36 42 12 33 54 4 58 31 8 16 27 41 1 20 30 63 51 
42 23 60 20 18 54 57 22 14 6 29 9 55 58 61 5 46 30 45 41 64 26 24 25 33 48 56 10 49 4 34 62 47 59 36 43 21 28 16 38 63 31 17 7 37 39 11 27 1 51 44 2 52 50 15 40 19 3 32 53 13 12 8 35 
49 40 37 64 46 27 10 3 60 62 13 2 44 50 30 12 54 14 15 51 16 29 4 42 38 8 7 36 35 24 55 28 19 58 31 34 33 6 25 20 23 47 53 1 5 43 32 21 18 22 11 56 41 26 48 63 17 9 59 61 45 52 39 57 
52 55 41 35 43 50 29 33 49 15 27 24 8 56 46 21 7 58 9 28 1 36 10 59 13 51 11 39 20 60 45 14 18 62 64 3 42 40 12 63 22 2 30 25 26 57 4 16 6 34 5 19 61 32 17 53 47 38 44 48 31 23 37 54 
4 38 56 21 63 1 61 30 54 39 57 26 51 7 20 48 8 32 40 47 3 55 53 52 5 19 44 27 31 22 58 37 46 23 50 41 9 15 17 11 62 6 45 28 42 12 18 10 13 25 35 49 59 14 36 16 33 2 24 29 64 60 43 34 
58 5 16 47 17 62 8 26 38 43 36 37 23 59 32 45 34 49 27 60 19 6 61 31 12 18 53 1 40 63 41 2 4 51 52 57 56 13 48 24 14 35 44 50 29 33 54 64 9 30 10 3 39 20 46 21 11 25 7 22 42 55 15 28 
54 6 19 36 16 3 24 15 8 64 39 43 45 23 60 33 58 40 4 2 13 10 30 44 63 56 34 5 42 18 46 48 22 32 12 52 55 7 41 53 61 62 57 37 17 26 50 11 51 1 27 21 31 29 38 25 35 28 20 59 14 9 49 47 
60 25 62 26 7 2 21 59 20 58 54 52 34 5 15 3 29 63 51 39 42 27 16 19 1 53 41 64 55 47 28 44 23 6 4 61 57 11 30 17 18 38 36 48 12 35 33 9 45 13 37 14 32 49 56 46 10 31 43 24 8 40 50 22 
8 29 35 63 49 23 13 18 31 55 41 59 50 24 12 57 15 61 25 22 33 38 32 48 9 45 21 16 52 14 4 54 62 60 2 19 64 26 47 28 1 27 3 30 20 10 56 53 44 5 36 11 40 39 43 34 46 7 17 6 51 37 58 42 
27 56 43 48 30 39 52 34 44 9 10 40 13 11 17 14 31 45 20 53 28 37 8 41 36 49 6 7 26 35 62 51 42 46 24 33 59 50 38 1 47 4 29 55 25 21 5 15 12 18 2 60 16 19 22 58 3 57 61 23 32 54 64 63 
14 20 51 1 33 11 64 61 7 56 28 63 47 32 62 26 9 46 18 36 59 12 50 55 23 30 57 2 22 13 24 31 29 37 27 21 15 35 58 44 49 43 34 41 16 40 19 42 53 17 4 6 8 54 10 3 48 5 52 45 38 39 60 25 
32 17 53 10 4 37 46 9 61 21 51 38 42 22 36 19 47 64 26 5 52 7 49 6 20 43 8 11 60 58 3 40 54 18 14 39 48 25 31 16 28 45 63 59 23 13 24 44 30 57 41 35 62 33 50 55 27 12 56 34 2 1 29 15 
55 50 47 22 45 42 12 31 48 18 4 53 27 35 29 46 17 57 14 24 21 43 1 11 10 59 38 25 37 39 61 33 36 5 8 40 34 3 49 56 6 51 32 60 54 2 58 52 7 63 23 15 9 64 20 28 44 13 16 26 41 62 30 19 
40 28 57 38 41 58 44 5 2 37 49 16 25 30 1 6 60 23 34 62 56 54 3 35 15 29 32 19 50 27 17 12 13 9 10 20 63 43 45 51 39 22 31 64 14 8 7 46 52 24 61 59 47 42 26 48 4 55 36 11 33 53 21 18 
################proper############## 

 average_time = 11.573875 

 success runs = 1 

 total average iters = 301290.000000 
