Success!!! 
 
 max_col = 
 64 
 
 run_time = 
 13.858242 
 
 once iters = 
 292166 
 
62 6 50 36 47 38 26 39 15 64 53 60 14 35 19 54 23 33 5 25 4 8 3 2 28 57 31 43 11 55 27 56 40 16 17 58 9 30 59 32 10 1 46 61 24 20 12 48 41 51 18 22 63 42 7 13 37 34 45 21 44 52 29 49 
2 41 33 54 32 7 58 18 26 5 8 34 6 42 55 29 50 47 35 36 28 12 46 30 22 25 17 10 61 49 52 14 60 44 11 63 53 56 31 39 13 64 43 62 16 57 21 27 4 15 9 37 40 23 1 45 3 51 24 19 59 20 48 38 
63 19 10 9 17 22 12 40 32 2 46 1 59 11 24 44 38 58 62 39 54 18 56 48 26 16 3 8 60 20 53 4 27 21 13 15 45 41 43 14 50 37 23 51 7 35 29 42 49 61 25 34 6 52 30 31 33 57 47 64 36 55 28 5 
52 48 53 23 27 8 37 1 28 45 30 25 43 9 3 18 61 19 42 51 13 63 16 59 12 21 39 15 2 32 64 35 20 33 24 5 7 62 55 29 34 31 41 17 47 26 36 49 44 58 14 57 46 38 60 56 4 6 50 10 11 54 22 40 
28 56 44 42 55 59 57 45 49 58 50 41 21 31 39 38 14 40 29 17 15 22 20 26 46 9 34 13 1 63 24 48 6 23 52 54 51 2 37 10 4 53 8 19 32 30 18 33 5 43 11 47 36 35 64 3 62 16 12 27 60 25 61 7 
61 64 51 46 16 13 60 34 40 23 62 56 48 17 22 10 44 21 9 37 24 27 52 43 59 7 45 29 30 6 42 36 1 25 47 4 19 3 49 57 58 63 39 5 55 11 14 38 26 50 20 28 32 12 33 54 18 15 2 31 53 8 41 35 
30 11 31 4 21 43 24 49 57 47 13 36 20 33 37 27 7 64 6 55 10 34 45 32 50 41 40 23 5 54 44 51 18 61 28 26 12 8 38 35 60 25 56 15 2 3 22 52 48 62 16 59 29 39 53 19 46 17 42 9 58 1 14 63 
35 5 25 14 29 3 20 15 51 63 52 12 7 4 16 61 60 41 1 57 53 11 49 31 62 37 58 47 18 33 38 19 22 64 36 42 34 48 46 50 28 44 6 59 54 9 40 45 24 55 27 2 8 17 21 10 30 26 56 23 32 43 13 39 
39 1 12 27 25 36 35 53 64 62 29 9 41 38 52 7 58 14 50 23 40 30 17 33 63 15 61 42 21 56 28 22 43 4 45 46 10 59 5 6 18 11 32 16 20 49 8 37 57 2 31 19 3 26 51 47 34 44 13 55 54 48 60 24 
6 17 52 5 51 47 7 43 35 24 18 33 53 23 57 46 34 32 59 29 11 20 63 9 16 39 55 58 19 27 14 41 31 1 50 22 37 26 61 28 44 3 54 56 13 40 25 15 36 60 42 48 30 45 8 21 38 2 4 49 64 10 12 62 
22 34 64 28 24 50 3 44 39 56 42 11 26 37 25 13 12 7 51 62 5 49 57 45 6 18 54 40 33 1 60 59 19 52 63 2 32 21 48 27 14 41 30 46 31 47 23 43 10 29 4 55 15 58 38 61 8 35 20 36 9 16 53 17 
41 59 54 33 57 15 11 20 3 16 31 10 40 43 14 19 13 6 55 38 1 21 26 53 51 5 36 48 4 44 2 46 39 9 60 12 8 58 62 64 52 45 42 34 29 61 17 35 37 63 7 56 24 49 25 32 23 47 18 30 22 27 50 28 
26 14 42 58 62 60 19 38 34 4 49 45 44 28 15 17 8 2 61 10 48 39 35 41 20 47 50 9 24 13 12 32 54 36 53 55 40 51 30 18 59 27 63 22 21 7 57 6 33 5 43 52 23 64 16 1 31 29 37 25 3 46 56 11 
40 30 13 18 23 31 21 55 63 48 61 32 36 2 58 6 3 25 46 43 27 4 60 16 49 53 29 57 10 52 37 8 17 7 34 47 14 35 20 56 24 38 5 12 64 51 50 9 59 44 28 54 22 41 62 11 19 42 1 39 45 15 26 33 
56 9 48 61 2 16 45 32 60 20 1 59 8 30 54 50 28 18 24 15 47 52 37 22 31 35 25 11 26 17 3 64 38 29 49 57 33 44 42 23 19 36 4 55 10 62 58 39 6 12 40 13 34 53 27 46 7 63 51 41 14 5 43 21 
37 29 46 49 63 4 8 10 47 12 51 21 22 5 27 55 56 42 36 31 64 19 54 44 43 30 7 38 45 34 62 23 16 15 25 3 11 13 41 24 26 48 53 1 33 60 28 2 18 39 35 50 17 20 9 14 40 58 32 57 52 61 59 6 
9 15 43 13 45 26 54 2 21 22 36 6 52 55 20 4 64 56 25 16 31 58 11 51 35 59 37 30 41 40 48 53 10 57 44 29 47 32 39 17 8 49 38 33 42 12 5 1 34 27 46 18 19 62 61 23 28 14 63 7 24 60 3 50 
4 31 5 11 6 30 1 35 29 27 56 15 24 44 51 12 52 23 41 33 14 48 39 42 9 64 43 25 57 45 18 62 8 26 7 38 49 37 16 22 53 28 10 40 63 59 3 17 55 54 50 60 21 47 13 20 36 19 58 46 61 34 2 32 
47 3 41 40 7 33 55 36 17 49 25 42 63 32 60 9 59 4 37 34 44 61 21 19 27 46 24 2 39 16 51 29 50 43 54 6 20 15 13 52 45 23 58 18 57 64 35 26 14 56 22 30 48 28 11 53 10 5 8 12 38 62 31 1 
16 60 57 25 61 49 59 46 58 18 19 35 33 64 23 37 2 36 26 50 62 53 30 3 10 42 5 4 28 47 8 12 14 51 1 45 56 11 34 9 48 20 22 29 39 44 52 54 7 6 38 15 31 24 32 63 13 43 41 17 55 40 21 27 
8 53 34 17 19 20 63 50 7 1 38 48 30 57 59 41 10 9 32 49 43 40 24 28 33 11 22 36 58 26 6 54 25 3 5 61 55 27 12 62 46 13 37 31 60 21 51 14 45 35 64 42 39 44 29 2 16 4 15 18 23 56 47 52 
48 12 62 21 64 14 39 51 53 46 43 5 31 8 45 47 20 35 22 27 18 54 38 63 13 1 15 56 32 23 55 44 28 40 58 24 2 36 60 33 7 19 16 30 50 34 6 61 17 41 37 3 52 59 10 4 57 25 9 29 26 49 11 42 
10 24 58 22 18 23 42 28 54 40 39 61 2 13 50 11 29 8 7 45 12 6 55 47 60 38 52 34 49 14 17 3 46 48 4 21 64 19 63 31 41 43 36 32 62 15 27 56 16 57 5 1 9 25 26 51 20 30 44 37 33 59 35 53 
29 27 32 38 52 44 56 37 10 3 26 62 34 16 28 14 46 1 57 13 17 15 5 60 7 31 20 19 63 21 61 50 30 41 23 35 59 18 53 42 25 9 55 2 11 24 47 4 58 36 8 43 49 40 12 33 6 48 64 54 39 22 45 51 
55 7 59 16 10 46 34 27 41 8 28 44 49 58 29 51 33 26 39 20 9 50 12 6 23 61 63 52 22 48 54 40 42 24 32 64 18 4 25 3 31 62 35 13 14 1 11 53 60 30 19 21 56 5 2 15 45 36 17 47 57 37 38 43 
15 37 1 6 58 5 14 11 42 31 23 54 19 21 7 3 4 24 49 22 56 25 40 36 39 45 64 62 27 53 47 60 13 17 35 10 57 38 28 61 30 8 44 50 48 32 46 16 29 18 52 9 43 55 34 41 51 20 59 26 63 12 33 2 
36 42 24 29 50 9 25 61 14 53 11 47 32 15 63 20 41 31 30 2 21 16 1 17 18 4 12 33 38 5 43 26 37 39 56 62 58 40 23 19 54 59 27 60 34 6 55 3 13 49 51 45 7 22 44 57 35 28 52 8 10 64 46 48 
20 44 26 30 22 28 62 17 4 6 57 64 13 25 36 60 19 27 8 35 3 23 18 52 56 2 46 55 7 10 34 42 41 11 12 59 43 33 14 21 61 40 24 45 49 58 63 51 1 48 47 38 16 37 39 50 29 32 5 53 31 9 54 15 
64 57 18 60 49 40 43 54 9 39 48 38 35 27 62 59 32 55 63 5 45 46 61 37 25 50 51 14 6 19 20 30 29 53 16 1 36 47 15 8 33 2 12 52 22 56 4 7 28 17 3 10 58 31 23 26 11 41 21 34 13 42 24 44 
53 21 23 45 12 48 2 41 33 30 37 24 18 26 43 5 51 13 58 14 29 38 34 54 1 17 11 3 59 31 35 9 49 6 20 60 52 7 44 55 47 42 15 64 28 36 10 57 8 46 62 25 61 32 63 27 56 39 40 22 50 19 16 4 
32 38 39 56 4 35 52 13 2 55 45 46 50 40 12 34 62 10 11 47 7 60 44 57 41 8 21 24 16 28 15 37 26 31 27 51 48 54 22 63 17 18 9 43 25 5 19 29 64 20 59 53 42 33 36 6 49 3 14 61 1 58 30 23 
33 51 19 3 31 63 47 8 61 17 16 22 56 10 1 52 48 43 64 59 42 28 53 15 57 32 44 49 29 36 58 13 5 2 9 30 46 45 50 34 21 39 20 37 38 41 26 23 40 24 54 14 35 11 4 12 55 62 27 60 18 7 6 25 
3 36 27 57 56 58 38 30 11 25 41 50 62 63 31 21 5 16 14 18 60 43 33 40 29 49 42 26 17 46 32 55 61 54 64 44 28 1 10 51 20 34 7 8 9 39 45 13 15 37 12 24 2 48 6 22 59 23 53 52 47 35 4 19 
43 35 45 20 28 37 33 62 44 57 24 7 42 39 46 26 6 17 54 64 55 56 29 4 3 12 41 60 53 25 50 21 47 27 19 49 23 9 18 16 38 22 14 63 61 52 15 40 51 34 58 31 13 1 59 5 32 11 30 2 48 36 8 10 
50 55 2 26 48 42 9 24 18 15 47 51 17 14 5 43 22 61 34 53 35 62 59 27 4 10 19 20 36 64 13 38 32 30 40 25 39 63 6 45 1 58 21 57 44 54 16 60 23 8 29 33 11 56 3 52 12 49 46 28 7 31 37 41 
23 32 47 59 34 12 40 6 22 33 60 20 3 53 10 56 9 39 45 46 63 7 19 8 37 44 16 27 52 62 1 61 35 50 31 43 13 5 24 11 55 30 29 36 4 2 48 41 25 38 49 26 28 54 17 64 58 18 57 15 51 21 42 14 
49 39 21 15 44 54 18 63 12 61 35 55 4 29 40 30 26 50 13 1 52 36 51 23 45 48 33 59 8 57 22 6 62 56 14 53 41 17 2 58 11 32 31 42 3 25 37 28 20 10 60 7 47 46 19 16 5 27 38 43 34 24 64 9 
5 61 7 53 14 11 17 19 13 9 32 16 54 52 8 45 25 48 28 30 38 37 31 49 58 63 2 35 34 39 56 47 36 59 15 20 22 46 21 60 62 12 51 23 27 10 64 24 43 4 41 40 18 57 42 44 50 33 55 3 6 26 1 29 
60 16 29 31 46 64 10 4 27 28 59 58 1 19 48 2 42 12 44 32 20 41 47 24 15 40 9 7 51 11 23 43 34 55 37 8 3 52 57 38 49 5 26 6 53 33 56 18 50 21 63 39 14 30 35 36 17 22 61 45 25 13 62 54 
1 22 8 41 13 25 51 52 23 36 6 37 38 49 34 64 21 3 10 11 2 57 15 58 14 24 28 5 54 18 30 31 33 12 42 7 4 29 26 48 35 50 19 47 17 46 43 59 9 32 45 61 53 27 55 62 44 40 39 16 56 63 20 60 
46 40 3 32 5 62 29 9 8 35 58 14 45 18 56 22 24 44 15 61 41 55 23 39 2 19 60 37 64 59 10 52 57 42 26 34 21 43 33 30 6 54 47 53 12 28 38 25 27 7 13 51 4 63 31 17 48 1 49 50 20 11 36 16 
44 18 63 43 11 45 23 26 52 38 21 2 27 61 13 36 53 28 48 6 50 32 14 12 30 33 1 46 47 3 4 20 7 58 51 56 31 39 8 54 42 16 64 35 59 19 9 5 62 22 55 49 37 15 40 34 25 60 10 24 41 29 17 57 
34 28 20 37 41 1 48 14 5 54 17 57 46 7 11 33 18 29 43 3 25 13 27 21 38 55 32 12 62 22 45 16 59 60 61 52 6 10 47 40 36 26 49 39 51 4 24 58 19 64 56 35 44 8 50 42 53 9 31 63 2 23 15 30 
21 50 55 12 42 39 13 64 31 29 40 30 15 51 41 1 36 46 52 4 57 45 22 20 61 54 53 6 35 8 5 17 24 19 38 28 62 25 9 49 63 33 11 10 56 23 7 44 2 14 32 58 60 16 47 48 26 37 3 59 43 18 27 34 
17 49 38 51 35 56 53 25 50 44 64 26 23 12 47 24 54 62 19 9 58 5 42 10 34 43 57 41 31 7 21 39 15 18 55 27 63 16 32 2 37 60 48 3 8 14 1 20 11 33 36 46 59 29 28 30 52 61 6 13 4 45 40 22 
7 54 22 10 15 52 30 33 48 60 55 43 16 20 53 49 37 51 17 40 59 31 64 38 44 23 27 63 14 9 11 18 12 35 41 36 1 50 4 5 29 46 34 21 45 13 2 62 3 26 39 6 25 61 57 24 47 56 28 42 8 32 19 58 
59 58 16 24 60 6 27 31 62 10 4 19 39 34 32 63 47 30 33 26 49 2 8 35 36 56 13 28 48 42 25 15 64 22 3 11 29 23 17 37 43 52 57 41 40 55 61 50 54 53 1 12 45 9 20 18 21 38 7 14 5 51 44 46 
19 4 61 2 8 57 36 47 25 59 9 28 37 3 6 42 11 60 56 63 16 1 7 34 40 58 26 51 50 24 29 49 53 20 48 13 44 14 45 46 32 15 17 27 18 22 31 30 38 52 23 5 10 21 41 43 64 54 35 62 12 33 39 55 
14 45 30 44 37 10 5 16 1 7 15 31 47 56 42 40 57 63 4 19 8 51 48 46 64 6 38 32 12 41 36 27 11 34 29 39 60 20 52 53 2 24 28 25 23 43 54 22 21 13 26 62 55 3 18 49 9 59 33 35 17 50 58 61 
13 20 60 39 43 21 28 3 38 37 44 49 11 36 17 62 55 53 2 7 6 14 50 61 8 51 23 16 42 58 19 5 56 47 57 9 30 12 54 59 64 4 40 26 52 29 34 63 35 31 24 32 33 10 22 25 15 46 48 1 27 41 18 45 
51 2 35 48 1 18 4 22 45 19 63 13 5 41 33 58 15 34 40 54 39 24 62 29 53 26 47 61 9 60 57 25 44 38 21 32 16 31 64 43 56 10 3 14 37 27 49 12 52 11 17 23 50 6 46 59 42 7 36 20 30 28 55 8 
57 62 11 52 36 32 50 23 43 34 3 29 55 59 21 53 27 22 16 58 26 42 10 18 17 28 14 44 13 2 46 63 51 37 33 19 24 6 1 7 9 35 60 20 30 45 41 8 61 40 48 64 12 4 15 39 54 31 25 38 49 47 5 56 
27 26 17 47 38 34 49 12 46 52 22 8 9 50 4 25 30 37 31 21 23 44 13 1 11 3 59 54 56 29 33 24 55 45 2 18 35 28 58 15 39 51 61 7 5 48 62 32 63 42 57 41 20 36 14 60 43 53 19 40 16 6 10 64 
24 33 9 55 53 61 46 42 20 14 12 23 28 6 30 32 49 5 60 52 36 64 41 25 48 62 10 18 40 35 7 45 4 63 8 50 27 22 3 26 15 47 1 38 58 17 59 31 56 19 44 16 54 2 43 29 39 21 11 51 37 57 34 13 
58 63 40 7 54 19 6 56 16 26 27 39 61 60 64 35 17 38 47 12 33 59 9 11 52 20 4 50 43 15 31 1 48 10 62 41 42 49 36 25 57 21 13 44 46 18 53 55 30 28 34 8 5 51 45 37 14 24 22 32 29 2 23 3 
25 8 15 64 59 41 31 29 24 51 10 18 57 54 2 48 35 45 20 28 32 3 43 56 21 22 30 39 55 37 49 34 23 5 46 14 17 61 40 13 16 6 33 11 19 50 42 36 47 1 53 27 38 7 58 9 63 12 60 44 62 4 52 26 
38 23 56 35 40 53 32 59 55 13 34 4 51 22 44 31 63 54 21 41 46 10 36 50 19 14 49 1 37 43 26 58 3 8 39 16 61 60 27 47 5 29 45 28 6 42 33 64 12 9 2 17 57 18 48 7 24 52 62 11 15 30 25 20 
18 52 36 34 33 27 15 60 6 41 5 53 12 62 26 16 45 49 3 24 19 17 25 55 42 29 48 64 46 30 39 28 9 14 22 37 54 57 7 44 40 61 2 58 43 31 13 11 32 47 21 20 51 50 56 8 1 10 23 4 35 38 63 59 
11 25 6 63 39 24 22 7 30 32 2 27 29 1 9 15 31 57 23 44 37 35 28 13 47 52 8 53 20 61 59 33 58 46 18 40 5 64 56 4 3 14 50 54 26 16 60 21 42 45 10 36 62 34 49 38 41 55 43 48 19 17 51 12 
31 13 37 50 20 29 44 48 56 11 7 52 10 47 18 23 39 15 53 42 61 26 4 64 24 60 62 21 3 12 40 57 2 32 59 17 38 34 51 41 27 55 25 9 35 8 30 19 46 16 33 63 1 43 5 58 22 45 54 6 28 14 49 36 
12 10 28 1 30 55 61 58 19 50 14 63 64 48 49 57 16 59 38 56 34 47 6 7 54 36 18 45 23 51 9 2 21 13 43 33 25 42 11 20 22 17 62 24 41 53 44 46 31 3 15 4 26 60 52 35 27 8 29 5 40 39 32 37 
45 43 49 62 26 51 16 21 59 42 33 17 58 24 35 39 40 20 12 8 30 9 2 14 5 13 6 31 15 38 41 11 63 28 10 48 50 53 29 36 23 57 52 4 1 37 32 47 22 25 61 44 27 19 54 55 60 64 34 56 46 3 7 18 
42 47 4 8 9 2 64 5 37 43 54 3 25 46 38 28 1 52 27 60 22 29 58 62 32 34 35 17 44 50 16 7 45 49 6 23 15 55 19 12 51 56 18 48 36 63 20 10 39 59 30 11 41 14 24 40 61 13 26 33 21 53 57 31 
54 46 14 19 3 17 41 57 36 21 20 40 60 45 61 8 43 11 18 48 51 33 32 5 55 27 56 22 25 4 63 10 52 62 30 31 26 24 35 1 12 7 59 49 15 38 39 34 53 23 6 29 64 13 37 28 2 50 16 58 42 44 9 47 
################proper############## 

 average_time = 13.858242 

 success runs = 1 

 total average iters = 292166.000000 
