Success!!! 
 
 max_col = 
 64 
 
 run_time = 
 11.191773 
 
 once iters = 
 254039 
 
22 8 35 44 26 20 18 4 49 16 29 6 40 47 53 56 32 50 3 28 36 48 24 15 57 51 10 60 2 41 13 52 5 54 14 39 23 34 55 27 21 37 33 25 62 9 58 59 63 61 31 43 45 38 64 19 30 1 17 46 12 42 7 11 
30 58 1 61 28 46 33 23 54 45 9 43 13 62 25 8 60 37 10 52 16 4 5 20 26 24 18 38 7 14 59 6 21 51 41 3 22 17 47 56 49 48 11 12 39 57 2 32 27 36 40 50 29 15 42 34 19 44 35 55 53 63 64 31 
41 15 24 49 55 6 21 7 36 18 57 60 1 35 14 26 33 27 2 59 62 53 17 34 48 54 39 8 58 31 3 12 42 44 61 9 45 46 25 64 20 40 19 50 13 63 22 10 11 37 52 5 32 30 56 16 47 38 23 28 4 43 29 51 
54 42 60 13 64 50 32 62 4 12 5 48 55 23 44 27 57 14 7 56 51 6 26 11 46 19 40 29 61 37 49 36 58 8 63 52 31 43 2 38 41 35 47 1 30 28 16 17 18 33 24 59 53 20 25 39 34 9 10 3 15 45 22 21 
47 36 51 52 14 39 37 27 11 31 30 61 38 32 22 46 19 23 9 41 45 42 1 12 4 28 50 55 43 64 63 33 49 20 18 29 15 6 40 35 24 34 54 53 3 26 60 7 57 44 10 48 62 2 17 21 16 5 58 56 13 25 59 8 
11 63 56 3 59 29 48 34 41 52 2 58 15 28 33 10 55 38 40 39 31 61 8 30 22 25 42 21 23 44 53 17 13 12 19 16 7 62 32 4 51 43 64 14 45 5 6 18 49 47 54 35 60 46 9 1 20 50 27 26 36 37 57 24 
19 25 40 31 16 12 9 10 64 63 37 39 59 17 50 7 21 43 22 29 44 13 47 49 35 45 56 30 34 5 11 20 26 36 33 48 53 1 57 24 27 38 46 8 42 52 15 23 51 4 41 28 55 58 3 6 18 2 62 32 61 60 54 14 
45 43 57 17 5 53 38 2 24 3 51 21 19 42 34 20 18 58 54 35 63 64 25 46 9 1 15 47 32 27 16 62 37 28 11 10 60 50 59 30 55 44 4 56 61 36 31 29 13 23 26 8 7 22 12 14 41 39 49 6 33 48 52 40 
62 17 47 5 12 19 39 44 46 10 41 36 24 45 18 30 61 60 64 7 15 34 23 21 55 53 8 40 9 28 37 59 54 49 58 33 43 51 26 11 22 56 20 16 52 31 38 2 48 14 32 42 50 57 35 63 4 25 6 13 29 1 27 3 
42 6 49 28 23 7 29 52 59 51 61 55 26 5 16 9 31 1 41 45 4 33 30 50 47 39 25 19 54 20 60 18 27 62 15 36 48 22 8 63 13 58 37 40 57 35 14 21 17 43 64 46 3 11 44 12 56 53 34 10 24 2 38 32 
2 50 26 10 37 38 58 1 15 29 34 35 42 39 11 57 28 44 32 22 54 25 59 14 12 13 31 33 49 56 21 30 46 61 6 47 64 3 60 18 17 19 36 43 63 45 5 55 24 7 53 4 8 27 16 23 9 62 20 48 52 40 51 41 
25 56 45 30 31 41 51 32 50 20 44 27 54 64 40 22 43 46 63 49 47 37 53 3 36 7 2 48 52 11 35 34 29 1 55 17 24 57 16 12 62 59 8 39 4 10 61 9 5 13 33 19 15 6 21 38 60 58 18 42 28 26 14 23 
63 35 64 57 40 21 11 20 47 43 60 31 33 19 28 58 56 13 39 51 18 62 12 29 24 4 14 6 27 22 10 46 50 38 23 2 44 52 42 9 34 49 3 32 53 7 41 48 54 1 59 30 26 36 37 25 55 45 61 8 16 17 15 5 
24 27 33 34 43 8 3 46 7 23 1 32 37 53 63 49 6 10 55 57 9 16 48 5 38 42 64 62 45 26 17 15 14 4 21 25 35 41 13 39 47 28 18 29 11 54 51 50 56 58 2 60 20 40 52 61 36 31 12 59 19 30 44 22 
48 55 61 60 4 22 54 36 8 56 13 25 14 12 2 62 52 20 17 38 40 24 27 58 3 43 16 44 63 1 51 29 7 45 59 32 34 53 19 5 6 33 15 23 64 30 26 42 41 10 9 47 31 39 28 18 57 11 50 37 35 21 49 46 
13 59 16 9 53 14 15 18 52 17 38 3 21 48 6 4 11 42 26 36 2 19 35 8 23 57 58 61 5 50 41 32 40 37 20 28 30 56 10 31 1 27 60 46 44 25 12 24 22 49 45 55 34 62 29 51 63 43 7 33 54 47 39 64 
40 22 48 27 33 1 62 59 9 13 25 44 63 8 19 14 34 56 50 31 32 45 61 24 51 2 43 5 16 15 23 49 11 39 46 55 21 58 29 53 54 4 57 26 47 42 3 20 38 28 30 17 41 18 6 64 52 10 60 12 37 7 35 36 
53 7 30 18 3 5 2 17 16 37 47 15 27 6 58 45 48 55 36 63 19 29 33 52 40 64 20 4 39 57 14 11 35 24 60 54 42 12 9 43 61 31 59 38 1 44 28 34 10 32 56 51 21 26 22 62 49 46 13 41 25 23 8 50 
14 44 41 63 20 52 35 28 42 22 24 49 2 34 1 55 47 59 15 25 12 17 16 57 53 32 46 26 60 6 45 54 10 3 13 38 33 23 36 8 18 51 7 48 58 56 30 37 19 27 4 9 11 5 50 43 40 21 31 64 62 39 61 29 
12 24 4 43 49 47 55 58 5 53 35 20 23 57 21 54 13 39 30 27 46 60 51 42 7 38 52 41 22 17 31 10 48 64 40 37 6 26 15 28 11 36 50 62 32 29 9 8 1 2 34 25 61 63 59 3 33 16 45 18 44 14 56 19 
29 26 6 51 61 60 31 50 62 36 3 12 7 10 41 48 8 53 20 44 11 18 64 37 63 21 59 56 35 34 33 25 30 32 27 49 2 19 45 16 43 39 55 17 5 40 23 46 14 57 58 54 52 13 15 42 22 24 28 47 1 4 9 38 
32 46 9 25 38 42 36 13 60 30 56 64 29 33 17 59 5 22 14 58 35 40 7 10 28 47 62 3 48 61 55 27 34 18 57 1 63 31 4 50 52 41 49 2 19 21 45 53 16 39 23 44 12 8 24 37 15 20 51 54 11 6 43 26 
10 11 34 23 54 15 8 64 39 28 50 52 46 61 31 18 62 26 1 4 38 21 43 2 58 44 19 37 42 36 30 9 22 56 51 41 14 59 17 47 33 25 6 24 60 12 13 16 35 20 48 7 49 29 45 40 27 63 5 53 57 32 3 55 
21 16 37 19 39 57 56 45 26 40 43 4 11 51 38 32 41 3 23 6 49 28 54 9 29 12 1 18 13 8 50 24 25 5 44 61 52 7 62 20 15 14 22 27 35 64 10 63 36 31 60 53 33 55 46 47 17 30 59 34 48 58 42 2 
50 62 59 47 7 27 6 53 12 38 46 45 34 40 57 16 37 64 25 32 60 56 11 41 2 17 48 39 26 29 20 58 61 19 4 13 1 44 5 49 31 24 23 22 18 43 8 15 33 9 63 10 42 54 36 35 51 55 52 14 21 3 30 28 
52 38 11 58 17 23 57 12 35 44 4 9 3 43 39 29 30 54 31 26 59 20 15 63 32 60 7 42 47 16 46 13 8 2 22 14 28 48 41 37 25 45 21 19 51 53 27 62 50 34 5 64 40 56 18 55 10 49 24 1 6 61 36 33 
18 39 42 55 9 37 22 16 21 50 36 19 17 49 60 6 27 62 13 2 1 5 3 61 43 30 33 51 57 10 4 8 32 23 53 64 11 15 24 54 59 63 56 58 40 34 47 41 12 52 28 31 25 14 48 29 46 7 26 35 38 44 20 45 
51 30 31 24 56 40 60 35 14 8 15 33 47 22 48 41 39 18 49 50 21 52 58 7 54 59 9 23 19 55 25 28 17 29 3 34 27 63 6 10 26 16 12 36 20 1 4 11 53 45 61 37 43 44 38 46 32 42 57 5 2 64 62 13 
49 64 19 45 10 28 20 63 37 62 32 2 53 56 7 23 46 12 42 55 8 51 44 48 15 5 11 50 36 24 18 61 39 43 38 57 40 35 33 25 29 30 14 52 6 3 17 54 59 26 16 27 47 21 1 13 31 4 9 60 22 34 41 58 
33 61 3 4 34 13 46 5 58 1 59 54 25 30 42 31 10 6 47 24 29 9 28 16 56 14 22 53 64 52 38 45 55 21 26 51 62 18 7 36 35 32 2 57 50 48 44 60 23 8 19 20 39 49 41 11 43 17 63 15 40 27 12 37 
8 54 15 48 44 36 14 21 27 55 28 18 52 13 26 5 35 40 57 43 53 22 45 4 62 34 63 1 41 12 6 31 20 16 50 42 9 30 56 58 64 10 61 37 38 46 33 49 7 24 17 32 51 3 60 2 39 59 25 29 23 19 11 47 
43 41 2 1 25 32 26 29 61 64 10 24 20 11 51 63 38 19 33 17 14 36 34 23 21 49 27 35 37 40 44 3 59 31 52 12 47 60 46 45 39 5 42 7 9 13 55 28 15 30 22 57 6 4 62 58 54 48 53 16 8 56 50 18 
28 48 54 46 15 10 23 56 19 11 55 13 62 37 8 2 51 36 59 60 24 1 42 17 34 20 47 58 31 33 64 7 9 52 35 30 29 38 44 3 14 12 25 5 49 32 57 43 39 50 6 45 22 53 61 27 21 18 40 63 41 16 26 4 
26 5 22 62 57 34 47 60 6 54 64 40 4 15 30 39 25 21 44 46 33 10 32 35 41 61 37 11 28 48 36 42 24 63 45 18 55 16 14 51 50 52 38 3 59 58 56 27 31 29 8 13 9 19 49 7 53 23 1 17 20 12 2 43 
59 13 12 33 32 58 1 39 48 26 31 17 60 52 5 42 2 4 61 9 6 7 20 28 19 50 44 15 62 45 24 40 53 27 8 43 49 11 22 23 63 21 29 55 16 41 64 30 34 54 51 36 18 25 57 56 14 37 3 38 46 35 47 10 
38 37 20 16 63 18 49 31 3 25 45 51 28 46 61 44 50 57 53 30 27 8 40 19 13 26 60 9 55 39 56 2 4 17 42 21 36 64 12 32 48 54 35 6 7 23 11 1 47 59 14 41 10 43 5 52 24 29 22 62 58 33 34 15 
3 53 36 11 51 24 40 42 18 27 58 38 41 59 10 34 64 5 29 13 39 23 52 43 8 22 12 14 21 54 1 4 47 7 56 62 20 2 31 19 46 9 17 45 26 61 37 33 44 55 15 16 35 48 63 30 50 60 32 57 49 28 25 6 
44 45 43 7 2 64 27 30 57 9 14 50 35 63 20 33 22 16 37 18 26 38 55 62 10 3 32 49 29 53 5 23 6 41 25 46 39 28 54 34 19 60 51 15 8 24 40 47 42 21 1 11 17 12 58 4 59 56 36 61 31 13 48 52 
55 4 50 29 6 9 17 41 43 24 21 53 12 7 56 47 54 63 48 15 34 14 49 45 27 16 35 59 38 25 52 51 33 57 1 60 61 40 58 26 10 42 13 28 31 22 18 36 37 3 46 62 23 32 2 20 64 19 8 44 30 11 5 39 
35 14 21 8 52 25 19 61 23 32 16 29 22 1 49 36 58 41 12 11 3 47 31 56 17 6 30 57 46 18 43 63 15 48 37 59 10 5 50 13 44 20 53 34 2 39 62 4 64 60 38 26 28 24 40 33 42 27 55 51 9 54 45 7 
60 20 27 59 18 55 52 54 40 42 39 46 44 2 12 1 45 30 51 3 57 43 21 31 14 41 36 25 56 35 7 53 38 13 47 50 26 32 64 29 37 15 9 4 10 6 48 22 61 17 11 58 63 33 19 49 62 28 16 24 5 8 23 34 
1 57 5 15 30 3 53 9 25 59 22 7 43 58 4 52 20 47 35 61 17 63 10 38 31 33 55 34 40 13 62 37 45 6 48 8 51 24 11 42 60 29 26 64 21 18 50 39 28 41 27 23 36 16 14 44 2 12 19 49 56 46 32 54 
36 40 10 12 21 11 16 48 55 19 63 14 18 24 64 50 42 25 8 23 13 46 37 32 44 9 51 2 59 60 61 26 41 53 43 56 5 33 3 17 28 62 27 49 34 47 35 58 20 6 57 22 54 45 7 31 1 15 38 52 39 29 4 30 
61 34 44 2 42 63 45 33 32 6 11 62 30 16 54 17 12 29 19 53 7 26 36 18 39 8 28 10 20 4 15 5 1 14 9 23 37 27 49 57 38 46 40 59 56 55 24 3 52 64 43 21 13 35 47 48 25 22 41 58 50 51 31 60 
4 49 7 38 58 56 28 22 13 47 33 57 8 26 29 3 40 11 60 14 41 2 50 64 1 23 17 52 12 42 48 19 16 34 39 31 25 10 20 15 5 61 63 44 54 51 36 45 30 53 62 24 46 59 32 9 6 35 37 21 43 55 18 27 
64 19 25 37 62 35 41 47 10 60 53 5 51 27 36 38 9 24 34 16 28 55 6 39 45 46 49 43 30 3 54 22 12 58 7 4 18 21 61 44 32 23 52 31 14 33 20 13 2 56 42 29 1 50 8 15 48 57 11 40 26 59 63 17 
6 31 32 14 13 26 50 51 20 41 49 23 61 21 37 28 15 52 56 48 5 44 62 54 64 27 57 24 11 58 29 16 63 59 2 22 19 36 35 46 30 17 1 42 43 8 25 12 40 38 55 18 4 34 39 60 3 47 33 7 45 53 10 9 
46 23 8 39 29 17 24 43 34 35 48 56 45 31 9 15 49 33 4 1 58 59 22 27 50 18 21 32 6 63 47 38 28 60 30 40 54 55 52 62 53 57 16 11 41 2 7 19 25 12 37 3 5 51 10 26 61 14 44 36 64 20 13 42 
39 28 13 22 27 16 30 6 51 61 42 10 48 36 47 24 7 32 46 21 56 49 19 26 11 52 54 20 4 23 2 64 18 55 12 58 8 45 53 33 9 1 34 35 29 17 59 44 60 62 25 15 37 41 31 5 38 3 43 50 14 57 40 63 
56 51 18 41 11 48 42 14 44 15 12 16 5 54 13 25 17 34 38 62 37 57 2 6 33 10 24 22 3 59 19 47 23 9 29 20 46 4 27 1 8 50 58 21 55 49 32 40 43 35 7 63 30 64 53 36 45 26 39 31 60 52 28 61 
57 32 62 54 1 31 7 38 45 2 18 34 64 29 35 43 44 61 16 8 25 15 13 59 60 55 6 63 53 21 9 56 36 10 5 19 41 47 28 40 4 22 30 20 12 27 52 26 46 48 3 39 14 17 11 50 37 33 42 23 51 24 58 49 
34 2 55 26 24 61 64 40 31 33 62 30 6 9 3 11 63 48 27 54 10 35 60 53 18 58 45 13 1 43 28 57 52 15 17 44 50 25 21 14 16 47 39 51 37 38 42 5 8 22 12 49 19 23 20 32 7 36 29 4 59 41 46 56 
5 10 23 20 35 33 59 8 1 7 52 41 58 14 32 40 24 28 18 47 43 12 4 36 16 37 29 17 44 30 39 50 51 22 64 63 3 49 38 48 45 11 31 61 25 60 46 56 26 42 21 2 27 9 55 57 13 6 54 19 34 15 53 62 
9 3 17 53 36 4 44 25 63 21 27 8 49 38 59 60 1 51 52 42 50 58 14 22 5 48 26 46 15 62 32 41 31 35 16 11 56 39 37 7 23 6 28 54 33 19 43 57 29 40 13 61 24 10 34 45 12 64 2 30 47 18 55 20 
15 60 46 21 47 43 12 37 17 39 19 22 50 20 55 53 23 31 45 64 30 11 29 33 42 36 38 7 25 49 40 35 57 26 32 6 59 61 34 2 3 13 10 41 24 62 63 14 4 51 18 56 58 52 54 28 44 8 48 9 27 5 1 16 
58 52 29 50 45 49 63 19 56 46 26 28 57 4 23 37 3 9 5 20 55 39 41 40 61 31 34 12 8 51 27 14 62 30 54 24 13 42 43 60 2 7 48 18 36 15 53 64 6 16 47 38 44 1 33 59 35 32 21 11 10 22 17 25 
7 9 38 36 48 59 5 15 22 14 6 47 16 25 45 13 4 49 24 40 42 41 63 44 37 35 3 54 51 19 12 1 56 11 10 27 57 20 30 21 58 18 32 33 23 50 39 61 62 46 29 34 2 28 26 17 8 52 64 43 55 31 60 53 
31 29 63 40 46 30 61 26 28 5 23 37 56 50 62 12 16 45 21 19 64 32 39 55 20 11 13 36 33 47 34 44 2 42 24 15 17 8 18 52 57 53 41 60 48 14 49 51 9 25 35 1 38 7 43 22 58 54 4 27 3 10 6 59 
16 12 39 35 22 62 34 3 33 57 8 42 36 55 24 61 53 2 6 5 20 54 38 25 49 15 4 27 18 9 58 48 60 46 31 26 32 14 51 41 7 64 43 47 28 11 29 52 21 63 44 40 59 37 30 10 23 13 56 45 17 50 19 1 
23 21 58 6 60 54 43 24 30 48 20 1 32 44 52 19 14 8 11 12 22 27 56 51 59 29 41 28 17 7 42 55 64 47 49 45 38 37 39 61 36 26 62 10 46 4 34 25 3 18 50 33 57 31 13 53 5 40 15 2 63 9 16 35 
17 33 52 32 8 44 25 57 38 49 40 59 10 3 43 51 26 15 28 34 61 31 9 60 30 63 53 64 14 46 22 21 19 50 62 7 4 29 1 55 56 2 45 13 27 16 54 35 58 5 20 6 48 42 23 24 11 41 47 39 18 36 37 12 
27 18 28 42 19 45 13 49 53 4 17 63 9 41 15 64 59 7 58 10 23 50 46 47 25 40 61 31 24 2 26 43 44 33 36 35 16 54 48 6 12 3 5 30 22 37 1 38 55 11 39 52 56 60 51 8 29 34 14 20 32 62 21 57 
20 1 14 64 50 51 4 55 2 34 54 11 31 60 46 35 29 17 62 37 48 3 18 13 52 56 5 45 10 38 57 39 43 40 28 53 58 9 23 22 42 8 24 63 15 59 21 6 32 19 36 12 16 47 27 41 26 61 30 25 7 49 33 44 
37 47 53 56 41 2 10 11 29 58 7 26 39 18 27 21 36 35 43 33 52 30 57 1 6 62 23 16 50 32 8 60 3 25 34 5 12 13 63 59 40 55 44 9 17 20 19 31 45 15 49 14 64 61 4 54 28 51 46 22 42 38 24 48 
################proper############## 

 average_time = 11.191773 

 success runs = 1 

 total average iters = 254039.000000 
