Success!!! 
 
 max_col = 
 64 
 
 run_time = 
 16.911687 
 
 once iters = 
 474400 
 
5 3 26 41 23 46 47 35 50 16 7 55 20 13 37 31 22 48 21 27 51 52 17 44 61 54 34 49 11 42 19 12 14 10 59 40 38 2 24 8 15 62 56 28 43 9 4 64 53 30 6 1 63 39 36 29 57 33 58 60 45 18 25 32 
55 12 9 50 7 36 32 8 35 62 27 56 59 21 24 22 60 33 6 19 20 4 29 45 5 58 1 23 63 39 10 38 28 11 61 16 42 49 26 51 30 3 53 52 25 57 41 37 13 54 40 64 18 44 43 17 2 34 15 31 47 46 48 14 
38 30 14 20 11 31 33 40 54 63 49 45 60 43 36 3 15 24 34 2 1 23 10 25 55 27 64 48 13 8 41 46 6 21 18 53 12 9 56 39 50 32 26 58 29 47 17 19 7 22 61 52 57 5 4 35 44 37 28 59 16 62 51 42 
13 29 43 58 17 16 4 28 61 12 26 1 30 19 64 18 59 37 9 5 55 40 47 11 31 53 62 33 50 2 7 15 60 57 46 36 34 54 32 52 44 39 20 23 35 51 49 48 45 24 56 14 25 10 8 42 21 38 22 6 3 41 27 63 
59 18 61 57 37 10 15 24 46 34 2 8 33 5 52 9 14 53 7 49 26 13 39 30 28 6 29 56 3 16 51 4 1 44 35 64 48 45 25 17 22 12 38 21 63 31 54 42 62 55 41 58 27 47 32 60 11 50 23 43 20 36 19 40 
25 49 21 56 53 52 48 2 6 58 14 11 15 10 38 4 32 35 62 12 57 36 42 31 30 20 37 9 40 45 44 43 63 22 47 55 50 41 5 33 24 18 16 27 13 60 7 61 3 51 28 23 46 34 59 19 54 26 1 17 29 8 39 64 
39 27 51 54 45 63 64 60 32 53 42 28 48 44 47 25 46 58 38 50 43 41 3 18 52 22 17 14 59 35 36 57 37 30 29 19 62 31 13 23 34 8 40 6 2 1 10 11 15 12 20 16 26 49 21 33 4 7 9 61 5 55 24 56 
1 22 42 62 6 19 34 44 41 51 23 39 17 29 40 57 63 64 8 28 56 54 61 16 26 21 18 24 32 25 60 47 3 43 20 27 4 58 15 7 45 5 46 14 55 33 36 59 31 9 37 48 2 11 50 38 13 49 35 53 12 10 52 30 
20 58 17 16 64 54 31 25 18 3 59 5 11 1 56 23 57 6 49 41 14 15 43 13 62 38 52 63 4 33 55 19 21 50 39 29 40 48 61 27 60 7 44 12 47 36 34 22 32 35 2 53 8 42 28 9 51 46 10 26 30 37 45 24 
53 14 63 27 36 51 2 18 45 26 32 54 61 49 57 47 44 39 60 58 4 9 30 8 48 5 42 12 16 7 17 37 62 3 34 56 6 20 59 35 31 13 29 24 19 11 38 43 10 52 64 46 41 1 22 50 40 28 55 33 25 23 15 21 
56 50 24 9 1 35 45 4 34 44 30 38 52 33 58 10 40 32 20 22 18 47 25 55 3 13 61 54 21 23 28 49 36 15 8 60 63 26 37 64 59 41 62 42 46 27 14 6 51 48 39 57 17 19 5 7 16 12 29 2 53 31 11 43 
61 5 46 52 21 40 49 37 16 22 12 41 28 20 19 35 62 7 54 36 63 10 34 64 27 50 39 53 2 51 56 29 38 45 11 57 13 43 14 58 23 48 17 15 8 55 26 33 30 3 25 59 6 31 24 4 18 60 42 32 44 47 1 9 
8 28 10 33 12 32 13 55 48 27 29 53 7 17 2 64 37 26 19 46 11 31 52 56 35 57 59 41 60 15 1 34 51 42 44 25 24 30 9 22 40 45 18 4 54 50 63 49 16 47 14 36 21 43 62 23 58 39 20 38 6 3 5 61 
41 43 22 6 48 7 29 57 37 14 60 25 13 39 62 63 27 51 5 42 16 24 23 53 9 10 40 30 8 36 31 26 12 4 49 1 18 33 46 47 64 21 58 32 61 2 3 28 55 11 38 20 44 45 34 15 50 59 56 52 19 35 54 17 
47 19 34 26 15 39 23 59 31 8 4 40 21 42 55 51 3 45 35 29 48 17 50 38 24 43 6 11 46 20 22 44 54 28 16 2 32 7 52 10 5 30 25 37 1 53 56 9 60 61 13 63 33 58 12 18 14 64 41 62 57 27 36 49 
60 38 62 11 42 30 44 3 36 46 9 43 6 15 50 24 12 61 1 21 28 33 59 2 58 14 25 64 18 47 45 32 31 17 55 23 19 53 41 5 52 20 51 16 39 10 35 57 29 26 49 37 56 27 54 40 48 22 63 34 4 7 13 8 
33 44 12 39 34 28 58 48 49 42 56 26 22 25 16 52 21 31 29 14 6 30 55 27 46 9 57 15 36 54 20 24 10 63 41 50 1 47 62 59 11 35 64 40 3 38 18 7 43 60 23 19 51 13 45 37 8 32 61 4 2 17 53 5 
35 13 54 14 41 60 21 23 20 18 55 57 9 3 39 29 2 8 52 34 5 42 56 4 37 61 30 45 22 32 49 40 19 33 28 48 43 11 31 53 16 24 50 10 36 62 25 15 6 44 46 38 58 7 17 12 26 47 64 51 1 59 63 27 
26 9 38 43 63 8 57 51 47 28 46 14 50 54 48 19 11 62 39 33 59 25 60 7 29 23 27 18 52 4 35 10 45 20 32 44 61 5 17 42 53 6 21 13 34 49 37 12 40 2 36 55 1 3 15 64 56 24 31 22 41 30 16 58 
17 61 53 10 2 59 50 47 40 23 34 30 1 36 43 5 35 49 63 20 44 32 15 3 16 60 55 19 33 13 26 42 64 9 14 37 56 8 38 46 4 51 27 31 58 28 39 52 25 29 48 41 22 24 11 21 12 54 62 45 18 57 7 6 
64 36 19 4 49 15 18 7 11 45 37 6 24 38 8 59 16 47 57 17 12 22 9 46 39 1 5 58 14 53 62 28 30 34 2 21 23 29 51 60 54 44 32 55 41 20 43 56 42 27 63 31 61 33 10 26 3 48 50 25 52 13 40 35 
32 56 6 30 52 22 16 31 21 60 58 2 44 12 10 27 13 54 50 64 61 48 41 51 38 8 11 43 17 34 3 25 39 40 26 7 15 24 36 55 63 1 42 47 59 29 5 45 35 18 4 9 20 53 57 62 37 19 46 14 28 33 49 23 
42 20 45 24 3 25 55 1 51 31 33 61 62 53 15 13 28 36 10 43 37 26 18 40 50 7 41 44 64 63 12 48 58 35 27 22 49 16 6 4 14 2 57 19 23 30 46 17 5 56 59 8 52 32 47 54 38 9 60 29 21 39 34 11 
46 11 29 37 62 27 40 5 17 35 64 63 41 4 32 7 53 38 58 23 45 19 24 1 59 56 47 31 51 6 21 2 18 54 3 13 52 12 57 25 26 33 48 61 9 22 8 60 14 34 30 49 50 28 16 39 55 36 44 42 15 43 20 10 
54 63 36 3 32 55 25 61 1 13 62 58 4 40 44 41 18 57 56 52 10 60 64 50 8 39 38 59 45 17 16 22 15 7 43 5 46 19 49 21 42 37 33 29 24 6 12 47 11 23 51 30 28 9 27 14 31 2 53 20 48 34 35 26 
43 46 35 34 8 5 10 38 9 11 45 50 57 64 60 37 61 63 32 59 24 58 27 15 56 36 19 3 49 26 29 30 42 39 53 28 22 13 4 41 25 14 31 1 62 7 51 2 21 33 44 40 48 18 20 52 6 55 54 47 23 12 17 16 
49 53 39 42 57 12 22 9 14 48 36 27 10 2 59 32 33 19 11 37 54 28 7 5 20 4 21 60 35 31 47 18 26 25 6 38 55 1 16 44 56 15 52 34 45 8 61 23 41 63 17 24 13 62 46 58 43 40 51 30 64 29 50 3 
40 4 60 47 16 6 1 17 56 19 5 33 26 22 54 53 20 34 36 13 25 38 21 29 51 12 9 55 42 28 15 7 27 59 23 31 58 57 35 62 49 46 30 3 32 41 48 63 2 50 10 45 37 64 61 43 39 14 52 18 11 24 8 44 
7 23 18 2 59 50 28 64 24 25 61 3 16 52 31 6 26 22 48 8 17 55 62 41 14 46 53 57 27 40 58 11 29 37 10 34 36 51 30 45 43 19 35 20 38 54 21 44 4 42 5 47 15 12 39 49 9 56 33 63 13 32 60 1 
44 48 15 21 29 58 56 19 43 30 51 35 55 46 18 12 31 1 42 53 40 39 4 47 54 24 50 5 10 52 32 23 2 8 33 20 14 61 64 63 28 16 9 26 11 17 13 27 38 36 34 60 3 6 25 59 22 41 7 49 37 45 57 62 
30 37 20 31 26 14 41 52 23 38 8 29 39 28 17 21 45 3 43 51 49 44 6 9 34 33 63 2 25 62 13 61 48 47 24 11 60 40 12 32 18 53 22 59 50 64 58 10 57 16 7 56 55 54 35 1 19 5 36 27 46 15 42 4 
45 62 27 13 51 33 24 11 63 7 20 49 47 34 42 15 23 12 30 16 46 2 35 14 64 41 48 6 43 44 37 1 52 56 54 3 9 17 50 18 57 55 36 39 40 5 60 4 8 19 26 22 53 29 31 32 61 58 21 28 10 25 38 59 
22 8 56 18 33 13 26 50 10 43 44 34 35 31 9 39 64 28 55 60 15 63 11 20 19 47 51 4 48 14 24 5 57 12 21 30 3 59 53 49 62 42 1 41 37 61 52 16 46 7 58 27 32 40 2 45 25 6 17 23 36 54 29 38 
29 60 32 35 25 9 51 34 64 59 40 12 63 30 11 49 38 4 14 62 19 46 1 58 7 3 45 22 54 18 61 13 56 48 42 47 2 6 10 28 55 31 23 50 17 15 53 20 39 5 21 26 36 16 44 57 33 27 37 8 24 52 43 41 
31 1 48 55 61 42 52 12 27 50 53 47 58 7 23 14 9 5 17 57 41 45 8 35 43 2 33 21 30 60 63 6 32 62 15 46 20 22 39 36 29 49 4 54 44 13 59 26 37 38 24 10 64 25 18 11 34 16 40 3 51 19 56 28 
36 15 47 38 19 20 3 62 22 54 16 52 56 8 13 46 48 27 25 61 30 43 2 21 49 40 12 50 34 37 23 41 33 31 4 18 17 35 44 26 51 10 63 5 57 24 11 39 59 6 1 29 60 55 53 28 32 42 45 64 9 14 58 7 
58 6 44 53 5 41 30 16 4 55 19 20 37 62 61 2 49 29 40 7 3 12 22 33 15 26 10 25 28 11 52 35 23 13 64 14 54 34 27 24 9 36 45 48 21 18 32 38 17 43 31 51 47 56 42 8 46 1 39 57 60 63 59 50 
27 24 64 63 46 4 7 10 5 33 18 51 3 41 28 42 39 16 23 32 52 50 54 37 1 17 44 36 55 59 57 8 25 61 45 43 29 38 11 40 6 56 60 35 14 34 2 58 22 49 9 12 19 20 30 48 62 53 13 15 31 26 21 47 
37 57 59 49 14 23 17 43 25 6 1 32 45 48 21 26 36 13 31 10 53 51 44 24 42 62 56 38 29 58 27 39 5 55 19 9 41 60 63 16 47 28 8 7 64 40 30 46 34 15 33 50 54 4 52 3 20 61 18 11 35 22 12 2 
2 54 40 45 28 21 11 39 60 24 38 15 36 57 29 17 56 18 59 47 34 6 26 42 32 16 20 46 31 9 64 53 7 51 58 8 37 52 1 50 3 22 43 33 27 12 19 25 63 62 35 13 14 61 23 41 10 30 48 5 49 44 4 55 
28 59 25 22 56 38 61 36 33 1 50 37 29 24 46 55 30 44 4 3 8 35 14 39 18 32 26 52 20 57 5 62 40 23 48 63 7 27 21 13 19 11 2 17 15 43 6 31 58 64 45 34 9 41 49 51 42 10 16 12 54 60 47 53 
15 51 30 12 18 44 60 41 42 39 11 10 14 27 63 34 52 17 37 55 32 5 53 22 4 35 36 16 58 48 59 3 8 49 9 54 26 64 33 20 46 50 13 62 56 21 28 24 47 40 57 43 7 2 38 25 45 31 19 1 61 6 23 29 
57 31 3 17 9 34 8 26 53 32 47 22 12 61 6 56 19 60 13 48 42 16 33 63 25 45 28 51 38 49 40 54 35 18 5 62 59 50 2 11 10 4 41 64 20 14 23 1 27 46 52 39 29 36 55 30 7 43 24 44 58 21 37 15 
48 21 5 40 27 45 19 33 59 15 31 13 43 23 49 36 6 46 47 18 58 7 38 62 60 64 14 10 24 1 2 9 22 16 51 52 44 55 42 12 61 54 37 57 30 25 29 3 50 53 8 35 11 17 63 56 28 20 32 41 39 4 26 34 
16 55 4 46 39 1 14 54 19 57 21 44 8 45 5 58 25 2 41 9 64 49 28 10 22 30 43 29 12 50 34 17 53 6 38 24 47 56 60 15 27 26 7 18 52 42 33 35 23 59 32 61 31 37 13 20 36 62 11 48 63 40 3 51 
52 47 49 23 50 2 35 63 28 20 48 4 38 60 51 54 24 11 61 31 29 56 12 43 13 15 7 37 41 27 53 33 17 14 36 32 39 10 19 3 58 34 5 45 22 44 55 40 18 21 62 6 42 26 1 16 64 8 25 46 59 9 30 57 
10 32 11 29 13 43 6 53 52 17 41 7 64 16 25 62 51 15 45 40 21 59 20 26 23 55 31 61 47 46 42 56 34 58 57 4 30 37 28 1 8 63 39 38 60 48 9 36 24 14 3 54 12 22 19 44 5 18 27 35 50 49 2 33 
24 42 7 64 58 37 62 20 26 2 3 9 18 35 30 40 34 23 27 54 50 1 57 36 44 11 8 39 19 21 6 63 41 29 31 61 25 46 45 43 12 59 49 51 16 32 47 53 33 4 60 28 5 15 48 10 52 17 14 55 56 38 22 13 
6 52 13 19 35 61 53 58 44 29 43 18 42 9 34 48 1 50 46 30 31 8 45 12 41 63 15 28 56 22 54 64 11 32 40 49 57 3 55 38 37 27 14 60 7 16 24 62 20 39 47 4 59 21 26 5 17 23 2 36 33 51 10 25 
11 45 37 8 20 47 46 32 13 4 22 21 49 51 12 28 10 59 18 26 7 29 40 34 36 42 35 62 6 3 43 50 61 1 30 15 5 23 58 14 2 17 19 9 31 39 44 54 64 25 16 33 38 60 56 53 27 63 57 24 55 48 41 52 
3 34 41 51 55 64 27 14 58 36 25 24 23 11 33 38 54 52 44 15 39 21 16 61 45 48 60 20 57 12 46 31 59 26 62 17 53 63 29 2 32 47 28 56 6 35 42 50 49 13 43 18 10 8 7 22 1 4 30 37 40 5 9 19 
12 7 57 36 31 17 39 42 3 56 54 46 40 63 45 60 58 14 24 38 27 20 49 48 21 34 4 13 5 10 25 52 44 64 22 51 35 28 47 19 33 61 15 43 53 59 1 30 9 37 55 32 62 23 41 2 29 11 26 50 8 16 6 18 
18 40 28 44 22 24 38 56 55 41 10 17 31 6 20 8 5 9 2 35 13 37 63 60 53 49 32 1 26 30 33 14 43 27 52 39 16 36 48 34 21 23 11 25 12 4 64 51 19 57 29 3 45 50 58 46 47 15 59 7 62 42 61 54 
9 25 23 1 60 26 5 21 30 61 39 62 53 59 14 16 43 56 33 4 47 11 36 57 2 19 58 17 44 29 8 27 50 24 12 42 10 18 7 37 41 40 3 63 48 46 22 55 52 28 54 15 35 51 6 31 49 45 38 13 34 64 32 20 
62 2 50 48 10 49 54 30 15 52 35 19 32 37 26 1 42 41 64 25 22 3 51 28 47 59 23 7 61 55 18 16 4 46 56 6 33 21 20 9 13 38 34 8 5 45 57 29 36 17 12 11 24 63 40 27 53 44 43 39 14 58 31 60 
63 33 16 59 4 29 43 15 7 5 57 64 2 47 27 50 17 55 53 6 23 62 32 19 11 37 24 40 39 38 9 51 13 41 60 45 31 25 8 54 36 52 10 49 26 58 20 18 48 1 42 44 34 30 14 61 35 21 3 56 22 28 46 12 
23 41 55 7 54 48 36 29 2 64 63 42 34 58 53 33 4 40 22 56 62 14 37 52 17 44 49 8 9 61 11 59 24 60 25 35 27 15 43 6 20 57 12 46 10 19 45 32 1 31 18 5 16 38 3 13 30 51 47 21 26 50 28 39 
4 10 2 32 40 11 63 46 57 37 24 36 19 26 7 20 50 21 3 39 35 53 5 59 6 28 13 47 1 43 38 55 16 52 17 33 8 44 22 31 48 25 54 30 18 23 27 41 56 58 15 62 49 14 51 34 60 29 12 9 42 61 64 45 
51 26 33 5 30 53 37 13 8 10 6 16 27 14 35 44 7 42 12 24 2 64 31 49 63 18 3 32 15 41 39 36 9 38 1 58 45 62 34 56 17 29 61 22 28 52 50 21 54 20 19 25 23 46 60 47 59 57 4 40 43 11 55 48 
14 17 1 28 38 62 20 49 12 47 13 31 46 56 4 45 41 43 51 63 60 61 58 23 57 25 22 42 37 24 48 21 55 53 50 10 64 39 54 30 35 9 59 11 33 26 16 5 44 8 27 7 40 52 29 6 15 3 34 19 32 2 18 36 
50 16 58 61 43 3 59 27 62 9 52 23 51 18 22 30 55 20 28 45 38 34 19 32 10 29 46 35 7 56 4 60 47 2 13 12 21 14 40 48 1 64 6 44 49 63 15 8 26 41 11 42 39 57 37 36 24 25 5 54 17 53 33 31 
34 35 31 15 47 18 9 45 39 40 28 60 25 32 41 61 8 30 26 1 36 57 46 17 33 51 54 27 53 19 14 20 49 5 37 59 11 42 23 29 7 58 24 2 4 3 62 13 12 10 50 21 43 48 64 55 63 52 6 16 38 56 44 22 
21 64 52 25 44 56 42 22 38 49 15 48 54 55 3 43 29 10 16 11 9 27 13 6 12 31 2 26 62 5 50 45 20 19 63 41 28 4 18 57 39 60 47 36 51 37 40 34 61 32 53 17 30 59 33 24 23 35 8 58 7 1 14 46 
19 39 8 60 24 57 12 6 29 21 17 59 5 50 1 11 47 25 15 44 33 18 48 54 40 52 16 34 23 64 30 58 46 36 7 26 51 32 3 61 38 43 55 53 42 56 31 14 28 45 22 2 4 35 9 63 41 13 49 10 27 20 62 37 
################proper############## 

 average_time = 16.911687 

 success runs = 1 

 total average iters = 474400.000000 
