Success!!! 
 
 max_col = 
 64 
 
 run_time = 
 17.878865 
 
 once iters = 
 500677 
 
9 10 41 58 19 36 7 34 24 23 49 37 46 59 5 6 44 52 18 3 60 21 64 54 17 45 39 26 51 38 4 22 53 55 63 47 15 8 61 29 27 25 31 40 30 35 16 50 1 33 13 42 48 56 28 20 32 14 12 57 2 11 43 62 
14 23 22 60 16 49 30 38 32 54 55 12 52 17 45 29 53 34 58 47 57 43 26 35 62 15 1 33 50 48 40 2 4 51 9 3 36 31 46 19 6 24 13 11 63 59 56 28 27 21 10 5 37 39 61 64 42 8 7 18 44 41 25 20 
27 20 52 50 54 63 28 39 13 42 53 58 26 56 47 18 4 38 7 61 2 37 23 10 21 9 12 49 11 16 41 6 43 44 34 64 40 48 35 5 60 33 51 3 22 8 29 17 25 32 24 30 62 57 46 14 36 15 55 31 1 59 19 45 
48 17 62 35 13 21 1 25 61 64 7 27 41 8 43 28 55 29 39 36 45 59 19 51 23 57 3 53 34 18 37 14 33 50 42 12 54 22 32 6 26 15 58 47 44 4 9 20 31 49 63 11 38 16 40 2 24 52 56 10 46 5 60 30 
2 53 4 37 45 51 24 55 44 50 39 62 40 9 19 34 1 46 30 56 13 63 8 31 35 61 29 20 27 10 25 32 18 11 58 60 38 57 28 41 14 36 49 12 5 52 42 54 22 7 15 59 47 26 6 43 16 17 21 64 33 23 3 48 
40 33 31 64 44 8 3 42 2 10 14 38 11 35 16 25 15 28 50 5 49 6 20 32 24 63 30 46 60 55 47 59 23 21 56 52 26 62 17 37 48 18 34 43 45 1 57 7 29 41 19 54 12 4 51 36 58 53 13 22 9 27 39 61 
43 32 59 18 5 15 57 11 22 3 60 4 1 63 30 21 14 33 16 40 41 48 42 12 13 52 31 64 58 54 36 56 27 20 25 39 24 49 45 7 61 19 62 37 2 10 46 38 23 55 44 17 8 9 53 34 6 29 51 26 50 47 28 35 
46 12 6 47 29 61 26 56 36 51 48 15 33 20 57 31 27 11 22 9 24 25 17 62 7 19 8 5 44 42 43 28 14 59 30 10 1 13 2 16 64 41 21 23 53 32 55 39 3 60 45 52 58 50 35 18 54 40 4 38 63 37 34 49 
5 61 13 51 1 37 34 17 40 35 45 36 58 49 9 3 48 31 52 6 16 55 29 20 27 12 47 2 28 22 14 50 11 42 57 44 56 24 39 26 41 63 38 10 15 46 25 4 62 59 23 43 54 60 32 8 53 21 30 19 7 33 64 18 
36 35 64 9 18 39 6 4 41 53 23 25 47 54 17 46 51 5 62 63 50 42 11 61 45 59 48 7 8 15 24 21 3 14 52 43 12 30 49 55 1 37 27 58 57 22 2 32 10 20 29 44 34 28 19 33 40 38 31 56 16 26 13 60 
29 62 10 56 58 59 47 50 43 19 21 55 18 61 15 8 25 27 46 37 35 3 54 26 63 60 5 13 40 52 38 44 45 53 4 23 32 36 16 22 9 64 28 7 33 49 30 31 57 24 2 12 11 42 39 17 51 6 41 34 20 14 48 1 
12 49 16 11 41 55 8 15 56 32 34 64 60 26 7 57 39 9 44 14 21 33 18 45 51 20 35 42 43 53 31 37 10 46 13 48 47 2 1 63 19 29 61 5 17 36 6 24 38 22 25 58 40 3 30 50 4 28 52 62 27 54 59 23 
52 42 32 45 3 38 48 19 50 44 63 1 13 31 10 16 60 57 15 2 34 23 59 43 33 62 56 39 30 4 55 41 6 28 64 54 61 51 8 17 11 35 12 20 21 53 40 47 49 18 14 7 26 36 9 27 37 22 24 5 58 25 46 29 
33 60 2 31 27 57 20 63 42 37 12 22 4 24 38 48 32 7 28 17 30 64 10 49 54 46 9 1 6 19 26 23 34 25 29 58 41 40 59 50 39 45 18 8 51 56 14 62 16 61 52 21 15 53 5 13 3 47 35 43 55 36 44 11 
25 44 46 30 23 28 40 53 33 39 62 52 59 14 6 11 36 12 38 41 19 22 24 58 61 29 32 3 49 57 64 34 7 5 20 27 18 60 37 21 43 54 26 16 13 55 50 48 4 35 47 31 1 51 56 45 8 10 2 15 17 9 63 42 
21 54 14 26 7 24 22 43 51 5 29 28 30 2 27 20 56 1 47 8 4 53 13 40 58 10 11 25 17 36 18 16 38 31 62 9 35 19 33 15 52 34 3 44 60 42 23 59 55 63 41 64 6 46 48 37 57 49 50 45 61 39 12 32 
37 56 55 59 32 35 43 45 18 2 20 30 23 40 8 38 5 6 21 48 28 16 49 15 19 51 7 52 33 3 46 1 50 41 60 34 44 12 57 36 10 4 14 54 27 13 63 26 61 53 31 24 22 29 62 58 11 25 47 9 39 64 42 17 
38 29 48 28 57 14 33 10 16 61 27 41 32 21 44 58 45 39 40 18 26 9 22 30 4 35 23 54 25 24 2 62 55 15 19 17 43 37 53 51 47 31 20 59 49 11 8 3 50 34 42 56 63 5 64 6 13 12 60 1 52 46 7 36 
64 16 9 63 53 42 21 3 29 6 4 54 45 43 52 37 31 23 32 35 58 34 25 50 5 49 44 27 59 28 48 40 13 56 10 20 7 1 24 39 46 12 17 36 61 57 33 60 47 26 8 38 14 30 18 11 2 51 22 41 62 55 15 19 
20 11 19 12 22 26 27 61 48 15 59 50 3 5 63 7 10 44 64 60 36 46 51 8 9 55 21 57 41 45 17 43 42 18 35 62 49 29 47 52 58 56 24 6 32 25 38 40 2 23 54 39 28 13 16 1 30 34 14 37 4 53 31 33 
44 51 34 6 50 31 62 52 17 13 35 10 36 39 56 14 33 43 4 55 54 1 38 3 60 47 37 8 63 12 42 64 48 16 61 11 21 25 58 32 7 53 15 29 19 30 22 2 40 27 9 45 46 20 57 41 28 26 5 49 24 18 23 59 
49 18 39 41 4 58 5 24 62 46 28 42 22 19 33 1 11 14 12 13 29 47 53 59 36 56 6 31 26 20 34 30 40 27 2 8 3 38 63 54 37 23 45 64 52 51 35 9 15 17 7 48 60 25 21 55 50 44 10 32 57 43 61 16 
17 46 23 15 47 60 54 8 49 12 11 34 57 25 51 64 20 61 2 7 52 24 62 41 29 50 18 38 22 58 13 53 26 6 5 14 9 33 30 31 16 39 42 28 55 44 21 1 36 37 4 10 19 43 59 32 56 35 48 27 3 40 45 63 
7 36 30 25 2 40 13 1 9 26 31 60 55 47 53 24 63 17 37 27 42 19 56 57 11 32 10 61 15 14 16 39 59 64 22 46 23 28 4 45 5 48 50 62 43 41 34 18 12 3 35 33 51 49 44 52 21 54 6 20 29 58 8 38 
19 22 27 16 51 18 12 14 7 8 52 48 9 34 49 30 3 40 20 43 61 10 33 44 56 6 58 50 13 41 53 46 28 38 39 2 4 63 25 11 23 21 35 45 42 26 62 57 5 54 36 55 29 59 1 15 64 24 17 60 32 31 47 37 
31 41 44 3 38 43 29 49 6 22 56 53 27 57 13 61 17 48 34 59 15 5 14 39 16 36 40 24 64 25 60 35 51 47 18 33 62 50 23 10 20 32 37 30 54 2 1 63 26 8 46 19 45 7 52 9 55 4 28 58 11 42 21 12 
59 48 54 34 25 17 58 62 39 16 43 33 28 50 23 55 35 13 19 64 32 38 37 42 49 14 4 45 9 2 7 61 5 26 21 56 22 15 60 12 31 44 11 24 40 6 10 46 63 57 30 20 27 41 47 3 52 36 18 53 51 1 29 8 
57 37 63 36 42 10 15 20 21 41 5 24 14 38 31 32 52 58 60 26 56 12 4 27 34 3 62 55 47 1 28 8 30 61 45 49 6 17 9 43 59 51 39 48 25 19 64 29 53 11 18 13 2 33 50 44 35 46 23 54 40 16 22 7 
45 9 28 53 40 52 46 30 60 36 26 2 62 29 12 35 21 41 8 49 47 54 63 55 57 33 22 51 39 23 11 17 31 32 37 1 19 44 20 34 15 14 4 18 7 50 61 16 64 10 43 25 24 58 38 42 5 48 59 6 56 3 27 13 
56 26 33 55 24 7 35 60 47 45 18 51 10 4 54 42 46 25 31 1 23 11 2 6 59 30 63 15 5 32 29 48 64 36 14 57 8 27 40 53 17 38 52 13 28 3 58 49 37 16 39 62 61 22 12 21 20 19 43 50 34 44 41 9 
32 8 21 39 6 23 61 64 1 58 3 11 19 37 59 63 22 50 45 51 53 62 57 36 44 54 52 10 31 27 20 18 16 35 24 13 42 7 29 46 55 47 41 34 9 5 43 12 17 48 28 40 56 14 60 4 15 33 26 30 49 2 38 25 
13 2 47 4 11 1 50 5 20 25 64 17 44 15 46 40 24 16 29 30 7 18 9 28 37 26 19 21 38 43 12 42 41 48 3 59 55 54 52 58 53 60 36 22 56 33 27 8 32 6 49 51 31 35 34 23 45 57 63 14 10 61 62 39 
30 14 7 40 43 11 36 26 15 17 42 39 48 12 1 27 47 49 9 34 51 50 58 46 3 44 25 63 56 5 59 19 54 29 6 38 10 21 18 64 45 16 57 52 37 20 13 41 35 28 55 22 53 61 23 60 62 31 33 4 8 24 32 2 
35 5 29 33 17 32 59 57 45 49 8 31 54 64 26 51 2 24 27 20 39 28 1 21 50 38 46 14 42 30 6 7 61 40 44 25 60 3 19 4 62 22 63 56 48 23 36 34 58 9 12 37 43 18 13 47 41 16 53 11 15 52 55 10 
16 27 18 24 48 47 51 37 19 56 2 13 34 32 35 4 54 62 42 38 40 29 12 23 8 43 53 28 61 64 52 11 22 1 36 63 5 55 50 57 44 49 59 14 6 15 17 10 30 39 26 3 33 45 41 31 25 9 46 7 60 20 58 21 
61 25 12 21 10 2 38 22 3 11 9 5 63 6 41 53 57 26 36 4 55 14 35 60 31 13 45 58 20 62 39 29 8 33 32 16 37 56 7 48 30 40 47 50 46 27 24 42 19 15 64 1 44 52 49 59 17 43 34 23 54 28 18 51 
28 52 58 19 46 4 56 9 23 20 47 59 50 7 25 10 16 63 43 44 11 13 45 37 18 27 15 32 24 33 35 57 39 17 31 42 51 26 41 30 54 8 53 55 3 12 60 64 34 5 62 6 21 40 2 29 22 1 61 48 38 49 36 14 
8 6 3 20 31 34 63 41 37 38 44 18 21 36 62 52 61 30 53 10 5 32 15 56 22 48 55 4 23 60 54 9 2 43 59 45 13 47 14 49 33 11 29 51 1 28 26 58 46 25 16 27 7 17 42 24 12 64 39 35 19 50 40 57 
15 39 45 49 55 53 44 23 30 14 57 43 16 22 28 60 8 64 3 33 18 7 6 25 40 2 17 41 37 51 1 10 12 52 46 24 58 34 27 62 32 61 9 35 38 31 19 21 20 50 48 36 4 11 63 54 26 59 42 47 13 29 56 5 
54 1 60 42 62 50 64 13 46 40 58 29 61 55 24 33 41 19 59 22 31 17 52 48 47 16 26 34 12 21 49 36 35 9 53 15 28 20 11 23 18 43 25 2 39 7 4 5 14 38 51 32 57 8 10 56 63 37 3 44 6 45 30 27 
58 47 5 46 52 16 10 2 54 4 33 19 25 27 50 13 26 59 17 57 6 60 28 53 15 11 34 29 3 44 8 49 20 22 51 41 64 32 43 56 12 7 1 42 31 62 37 14 48 45 21 61 18 63 36 39 38 30 40 24 23 35 9 55 
41 19 50 1 35 12 53 32 26 43 15 23 17 44 61 22 13 8 55 58 25 2 3 4 30 64 59 18 48 31 33 60 62 45 7 37 63 6 54 14 49 57 10 9 24 21 5 51 56 46 20 47 52 38 11 40 39 27 29 42 36 34 16 28 
11 28 38 23 15 22 42 44 12 30 41 56 2 51 36 59 62 37 49 31 63 39 16 9 43 40 13 17 52 61 10 47 57 24 1 55 29 58 48 18 25 27 64 46 50 34 45 53 60 14 3 8 35 6 7 5 33 20 19 21 26 32 54 4 
55 24 40 17 8 54 14 59 34 31 46 16 42 53 20 45 50 10 61 29 33 41 21 11 32 5 27 19 1 7 51 58 25 39 26 36 2 35 38 60 28 6 56 4 18 48 3 30 13 43 57 15 9 23 22 49 47 62 64 52 12 63 37 44 
3 57 49 48 64 30 39 51 63 60 32 35 29 28 40 9 7 36 56 12 14 44 46 22 38 53 41 37 16 50 62 25 52 10 47 21 33 11 31 27 13 26 8 61 20 54 15 23 24 42 1 4 55 34 58 19 18 2 45 17 59 6 5 43 
26 43 56 7 20 45 60 33 58 62 37 21 6 18 14 39 64 47 1 19 48 30 27 52 55 42 28 36 4 9 57 24 49 8 40 5 53 23 34 61 35 59 2 63 16 38 32 11 41 51 17 29 10 44 54 12 31 13 25 46 22 15 50 3 
18 31 25 29 63 13 37 6 10 55 38 57 7 48 11 5 23 42 51 24 20 45 32 34 46 21 54 22 35 39 56 12 44 4 15 30 16 59 3 9 40 17 19 60 47 43 52 36 28 64 27 26 50 2 33 62 14 58 49 61 41 8 1 53 
34 21 61 27 9 62 4 36 52 1 24 47 8 3 64 49 38 54 5 15 43 35 40 18 14 23 20 6 2 63 45 26 46 12 50 19 17 42 13 28 22 58 33 39 41 29 44 55 59 30 53 16 32 37 31 25 10 7 57 51 48 60 11 56 
4 50 57 62 56 9 16 46 28 24 61 6 43 45 60 15 12 2 41 53 64 40 44 17 20 31 36 35 14 29 23 52 32 58 54 26 11 5 21 25 34 10 48 27 8 47 51 13 39 19 59 18 42 55 37 38 49 63 1 3 30 7 33 22 
22 7 8 5 26 29 55 27 59 63 54 44 37 11 39 12 42 35 25 52 10 49 36 19 28 1 57 9 21 56 15 51 24 23 48 50 31 45 64 33 3 62 46 41 4 58 18 61 43 2 40 14 30 47 17 16 34 60 32 13 53 38 20 6 
6 30 1 14 39 20 45 21 38 48 13 8 31 10 29 19 18 3 11 32 22 27 5 47 53 7 49 43 62 40 50 54 9 2 17 4 46 41 15 42 36 55 44 26 35 60 28 52 33 58 61 34 23 12 24 63 59 56 16 25 37 51 57 64 
51 59 24 13 12 25 2 47 55 52 50 32 53 41 21 56 30 45 48 54 38 58 60 1 64 34 42 16 19 6 63 4 37 3 28 61 27 18 36 35 57 20 22 33 23 17 31 43 44 29 5 9 49 62 8 7 46 11 15 39 14 10 26 40 
10 38 17 52 36 41 23 48 5 7 1 40 64 16 22 2 34 15 14 50 37 31 61 24 26 25 33 11 18 13 58 3 60 62 8 29 57 39 55 44 56 30 6 49 59 63 54 45 51 4 32 46 20 21 27 53 43 42 9 12 28 19 35 47 
42 40 11 43 34 33 19 31 4 57 25 46 51 58 18 62 29 20 23 28 8 26 39 16 12 17 2 44 32 47 30 38 63 13 49 53 59 14 22 1 24 50 5 15 64 9 7 37 6 56 60 35 36 10 3 48 61 41 27 55 45 21 52 54 
60 63 35 61 37 64 18 28 27 47 30 49 20 23 3 36 6 55 57 21 9 56 43 33 48 39 24 59 46 8 22 45 19 34 16 7 52 10 51 38 42 2 32 53 14 40 12 25 11 1 50 41 13 54 15 26 44 5 62 29 31 4 17 58 
53 3 15 54 49 44 32 58 14 34 17 9 35 33 42 26 59 4 63 46 62 51 7 13 10 41 61 60 55 37 27 5 56 30 12 40 20 43 6 47 38 1 16 21 29 39 11 19 45 52 22 57 64 31 25 28 23 50 8 36 18 48 2 24 
23 4 20 22 60 19 17 54 11 29 10 45 56 46 2 47 43 21 24 62 59 57 48 38 52 58 14 12 53 34 9 27 15 37 41 28 30 61 5 3 63 42 7 25 26 18 49 44 8 40 33 50 39 64 55 51 1 32 36 16 35 13 6 31 
50 55 37 44 28 3 49 16 25 33 51 61 15 1 58 17 19 22 26 23 46 4 30 7 42 18 64 47 54 59 32 20 29 57 11 35 48 9 56 24 2 13 40 31 62 45 41 6 21 36 34 63 5 27 14 10 60 39 38 8 43 12 53 52 
47 15 43 57 33 56 25 18 31 9 40 3 49 42 55 41 37 60 54 16 12 36 34 2 1 8 51 23 45 26 5 13 17 7 27 6 14 46 10 20 4 28 30 32 11 64 39 35 52 44 38 53 59 48 29 22 19 61 58 63 21 62 24 50 
1 45 36 32 14 48 11 35 53 27 19 63 38 60 4 43 40 56 13 25 3 8 41 5 6 24 50 62 10 49 21 31 58 54 33 18 39 52 42 59 29 46 55 57 12 61 20 22 9 47 37 2 16 15 26 30 7 23 44 28 64 17 51 34 
62 58 51 8 61 46 52 29 64 28 6 14 24 13 34 23 9 18 10 45 44 20 47 63 39 22 38 48 57 17 3 33 21 19 43 31 25 53 26 40 50 5 54 1 36 16 59 56 7 12 11 60 41 32 4 35 27 55 37 2 42 30 49 15 
24 64 42 2 21 5 31 12 57 59 36 26 39 52 48 50 58 32 6 11 27 15 55 14 41 28 60 30 7 35 19 63 47 49 38 51 34 16 44 13 8 9 43 17 10 37 53 33 18 62 56 23 3 1 20 61 29 45 54 40 25 22 4 46 
39 34 26 10 59 27 9 7 8 21 16 20 12 30 32 44 28 53 35 42 1 52 31 64 25 37 43 40 29 46 61 55 36 63 23 22 50 4 62 2 51 3 60 38 58 24 47 15 54 13 6 49 17 19 45 57 48 18 11 33 5 56 14 41 
63 13 53 38 30 6 41 40 35 18 22 7 5 62 37 54 49 51 33 39 17 61 50 29 2 4 16 56 36 11 44 15 1 60 55 32 45 64 12 8 21 52 23 19 34 14 48 27 42 31 58 28 25 24 43 46 9 3 20 59 47 57 10 26 
################proper############## 

 average_time = 17.878865 

 success runs = 1 

 total average iters = 500677.000000 
