Success!!! 
 
 max_col = 
 64 
 
 run_time = 
 18.365518 
 
 once iters = 
 600957 
 
36 51 64 6 53 3 60 40 30 63 11 29 52 47 59 62 54 55 48 27 2 5 42 45 32 21 49 18 24 14 35 4 26 7 56 41 43 8 22 16 1 25 9 46 19 38 20 23 50 15 31 34 44 12 58 39 61 37 28 57 33 13 10 17 
48 4 19 13 10 37 54 50 9 43 35 44 45 20 51 60 57 8 24 7 63 16 17 58 31 29 11 22 5 61 12 3 55 64 1 36 39 53 14 27 15 42 49 32 40 18 41 33 28 6 30 46 52 47 56 59 26 62 21 25 34 23 2 38 
18 34 8 42 57 20 33 14 28 5 15 41 22 53 17 56 46 59 10 11 3 6 52 36 54 39 26 47 48 55 16 50 12 23 19 45 60 38 49 2 63 58 61 30 21 31 43 29 13 24 37 25 62 27 64 9 44 40 4 1 32 51 7 35 
46 59 58 63 23 61 47 11 27 6 54 48 32 36 55 12 14 31 64 9 50 56 35 1 10 2 33 53 13 44 17 15 21 25 52 37 30 34 5 18 3 7 24 57 4 62 28 16 40 26 43 51 8 38 45 22 20 60 49 41 19 29 42 39 
12 24 56 52 62 22 7 1 13 57 38 26 3 2 49 58 29 30 21 43 18 19 34 61 51 25 63 37 9 40 27 60 50 35 46 32 59 17 54 28 14 64 36 11 47 45 44 39 20 4 16 23 42 33 41 10 5 55 31 6 15 8 48 53 
15 21 17 9 44 45 49 2 24 1 16 61 46 34 19 31 25 32 62 38 12 39 20 4 23 57 36 42 41 30 28 59 33 6 40 29 58 48 13 51 27 56 37 10 8 50 26 5 55 35 60 14 63 18 7 53 47 43 22 64 11 54 3 52 
55 28 31 32 16 41 25 38 64 21 4 33 39 40 50 18 26 15 47 13 49 22 23 37 7 8 45 43 62 46 58 56 24 44 3 10 42 61 57 20 51 34 6 52 60 53 35 48 2 11 1 54 19 17 5 29 12 9 27 59 30 14 36 63 
29 39 5 26 27 30 43 35 25 42 8 23 7 14 10 37 60 28 53 51 33 40 41 44 34 19 52 6 1 20 38 64 11 4 62 15 63 31 9 47 17 59 54 12 55 22 2 13 49 57 21 61 48 32 3 36 24 45 58 46 18 50 56 16 
6 62 29 10 50 57 37 34 46 39 25 45 5 41 52 2 63 19 36 47 24 4 26 8 14 32 35 40 60 11 64 42 43 59 61 44 38 55 3 56 28 13 58 7 33 12 27 49 51 54 17 1 30 48 22 31 23 53 15 18 20 16 21 9 
31 42 9 5 30 1 35 12 60 23 24 62 36 38 32 22 58 18 34 59 27 10 16 7 39 6 43 3 56 15 21 63 37 19 54 13 17 49 33 14 61 2 45 64 41 29 50 20 57 8 11 52 40 53 55 4 51 25 48 44 28 26 47 46 
24 26 7 33 41 38 11 36 19 31 42 53 16 37 6 3 28 2 60 17 43 14 57 56 20 10 55 61 23 48 18 8 51 40 45 1 29 5 50 15 47 54 35 44 22 52 46 32 25 59 58 39 34 9 49 21 27 12 30 62 64 63 4 13 
56 18 48 21 63 47 17 58 11 26 40 54 15 43 14 64 30 44 49 55 13 3 5 31 25 53 57 38 28 59 29 33 46 9 23 62 12 27 41 32 8 10 1 4 34 19 24 51 7 42 20 37 35 50 2 16 22 36 52 39 60 61 45 6 
13 40 25 39 60 46 45 3 35 18 28 21 49 56 30 1 62 53 52 41 11 9 61 12 2 31 27 44 54 47 51 22 7 24 16 8 20 57 34 4 55 36 17 37 63 59 48 43 64 14 23 19 26 15 29 6 10 32 33 50 42 38 58 5 
2 55 59 20 51 8 22 53 61 10 9 34 44 27 63 7 35 46 33 64 45 48 37 50 17 5 58 13 4 1 36 49 30 52 47 42 6 39 25 21 62 23 15 16 3 26 31 57 56 28 18 38 32 41 60 12 14 11 40 29 54 19 43 24 
61 23 49 16 15 14 27 4 33 50 13 20 59 8 47 51 6 21 22 32 54 25 39 29 52 30 9 19 34 12 37 24 63 60 58 26 48 28 64 35 38 40 11 5 42 56 18 53 3 43 36 44 10 62 46 45 7 2 17 55 1 31 57 41 
19 44 32 43 52 54 64 28 4 29 17 57 58 48 12 55 23 42 20 40 38 51 1 15 46 41 50 16 26 62 7 45 31 53 10 18 2 22 11 36 60 6 25 14 9 39 30 21 27 33 63 5 13 24 61 47 59 49 37 34 8 56 35 3 
22 35 61 31 55 6 50 15 44 8 3 37 25 54 58 10 52 48 51 19 28 20 62 2 45 63 13 29 11 42 4 32 9 1 24 57 23 40 27 12 18 17 16 26 7 43 49 34 59 36 64 53 46 60 21 56 38 47 41 14 5 30 39 33 
32 58 10 1 38 42 40 27 2 28 31 9 63 16 35 48 11 25 57 46 23 37 30 34 59 24 21 49 52 18 15 17 13 29 43 60 33 56 61 39 6 41 51 3 64 36 47 45 14 55 54 62 12 5 4 7 19 22 8 20 50 44 53 26 
30 48 53 11 59 36 5 46 47 64 21 39 1 33 34 15 41 45 9 16 14 38 32 13 43 35 40 57 50 56 54 26 17 3 49 55 62 58 7 37 31 52 19 25 44 27 61 4 8 22 42 10 2 20 28 23 6 29 60 63 24 12 51 18 
9 3 21 17 49 62 8 39 56 38 19 46 11 12 40 5 59 43 7 29 26 24 60 47 61 55 41 14 6 64 30 36 28 2 18 34 22 54 44 31 32 48 13 20 23 57 53 35 15 50 51 45 33 25 63 1 58 52 16 42 4 10 37 27 
37 19 33 24 25 4 13 44 7 51 30 49 6 23 18 59 27 36 35 39 53 63 12 42 1 60 34 62 10 9 22 48 8 5 32 50 14 64 20 26 29 55 38 58 54 21 40 28 61 31 41 16 47 52 11 17 43 57 2 15 3 45 46 56 
20 54 57 51 26 12 63 16 45 60 50 55 43 61 24 13 31 10 15 4 58 21 56 22 38 27 2 28 7 8 19 5 25 47 36 53 41 35 6 52 11 14 59 33 30 42 62 46 18 9 39 29 3 49 44 37 32 1 34 40 23 48 17 64 
34 2 23 18 14 7 29 41 57 4 53 32 62 52 42 17 64 1 50 61 55 49 44 54 3 46 47 20 12 33 25 37 15 30 38 51 45 10 16 19 56 63 39 8 24 5 22 60 6 27 26 40 43 58 35 48 28 31 11 36 13 21 9 59 
28 45 52 47 64 60 56 43 29 36 26 14 20 22 27 41 8 40 3 5 6 18 33 17 16 44 39 31 58 23 53 51 48 11 63 59 4 46 21 42 2 9 10 50 37 15 12 1 32 19 57 13 24 30 38 34 35 61 62 7 49 25 55 54 
23 38 30 40 61 32 51 49 10 12 2 60 64 4 48 50 3 27 17 34 47 35 55 20 36 62 46 58 33 22 41 13 1 15 29 16 56 63 39 11 26 53 28 43 25 6 7 59 24 52 5 57 54 21 14 44 18 8 19 9 45 37 31 42 
54 20 39 59 46 28 57 5 14 11 63 8 53 21 33 23 16 37 42 6 51 1 38 26 27 15 12 52 64 7 61 34 10 55 60 3 19 2 48 13 30 32 18 62 29 44 9 47 36 45 25 17 22 31 43 50 49 58 56 24 41 35 40 4 
21 33 41 7 12 29 1 22 5 3 27 15 24 58 9 25 13 11 45 48 44 30 18 43 4 56 10 63 57 35 59 47 62 61 31 6 34 14 46 23 36 39 8 17 50 49 19 42 16 37 53 60 38 64 40 32 2 20 54 51 52 55 26 28 
53 37 2 35 17 11 24 10 34 22 7 52 41 19 16 44 5 14 54 62 32 33 31 60 42 23 8 48 55 51 6 38 59 26 21 47 40 18 45 49 64 20 46 1 56 61 57 58 29 13 4 9 15 28 12 3 36 63 50 43 27 39 30 25 
25 16 13 56 42 48 34 26 51 55 62 17 28 35 36 49 24 12 63 58 22 61 53 39 19 43 32 1 44 31 14 2 52 54 50 9 37 20 38 5 10 45 4 41 15 3 60 40 11 7 27 18 6 8 59 30 33 23 29 47 21 46 64 57 
44 9 6 8 58 50 31 47 39 46 57 1 54 26 45 20 36 7 59 56 41 15 21 64 29 17 60 25 16 5 40 18 4 12 33 28 27 30 51 43 35 37 63 2 14 24 13 52 34 10 61 49 55 19 23 42 48 3 38 11 53 22 32 62 
45 15 62 27 43 55 14 18 42 40 32 6 37 59 29 30 2 23 46 25 4 52 19 57 50 3 24 54 49 39 9 28 22 36 53 64 8 7 35 41 16 5 21 48 31 34 11 38 47 63 56 58 51 26 20 33 1 13 10 12 61 17 44 60 
64 60 63 36 4 52 3 19 18 61 43 47 56 31 13 38 49 29 40 50 9 8 28 10 53 37 20 30 21 26 45 11 57 58 42 17 25 24 32 44 22 27 33 55 51 23 54 12 41 48 35 2 1 39 62 46 34 6 7 5 59 15 16 14 
35 47 34 28 3 19 46 63 15 17 51 25 42 7 37 26 12 64 56 31 39 29 24 48 58 9 38 2 22 41 11 21 16 57 59 40 54 33 23 60 49 4 53 61 13 20 10 6 5 18 50 43 36 44 1 8 62 30 55 32 14 27 52 45 
43 27 51 44 18 21 23 48 22 58 14 38 12 45 54 24 34 6 11 52 59 28 10 46 60 20 19 50 36 57 8 1 41 62 17 56 35 15 63 64 5 47 3 42 32 55 37 25 4 61 40 26 53 7 30 2 16 39 9 33 29 49 13 31 
33 14 4 41 40 17 10 32 31 27 34 13 50 6 56 16 44 5 55 18 8 23 58 30 35 54 48 15 46 3 39 53 2 42 7 20 1 45 24 61 52 12 62 28 38 60 29 22 21 49 19 64 9 63 57 11 37 51 59 26 47 36 25 43 
1 30 60 29 24 25 20 62 63 49 5 3 35 55 46 32 17 61 2 15 21 47 43 51 28 7 59 45 18 16 23 27 36 31 37 4 52 19 53 38 9 26 14 39 11 33 64 8 54 41 6 12 58 34 10 13 56 50 42 48 40 57 22 44 
39 64 26 12 8 9 61 42 52 41 47 11 57 60 1 40 32 16 27 37 36 50 45 35 55 51 62 4 17 10 49 14 18 13 22 25 5 6 30 46 54 44 34 19 43 7 56 2 48 29 33 59 23 3 31 20 53 21 24 38 58 28 63 15 
50 6 16 57 54 13 52 37 59 2 39 30 10 64 53 43 40 22 14 20 19 42 3 62 63 26 25 33 47 24 5 29 49 51 12 27 44 9 8 58 21 1 48 15 18 35 36 31 17 38 55 28 56 45 32 60 4 34 61 23 46 11 41 7 
38 5 36 2 31 49 59 55 48 62 61 28 19 18 20 33 9 26 4 57 60 53 7 41 37 13 56 12 42 43 44 30 29 14 11 39 21 32 10 34 45 16 27 23 58 40 63 50 46 47 22 24 25 51 15 52 3 17 64 8 35 6 54 1 
58 7 11 15 22 56 53 45 36 44 29 4 23 9 21 8 38 13 25 33 1 54 63 49 40 34 64 32 61 52 31 6 3 28 48 43 47 50 26 55 24 57 41 51 59 46 17 30 37 39 62 42 27 35 16 14 60 10 5 2 12 20 18 19 
3 41 24 60 13 10 19 8 49 34 64 2 26 25 39 54 22 57 31 35 5 12 4 28 21 11 29 46 53 36 63 52 23 16 30 58 32 62 56 33 44 43 55 18 48 14 45 37 42 51 9 6 7 59 50 27 15 38 47 61 17 40 1 20 
47 1 40 25 33 16 12 56 41 32 37 50 31 44 11 36 55 39 19 63 29 7 8 9 30 38 15 35 51 27 42 61 20 48 6 54 24 43 2 3 46 62 52 34 17 28 58 10 45 53 13 21 14 23 18 5 64 26 57 4 22 60 59 49 
4 32 20 64 29 5 21 30 55 15 10 16 33 28 38 52 42 17 58 54 46 59 27 6 13 49 44 34 8 19 43 39 40 18 26 35 57 47 60 25 12 24 7 56 53 51 1 11 22 3 2 63 31 61 37 41 9 14 23 45 36 62 50 48 
59 57 55 62 28 35 39 7 20 53 46 19 51 63 3 42 61 50 26 49 15 11 14 38 22 18 5 41 45 17 2 10 27 34 44 12 9 21 37 1 4 33 23 36 6 30 16 64 58 56 8 48 60 40 47 25 13 54 32 52 31 43 24 29 
63 22 37 58 2 44 36 51 17 9 6 43 21 30 23 14 10 33 18 60 34 45 47 40 26 48 1 56 3 25 57 20 64 38 28 52 46 41 59 7 13 50 29 31 61 54 5 27 62 32 49 11 4 16 24 15 39 42 35 19 55 53 12 8 
52 17 46 14 11 53 18 31 12 48 59 22 60 24 4 29 43 20 30 2 62 36 13 21 64 16 54 7 40 58 32 23 19 45 5 49 61 51 15 50 42 38 47 35 39 9 8 41 33 34 44 55 57 1 26 28 63 56 6 10 25 3 27 37 
42 61 15 48 45 43 26 9 1 35 18 7 47 62 5 27 37 56 23 24 52 64 51 32 33 4 6 59 14 60 50 55 39 10 13 22 53 11 31 8 19 3 40 49 57 2 25 63 12 20 29 30 17 36 54 38 21 44 46 28 16 41 34 58 
27 49 50 38 34 23 6 54 58 13 56 40 61 57 8 45 1 3 44 53 25 41 48 16 47 12 28 24 31 37 62 9 42 17 55 14 36 4 29 63 20 22 60 59 26 32 21 15 52 46 10 35 39 43 19 64 11 18 51 30 7 33 5 2 
8 11 18 50 35 64 62 20 16 47 45 51 4 5 26 53 56 60 37 12 30 46 54 25 41 40 31 36 15 63 10 58 14 27 57 23 13 29 1 24 39 49 22 38 28 17 55 7 19 44 48 32 21 2 33 61 52 59 43 3 9 42 6 34 
17 63 12 30 9 24 48 21 43 37 60 27 29 50 64 11 53 51 39 14 61 62 15 33 49 47 23 26 32 2 56 7 5 20 34 19 31 44 40 6 41 46 42 54 52 8 4 36 35 25 59 3 16 10 13 18 45 28 1 22 57 58 38 55 
57 13 22 3 39 31 15 23 54 52 12 42 9 10 28 21 18 35 43 44 16 55 36 24 11 61 51 17 27 50 34 19 47 32 4 38 49 59 58 62 25 60 2 45 20 48 6 26 53 1 7 41 29 14 8 40 46 5 63 37 56 64 33 30 
41 56 14 49 36 34 42 61 8 25 22 58 2 1 7 57 47 38 32 21 20 31 6 52 62 59 30 55 39 29 48 43 60 37 35 46 3 16 28 17 33 18 5 63 27 64 23 44 9 12 15 4 45 54 51 26 40 19 13 53 10 24 11 50 
26 29 45 46 47 27 2 33 38 56 48 59 14 49 44 6 50 34 5 10 17 13 40 3 24 1 42 21 37 4 20 57 54 22 64 63 51 25 18 30 53 35 32 9 12 58 15 19 43 60 52 31 28 11 36 55 8 41 39 16 62 7 61 23 
40 10 44 4 19 59 16 6 32 33 20 63 55 15 61 39 7 49 28 22 64 27 29 11 9 14 3 8 38 54 52 46 45 50 41 2 26 12 42 53 43 31 57 21 1 13 51 62 23 30 24 56 5 37 34 58 25 35 36 17 48 18 60 47 
5 25 43 54 32 51 28 52 3 24 23 31 30 13 41 46 19 63 1 45 57 58 9 59 18 33 22 64 35 53 60 44 56 8 39 48 7 36 55 10 34 11 50 40 16 37 14 61 38 17 47 27 49 42 6 62 29 4 20 21 26 2 15 12 
7 53 38 37 1 58 55 60 40 19 36 35 18 17 62 34 4 41 8 42 48 26 2 23 6 28 16 5 25 45 13 12 61 21 15 33 11 52 43 9 59 29 30 24 10 47 3 56 63 64 46 20 50 22 39 57 31 27 14 54 44 32 49 51 
60 43 28 22 48 33 58 13 50 16 1 18 38 29 57 47 20 9 61 26 56 32 59 19 5 42 7 11 2 34 24 54 44 41 27 30 10 23 12 45 40 21 64 6 35 25 39 55 31 62 3 8 37 46 52 63 17 15 53 49 51 4 14 36 
11 12 42 45 20 39 32 57 26 54 41 10 34 3 31 63 15 47 13 36 35 60 49 5 8 64 4 27 19 6 33 40 38 56 14 61 55 37 62 48 7 51 44 53 2 1 52 9 30 16 28 22 18 29 17 24 50 46 25 58 43 59 23 21 
51 31 27 61 21 26 41 59 62 30 44 36 8 32 60 35 48 52 12 3 37 34 11 63 57 50 17 23 29 28 55 25 53 39 20 7 16 42 4 22 58 15 43 47 46 10 38 18 1 2 14 33 64 56 9 49 54 24 45 13 6 5 19 40 
14 46 35 19 56 15 30 64 6 7 33 5 40 51 43 4 21 24 38 8 10 2 50 53 48 52 37 9 63 13 26 62 58 49 25 11 18 1 17 59 57 61 12 29 45 41 32 3 60 23 34 36 20 55 27 54 42 16 44 31 39 47 28 22 
16 36 47 55 6 18 44 25 37 20 49 12 13 46 2 19 33 62 29 1 7 17 64 14 56 58 53 39 30 38 3 41 34 43 51 24 50 60 52 40 23 28 31 22 5 11 59 54 10 21 45 15 61 4 42 35 57 48 26 27 63 9 8 32 
10 8 1 34 7 2 38 29 53 45 58 24 17 11 15 28 51 54 6 23 40 43 46 55 44 22 18 60 20 21 47 16 32 63 9 31 64 26 36 57 48 30 56 27 49 4 42 14 39 5 12 50 59 13 25 19 41 33 3 35 37 52 62 61 
49 50 54 53 5 63 4 24 23 14 52 56 27 39 22 9 45 58 41 30 42 57 25 18 15 36 61 51 59 32 46 31 35 33 8 21 28 3 47 29 37 19 26 13 62 16 34 17 44 40 38 7 11 6 48 43 55 64 12 60 2 1 20 10 
62 52 3 23 37 40 9 17 21 59 55 64 48 42 25 61 39 4 16 28 31 44 22 27 12 45 14 10 43 49 1 35 6 46 2 5 15 13 19 54 50 8 20 60 36 63 33 24 26 58 32 47 41 57 53 51 30 7 18 56 38 34 29 11 
################proper############## 

 average_time = 18.365518 

 success runs = 1 

 total average iters = 600957.000000 
