Success!!! 
 
 max_col = 
 64 
 
 run_time = 
 12.392990 
 
 once iters = 
 300416 
 
43 11 6 24 55 33 18 13 53 14 20 45 27 29 26 40 15 9 19 35 1 36 49 59 38 34 23 60 37 57 32 17 61 4 7 56 44 2 31 52 46 22 25 3 47 41 39 28 10 64 50 48 21 8 51 16 42 58 63 12 54 5 62 30 
31 53 57 36 62 9 59 19 56 48 30 44 6 1 52 23 29 40 27 17 24 54 46 4 47 22 41 28 12 63 25 39 43 5 18 11 8 13 10 32 58 45 21 7 16 64 42 37 20 38 35 49 15 26 2 34 3 51 14 50 55 60 33 61 
16 20 28 44 17 30 4 56 8 2 21 64 32 54 60 12 26 33 34 62 55 38 18 3 19 53 42 46 14 5 10 11 9 50 27 1 51 58 6 24 31 40 57 48 49 29 63 52 36 25 59 7 41 61 22 45 23 43 37 47 15 35 39 13 
51 41 54 46 27 60 38 35 28 31 58 57 5 37 39 7 13 22 64 47 63 32 25 50 15 49 24 29 62 2 8 6 16 12 48 34 21 33 30 59 43 18 11 61 14 26 55 1 23 52 19 40 42 44 4 3 45 9 53 10 36 17 20 56 
10 39 48 29 5 47 61 21 15 50 36 11 42 38 3 41 53 8 31 51 45 12 57 43 26 33 7 18 30 54 40 44 20 14 64 22 55 37 49 62 17 23 35 32 9 19 6 60 58 27 28 24 63 56 13 46 25 59 2 1 52 16 34 4 
50 22 49 64 8 15 42 32 4 47 24 19 13 51 46 9 20 2 30 52 14 23 48 61 43 59 58 16 45 1 31 21 3 35 63 40 60 25 54 38 10 34 56 33 53 62 44 36 12 55 5 37 11 39 17 29 6 28 57 18 27 26 41 7 
26 37 14 23 34 63 40 58 55 33 25 18 35 49 61 59 10 16 5 6 7 28 39 44 56 13 4 64 51 3 52 48 42 19 57 36 29 17 41 45 12 20 27 38 54 2 50 15 62 9 30 1 43 60 47 53 46 24 8 22 11 32 31 21 
1 25 45 2 12 7 52 3 43 10 62 17 16 34 22 63 58 21 11 37 41 56 42 60 61 20 35 36 55 9 50 27 26 28 39 23 15 47 53 46 59 24 4 5 30 8 51 13 54 32 14 18 6 31 57 33 64 29 19 44 38 49 40 48 
47 21 23 55 15 12 62 61 11 49 60 30 33 22 58 51 18 48 7 10 44 42 31 37 52 2 53 8 59 43 64 45 50 38 16 14 24 36 9 13 41 27 63 19 6 40 54 56 26 35 20 17 57 34 1 25 4 46 28 3 5 29 32 39 
36 16 60 53 33 29 51 8 26 39 35 7 37 62 31 6 19 54 3 46 50 40 4 25 9 57 27 24 56 34 58 5 32 59 45 41 52 43 63 20 22 42 17 23 28 13 1 55 14 21 18 61 2 64 10 44 11 47 48 30 49 38 12 15 
63 17 10 39 52 35 34 59 13 8 40 15 47 32 57 56 61 41 45 20 49 1 24 23 30 60 3 6 7 25 36 55 48 31 53 29 27 19 18 21 64 2 14 11 62 5 46 58 38 16 9 4 33 51 28 12 43 54 42 37 50 44 26 22 
56 5 13 50 57 41 54 46 9 43 1 59 21 53 55 3 14 15 51 30 64 58 27 12 28 29 44 63 11 26 38 20 25 37 23 4 42 10 33 34 52 36 45 39 31 18 60 32 40 48 22 47 62 49 24 8 19 16 7 61 35 2 6 17 
32 2 1 3 4 48 27 64 50 38 19 42 29 44 25 20 57 6 17 28 5 21 34 63 49 18 14 31 39 13 35 41 60 26 22 30 58 46 11 61 16 10 37 51 12 15 47 33 7 36 45 59 53 54 43 56 55 40 52 62 23 24 8 9 
58 44 42 18 40 20 45 14 48 5 34 12 23 24 64 16 47 35 38 36 62 52 11 9 10 17 19 37 33 61 4 22 54 57 55 28 2 56 7 49 25 30 8 26 43 50 3 21 27 6 15 46 39 29 32 41 60 13 1 59 31 63 53 51 
28 24 19 26 37 22 6 49 2 63 10 54 4 45 41 27 55 59 33 60 32 39 43 8 16 40 48 51 46 23 12 42 44 15 62 47 1 35 17 64 20 9 53 29 57 7 61 38 11 5 3 50 13 30 31 52 18 21 58 34 56 14 36 25 
7 43 31 25 9 11 30 38 17 36 52 46 61 18 14 28 22 53 13 56 2 16 26 29 1 15 50 32 54 21 62 47 6 39 40 8 12 5 3 51 24 48 44 4 34 59 35 49 55 63 37 23 60 42 58 19 20 57 64 27 41 45 10 33 
2 13 64 30 53 54 58 20 51 25 45 55 3 50 29 46 41 18 32 48 22 44 37 47 60 24 15 49 27 11 19 7 36 33 56 10 43 40 28 39 35 14 34 62 1 23 38 9 5 31 63 52 8 57 61 42 26 12 17 6 21 4 59 16 
35 46 3 32 21 56 44 41 40 23 17 52 38 9 27 13 5 36 24 45 12 53 15 26 25 43 57 55 63 10 51 50 8 30 49 19 4 59 48 22 42 29 6 18 58 47 37 31 1 60 34 2 64 20 16 54 39 33 61 28 62 11 7 14 
59 51 24 38 29 5 28 62 12 64 31 53 60 15 30 35 8 34 58 14 4 46 55 21 36 1 22 47 13 41 26 33 18 6 61 25 16 27 50 42 2 52 20 54 11 57 56 44 17 7 49 39 10 3 23 43 32 63 9 40 37 19 48 45 
57 40 39 1 60 6 9 50 59 34 49 24 41 33 16 22 56 25 29 61 10 17 19 28 31 21 8 4 23 37 18 3 15 54 5 52 64 63 35 44 45 32 13 30 27 12 48 7 51 62 26 11 38 53 55 14 58 2 36 20 46 43 47 42 
27 18 12 8 36 25 17 16 32 6 7 56 62 61 48 14 3 43 63 39 42 49 2 30 40 35 46 34 44 28 54 64 23 60 58 37 11 38 20 31 33 55 22 53 5 51 59 26 13 4 21 45 47 9 19 15 57 1 41 29 24 50 52 10 
55 47 37 45 61 34 10 7 19 4 28 21 54 43 11 1 52 13 20 9 40 50 59 33 2 39 30 5 42 6 17 32 57 24 14 51 26 62 46 3 8 63 64 60 15 16 49 25 44 41 58 56 12 36 29 48 38 18 27 35 53 31 22 23 
14 48 43 63 19 31 26 23 42 18 37 47 20 58 5 39 64 51 57 11 27 6 38 54 12 16 62 56 52 53 59 61 41 34 29 45 9 7 1 2 40 46 10 50 36 21 17 4 22 33 32 25 28 35 30 24 44 60 13 8 3 15 55 49 
4 15 11 42 49 52 33 22 63 44 8 26 36 57 10 2 60 62 35 23 16 31 1 7 29 14 20 9 48 38 45 58 17 13 47 32 53 21 55 12 3 61 19 43 41 39 28 24 37 40 27 6 18 59 46 50 30 25 5 56 34 54 51 64 
21 31 34 19 35 40 5 54 49 15 13 2 22 55 44 47 42 12 6 32 61 9 28 62 41 56 18 20 53 33 7 63 38 58 30 43 17 3 25 14 50 39 52 37 64 27 36 46 45 59 11 29 4 48 8 10 24 26 16 60 51 57 23 1 
46 64 51 47 58 38 41 48 3 35 59 5 11 28 23 29 45 63 36 7 26 60 54 10 14 8 31 30 43 22 37 49 4 52 1 12 32 6 40 57 15 62 24 20 2 33 9 34 50 17 44 42 25 16 18 61 27 19 56 55 39 21 13 53 
9 10 7 20 3 18 15 37 16 61 39 6 40 8 43 32 59 27 14 33 19 30 51 11 54 50 21 25 29 42 23 24 5 53 44 55 41 49 56 60 26 58 38 47 17 4 13 12 64 1 36 57 46 62 63 31 35 22 34 48 2 52 45 28 
8 27 2 52 13 16 22 42 31 45 9 63 26 36 4 60 50 5 53 25 57 35 64 34 62 47 1 39 6 59 48 38 29 61 51 46 18 28 23 7 19 11 55 41 3 32 40 14 30 43 24 33 56 15 21 20 49 37 12 17 58 10 54 44 
44 36 17 33 56 24 11 43 27 52 14 25 12 48 37 58 49 55 16 2 31 4 3 13 64 9 45 15 28 32 46 19 59 62 42 39 20 54 21 50 57 1 60 8 61 53 23 10 35 22 41 26 51 40 34 38 63 30 6 5 18 7 29 47 
62 4 26 28 25 32 14 30 54 17 38 51 56 10 24 34 44 39 23 1 43 20 21 58 35 55 2 57 61 36 27 16 64 63 13 33 48 45 19 15 5 49 18 31 29 22 7 59 6 53 52 12 9 47 37 60 41 3 50 46 40 42 11 8 
53 60 55 6 23 59 1 57 41 7 50 20 46 42 62 30 24 17 47 18 52 29 40 48 3 4 5 11 26 12 44 10 22 16 9 27 35 34 37 8 21 28 51 25 56 45 43 63 2 54 13 14 58 19 39 49 61 64 38 31 32 33 15 36 
45 61 63 49 50 39 12 29 1 21 53 33 19 64 18 57 37 46 15 41 56 22 8 38 17 51 40 58 34 52 13 60 31 11 10 24 47 26 2 36 48 54 42 6 44 35 16 30 28 23 7 27 5 32 3 55 14 62 25 43 4 20 9 59 
3 30 35 17 10 21 53 34 58 37 64 36 18 26 7 15 40 19 62 59 13 2 45 41 50 6 56 38 1 44 14 9 55 20 31 63 22 12 27 28 47 4 48 57 46 42 8 11 39 61 25 54 16 52 49 32 29 23 60 33 43 51 24 5 
24 42 8 27 14 13 31 36 45 55 63 41 57 56 51 43 9 30 12 16 47 64 17 49 22 48 32 61 25 4 60 54 1 21 2 50 5 11 38 23 62 19 28 52 18 44 58 29 33 10 53 34 40 6 59 37 7 35 3 15 26 39 46 20 
19 26 50 9 59 64 39 11 23 30 22 28 2 25 21 8 7 1 61 58 51 24 33 32 57 36 43 12 40 46 55 52 37 48 4 16 62 53 42 10 38 31 15 56 35 54 45 5 29 20 60 13 3 41 44 17 34 49 47 14 6 18 63 27 
15 1 4 5 45 44 29 51 62 54 6 35 53 11 38 49 28 56 52 8 60 27 22 20 34 37 47 10 2 16 24 59 40 9 3 13 46 18 57 26 36 50 33 12 55 14 32 39 63 19 23 58 48 43 42 7 21 17 31 64 30 61 25 41 
49 52 56 54 38 61 46 63 39 60 47 50 24 19 12 4 34 23 10 55 21 25 36 5 7 3 28 35 20 31 42 62 51 29 33 59 6 32 43 30 53 17 41 64 40 37 22 16 9 14 8 15 27 1 26 18 13 44 45 11 48 58 57 2 
37 6 58 16 41 55 32 60 34 3 46 27 48 59 13 33 38 14 4 31 11 18 44 42 53 30 63 19 64 45 29 23 39 25 8 49 7 15 47 17 61 51 26 24 10 9 20 43 57 2 62 22 50 21 35 5 40 52 54 36 1 56 28 12 
48 33 18 43 7 28 20 12 61 40 29 32 10 31 1 17 39 57 37 54 3 63 35 53 8 11 51 13 5 27 15 26 58 56 52 44 45 64 14 41 23 25 49 2 60 34 21 6 47 30 46 38 55 24 36 4 9 50 22 19 16 59 42 62 
23 57 40 22 2 62 47 25 5 16 42 14 52 20 9 44 46 26 50 15 48 43 29 6 58 41 39 21 17 49 33 18 34 36 19 35 61 24 60 54 1 7 3 13 59 63 30 27 56 11 12 64 31 28 45 51 8 55 32 4 10 53 37 38 
6 62 33 60 26 17 36 9 29 22 54 58 45 5 2 37 1 24 28 3 25 48 10 64 39 44 52 14 16 7 57 34 19 8 12 15 31 4 59 47 56 13 23 21 32 20 11 50 18 49 43 35 61 63 27 40 51 53 30 41 42 55 38 46 
54 55 5 10 42 45 43 27 47 1 32 60 50 6 28 25 36 38 22 63 34 13 52 16 4 58 17 41 18 29 20 37 21 3 11 62 30 61 64 9 49 26 31 15 48 46 12 53 24 44 2 51 19 7 14 59 33 8 39 23 57 40 56 35 
61 19 25 48 51 3 16 4 7 11 57 39 59 46 53 10 27 31 40 26 8 15 58 17 13 42 36 2 35 47 43 30 14 18 41 38 23 50 24 56 60 44 9 45 52 55 62 64 21 34 1 32 37 33 12 28 54 6 49 63 20 22 5 29 
11 29 46 15 63 49 35 2 52 24 56 34 8 40 20 42 62 44 54 53 33 51 30 19 21 23 64 3 38 55 22 12 13 45 43 6 10 39 5 48 7 57 58 27 37 1 14 41 31 50 17 60 26 25 9 47 28 61 18 16 59 36 4 32 
38 50 21 34 31 23 56 52 33 27 44 62 55 17 36 26 43 61 9 12 37 41 32 14 46 10 11 59 49 51 1 40 28 7 25 53 63 20 22 58 18 35 39 42 8 6 4 54 16 29 48 3 30 5 15 57 2 45 24 13 64 47 19 60 
41 8 22 40 47 57 37 18 64 9 16 13 31 30 49 21 23 29 2 4 59 7 60 39 27 32 61 62 15 19 6 56 33 1 35 42 54 44 26 55 51 3 5 63 24 28 10 17 46 58 38 53 52 45 20 36 50 48 11 25 12 34 14 43 
39 58 32 7 64 1 24 53 14 12 4 61 43 3 15 19 6 49 18 50 20 45 47 35 63 26 25 48 8 60 5 28 2 51 46 57 34 52 36 37 30 16 40 59 33 38 29 22 41 13 42 55 54 11 56 23 17 10 21 9 44 62 27 31 
20 28 59 12 30 14 13 44 38 41 23 48 51 35 63 18 11 42 55 21 46 5 56 57 45 31 33 54 24 50 9 53 27 49 32 17 40 60 16 29 34 47 43 36 19 25 2 61 8 39 4 62 22 10 6 64 52 15 26 58 7 1 3 37 
33 14 9 56 22 37 8 10 6 59 12 40 17 39 32 61 2 60 25 19 30 47 63 52 24 45 49 23 3 15 16 51 46 44 21 7 57 41 34 35 4 43 50 55 20 11 31 48 42 26 64 36 29 27 54 1 5 38 62 53 28 13 58 18 
29 63 16 61 43 36 21 31 10 46 5 23 15 47 35 52 33 4 44 64 38 34 62 51 48 25 55 50 57 18 53 2 45 17 37 26 14 1 13 11 39 41 7 22 42 49 27 3 19 8 56 28 20 58 40 30 12 32 59 24 9 6 60 54 
18 45 15 35 32 50 19 6 44 13 51 3 63 4 34 54 48 58 41 27 39 14 7 24 59 64 37 17 10 56 28 8 47 42 20 60 36 16 29 25 9 12 30 40 38 52 26 62 43 57 55 5 49 2 53 22 1 31 23 21 33 46 61 11 
17 23 44 4 39 53 48 26 18 56 2 43 28 14 45 38 21 11 49 29 36 3 9 31 20 46 60 42 47 35 34 13 63 27 50 5 59 55 51 40 6 33 54 1 25 58 24 8 52 37 61 16 32 12 7 62 10 41 15 57 22 64 30 19 
60 54 52 41 1 51 49 28 30 20 48 37 25 7 50 24 16 32 46 5 35 57 53 55 33 27 12 22 9 58 61 43 10 64 38 31 19 8 62 6 14 21 2 44 23 56 15 45 34 18 47 63 59 4 11 13 36 39 40 42 29 3 17 26 
64 38 62 58 20 27 25 5 60 57 55 29 49 21 42 11 12 45 1 22 28 61 23 40 32 54 26 44 19 14 41 31 56 2 24 48 39 30 15 43 37 53 59 10 13 36 34 18 3 46 33 9 35 17 50 6 47 7 4 51 63 8 16 52 
34 3 30 59 11 2 7 24 36 58 41 8 9 27 19 64 54 50 26 42 6 10 13 18 5 62 38 1 21 40 63 4 52 32 28 61 33 22 12 53 29 60 46 16 51 17 57 47 25 15 31 44 45 23 48 39 56 20 43 49 14 37 35 55 
13 12 47 57 46 42 55 40 22 62 26 31 1 16 33 53 17 37 59 43 15 8 20 56 11 7 6 52 36 30 39 29 49 23 54 58 3 9 4 18 28 5 32 35 63 61 64 19 60 24 51 10 14 38 41 21 48 27 44 2 45 25 50 34 
30 32 38 11 48 4 63 17 20 28 15 49 34 23 40 55 31 10 43 44 53 19 50 46 51 12 59 45 22 64 2 35 7 47 36 54 37 42 39 5 13 6 62 58 26 24 41 57 61 56 29 8 1 18 60 9 16 14 33 52 25 27 21 3 
12 56 53 37 18 19 64 39 24 51 27 10 30 13 47 48 63 3 8 40 58 26 61 15 42 5 16 43 41 62 49 14 35 55 34 9 50 31 45 33 44 38 29 46 7 60 25 2 32 28 57 21 36 22 52 11 59 4 20 54 17 23 1 6 
22 49 29 31 16 58 57 15 25 26 33 9 64 12 56 45 35 28 21 38 18 11 14 36 44 61 10 40 4 24 47 46 30 43 60 3 13 51 52 27 54 59 1 17 39 48 19 23 53 42 6 20 7 37 5 63 62 34 55 32 8 41 2 50 
52 7 41 62 28 10 60 47 21 42 3 4 58 63 8 36 32 64 39 57 23 55 6 27 18 19 34 26 31 20 56 25 12 46 15 2 38 48 44 1 11 37 16 14 50 43 53 40 59 51 54 30 17 13 33 35 22 5 29 45 61 9 49 24 
40 35 61 13 54 43 23 55 37 19 11 16 14 2 17 31 25 20 42 34 29 33 5 1 6 38 9 7 50 8 30 36 62 22 59 18 28 57 58 4 32 15 47 49 21 3 52 51 48 45 39 41 24 46 64 27 53 56 10 26 60 12 44 63 
42 59 36 21 24 46 2 33 57 32 18 38 44 41 54 50 51 52 48 49 17 37 16 45 23 63 13 27 60 39 3 1 53 10 6 64 25 29 8 19 55 56 61 9 22 30 5 20 4 12 40 31 34 14 62 26 15 11 35 7 47 28 43 58 
5 9 27 51 44 26 3 1 35 53 43 22 39 52 6 62 4 7 60 24 54 59 41 2 55 28 29 33 32 48 21 15 11 40 17 20 56 14 61 16 63 8 12 34 45 31 18 42 49 47 10 19 23 50 25 58 37 36 46 38 13 30 64 57 
25 34 20 14 6 8 50 45 46 29 61 1 7 60 59 5 30 47 56 13 9 62 12 22 37 52 54 53 58 17 11 57 24 41 26 21 49 23 32 63 27 64 36 28 4 10 33 35 15 3 16 43 44 55 38 2 31 42 51 39 19 48 18 40 
################proper############## 

 average_time = 12.392990 

 success runs = 1 

 total average iters = 300416.000000 
