Success!!! 
 
 max_col = 
 64 
 
 run_time = 
 27.108220 
 
 once iters = 
 800989 
 
54 49 26 58 53 59 2 30 6 20 13 9 55 36 42 37 63 22 60 45 56 27 38 25 34 5 7 51 41 43 24 18 19 47 48 46 14 28 32 15 61 57 23 40 64 1 11 50 10 12 8 29 4 3 35 39 31 44 62 17 21 33 52 16 
8 19 11 4 31 48 41 52 14 56 33 18 46 63 28 35 9 64 5 44 2 7 49 29 20 15 3 47 17 16 30 12 24 13 23 60 50 57 62 55 42 10 6 51 39 21 36 53 22 34 38 40 37 1 58 61 54 59 27 25 32 26 45 43 
44 36 40 57 50 38 62 45 27 64 12 2 16 24 15 23 13 8 32 55 47 10 19 28 1 52 29 31 59 61 54 22 25 49 39 21 18 7 42 4 33 37 30 34 56 9 3 17 20 51 46 6 41 43 63 26 35 11 14 53 48 58 5 60 
37 5 42 27 39 34 56 61 4 30 29 48 17 59 3 58 18 46 36 54 14 43 20 53 60 6 32 26 62 49 44 21 9 10 8 35 33 40 16 1 12 22 41 24 7 38 31 25 15 23 57 52 64 45 55 11 50 2 51 28 13 19 47 63 
6 60 15 16 51 28 47 55 22 54 57 44 31 7 40 10 48 1 34 41 26 17 4 3 45 39 11 25 50 19 42 27 64 12 43 52 29 58 63 20 8 35 5 49 2 14 62 32 53 21 13 59 18 24 33 9 46 61 37 23 30 38 56 36 
63 22 46 10 12 43 25 32 49 41 50 52 1 11 61 21 37 31 23 6 15 62 39 58 14 35 55 33 8 13 2 48 38 56 53 30 3 59 5 51 28 47 29 44 45 20 16 26 19 36 27 17 7 54 60 42 24 40 57 9 4 64 18 34 
13 9 21 20 24 23 3 14 5 39 25 26 8 45 19 34 51 52 11 40 42 57 35 33 63 4 28 56 38 53 64 36 37 54 22 44 31 61 41 17 18 27 46 43 48 58 60 59 32 16 50 49 62 2 47 30 6 55 12 10 29 15 7 1 
1 17 29 64 7 18 35 33 51 62 32 38 53 60 47 43 50 59 16 21 61 30 24 12 46 9 57 58 37 10 23 40 11 2 45 36 26 27 6 34 52 15 13 19 4 55 63 54 5 28 14 31 56 25 44 48 3 41 49 22 39 20 8 42 
9 29 55 50 41 52 49 6 28 42 22 59 39 21 43 1 45 10 61 26 30 25 46 8 44 14 5 63 57 18 31 24 7 53 17 3 36 64 4 47 23 12 20 32 35 54 38 15 48 11 19 56 27 13 40 37 58 34 33 16 60 2 51 62 
58 1 4 38 54 60 30 28 26 10 7 15 50 27 53 46 24 55 39 52 37 49 41 62 51 48 23 3 19 17 29 33 16 31 18 61 35 34 40 42 63 9 36 21 47 11 25 43 59 2 20 64 57 14 12 8 44 45 56 32 22 13 6 5 
26 2 51 40 47 39 36 21 25 63 38 35 54 48 6 16 44 12 7 19 60 22 31 56 30 46 45 43 34 58 9 32 8 52 20 1 28 55 14 57 59 13 62 10 49 64 61 29 24 33 18 53 15 5 4 23 11 27 42 3 41 37 17 50 
20 25 32 43 59 22 23 46 52 4 8 34 64 58 41 11 28 50 54 27 5 33 1 35 16 56 2 62 13 36 40 42 60 24 38 6 51 63 19 10 45 7 18 48 14 39 37 57 9 49 29 44 30 47 3 17 12 31 53 55 15 21 26 61 
3 48 62 31 19 8 64 12 61 14 49 47 45 55 9 24 11 21 17 51 32 13 18 63 27 1 22 15 53 25 41 6 46 30 37 59 43 29 23 56 2 50 33 5 40 42 44 34 39 38 16 60 26 58 28 10 20 57 36 7 52 4 54 35 
42 18 10 14 61 44 15 35 31 23 19 20 13 3 51 60 29 57 48 2 34 53 40 64 49 59 37 11 12 54 7 52 26 32 5 27 58 45 25 33 17 16 22 41 46 4 56 30 21 6 1 62 55 36 50 63 9 39 24 43 47 8 38 28 
33 27 34 56 11 17 13 7 2 57 5 12 62 44 37 40 16 42 47 23 6 3 43 36 38 20 4 35 10 55 26 8 21 50 49 22 41 15 9 39 1 53 19 60 31 28 58 24 46 61 25 45 54 32 51 52 63 64 29 14 18 59 30 48 
57 16 37 63 45 24 5 53 33 36 17 32 29 56 18 30 4 14 20 59 38 58 9 15 61 47 39 28 64 50 21 60 54 62 12 11 48 44 2 13 51 3 27 8 55 26 52 6 7 31 35 41 22 42 34 43 23 46 19 1 10 49 40 25 
14 39 36 6 57 20 1 19 40 48 58 33 9 54 32 52 22 3 46 16 62 42 8 51 55 25 43 59 15 29 47 53 44 64 26 56 7 10 21 49 41 31 61 4 28 12 18 35 2 63 45 27 60 38 17 13 5 50 11 37 34 30 24 23 
53 58 23 25 29 64 7 9 15 8 37 14 21 41 39 26 17 45 30 49 4 28 59 6 5 34 48 52 18 33 27 31 3 51 55 13 2 32 11 38 57 46 60 42 16 50 24 40 44 54 22 12 61 62 36 35 56 20 10 47 63 1 43 19 
49 54 12 52 38 5 50 11 59 51 10 23 7 4 31 22 60 39 19 43 57 26 2 40 24 17 13 16 20 62 32 64 34 61 63 33 1 41 30 29 36 58 37 27 53 45 21 48 42 46 56 55 28 6 14 47 18 35 8 44 25 3 15 9 
48 30 3 34 27 63 17 59 36 29 56 19 60 57 45 38 15 11 13 9 20 55 7 37 12 41 54 61 21 6 49 46 58 18 47 39 40 35 43 22 10 14 51 23 52 5 1 44 31 53 32 50 8 4 24 25 42 62 28 33 2 16 64 26 
62 46 41 33 21 51 55 15 50 13 47 25 61 53 63 6 5 48 29 10 23 31 56 44 35 22 1 37 58 38 57 9 42 27 14 24 8 36 28 19 64 59 11 2 30 7 26 20 43 52 40 16 34 49 18 3 45 17 4 39 54 60 12 32 
32 43 13 60 8 35 45 22 11 44 27 49 28 46 12 20 38 25 24 64 33 18 34 21 50 2 42 7 36 23 63 26 53 4 57 5 62 48 31 16 19 56 54 47 3 29 17 9 37 1 10 39 58 41 30 15 52 14 55 40 6 51 61 59 
16 37 24 28 26 61 4 2 35 5 18 30 3 34 55 42 41 36 50 12 1 14 58 47 19 8 40 10 56 60 45 44 23 6 25 54 20 17 59 52 43 32 38 62 63 49 15 39 57 64 9 33 11 7 21 51 27 13 22 31 53 48 29 46 
18 40 44 42 56 10 31 47 16 43 24 1 2 17 62 64 61 53 52 35 63 32 54 27 3 30 51 4 14 28 11 39 50 45 60 15 37 9 46 12 13 55 25 6 8 22 34 33 26 48 23 19 5 20 29 59 38 21 7 57 58 36 41 49 
38 51 53 17 18 27 24 58 21 46 1 40 22 5 26 7 14 62 43 8 52 35 50 4 31 16 25 54 63 64 34 56 10 36 9 37 61 19 15 3 11 45 47 59 33 6 28 12 55 57 30 48 39 60 41 29 2 49 32 13 44 42 23 20 
21 35 30 22 14 19 33 39 44 15 45 10 47 38 25 56 31 54 42 1 3 2 28 26 23 11 36 18 55 59 60 57 12 20 46 64 53 16 49 32 24 41 50 61 51 34 43 27 58 7 4 63 40 52 13 5 8 29 6 48 37 9 62 17 
4 55 49 3 63 50 46 37 43 6 31 16 12 35 52 62 64 19 58 61 9 56 32 45 28 44 17 39 42 5 13 29 22 34 33 40 21 30 27 7 14 26 48 54 1 23 2 10 36 15 11 20 51 18 8 38 41 24 59 60 57 47 25 53 
60 42 2 32 13 9 54 43 29 58 61 57 11 30 36 39 27 63 10 17 22 20 15 16 47 40 12 24 6 3 48 7 28 14 59 41 38 51 44 23 55 21 56 18 25 8 64 49 62 37 53 46 45 33 19 50 1 4 31 5 26 34 35 52 
29 26 59 36 64 62 28 23 54 37 42 41 34 9 24 63 21 7 25 48 55 6 30 18 33 19 46 49 61 32 50 14 2 8 35 57 5 43 60 11 16 4 52 13 58 53 20 31 17 56 47 22 10 12 1 44 15 51 39 27 38 45 3 40 
34 52 47 41 6 25 61 40 48 17 3 50 18 8 64 51 49 33 37 13 46 36 12 59 2 58 20 53 35 22 10 1 4 55 42 62 45 39 24 26 60 30 44 29 5 15 57 38 23 27 28 43 9 16 32 31 7 19 54 56 11 63 21 14 
5 31 45 48 44 7 57 1 20 49 28 55 32 14 60 13 53 29 38 47 51 40 11 23 8 26 41 27 9 15 62 4 6 58 50 18 17 52 56 25 22 39 42 63 36 37 19 3 64 35 54 24 2 34 59 21 10 43 61 30 33 46 16 12 
15 10 56 12 16 11 8 20 23 2 59 27 19 33 4 53 34 24 41 60 39 44 5 57 21 38 30 45 43 51 52 37 29 1 31 48 13 54 47 63 7 62 40 17 9 35 32 46 25 42 49 14 3 61 26 6 64 36 58 50 55 22 28 18 
41 13 52 55 58 47 18 27 45 34 21 5 57 39 56 29 40 61 14 22 7 38 36 42 10 32 6 50 24 46 59 51 35 15 44 9 60 62 53 48 20 19 4 12 17 33 8 37 11 30 3 28 43 23 64 54 16 63 26 2 49 25 1 31 
46 6 9 39 35 54 34 29 60 53 16 51 41 28 8 14 19 13 15 58 18 50 33 20 7 61 27 23 31 48 36 5 49 17 21 26 56 12 1 40 25 43 3 57 10 62 30 47 45 59 24 4 63 37 38 2 22 32 52 11 64 55 42 44 
12 61 14 8 62 57 60 36 24 3 63 11 38 13 22 31 59 26 53 56 45 48 51 34 17 21 35 64 54 47 25 20 32 5 29 10 39 42 33 43 6 44 55 16 41 18 40 2 49 58 52 1 46 9 15 19 28 30 50 4 23 27 37 7 
23 15 33 51 40 31 10 42 18 1 44 46 36 47 20 4 35 17 55 11 27 52 21 41 9 53 58 22 3 30 28 49 63 25 6 2 54 37 7 64 50 38 24 39 32 13 45 61 16 5 60 26 48 29 62 14 57 12 34 59 56 43 19 8 
17 56 25 44 32 1 26 5 30 19 23 7 52 10 58 9 46 43 49 3 64 39 37 24 41 18 60 57 45 2 4 11 61 16 51 38 59 31 50 28 34 54 15 53 22 63 48 36 47 8 12 42 35 55 6 27 14 33 21 62 40 29 20 13 
19 63 20 45 48 2 16 4 64 32 40 61 27 25 49 55 62 28 6 30 54 12 29 10 56 37 26 44 52 8 43 38 18 11 58 14 22 3 13 41 35 51 59 1 60 31 23 42 34 39 21 7 36 50 57 33 53 15 9 24 5 17 46 47 
64 11 28 24 37 49 43 3 17 35 48 42 59 62 50 15 2 16 4 5 8 9 57 60 13 12 14 40 1 63 33 19 30 23 34 55 52 47 20 45 46 29 21 58 26 27 7 56 41 44 61 25 31 22 53 32 36 6 18 38 51 54 10 39 
7 59 50 21 22 30 53 38 37 26 54 43 6 12 2 33 32 23 31 63 44 47 25 1 62 55 34 29 39 42 16 15 27 57 24 19 46 4 8 36 9 5 64 28 11 52 49 14 56 40 17 51 13 10 20 18 61 58 48 45 35 41 60 3 
47 32 60 35 34 33 11 25 62 18 55 36 49 37 13 2 58 20 51 14 29 64 10 61 39 63 19 8 23 26 56 17 45 59 16 7 30 46 3 5 38 28 31 50 57 24 27 22 40 43 42 54 53 44 48 1 4 52 41 15 12 6 9 21 
27 7 57 15 46 14 6 63 1 47 9 29 10 26 34 48 43 35 56 38 16 41 52 22 53 62 21 5 25 40 3 61 17 37 13 51 44 23 12 50 4 20 8 30 19 59 42 11 33 60 55 36 32 64 39 45 49 18 2 54 28 31 58 24 
2 4 54 53 43 21 22 64 57 28 41 58 14 31 16 44 47 9 18 62 48 59 13 39 42 45 52 38 60 12 55 35 33 19 1 32 27 20 29 24 37 61 10 3 15 17 5 63 6 50 51 23 25 26 7 49 40 8 30 34 46 11 36 56 
40 3 17 37 30 56 38 26 8 45 4 64 35 42 21 59 33 15 1 28 19 34 23 55 54 36 31 32 47 7 51 50 62 22 10 25 49 60 18 6 44 2 58 14 12 16 41 13 52 9 5 61 29 46 11 24 39 53 20 63 43 57 48 27 
10 24 31 5 9 42 51 41 63 12 39 6 23 61 27 19 7 30 3 32 50 54 26 2 18 28 44 34 46 11 1 13 57 40 52 43 64 56 55 14 53 36 49 33 62 48 47 21 8 20 15 58 59 17 37 4 25 16 60 29 45 35 22 38 
61 20 19 13 28 36 29 48 53 52 60 3 25 51 54 17 6 5 44 4 11 24 63 46 22 49 10 2 33 14 15 58 47 42 41 8 9 26 38 21 32 34 35 45 43 40 39 55 12 18 31 30 16 56 27 57 62 1 23 64 7 50 59 37 
45 23 39 18 49 58 52 62 7 22 15 24 20 50 11 32 25 60 40 57 12 8 17 31 59 29 9 30 16 27 37 43 36 48 61 4 63 53 35 2 56 6 1 26 54 51 46 64 28 13 34 38 14 21 10 41 55 3 47 42 19 5 44 33 
59 8 16 1 55 12 44 50 38 33 43 56 30 40 46 5 36 37 27 42 53 21 45 49 57 24 64 20 48 4 6 41 39 28 54 58 15 11 34 31 29 52 7 25 18 60 9 23 35 19 62 3 47 63 2 22 51 26 17 61 14 32 13 10 
11 38 18 30 52 15 9 24 39 40 64 63 44 23 59 3 10 56 2 50 31 19 16 7 58 54 8 1 32 35 22 62 14 29 28 42 57 25 26 46 49 60 53 36 13 61 33 45 51 4 6 34 20 48 43 55 47 37 5 21 17 12 27 41 
28 57 64 26 3 53 39 17 56 7 35 60 43 22 33 41 55 6 12 34 58 63 47 52 25 50 61 42 51 24 46 45 15 38 62 20 4 49 10 8 5 48 16 37 21 30 14 1 29 32 44 18 19 27 54 40 59 9 13 36 31 23 2 11 
35 47 61 2 1 16 32 31 55 50 20 17 5 29 30 36 23 51 57 33 59 15 14 43 4 27 53 12 26 41 18 28 48 39 7 45 19 13 58 54 62 64 9 22 34 56 10 8 63 24 37 21 42 11 25 46 60 38 40 52 3 44 49 6 
25 41 63 46 36 45 40 8 13 27 6 62 51 49 10 12 3 44 22 24 35 37 60 5 11 23 33 48 2 21 39 47 52 43 56 34 32 1 61 59 26 17 28 31 29 19 55 4 50 14 7 57 38 15 9 64 30 42 16 58 20 18 53 54 
43 44 58 19 33 6 20 34 46 61 11 31 4 16 38 28 42 40 26 29 21 1 53 32 15 64 49 9 5 37 14 10 41 60 3 63 47 2 17 18 27 24 12 35 59 25 54 7 13 22 39 8 23 30 52 36 48 56 45 51 50 62 57 55 
22 62 7 23 42 37 12 60 58 24 26 54 48 18 14 47 8 41 9 25 17 4 27 30 40 31 56 13 29 34 20 55 51 21 11 50 16 5 36 44 3 63 2 46 38 57 6 52 1 10 33 35 49 59 45 53 43 28 64 19 61 39 32 15 
51 21 48 59 4 55 27 13 32 9 52 8 37 2 1 25 54 38 45 20 49 61 62 11 36 7 16 6 44 57 19 63 31 33 40 53 12 22 64 30 39 42 43 15 23 47 50 18 60 3 41 5 17 28 56 58 26 10 46 35 24 14 34 29 
56 50 5 54 10 29 14 49 42 21 34 53 15 19 57 45 39 18 28 36 13 46 64 48 43 3 38 60 30 52 17 59 55 9 27 23 24 6 37 35 40 11 32 20 44 41 51 58 61 26 2 47 12 31 16 62 33 22 25 8 1 7 63 4 
31 28 22 11 60 26 48 44 34 38 46 4 33 52 29 49 57 27 35 18 41 45 6 54 64 42 59 36 40 56 53 23 1 63 32 17 10 8 51 61 58 25 14 55 37 2 12 19 3 62 43 9 21 39 5 7 13 47 15 20 16 24 50 30 
24 33 1 47 2 13 59 10 19 16 30 21 63 20 35 61 26 32 64 37 25 29 55 38 48 51 62 46 49 39 12 3 5 7 4 28 34 18 54 9 31 8 57 11 50 43 53 60 27 45 58 15 6 40 42 56 17 23 44 41 36 52 14 22 
30 53 8 61 5 46 19 16 10 25 36 28 24 6 44 54 20 4 21 31 40 51 22 14 32 13 15 17 7 9 38 2 43 41 64 29 11 50 39 58 47 23 45 52 27 3 59 62 18 55 26 37 1 35 49 60 34 48 63 12 42 56 33 57 
36 14 6 7 23 4 58 56 9 60 62 39 40 15 17 50 12 34 63 46 43 5 48 13 37 33 47 55 27 45 61 54 20 35 2 49 42 21 57 53 30 1 26 64 24 44 22 16 38 41 59 32 52 19 31 28 29 25 3 18 8 10 11 51 
52 12 43 9 17 41 37 18 3 55 2 22 58 1 48 8 56 49 59 7 36 60 61 19 26 57 50 14 11 20 5 16 40 46 30 47 25 24 45 62 15 33 39 38 42 32 13 51 4 29 63 10 44 53 23 34 21 54 35 6 27 28 31 64 
55 64 35 29 15 3 21 51 47 59 14 45 42 32 5 27 1 2 62 53 10 11 44 17 6 43 24 41 22 31 8 34 56 26 36 16 23 33 52 37 54 18 63 7 20 46 4 28 30 25 48 13 50 57 61 12 19 60 38 49 9 40 39 58 
39 45 38 49 25 32 42 57 41 31 51 13 56 64 23 18 52 47 33 15 28 16 3 50 29 60 63 21 4 1 58 30 59 44 19 12 6 14 22 27 48 40 34 9 61 10 35 5 54 17 36 11 24 8 46 20 37 7 43 26 62 53 55 2 
50 34 27 62 20 40 63 54 12 11 53 37 26 43 7 57 30 58 8 39 24 23 42 9 52 10 18 19 28 44 35 25 13 3 15 31 55 38 48 60 21 49 17 56 6 36 29 41 14 47 64 2 33 51 22 16 32 5 1 46 59 61 4 45 
################proper############## 

 average_time = 27.108220 

 success runs = 1 

 total average iters = 800989.000000 
