Success!!! 
 
 max_col = 
 64 
 
 run_time = 
 32.473979 
 
 once iters = 
 1003540 
 
63 47 26 7 60 18 59 54 33 6 61 4 29 64 20 11 49 22 39 45 56 27 5 9 25 53 38 51 57 31 46 42 19 37 48 17 36 15 32 14 62 55 23 2 43 1 21 34 10 13 8 3 52 24 35 41 30 44 16 40 50 28 58 12 
8 51 37 21 39 48 11 52 55 24 9 40 30 44 28 14 35 64 33 38 2 7 16 15 20 41 3 63 17 49 47 12 5 13 23 60 29 27 62 56 42 10 6 19 46 4 36 53 22 34 57 50 1 61 58 43 54 18 31 25 32 26 45 59 
46 3 1 10 50 38 62 45 27 36 15 43 16 8 35 23 13 31 32 41 47 34 19 28 60 52 29 26 59 61 44 5 25 58 39 21 2 7 42 55 12 22 30 24 56 57 18 17 20 51 40 6 54 49 63 9 4 11 37 14 48 53 64 33 
56 29 4 16 15 30 5 61 25 50 18 48 17 41 3 58 20 42 36 44 14 43 6 53 22 54 39 21 62 45 34 32 9 10 8 52 57 40 59 1 47 31 13 49 7 35 37 33 11 12 23 38 64 26 46 28 24 55 51 27 2 19 60 63 
6 34 12 40 17 42 53 55 45 54 57 32 31 52 26 10 51 1 37 25 58 8 4 3 15 19 11 13 50 48 18 27 64 41 24 43 16 35 63 30 61 14 5 29 28 20 60 38 7 21 33 59 44 2 47 39 46 9 62 23 49 22 56 36 
23 31 25 36 19 28 43 44 49 22 7 63 1 59 21 56 50 30 48 10 54 62 12 18 8 14 55 33 6 24 2 58 20 11 38 53 3 46 45 51 15 9 39 41 40 64 16 26 29 27 37 17 4 32 60 42 52 47 57 35 61 5 13 34 
13 9 41 20 24 32 49 14 5 38 46 2 39 12 42 34 23 60 11 21 26 57 63 52 40 4 28 56 35 37 64 36 31 22 33 54 44 61 50 47 8 27 51 25 48 58 3 59 62 45 55 16 53 19 18 30 6 1 17 43 29 15 7 10 
57 22 58 64 27 2 35 33 51 62 19 13 53 60 37 47 61 59 17 40 55 29 24 46 7 9 1 43 16 10 23 30 4 49 12 18 26 28 6 34 32 45 44 52 50 11 63 54 15 36 14 31 56 25 5 48 3 41 21 38 39 20 8 42 
26 33 55 50 45 52 61 10 2 42 22 20 14 46 11 1 44 34 21 8 4 28 25 6 54 27 59 32 18 9 31 56 7 53 49 3 17 64 60 41 5 23 12 13 63 62 24 15 48 16 19 39 29 47 40 37 58 57 36 30 38 43 51 35 
58 38 11 6 23 4 14 28 53 30 60 36 50 27 52 12 24 41 42 1 37 49 62 29 63 21 64 3 61 17 26 48 16 54 18 40 35 34 2 15 31 51 7 39 47 19 44 46 59 20 9 10 57 43 55 8 33 45 56 32 5 13 22 25 
1 42 51 24 43 20 57 21 64 39 38 35 54 48 6 16 60 12 46 11 59 30 47 56 44 58 45 19 34 40 62 22 8 33 13 32 31 55 14 25 52 36 41 10 49 9 61 3 53 28 18 63 15 5 4 23 50 27 29 2 7 37 17 26 
49 37 44 32 59 36 60 46 23 4 8 28 25 19 41 62 10 50 54 27 39 33 51 35 16 15 43 30 13 7 38 1 45 24 47 22 5 63 52 9 34 56 18 20 14 40 29 57 2 61 26 42 58 11 12 17 21 31 6 55 64 3 48 53 
62 19 47 31 5 8 40 12 58 10 49 55 45 56 7 3 22 15 18 13 32 61 17 63 14 37 57 6 53 46 25 2 36 39 28 59 43 29 23 26 1 50 64 48 21 42 33 11 38 24 44 60 51 30 27 35 20 34 41 9 52 4 54 16 
18 41 30 13 9 3 15 35 31 63 26 57 43 32 51 44 7 14 5 48 45 53 40 64 49 29 23 11 42 36 4 52 58 20 37 27 12 38 10 61 59 16 22 54 2 55 17 25 21 56 1 62 6 33 50 34 60 39 24 19 47 8 46 28 
54 27 34 56 48 17 39 7 47 13 5 29 9 24 40 21 2 58 16 23 31 3 43 26 33 20 41 35 10 55 8 50 51 1 11 19 62 6 4 57 60 53 37 32 45 28 38 30 64 14 25 36 22 46 49 52 12 59 44 15 42 63 18 61 
29 64 2 63 53 16 25 22 34 17 33 59 18 61 15 37 9 52 20 19 38 55 57 36 5 47 24 28 39 51 12 60 30 50 46 56 48 44 21 42 27 58 43 8 4 26 35 6 31 7 3 41 13 45 32 54 11 23 14 1 10 49 40 62 
39 18 36 8 4 22 1 19 12 31 58 33 56 51 32 30 3 28 10 43 62 42 60 44 21 25 27 59 15 29 53 20 47 64 2 9 34 52 40 16 41 6 61 46 55 7 26 35 63 57 45 14 17 38 11 13 5 50 49 37 54 48 24 23 
53 32 43 17 29 5 7 9 54 60 47 14 21 11 39 36 63 45 30 57 64 16 59 55 34 33 48 37 1 28 41 8 3 27 62 26 58 23 15 49 18 42 38 31 25 13 4 40 24 50 51 12 61 20 44 2 56 10 35 22 46 6 52 19 
34 54 40 57 38 45 52 11 46 20 10 18 7 49 63 22 31 53 19 6 61 37 2 51 24 17 13 16 58 47 32 39 1 56 55 30 50 41 25 29 28 21 3 60 12 43 14 48 42 35 5 4 23 64 8 27 62 26 59 44 33 36 15 9 
48 49 16 14 12 10 58 37 50 29 28 19 15 34 38 55 4 8 40 56 20 24 7 27 2 5 54 61 31 6 63 46 32 18 45 33 13 21 35 22 17 47 52 23 51 59 57 44 60 30 36 26 43 9 62 3 25 64 11 42 1 41 53 39 
44 46 6 33 25 51 55 15 61 59 53 1 3 62 13 41 5 48 29 26 9 23 50 38 35 22 18 10 43 64 57 49 42 28 14 24 8 36 7 19 63 2 11 27 30 37 39 20 56 52 31 58 47 54 21 16 40 32 4 17 34 60 12 45 
50 56 13 60 31 35 3 47 6 44 27 16 5 4 2 43 32 39 25 46 33 18 34 21 12 7 42 23 36 26 52 9 53 63 57 11 38 48 17 59 19 62 54 45 29 24 64 58 37 1 49 40 10 41 22 15 51 14 55 28 20 30 61 8 
59 30 24 28 26 41 64 2 48 35 37 42 8 23 57 52 17 36 13 12 1 14 58 22 19 11 40 62 38 60 45 51 54 61 44 39 10 5 20 4 50 32 15 16 53 49 56 9 6 55 29 33 46 7 34 25 27 21 18 31 63 47 43 3 
61 20 42 23 63 27 21 62 40 25 24 45 26 17 9 64 41 47 52 35 11 15 54 49 50 30 44 4 14 56 55 3 12 43 60 51 37 31 46 6 33 1 36 5 10 22 34 8 28 48 39 18 32 53 19 59 38 16 7 57 58 29 2 13 
32 36 53 12 13 63 10 58 44 46 55 52 27 5 18 7 14 62 43 49 24 21 8 57 31 16 25 54 20 34 56 33 50 3 9 15 61 17 48 38 35 11 40 59 37 6 28 22 51 19 30 1 39 60 41 29 2 4 45 47 26 42 23 64 
40 35 5 22 42 19 18 39 63 15 45 10 47 38 54 6 11 44 56 55 3 2 26 1 23 50 61 36 8 59 58 53 46 57 64 29 25 16 49 12 24 41 21 33 60 34 43 51 14 62 4 48 7 28 13 32 37 20 27 52 30 9 31 17 
7 55 49 47 16 61 46 59 56 57 31 62 12 3 53 39 28 19 58 17 42 20 32 45 18 44 51 14 64 5 13 43 22 34 52 4 21 30 27 60 54 26 48 1 8 23 2 10 36 15 11 9 35 50 37 38 41 24 25 29 40 33 63 6 
33 17 56 38 30 64 54 43 11 21 1 8 28 58 19 26 40 4 31 39 22 35 27 37 3 6 12 24 9 15 48 7 10 32 20 41 53 51 44 23 55 13 14 18 16 29 25 62 47 63 2 46 45 42 52 61 34 5 60 50 36 59 49 57 
14 57 21 15 2 60 51 23 29 37 42 41 64 9 43 35 34 7 50 47 5 54 30 48 52 28 17 49 45 32 1 55 13 36 19 6 33 26 24 11 4 61 46 63 58 53 20 31 12 25 59 27 18 40 10 44 22 56 39 3 8 16 62 38 
3 44 29 26 6 24 4 34 16 48 17 30 22 50 61 51 64 33 63 9 25 36 18 12 46 35 60 40 37 42 10 41 28 55 1 62 59 39 43 2 45 38 57 47 5 15 52 27 23 49 56 53 8 58 20 31 7 54 19 13 11 14 21 32 
9 25 31 48 28 50 41 1 20 49 59 34 32 14 60 24 53 13 38 52 51 6 29 23 27 2 22 47 63 62 11 4 37 45 56 5 40 18 58 8 64 39 42 7 36 30 19 12 17 33 54 57 3 16 26 21 10 43 61 46 44 55 35 15 
27 45 62 37 52 11 8 20 36 2 40 23 13 33 25 4 59 10 41 60 16 46 15 61 26 39 30 29 21 38 19 57 35 14 31 42 7 54 47 63 56 3 49 17 9 44 50 32 43 5 22 24 55 34 64 6 1 53 58 48 12 51 28 18 
24 13 52 4 18 47 30 42 35 34 48 12 57 39 56 53 45 54 14 64 27 38 36 40 17 32 6 50 60 21 59 29 49 15 51 55 41 62 11 7 20 33 16 58 26 10 22 37 5 8 43 28 9 1 3 46 23 61 2 63 19 25 44 31 
28 53 9 27 11 49 34 32 62 51 16 5 41 43 8 13 46 18 47 58 21 50 31 20 10 61 33 48 54 22 39 37 29 30 26 44 56 12 1 40 25 35 4 57 3 2 15 14 45 59 24 23 63 17 36 19 64 6 52 7 60 38 42 55 
12 61 14 19 62 57 36 8 24 33 54 11 63 45 22 17 29 26 53 2 6 48 9 32 56 23 7 1 30 25 20 47 59 5 3 10 39 60 31 43 51 44 55 38 64 18 40 42 49 58 13 34 21 52 15 4 28 35 50 16 41 27 37 46 
64 15 7 51 40 31 23 50 18 1 44 46 36 10 4 27 33 17 55 61 12 59 22 62 9 49 58 52 19 8 42 26 6 25 21 2 54 14 53 28 13 60 24 43 32 63 45 41 16 37 35 20 48 29 38 47 57 3 34 39 56 11 5 30 
17 60 46 44 22 54 26 25 30 19 23 7 52 29 58 9 42 43 15 3 13 56 1 10 41 18 35 57 5 2 51 11 34 16 63 38 45 37 61 32 53 48 47 28 59 50 49 36 27 39 12 64 31 55 6 33 14 40 8 62 4 21 20 24 
16 6 20 45 41 55 63 29 60 32 3 61 59 25 49 40 37 51 28 30 35 52 11 34 36 24 46 44 27 4 43 38 18 19 58 48 22 42 13 64 39 5 8 21 54 31 23 1 26 2 50 7 62 57 56 14 53 33 9 12 15 17 10 47 
21 10 3 58 37 1 2 48 28 14 50 47 38 42 64 15 19 16 4 5 8 39 49 60 13 62 31 12 55 63 40 45 24 23 35 57 52 9 33 20 46 29 34 6 17 27 7 56 41 44 61 25 30 22 53 11 18 36 32 59 51 54 26 43 
5 59 33 43 35 39 56 38 37 26 20 21 6 31 55 2 57 23 24 63 7 25 44 41 28 64 34 53 3 14 16 15 27 47 50 36 46 4 8 17 9 30 19 62 11 52 12 61 54 40 32 51 60 10 42 18 48 29 22 45 13 58 1 49 
47 24 60 61 46 33 22 40 52 18 12 9 10 37 62 63 58 20 51 59 29 64 38 16 43 45 5 8 23 1 14 6 44 4 54 7 30 32 56 39 11 28 31 50 35 3 27 49 55 53 42 2 41 13 48 36 15 19 26 34 17 57 25 21 
30 7 57 39 56 14 6 16 15 47 36 49 11 26 34 48 54 35 8 62 18 9 10 43 32 63 21 58 25 3 24 40 38 17 42 13 64 1 12 50 2 20 59 61 19 41 46 23 33 60 27 45 37 44 51 5 29 52 53 4 28 31 55 22 
2 4 54 9 58 43 31 26 1 55 21 44 46 40 16 59 47 57 61 34 48 45 13 33 42 51 19 38 41 50 28 35 62 60 53 14 27 11 29 24 37 52 10 12 15 17 5 63 32 64 20 22 25 3 7 49 39 8 30 6 18 23 36 56 
37 11 17 42 51 53 38 36 8 45 25 64 35 2 30 54 15 55 60 28 19 41 23 50 39 56 26 7 47 12 29 44 21 59 22 46 49 10 9 18 6 43 58 14 33 16 32 13 52 31 62 61 34 4 57 24 63 48 20 5 27 1 3 40 
10 5 19 35 32 12 50 41 17 3 39 6 4 7 27 42 30 56 1 14 63 22 21 2 53 31 52 34 46 16 49 13 57 40 36 61 28 20 55 45 48 54 25 44 62 38 47 24 8 18 15 43 59 23 29 26 9 58 33 60 37 64 11 51 
20 63 48 1 21 25 29 27 14 61 32 51 19 13 31 60 6 5 44 4 49 11 39 17 62 36 10 2 33 18 15 64 41 35 34 37 23 58 3 52 7 57 26 53 22 45 8 55 40 9 47 30 16 56 28 12 42 46 38 24 43 50 59 54 
15 23 59 18 49 34 28 13 38 53 41 24 20 57 50 29 25 40 7 32 52 12 3 31 55 60 9 22 11 27 37 61 33 48 43 8 63 19 26 5 36 4 56 51 42 39 30 64 58 6 46 54 14 21 17 1 45 62 47 10 35 2 16 44 
52 8 45 3 55 62 44 64 22 58 43 56 23 28 33 5 36 37 27 42 53 26 46 24 57 59 4 20 48 54 30 17 2 6 16 25 15 47 51 31 29 34 1 40 18 60 9 21 35 10 38 19 11 63 39 50 49 13 12 61 14 32 41 7 
11 40 50 30 8 7 33 24 57 12 64 26 44 63 59 28 55 2 34 16 41 19 52 42 58 38 15 25 32 35 22 62 60 29 10 1 14 3 18 46 49 17 53 36 13 61 31 45 9 4 6 56 20 48 43 51 47 37 54 21 23 39 27 5 
35 26 64 41 3 9 45 18 43 23 56 60 34 22 36 38 39 6 12 33 40 63 28 7 1 55 47 5 51 30 17 10 15 42 61 20 4 49 16 48 21 24 50 37 57 46 58 29 25 32 52 8 19 27 54 62 59 2 13 53 31 44 14 11 
4 62 61 2 44 58 32 31 39 5 29 17 51 55 24 20 56 27 23 50 43 10 14 47 37 48 53 64 7 41 36 28 11 8 59 45 6 13 57 54 16 19 9 22 34 25 1 18 46 26 60 21 42 15 30 63 35 38 40 49 3 12 33 52 
51 16 63 46 36 23 17 60 7 27 6 15 62 21 1 19 48 9 35 24 57 44 37 5 4 40 49 45 2 13 54 31 52 38 25 34 32 43 41 58 26 59 28 11 39 8 55 47 50 3 53 29 33 12 14 64 61 42 10 56 22 18 30 20 
42 28 38 55 34 6 20 57 4 40 11 31 61 16 46 50 18 49 26 29 15 13 53 58 59 8 14 9 12 33 3 19 17 62 5 63 47 2 30 21 23 64 27 35 41 56 54 52 39 22 7 44 36 37 24 10 43 60 48 51 25 45 32 1 
25 43 15 52 47 37 12 5 13 8 14 54 48 18 10 49 21 32 22 51 17 4 20 30 61 46 56 39 29 23 27 24 26 31 7 50 19 53 36 44 3 63 2 42 38 33 6 60 1 11 34 35 40 59 45 55 16 28 64 58 57 62 9 41 
19 21 39 59 1 56 27 53 32 9 52 3 37 35 47 25 8 38 45 54 60 31 61 11 6 43 16 42 44 57 50 63 55 12 40 64 51 22 28 33 10 15 62 30 20 14 48 7 13 23 41 5 49 18 2 58 26 17 46 36 24 34 4 29 
22 48 10 54 14 29 13 49 42 41 2 53 58 30 45 33 62 25 3 36 46 1 64 59 11 34 20 18 26 52 60 21 39 9 27 23 24 56 37 35 40 12 32 4 44 5 51 43 61 38 17 47 28 31 16 57 55 15 63 8 6 7 19 50 
31 2 22 11 54 26 48 6 21 56 35 27 33 47 29 57 43 63 49 18 44 17 45 4 64 42 62 15 40 53 9 23 61 51 32 58 1 8 5 36 14 25 60 34 52 12 41 19 3 46 10 55 38 39 59 7 13 30 28 20 16 24 50 37 
43 50 23 62 10 13 9 51 19 16 30 38 60 20 12 61 26 24 64 22 34 40 55 25 48 1 32 46 49 39 35 18 14 7 6 28 11 59 54 37 57 8 45 3 31 21 42 4 44 29 58 15 2 36 33 56 17 63 5 41 53 52 47 27 
38 1 18 53 20 46 19 3 10 43 34 58 24 6 44 32 16 61 9 31 50 51 41 54 45 13 36 17 52 11 21 14 48 26 30 49 60 33 39 62 22 7 63 15 27 47 59 2 57 42 28 37 5 35 25 40 8 12 23 64 55 56 29 4 
36 14 8 25 7 15 47 56 9 52 62 39 40 1 17 46 12 29 57 20 23 5 48 13 51 26 63 55 28 58 61 59 43 2 4 35 42 50 34 53 30 37 33 64 24 54 11 16 19 41 21 32 27 6 31 22 44 49 3 18 45 10 38 60 
45 12 32 34 33 44 37 17 3 28 4 22 2 15 48 8 27 11 59 7 30 60 35 19 38 57 50 31 56 20 5 16 40 46 41 47 9 24 64 10 58 49 29 55 1 51 13 39 18 43 63 52 26 62 23 53 36 25 42 54 21 61 6 14 
55 39 35 29 64 21 24 63 59 7 13 25 42 36 5 31 1 3 62 37 10 47 33 8 30 12 2 41 22 43 6 34 56 52 17 16 18 45 38 27 44 46 20 26 23 32 53 28 4 54 48 49 50 14 61 60 19 51 15 11 9 40 57 58 
60 58 28 49 57 59 42 30 41 64 51 50 55 53 23 18 52 21 6 15 36 32 56 14 47 3 37 27 4 19 33 54 63 44 29 12 20 25 22 13 38 40 35 9 61 48 10 5 34 17 16 11 24 8 1 45 31 7 43 26 62 46 39 2 
41 52 27 5 61 40 16 4 26 11 63 37 49 54 14 45 38 46 2 53 28 58 42 39 29 10 8 60 24 44 7 25 23 21 15 31 55 57 19 3 43 18 17 56 6 36 62 50 30 47 64 13 12 51 9 20 32 22 1 33 59 35 34 48 
################proper############## 

 average_time = 32.473979 

 success runs = 1 

 total average iters = 1003540.000000 
