Success!!! 
 
 max_col = 
 64 
 
 run_time = 
 10.652523 
 
 once iters = 
 200940 
 
63 45 55 62 5 18 31 60 50 16 46 13 23 40 26 49 54 59 28 57 9 34 21 44 43 33 17 51 11 8 25 2 64 30 32 53 22 1 52 36 14 47 24 12 20 29 41 6 48 7 35 27 56 19 37 3 61 10 39 58 15 38 42 4 
57 10 34 20 49 40 51 17 24 22 43 64 7 44 29 35 42 2 32 38 4 33 18 45 46 27 9 15 28 39 6 37 16 14 13 63 59 62 19 12 53 55 48 50 8 54 36 52 30 5 21 23 58 25 31 61 1 60 41 26 47 3 56 11 
21 41 44 48 4 37 24 23 27 15 30 9 56 25 12 2 53 22 6 13 10 35 50 26 20 36 64 3 29 47 38 63 45 60 57 31 11 17 58 42 19 62 28 18 34 43 61 7 8 39 16 59 46 1 55 54 52 49 51 33 5 32 14 40 
2 14 13 7 32 43 25 59 36 41 19 42 61 8 52 51 58 17 30 27 11 46 47 29 60 1 21 56 4 50 31 5 9 23 33 55 3 15 48 34 40 35 64 26 39 57 16 22 38 28 63 53 49 6 10 24 37 18 45 12 20 62 54 44 
19 52 12 29 28 61 39 9 1 3 33 21 38 59 62 63 5 51 31 15 41 36 56 55 16 32 7 45 57 54 35 53 44 24 49 40 10 47 26 50 23 58 27 13 4 30 37 17 14 20 60 34 43 42 18 11 25 22 48 46 6 64 8 2 
47 8 54 36 6 64 50 11 60 14 53 10 57 58 5 55 3 37 16 12 1 48 23 7 59 30 34 19 61 44 22 49 39 20 51 2 25 29 46 18 56 63 31 45 9 42 33 38 15 4 52 62 40 26 32 41 21 35 17 27 28 24 43 13 
56 58 3 46 16 35 38 1 28 39 6 20 31 45 47 11 64 40 62 24 43 49 25 52 23 48 14 26 18 55 42 12 8 4 54 37 27 21 61 41 15 10 5 51 32 60 2 59 44 9 13 33 22 17 36 29 53 7 30 34 63 50 57 19 
15 22 33 27 42 26 53 30 34 37 54 18 17 32 48 4 60 20 14 61 63 39 19 8 41 52 40 24 10 58 62 13 5 56 6 35 7 38 28 43 46 49 21 44 1 25 3 11 51 50 45 12 2 64 47 57 36 16 31 59 55 29 23 9 
55 49 53 61 30 32 2 44 47 1 58 51 21 20 16 6 56 57 18 52 50 38 42 12 5 8 33 29 46 3 17 14 27 37 40 39 34 9 43 63 35 24 60 11 48 4 31 26 62 22 64 25 41 7 54 10 19 23 15 36 45 59 13 28 
17 46 18 35 63 20 10 57 42 29 56 7 27 39 14 37 41 44 64 11 31 21 26 53 36 4 43 23 48 28 59 60 51 2 24 49 47 61 22 15 5 3 45 52 50 8 58 16 1 34 38 30 19 33 9 13 6 55 12 25 62 40 32 54 
11 59 42 19 7 38 62 8 30 26 45 43 13 36 34 31 40 48 25 51 24 63 35 5 57 6 58 47 22 52 2 27 32 54 12 1 41 56 4 21 9 64 10 61 55 49 29 28 3 15 14 60 23 50 39 44 16 17 33 20 37 18 53 46 
14 39 29 54 1 58 13 33 38 19 44 50 18 28 49 24 46 43 9 62 3 60 7 27 12 37 35 41 16 51 61 11 42 25 55 45 30 57 36 52 6 15 59 21 17 23 20 32 56 63 2 48 26 40 53 5 47 31 22 10 4 8 64 34 
51 25 36 26 24 16 23 48 15 55 17 35 4 46 2 22 59 14 47 45 29 10 1 37 38 20 62 54 40 49 9 34 3 53 28 8 50 64 33 60 13 30 19 56 44 39 12 63 6 61 18 31 42 52 21 32 58 11 43 5 27 57 7 41 
52 5 43 31 12 45 21 64 25 23 59 63 10 48 8 3 49 19 2 20 34 6 33 17 30 24 26 55 15 1 56 32 11 38 14 58 13 18 7 29 37 53 22 40 62 41 46 54 16 57 4 35 28 47 27 36 42 50 60 51 44 61 9 39 
6 40 56 28 3 34 47 4 9 62 60 5 12 57 41 53 39 55 61 32 30 15 54 22 10 31 25 50 42 7 13 64 59 16 17 20 48 19 44 23 51 43 14 36 2 33 18 27 49 8 58 37 11 46 29 45 35 26 1 63 24 21 38 52 
41 27 9 37 60 15 22 50 40 11 52 54 33 61 64 32 8 13 58 28 23 16 4 36 18 53 44 63 39 21 45 19 6 10 46 26 5 35 62 31 1 25 34 38 47 7 42 57 43 12 24 17 55 20 51 59 14 3 2 48 49 56 29 30 
37 29 23 63 36 50 18 25 43 6 57 11 52 16 53 13 47 45 24 5 56 1 38 9 62 51 39 59 31 26 54 58 7 42 64 4 49 10 3 2 55 28 17 15 46 44 32 21 41 30 27 19 34 8 40 14 48 12 20 60 61 33 35 22 
7 56 47 9 27 22 12 43 2 31 42 59 50 21 63 54 35 16 13 64 61 55 28 14 53 60 41 37 38 48 36 15 33 45 19 32 8 51 30 40 11 6 39 49 24 52 57 10 4 26 46 44 20 5 3 25 18 62 23 1 17 58 34 29 
54 61 8 6 62 53 19 51 64 46 7 28 3 14 35 15 22 52 43 34 59 18 30 23 4 13 20 2 27 32 12 40 1 29 36 17 21 31 41 25 48 42 33 16 5 37 26 60 57 58 10 24 45 9 11 63 50 47 56 44 38 39 49 55 
46 11 24 32 26 1 14 20 4 61 48 19 9 17 37 41 15 39 49 58 33 25 27 57 47 45 52 34 50 22 10 43 54 44 59 12 62 28 23 38 36 40 3 30 63 18 7 13 31 60 29 64 51 55 35 56 8 5 53 21 2 42 16 6 
16 30 57 10 2 49 48 58 44 34 20 23 45 33 36 29 21 32 19 7 53 3 62 31 17 63 5 8 1 25 28 18 43 47 26 60 56 37 39 55 12 27 9 35 61 14 51 50 52 13 15 42 6 54 22 38 40 24 64 4 11 46 41 59 
28 60 64 17 41 44 33 5 49 27 40 25 22 55 18 10 29 4 51 8 54 12 46 50 42 23 61 6 56 19 3 24 48 35 16 9 58 13 34 11 2 1 53 20 43 45 38 31 39 47 36 7 32 21 59 62 30 37 52 57 14 15 63 26 
35 15 45 13 31 55 34 38 5 24 8 39 62 1 51 26 6 42 60 36 2 11 37 40 64 29 49 44 33 30 46 21 61 63 20 50 52 14 53 57 58 22 56 54 41 47 59 4 23 43 17 16 12 48 28 18 3 19 7 9 10 25 27 32 
39 3 40 21 59 4 52 42 58 38 47 32 60 12 30 56 10 26 48 17 20 41 44 63 11 14 57 7 9 35 16 55 15 46 5 18 6 22 24 27 25 29 8 62 23 34 64 19 37 2 53 49 33 61 1 50 13 43 54 31 51 36 28 45 
42 20 25 18 40 24 44 6 45 7 62 17 41 50 13 38 2 9 37 3 35 43 10 51 31 61 56 49 60 34 11 23 53 5 1 14 16 4 29 8 57 32 58 27 30 64 48 36 26 54 28 55 59 22 33 12 46 63 21 39 19 52 15 47 
59 19 37 55 34 60 5 10 26 20 11 44 8 53 3 40 38 29 15 4 12 28 64 24 2 54 13 1 25 45 52 22 18 27 47 30 43 42 9 56 31 51 46 33 14 35 21 62 61 23 6 58 39 63 17 48 41 57 49 32 36 7 50 16 
13 32 46 52 50 30 28 63 55 57 14 22 2 9 61 1 25 60 42 53 62 17 34 47 27 35 51 64 44 38 48 29 36 19 37 3 23 12 54 59 20 41 16 39 40 6 4 15 45 49 56 5 24 11 7 21 33 8 10 43 18 31 26 58 
3 57 41 47 17 62 26 39 51 12 15 52 49 54 60 64 27 23 8 30 19 44 59 21 63 18 50 46 7 42 58 16 20 31 61 33 24 48 38 28 29 34 1 55 10 22 9 43 36 40 25 32 37 2 14 53 56 4 5 45 13 6 11 35 
43 33 2 58 15 54 61 14 39 56 21 30 24 4 23 48 32 63 36 55 16 7 6 49 28 57 10 5 62 9 26 8 41 13 50 11 45 60 25 46 42 18 47 37 59 12 53 44 35 19 1 29 52 3 64 31 17 38 34 22 40 27 51 20 
36 38 49 51 35 27 56 21 59 5 29 34 47 43 31 18 14 1 33 41 22 61 20 11 19 12 55 17 6 53 32 3 10 39 52 62 63 26 40 58 50 2 54 7 25 13 45 23 9 16 57 46 8 4 42 15 60 30 24 28 64 48 44 37 
22 4 48 1 9 8 16 45 6 35 32 46 19 42 33 58 13 54 52 31 40 50 5 18 21 15 47 39 36 37 14 59 34 55 2 57 64 44 51 7 28 11 49 17 26 24 63 56 27 38 43 20 10 60 41 30 23 25 29 62 12 53 61 3 
29 64 11 23 53 12 7 31 37 25 63 36 16 10 28 27 48 58 45 26 46 56 57 39 33 43 24 30 41 40 4 20 17 49 22 15 35 6 21 32 38 8 61 60 52 19 5 3 18 51 34 50 62 44 13 47 9 59 55 54 42 2 1 14 
9 31 32 16 33 28 40 56 8 53 61 4 59 64 39 44 20 10 50 46 60 24 15 62 34 58 54 22 35 14 47 45 23 18 27 19 26 36 2 5 7 21 29 63 11 3 30 55 25 6 37 41 38 49 48 1 51 13 57 17 43 12 52 42 
38 2 63 57 48 21 49 54 12 33 31 62 30 23 1 46 52 64 17 14 47 29 43 34 51 44 37 42 8 6 19 36 35 40 7 28 32 11 45 39 41 13 26 25 22 50 60 9 53 55 61 18 15 27 56 4 24 20 16 3 58 10 59 5 
62 1 19 53 29 17 15 7 11 9 10 47 55 60 38 20 44 36 35 63 37 13 61 30 25 56 18 28 2 43 39 46 22 41 31 59 12 58 49 14 34 57 6 48 45 32 8 42 5 64 3 51 50 24 16 52 4 40 26 23 33 54 21 27 
50 42 5 30 8 59 20 3 18 51 37 24 54 19 57 25 1 21 39 6 58 22 41 28 49 10 12 40 13 4 53 31 52 48 62 44 17 16 55 9 61 23 35 64 36 56 27 33 2 29 26 43 7 45 60 46 38 14 32 15 34 11 47 63 
45 24 10 39 58 13 60 18 35 43 41 15 48 34 56 52 9 5 3 25 49 26 53 42 61 7 27 16 32 11 64 50 38 21 4 29 51 63 20 6 59 17 12 14 31 2 62 40 47 33 19 54 57 28 23 22 55 46 8 37 30 44 36 1 
12 36 35 11 44 51 6 46 16 2 27 26 63 49 50 5 45 18 56 40 57 54 8 4 55 59 23 20 30 17 29 9 60 61 3 13 37 33 15 47 10 52 38 43 28 1 39 24 58 32 31 14 21 62 34 42 64 41 25 53 48 19 22 7 
34 26 61 25 64 14 43 52 17 58 22 45 29 7 21 42 16 27 59 23 55 32 31 38 24 3 15 60 5 41 33 48 30 50 8 46 57 54 56 1 49 4 37 53 19 51 44 47 12 11 40 10 36 13 63 20 2 6 28 18 35 9 39 62 
4 55 22 41 47 23 37 27 3 36 28 40 32 13 6 14 51 33 11 2 7 19 12 48 52 62 63 38 21 57 1 26 24 43 34 42 53 25 64 10 16 54 18 46 58 5 15 20 17 59 44 8 9 39 30 35 45 29 50 56 31 49 60 61 
60 28 31 8 38 7 57 62 20 44 3 33 34 27 25 59 4 56 54 19 5 58 39 43 45 41 1 48 17 46 37 42 14 12 15 23 2 53 35 16 18 9 51 47 21 26 13 64 40 52 49 6 29 30 24 55 11 61 63 50 32 22 10 36 
27 53 6 34 56 5 32 16 63 42 35 37 39 22 9 19 7 50 44 10 18 30 11 59 40 49 38 14 55 61 23 28 25 26 29 36 46 45 1 24 43 48 41 3 12 58 52 2 54 17 51 4 13 31 15 33 57 64 62 8 21 47 20 60 
33 37 39 24 11 36 45 15 13 21 1 12 43 26 55 47 28 25 29 42 48 51 2 16 9 34 60 10 54 31 20 52 4 32 18 6 40 49 57 64 62 38 63 8 7 17 56 35 50 3 5 22 14 58 61 27 44 53 19 41 59 30 46 23 
64 50 51 42 14 41 54 2 52 28 18 53 15 56 7 62 31 8 26 1 38 40 3 35 44 11 16 12 19 27 5 47 58 34 48 21 61 20 17 22 30 46 23 29 6 59 49 45 32 10 39 57 63 36 25 60 43 33 13 55 9 4 37 24 
18 63 20 3 13 9 55 22 23 54 16 8 11 51 58 30 24 46 34 47 17 27 49 60 32 25 53 35 59 62 50 4 28 52 10 5 44 41 31 37 39 14 36 57 33 61 19 1 42 21 48 2 64 56 43 7 15 45 6 40 29 26 12 38 
10 47 58 12 21 29 46 61 48 40 24 57 36 31 4 60 23 62 63 37 52 14 45 64 15 22 6 18 43 13 7 33 56 51 30 38 39 3 59 19 32 44 50 5 42 55 11 34 28 41 20 26 35 53 8 9 54 2 27 49 16 1 25 17 
23 17 1 4 52 19 30 40 32 49 2 29 14 38 45 61 36 15 57 33 6 20 9 41 39 26 3 58 64 63 21 51 55 8 60 43 54 50 11 13 22 31 25 24 27 16 10 53 34 62 59 47 44 12 46 37 5 42 35 7 56 28 48 18 
25 44 26 49 43 48 59 35 46 17 64 41 5 6 10 50 12 61 21 22 32 53 55 13 56 2 29 57 24 36 8 30 62 9 63 7 42 27 47 33 54 20 15 4 60 28 40 37 11 1 23 38 18 16 45 19 34 58 14 52 39 51 3 31 
1 34 21 15 37 47 11 55 7 32 13 48 58 35 42 12 33 49 20 44 36 64 52 46 14 17 4 25 53 5 41 62 19 28 45 16 9 59 10 3 63 26 57 2 51 38 54 18 22 31 8 56 30 43 6 39 29 27 40 61 23 60 24 50 
61 51 28 2 18 31 63 13 56 8 38 60 53 37 15 39 55 24 23 29 27 5 16 6 50 19 11 36 20 59 57 10 26 33 43 52 4 40 32 49 3 12 44 22 64 48 14 25 46 35 42 9 17 41 62 34 7 54 58 47 1 45 30 21 
48 62 17 60 57 46 64 12 61 45 49 27 40 11 19 34 26 31 38 50 39 2 58 15 8 28 30 13 47 18 63 56 37 6 35 54 36 5 14 51 24 33 42 9 53 10 1 41 7 44 55 21 3 29 52 23 20 32 59 16 22 43 4 25 
58 9 59 5 23 42 3 36 29 10 26 55 6 63 22 33 37 41 7 56 51 57 60 25 54 21 45 27 12 2 24 39 50 17 11 61 1 34 18 44 4 19 40 32 16 46 43 30 20 53 47 28 48 14 49 64 62 52 38 13 8 35 31 15 
53 6 7 45 25 33 8 19 41 18 4 16 46 30 43 17 63 11 22 54 28 9 14 3 37 40 42 52 49 29 55 35 13 58 38 47 60 2 12 48 21 50 62 31 56 20 23 61 59 24 32 1 27 15 57 51 39 36 44 64 26 34 5 10 
26 16 30 50 22 10 35 24 21 64 9 3 44 52 54 28 17 53 1 59 42 62 48 19 6 38 32 43 58 33 60 61 31 57 23 56 15 39 27 20 8 45 7 34 37 36 47 29 63 25 11 13 5 18 4 40 49 51 46 2 41 14 55 12 
49 43 38 40 20 52 4 41 14 47 51 31 1 5 59 57 61 30 12 35 21 8 13 32 22 16 48 9 34 23 44 7 46 64 53 25 29 24 63 62 60 39 55 6 15 27 17 58 19 36 50 45 54 10 26 2 28 56 42 11 3 37 18 33 
32 54 14 44 39 56 27 29 62 50 23 2 25 24 20 36 43 34 4 18 45 47 40 10 26 64 46 31 3 15 51 1 21 22 42 41 55 7 8 30 52 5 13 59 35 11 28 49 60 37 33 61 16 38 12 58 63 48 9 6 57 17 19 53 
20 23 60 64 45 3 1 37 10 48 55 14 51 15 17 21 18 12 46 39 44 59 32 54 58 47 22 11 26 56 40 6 29 7 9 34 19 52 50 61 33 16 4 41 49 62 35 5 24 27 30 63 53 57 38 8 31 28 36 42 25 13 2 43 
8 13 4 38 19 11 9 34 22 60 5 58 26 62 46 16 30 35 27 21 15 42 24 56 7 50 31 61 23 20 49 57 40 36 25 48 18 55 37 17 47 59 43 10 54 53 6 51 29 45 41 39 1 32 2 28 12 44 3 14 52 63 33 64 
24 18 52 56 61 6 58 49 54 63 39 38 20 2 27 43 19 3 41 9 25 23 22 33 29 42 28 32 14 12 30 44 47 62 21 10 31 46 16 4 26 36 11 1 13 15 50 8 64 48 7 40 60 51 5 17 59 34 37 35 53 55 45 57 
40 12 15 59 55 2 17 32 31 30 34 6 28 3 24 9 50 7 5 43 13 45 51 61 1 46 36 21 37 16 18 38 49 11 41 64 33 8 42 53 44 60 20 58 57 63 25 14 10 56 22 52 4 35 19 26 27 39 47 29 54 23 62 48 
31 7 27 43 10 63 29 26 53 59 25 49 37 47 44 23 62 28 40 48 64 4 36 20 13 39 8 33 52 60 15 41 57 1 58 24 38 30 6 35 45 56 2 42 18 21 22 12 55 14 54 3 61 34 50 16 32 9 11 19 46 5 17 51 
44 35 16 22 46 39 36 53 57 52 50 61 64 18 11 7 34 47 10 49 14 31 63 1 3 5 2 62 45 24 43 17 12 59 56 51 28 32 13 54 27 37 30 19 29 40 55 48 33 42 9 15 25 23 20 6 26 21 4 38 60 41 58 8 
5 48 50 33 54 57 41 47 19 13 12 56 42 29 40 45 11 38 53 16 8 52 17 2 35 55 59 4 51 10 34 25 63 15 44 27 14 23 60 26 64 61 32 28 3 9 24 39 21 46 62 36 31 37 58 43 22 1 18 30 7 20 6 49 
30 21 62 14 51 25 42 28 33 4 36 1 35 41 32 8 57 6 55 60 26 37 29 58 48 9 19 53 63 64 27 54 2 3 39 22 20 43 5 45 17 7 52 23 38 31 34 46 13 18 12 11 47 59 44 49 10 15 61 24 50 16 40 56 
################proper############## 

 average_time = 10.652523 

 success runs = 1 

 total average iters = 200940.000000 
