Success!!! 
 
 max_col = 
 64 
 
 run_time = 
 17.286180 
 
 once iters = 
 504519 
 
6 11 15 39 35 14 45 31 36 7 2 50 47 30 49 43 1 12 5 41 46 13 48 54 33 57 62 27 22 25 26 59 28 63 52 9 21 23 64 51 55 40 61 42 58 19 29 17 16 24 60 4 20 8 3 34 10 37 18 56 38 32 44 53 
46 29 9 62 34 63 50 17 10 38 52 51 1 45 21 13 2 8 64 33 55 44 42 23 37 5 7 19 54 49 43 32 3 12 11 57 25 26 48 20 24 56 30 27 4 31 41 59 6 18 47 61 14 36 53 39 58 28 15 40 16 35 22 60 
24 23 1 44 49 43 12 21 15 18 34 11 58 26 5 17 19 28 4 40 47 3 20 6 38 60 29 35 8 53 55 10 59 50 61 33 14 42 41 22 51 57 39 16 37 2 36 48 9 32 46 25 30 13 56 31 45 27 63 64 62 52 7 54 
60 54 36 55 27 47 10 53 35 39 33 56 63 23 22 62 32 25 58 30 7 43 37 34 1 14 45 51 50 17 61 13 16 31 29 8 19 15 24 40 28 26 5 20 38 18 52 12 41 44 64 21 2 49 57 48 59 42 9 3 4 11 6 46 
13 64 28 30 41 3 37 2 53 6 4 8 48 16 14 61 24 52 18 59 31 45 10 9 40 11 23 42 56 21 44 36 1 35 38 54 46 17 27 47 62 43 22 32 60 25 49 7 26 58 29 19 50 15 33 63 20 5 57 51 55 12 39 34 
33 16 32 58 61 52 18 19 64 20 42 44 59 25 57 54 14 22 17 26 63 49 62 35 41 34 6 30 46 12 47 39 53 10 2 55 4 7 56 60 50 1 9 45 11 3 13 15 38 40 51 5 28 23 37 27 21 36 43 31 24 48 29 8 
25 59 20 8 22 5 57 4 28 27 3 40 9 29 12 19 60 15 56 21 36 38 51 39 16 52 18 63 31 48 58 24 6 30 62 37 44 43 32 13 33 10 46 14 53 64 34 23 35 45 54 42 11 17 7 55 61 1 50 26 41 47 49 2 
38 48 56 26 7 42 40 51 41 46 37 55 24 31 60 32 11 57 50 29 16 27 53 61 20 3 15 4 2 28 9 64 5 34 58 49 36 45 39 18 54 8 6 47 21 44 35 63 22 59 1 12 52 62 10 43 25 14 17 23 33 30 13 19 
16 35 60 5 50 58 33 47 17 12 48 38 19 63 45 24 27 61 1 52 40 51 21 42 6 64 39 53 37 32 25 56 55 15 54 3 7 10 9 23 31 62 26 41 28 36 8 34 18 22 30 2 59 4 14 44 13 20 29 46 11 43 57 49 
1 10 41 54 2 28 32 14 46 8 40 15 62 49 30 9 33 18 35 64 57 29 13 60 55 50 38 11 34 3 52 48 47 56 17 26 31 16 36 44 43 22 19 24 6 39 4 42 63 25 7 37 5 20 61 51 27 53 21 12 45 59 58 23 
34 27 63 18 57 4 9 48 6 26 53 32 64 11 7 10 17 30 43 20 37 24 8 15 23 22 33 13 36 16 12 44 29 61 14 45 35 50 5 58 56 54 52 51 49 60 59 21 46 47 41 40 1 31 19 3 62 39 25 55 2 28 42 38 
3 46 30 64 45 40 7 38 39 2 43 27 56 1 29 18 23 9 59 55 53 16 32 47 21 4 19 49 26 60 57 61 25 62 13 22 6 51 20 42 12 14 58 50 17 37 15 5 11 36 34 8 54 10 24 28 52 48 35 33 63 44 31 41 
55 39 21 31 8 24 19 26 37 59 23 60 22 35 34 25 45 11 14 10 6 58 49 44 62 29 5 46 1 40 2 30 57 41 18 48 38 63 28 43 20 27 3 7 61 32 64 47 12 42 9 52 53 33 13 56 17 4 54 16 50 51 36 15 
11 17 13 12 36 15 49 37 50 44 20 57 33 42 54 16 7 62 22 56 19 2 28 41 14 58 35 31 45 51 8 43 4 24 60 21 53 46 59 52 40 63 29 48 23 9 25 30 27 55 32 38 39 26 6 64 34 47 1 10 3 18 5 61 
53 44 61 23 59 22 43 6 21 47 31 28 51 55 52 4 25 39 36 34 5 54 12 3 15 63 41 20 42 9 24 17 40 49 30 1 27 2 19 8 46 13 11 38 18 10 45 33 58 35 48 62 29 57 16 50 64 60 26 7 32 56 37 14 
62 20 52 51 29 25 56 42 58 41 13 36 14 3 61 5 31 48 26 38 4 63 46 50 28 7 47 59 27 10 54 18 34 33 12 39 11 32 37 64 1 55 2 35 44 57 16 53 17 60 23 15 43 45 49 21 30 9 6 24 22 19 8 40 
2 7 29 59 55 18 47 9 34 31 14 1 23 19 64 35 41 27 40 42 54 11 44 52 30 21 48 6 5 33 15 22 49 25 39 51 8 58 4 62 10 32 60 28 36 63 61 16 43 50 56 46 12 53 45 17 37 38 3 20 13 26 24 57 
35 26 54 4 10 8 46 36 25 63 55 37 40 12 6 22 53 50 49 47 20 17 33 19 42 43 32 45 51 56 13 27 14 57 23 38 61 31 52 28 3 34 48 39 64 30 5 1 24 29 15 7 41 9 44 60 11 2 58 59 18 62 21 16 
58 43 38 19 5 11 13 52 61 30 17 39 7 50 9 20 56 24 15 2 48 59 29 64 34 44 26 36 12 31 3 35 60 54 53 6 55 41 47 16 21 4 14 49 46 51 23 37 57 62 40 22 63 42 28 18 33 10 32 8 1 27 45 25 
41 15 12 16 40 1 34 25 44 21 28 29 2 48 51 58 37 13 31 35 45 46 7 4 24 38 17 57 63 52 53 50 18 3 36 11 10 64 22 59 27 6 8 26 43 42 62 9 47 19 20 49 33 32 23 61 5 30 56 54 14 39 60 55 
42 37 22 17 30 53 20 44 27 45 57 54 38 13 36 60 16 3 34 14 10 61 5 62 8 2 4 23 41 58 46 25 43 29 50 32 24 9 35 12 18 15 33 52 7 56 47 55 21 1 31 26 48 11 39 59 19 6 64 63 40 49 28 51 
48 50 62 28 31 49 6 39 3 42 24 10 32 4 56 52 55 23 63 8 26 36 43 18 59 20 40 1 60 19 16 11 44 21 45 27 17 37 30 33 57 53 12 25 2 29 22 54 34 64 5 58 13 51 38 14 9 7 46 61 15 41 47 35 
27 61 51 45 21 23 14 64 8 5 26 41 11 33 46 53 6 38 28 32 58 1 60 57 18 10 49 39 9 47 37 62 56 7 34 19 15 48 13 63 44 35 20 40 50 59 31 24 3 30 2 54 36 25 55 16 29 43 12 22 42 4 17 52 
56 32 24 60 63 57 3 33 16 43 18 49 15 62 47 59 22 51 9 12 25 21 39 30 64 54 28 55 61 14 7 29 20 5 26 46 42 40 2 1 41 11 45 58 19 38 17 13 4 6 10 27 37 52 35 8 44 50 48 53 36 23 34 31 
7 62 37 14 3 33 60 12 31 15 49 16 20 52 63 21 4 6 44 54 42 39 36 28 27 32 57 41 17 46 10 26 23 51 47 64 58 19 61 25 29 48 53 22 9 45 24 35 5 8 13 30 34 38 59 11 50 55 40 2 56 1 18 43 
43 31 42 25 15 50 30 57 38 28 62 5 6 59 48 47 29 33 24 45 23 14 2 40 63 13 1 58 18 64 20 53 10 26 8 16 3 36 49 4 37 60 21 44 41 34 11 39 61 54 27 56 55 12 32 46 35 52 51 17 9 22 19 7 
21 6 46 35 4 20 22 58 29 13 36 17 54 24 23 51 50 47 57 15 41 25 56 16 43 19 31 62 33 37 49 12 52 55 5 28 48 30 44 53 7 42 59 63 1 8 32 3 39 2 45 64 9 18 40 26 38 11 34 27 61 60 14 10 
44 55 47 32 64 34 63 28 26 53 27 25 39 57 11 8 43 46 3 48 17 5 19 1 60 16 59 7 38 30 14 51 24 2 33 29 18 22 42 9 61 20 40 15 56 54 12 6 50 10 52 31 21 35 4 37 36 62 41 45 49 13 23 58 
59 1 19 52 9 61 48 29 55 60 44 22 46 18 33 12 51 34 8 53 30 62 26 13 50 42 11 54 6 5 45 28 35 40 27 63 39 21 7 56 64 2 38 10 31 49 43 36 14 17 16 23 15 41 47 58 24 25 20 4 57 3 32 37 
8 18 16 49 51 56 53 27 32 58 1 35 3 9 19 34 10 7 11 37 38 52 64 22 29 25 61 15 40 2 23 21 45 14 31 13 12 59 6 41 17 50 62 57 5 4 55 28 20 33 42 48 60 43 36 24 54 26 47 39 30 46 63 44 
40 5 10 41 17 36 2 13 45 14 56 4 43 64 42 30 63 58 60 61 59 18 55 32 9 35 24 3 39 8 34 52 38 11 37 15 50 20 54 57 47 23 16 19 25 27 46 26 62 28 22 51 49 44 1 7 6 21 53 29 12 31 48 33 
26 24 23 11 39 45 38 54 40 61 50 7 10 2 41 37 21 35 20 31 12 9 27 49 36 55 22 56 47 44 48 4 62 43 1 17 34 60 46 32 13 52 18 30 14 58 33 51 19 57 3 53 6 63 29 25 15 16 8 5 28 42 59 64 
19 8 25 24 33 29 16 62 20 36 9 21 35 60 13 11 44 1 7 57 61 23 22 26 53 12 34 50 15 59 4 2 41 17 32 40 64 27 43 5 49 58 42 6 48 52 54 46 51 31 63 45 18 28 30 10 55 56 37 38 47 14 3 39 
12 21 11 10 13 60 36 15 2 64 5 3 34 41 40 14 54 59 37 24 27 28 38 63 26 47 44 52 16 18 62 33 42 23 20 53 56 6 51 45 39 31 32 9 8 55 7 61 29 43 4 57 25 50 46 19 22 49 30 48 58 17 35 1 
50 56 55 37 48 27 61 18 22 62 10 45 8 39 26 57 12 49 47 17 29 53 9 51 31 23 42 21 43 24 19 58 54 28 46 35 30 3 1 14 60 33 25 4 34 11 40 20 7 5 36 13 38 16 64 15 41 63 59 32 44 2 52 6 
30 52 45 6 32 17 64 35 63 29 38 23 37 53 28 55 58 16 42 13 18 8 4 48 10 56 14 25 49 57 51 41 39 36 59 50 22 61 34 31 5 47 24 3 12 1 26 19 54 20 21 11 44 2 27 40 7 15 33 60 46 9 43 62 
63 14 4 57 46 26 42 1 33 16 19 59 49 27 18 31 15 32 6 5 35 56 41 10 61 28 8 22 48 13 40 55 12 58 25 7 9 47 11 38 30 44 64 53 29 23 2 43 60 52 17 39 3 37 34 62 51 54 24 21 20 45 50 36 
9 3 59 20 28 7 51 22 12 32 54 43 17 56 24 44 64 55 25 19 33 31 40 14 39 46 37 38 30 1 11 60 48 4 49 52 26 18 21 2 63 45 15 36 35 16 50 62 8 41 61 6 42 47 58 23 57 34 10 13 53 29 27 5 
54 40 5 43 23 31 58 49 47 52 15 30 42 6 1 48 46 60 39 36 11 50 34 2 17 45 3 32 20 7 27 63 37 19 57 62 33 44 8 29 22 41 10 21 51 13 14 38 53 56 59 35 24 55 26 9 12 64 61 28 25 16 4 18 
47 2 39 53 38 41 44 34 4 50 7 61 25 51 58 46 62 21 45 43 52 30 3 20 5 6 54 29 35 36 64 9 13 16 15 10 63 55 60 24 59 17 56 37 57 28 18 27 1 12 33 14 32 48 22 49 8 31 23 11 19 40 26 42 
23 30 17 29 6 46 5 55 43 37 45 2 13 14 3 56 52 41 53 16 64 57 50 36 11 51 21 61 32 22 38 47 31 42 9 4 49 8 40 34 35 28 44 33 26 12 58 10 25 39 19 18 7 24 48 54 63 59 62 1 60 15 20 27 
32 12 33 42 11 35 21 20 60 23 8 18 53 44 62 40 13 4 54 46 22 15 24 17 19 27 43 48 10 63 28 49 30 37 7 59 52 1 29 61 34 25 36 64 45 14 9 41 55 38 26 16 57 6 31 2 47 51 5 58 39 50 56 3 
37 63 8 34 1 62 39 41 54 33 32 20 5 22 10 29 48 26 61 51 9 47 45 43 7 24 60 40 57 42 31 14 58 44 16 12 28 11 15 6 38 46 55 17 3 53 56 18 64 13 49 59 27 21 50 30 2 35 52 19 23 36 25 4 
52 28 58 9 16 38 15 60 7 34 35 63 30 61 50 41 18 31 23 3 2 10 1 8 13 39 36 17 44 4 56 20 64 48 51 47 45 25 14 19 6 5 27 59 24 62 57 32 37 11 12 33 40 46 43 53 49 29 22 42 26 54 55 21 
64 4 44 13 43 51 25 3 24 49 11 12 31 21 59 36 40 19 38 27 34 42 14 29 58 26 53 5 55 6 30 15 2 32 35 60 20 57 62 50 16 7 37 54 52 47 39 22 45 23 8 1 61 56 63 41 18 46 28 9 48 10 33 17 
18 57 2 56 26 48 59 40 9 4 51 6 55 28 16 38 30 37 12 39 49 32 58 7 54 62 25 33 23 50 1 34 17 46 21 36 43 5 10 27 11 19 31 61 42 20 63 29 44 15 35 3 47 60 52 22 53 45 13 14 64 8 41 24 
31 47 53 61 14 19 27 45 48 1 64 42 57 17 39 26 5 63 21 25 28 33 11 59 46 8 9 18 52 29 35 16 22 13 24 56 41 54 55 3 23 30 49 43 15 50 60 2 10 51 58 36 4 34 62 20 40 12 44 37 6 7 38 32 
36 22 49 50 54 10 24 7 19 25 58 47 52 46 15 27 35 20 55 44 62 60 6 56 2 59 12 64 3 45 41 37 26 53 63 18 23 38 33 39 48 21 51 8 13 40 1 4 32 9 28 29 17 14 5 42 31 61 16 57 43 34 30 11 
5 25 26 46 19 54 8 10 18 24 41 64 12 7 43 6 3 53 13 50 14 20 15 45 35 30 2 47 28 27 17 40 36 22 4 61 60 62 23 49 52 37 34 1 33 21 38 31 59 48 39 55 58 29 42 57 16 32 11 44 51 63 9 56 
20 45 18 33 52 2 31 56 14 51 30 62 44 32 55 42 61 29 48 58 43 41 47 25 57 9 16 26 24 39 59 46 7 1 3 5 37 28 38 11 4 36 17 60 40 15 27 64 49 63 53 50 35 54 8 12 23 13 19 6 34 21 10 22 
17 53 48 36 60 59 28 63 1 22 47 31 61 58 25 23 26 44 19 62 51 4 16 21 32 49 56 10 7 43 18 45 50 27 55 14 57 52 12 35 8 29 41 13 39 46 30 11 33 34 37 24 64 40 9 6 42 3 2 15 5 38 54 20 
22 41 3 7 58 44 4 32 11 56 59 34 21 36 53 15 39 2 27 28 8 40 57 12 25 61 63 37 14 54 6 38 51 64 10 30 29 33 17 46 42 9 43 23 20 35 19 45 13 16 18 47 26 5 60 1 48 24 31 49 52 55 62 50 
57 9 64 15 37 13 11 61 52 19 39 33 60 38 20 3 49 17 30 23 24 35 63 5 51 1 50 34 21 55 29 42 8 47 41 43 32 53 58 48 26 16 7 12 54 22 6 56 31 14 62 44 10 27 2 45 4 40 36 18 59 25 46 28 
39 34 40 1 12 6 29 23 5 54 16 48 45 8 37 2 38 56 10 9 32 22 31 46 52 41 64 60 4 11 33 3 63 20 42 44 59 13 18 15 58 49 50 62 55 24 51 14 30 7 25 28 19 61 21 36 26 17 27 43 35 57 53 47 
14 42 27 38 47 55 62 30 49 17 46 26 28 40 35 50 34 54 52 7 1 37 18 11 22 48 13 12 58 23 36 19 9 39 6 25 16 24 31 21 53 59 63 2 10 5 44 57 56 4 43 20 51 3 15 32 60 33 45 41 8 64 61 29 
51 49 50 21 24 16 35 43 57 9 29 13 4 10 27 63 36 42 33 6 60 64 59 55 44 53 20 8 62 15 5 31 19 45 40 34 2 56 26 54 32 3 28 18 47 61 48 25 52 46 11 41 23 22 17 38 14 58 39 30 7 37 1 12 
15 51 34 40 53 32 54 24 62 48 21 46 50 47 8 7 20 64 2 63 3 55 30 27 56 17 58 44 59 41 39 5 61 52 43 31 13 12 45 37 14 38 4 29 22 33 28 49 36 26 57 60 16 19 18 35 1 23 42 25 10 6 11 9 
10 33 6 48 62 12 17 11 42 3 61 14 27 54 44 1 59 40 51 22 50 19 52 24 49 36 30 16 25 34 63 8 15 38 28 23 5 29 57 26 9 39 35 46 32 41 37 60 2 53 55 43 31 7 20 13 56 18 4 47 21 58 64 45 
29 36 57 63 18 37 55 8 59 11 6 52 26 20 38 39 42 45 46 1 44 7 25 33 12 31 27 9 13 61 50 23 32 60 19 2 47 14 3 10 15 64 54 56 62 43 53 40 48 21 24 34 22 58 51 4 28 41 49 35 17 5 16 30 
4 19 43 47 56 9 23 50 51 10 12 58 18 15 32 64 28 36 41 49 13 34 17 31 48 33 46 24 29 62 60 1 21 6 44 20 40 35 16 55 25 61 57 11 59 7 3 8 42 27 38 63 45 30 54 5 39 22 14 52 37 53 2 26 
49 58 7 3 20 21 52 59 30 57 25 19 29 5 31 45 47 10 62 60 56 6 35 38 4 18 51 28 53 26 32 54 11 9 22 41 1 39 63 36 2 24 23 34 16 48 42 44 40 37 14 17 46 64 12 33 43 8 55 50 27 61 15 13 
45 38 35 27 42 39 26 46 13 40 60 53 36 34 2 49 9 14 16 11 21 48 23 37 47 15 55 43 64 20 22 57 33 18 56 58 54 4 25 17 19 12 1 5 30 6 10 52 28 61 50 32 8 59 41 29 3 44 7 62 31 24 51 63 
28 60 14 22 25 30 1 16 56 55 63 9 41 43 17 33 8 5 29 4 15 12 61 53 45 37 52 2 19 35 42 6 46 59 64 24 51 49 50 7 36 18 13 31 27 26 21 58 23 3 44 10 62 39 11 47 32 57 38 34 54 20 40 48 
61 13 31 2 44 64 41 5 23 35 22 24 16 37 4 28 57 43 32 18 39 26 54 58 3 40 10 14 11 38 21 7 27 8 48 42 62 34 53 30 45 51 47 55 63 17 20 50 15 49 6 9 56 1 25 52 46 19 60 36 29 33 12 59 
################proper############## 

 average_time = 17.286180 

 success runs = 1 

 total average iters = 504519.000000 
