Success!!! 
 
 max_col = 
 64 
 
 run_time = 
 17.412362 
 
 once iters = 
 500331 
 
55 4 35 9 48 46 31 37 30 51 59 8 17 33 6 36 43 45 54 11 60 12 19 61 18 53 63 3 25 15 42 57 41 29 24 7 34 58 10 23 2 64 28 49 56 27 5 21 40 14 44 39 50 13 38 16 52 32 1 20 47 26 22 62 
3 54 14 21 25 29 34 24 11 26 45 61 58 40 43 62 46 23 1 2 27 28 49 32 39 20 60 38 5 48 13 37 6 44 19 59 51 52 9 36 8 10 33 30 7 16 31 63 47 41 57 15 56 53 42 22 4 18 12 35 64 55 50 17 
57 15 43 13 44 39 16 61 21 56 54 42 32 28 47 12 53 51 48 20 18 8 26 55 1 19 41 31 7 34 2 64 22 27 49 35 17 50 33 62 6 38 59 37 52 4 60 24 10 9 5 46 3 36 29 58 40 45 25 63 23 30 11 14 
23 38 30 20 11 56 2 60 18 29 15 31 63 13 57 50 9 10 5 14 17 34 36 42 12 4 47 59 27 22 52 55 43 45 3 25 61 46 40 28 39 53 44 58 48 41 26 1 7 35 33 32 62 49 64 21 24 6 37 16 54 19 51 8 
7 64 45 52 26 36 1 40 41 49 46 20 19 24 37 25 38 50 63 21 3 56 30 22 35 62 6 58 29 54 32 8 60 39 14 53 16 5 57 15 13 9 55 47 18 43 17 51 2 4 12 61 48 11 59 23 27 31 42 28 34 10 33 44 
58 10 18 41 50 22 42 17 38 55 2 35 53 4 34 23 59 52 6 64 39 57 33 7 46 44 9 43 11 36 28 16 47 12 54 21 63 31 32 37 62 14 45 25 40 19 20 3 8 26 1 24 51 30 60 27 15 29 13 49 61 5 56 48 
19 63 33 5 47 6 32 59 48 27 7 14 64 1 44 60 40 58 29 62 41 25 37 16 21 30 10 24 51 61 26 49 56 38 55 8 11 4 13 20 35 23 50 22 15 42 12 34 28 52 18 43 17 54 45 31 53 39 9 36 2 3 57 46 
62 51 28 49 12 53 8 27 52 10 16 9 39 3 5 22 35 4 47 44 31 24 15 13 56 23 45 17 40 33 14 50 64 1 48 2 26 42 18 30 54 36 61 11 57 46 32 29 63 19 34 37 25 20 6 55 21 41 7 38 59 58 60 43 
25 16 24 59 32 60 35 57 14 64 34 10 52 5 36 41 22 15 19 30 56 51 6 53 23 42 38 18 17 1 45 27 55 3 7 62 40 39 2 8 9 58 13 50 29 31 46 47 21 63 49 20 37 48 33 12 43 4 61 26 11 44 54 28 
51 42 7 14 6 31 41 8 12 22 24 45 30 20 9 46 47 2 44 39 43 1 28 57 16 63 64 49 54 50 37 40 10 26 11 23 36 53 4 19 48 32 60 21 62 17 25 33 29 18 61 59 35 55 13 5 38 27 3 15 52 56 58 34 
10 34 61 55 63 58 3 1 8 4 19 23 6 57 51 33 26 62 37 45 46 21 42 60 15 13 30 5 24 59 9 56 16 41 35 20 38 48 17 22 11 43 12 39 49 52 28 27 44 64 54 2 7 40 25 47 29 50 32 31 14 18 53 36 
47 26 17 64 56 21 5 50 54 40 18 39 2 15 49 29 11 35 8 38 16 63 7 27 53 3 14 4 31 6 48 60 59 58 28 61 25 43 46 52 42 44 30 24 10 37 22 55 62 32 19 41 57 34 51 36 33 1 20 9 12 23 45 13 
46 45 4 44 13 43 48 54 1 35 21 47 60 62 50 61 31 49 23 3 32 20 55 24 11 34 39 12 52 7 25 33 51 5 15 57 42 30 63 29 16 18 38 8 2 64 36 14 53 27 26 58 10 9 28 56 41 59 17 22 37 40 6 19 
12 11 62 37 19 15 36 49 7 3 31 56 27 42 48 16 52 18 9 41 13 61 34 50 29 8 58 46 2 10 43 28 1 33 32 64 54 24 44 6 20 4 53 40 26 35 57 59 22 45 23 60 38 14 30 17 5 55 63 47 25 39 21 51 
27 39 20 30 29 40 53 18 17 28 63 58 26 59 38 32 33 5 14 25 64 54 48 12 44 41 21 57 22 55 35 36 9 47 13 37 31 45 56 49 34 19 7 23 3 51 61 6 43 50 4 11 15 42 1 52 62 8 2 24 60 16 46 10 
28 23 22 2 33 38 52 9 55 43 44 53 25 11 13 37 4 36 10 59 29 17 40 58 62 26 61 32 47 51 19 20 21 50 34 27 18 12 14 60 1 5 56 63 54 45 41 15 39 8 16 31 6 46 3 24 35 42 49 64 57 48 7 30 
43 36 6 51 53 3 22 30 35 48 8 7 28 29 33 39 62 25 20 42 49 32 18 52 2 64 24 9 13 19 60 46 37 23 21 11 5 41 12 61 14 56 1 34 27 26 54 4 59 10 31 38 16 58 17 57 50 15 47 55 40 45 44 63 
9 31 29 47 10 18 26 38 37 12 5 55 42 14 53 6 13 41 24 28 50 59 60 11 48 39 51 33 56 57 20 45 54 40 63 4 58 2 19 17 21 52 49 46 23 7 3 22 34 44 15 62 27 61 8 64 16 36 43 1 35 32 30 25 
61 2 58 60 14 16 11 15 36 46 22 32 59 63 17 27 6 19 21 54 4 10 57 8 7 18 35 30 43 31 1 44 62 53 25 34 52 20 50 13 12 45 40 5 24 38 29 39 56 3 47 28 49 41 55 48 64 9 26 23 51 33 37 42 
8 35 48 40 17 1 44 7 58 21 26 57 11 25 61 2 23 27 22 31 34 64 46 30 49 28 52 55 32 53 5 41 3 56 45 14 43 18 59 42 63 15 47 6 16 50 13 60 36 20 51 9 33 39 37 19 10 54 24 12 4 62 29 38 
50 62 63 57 49 52 13 34 16 47 60 44 20 18 1 10 29 38 56 26 5 53 9 33 40 37 23 11 15 4 12 54 30 28 36 55 64 6 24 27 43 41 48 19 17 8 51 25 32 46 2 42 14 35 21 45 39 22 58 7 3 31 61 59 
20 56 41 45 55 19 24 23 15 13 50 43 4 38 62 52 14 40 35 12 48 2 51 44 61 25 17 16 36 21 47 3 32 8 22 49 1 9 7 39 37 33 64 10 31 59 58 42 54 5 63 30 26 6 53 29 60 11 18 27 46 28 34 57 
4 25 37 32 64 5 59 46 24 9 49 54 45 41 31 40 55 63 36 1 58 3 16 39 38 22 34 14 8 42 27 10 26 51 47 15 57 29 60 33 61 28 18 62 35 30 44 2 11 7 43 12 23 50 52 13 56 21 48 17 19 53 20 6 
21 33 12 27 54 42 28 39 3 19 51 30 34 56 23 64 17 61 45 37 7 15 47 43 58 59 50 29 63 26 6 62 31 35 38 46 10 44 48 16 32 11 20 53 36 57 55 9 4 22 60 25 18 24 40 1 14 13 8 5 41 49 2 52 
52 22 5 34 2 20 27 6 61 31 41 13 10 54 16 53 56 37 25 17 19 44 23 26 8 55 12 47 46 3 58 43 49 7 9 60 50 28 36 38 4 48 39 35 64 63 24 30 42 40 59 29 1 57 62 51 11 14 45 32 18 21 15 33 
44 48 55 3 61 32 12 26 59 18 62 19 35 21 29 43 28 39 46 53 10 11 27 47 51 40 36 7 41 5 24 14 63 22 2 56 8 33 45 64 31 49 15 42 34 60 52 57 25 54 37 17 30 38 23 4 20 58 6 13 16 50 9 1 
1 8 36 10 58 41 18 25 4 44 32 22 56 23 15 45 5 64 2 33 38 6 31 49 13 60 42 37 62 27 50 11 12 20 17 30 39 21 35 57 3 40 51 16 55 9 43 61 14 48 24 63 52 47 7 34 19 28 54 59 53 46 26 29 
17 49 13 53 43 28 33 35 26 50 25 60 14 9 30 8 1 24 42 15 54 4 29 51 57 32 16 63 6 45 44 59 27 46 18 47 55 61 34 5 38 37 21 41 12 23 62 11 58 36 10 19 31 2 56 20 7 3 22 40 48 52 64 39 
63 46 57 38 45 30 7 56 2 37 39 36 48 47 40 20 32 43 50 16 55 52 12 14 22 10 25 15 21 9 29 17 4 59 23 19 53 26 62 44 27 54 6 18 58 28 1 13 64 61 3 49 60 33 41 11 8 35 51 42 31 34 5 24 
11 29 64 19 59 14 23 31 28 58 17 34 51 7 12 3 63 20 60 22 8 9 13 18 26 38 1 61 30 2 49 4 40 37 52 48 24 16 42 54 56 25 46 33 53 47 50 45 15 55 35 5 21 32 39 6 36 44 57 62 10 43 41 27 
24 9 50 42 4 37 15 47 27 5 38 63 55 46 64 11 57 48 59 58 62 40 21 34 52 54 53 35 19 23 33 39 13 31 41 51 6 3 1 25 29 26 32 7 14 36 10 20 16 28 45 8 22 44 18 43 49 60 56 61 30 17 12 2 
40 60 54 39 16 51 62 21 49 6 33 24 1 52 42 57 30 3 7 36 61 45 41 35 64 31 18 34 20 28 56 48 58 32 29 43 15 14 11 10 17 8 2 44 22 5 59 19 9 13 53 50 12 27 46 26 55 47 4 25 63 38 23 37 
26 47 46 18 23 44 10 28 13 32 9 11 62 49 60 15 41 21 16 61 57 33 8 54 31 45 56 39 12 58 55 52 42 19 50 29 59 27 22 53 40 30 14 48 43 1 38 35 20 17 7 51 36 3 63 25 6 37 64 34 24 2 4 5 
30 53 39 31 41 13 43 64 40 54 56 46 23 48 2 58 18 1 28 52 26 38 22 25 5 57 4 19 42 14 16 47 33 34 37 24 9 8 15 7 50 20 11 61 63 6 45 49 55 59 21 10 32 62 27 60 17 12 29 3 44 51 36 35 
45 55 32 58 9 2 20 14 5 61 12 28 21 19 4 30 24 47 39 34 6 23 17 64 63 33 13 10 35 49 7 1 36 25 51 52 60 11 38 41 22 46 27 3 44 18 53 8 37 42 50 26 29 31 57 15 48 16 62 43 56 59 40 54 
35 21 25 12 34 63 19 29 39 42 27 1 7 51 3 44 45 53 31 46 36 49 50 48 59 9 22 60 37 17 38 30 2 43 10 26 32 55 20 47 23 24 62 4 13 15 56 16 41 11 40 6 54 64 5 8 58 57 14 52 33 61 28 18 
16 37 11 56 1 49 6 33 63 53 36 52 8 26 18 17 27 59 62 51 14 43 35 20 24 2 3 40 28 41 34 32 39 61 64 54 46 13 21 48 57 12 31 55 60 29 7 5 23 47 9 44 19 4 58 30 25 10 38 50 22 15 42 45 
59 3 27 48 40 24 60 52 34 57 43 25 22 50 20 38 42 9 15 63 44 55 10 29 6 36 8 62 61 46 53 26 5 4 30 18 12 17 49 56 51 47 54 64 19 58 21 37 33 16 14 13 28 45 2 35 32 7 31 11 1 41 39 23 
36 7 42 17 8 61 38 62 45 24 64 29 31 55 10 35 12 60 58 56 37 5 2 4 54 15 44 50 18 11 51 21 28 57 6 16 14 40 23 3 26 39 41 52 59 25 33 32 48 1 22 53 34 43 49 46 47 30 27 19 9 63 13 20 
22 5 15 54 57 50 4 51 6 16 47 59 33 37 41 14 7 32 30 19 11 13 3 40 43 48 20 27 23 29 64 25 44 62 1 45 35 63 58 31 36 42 9 17 28 2 34 10 61 39 38 52 24 56 12 18 26 46 60 21 55 8 49 53 
34 44 51 1 31 54 57 19 20 59 40 3 12 10 7 49 37 26 11 43 15 48 62 6 42 58 46 8 16 38 39 22 23 63 5 32 30 64 61 45 55 21 29 60 50 56 27 18 52 25 36 33 2 17 14 41 28 53 35 4 13 47 24 9 
53 28 8 23 46 26 55 12 44 34 14 48 5 39 22 51 64 17 3 50 45 41 63 9 25 7 40 20 60 18 4 29 52 2 33 6 27 10 47 1 30 62 19 13 61 32 15 36 35 49 42 21 11 37 24 38 31 56 59 54 43 57 16 58 
60 30 59 11 7 27 58 4 57 17 53 38 43 61 28 42 20 56 18 55 47 35 24 36 10 6 48 51 33 52 31 63 25 21 40 3 62 15 54 14 49 16 8 2 46 44 64 41 12 29 13 22 5 26 34 9 37 23 19 39 45 1 32 50 
37 17 38 25 52 45 47 42 31 15 6 41 46 64 56 19 10 30 32 29 21 16 54 59 28 1 27 36 49 35 61 2 11 9 43 12 13 60 51 58 24 57 34 20 33 40 39 23 50 53 8 4 55 63 44 7 18 62 5 14 26 22 48 3 
32 61 21 62 20 64 14 5 9 52 23 16 24 8 35 13 44 46 51 49 33 58 4 38 3 47 54 26 59 43 15 19 18 17 39 42 41 7 31 50 53 63 22 1 37 48 11 28 30 57 6 56 45 60 10 40 12 34 36 2 29 25 27 55 
18 13 40 16 24 9 29 2 50 63 30 26 36 58 32 55 39 22 34 60 25 19 53 28 41 17 11 23 45 64 57 12 8 48 4 44 56 35 37 59 5 3 52 38 51 14 47 7 31 15 62 27 61 1 43 54 42 20 33 46 49 6 10 21 
15 6 56 33 36 48 39 41 25 11 29 62 54 45 27 4 2 7 13 23 40 14 52 1 34 5 37 21 50 24 30 53 38 16 57 22 49 19 55 26 59 31 35 43 9 10 42 12 3 58 46 18 47 28 20 32 63 61 44 51 8 64 17 60 
49 43 3 50 35 10 63 22 47 60 37 33 18 2 21 1 8 31 12 57 42 27 61 5 32 14 55 56 9 44 62 13 34 24 53 28 20 36 29 46 58 6 26 45 25 54 4 17 19 51 64 23 39 16 48 59 30 40 52 41 7 11 38 15 
5 40 2 24 39 59 9 58 32 62 52 6 50 30 11 54 49 57 38 8 35 22 20 19 17 51 33 28 53 47 36 18 61 14 26 1 48 25 43 63 45 60 42 29 41 12 23 56 46 34 27 16 13 10 31 44 3 64 21 37 15 7 55 4 
48 52 34 22 18 62 56 10 42 25 4 40 13 31 14 28 61 6 43 5 63 39 1 45 19 21 26 54 57 12 46 7 17 15 16 38 3 37 41 35 47 55 36 51 30 24 9 44 60 23 58 64 53 29 11 49 59 2 50 33 20 27 8 32 
13 50 47 43 30 8 46 53 29 38 48 21 3 34 45 18 51 42 52 40 9 26 44 37 14 16 32 64 1 60 23 5 19 36 58 31 4 59 39 11 33 22 17 27 6 61 49 62 57 24 56 55 20 7 15 2 54 25 41 10 28 35 63 12 
64 12 60 28 27 23 21 36 46 20 58 51 16 43 24 5 3 34 55 10 2 31 59 17 4 61 62 42 48 13 11 35 7 18 44 33 22 49 8 40 15 50 25 14 38 39 63 26 45 30 32 47 41 19 54 37 9 52 53 57 6 29 1 56 
6 14 26 35 42 17 54 32 33 36 61 49 9 53 63 56 16 11 41 7 30 60 25 62 45 24 43 44 3 37 10 15 29 55 12 5 28 23 27 34 64 2 4 57 21 20 48 31 1 38 52 40 8 59 50 39 22 51 46 18 58 13 19 47 
31 41 16 29 15 7 37 63 23 8 10 64 47 44 55 59 54 33 27 24 53 18 32 46 30 49 2 6 58 39 40 34 20 42 56 50 21 57 52 9 19 1 3 28 5 13 35 43 51 12 25 48 4 22 36 14 61 38 11 45 17 60 62 26 
33 20 49 61 3 57 45 55 60 41 1 15 37 17 19 7 21 13 4 47 12 36 56 23 27 50 29 25 38 8 22 31 53 30 46 10 2 54 64 51 18 34 58 59 32 11 16 52 6 62 28 35 9 5 26 63 44 43 39 48 42 24 14 40 
38 1 19 4 51 11 25 44 22 2 35 12 57 27 39 26 58 29 64 48 28 50 14 15 20 52 59 41 55 56 63 9 24 60 62 13 45 47 6 32 10 7 37 54 8 53 40 46 18 33 17 3 43 21 61 42 23 49 34 30 5 36 31 16 
2 27 31 6 62 12 51 11 43 1 55 37 41 60 52 47 25 44 61 9 20 42 38 3 36 29 57 48 10 63 54 24 14 49 59 58 19 32 28 18 46 17 5 56 45 34 30 64 26 21 39 7 40 15 16 53 13 33 23 8 50 4 35 22 
39 19 53 46 28 34 17 3 51 30 42 18 44 22 54 31 15 16 40 35 23 47 64 56 33 11 7 13 14 32 21 58 50 52 60 9 29 38 26 12 25 27 57 36 20 49 2 48 5 43 55 1 63 8 4 61 45 24 10 6 62 37 59 41 
41 58 44 15 60 4 49 45 10 7 3 2 29 32 26 63 50 54 17 13 24 46 5 31 55 12 19 53 34 62 18 51 35 64 42 40 37 1 16 43 52 61 23 9 39 21 8 38 27 6 30 14 59 25 22 33 57 48 28 56 36 20 47 11 
54 57 23 63 21 35 61 20 56 33 13 5 15 12 25 9 19 14 53 6 59 29 39 2 50 27 28 22 26 16 41 38 46 11 8 36 44 62 3 4 60 51 24 31 1 55 18 40 49 37 48 45 64 52 47 10 34 17 30 58 32 42 43 7 
56 32 52 7 38 55 50 16 64 23 11 27 49 6 59 34 36 12 33 4 22 30 58 41 37 43 5 45 39 40 8 61 48 10 20 17 47 51 25 24 44 35 63 26 42 62 14 53 13 2 29 57 46 18 9 28 1 19 15 60 21 54 3 31 
29 24 9 26 22 33 40 43 62 45 20 4 61 35 8 48 34 55 49 18 1 7 11 21 60 46 15 52 44 30 59 6 57 54 27 39 23 56 5 2 28 13 10 32 47 3 37 58 17 31 41 36 42 12 19 50 51 63 16 53 38 14 25 64 
42 59 10 36 5 25 30 48 19 14 28 17 40 16 46 24 60 8 57 27 52 37 45 63 47 35 49 1 64 20 3 23 15 13 31 41 33 34 53 21 7 29 43 12 4 22 6 50 38 56 11 54 58 51 32 62 2 26 55 44 39 9 18 61 
14 18 1 8 37 47 64 13 53 39 57 50 38 36 58 21 48 28 26 32 51 62 43 10 9 56 31 2 4 25 17 42 45 6 61 63 7 22 30 55 41 59 16 15 11 33 19 54 24 60 20 34 44 23 35 3 46 5 40 29 27 12 52 49 
################proper############## 

 average_time = 17.412362 

 success runs = 1 

 total average iters = 500331.000000 
