Success!!! 
 
 max_col = 
 64 
 
 run_time = 
 23.804240 
 
 once iters = 
 701289 
 
17 6 14 39 2 21 23 34 41 18 43 1 57 53 47 30 25 5 55 4 37 11 54 60 10 59 62 48 63 3 42 7 51 50 13 26 9 56 16 38 27 44 24 15 35 32 40 46 64 58 19 31 8 36 33 12 29 45 22 20 28 61 52 49 
27 13 8 54 29 30 44 46 14 40 11 20 6 36 61 56 7 49 17 16 52 3 53 33 45 18 37 22 39 26 12 25 35 28 41 4 58 48 31 34 19 64 1 23 21 47 59 42 57 43 9 38 62 60 63 55 5 51 10 2 24 50 32 15 
52 63 47 55 45 19 42 33 54 27 9 21 35 62 31 8 43 34 2 29 41 10 22 32 15 57 51 30 11 61 50 23 18 24 7 14 36 60 46 39 28 12 25 53 49 56 26 16 48 1 3 59 4 13 5 20 6 38 37 64 58 40 17 44 
3 7 18 62 5 4 53 59 32 63 50 29 33 2 60 10 46 1 28 48 23 26 47 35 55 44 16 40 21 13 52 58 20 25 19 30 64 45 37 49 41 8 17 31 34 11 54 38 51 61 6 15 24 39 27 22 14 36 42 9 57 12 56 43 
56 15 49 35 25 31 48 38 19 64 51 44 22 13 26 39 30 27 42 40 12 24 61 59 9 34 14 20 54 60 28 4 11 62 32 63 43 52 10 47 3 36 18 45 57 5 58 6 37 50 17 53 2 29 16 23 7 21 41 8 33 55 1 46 
61 10 11 50 16 32 51 40 45 37 5 25 38 3 28 12 64 9 62 58 56 15 14 8 17 24 41 36 35 53 46 6 27 57 33 22 55 2 59 1 20 29 7 52 60 4 43 48 30 18 42 21 44 47 49 54 13 34 26 19 31 63 39 23 
43 12 24 9 64 20 26 41 23 58 46 17 16 48 15 49 19 36 45 18 57 6 63 39 8 1 27 33 29 32 38 31 54 42 3 21 5 53 44 61 13 51 10 22 50 37 55 2 52 56 28 34 35 7 40 14 59 62 25 11 47 4 60 30 
22 36 1 37 58 60 57 28 59 52 55 24 34 42 4 7 50 51 20 13 31 38 21 44 47 43 64 49 19 2 56 5 40 6 12 23 29 15 17 8 39 14 33 30 61 62 63 9 11 26 10 41 25 45 32 46 53 3 48 18 16 54 35 27 
42 4 63 41 23 62 7 24 38 6 22 12 43 61 10 29 9 35 13 54 17 47 39 14 2 49 53 25 34 57 58 30 19 40 11 16 45 1 28 52 32 50 8 3 44 60 37 5 59 31 20 48 56 55 15 27 21 64 46 33 51 18 36 26 
57 33 26 16 46 56 5 27 39 55 28 34 62 40 35 42 3 53 8 11 44 23 48 19 60 41 12 59 13 22 51 64 50 54 43 20 14 31 58 4 1 17 15 21 63 10 36 18 6 49 47 61 52 38 29 2 9 7 32 24 37 25 30 45 
21 53 12 47 1 52 19 22 13 33 30 58 17 51 41 24 10 18 26 5 29 63 59 7 40 32 11 31 6 16 3 45 37 35 55 60 34 39 61 15 43 49 9 20 64 25 14 4 46 28 8 50 57 42 36 62 54 27 23 48 56 44 2 38 
9 38 48 30 14 17 54 45 11 46 36 60 47 18 5 15 4 62 51 27 49 37 55 64 56 63 50 39 23 21 61 28 13 26 42 29 57 10 53 44 16 22 35 6 58 41 2 12 24 33 40 7 32 25 34 3 19 8 59 31 20 52 43 1 
44 39 3 8 13 2 18 6 9 20 48 59 52 49 63 19 45 30 58 31 28 1 25 40 36 5 38 42 47 14 43 27 62 41 23 12 24 21 32 22 46 56 34 11 33 55 7 51 53 60 16 37 64 54 10 26 17 4 29 50 61 57 15 35 
20 34 32 29 28 37 61 43 21 14 45 50 64 27 8 1 33 16 56 2 6 42 41 24 18 52 44 55 46 17 35 15 7 48 36 25 30 5 3 59 38 26 40 54 31 53 19 57 22 9 51 4 23 58 13 63 12 39 62 10 49 60 47 11 
31 35 25 58 55 59 64 36 26 3 37 2 56 4 57 32 15 60 52 43 38 50 12 46 24 54 20 10 1 9 7 62 33 49 47 6 8 63 51 17 30 23 27 48 13 61 29 28 18 21 45 39 19 44 14 11 16 22 40 53 34 41 42 5 
49 50 40 60 10 11 15 51 44 23 16 53 31 7 25 54 32 61 21 22 36 20 57 34 37 26 48 19 4 29 33 8 64 38 2 18 56 9 27 46 45 24 62 59 42 39 47 52 35 17 41 1 43 5 12 30 58 14 55 3 6 13 28 63 
50 8 51 53 63 39 31 10 64 26 56 19 2 23 34 60 36 25 49 3 21 54 7 13 41 11 6 29 42 30 20 47 58 22 35 9 37 12 45 40 24 62 32 27 52 43 61 33 5 46 4 57 59 15 38 28 1 17 44 16 55 48 14 18 
36 21 6 33 20 14 46 26 61 41 13 45 11 52 62 27 29 22 59 57 2 35 34 5 31 56 63 16 48 28 4 32 38 8 51 50 53 17 60 7 44 19 42 55 47 9 23 49 39 30 25 12 10 18 37 1 15 58 3 43 54 64 24 40 
28 19 4 34 48 49 29 18 12 35 40 47 30 55 16 37 27 38 53 24 46 32 50 31 39 64 57 3 58 52 8 44 61 63 59 10 26 25 14 6 15 5 22 36 56 13 17 1 60 23 43 62 54 41 11 45 42 20 33 51 7 2 21 9 
60 11 55 1 37 9 38 64 7 28 39 10 20 58 32 46 6 17 14 63 33 48 56 45 19 15 25 54 22 62 5 51 43 23 18 31 42 27 24 36 59 41 57 2 16 35 3 26 61 34 44 47 40 49 21 52 8 50 30 4 13 53 12 29 
12 25 62 23 17 57 56 44 43 59 31 15 51 29 33 48 18 26 16 42 55 30 1 11 61 38 49 27 36 40 2 14 5 47 64 54 4 41 21 19 34 37 20 8 39 7 6 63 9 53 50 58 13 32 3 24 22 60 45 52 35 10 46 28 
35 24 22 13 59 5 58 16 63 17 25 18 14 50 36 21 44 15 41 52 64 62 43 28 7 9 55 1 60 10 26 12 2 32 49 46 20 57 39 3 51 4 53 40 45 54 38 30 56 8 29 33 27 31 42 48 61 23 6 34 11 19 37 47 
45 27 42 15 52 41 40 32 3 8 38 6 24 44 54 4 47 39 9 19 10 61 51 20 43 23 33 53 18 37 59 13 34 55 30 56 28 29 1 48 11 21 14 58 12 46 60 50 16 35 64 2 7 22 17 36 49 26 57 63 25 62 5 31 
7 30 43 2 3 61 47 54 1 22 53 9 42 5 49 57 12 40 60 8 4 58 37 23 21 17 45 46 24 35 34 50 15 16 52 62 11 44 13 33 18 31 64 29 25 28 48 10 26 14 63 55 6 20 51 19 36 56 27 39 59 38 41 32 
4 20 9 12 62 36 50 31 53 39 58 49 21 11 38 52 55 41 6 44 19 18 5 27 57 3 26 45 8 59 63 48 22 30 24 13 35 23 2 37 64 15 28 43 14 17 25 40 32 29 54 16 33 51 56 60 10 1 34 46 42 47 7 61 
54 17 58 52 40 47 2 56 51 48 15 61 27 63 23 26 37 42 35 1 3 16 31 50 62 28 9 18 64 33 49 55 59 20 14 45 38 4 43 29 36 11 13 44 10 34 57 32 12 5 7 25 41 46 6 21 39 24 53 30 60 8 19 22 
38 14 28 18 43 33 6 13 50 10 54 46 29 16 24 40 39 59 23 12 25 34 52 21 53 7 42 51 44 5 30 60 17 9 62 1 61 47 8 41 31 48 2 26 3 22 35 55 27 20 37 19 49 4 57 58 45 32 56 36 63 15 11 64 
25 60 34 57 11 24 16 35 17 62 12 37 44 56 1 20 14 48 46 7 32 9 13 61 29 4 23 15 10 6 27 22 39 64 31 49 3 18 42 58 8 33 5 63 38 30 45 19 47 36 2 26 53 52 55 43 51 28 50 41 40 21 59 54 
19 61 15 26 27 1 21 42 25 31 35 22 5 47 3 6 8 64 36 62 53 40 58 57 52 2 34 24 12 43 32 11 60 51 28 55 33 54 7 56 4 59 16 49 23 50 46 41 63 39 38 44 45 10 30 18 37 48 14 13 9 20 29 17 
59 46 41 64 44 3 22 63 4 13 14 32 8 34 45 33 56 43 30 20 60 51 17 15 25 36 61 58 38 47 39 16 53 5 57 11 21 40 19 10 62 54 6 37 7 1 18 29 31 24 35 28 9 48 50 42 23 52 2 12 27 49 26 55 
5 51 45 49 30 53 55 29 28 2 7 43 19 59 9 18 38 63 10 47 54 33 11 22 50 37 40 56 14 41 17 21 46 12 27 48 6 26 36 32 42 39 58 61 20 24 52 60 3 64 15 23 34 8 1 13 25 44 4 35 62 31 16 57 
39 32 10 7 8 23 37 48 30 60 41 42 36 57 64 55 2 4 29 49 24 28 45 26 46 20 1 13 31 54 19 35 44 34 15 52 25 16 63 50 12 53 21 47 9 27 51 56 62 40 14 11 22 17 61 59 38 5 43 6 18 58 3 33 
24 31 27 63 9 22 36 25 57 11 17 5 59 12 20 35 26 46 1 23 39 56 44 30 58 48 52 64 32 50 15 54 28 53 4 43 47 34 38 16 21 2 60 19 8 3 49 37 40 13 61 51 18 14 45 33 41 6 7 55 10 29 62 42 
53 58 44 17 56 7 60 61 40 42 10 36 41 45 55 31 48 54 3 32 15 8 16 51 13 35 19 63 43 39 14 49 21 59 22 27 46 62 6 2 9 28 29 12 24 20 33 47 4 57 1 52 5 64 23 50 26 25 18 38 30 11 34 37 
10 37 2 38 32 46 59 8 33 21 29 64 61 28 39 53 24 45 19 17 62 57 60 47 3 55 4 11 27 34 23 40 30 13 63 58 1 49 26 14 25 52 41 18 5 31 50 43 20 7 56 42 48 12 54 6 35 16 9 15 44 51 22 36 
15 47 52 40 39 64 20 21 6 4 60 26 25 38 48 51 63 12 18 34 27 5 2 55 28 22 29 61 62 36 16 46 56 44 50 41 7 42 54 9 14 57 23 10 32 59 13 11 19 37 31 35 30 3 43 17 24 33 49 45 8 1 53 58 
33 55 35 11 18 34 4 3 8 56 62 23 50 1 43 13 52 7 40 14 22 49 6 58 5 30 24 38 41 45 47 53 31 61 37 57 32 64 29 25 63 16 51 42 36 15 44 54 28 2 26 9 60 21 39 10 27 59 20 17 19 46 48 12 
26 5 23 51 42 13 49 19 27 15 34 54 3 30 14 58 41 37 31 28 11 21 64 38 1 10 2 8 9 20 6 59 36 17 39 35 18 33 55 12 7 46 45 56 4 48 22 62 25 16 53 24 29 63 44 47 43 57 52 61 50 32 40 60 
6 57 29 28 50 45 12 14 49 47 24 16 32 46 18 22 61 10 43 35 9 13 33 4 44 42 7 60 37 51 25 17 52 3 5 15 19 8 48 20 53 40 38 1 30 26 39 27 34 11 58 36 55 62 59 41 56 63 54 21 64 23 31 2 
16 1 30 48 54 43 41 62 2 7 44 63 37 19 52 9 53 20 25 59 50 29 36 42 12 21 56 57 33 18 31 26 45 60 10 51 40 24 23 11 35 58 61 17 55 6 34 64 49 38 32 22 15 27 46 8 28 13 5 47 14 39 4 3 
62 45 21 42 19 58 8 1 46 49 64 30 39 24 11 44 54 6 7 56 43 17 9 2 26 47 60 32 51 23 53 36 16 31 48 3 13 22 5 28 61 27 59 35 18 38 15 20 41 10 52 63 50 40 4 37 57 55 12 25 29 14 33 34 
34 9 54 5 53 10 11 47 52 16 8 55 18 33 37 50 22 57 15 39 58 41 35 49 6 62 31 21 40 12 24 38 26 46 56 17 51 30 4 60 29 32 3 13 48 2 64 36 7 45 27 43 14 23 25 61 63 19 28 42 1 59 44 20 
14 23 60 56 49 38 63 4 48 57 59 35 26 21 51 41 40 24 47 10 45 27 28 16 22 25 39 17 30 1 44 20 9 15 29 8 2 36 50 42 52 43 55 62 19 58 12 7 33 6 34 5 46 11 18 31 64 37 61 54 32 3 13 53 
29 28 37 61 36 50 32 15 58 53 63 40 54 6 2 34 51 31 12 26 13 52 30 3 4 8 18 35 7 11 9 57 49 19 1 39 27 38 33 55 56 10 47 25 41 14 5 22 21 42 60 64 20 59 24 44 46 43 17 62 23 16 45 48 
48 52 59 22 31 25 43 12 29 1 42 13 23 9 27 38 60 21 32 61 20 14 4 18 34 50 3 5 28 19 64 63 47 7 53 24 44 37 62 35 33 30 54 46 17 16 11 45 55 51 39 8 26 56 58 57 40 41 15 49 2 36 10 6 
40 2 46 24 57 27 3 7 36 61 4 31 10 43 22 5 23 55 63 25 42 64 19 62 16 33 59 14 45 15 48 29 6 52 20 32 12 58 41 18 49 9 50 34 37 8 28 44 1 54 13 17 38 35 47 53 60 11 21 26 39 30 51 56 
18 41 17 20 26 6 13 30 47 19 32 62 60 14 7 3 59 33 44 37 5 53 29 48 42 46 43 52 56 58 55 61 25 10 45 64 63 11 34 54 57 1 39 51 40 21 31 23 15 12 22 49 36 28 2 16 50 9 35 27 4 24 38 8 
51 64 39 44 33 16 35 55 56 25 20 28 45 15 12 17 11 8 34 50 1 46 38 36 54 27 13 37 2 49 41 10 14 43 61 40 23 59 57 21 60 6 26 4 53 63 42 24 29 48 62 30 3 9 19 32 47 31 58 7 22 5 18 52 
8 56 50 43 35 40 17 57 16 34 18 39 1 10 19 45 21 58 64 30 26 2 32 41 51 13 5 44 3 25 37 9 63 36 46 59 48 28 11 27 54 47 12 7 29 42 62 31 23 15 55 14 61 24 52 38 33 49 60 22 53 6 20 4 
1 49 36 19 60 42 9 11 55 38 6 8 48 37 13 28 17 50 39 15 61 22 20 25 27 53 32 43 57 64 54 24 10 33 40 44 62 51 56 30 58 45 63 14 46 52 4 21 2 41 59 18 47 16 26 5 3 35 31 29 12 34 23 7 
41 3 7 6 51 54 10 5 31 36 23 11 15 20 21 61 62 44 37 46 47 4 27 1 38 60 35 28 59 42 18 52 57 29 34 53 22 50 64 13 17 55 43 16 2 49 24 8 58 19 12 40 63 33 48 9 32 30 39 56 26 45 25 14 
47 44 64 59 12 15 45 58 24 50 33 3 40 26 29 25 28 52 48 55 63 7 10 9 23 14 36 4 16 8 11 34 41 2 21 19 17 20 49 31 6 38 37 39 22 18 32 61 42 27 30 56 51 53 60 35 62 54 1 5 46 43 57 13 
63 18 38 46 22 26 14 39 60 9 49 4 53 32 56 59 31 23 11 33 35 19 24 29 20 12 47 62 55 48 40 2 42 1 6 37 15 61 25 45 50 13 30 5 51 36 41 34 17 3 57 54 28 43 8 7 52 10 64 44 21 27 58 16 
30 48 53 25 24 28 33 52 42 43 57 27 63 41 46 47 5 14 38 60 40 36 3 6 49 45 22 50 61 31 1 56 55 58 54 7 16 32 12 26 10 20 44 64 59 23 9 35 13 4 11 29 21 34 62 39 18 2 19 37 15 17 8 51 
2 16 20 31 61 29 27 37 62 30 52 7 58 22 44 14 34 13 54 51 8 59 18 12 63 19 15 6 17 46 21 33 4 39 38 5 60 43 35 23 48 3 56 28 26 57 53 25 45 32 36 10 1 50 64 49 11 42 47 40 41 9 55 24 
32 62 13 21 4 55 34 23 35 5 2 51 12 54 17 64 42 56 57 45 16 43 49 53 30 29 58 41 26 7 10 39 8 14 9 47 52 3 18 24 40 60 11 33 27 19 1 15 44 22 46 6 31 37 20 25 48 61 38 59 36 28 63 50 
23 54 31 32 47 44 62 9 10 45 61 33 46 64 50 63 49 11 22 41 7 25 26 17 59 51 8 34 20 4 36 42 24 21 60 2 39 13 30 53 37 18 48 57 43 40 27 58 14 52 5 3 12 1 35 29 55 15 16 28 38 56 6 19 
64 42 33 3 34 48 52 53 18 12 27 57 13 25 6 16 58 29 50 36 51 31 15 54 32 61 30 26 49 24 60 43 1 45 17 38 59 55 47 62 22 35 4 41 11 44 56 14 10 63 21 20 37 19 28 40 2 46 8 23 5 7 9 39 
13 22 56 4 41 51 28 2 15 29 1 14 49 31 53 11 20 19 33 38 59 44 46 10 48 58 21 9 52 55 45 37 32 18 16 42 50 35 40 64 5 63 36 60 54 12 8 17 43 25 23 27 39 6 7 34 30 47 24 57 3 26 61 62 
37 43 5 10 7 18 39 60 34 54 21 41 9 8 40 36 13 47 61 64 48 55 23 63 33 16 17 2 50 27 22 1 29 56 25 28 31 19 15 57 26 42 46 32 6 51 20 3 38 62 24 45 58 30 53 4 44 12 11 14 52 35 49 59 
11 26 19 36 21 35 30 49 37 44 47 38 28 39 59 62 16 32 24 53 18 45 40 56 14 31 46 12 15 63 57 3 23 27 8 34 41 6 20 5 2 7 52 9 1 33 10 13 54 55 48 60 17 61 22 64 4 29 51 58 43 42 50 25 
58 40 61 27 15 63 1 17 20 24 3 52 7 60 42 43 57 2 5 21 30 39 62 37 35 6 10 23 53 38 29 19 12 4 44 36 54 14 9 51 55 25 49 50 28 45 16 59 8 47 33 46 11 26 31 56 34 18 13 32 48 22 64 41 
46 59 16 14 6 12 24 50 5 51 19 48 55 17 58 2 35 28 4 9 34 60 8 52 64 39 54 47 25 56 13 18 3 11 26 33 10 7 22 43 23 61 31 38 62 29 30 53 36 44 49 32 42 57 41 15 20 40 63 1 45 37 27 21 
55 29 57 45 38 8 25 20 22 32 26 56 4 35 30 23 1 3 27 6 14 12 42 43 11 40 28 7 5 44 62 41 48 37 58 61 49 46 52 63 47 34 19 24 15 64 21 39 50 59 18 13 16 2 9 51 31 53 36 60 17 33 54 10 
################proper############## 

 average_time = 23.804240 

 success runs = 1 

 total average iters = 701289.000000 
