Success!!! 
 
 max_col = 
 64 
 
 run_time = 
 25.185168 
 
 once iters = 
 689145 
 
36 54 9 57 4 55 2 15 14 5 51 21 12 34 3 49 62 22 25 60 46 23 6 20 64 10 1 41 37 8 16 39 45 18 50 47 48 61 30 52 42 29 11 32 27 59 28 7 33 31 24 35 26 63 17 56 53 40 13 44 38 58 19 43 
50 29 14 5 28 22 62 60 48 16 41 18 47 58 44 53 43 56 38 37 36 2 4 21 40 32 17 45 24 25 57 15 35 33 19 59 13 26 46 55 1 54 30 52 39 61 51 8 64 9 27 11 12 20 23 42 49 63 3 7 10 34 6 31 
1 58 30 43 10 11 16 35 26 60 19 46 61 45 20 22 42 13 3 48 54 14 8 15 12 51 21 31 6 59 23 9 39 44 36 2 24 41 27 37 53 63 62 56 40 17 38 33 18 49 4 34 55 7 52 50 5 32 57 28 25 29 64 47 
24 8 47 6 51 20 49 45 36 23 38 43 11 59 39 10 33 9 7 27 58 64 34 40 13 35 30 50 29 54 19 52 32 63 56 42 25 17 1 21 31 14 5 3 22 44 4 18 62 53 37 57 2 48 61 28 16 46 15 60 26 41 12 55 
21 34 18 52 13 46 31 59 33 57 17 1 28 32 56 29 30 49 16 41 53 19 39 35 48 44 62 63 14 3 7 36 12 11 20 4 54 10 8 38 2 23 37 26 64 25 50 55 58 60 5 15 6 43 40 47 24 27 61 45 22 42 51 9 
40 42 39 41 25 33 7 19 50 54 63 6 30 4 15 55 12 11 52 17 31 44 28 5 53 46 27 61 20 38 47 26 62 14 29 64 43 58 60 49 36 48 34 13 16 24 57 9 8 45 32 3 21 51 10 22 35 23 1 59 56 18 2 37 
12 27 56 44 37 63 17 53 64 13 25 9 52 40 24 2 29 32 61 26 1 57 55 59 11 34 42 5 18 43 58 60 31 7 23 3 51 15 28 22 6 10 35 47 20 21 45 49 41 46 36 38 16 14 39 19 48 4 62 8 30 54 33 50 
23 26 3 32 61 48 64 38 8 27 7 42 62 31 37 35 47 45 50 63 51 18 10 24 56 28 4 22 55 33 49 2 5 53 6 34 57 9 16 40 58 12 60 43 46 15 41 19 44 1 29 25 59 30 13 54 39 14 20 36 17 21 11 52 
7 13 50 37 55 40 60 54 28 2 8 29 41 26 9 52 32 30 31 10 24 62 14 16 5 33 58 27 11 15 56 21 51 20 25 36 19 6 22 59 3 45 17 35 12 34 44 53 39 43 63 42 49 61 18 48 64 38 47 57 23 4 46 1 
11 10 32 30 36 17 57 47 24 61 53 63 25 43 34 27 45 5 37 12 59 40 49 58 44 52 55 35 3 19 50 4 1 31 9 38 15 62 18 60 33 22 21 46 14 6 56 64 26 23 8 51 28 2 29 20 54 16 41 42 48 39 7 13 
8 53 43 33 14 23 38 12 46 64 56 11 22 13 60 36 57 7 42 6 48 61 15 27 2 20 37 51 10 17 31 29 54 21 3 50 26 5 40 63 18 49 4 19 32 47 39 16 34 52 55 59 45 1 30 41 28 24 58 25 9 44 62 35 
15 4 64 63 2 56 1 42 40 30 3 49 19 38 45 37 46 29 23 25 9 51 26 33 62 57 36 18 28 53 14 54 44 47 8 16 10 39 41 7 60 61 55 5 43 48 20 52 32 24 35 13 27 58 21 12 50 22 59 34 6 11 31 17 
26 59 5 48 16 52 3 25 17 21 12 47 39 55 23 51 28 54 60 1 20 43 64 34 49 13 6 30 32 41 45 38 42 61 35 56 58 24 2 46 8 11 7 10 62 57 9 63 50 37 31 36 44 4 22 40 19 33 18 27 53 15 29 14 
18 28 29 61 19 35 34 31 16 14 50 10 48 44 6 58 17 3 53 4 11 36 63 8 59 9 47 24 22 46 39 23 55 45 64 12 52 49 43 30 13 41 54 1 38 42 27 37 57 25 15 56 62 33 60 7 2 5 21 20 51 32 26 40 
44 41 58 46 45 21 20 51 5 33 62 32 18 35 7 42 19 52 22 39 56 47 50 13 8 60 40 34 26 1 48 61 57 27 17 28 14 23 53 4 59 30 29 2 15 31 24 25 9 16 3 6 38 54 11 64 12 43 63 37 36 10 55 49 
6 62 24 49 39 27 22 9 57 31 4 59 15 54 1 20 44 2 21 35 55 38 18 41 16 42 25 12 43 7 63 64 37 32 11 29 34 33 48 13 40 50 58 28 23 26 36 51 46 17 53 47 19 5 14 10 61 3 56 52 60 8 45 30 
37 31 8 14 11 29 35 30 1 48 15 7 50 25 19 21 61 53 28 56 38 4 24 44 36 3 45 20 57 23 2 40 58 17 49 62 41 12 39 64 10 55 63 6 18 16 22 43 52 34 9 60 54 47 51 5 13 26 46 33 42 27 32 59 
54 7 2 26 44 57 27 62 13 38 24 37 60 22 42 40 20 39 43 19 10 63 1 30 51 4 18 55 25 29 35 41 3 46 45 14 16 52 6 5 56 34 15 64 28 12 23 21 31 58 50 32 8 49 33 59 36 17 48 47 11 9 53 61 
45 38 33 21 43 34 4 55 9 32 44 2 26 46 63 18 8 16 14 58 40 60 5 7 50 39 19 54 15 42 10 59 56 48 22 37 47 31 61 36 62 13 52 11 3 20 29 27 28 64 23 24 17 41 6 53 25 49 12 30 1 35 57 51 
47 5 10 15 6 24 48 63 62 28 33 53 23 12 55 39 59 25 29 64 49 54 17 36 22 30 61 32 52 56 13 14 50 57 44 8 11 34 21 42 51 46 1 7 45 9 37 41 19 26 16 40 3 35 38 27 18 58 31 43 4 60 20 2 
59 17 25 51 18 61 40 56 3 52 54 30 34 29 43 31 41 12 57 47 35 45 62 46 9 7 49 6 58 48 1 63 20 55 28 27 32 60 33 53 4 5 19 36 26 8 42 24 11 14 21 2 39 13 15 37 38 44 50 10 64 22 16 23 
3 49 53 20 22 60 39 1 27 45 16 41 58 61 4 47 50 6 34 13 23 15 37 55 17 31 12 28 64 11 33 8 10 19 51 43 2 54 9 26 14 25 59 30 35 38 32 44 48 36 18 63 42 57 46 62 56 7 40 29 5 52 21 24 
32 52 16 9 64 12 23 58 35 10 49 36 5 17 59 8 11 27 51 31 26 48 2 42 60 62 24 43 47 21 46 34 63 1 4 13 18 7 38 29 39 33 53 61 57 54 40 50 20 44 45 30 22 25 56 55 15 28 19 41 14 37 3 6 
42 50 28 36 46 19 41 13 20 51 11 64 6 14 57 56 18 21 33 32 52 3 22 9 26 53 16 37 27 44 38 5 40 30 15 25 59 35 23 24 48 17 47 49 2 60 31 58 7 29 12 4 61 10 1 43 63 54 8 39 62 55 34 45 
34 37 15 29 8 28 54 24 25 7 6 38 21 47 61 1 23 43 30 52 45 55 12 4 32 59 5 36 62 57 60 13 64 51 41 48 31 18 3 20 17 39 22 53 58 27 49 2 63 35 10 50 40 11 26 33 44 42 16 14 19 46 9 56 
60 3 48 31 23 1 10 44 52 63 55 20 40 5 28 54 14 62 39 24 17 42 59 53 18 43 35 16 9 50 11 56 8 22 47 45 49 29 13 25 38 37 6 12 51 19 30 15 2 21 61 7 46 27 57 34 32 36 4 64 33 26 58 41 
17 51 27 40 53 14 43 5 39 42 34 15 49 18 2 44 36 58 10 20 16 25 41 61 46 48 3 8 23 30 29 28 38 6 37 33 21 4 63 11 45 60 57 24 7 64 26 35 47 56 1 55 32 9 19 31 59 12 52 13 54 62 50 22 
57 46 6 58 32 2 59 52 11 17 35 50 33 36 27 64 37 48 18 21 15 8 56 26 4 14 53 7 54 49 22 31 30 40 39 23 28 19 42 44 47 9 20 29 61 63 16 10 25 12 62 45 13 24 41 38 43 55 34 1 3 51 60 5 
63 45 4 50 12 26 56 64 19 8 13 58 9 10 14 16 51 60 1 49 57 35 38 3 37 6 33 40 41 52 61 17 7 2 53 46 5 36 32 62 54 21 42 34 31 55 11 23 22 20 43 18 15 39 59 44 29 47 30 48 28 24 27 25 
38 9 20 55 41 16 25 7 53 43 57 62 37 23 22 24 13 19 11 50 44 32 46 28 10 58 63 26 2 47 21 42 34 35 14 1 61 59 12 27 5 56 8 33 36 40 3 48 60 54 51 64 29 52 4 30 31 45 6 18 15 17 49 39 
22 47 19 11 33 30 18 36 56 26 45 48 59 51 46 32 27 31 9 29 7 34 40 54 20 25 64 38 44 39 15 12 60 52 24 55 17 16 50 10 28 1 14 41 4 43 13 62 5 3 42 49 53 37 58 6 57 21 2 63 35 23 61 8 
39 61 62 35 21 42 13 49 30 41 60 12 29 3 31 4 22 63 64 5 33 6 47 2 19 45 51 1 34 55 24 27 15 9 26 54 56 43 58 57 25 32 44 50 52 18 59 46 17 8 28 23 14 16 48 36 10 37 38 11 20 7 40 53 
35 22 36 39 57 32 37 27 58 4 20 3 38 52 26 19 60 24 8 11 47 41 29 17 54 21 2 49 40 9 12 48 16 13 43 44 42 50 64 56 30 15 46 51 63 7 5 59 61 6 34 28 10 31 53 1 62 18 25 55 45 14 23 33 
5 63 17 18 24 13 26 14 47 59 21 61 10 9 36 28 48 57 27 33 42 50 43 22 39 16 15 64 8 45 52 1 53 23 30 32 40 11 29 51 12 6 3 62 60 4 34 38 35 19 54 46 58 56 55 25 7 31 49 2 41 20 37 44 
46 16 40 38 47 41 45 4 42 53 27 13 43 24 30 7 9 20 59 15 12 39 25 10 23 56 60 62 61 63 44 50 49 5 18 6 3 8 55 35 26 52 31 54 37 11 1 28 14 33 2 21 36 17 64 29 22 34 51 58 32 57 48 19 
64 55 21 54 42 50 51 34 15 56 23 8 17 62 41 5 7 18 49 16 19 1 36 52 25 37 31 33 38 35 27 11 28 59 63 22 45 48 20 47 29 2 61 39 24 53 58 14 12 13 57 43 30 44 32 26 40 9 60 3 46 6 4 10 
52 15 60 59 62 7 11 23 34 22 31 25 1 33 49 46 64 37 35 44 32 30 54 63 6 29 20 3 42 51 17 24 19 38 58 39 12 14 26 2 50 57 10 48 9 45 55 36 16 5 41 8 4 40 47 18 27 61 43 53 13 56 28 21 
28 1 44 19 58 10 12 48 55 29 2 54 51 37 50 6 40 38 5 14 21 56 31 62 47 26 34 57 53 36 32 18 46 4 61 15 33 25 7 41 27 20 16 23 42 13 43 17 3 59 60 52 9 22 45 49 11 8 35 24 63 30 39 64 
2 30 61 25 20 3 9 33 45 44 39 60 32 64 18 11 26 51 4 53 34 28 58 6 55 22 13 46 59 14 41 43 52 10 62 17 36 57 24 31 19 40 49 8 47 35 21 56 15 48 7 27 23 50 37 63 42 1 54 12 29 38 5 16 
53 56 49 8 31 43 6 29 12 40 48 35 63 57 16 14 3 61 55 46 2 13 23 45 7 5 10 4 30 58 28 19 21 34 1 60 9 27 37 54 22 18 64 44 33 41 25 32 24 38 39 20 51 62 42 11 52 59 26 50 47 36 17 15 
33 64 35 1 56 8 58 41 18 37 36 22 54 20 38 43 4 26 17 42 30 9 45 49 28 23 29 52 48 32 51 62 13 3 31 5 6 55 19 15 63 7 24 21 34 39 61 11 10 50 44 53 47 46 25 60 14 57 27 16 40 2 59 12 
20 14 26 10 30 45 47 46 49 19 64 51 3 15 48 34 2 44 32 23 61 27 35 12 57 11 56 59 16 13 8 58 41 42 7 9 63 22 62 33 55 53 43 4 50 29 6 31 21 18 40 5 1 28 36 24 17 39 37 54 52 25 38 60 
16 23 13 12 49 44 5 28 4 11 1 45 53 21 10 33 58 41 40 34 6 46 52 29 14 63 50 60 39 26 42 22 27 8 48 51 35 32 54 43 15 64 25 38 30 2 18 47 56 57 17 37 7 59 20 9 55 62 36 19 61 31 24 3 
43 40 52 42 48 4 36 39 32 24 26 44 35 27 25 17 31 55 20 8 60 11 3 19 33 15 38 10 5 64 6 7 29 49 21 57 53 37 14 50 23 28 12 9 59 62 46 13 54 41 22 16 63 34 2 61 30 51 45 56 18 47 1 58 
25 2 31 60 38 54 21 11 59 58 61 14 8 7 52 13 53 64 15 57 37 24 51 18 3 12 9 47 4 40 20 49 26 39 10 30 1 56 36 34 41 35 33 16 17 22 48 45 55 42 6 62 43 19 27 23 46 29 28 5 50 63 44 32 
29 6 51 17 50 53 19 3 60 46 28 55 56 16 62 9 63 10 47 59 14 7 13 25 21 24 54 2 1 31 18 44 11 64 12 52 38 40 4 61 32 27 36 57 49 37 8 5 30 39 58 48 33 26 35 45 23 41 42 22 34 43 15 20 
55 24 59 62 15 37 32 22 31 50 30 57 2 63 47 41 38 1 36 54 5 16 21 39 35 61 43 17 19 27 34 25 23 60 46 18 20 28 45 58 44 42 40 14 56 52 10 26 51 4 49 12 64 29 3 8 9 48 53 6 7 33 13 11 
27 57 34 7 63 9 61 18 23 6 5 40 42 39 29 12 56 33 62 28 43 22 48 50 45 55 41 53 36 37 30 46 25 16 59 24 44 2 47 17 20 3 51 60 1 58 19 54 13 11 38 14 52 32 31 15 4 64 10 35 21 49 8 26 
48 19 57 22 3 15 63 21 54 47 29 4 45 2 58 62 35 50 13 55 27 31 44 56 38 18 52 14 17 20 37 32 36 25 42 26 30 46 11 39 34 43 23 40 8 49 53 61 1 51 59 33 60 12 7 16 6 10 5 9 24 64 41 28 
31 36 38 23 26 59 53 61 10 39 46 17 44 11 32 50 54 47 19 51 62 29 16 57 1 64 48 42 12 22 55 3 6 43 52 40 7 20 49 18 9 24 56 63 5 14 60 30 37 15 13 58 41 8 28 35 21 2 33 4 27 45 25 34 
58 35 54 34 40 51 52 50 38 18 9 5 36 1 12 63 15 46 41 45 25 49 11 32 24 19 28 29 7 4 43 6 2 56 16 61 37 53 57 8 64 59 13 42 10 33 47 20 23 27 30 39 31 3 44 21 26 60 14 17 55 48 22 62 
10 32 37 47 7 62 46 8 6 20 59 16 27 60 13 30 21 4 12 9 64 33 42 48 15 41 44 39 45 2 36 57 17 24 34 31 55 63 51 28 52 58 26 22 25 50 35 3 38 61 11 19 5 18 43 14 1 53 29 23 49 40 56 54 
13 25 55 56 60 64 14 2 22 34 43 33 57 53 51 23 6 17 24 3 39 10 30 1 63 49 26 21 50 5 9 16 47 58 27 35 62 44 59 48 7 38 41 37 19 28 15 4 36 40 46 29 20 45 54 32 8 52 11 31 12 61 42 18 
30 20 45 4 5 49 33 17 37 25 14 24 7 42 8 3 52 36 63 18 28 53 60 38 27 40 59 58 56 61 54 35 9 29 13 41 22 64 15 23 21 62 39 31 11 32 12 1 6 2 26 10 48 55 34 57 47 19 44 51 16 50 43 46 
41 39 12 24 27 18 29 16 61 49 52 56 31 28 21 48 5 23 58 40 8 26 20 43 30 47 46 11 51 34 53 33 14 54 38 19 60 3 10 1 57 44 45 17 55 36 2 6 42 22 25 9 50 64 62 4 37 15 7 32 59 13 35 63 
9 11 42 28 1 6 44 43 41 55 40 26 64 19 35 15 34 14 2 61 22 59 7 37 31 8 23 13 60 62 25 10 4 12 33 21 50 45 5 32 16 51 27 18 48 46 54 29 49 47 56 17 24 53 63 52 20 30 39 38 58 3 36 57 
51 48 46 53 17 36 55 20 2 1 32 23 16 6 11 57 24 8 26 43 18 58 33 31 61 38 39 44 49 12 40 47 59 15 5 10 29 13 56 19 35 4 50 45 54 30 62 22 27 63 14 41 34 42 9 3 60 25 64 21 37 28 52 7 
61 12 22 2 29 47 28 6 43 3 58 27 46 48 64 59 39 40 44 7 63 52 19 23 41 1 11 25 13 18 5 30 24 62 54 20 4 42 35 14 37 36 9 15 53 56 17 60 45 55 33 31 57 21 49 51 34 50 32 26 8 16 10 38 
56 44 11 16 35 5 50 40 29 15 18 52 14 49 53 45 1 59 46 38 41 20 27 60 34 36 57 9 31 24 62 37 33 28 32 7 8 51 17 3 43 26 2 55 21 10 63 42 4 30 64 54 25 23 12 13 58 6 22 61 39 19 47 48 
4 21 63 45 9 31 30 57 7 36 22 19 55 41 5 60 49 34 56 2 3 17 53 14 42 50 32 15 46 28 26 20 48 37 40 11 64 1 25 6 24 16 18 59 44 51 52 39 29 10 47 61 35 38 8 58 33 13 23 62 43 12 54 27 
49 33 1 3 54 25 15 10 63 62 42 34 13 30 17 26 16 35 48 22 29 37 9 47 43 27 7 19 21 6 64 45 61 36 55 58 23 38 31 12 46 8 32 20 41 5 14 57 53 28 52 44 56 60 50 39 51 11 24 40 2 59 18 4 
19 43 23 64 52 38 24 37 44 9 47 39 4 50 54 61 10 42 6 62 13 21 32 51 58 2 8 48 35 16 59 55 22 41 60 63 27 30 34 45 11 31 28 25 29 1 33 12 40 7 20 26 18 15 5 46 3 56 17 49 57 53 14 36 
62 60 41 13 59 58 42 26 21 12 37 28 20 8 40 25 55 15 54 30 4 5 61 64 52 17 14 56 33 10 3 51 18 50 57 53 39 47 44 16 49 19 38 27 6 23 7 34 43 32 48 22 11 36 24 2 45 35 9 46 31 1 63 29 
14 18 7 27 34 39 8 32 51 35 10 31 24 56 33 38 25 28 45 36 50 12 57 11 29 54 22 23 63 60 4 53 43 26 2 49 46 21 52 9 61 47 48 58 13 3 64 40 59 62 19 1 37 6 16 17 41 20 55 15 44 5 30 42 
################proper############## 

 average_time = 25.185168 

 success runs = 1 

 total average iters = 689145.000000 
