Success!!! 
 
 max_col = 
 64 
 
 run_time = 
 16.482065 
 
 once iters = 
 324659 
 
27 63 37 30 48 5 31 60 1 9 18 34 25 2 12 49 10 50 28 57 43 45 23 44 40 33 46 6 11 39 56 55 64 26 32 21 22 17 52 36 14 47 24 7 13 54 8 41 29 3 35 53 16 19 51 61 59 42 20 58 15 38 62 4 
39 10 34 3 7 40 4 59 60 22 43 16 27 6 24 51 35 15 5 38 61 29 18 21 12 14 49 32 52 19 25 28 46 63 30 2 45 62 56 13 53 55 48 36 20 42 57 11 31 9 8 23 58 37 50 64 1 33 17 26 47 41 54 44 
21 41 44 18 26 47 51 24 17 19 30 63 56 52 35 31 53 42 33 13 32 22 48 27 20 36 15 8 57 16 38 64 1 60 37 29 11 55 58 40 28 62 49 4 3 43 23 50 54 39 25 59 46 34 10 2 7 9 45 6 5 12 14 61 
57 14 13 20 32 43 33 16 5 41 42 23 61 62 59 54 63 17 3 39 11 46 55 12 45 29 21 53 47 50 44 1 9 51 4 10 24 15 48 34 40 35 64 26 58 31 27 2 60 28 38 22 49 6 7 56 37 25 30 36 18 52 8 19 
19 45 12 28 53 61 25 35 3 64 33 21 38 26 13 58 40 54 9 2 16 36 56 8 51 63 7 42 30 41 62 23 44 47 49 31 20 5 59 50 37 18 6 52 32 29 39 17 14 48 4 57 43 15 55 1 27 22 11 46 24 10 60 34 
15 49 54 36 23 64 50 11 46 14 53 4 57 8 29 55 37 31 58 7 1 41 20 30 17 5 10 26 27 34 3 59 39 35 18 6 25 61 19 42 56 60 12 45 9 38 33 22 44 63 52 47 40 24 32 62 21 48 16 2 28 51 43 13 
56 22 1 46 6 2 38 58 28 47 36 20 45 40 44 39 34 51 62 24 52 49 25 59 4 48 54 37 43 9 31 60 8 3 23 7 27 14 12 41 30 10 5 16 15 61 19 63 26 13 18 33 42 17 21 11 53 35 32 64 55 50 29 57 
8 62 17 55 42 9 52 29 11 37 50 7 15 10 48 32 60 47 14 64 4 19 6 26 2 22 35 24 58 18 61 13 16 53 54 57 33 38 28 43 59 34 21 44 1 25 51 46 36 30 45 12 5 41 27 20 39 63 31 49 40 23 56 3 
55 7 53 25 30 32 8 49 47 1 58 44 21 46 4 14 20 16 22 52 50 12 42 38 5 57 33 29 24 3 51 56 27 37 40 39 2 9 62 63 35 41 60 11 48 17 31 43 59 64 34 10 36 26 54 13 19 23 15 18 45 61 6 28 
17 46 18 19 63 22 35 57 25 29 61 6 11 39 49 37 41 44 64 3 27 21 26 5 36 20 43 31 48 28 59 12 51 10 24 53 47 1 14 33 15 23 2 56 50 13 58 16 45 42 60 30 4 7 38 9 52 55 62 8 54 34 32 40 
10 59 42 21 41 11 62 48 30 23 24 43 13 36 34 26 25 32 63 31 60 51 35 9 47 6 58 18 46 1 2 27 5 54 12 17 64 56 4 61 38 49 45 57 44 28 7 39 19 29 3 55 8 40 52 15 50 37 33 20 22 16 53 14 
58 6 23 54 1 14 13 38 51 48 59 50 18 28 63 15 62 43 49 34 40 33 8 24 10 52 11 41 16 55 35 32 42 19 45 46 30 57 36 25 29 26 37 3 5 4 20 61 56 22 2 27 44 39 53 17 9 47 60 31 21 7 64 12 
44 39 20 26 24 16 28 50 54 5 17 35 22 42 2 53 47 19 48 45 29 56 37 1 8 13 62 25 40 60 9 14 3 43 55 49 15 7 34 38 52 59 30 21 64 36 12 33 6 61 51 32 23 63 18 31 58 11 27 10 46 57 4 41 
52 5 43 31 12 36 37 64 62 33 20 27 10 56 8 3 13 61 2 14 7 6 58 15 30 49 26 4 39 21 34 45 11 32 60 22 41 28 18 23 19 53 9 40 55 63 46 54 16 57 24 50 48 47 1 25 38 29 59 51 44 35 42 17 
33 40 45 61 3 34 47 4 9 32 60 31 12 57 41 19 54 55 30 17 10 28 46 53 23 15 64 50 42 38 37 7 59 16 13 20 48 52 44 29 51 6 14 8 22 24 18 27 49 5 58 62 11 21 35 43 25 26 1 63 2 36 39 56 
9 27 51 29 60 15 56 2 40 55 7 64 52 38 16 45 59 57 39 11 23 18 4 36 44 61 53 63 22 54 17 19 6 8 21 26 31 50 35 58 62 25 34 32 47 1 42 10 46 12 28 41 14 20 37 33 24 13 49 48 30 43 3 5 
37 29 61 53 31 27 18 9 35 6 22 11 24 20 52 25 30 45 23 19 47 1 57 13 50 38 39 59 63 17 54 5 43 62 64 58 28 10 21 4 55 56 16 15 46 44 32 7 51 26 14 2 34 8 40 36 42 12 48 60 33 3 41 49 
26 56 47 23 16 63 6 41 33 31 64 37 3 43 62 36 9 4 12 59 34 55 21 46 53 7 57 2 61 48 28 29 35 45 19 32 39 42 17 27 11 40 51 49 24 60 5 25 20 54 10 44 22 30 13 52 8 14 18 50 1 58 38 15 
1 58 8 14 36 62 64 5 59 57 40 28 42 23 46 10 51 52 43 53 24 3 60 32 18 30 41 22 15 13 12 25 49 29 56 38 7 31 50 16 47 20 17 2 19 39 37 26 4 33 21 48 45 9 11 63 6 27 61 44 34 54 35 55 
43 25 11 51 15 45 7 20 4 61 48 19 17 53 38 41 22 39 37 58 33 26 27 35 9 47 31 34 32 8 10 42 12 14 59 44 40 2 57 6 54 28 3 30 63 18 13 52 50 60 29 64 1 55 49 46 23 5 36 21 56 62 16 24 
2 30 57 10 19 49 39 54 44 63 34 45 29 16 9 13 28 38 61 41 56 11 7 18 62 51 6 23 1 27 58 52 33 48 26 60 8 37 20 55 12 22 36 50 43 14 21 35 5 47 15 42 3 25 24 59 40 17 64 4 53 46 31 32 
3 42 22 17 46 44 24 12 49 27 21 60 14 55 18 2 29 62 25 8 54 15 5 50 64 19 45 56 4 43 40 16 41 1 51 36 34 47 13 11 48 33 61 9 23 57 53 31 39 32 6 7 28 35 58 38 30 10 52 59 20 37 63 26 
35 60 32 13 28 38 34 21 39 15 8 26 50 1 51 5 6 49 10 36 2 48 17 40 14 55 20 44 33 37 46 24 61 9 63 54 52 3 53 30 58 27 42 64 41 45 59 4 23 43 62 16 12 56 31 18 47 19 7 57 11 25 22 29 
50 52 40 48 59 4 55 33 58 54 47 32 7 12 30 56 64 14 16 42 20 31 44 63 21 26 36 11 49 35 60 3 15 25 46 18 23 22 24 5 10 1 8 62 38 34 29 6 57 17 27 19 41 53 61 37 13 39 2 43 51 9 28 45 
20 4 25 5 54 24 36 28 45 7 62 48 41 33 47 43 2 56 55 63 35 14 10 51 31 27 9 1 53 59 23 37 50 42 17 12 16 29 61 32 57 11 58 18 30 64 44 38 15 34 26 8 6 60 22 49 46 40 21 3 19 39 13 52 
51 50 46 37 34 60 59 53 26 10 31 38 5 21 28 40 15 29 13 12 41 39 64 57 52 54 63 19 3 45 8 2 18 55 47 4 43 30 9 56 7 24 22 33 14 49 16 62 61 23 17 58 20 42 36 48 11 32 35 1 6 44 27 25 
13 1 6 32 43 30 2 17 55 52 29 22 49 9 61 20 31 33 54 50 62 16 34 47 48 35 44 64 60 5 42 57 14 23 27 3 19 58 38 15 25 12 46 39 40 53 4 36 11 7 56 37 24 45 59 21 41 18 10 28 63 8 26 51 
62 23 14 47 38 21 26 39 42 2 15 51 60 54 32 64 27 28 8 30 19 44 59 37 46 18 34 10 7 58 22 50 20 31 41 11 35 24 45 57 61 13 1 55 6 48 9 3 12 40 43 25 29 52 63 53 56 4 5 16 17 33 49 36 
41 33 9 58 52 18 10 42 12 56 14 30 8 4 57 11 5 24 36 6 3 7 43 23 49 21 61 40 62 29 26 51 48 13 39 37 44 53 25 46 34 32 47 60 17 27 63 59 35 19 1 28 2 16 64 55 31 38 54 22 50 45 15 20 
16 19 27 49 35 57 3 8 6 59 39 13 53 44 58 18 21 1 42 46 22 61 38 11 41 25 55 17 28 36 32 20 10 64 52 62 63 26 40 7 2 29 54 51 56 15 45 23 9 14 50 31 33 4 47 5 60 43 24 12 37 48 34 30 
22 55 48 63 40 12 44 45 34 3 1 46 19 24 23 35 4 20 18 32 9 25 52 17 33 16 56 39 6 15 14 11 60 49 2 8 36 21 51 59 5 43 31 37 26 50 28 42 27 38 57 13 10 54 41 30 62 61 29 47 64 53 7 58 
29 64 56 11 61 7 15 31 37 25 63 36 16 17 50 27 48 58 45 26 53 60 40 49 13 12 24 30 38 47 4 43 34 28 22 33 5 6 54 1 41 8 10 20 52 19 35 21 18 51 32 46 62 44 39 3 14 57 55 9 42 2 23 59 
32 31 28 16 33 1 53 56 36 50 45 9 59 64 39 12 7 26 51 25 13 10 15 14 34 58 40 54 35 30 43 18 23 5 11 19 4 20 46 2 44 21 29 63 8 3 24 55 47 6 37 38 60 62 48 22 17 49 57 61 41 27 52 42 
38 2 63 52 9 59 49 3 41 34 19 62 31 13 1 4 11 30 17 40 58 50 33 42 37 10 47 36 8 46 39 48 21 6 43 28 32 44 26 18 23 57 56 25 7 22 54 5 53 55 61 35 15 64 29 27 45 20 12 24 60 14 51 16 
11 54 19 6 29 17 20 7 56 43 26 5 33 22 55 42 44 9 35 62 37 34 61 39 57 24 3 28 2 14 64 15 52 41 36 1 13 27 49 31 46 30 59 48 45 32 60 40 25 58 63 51 50 18 16 12 4 8 53 23 38 21 47 10 
25 57 58 22 8 55 42 44 18 51 27 24 54 3 14 52 1 6 21 60 49 38 41 28 61 56 19 12 13 4 53 31 30 40 62 45 17 16 29 9 26 64 35 47 36 37 50 34 2 10 23 20 7 46 33 32 5 59 43 39 48 15 11 63 
45 24 10 39 50 37 60 18 61 30 57 15 47 48 21 29 3 64 20 23 36 5 53 52 63 44 27 16 55 11 49 41 38 59 7 34 51 12 22 35 42 17 13 43 31 2 62 9 1 8 19 54 26 28 14 4 32 46 56 33 58 40 25 6 
12 36 35 62 13 46 5 40 16 8 25 17 63 49 60 6 24 18 56 29 57 54 47 4 32 59 23 20 50 51 7 9 53 61 48 14 55 33 15 39 27 52 38 58 28 41 10 1 43 44 31 45 21 11 34 42 3 30 22 37 26 64 19 2 
14 26 21 34 64 48 43 15 2 58 46 10 44 7 20 23 16 22 59 27 55 32 31 45 38 17 42 60 5 25 33 6 47 50 8 63 57 54 3 37 49 19 11 53 4 51 61 12 30 41 40 24 52 13 56 39 18 36 28 29 35 1 9 62 
4 51 30 41 47 23 61 27 38 53 35 40 32 37 11 28 8 46 19 43 63 2 12 48 1 62 52 45 21 22 29 26 24 56 58 42 60 25 64 10 16 14 18 6 39 33 15 20 17 59 5 49 9 36 3 57 55 7 34 54 31 13 44 50 
6 38 55 8 4 28 57 13 20 44 3 33 2 25 15 59 61 34 52 56 5 40 39 19 35 37 29 7 17 64 1 22 54 12 53 23 50 49 30 60 18 31 62 14 21 26 48 47 41 16 36 9 51 58 46 24 43 45 63 11 32 42 10 27 
49 12 2 35 27 29 32 23 14 42 37 56 39 34 53 50 58 11 46 51 18 30 63 55 28 3 38 48 9 61 6 40 25 44 16 59 26 45 1 24 43 54 41 17 10 8 52 13 22 20 33 5 19 31 15 7 57 64 4 62 36 47 21 60 
60 17 26 24 10 58 45 37 29 21 5 12 43 32 27 47 42 25 15 4 48 35 62 16 59 34 18 46 54 31 20 33 57 36 28 40 6 39 7 22 64 9 63 1 2 55 49 51 38 11 13 52 56 50 8 14 44 53 19 41 3 30 61 23 
59 53 16 40 14 41 54 51 64 28 49 18 30 61 6 63 12 8 26 22 38 43 3 31 24 11 50 52 36 42 19 47 4 34 35 15 10 48 2 21 20 46 23 29 57 7 56 45 32 62 44 17 39 27 25 60 33 58 13 55 9 5 37 1 
18 15 36 9 56 20 11 22 23 35 16 41 46 45 54 1 32 10 44 47 17 27 49 7 60 53 13 55 25 62 57 4 63 58 14 5 37 19 31 8 39 3 28 61 33 59 30 24 42 21 48 34 64 2 43 6 51 52 50 40 29 26 12 38 
63 34 52 7 21 39 46 61 48 62 38 57 4 31 36 60 23 53 24 37 59 9 45 64 15 8 51 14 10 26 41 44 56 27 3 13 18 43 33 47 32 58 50 5 42 6 11 19 28 1 49 40 55 12 30 29 54 2 25 17 16 22 20 35 
42 44 31 1 62 50 30 43 13 40 10 52 9 58 19 24 36 60 57 33 6 20 2 41 39 32 12 5 56 63 45 21 55 17 61 64 29 46 11 51 22 4 25 34 27 16 38 53 37 35 59 26 47 3 23 54 15 28 8 7 14 49 48 18 
47 3 64 33 5 19 48 25 7 17 11 8 55 51 26 22 14 21 29 1 28 13 50 54 43 2 16 58 23 49 27 30 62 38 20 9 42 41 32 52 36 44 15 12 60 35 40 37 63 4 53 18 57 61 45 10 34 6 46 56 39 24 59 31 
54 8 41 15 17 26 14 55 21 49 13 29 58 5 22 48 33 23 32 44 12 64 11 61 25 1 4 3 37 7 36 35 19 2 31 16 9 59 39 53 63 38 57 28 51 52 47 18 34 27 42 56 30 43 6 50 20 62 40 45 10 60 24 46 
61 47 7 2 57 31 63 30 15 36 28 25 35 59 37 38 19 27 4 18 46 53 16 29 56 41 8 51 20 6 13 10 26 33 1 52 12 40 23 49 3 42 55 22 34 9 14 44 48 24 39 60 17 32 62 45 64 54 58 5 43 11 50 21 
48 18 3 44 58 35 19 46 8 45 41 53 40 11 31 33 56 36 38 15 39 24 9 20 27 50 30 49 34 57 63 62 37 4 6 47 21 51 43 64 60 5 26 54 12 10 1 32 7 25 55 14 13 29 28 23 2 16 42 52 61 59 17 22 
28 32 29 59 37 42 40 62 27 20 54 47 6 63 64 61 52 41 7 55 51 57 22 25 19 60 14 38 12 2 24 39 17 15 10 50 58 36 5 44 21 45 53 13 16 23 43 56 3 31 46 11 18 49 9 35 48 1 26 34 8 4 30 33 
23 9 60 45 25 33 12 10 32 18 4 39 34 30 43 17 26 63 6 54 31 37 14 3 42 28 5 21 29 53 11 58 13 46 38 61 56 35 55 48 24 50 40 27 62 20 2 64 8 52 16 1 59 22 57 51 49 41 44 15 7 19 36 47 
53 11 49 50 22 56 21 6 24 16 9 3 23 14 10 44 17 59 1 48 42 62 28 58 26 40 32 43 18 33 52 61 45 57 34 30 54 60 27 20 8 15 7 41 37 46 25 29 64 2 47 36 63 5 4 19 35 51 38 13 12 31 55 39 
5 43 38 64 20 52 16 36 50 12 51 55 1 19 42 57 49 2 60 35 21 8 13 34 22 45 48 9 59 23 47 46 7 24 29 25 3 11 63 62 4 39 33 31 61 30 17 58 40 53 41 15 54 10 26 44 28 56 6 14 27 32 18 37 
34 13 24 4 39 51 27 1 52 26 56 2 62 60 7 46 43 40 50 5 45 47 30 10 16 64 17 15 31 44 55 54 32 22 42 41 14 18 8 28 6 48 19 59 35 11 36 49 21 37 20 61 38 33 12 58 63 3 9 25 23 29 57 53 
7 20 33 43 45 3 1 47 10 38 55 14 51 15 17 21 18 12 11 28 44 59 32 6 58 23 37 27 26 40 48 34 31 52 9 35 61 64 41 19 13 16 4 46 49 62 22 60 24 36 30 63 53 57 5 8 29 50 39 42 25 56 2 54 
46 28 4 38 51 8 29 34 22 60 23 58 26 41 25 16 55 5 27 21 15 42 24 56 7 31 59 61 19 20 50 49 36 11 57 48 53 13 37 17 1 63 43 10 54 47 6 30 62 45 64 39 35 14 2 40 12 44 3 32 52 18 33 9 
24 16 5 60 18 6 58 19 53 46 2 59 48 50 40 34 57 3 47 9 25 23 1 33 29 42 28 35 14 12 30 63 22 20 15 56 62 4 10 54 17 36 39 38 11 21 26 8 52 49 7 43 32 51 44 41 61 31 37 27 13 55 45 64 
40 37 15 57 55 54 23 32 31 11 44 42 28 35 45 9 39 7 34 61 30 63 51 62 6 46 25 13 41 52 18 38 58 21 33 43 49 8 16 3 50 2 20 24 59 12 64 14 10 56 22 29 27 1 19 26 36 60 47 53 4 17 5 48 
31 21 59 12 2 53 9 26 63 13 52 49 37 47 5 30 46 35 40 20 64 4 36 22 11 39 60 33 44 56 15 8 29 7 25 24 38 32 6 14 45 51 27 42 18 58 41 57 55 50 54 3 61 48 17 16 10 34 23 19 62 28 1 43 
36 35 39 27 11 10 22 52 57 24 6 61 64 18 56 7 50 13 31 49 14 17 54 60 3 43 2 62 45 32 16 53 28 30 5 51 1 34 42 12 33 37 44 19 29 40 55 48 58 15 9 4 25 23 20 47 26 21 41 38 59 63 46 8 
64 48 50 56 49 13 41 63 43 39 12 54 36 29 3 62 45 37 53 16 8 52 19 2 55 4 1 47 51 10 21 17 40 18 44 27 59 23 60 26 9 61 32 35 25 5 34 15 33 46 11 6 31 38 42 28 22 24 14 30 57 20 58 7 
30 61 62 42 44 25 17 14 19 4 32 1 20 27 33 8 38 48 41 10 26 58 29 43 54 9 22 57 64 24 5 36 2 39 50 55 46 63 47 45 31 7 52 23 53 56 3 28 13 18 12 21 37 59 60 34 16 15 51 35 49 6 40 11 
################proper############## 

 average_time = 16.482065 

 success runs = 1 

 total average iters = 324659.000000 
