Success!!! 
 
 max_col = 
 64 
 
 run_time = 
 27.253088 
 
 once iters = 
 800285 
 
44 10 21 43 2 38 20 33 35 63 61 48 59 16 37 57 27 55 36 42 3 18 53 6 41 28 58 51 24 47 4 39 31 5 26 11 45 15 12 14 25 62 23 30 56 19 60 50 17 52 22 9 54 29 13 7 40 49 64 46 1 8 34 32 
25 58 62 14 9 51 23 40 52 42 43 13 60 18 11 47 8 57 20 61 19 26 17 41 32 56 63 10 5 29 54 46 33 7 27 55 4 36 53 3 31 21 59 35 1 2 44 16 64 49 30 6 34 24 37 48 50 28 45 12 39 38 15 22 
8 22 56 55 26 7 19 63 64 46 12 53 31 54 20 49 34 10 30 51 4 52 14 29 45 37 57 40 44 35 43 59 21 13 38 48 9 1 28 17 47 3 11 33 41 61 32 6 60 39 18 25 15 50 27 42 58 2 5 62 23 36 16 24 
50 46 59 4 1 6 61 36 15 14 55 22 34 32 45 40 21 35 23 2 63 24 13 28 60 19 64 42 11 12 18 9 58 25 54 56 8 62 43 47 17 5 48 49 39 53 37 27 38 26 20 16 44 31 41 51 10 52 33 30 3 29 7 57 
5 64 57 31 54 39 53 52 17 25 51 41 26 6 21 38 9 50 47 58 22 11 1 48 33 55 61 34 7 23 36 49 32 30 2 59 42 29 19 16 40 63 45 10 15 24 18 4 62 46 56 8 14 12 3 28 13 37 43 60 44 27 20 35 
17 29 15 13 35 60 48 42 28 56 50 10 3 1 62 24 54 16 7 32 64 49 40 5 6 2 30 52 8 25 27 38 63 18 39 37 46 41 22 44 51 26 12 20 58 14 34 55 23 59 43 57 33 36 19 45 9 4 53 11 61 21 47 31 
34 37 16 3 41 30 18 47 23 8 27 33 58 2 39 9 44 56 45 12 59 38 25 43 15 1 31 17 21 62 13 14 57 60 24 20 49 50 10 6 46 29 28 36 64 22 52 7 61 40 32 35 5 4 11 53 42 63 19 54 51 48 26 55 
27 28 11 24 12 49 32 45 36 44 19 29 7 4 5 30 33 60 39 37 15 62 31 46 26 20 3 48 53 50 22 16 34 52 23 64 35 61 40 51 13 9 43 38 42 8 57 54 10 2 1 58 21 55 47 63 56 14 17 41 18 6 59 25 
14 4 51 34 32 47 63 8 60 13 3 58 27 26 2 41 55 42 59 57 20 31 43 11 46 54 40 61 50 39 6 1 5 53 36 28 21 33 64 18 44 35 37 25 17 56 12 15 7 30 9 10 24 16 52 29 48 19 38 23 45 49 22 62 
36 21 64 11 24 3 50 37 51 6 47 15 43 38 7 55 49 58 61 63 52 5 16 60 29 32 45 4 14 41 57 62 27 35 40 9 44 20 26 22 10 8 53 13 33 48 54 1 42 25 12 17 23 19 39 18 59 30 28 34 31 46 2 56 
9 26 52 22 23 16 35 54 40 19 44 17 32 45 34 37 50 1 48 27 46 56 10 25 2 7 21 59 12 58 8 18 38 55 47 15 30 4 62 63 24 61 31 39 14 28 49 64 36 33 11 5 3 51 53 13 6 42 57 43 41 20 60 29 
29 15 7 27 13 25 55 38 18 61 8 21 48 64 63 59 22 34 28 40 12 41 45 39 44 51 19 33 47 31 5 52 37 57 1 42 6 17 49 56 23 2 4 32 36 11 30 9 43 62 26 60 58 20 46 35 53 24 3 16 50 54 10 14 
46 60 43 10 48 42 5 58 20 36 62 49 12 57 14 35 64 21 3 33 30 13 44 38 9 15 16 63 28 53 56 17 2 45 19 23 52 11 24 7 29 41 26 50 22 18 40 47 54 6 31 34 27 59 32 4 51 55 61 25 8 1 39 37 
53 6 31 17 18 12 41 59 56 30 5 54 28 42 46 10 2 23 4 62 47 29 9 19 25 24 37 35 26 20 3 27 39 58 13 61 14 34 8 50 38 16 21 60 7 45 51 43 49 63 57 22 1 48 15 55 32 64 36 44 40 33 11 52 
33 62 30 40 28 44 49 19 1 39 24 25 16 50 22 23 35 51 6 14 37 53 15 26 36 43 11 38 60 13 48 34 10 59 31 29 12 32 46 54 5 20 52 57 55 3 58 42 2 64 41 56 61 21 45 8 47 18 27 7 63 9 4 17 
2 1 61 39 56 20 45 57 29 4 31 52 9 11 53 33 7 8 24 18 32 36 54 17 49 64 55 22 23 42 30 10 43 51 60 25 41 3 16 48 63 34 27 59 19 62 6 46 40 47 14 37 38 44 28 50 5 13 26 15 21 12 35 58 
58 17 33 2 52 11 43 7 44 50 30 38 21 10 23 12 47 54 8 45 14 16 22 53 13 41 35 19 48 40 39 42 26 36 63 31 37 9 55 27 57 1 61 18 62 25 4 60 5 56 49 3 20 28 6 34 29 46 59 24 64 51 32 15 
62 61 26 5 36 55 16 34 6 32 39 60 54 41 3 22 1 15 12 30 48 63 59 4 18 53 47 24 25 45 14 44 29 46 28 40 23 19 56 10 52 38 7 43 27 42 8 17 58 37 51 31 50 13 64 33 11 35 21 20 49 57 9 2 
24 47 45 56 50 32 64 6 4 62 57 9 8 59 18 42 19 28 60 20 35 2 51 7 52 5 17 31 55 49 10 12 15 33 30 54 11 43 44 13 21 22 29 34 37 58 39 36 26 23 61 38 48 53 16 46 14 41 40 63 25 3 27 1 
19 57 37 63 39 48 25 22 2 53 52 40 64 51 58 56 29 13 5 3 9 44 24 62 61 36 33 28 27 7 46 8 20 38 49 16 1 35 45 21 6 12 32 26 11 23 41 30 18 4 17 59 10 15 54 14 60 50 31 47 43 42 55 34 
28 40 14 59 53 8 21 1 45 31 13 43 37 49 36 27 41 64 18 11 42 23 50 33 22 34 6 3 30 38 58 29 60 17 4 52 5 48 32 24 20 46 15 51 9 63 2 44 57 19 55 39 47 7 35 25 54 12 16 56 26 10 62 61 
31 27 10 46 29 23 42 30 63 28 20 1 14 35 19 61 43 39 32 17 36 6 55 58 11 16 26 15 51 2 9 37 7 8 57 12 25 47 3 34 54 45 50 64 53 59 56 49 44 41 40 21 52 62 24 60 4 38 48 18 13 22 33 5 
13 51 44 41 38 35 12 4 34 15 46 16 11 55 48 17 61 40 25 26 31 10 49 57 21 60 50 1 56 54 20 64 18 62 58 22 59 42 2 39 14 47 19 24 3 5 33 28 32 36 27 29 63 43 30 9 37 23 6 53 7 45 52 8 
3 18 49 9 15 54 60 20 24 33 29 26 5 25 47 7 38 46 37 34 21 27 56 52 43 63 4 62 59 32 23 57 64 6 50 14 53 51 61 41 35 13 40 16 48 31 55 10 8 42 45 2 12 1 22 11 44 17 30 28 36 39 58 19 
45 11 24 28 61 13 3 50 54 21 34 7 41 62 31 20 39 52 14 59 57 43 8 22 51 18 36 55 63 9 44 26 30 64 17 58 48 5 37 4 60 42 25 40 46 15 47 23 35 16 53 12 19 10 29 38 33 1 49 32 27 2 56 6 
23 16 12 18 21 19 40 39 49 24 9 32 36 46 61 60 42 20 26 25 51 7 41 64 58 48 29 13 33 15 47 54 45 1 8 27 22 53 31 62 37 30 2 63 50 57 17 3 55 5 6 11 56 14 34 59 43 10 35 52 38 44 28 4 
63 35 9 20 10 22 59 2 42 58 64 28 19 15 33 25 13 37 49 5 40 54 3 16 23 45 43 41 38 34 32 31 44 61 29 46 39 12 11 36 56 53 18 14 6 55 27 62 1 7 52 26 8 57 4 21 30 47 24 48 60 50 17 51 
6 54 5 1 64 14 34 31 27 51 26 63 17 3 12 39 18 11 58 60 55 48 35 21 4 40 20 50 61 24 62 56 47 15 9 38 33 2 41 28 59 7 36 44 49 16 10 52 45 32 25 43 13 42 23 30 22 8 29 19 57 37 53 46 
7 44 32 47 17 53 4 62 55 29 40 50 30 23 10 48 63 6 27 9 38 34 12 24 5 46 25 57 1 37 28 3 51 49 56 18 26 52 13 59 19 54 8 58 61 43 64 35 20 60 39 33 22 41 36 2 21 45 15 42 11 14 31 16 
55 48 27 25 30 36 56 43 11 16 37 47 35 5 38 8 23 29 2 31 17 32 33 61 7 52 59 6 19 10 53 22 54 20 42 57 3 40 14 60 4 39 1 28 51 21 45 34 24 58 63 44 46 49 50 15 64 9 18 13 12 62 41 26 
38 33 42 58 8 46 52 41 13 57 1 4 22 43 6 45 10 36 56 53 44 15 19 30 14 49 2 64 39 27 21 60 35 23 16 63 50 55 34 32 9 11 24 29 12 26 20 48 28 17 62 18 31 47 51 37 3 59 7 5 54 25 61 40 
51 49 60 15 37 29 57 26 14 52 18 59 2 53 56 44 45 62 1 4 50 28 46 47 30 17 12 8 35 16 42 11 6 10 21 19 43 24 7 25 22 32 38 41 31 33 5 13 27 48 54 40 64 61 9 3 63 20 23 58 55 34 36 39 
56 30 50 19 59 28 51 32 10 60 38 12 25 22 52 46 53 18 11 47 49 39 58 1 35 9 13 5 62 63 7 2 3 41 15 36 29 16 27 57 64 4 34 55 43 37 24 61 33 14 23 45 17 8 20 31 26 21 44 6 42 40 54 48 
47 7 25 62 5 2 24 48 37 3 53 19 57 36 26 13 51 22 21 29 45 64 4 32 39 14 52 18 6 33 61 20 42 12 35 10 34 23 30 9 8 27 16 46 44 54 59 31 63 43 58 50 41 38 56 40 15 11 60 49 17 55 1 28 
35 8 46 54 60 40 58 12 39 41 49 6 50 9 4 14 15 43 55 16 23 33 63 44 17 59 27 53 31 30 64 25 13 19 52 45 56 21 18 11 42 51 5 1 38 32 22 26 48 28 37 62 2 34 57 47 24 36 20 61 29 7 3 10 
64 36 20 52 14 41 38 53 31 17 11 35 63 47 30 51 6 61 10 56 28 42 57 34 40 12 15 54 3 60 24 43 50 48 32 62 2 44 39 55 18 23 58 7 29 49 21 45 46 1 13 4 26 22 25 27 19 33 37 8 59 16 5 9 
21 9 63 6 34 43 27 18 32 2 42 64 55 20 16 15 59 24 62 50 25 17 5 31 10 4 48 29 45 26 49 51 28 37 22 1 58 8 33 61 36 52 56 47 57 35 19 40 3 54 60 7 30 11 44 12 23 53 39 14 46 41 13 38 
26 31 17 37 42 1 10 23 8 7 21 45 40 27 24 62 46 14 38 19 41 3 36 9 57 11 34 44 32 22 55 58 25 47 43 4 54 60 59 20 50 48 6 53 13 30 28 33 39 15 29 61 49 35 5 16 12 51 52 2 56 18 63 64 
11 3 4 57 44 61 22 29 43 18 54 5 1 33 59 58 40 48 13 35 7 8 37 12 28 21 56 23 36 19 16 41 14 31 64 49 24 46 38 26 15 60 63 2 20 17 9 39 53 55 10 51 6 32 42 52 62 25 47 50 34 30 45 27 
16 13 39 45 55 33 15 49 48 34 56 23 61 29 44 28 20 2 54 52 60 30 26 27 38 8 42 46 37 1 50 47 53 63 51 17 40 7 6 5 62 25 41 3 10 12 11 14 21 9 36 24 59 64 18 19 35 31 58 22 4 32 57 43 
61 12 8 32 4 45 39 3 59 10 2 24 47 17 42 50 5 33 40 7 13 60 29 56 34 31 41 11 18 52 38 6 1 54 25 35 27 58 57 53 26 14 46 22 63 51 36 37 30 21 19 28 55 9 48 20 16 43 62 64 15 23 49 44 
49 59 38 33 11 17 28 21 5 12 35 61 4 37 57 53 62 32 9 36 43 51 27 42 3 22 7 60 10 44 2 13 40 34 55 50 31 26 15 64 41 19 54 56 30 47 16 20 52 29 46 23 25 63 8 6 1 58 14 39 48 24 18 45 
10 14 2 60 63 57 7 24 26 64 22 30 46 28 55 19 37 31 53 41 34 45 6 18 12 33 9 25 4 48 15 50 23 43 59 5 38 56 29 52 39 58 49 21 40 1 3 8 16 44 42 36 62 54 61 17 20 27 13 35 32 11 51 47 
30 25 22 50 51 52 37 9 3 49 14 36 20 56 8 54 58 26 19 21 16 12 48 23 64 27 1 43 42 46 35 24 41 39 7 44 62 6 47 33 28 18 17 61 32 10 13 11 34 45 38 15 4 2 59 57 31 40 63 55 5 53 29 60 
43 20 41 35 27 5 36 16 58 1 45 44 38 63 60 18 52 17 22 15 61 14 64 55 54 57 8 21 29 28 19 30 49 11 12 3 51 13 48 37 33 59 62 23 24 9 25 53 31 50 47 32 7 56 40 39 34 6 4 10 2 26 46 42 
15 19 48 23 47 56 46 44 25 9 32 51 13 52 40 31 11 3 57 49 24 50 20 10 62 39 53 26 17 55 45 36 16 4 61 8 60 22 63 42 34 43 64 6 2 27 7 29 37 18 5 1 35 33 14 58 41 54 12 38 30 28 21 59 
40 42 6 29 31 34 54 55 33 23 16 27 62 48 41 43 4 59 35 8 39 1 28 2 47 58 51 20 49 5 63 32 36 14 18 24 19 30 21 46 12 50 44 45 52 38 15 57 11 10 64 13 53 60 26 22 61 56 25 3 9 17 37 7 
18 53 58 26 62 64 1 13 21 11 6 39 29 7 15 34 25 44 46 38 54 47 30 63 37 61 23 14 16 56 59 40 9 32 10 2 17 28 20 45 55 31 35 42 60 4 48 5 41 24 3 49 51 27 12 43 52 22 8 57 33 19 50 36 
54 23 1 16 25 59 47 64 57 37 48 55 42 13 50 29 26 30 17 22 56 9 62 51 20 3 32 45 43 14 31 5 24 21 11 60 7 63 52 2 49 36 10 19 28 39 61 12 6 8 15 27 40 58 38 41 18 34 46 33 35 4 44 53 
42 55 36 53 58 18 30 14 7 35 15 2 24 19 9 21 60 5 31 1 27 37 34 59 56 13 49 12 46 57 51 33 22 40 20 39 61 10 4 29 43 6 3 8 47 52 38 32 50 11 16 63 45 26 62 44 25 48 41 17 28 64 23 54 
32 52 40 51 20 37 31 11 46 38 63 34 6 8 28 3 24 12 50 44 2 4 7 14 19 25 39 27 58 18 26 61 62 16 41 47 57 64 23 1 30 15 60 9 54 29 53 59 56 35 48 55 43 17 33 49 45 5 10 36 22 13 42 21 
41 45 3 7 57 63 26 35 53 47 4 20 23 30 27 64 36 19 29 39 18 55 42 54 24 44 28 16 34 21 17 15 8 56 33 51 32 49 50 43 1 37 13 48 25 46 31 58 22 12 59 14 9 52 10 5 38 61 2 40 62 60 6 11 
48 5 34 61 46 15 8 56 12 59 58 62 33 60 49 32 16 63 41 13 10 21 11 35 42 23 38 37 2 4 52 53 55 3 44 6 36 27 25 31 45 64 20 17 26 40 50 22 19 51 28 47 57 18 1 54 39 7 9 29 14 43 24 30 
4 24 13 49 19 27 44 17 41 5 10 56 39 14 43 26 28 47 52 6 33 40 23 8 1 62 22 30 54 59 29 48 46 9 45 53 18 37 35 38 16 57 42 11 21 34 63 2 25 20 7 64 36 3 60 61 55 32 51 31 58 15 12 50 
12 43 28 21 6 62 9 60 22 54 17 11 18 61 25 52 57 38 15 46 53 20 32 45 50 35 10 36 40 64 41 55 48 26 14 30 13 59 58 19 7 56 33 5 4 44 23 51 29 34 2 42 37 39 31 24 49 16 1 27 47 63 8 3 
39 2 29 38 22 50 33 10 16 45 36 31 44 40 51 1 48 49 43 64 58 25 61 3 63 6 60 47 9 8 11 7 17 28 5 34 15 54 42 12 27 55 14 62 18 41 35 24 13 53 4 46 32 30 21 23 57 26 56 37 52 59 19 20 
22 32 54 36 3 9 17 61 30 26 7 8 49 12 64 2 31 41 51 23 29 35 47 50 16 10 5 56 57 43 37 19 59 42 48 13 55 38 60 58 53 44 39 4 45 6 14 25 15 27 34 20 18 46 63 1 28 62 11 21 24 52 40 33 
60 41 18 12 49 58 13 46 38 43 25 14 56 31 29 36 32 7 34 28 62 61 39 20 8 47 24 9 52 51 40 35 11 44 6 26 10 45 54 30 2 17 57 15 23 50 1 21 59 22 33 19 16 37 55 64 27 3 42 4 53 5 48 63 
37 38 23 48 43 31 11 15 47 22 59 57 51 58 1 5 30 53 63 54 8 19 21 36 55 42 44 32 13 6 34 4 12 2 62 33 28 18 17 40 3 49 9 27 16 20 29 56 14 61 24 52 60 25 7 26 46 39 50 45 10 35 64 41 
59 34 19 42 7 24 62 28 50 55 33 3 10 21 13 11 12 4 64 48 26 46 2 37 31 29 18 49 20 36 25 63 52 27 53 32 16 14 5 8 61 40 51 54 35 60 43 38 9 57 44 41 39 45 58 56 17 15 22 1 6 47 30 23 
52 50 55 44 45 26 14 5 19 40 23 18 53 24 35 4 17 27 33 10 1 58 60 49 48 38 46 39 64 11 12 21 56 22 37 41 20 25 9 15 32 28 47 31 34 7 42 63 51 3 8 30 29 6 2 62 36 57 54 59 16 61 43 13 
57 39 35 64 40 21 6 27 9 20 28 37 15 34 17 16 3 25 44 55 11 59 52 13 53 26 54 2 22 61 33 45 4 29 46 43 63 31 1 23 58 24 30 12 8 36 62 41 47 38 50 48 42 5 49 10 7 60 32 51 19 56 14 18 
20 63 53 30 33 4 2 25 62 48 60 42 45 44 32 6 56 9 16 43 5 57 18 15 27 50 14 58 41 3 1 23 61 24 34 7 47 39 51 35 11 10 22 52 59 64 46 19 12 13 21 54 28 40 17 36 8 29 55 26 37 31 38 49 
1 56 47 8 16 10 29 51 61 27 41 46 52 39 54 63 14 45 42 24 6 22 38 40 59 30 62 7 15 17 60 28 19 50 3 21 64 57 36 49 48 33 55 37 5 13 26 18 4 31 35 53 11 23 43 32 2 44 34 9 20 58 25 12 
################proper############## 

 average_time = 27.253088 

 success runs = 1 

 total average iters = 800285.000000 
