Success!!! 
 
 max_col = 
 64 
 
 run_time = 
 14.030178 
 
 once iters = 
 511459 
 
1 6 36 63 21 8 32 40 4 59 9 25 28 16 50 11 60 31 62 5 15 46 49 43 12 19 20 2 47 34 10 45 3 54 24 61 58 13 30 41 35 37 42 23 14 17 53 39 18 64 51 57 44 26 48 52 56 22 33 27 7 55 38 29 
23 16 53 19 20 64 9 30 60 8 35 40 62 56 58 10 24 3 42 26 47 61 52 37 31 39 36 41 63 50 1 29 27 51 28 14 21 34 6 55 5 18 43 38 33 12 49 57 13 32 45 25 54 46 22 7 4 15 59 17 48 2 44 11 
59 10 38 45 29 52 58 7 47 33 43 48 3 24 36 51 1 19 40 17 56 20 6 41 49 14 53 8 54 23 64 35 25 32 16 15 57 12 18 37 27 61 11 4 44 22 13 46 55 63 9 30 60 21 62 2 26 31 5 50 39 42 28 34 
48 44 55 25 5 11 26 2 57 31 34 22 17 15 14 61 53 27 32 18 21 9 12 58 62 30 51 7 28 16 46 4 38 39 43 20 33 56 50 45 63 52 24 3 59 64 60 19 41 42 1 23 29 40 49 37 47 54 10 8 36 35 6 13 
56 22 39 4 27 33 51 47 42 46 32 53 7 20 13 41 57 25 48 10 8 28 36 38 58 40 60 52 24 6 44 21 1 63 19 26 29 59 17 11 30 62 2 16 34 54 9 55 50 3 35 61 15 31 5 12 37 23 45 64 18 14 43 49 
54 50 34 46 14 13 42 17 18 29 55 44 6 49 30 39 16 45 33 2 63 35 64 23 25 11 3 9 37 22 26 32 53 5 4 52 8 48 10 7 58 21 41 56 28 31 20 15 36 19 47 59 24 43 38 27 57 62 12 61 51 60 1 40 
3 43 37 35 62 57 61 31 27 38 21 12 23 19 64 26 34 14 54 4 50 22 7 51 15 55 33 13 5 42 59 18 60 9 44 46 47 2 36 49 25 45 40 1 48 29 10 8 56 11 16 58 6 39 17 28 63 30 41 24 52 32 53 20 
24 28 12 60 49 18 15 41 52 54 63 1 45 37 5 2 29 13 30 39 55 59 44 11 27 56 38 61 57 17 48 43 22 40 62 35 42 31 64 23 51 32 26 36 47 50 7 6 8 53 14 4 20 34 10 33 3 21 9 16 46 58 19 25 
49 51 59 8 56 54 47 52 34 6 45 16 36 31 9 44 7 17 38 3 40 21 58 14 11 64 50 48 20 46 12 41 57 24 10 32 1 53 19 62 61 63 4 18 26 15 22 29 43 33 55 28 37 35 39 13 2 42 25 5 23 30 27 60 
35 29 14 34 46 61 6 16 49 17 53 58 22 62 38 47 59 57 5 54 44 25 23 20 3 21 56 24 55 43 7 40 15 27 26 37 39 60 42 28 19 11 9 13 31 33 8 51 52 41 2 50 48 30 12 1 32 64 4 18 10 63 45 36 
53 31 58 36 17 15 7 19 25 28 39 54 40 55 59 1 10 37 51 9 2 47 42 8 5 13 57 30 52 4 18 23 43 45 33 63 48 50 35 44 14 41 21 49 24 27 6 64 60 22 46 11 61 16 20 32 62 38 26 56 29 3 34 12 
62 55 21 3 40 5 64 24 12 2 19 13 42 10 33 27 48 36 6 60 28 45 50 34 16 32 37 15 17 25 8 59 11 41 38 18 56 47 22 29 20 23 1 35 52 39 58 30 51 14 4 26 63 49 53 44 31 43 61 7 54 57 9 46 
41 11 9 43 25 2 18 38 23 15 4 52 26 61 24 64 46 39 1 33 49 27 56 32 60 53 54 10 35 63 51 14 7 13 12 16 5 30 55 58 50 34 45 47 62 57 44 17 3 8 36 42 40 29 59 31 48 19 20 22 37 6 21 28 
13 27 28 50 10 45 30 1 51 57 60 63 46 18 20 5 19 53 43 61 24 52 22 26 34 29 39 42 49 36 62 2 14 4 31 6 54 40 9 8 16 38 32 48 37 3 12 59 23 56 64 21 7 17 25 58 15 55 44 11 33 47 35 41 
39 48 32 22 26 60 33 4 43 37 3 41 30 7 8 35 11 12 18 63 62 15 16 29 9 44 45 31 1 58 27 6 61 21 51 64 59 23 20 46 56 42 28 2 25 5 55 36 54 47 24 10 34 57 19 38 50 40 52 53 13 17 49 14 
37 20 63 12 42 23 44 57 21 32 56 50 11 48 29 14 30 55 31 35 41 64 13 4 47 38 19 28 22 26 61 33 34 3 52 17 2 36 49 25 43 10 53 54 7 46 40 60 62 27 6 5 9 45 15 18 39 51 8 59 58 16 24 1 
15 59 1 31 22 51 2 20 62 30 36 11 43 23 48 63 26 34 28 12 27 10 45 57 14 25 35 21 42 49 40 52 4 18 64 19 9 8 16 5 55 58 54 7 56 6 37 24 44 29 53 32 50 61 46 41 60 17 13 39 47 38 33 3 
9 23 30 42 60 25 54 36 38 12 1 37 4 46 10 55 40 62 61 59 16 6 21 56 45 15 24 19 3 28 63 39 17 34 22 47 32 57 13 48 52 33 14 43 53 26 2 50 31 20 18 51 5 8 11 64 58 44 27 41 35 49 29 7 
4 63 6 41 44 43 56 28 29 45 33 27 16 8 19 3 14 5 22 30 18 23 9 54 51 36 47 17 32 7 11 26 50 49 20 38 61 46 58 52 10 39 35 64 57 13 48 40 12 60 21 15 2 62 24 25 55 34 53 37 31 1 59 42 
21 39 35 26 19 49 24 13 5 64 15 57 2 14 31 18 37 1 29 53 38 3 17 47 33 4 59 50 58 60 55 34 12 28 25 54 41 44 23 43 32 9 20 51 16 8 63 62 10 6 7 27 36 42 30 56 46 61 22 48 11 40 52 45 
33 12 52 38 3 32 8 27 50 35 7 24 58 34 41 56 64 2 55 42 39 31 60 36 20 9 13 1 10 5 43 46 29 26 53 59 40 37 45 63 44 49 47 61 30 11 4 21 16 17 19 14 22 28 54 48 23 25 18 57 6 51 15 62 
47 17 5 16 61 14 37 58 6 9 42 39 20 40 51 21 13 33 52 46 25 44 15 7 48 57 64 18 62 41 53 30 56 11 36 55 3 27 2 10 45 22 31 60 29 23 34 12 59 1 63 38 43 4 35 49 8 26 32 28 24 50 54 19 
18 7 48 64 50 34 53 45 26 47 25 28 60 13 44 54 49 41 19 51 32 11 24 63 8 23 22 12 38 2 29 61 35 6 15 30 14 62 21 31 46 59 5 42 17 1 3 27 39 40 33 37 52 58 55 57 36 16 56 10 9 43 20 4 
29 62 11 10 57 40 55 46 22 61 52 49 59 32 17 53 20 4 58 8 43 48 35 50 6 37 44 27 16 31 54 56 42 33 1 60 24 51 7 39 18 25 36 15 38 19 28 41 45 26 34 47 23 13 9 3 64 14 21 63 5 12 30 2 
58 8 16 51 59 50 5 62 41 20 26 31 52 36 32 12 43 22 39 1 29 63 19 2 46 61 48 34 4 11 35 37 64 7 40 45 30 24 53 9 54 28 3 17 18 42 14 47 49 21 27 60 33 44 23 6 10 56 55 25 38 13 57 15 
28 61 20 2 31 47 57 49 33 10 62 34 21 51 40 17 27 11 64 48 26 30 53 6 50 42 7 44 60 55 41 36 54 37 8 3 63 4 15 1 22 46 23 19 13 25 29 52 5 38 56 18 14 32 43 39 45 24 58 35 12 59 16 9 
14 45 24 30 41 10 43 22 56 63 48 6 57 64 1 25 54 50 9 7 61 16 34 17 18 12 32 62 15 27 3 5 19 59 47 21 35 33 52 20 60 51 39 53 58 4 38 49 28 55 42 40 31 36 13 11 44 8 2 29 26 23 46 37 
12 36 42 6 15 17 23 48 55 58 14 19 61 4 49 8 38 59 57 40 60 33 10 21 54 52 43 45 51 20 24 63 16 2 29 11 44 18 39 13 37 5 56 26 9 35 27 32 1 46 25 7 30 41 47 34 22 53 28 3 64 62 31 50 
60 9 25 37 13 53 3 29 45 5 11 2 35 30 15 42 52 46 14 23 31 8 32 49 22 1 16 64 56 38 21 58 55 12 41 48 17 6 28 27 33 43 44 62 61 24 50 7 26 10 54 19 59 20 57 63 40 18 47 36 4 34 51 39 
64 40 18 56 34 1 52 39 9 24 46 43 44 59 54 7 3 42 36 45 4 13 37 55 10 6 28 47 31 19 17 49 32 60 23 57 26 25 51 38 2 15 63 8 12 30 41 16 53 35 61 29 58 22 50 62 21 33 14 20 27 11 5 48 
27 54 19 55 33 35 63 21 53 3 38 29 39 60 22 50 62 28 47 44 12 18 25 15 40 2 23 26 14 9 13 57 46 43 58 56 49 10 5 36 1 31 6 34 20 59 11 48 24 16 37 8 64 51 4 45 61 7 42 30 32 52 41 17 
38 46 44 32 4 7 11 26 16 23 18 47 37 27 28 13 5 20 35 56 58 51 41 24 29 59 30 33 53 39 25 8 31 42 14 22 50 61 62 34 40 36 64 55 10 21 57 45 2 48 17 3 12 9 52 15 43 1 49 6 60 19 63 54 
55 26 49 40 48 36 38 63 32 60 30 46 8 53 42 4 41 24 56 57 33 62 54 12 44 28 2 22 61 3 58 47 59 64 11 43 13 14 34 16 23 27 7 52 6 9 31 25 35 15 50 20 45 5 1 51 29 37 17 21 19 10 39 18 
31 60 56 58 11 12 1 42 20 34 37 10 55 9 3 49 4 51 17 28 35 32 8 22 59 50 18 6 29 40 38 24 63 23 30 62 15 39 33 26 21 2 19 44 45 47 54 43 57 36 41 64 13 7 27 61 53 46 16 52 25 48 14 5 
7 57 29 44 6 46 27 64 31 21 16 15 5 39 2 23 36 58 11 13 30 37 55 45 17 60 14 35 8 53 9 62 52 47 61 28 20 49 25 50 42 48 51 10 1 40 24 63 4 43 22 34 19 33 18 59 12 41 38 32 3 54 26 56 
17 33 43 18 32 20 19 10 59 22 47 7 54 41 56 29 15 63 3 52 46 2 5 48 23 45 11 37 30 12 16 31 58 38 35 51 27 42 57 4 34 8 55 14 64 62 26 28 25 44 49 9 39 6 21 53 13 36 1 60 40 24 50 61 
50 52 2 59 39 3 28 34 44 51 27 14 1 12 25 19 9 6 49 16 23 7 43 18 56 26 21 57 41 64 36 20 5 46 37 29 10 17 24 22 15 53 13 58 4 60 61 33 40 62 48 54 38 47 32 8 42 35 63 31 30 45 11 55 
25 24 41 23 53 9 45 14 28 43 50 61 64 11 62 38 42 44 60 21 34 40 47 31 55 46 10 49 13 54 4 51 36 19 7 1 6 32 48 3 29 20 18 59 35 56 39 5 30 12 26 63 16 52 37 17 27 58 15 2 57 22 8 33 
61 21 51 15 47 62 35 8 48 52 58 45 13 17 6 24 50 26 10 25 19 38 1 39 42 27 63 5 34 32 33 7 2 53 18 9 12 54 40 60 36 30 37 57 46 41 16 22 14 31 11 56 3 55 28 29 20 4 23 49 59 44 64 43 
30 5 54 13 16 22 4 37 63 36 40 35 18 26 57 33 61 64 20 14 59 29 27 53 1 48 15 43 25 52 39 19 45 8 55 44 31 41 56 21 12 50 38 11 32 49 17 3 46 2 23 24 10 60 58 42 51 9 34 47 62 28 7 6 
40 35 46 29 1 4 13 59 10 19 57 42 12 58 63 37 32 56 34 47 14 26 2 28 30 16 55 23 45 15 49 9 18 52 27 39 7 5 60 17 24 54 62 22 50 44 33 31 61 25 8 41 21 3 51 43 11 6 64 38 20 36 48 53 
32 34 61 54 45 38 25 12 15 55 49 30 41 47 7 62 51 23 16 27 9 39 3 60 36 35 40 4 6 29 2 11 33 56 46 50 28 22 26 64 13 57 10 20 63 37 5 18 19 52 44 53 1 48 31 14 24 59 43 42 17 21 58 8 
16 64 23 9 55 42 48 6 17 56 51 60 50 28 11 52 22 18 15 43 20 41 59 62 24 5 8 46 33 10 32 13 30 36 3 34 37 35 63 61 7 12 27 45 49 14 21 53 47 54 58 39 26 38 29 40 19 2 31 44 1 25 4 57 
51 58 57 11 8 39 41 56 24 1 20 5 33 44 27 22 45 7 4 6 13 42 29 19 21 43 26 60 59 18 14 25 49 48 54 31 53 16 12 40 17 3 15 32 55 2 52 38 37 9 30 46 35 23 64 36 28 63 50 62 34 61 47 10 
43 53 27 20 30 19 22 18 8 39 54 38 31 21 34 40 12 49 50 55 37 1 33 61 52 62 58 3 64 44 42 28 10 29 2 23 45 15 47 57 48 16 46 25 51 36 59 4 63 7 13 17 32 11 6 24 5 60 35 14 41 9 56 26 
26 47 10 49 24 37 17 3 2 25 13 4 53 45 23 59 8 35 63 64 36 54 40 46 7 31 27 20 48 61 56 50 44 58 9 42 38 21 43 14 41 19 30 6 60 28 1 11 34 5 62 12 57 15 16 22 33 32 39 51 55 29 18 52 
5 2 15 28 52 63 62 50 14 26 29 36 9 43 46 16 17 21 44 31 48 57 30 25 38 51 41 39 12 47 34 53 8 1 6 24 4 19 11 32 64 35 61 40 23 58 42 56 27 59 20 33 18 10 60 55 49 13 37 54 45 7 3 22 
36 14 33 21 7 44 31 60 35 48 61 64 32 3 18 6 58 38 53 24 10 5 11 52 57 54 17 63 19 37 22 1 20 62 59 13 25 55 41 51 8 26 29 39 43 34 47 9 42 50 28 45 49 56 2 4 30 27 40 23 15 46 12 16 
45 15 17 7 9 56 34 44 3 53 22 32 29 1 39 43 21 60 13 49 64 24 31 16 41 33 62 55 11 51 50 38 40 61 63 2 19 28 8 54 47 4 58 5 36 52 23 35 6 30 59 48 25 12 26 10 18 20 57 46 14 37 42 27 
6 38 26 27 12 55 46 35 19 13 41 20 24 42 4 9 63 40 45 58 1 56 51 3 53 47 31 16 18 8 28 60 39 25 34 36 52 7 59 30 49 64 57 50 11 10 43 37 22 61 32 44 62 54 14 5 17 29 48 15 2 33 23 21 
22 37 60 62 51 41 36 53 30 50 59 55 25 33 26 31 2 10 46 38 57 12 14 9 32 24 34 58 27 13 52 48 6 16 5 4 23 20 29 47 3 44 17 28 21 45 18 42 7 39 15 49 8 19 56 35 1 11 54 43 61 64 40 63 
19 1 13 48 2 59 49 32 11 44 10 23 15 38 12 58 55 30 41 34 54 50 18 5 35 7 61 14 39 21 57 64 26 17 42 53 51 3 37 33 62 6 60 9 40 16 56 20 29 45 43 36 28 27 63 46 52 47 24 4 22 8 25 31 
42 18 8 24 63 16 39 33 54 40 5 17 56 6 45 57 44 52 25 20 7 36 48 59 19 49 4 29 9 1 30 10 21 15 60 58 43 11 31 12 38 14 22 27 2 61 46 26 64 51 3 55 47 37 41 23 35 28 62 34 50 53 13 32 
10 4 3 61 54 21 14 5 7 18 28 51 47 52 60 48 23 43 37 15 42 17 62 27 26 22 12 36 46 59 6 44 41 50 57 49 64 45 32 35 31 29 33 30 8 63 25 13 11 24 40 2 53 1 34 20 38 39 19 9 16 56 55 58 
57 30 50 52 43 28 29 23 36 62 64 8 14 63 16 46 6 47 26 19 11 4 61 35 37 3 25 40 2 45 20 42 9 55 48 27 22 1 44 56 53 24 34 41 39 32 15 54 38 58 31 13 17 18 33 21 59 10 7 12 49 5 60 51 
20 25 31 47 64 58 40 11 37 49 2 21 27 35 61 34 28 29 8 32 22 53 39 33 63 17 5 54 43 56 23 15 24 14 13 10 62 38 46 18 59 7 48 12 19 55 51 1 9 57 52 16 4 50 42 60 6 45 3 26 44 41 36 30 
2 19 7 57 18 26 60 61 13 16 8 56 49 22 47 28 35 54 12 41 51 34 63 64 4 10 9 53 40 33 5 27 62 30 17 25 55 58 38 15 6 1 59 31 42 20 36 23 21 37 29 52 11 24 3 50 14 48 46 45 43 39 32 44 
46 13 22 39 23 27 10 15 64 4 31 62 51 54 43 30 56 48 21 37 52 58 38 1 61 63 6 25 44 24 60 16 28 57 49 33 18 26 14 42 11 55 50 29 5 53 45 2 32 34 12 35 41 59 40 9 7 3 36 19 8 20 17 47 
34 49 64 53 36 29 59 25 58 7 17 18 63 50 52 60 33 61 24 22 3 55 46 44 39 8 1 56 26 30 47 54 51 20 32 12 11 43 4 2 57 13 16 21 41 48 35 10 15 28 38 62 27 14 45 19 9 5 6 40 42 31 37 23 
63 3 45 1 38 30 50 9 46 42 23 59 34 25 35 20 31 16 2 36 5 14 4 10 43 18 49 11 21 62 37 55 47 22 56 40 60 52 54 19 39 17 8 24 27 7 32 58 48 13 57 6 51 53 44 26 41 12 29 33 28 15 61 64 
44 56 47 5 58 6 20 43 40 11 12 3 48 2 53 36 18 32 59 29 45 49 28 42 13 34 52 51 7 57 19 17 23 10 21 41 46 9 61 24 26 60 25 37 15 38 62 14 33 4 39 31 55 64 8 54 16 50 30 1 63 27 22 35 
52 32 62 33 35 48 21 54 61 41 24 9 10 29 37 15 39 8 23 11 17 19 57 30 28 58 42 59 36 14 45 22 13 31 50 5 16 63 27 6 4 40 12 46 3 43 64 44 20 18 60 1 56 25 7 47 34 49 51 55 53 26 2 38 
8 41 4 17 37 31 16 55 1 14 6 33 38 5 21 45 25 9 27 50 53 60 26 40 64 20 46 32 23 35 15 12 48 44 39 7 34 29 3 59 28 47 52 63 22 51 19 61 58 49 10 43 42 2 36 30 54 57 11 13 56 18 62 24 
11 42 40 14 28 24 12 51 39 27 44 26 19 57 55 32 47 15 7 62 6 43 20 13 2 41 29 38 50 48 31 3 37 35 45 8 36 64 1 53 9 56 49 33 54 18 30 34 17 23 5 22 46 63 61 16 25 52 60 58 21 4 10 59 
################proper############## 

 average_time = 14.030178 

 success runs = 1 

 total average iters = 511459.000000 
