Success!!! 
 
 max_col = 
 64 
 
 run_time = 
 16.161234 
 
 once iters = 
 417350 
 
49 26 43 48 58 4 64 20 46 41 44 55 33 54 34 18 42 17 59 56 13 30 11 22 38 40 16 47 53 3 51 63 52 45 5 14 37 31 15 9 24 29 1 28 7 8 62 25 10 21 23 12 27 36 32 60 50 19 57 61 6 35 39 2 
11 36 32 56 3 24 28 59 62 15 51 2 64 6 17 52 39 26 55 20 38 12 21 41 5 60 61 10 14 46 31 9 42 40 30 16 18 29 8 34 23 49 22 4 27 45 37 57 35 33 63 44 47 50 48 19 7 25 43 13 1 53 54 58 
22 37 44 12 31 61 35 23 60 29 24 9 50 45 43 48 27 4 51 34 3 32 28 19 58 15 55 8 17 49 57 2 47 63 62 7 53 46 33 26 38 21 40 6 59 11 42 56 30 13 39 25 1 52 54 41 14 18 20 16 5 10 64 36 
17 2 46 41 54 1 29 38 42 7 4 13 58 5 59 11 16 6 36 45 18 57 25 63 64 20 26 34 32 37 39 21 35 10 43 23 44 19 56 51 50 30 14 53 48 60 12 52 49 3 55 61 9 62 40 31 47 24 28 22 8 15 27 33 
9 15 40 10 33 50 63 25 30 31 61 32 53 49 39 14 44 1 37 52 64 62 43 23 27 28 19 12 22 45 41 59 48 38 54 36 24 2 3 55 47 51 16 35 46 34 13 58 18 20 26 5 7 57 6 8 11 29 60 56 21 42 4 17 
60 47 52 34 7 42 57 55 22 28 12 63 10 16 27 37 58 15 33 35 8 40 5 61 43 62 48 23 50 30 24 25 21 32 6 39 1 4 13 11 19 2 36 3 20 54 18 9 56 64 17 53 46 38 29 14 51 44 45 26 41 59 31 49 
8 5 16 18 6 19 62 14 56 35 23 25 57 26 21 47 48 54 7 53 24 9 10 49 29 52 36 42 33 13 1 11 61 27 41 20 59 50 17 60 44 15 39 63 31 43 64 32 28 58 37 22 51 4 45 2 34 40 30 3 38 46 55 12 
21 45 51 13 27 30 39 53 38 8 20 40 36 19 3 1 47 14 50 2 29 31 60 46 6 4 7 44 35 54 56 18 64 28 58 12 57 22 25 49 10 33 41 5 55 61 17 26 34 16 59 15 24 11 43 42 48 62 63 52 9 32 23 37 
3 25 7 38 41 44 12 64 27 10 37 30 51 48 22 45 1 13 32 49 11 54 40 43 36 17 56 62 61 4 50 31 60 52 21 47 29 34 9 15 26 6 5 23 24 53 16 55 20 39 19 59 58 42 14 35 46 63 8 2 33 57 18 28 
2 9 24 49 11 5 6 46 14 25 15 35 18 55 41 20 34 33 19 42 60 61 63 17 7 54 57 38 52 32 12 13 36 37 59 1 28 10 23 39 4 58 31 22 29 56 44 62 53 47 43 16 50 45 8 30 26 27 51 48 3 21 40 64 
27 59 29 1 10 23 17 42 26 5 34 54 39 50 63 16 57 7 41 4 48 24 9 37 35 53 6 60 58 64 30 15 56 46 8 62 25 49 11 2 43 18 51 33 21 47 36 14 61 44 32 28 13 40 3 22 19 31 55 12 45 52 20 38 
50 52 58 35 63 26 32 4 61 38 28 7 6 43 36 12 30 51 21 25 22 14 62 39 55 27 49 11 5 29 3 47 16 33 57 41 19 42 24 20 40 17 64 45 8 48 1 13 54 2 18 23 34 46 31 56 53 10 15 9 37 44 60 59 
40 20 36 16 8 53 19 60 47 57 2 56 13 62 64 23 12 28 35 59 31 50 45 29 33 41 37 24 44 18 21 51 3 4 38 54 14 55 22 63 46 61 9 34 30 39 27 15 25 26 6 1 11 10 52 48 32 5 58 49 42 43 17 7 
13 43 54 30 39 14 37 18 4 33 42 49 31 60 58 9 46 16 20 27 53 6 15 2 48 10 8 28 59 40 34 23 5 64 61 32 45 44 26 17 25 3 50 57 35 41 52 19 12 51 21 63 55 7 36 38 24 1 22 62 29 56 11 47 
34 28 21 57 61 62 55 15 11 3 53 1 59 52 40 46 36 56 44 47 26 64 8 5 20 2 45 63 43 22 16 19 51 13 31 48 6 27 58 18 37 7 38 32 54 12 10 42 60 9 49 29 41 33 24 17 4 35 25 14 23 39 50 30 
33 31 47 45 48 51 56 22 21 17 32 8 19 24 44 29 52 10 58 3 23 18 55 38 39 42 1 26 9 25 46 14 12 30 7 40 50 35 43 53 11 20 28 59 2 49 60 63 62 27 57 4 5 37 15 64 54 34 16 41 13 61 36 6 
23 32 28 51 21 63 45 26 15 14 40 53 29 8 9 57 19 25 1 36 46 56 3 64 24 11 52 43 39 47 42 38 34 5 22 31 35 6 49 33 55 41 20 58 50 10 48 7 13 61 2 60 17 12 4 62 16 59 54 37 27 18 30 44 
36 1 11 50 5 46 31 43 23 39 21 34 62 20 26 59 13 61 8 17 28 45 18 55 25 22 51 40 10 60 4 58 24 15 48 27 3 41 63 19 6 56 37 54 42 30 38 29 33 32 7 49 44 16 57 9 52 14 64 47 12 2 53 35 
10 41 22 14 59 7 33 27 43 1 50 19 60 36 16 51 6 47 11 38 37 39 49 9 8 55 35 13 34 53 15 17 45 44 25 21 32 57 54 4 5 62 3 24 12 23 61 2 63 48 52 56 18 64 30 28 40 46 42 58 31 20 29 26 
57 17 35 20 30 39 16 62 18 6 47 3 38 41 28 49 22 44 40 54 32 53 27 59 2 9 29 45 19 36 26 7 11 51 37 56 42 61 12 8 1 64 13 21 52 33 63 31 43 24 25 46 15 14 50 58 5 4 34 23 48 60 10 55 
47 19 9 6 53 40 52 54 37 46 7 27 2 4 11 61 41 50 63 48 12 35 51 14 59 5 23 30 21 28 62 1 29 18 64 10 58 13 38 16 8 44 57 60 17 22 39 43 31 34 45 20 3 55 42 26 25 36 49 15 56 33 24 32 
37 49 64 2 15 13 60 56 31 55 22 45 52 12 10 44 5 29 43 58 7 42 24 30 57 33 41 46 54 48 14 50 1 26 40 17 39 59 20 47 27 25 32 16 34 35 4 18 36 53 8 11 23 19 38 6 62 61 21 51 63 3 28 9 
44 58 25 55 34 8 4 3 32 64 48 5 56 13 24 42 10 62 52 31 33 60 57 20 61 63 12 6 18 16 49 27 2 23 46 9 43 30 28 14 51 26 11 36 53 15 59 45 47 54 29 35 21 1 37 40 17 7 39 38 50 41 22 19 
29 42 38 61 18 12 48 24 54 58 25 17 63 35 30 33 21 34 26 23 16 15 2 4 56 64 3 31 37 20 44 32 53 36 50 60 55 7 62 52 49 46 19 40 9 14 28 47 51 22 41 39 59 27 10 5 8 45 6 43 11 1 57 13 
55 54 48 27 22 41 1 11 51 13 5 20 49 57 23 40 45 60 15 26 61 38 47 8 18 24 2 25 29 19 28 39 30 31 34 64 21 53 44 7 52 35 12 17 10 16 9 6 32 62 42 43 4 59 58 63 33 50 14 36 46 37 56 3 
39 8 17 63 42 18 44 35 33 56 16 28 24 46 14 21 51 53 54 10 34 22 1 3 41 7 9 64 49 57 45 62 58 25 32 15 38 5 48 40 29 50 55 27 61 59 2 20 37 36 60 30 12 6 19 23 13 26 52 4 47 31 43 11 
4 29 30 64 62 33 26 13 1 12 52 48 47 17 53 36 9 58 6 19 56 25 50 35 16 43 34 22 27 61 40 20 59 24 63 49 11 18 45 23 14 60 21 44 37 31 15 46 55 10 54 51 2 41 5 3 28 42 32 39 7 8 38 57 
51 50 20 53 2 57 10 5 39 11 29 6 42 9 32 8 55 63 31 33 43 27 64 21 13 26 4 48 3 59 23 37 54 16 28 52 56 47 46 62 7 38 45 30 25 36 58 34 14 18 44 24 40 22 17 1 15 41 35 19 60 12 49 61 
7 21 45 43 40 58 15 19 2 59 54 50 41 31 25 38 18 46 30 37 14 4 39 11 52 36 44 5 60 6 35 10 13 12 3 57 33 9 42 61 63 32 23 62 22 1 49 48 26 56 64 47 28 8 16 20 55 53 17 24 34 27 51 29 
59 46 23 24 38 60 34 9 55 61 26 62 27 3 7 22 17 12 49 13 42 5 16 48 32 58 47 33 30 50 53 8 20 14 4 51 36 37 10 1 39 57 56 64 43 28 19 41 45 52 31 21 35 29 11 15 6 2 40 44 18 54 25 63 
28 3 12 52 56 49 36 16 10 34 45 60 4 64 37 15 32 40 62 7 41 29 59 44 63 21 14 55 11 31 17 42 19 8 27 50 2 43 6 35 33 24 47 26 18 51 54 53 38 46 48 13 39 25 61 57 22 30 23 1 58 9 5 20 
31 6 37 32 47 25 14 61 63 30 19 58 35 44 18 43 24 52 28 57 20 2 23 36 12 56 38 51 1 15 54 46 55 39 29 22 17 26 60 41 42 4 8 11 13 3 40 5 9 7 34 50 49 53 27 33 64 48 62 10 59 16 21 45 
38 64 34 42 23 20 25 32 45 16 3 10 21 30 19 56 50 8 57 44 4 13 17 18 47 6 43 15 40 5 22 61 28 58 9 2 26 11 59 48 60 27 54 41 63 46 7 35 29 31 51 14 33 39 1 24 37 52 53 55 49 36 12 62 
62 14 31 29 37 27 30 57 24 47 11 15 44 59 1 4 43 39 9 5 55 58 32 12 45 46 21 56 2 7 25 53 38 20 18 34 16 64 36 50 17 52 26 48 49 19 23 40 3 8 10 41 6 60 35 54 61 13 33 63 51 28 42 22 
6 18 33 46 43 59 11 36 64 42 58 57 40 14 49 41 63 20 48 15 35 16 56 34 60 29 24 9 38 1 32 54 31 19 39 4 12 52 61 13 53 28 25 55 45 44 51 22 23 30 62 26 37 47 7 27 3 17 5 21 2 50 8 10 
5 7 1 21 16 45 58 17 6 52 27 61 23 34 29 60 31 19 2 64 51 11 33 62 26 12 39 49 63 44 8 48 15 57 35 53 46 25 55 56 32 14 10 18 3 50 30 37 22 4 28 36 42 13 59 43 41 38 47 54 20 24 9 40 
41 4 10 26 12 35 61 28 17 53 39 51 54 32 50 2 3 38 25 14 49 23 36 27 42 37 33 19 13 58 55 34 22 7 60 6 47 63 29 24 21 16 62 31 5 9 8 1 44 40 46 64 57 20 56 52 59 43 18 11 15 30 45 48 
24 60 49 15 55 47 8 2 36 9 35 43 12 22 48 28 54 21 29 30 1 46 42 45 50 51 20 52 31 14 10 3 44 41 33 37 62 40 27 32 59 13 34 38 11 58 57 64 17 63 16 18 25 5 53 61 23 56 19 7 39 26 6 4 
52 63 39 3 19 56 51 40 13 62 8 38 37 18 33 55 26 41 53 60 59 7 22 24 17 35 28 57 16 11 36 30 14 49 23 42 5 54 1 10 15 47 4 20 6 29 43 61 48 50 9 34 45 21 2 12 44 32 31 27 25 64 58 46 
53 48 13 44 9 22 54 50 20 63 31 46 26 25 5 7 28 37 47 61 52 10 6 40 62 18 59 27 23 41 64 4 17 43 45 8 51 3 30 21 12 42 33 39 56 2 24 36 15 38 11 19 32 58 49 55 35 57 29 60 14 34 16 1 
43 61 53 11 49 48 46 31 41 23 9 59 7 1 6 50 15 5 27 29 17 26 58 51 14 45 25 32 42 12 18 33 57 35 55 3 60 62 4 37 16 10 2 47 38 40 21 44 64 28 22 52 36 24 34 39 30 8 56 20 19 13 63 54 
58 27 4 47 14 28 9 51 3 22 55 18 61 63 56 24 35 49 60 32 50 20 31 54 30 16 17 37 62 2 7 26 40 34 1 19 52 45 5 38 64 12 6 13 41 42 29 8 46 57 15 10 43 44 33 53 21 39 11 25 36 48 59 23 
1 22 6 23 64 15 2 30 25 45 10 39 8 28 31 32 38 24 14 9 47 37 19 57 4 34 63 50 20 51 60 44 26 54 56 11 13 58 41 43 18 55 48 46 36 52 35 59 5 42 61 17 29 3 21 49 27 33 12 40 16 62 7 53 
54 57 50 36 60 52 41 12 49 26 38 16 20 15 51 35 4 43 45 8 30 1 34 42 22 48 40 53 64 56 59 29 7 21 14 28 10 24 2 46 3 23 27 61 33 25 11 39 6 55 58 37 19 63 62 13 18 9 44 17 32 5 47 31 
42 33 26 40 24 29 13 8 44 54 14 37 48 47 52 17 56 64 23 22 62 28 12 7 10 3 5 21 46 43 6 57 27 9 20 25 49 36 39 31 30 19 63 51 15 32 53 50 59 11 35 38 16 2 41 18 1 55 4 45 61 58 34 60 
63 35 56 39 17 34 7 21 19 2 64 4 5 40 42 30 11 55 61 18 10 33 44 16 9 1 13 41 36 27 38 49 50 53 15 29 48 23 51 59 54 37 43 14 58 62 45 28 8 25 12 32 60 31 20 47 57 6 26 46 52 22 3 24 
16 38 3 5 45 10 18 37 58 27 57 21 11 33 13 62 53 36 46 41 25 59 48 52 31 19 15 39 55 8 61 28 63 6 47 44 30 17 32 12 34 9 24 56 4 20 22 60 50 1 14 40 26 54 23 7 49 64 2 42 43 29 35 51 
20 62 19 25 32 55 59 44 53 36 46 12 43 29 60 34 2 3 39 40 63 21 13 6 11 23 54 58 47 35 52 24 33 22 42 61 8 16 18 64 57 31 49 7 1 5 26 17 27 45 56 9 48 30 51 4 38 15 41 28 10 14 37 50 
18 12 62 4 1 37 50 39 52 20 60 22 34 21 57 54 14 48 13 46 27 36 7 53 40 44 58 59 51 55 19 45 6 56 24 5 31 33 16 42 28 63 30 2 64 17 32 10 11 23 3 8 38 15 9 25 29 49 61 35 26 47 41 43 
32 53 55 60 25 2 42 34 29 51 63 33 30 38 35 64 62 59 17 28 40 8 41 31 3 50 10 18 4 39 43 16 9 47 44 46 20 48 37 57 22 45 7 1 23 13 56 49 24 12 5 58 14 61 26 21 36 11 27 6 54 19 15 52 
15 56 61 7 26 11 20 48 9 24 43 36 46 2 62 31 23 18 16 12 57 3 4 10 53 25 30 1 6 52 29 64 49 60 13 55 22 32 40 45 35 5 42 19 14 21 33 38 41 59 47 27 54 17 39 50 63 58 37 34 28 51 44 8 
64 23 59 31 35 54 3 63 50 32 6 42 16 61 55 26 60 2 34 21 19 49 37 47 15 14 22 17 57 33 27 5 39 62 53 58 7 8 52 28 36 43 44 25 40 4 41 11 1 29 13 48 10 51 18 45 12 20 9 30 24 38 46 56 
30 24 14 28 36 17 21 52 12 37 13 41 1 39 4 25 64 42 22 63 9 43 35 50 46 32 62 61 48 34 47 56 18 59 11 38 27 51 19 29 31 8 58 15 16 26 3 54 2 60 53 6 20 49 55 44 10 23 7 57 40 45 33 5 
45 13 5 58 57 16 27 33 7 48 49 11 28 23 15 19 61 32 56 51 6 44 20 26 54 8 42 36 24 38 37 41 43 1 10 63 4 21 14 25 9 53 59 29 39 55 47 12 40 35 30 31 52 34 22 46 60 3 50 64 62 17 2 18 
19 44 41 9 51 43 40 6 5 18 17 47 14 58 8 10 33 45 38 39 54 55 29 15 21 49 60 2 28 63 11 35 23 3 26 30 34 12 50 36 20 48 61 52 57 27 46 24 7 37 4 42 62 56 64 32 31 22 1 59 53 25 13 16 
46 10 8 22 29 38 47 49 59 40 56 44 3 27 45 53 25 11 5 24 58 52 30 1 23 13 31 20 7 26 9 12 41 17 2 35 61 15 64 54 62 34 18 37 60 6 50 51 57 19 36 33 63 43 28 16 39 21 48 32 4 55 14 42 
26 51 18 17 20 9 22 29 34 19 41 31 32 53 47 58 8 35 42 11 36 48 14 13 28 59 27 4 12 62 2 6 10 50 16 24 15 39 7 30 56 40 46 49 44 64 55 33 52 43 38 54 61 23 25 37 45 60 3 5 57 63 1 21 
48 16 15 37 52 32 24 1 40 44 62 26 22 51 12 13 20 9 3 50 2 41 38 33 19 31 46 29 45 21 63 36 25 11 49 18 23 56 34 5 58 39 35 8 47 57 6 4 42 17 27 55 64 28 60 10 43 54 59 53 30 7 61 14 
56 55 42 59 4 36 49 45 28 50 30 23 15 7 61 5 29 57 10 1 21 47 46 58 34 38 32 16 41 17 48 43 37 2 19 33 54 14 35 3 13 22 60 12 26 63 31 27 39 6 20 62 53 18 44 11 9 51 24 8 64 40 52 25 
12 11 57 33 28 64 38 58 48 21 36 14 45 42 46 6 59 23 18 43 5 34 52 32 37 61 53 54 56 10 20 55 8 29 17 26 40 60 31 27 41 1 15 9 19 7 25 30 16 49 24 3 22 35 63 51 2 47 13 50 44 4 62 39 
14 34 2 19 46 3 23 10 35 43 33 24 25 56 38 27 37 22 12 55 39 63 61 60 49 30 11 7 8 9 5 40 32 42 51 13 64 28 53 44 45 54 52 50 62 18 20 21 4 41 1 57 31 26 47 59 58 16 36 29 17 6 48 15 
61 40 63 54 13 31 43 7 57 60 1 29 9 37 2 3 49 30 4 6 15 51 53 25 44 39 64 14 26 42 33 22 62 55 52 59 41 20 47 58 48 11 17 10 28 24 34 16 21 5 50 45 8 32 46 36 56 12 38 18 35 23 19 27 
35 30 27 62 50 21 5 41 8 49 59 52 55 10 20 39 7 31 64 16 44 17 54 28 51 47 18 3 25 24 58 60 4 48 12 45 63 1 57 6 61 36 53 43 32 38 14 23 19 15 40 2 56 9 13 29 42 37 46 33 22 11 26 34 
25 39 60 8 44 6 53 47 16 4 18 64 17 11 54 63 40 27 24 62 45 19 26 56 1 57 50 35 15 23 13 52 46 61 36 43 9 38 21 22 2 59 29 42 51 37 5 3 58 14 33 7 30 48 12 34 20 28 10 31 55 49 32 41 
################proper############## 

 average_time = 16.161234 

 success runs = 1 

 total average iters = 417350.000000 
