Success!!! 
 
 max_col = 
 64 
 
 run_time = 
 27.906669 
 
 once iters = 
 900078 
 
44 16 9 37 29 60 55 21 43 3 56 31 8 6 11 25 40 41 48 17 20 52 62 22 1 23 7 46 36 24 33 39 10 19 54 35 12 27 47 57 4 18 26 42 30 64 51 28 58 13 61 59 14 50 45 15 49 63 34 53 38 5 2 32 
62 12 10 54 38 64 61 6 51 36 22 16 44 27 55 30 47 60 28 31 42 35 32 13 53 19 17 9 58 57 26 49 21 3 63 45 18 14 52 4 1 5 39 41 40 29 37 43 34 20 56 23 25 48 2 46 7 50 8 15 59 33 24 11 
1 49 26 24 53 14 15 50 63 29 48 19 42 9 57 7 16 44 51 8 30 27 59 6 18 3 12 45 25 54 61 21 17 28 13 36 2 55 23 46 34 11 56 20 32 38 10 58 47 33 62 37 4 52 5 60 31 39 64 22 40 35 41 43 
57 4 11 8 34 30 28 46 50 2 20 54 45 38 1 23 3 24 43 29 25 12 21 10 55 15 63 59 14 5 27 64 49 41 33 26 51 7 6 48 9 60 31 62 53 22 13 52 39 42 32 40 19 17 16 35 18 56 37 36 44 47 58 61 
31 33 41 42 47 45 35 13 60 59 5 61 12 46 21 24 38 7 18 4 34 2 36 54 51 20 28 10 56 62 32 52 39 16 40 37 11 8 58 64 17 15 44 25 49 3 50 19 27 55 22 29 63 53 9 43 57 48 26 23 30 14 6 1 
25 56 5 23 59 27 7 43 18 49 15 52 53 37 40 41 57 39 61 45 14 33 26 58 2 44 30 31 6 50 16 60 1 42 32 22 62 34 29 38 46 54 48 55 36 47 63 35 8 21 24 64 3 12 28 11 4 17 51 9 10 20 19 13 
32 63 20 48 19 17 2 3 10 28 64 34 35 39 33 58 56 11 37 46 1 55 15 50 29 13 47 41 8 4 40 22 9 43 25 53 44 59 30 5 21 23 14 61 24 6 57 27 36 38 18 51 49 26 7 31 12 62 52 42 60 16 54 45 
18 22 51 39 52 40 58 36 62 4 17 14 26 13 32 47 53 64 23 49 9 19 63 5 37 11 35 34 48 43 38 42 61 20 56 24 60 50 15 31 16 7 33 12 8 45 2 59 30 57 1 10 41 6 54 44 28 21 27 25 3 46 29 55 
38 1 7 9 32 4 49 23 16 8 33 11 63 10 39 29 50 21 6 54 22 62 19 55 35 18 58 36 37 15 31 51 5 24 42 59 25 60 64 53 14 30 12 47 48 2 43 45 20 40 3 27 26 57 52 28 44 13 17 46 61 34 56 41 
36 20 34 46 48 5 3 63 35 55 32 13 37 25 53 51 41 2 42 38 47 45 9 8 56 16 14 4 27 59 52 62 7 33 19 44 39 11 61 18 28 24 60 6 15 40 22 1 54 29 17 50 23 49 21 12 64 58 30 43 26 31 57 10 
50 10 18 6 28 13 39 60 24 5 44 62 30 14 19 31 64 12 35 20 4 59 17 32 47 2 26 43 63 61 49 3 40 29 22 1 46 48 54 45 8 21 42 38 9 52 36 57 33 16 37 41 53 56 34 58 23 11 25 55 15 7 27 51 
37 52 12 51 31 29 24 42 4 64 23 58 22 3 59 57 13 5 27 14 10 53 60 39 54 40 55 8 45 48 20 17 16 15 62 6 41 9 56 34 7 46 19 63 35 61 26 18 1 44 25 30 11 43 36 2 47 33 49 38 50 28 32 21 
43 57 54 62 30 19 53 59 27 48 60 40 2 7 15 28 26 3 11 61 51 31 56 18 42 25 39 32 46 64 12 34 23 55 20 10 13 63 35 21 49 33 17 4 50 58 44 41 6 14 9 22 47 24 38 5 52 29 45 8 37 1 36 16 
16 61 22 2 64 33 25 8 20 47 41 17 50 54 26 9 30 48 34 15 23 46 43 29 28 21 5 44 1 38 6 53 14 52 57 31 36 49 27 58 39 37 11 13 55 32 56 10 18 60 42 45 51 7 62 19 24 59 63 3 35 40 4 12 
17 58 56 27 21 47 14 44 6 12 46 1 36 45 43 61 52 40 33 24 63 25 16 49 50 7 57 13 23 9 11 41 38 32 26 28 30 4 51 37 64 20 5 54 34 59 3 29 15 48 39 8 35 31 55 10 22 60 62 2 19 42 18 53 
35 40 15 55 41 26 11 45 52 34 42 56 49 21 18 38 37 1 7 58 36 28 44 57 22 33 24 60 19 10 29 30 12 8 47 2 43 17 3 50 51 53 25 27 62 16 23 31 59 61 64 32 46 63 13 4 54 20 14 5 9 39 48 6 
3 32 50 33 4 22 1 51 29 19 6 36 48 52 5 35 11 55 44 9 49 16 14 62 46 24 10 15 13 42 2 57 56 18 64 17 7 20 21 12 60 41 8 39 43 27 38 23 28 31 58 26 37 54 61 40 30 34 47 59 53 63 45 25 
54 44 39 49 11 9 31 2 21 51 3 42 38 18 34 55 32 50 46 52 7 63 53 56 4 1 23 22 47 28 43 37 41 5 61 48 57 10 59 6 29 26 58 16 20 14 62 40 25 35 45 19 60 15 30 8 33 27 13 12 36 24 17 64 
45 60 64 29 63 41 19 14 23 24 13 53 20 33 54 32 8 31 3 28 58 40 30 47 39 38 62 56 55 25 21 18 15 26 51 46 27 43 36 2 11 44 35 34 6 48 59 37 17 4 12 7 57 16 42 1 61 52 5 50 22 10 49 9 
24 42 52 13 8 21 27 35 61 11 63 50 56 26 2 40 36 15 38 5 39 22 18 37 49 41 59 16 17 29 19 31 54 45 14 32 3 1 62 30 12 25 9 57 33 7 53 47 51 10 46 48 43 34 64 23 20 6 60 44 55 58 28 4 
12 34 58 20 25 7 37 15 28 31 62 22 9 44 27 46 10 51 21 42 54 13 48 4 45 6 61 52 30 26 60 35 8 47 29 40 38 33 11 24 5 50 36 56 64 18 17 49 41 3 53 55 2 59 63 14 43 23 16 32 57 19 1 39 
6 5 53 61 10 55 59 17 30 1 14 12 43 49 41 8 27 23 25 64 26 57 29 24 3 36 51 58 20 44 54 33 4 34 16 9 28 35 42 60 22 45 15 2 63 19 52 21 62 11 13 39 56 47 50 32 38 37 40 7 18 48 46 31 
30 26 47 16 46 43 48 62 37 7 58 57 4 64 45 59 2 17 12 6 60 1 35 20 11 32 40 63 5 34 53 50 52 25 23 55 19 39 22 44 54 28 10 31 51 42 61 13 49 9 38 18 24 33 27 36 14 3 29 21 56 41 15 8 
23 36 28 56 57 18 38 40 47 10 25 39 60 17 16 15 45 34 19 33 43 41 61 59 12 64 8 14 9 7 48 27 63 37 49 58 50 31 53 13 24 3 55 32 1 46 30 4 29 52 21 20 6 5 44 22 42 51 11 35 54 26 62 2 
10 30 33 53 37 35 22 4 9 13 11 48 29 32 17 64 43 27 41 55 59 14 3 23 5 62 21 12 18 45 8 1 58 57 28 25 26 6 38 63 15 61 49 50 19 56 47 24 60 46 2 34 7 44 39 54 36 40 42 16 31 52 51 20 
34 15 8 60 6 58 18 55 26 21 54 38 5 41 63 62 19 37 1 50 64 4 47 51 9 31 16 23 39 53 13 32 30 40 46 29 56 44 7 61 45 36 57 10 14 43 35 42 52 49 33 12 22 20 3 27 25 24 2 28 11 17 59 48 
2 43 49 59 13 31 47 61 40 27 30 25 1 23 24 16 21 8 10 57 29 42 39 45 60 58 37 48 4 56 28 15 50 62 35 33 34 52 14 55 26 12 22 51 3 20 41 32 64 19 6 17 9 36 11 38 5 44 53 54 63 18 7 46 
56 51 38 19 9 1 40 54 45 57 53 18 7 28 10 36 44 58 49 48 17 6 5 30 14 61 34 33 26 41 46 55 20 22 31 12 15 24 16 59 52 8 2 11 60 25 64 39 43 37 63 62 50 23 35 42 21 47 4 13 27 32 3 29 
11 29 46 44 7 48 41 12 3 61 31 4 33 42 58 2 63 35 16 56 62 15 52 36 64 50 54 24 51 17 22 20 27 13 43 49 37 5 19 39 59 6 1 40 18 55 34 30 10 53 26 28 21 32 25 47 8 45 38 60 23 9 14 57 
26 24 57 45 5 28 23 25 44 60 43 15 55 47 14 50 18 32 9 34 40 20 22 12 36 10 27 38 52 3 59 29 64 53 21 11 54 41 2 42 62 63 7 37 13 31 46 17 16 8 4 58 48 51 1 30 19 61 35 39 6 56 33 49 
64 39 21 14 62 32 63 52 22 20 19 49 59 12 46 37 31 53 13 26 24 60 38 7 6 35 2 42 44 11 25 47 51 17 45 3 8 36 48 10 27 9 16 23 28 4 33 54 57 5 40 61 18 41 56 29 55 30 15 34 1 43 50 58 
27 3 42 17 50 20 36 16 56 39 34 35 6 51 8 52 28 46 54 25 2 61 11 33 40 57 43 7 49 30 63 19 32 9 18 60 4 47 1 23 44 29 53 48 21 5 58 38 31 15 55 14 59 45 24 13 37 10 22 26 41 64 12 62 
51 53 48 58 22 8 62 47 59 32 9 5 21 55 23 39 34 52 31 37 45 49 64 27 44 54 19 50 7 12 35 24 33 46 11 15 16 29 25 40 57 56 28 36 61 1 20 26 3 6 43 42 13 18 60 17 63 14 41 30 2 4 10 38 
39 64 14 36 60 24 44 38 57 52 2 37 54 1 51 56 20 29 40 41 48 50 33 17 8 42 13 30 3 21 23 9 35 49 55 4 10 26 18 43 53 27 59 5 7 15 16 6 22 25 31 63 28 46 58 62 32 12 19 47 45 61 11 34 
61 54 40 50 35 10 20 29 48 14 38 47 3 22 6 49 39 56 26 13 32 30 25 43 33 37 41 55 53 63 18 4 24 36 34 7 58 12 44 8 19 64 62 17 31 23 42 2 5 51 52 1 45 11 15 57 60 16 46 27 28 21 9 59 
33 55 63 28 23 57 30 18 7 17 45 27 10 58 4 11 42 38 36 44 5 21 6 19 31 46 60 47 59 16 39 26 2 48 53 62 64 51 13 54 37 43 41 29 22 12 9 8 50 34 49 56 32 61 14 20 1 35 3 40 25 15 52 24 
7 19 6 25 2 15 42 27 53 63 28 33 18 62 12 43 4 57 8 59 16 51 10 9 34 29 52 11 61 32 1 56 31 39 38 5 20 30 41 17 3 49 50 46 45 60 40 14 35 54 44 36 64 21 47 24 26 22 23 58 48 13 55 37 
46 59 32 11 12 37 13 26 34 42 50 64 19 8 44 20 24 28 63 62 15 18 23 60 27 51 38 25 43 58 45 5 6 1 3 61 22 56 57 14 35 55 54 52 47 30 21 48 9 41 10 2 29 4 40 16 17 49 39 31 7 36 53 33 
21 17 1 41 49 16 9 31 15 35 61 60 24 36 25 13 54 47 2 12 46 58 7 3 57 22 48 6 62 40 14 28 42 50 37 63 45 19 32 52 10 38 4 18 11 51 39 34 23 27 59 53 55 30 26 33 29 64 43 56 20 8 5 44 
5 45 43 4 3 52 34 56 41 40 16 29 46 31 30 26 35 22 14 1 53 11 55 61 15 17 20 49 2 36 64 10 59 27 60 47 23 21 9 28 25 13 24 44 58 63 32 33 37 39 48 38 12 8 19 7 6 57 18 51 62 50 42 54 
20 14 23 34 54 46 50 11 1 38 29 55 58 53 9 60 49 42 30 18 12 56 45 52 43 59 32 17 21 37 24 13 25 4 7 41 31 62 5 36 63 57 27 35 44 33 19 22 2 26 51 15 40 64 48 3 39 8 10 61 47 6 16 28 
42 2 29 30 36 63 12 39 5 43 18 28 61 57 7 10 14 59 64 3 27 47 34 15 25 60 22 26 38 20 44 58 13 21 24 16 40 32 55 9 50 48 23 45 41 11 6 62 46 56 54 52 8 37 53 49 35 19 1 33 4 51 31 17 
58 35 4 52 26 3 60 49 33 41 24 45 62 2 42 22 1 61 53 7 21 9 37 28 10 55 29 18 34 31 57 23 48 38 30 54 17 15 12 19 47 39 64 8 59 36 25 51 14 43 16 5 27 13 6 63 56 32 50 20 46 11 44 40 
47 21 31 15 1 6 51 37 36 30 59 8 34 63 49 3 55 26 17 39 57 10 46 44 16 12 50 27 41 52 9 40 29 2 58 56 42 45 28 11 20 4 18 43 54 13 24 5 19 23 35 60 33 38 32 61 62 53 48 14 64 22 25 7 
41 18 17 57 55 53 45 48 14 25 37 46 52 20 13 4 29 62 5 35 38 23 40 16 19 39 42 1 15 33 51 7 43 44 6 50 49 64 8 27 32 10 21 9 56 28 12 61 11 36 34 47 30 22 31 59 2 54 58 63 24 3 60 26 
28 7 27 32 24 61 33 22 39 54 40 51 17 16 64 12 25 36 20 19 6 43 50 63 48 56 49 35 11 8 5 45 37 60 59 14 47 46 34 26 31 2 38 58 42 53 1 3 4 62 41 44 10 9 18 21 13 15 55 52 29 57 23 30 
59 8 25 40 44 38 64 19 32 50 35 6 11 15 56 27 51 13 60 22 31 48 58 41 62 53 4 54 28 2 47 46 3 63 10 23 52 61 20 33 30 14 37 26 16 49 29 55 12 7 57 24 1 42 17 39 34 36 9 18 21 45 43 5 
9 62 13 5 16 56 43 10 19 26 21 23 31 48 47 44 33 4 24 32 11 8 54 2 61 14 36 3 64 6 30 63 57 35 1 51 53 18 39 22 40 52 46 7 17 34 15 60 55 58 50 25 20 28 29 45 41 42 12 37 49 59 38 27 
48 11 36 22 14 25 32 7 17 33 52 21 16 56 29 42 23 20 58 47 18 34 2 64 30 4 44 19 35 46 3 61 53 59 39 27 55 54 45 49 41 31 51 24 10 9 8 63 38 28 60 13 62 40 57 26 15 43 6 1 5 12 37 50 
19 38 44 18 56 34 4 5 25 53 8 41 39 43 31 1 59 33 22 11 37 17 12 48 26 9 45 64 16 27 7 54 62 14 2 30 24 42 63 35 61 40 52 15 46 50 60 20 21 32 29 3 58 55 23 6 51 28 57 10 13 49 47 36 
53 9 45 31 39 51 8 24 64 22 55 10 40 30 60 48 62 43 56 63 35 44 57 1 59 47 15 20 12 23 50 14 46 6 5 13 29 28 4 7 58 32 34 49 38 17 18 36 42 2 11 54 61 25 33 37 16 41 21 19 52 27 26 3 
52 23 60 3 40 49 54 20 11 6 47 26 57 4 61 5 15 30 45 16 41 39 24 25 17 48 56 28 29 51 42 38 44 58 36 43 21 37 31 1 2 19 13 53 27 62 14 12 63 22 7 9 34 10 46 50 59 18 32 64 33 55 8 35 
15 27 37 64 58 59 26 1 13 46 7 2 28 50 38 63 6 14 32 51 61 29 4 42 21 8 18 57 10 49 55 36 19 56 48 34 33 40 60 25 23 47 43 3 5 44 54 11 24 45 20 16 52 35 12 41 53 9 31 62 17 30 39 22 
29 46 2 35 43 50 6 28 49 15 27 24 23 19 37 34 7 9 55 40 8 36 13 21 52 63 11 39 33 60 62 25 18 12 41 64 32 3 10 20 42 59 30 22 26 57 4 16 56 47 5 31 17 1 51 53 45 38 44 48 58 54 61 14 
55 41 61 21 42 12 57 30 54 62 36 32 51 35 20 18 46 10 52 53 3 26 27 38 13 5 6 37 31 22 58 43 11 23 50 8 9 16 17 47 33 1 45 28 25 39 48 7 44 59 19 49 15 14 4 64 40 2 24 29 34 60 63 56 
63 13 16 47 17 62 10 33 58 44 12 9 14 59 3 45 5 49 50 60 19 54 28 31 24 34 53 40 32 1 41 2 22 51 52 57 61 38 26 15 56 35 6 21 29 37 55 64 48 30 36 43 39 27 8 18 11 46 7 4 42 25 20 23 
22 6 19 10 61 36 46 57 8 9 39 43 15 60 62 33 58 54 59 30 44 5 41 11 7 45 31 29 42 18 56 48 28 64 12 52 63 13 24 51 55 34 40 14 2 26 49 53 32 1 27 21 38 3 37 25 50 4 20 17 16 23 35 47 
60 25 62 38 27 2 21 32 31 37 57 7 41 5 48 53 17 19 39 43 13 3 51 26 63 49 64 61 40 55 15 16 34 30 4 18 14 23 46 29 36 42 20 33 12 35 11 9 45 50 47 6 54 58 59 56 10 1 28 24 8 44 22 52 
8 37 35 63 20 23 17 53 55 18 49 44 32 24 22 54 61 16 47 21 33 38 31 46 41 52 9 51 60 14 4 59 26 7 15 19 1 2 50 62 48 58 3 30 57 10 45 25 13 64 28 11 36 39 43 34 27 5 56 6 12 29 40 42 
14 48 55 7 51 39 52 34 38 56 10 20 13 11 50 19 12 45 62 23 28 37 8 53 58 27 25 21 24 35 36 6 47 31 44 42 59 57 33 41 43 17 29 1 4 54 5 15 40 18 30 46 16 60 22 9 3 26 61 49 32 2 64 63 
49 31 3 12 33 11 5 64 42 58 1 63 47 61 52 14 9 25 4 36 50 24 20 35 23 30 46 2 22 13 37 8 55 54 27 21 6 53 40 16 18 62 32 19 39 41 28 56 26 17 15 57 44 29 10 51 48 7 59 45 43 38 34 60 
4 47 30 26 18 54 56 9 46 45 51 3 64 34 36 21 22 6 29 2 52 7 49 40 20 28 1 5 50 19 10 11 60 61 17 39 48 25 43 32 38 16 63 59 23 24 27 44 53 12 8 35 42 62 41 55 58 31 33 57 14 37 13 15 
13 50 24 43 45 42 29 58 12 16 4 59 27 40 28 17 48 18 15 10 55 64 1 14 32 26 3 53 57 47 34 44 36 11 8 38 35 22 49 56 6 51 61 60 37 21 31 46 7 63 23 33 5 2 20 52 9 25 54 41 39 62 30 19 
40 28 59 1 15 44 16 41 2 23 26 30 25 29 35 6 60 63 57 27 56 32 42 34 38 43 33 62 54 39 17 12 45 10 9 20 5 58 37 3 13 22 47 64 52 8 7 50 61 24 14 4 31 19 49 48 46 55 36 11 51 53 21 18 
################proper############## 

 average_time = 27.906669 

 success runs = 1 

 total average iters = 900078.000000 
