Success!!! 
 
 max_col = 
 64 
 
 run_time = 
 9.982271 
 
 once iters = 
 215961 
 
37 13 34 44 36 60 4 29 46 24 11 30 25 1 23 8 48 12 49 19 56 31 32 53 61 43 20 5 45 14 59 57 17 55 16 18 64 54 39 26 15 33 6 35 2 50 9 10 63 7 51 38 42 62 52 28 21 40 22 3 58 47 27 41 
52 5 9 27 43 8 18 30 41 64 13 4 32 53 57 28 47 59 33 50 61 3 42 36 31 10 40 16 29 46 17 15 11 58 38 22 35 14 37 21 20 39 62 1 63 19 56 25 44 6 23 2 48 12 26 55 24 45 60 49 7 34 51 54 
53 56 12 57 32 48 14 64 63 36 51 35 21 43 26 55 5 58 46 22 6 60 30 28 9 41 4 19 1 52 18 33 49 24 23 45 8 47 59 15 44 61 38 31 37 11 54 7 20 50 34 27 25 3 40 13 62 42 16 29 17 10 39 2 
23 39 16 22 46 45 63 7 47 17 27 2 44 31 3 62 29 34 25 1 52 10 54 41 28 11 37 6 38 26 30 50 20 53 57 33 61 48 13 42 58 12 40 14 21 60 24 51 32 59 18 8 4 49 5 19 9 64 43 56 35 15 55 36 
35 62 6 33 31 47 61 25 22 50 54 59 29 12 37 7 63 55 16 27 43 11 9 38 56 48 49 34 60 51 42 24 3 1 30 28 5 40 2 4 17 46 53 13 36 23 26 52 39 41 64 10 58 21 45 15 32 8 19 20 44 14 57 18 
51 11 10 41 24 40 15 2 58 56 33 60 16 38 39 14 4 45 18 62 20 35 13 21 36 27 44 3 64 23 53 22 63 50 25 6 34 19 12 7 32 8 59 57 55 49 42 5 43 17 9 47 31 54 1 29 30 28 48 61 37 46 26 52 
21 38 42 58 59 55 49 3 15 10 34 61 19 45 48 20 14 7 44 40 17 37 26 23 32 8 62 2 54 39 12 13 9 43 36 46 41 29 52 51 28 22 27 18 64 4 47 30 60 33 57 24 56 35 53 16 50 5 31 6 25 11 1 63 
28 26 54 19 1 50 20 17 40 49 42 5 9 18 6 52 57 8 2 15 64 24 51 39 21 55 25 47 63 35 58 7 27 62 56 31 10 32 60 44 16 34 48 29 43 41 45 3 46 11 22 36 61 14 37 30 33 23 12 59 38 4 13 53 
47 32 20 17 8 37 24 63 34 12 39 26 55 36 64 48 60 41 1 51 31 61 59 49 22 16 45 38 2 44 4 14 15 54 21 43 23 62 9 56 18 6 11 28 46 52 50 35 40 27 58 29 5 33 3 10 13 53 57 25 42 30 19 7 
38 40 50 4 58 35 5 15 28 19 10 52 54 57 9 31 33 43 36 11 53 23 14 6 46 21 18 51 32 30 7 62 41 34 2 64 22 8 47 16 25 56 60 42 45 1 61 13 24 20 39 44 55 37 49 26 29 27 17 48 3 12 63 59 
31 27 13 42 39 6 54 45 17 44 40 22 35 63 56 49 58 26 15 55 3 16 10 5 59 28 9 57 43 12 36 29 48 60 11 32 4 25 38 1 37 41 33 62 51 7 14 24 19 46 53 23 8 30 21 47 61 50 18 64 34 2 52 20 
36 23 49 64 25 28 11 61 60 15 38 37 20 24 59 41 21 17 52 54 62 8 19 50 47 6 34 42 33 48 39 53 58 35 26 29 46 13 30 27 5 4 2 55 57 3 63 31 56 51 12 16 18 22 32 7 44 10 40 14 1 43 9 45 
55 43 19 46 34 10 30 1 50 7 25 8 62 47 45 42 12 56 63 35 38 29 18 57 23 52 26 17 27 20 13 31 33 6 3 14 39 51 44 40 9 48 32 36 59 21 53 16 64 4 61 60 28 11 15 2 41 24 58 37 5 22 54 49 
41 53 7 12 21 33 29 9 2 43 4 51 61 27 11 6 37 25 13 34 44 32 47 24 63 40 5 54 58 3 64 10 42 57 28 49 50 20 18 52 19 15 22 39 38 8 30 26 45 14 62 31 1 17 59 48 23 56 55 46 16 36 35 60 
16 51 60 2 57 18 48 14 32 21 23 29 5 3 33 58 45 27 30 4 22 39 64 46 1 56 35 25 41 24 61 55 31 37 63 12 7 59 53 19 49 54 10 40 17 44 43 20 52 36 38 34 50 13 42 9 26 6 8 47 28 62 15 11 
22 3 52 62 26 59 44 56 14 13 1 18 46 16 30 53 40 28 9 42 48 20 7 2 50 19 8 15 37 60 11 49 24 17 10 61 55 5 45 36 27 29 34 58 23 12 64 47 57 54 35 63 43 41 6 25 51 33 38 39 32 21 4 31 
27 37 33 47 52 58 10 34 8 30 12 43 17 41 18 26 44 31 22 2 15 48 56 25 57 59 46 60 6 21 54 16 1 45 9 39 13 63 3 64 23 53 28 11 61 14 5 38 29 42 4 55 49 20 19 35 7 51 62 24 36 40 50 32 
9 6 21 28 63 2 55 62 29 61 47 45 51 22 40 33 43 35 39 64 54 30 41 26 15 58 7 1 52 10 44 34 12 5 14 50 42 38 11 31 59 57 36 17 20 24 19 18 16 37 46 3 23 32 60 8 53 13 56 4 48 25 49 27 
13 19 15 20 5 3 35 40 6 48 63 14 7 39 16 10 53 42 57 61 58 62 17 52 43 31 55 33 56 38 27 9 36 2 4 21 51 49 28 23 26 64 44 32 41 25 29 50 34 47 1 22 45 24 30 12 60 54 46 11 18 37 59 8 
64 59 29 54 11 49 57 23 1 4 58 32 42 46 44 19 3 60 8 18 13 28 33 14 37 47 17 50 25 62 2 48 6 22 40 53 30 26 35 24 52 55 12 16 15 31 7 9 51 56 27 41 63 5 38 36 20 34 45 21 10 39 61 43 
4 8 1 56 61 24 39 41 25 23 50 31 2 9 38 27 19 37 12 10 49 5 20 45 64 53 51 14 36 22 26 30 16 32 7 59 54 33 62 47 34 60 3 48 42 63 6 46 18 28 43 15 11 40 13 21 35 57 44 55 52 29 58 17 
14 31 30 38 22 51 7 16 52 62 60 55 53 64 36 57 46 50 32 24 27 9 4 47 41 42 11 29 39 18 35 20 43 8 44 58 56 34 48 37 13 45 1 10 40 54 49 21 2 61 33 6 17 26 25 59 19 3 15 12 23 63 28 5 
44 25 17 26 53 36 46 32 13 34 5 28 49 15 20 21 59 6 40 16 55 51 11 7 19 24 12 45 23 63 3 8 52 18 60 10 29 27 61 41 4 37 43 47 58 2 35 56 50 39 48 62 9 57 54 31 42 22 64 30 14 38 33 1 
60 48 45 43 42 12 50 18 59 35 37 11 56 54 24 3 1 21 38 63 34 36 23 29 5 49 32 40 13 61 28 4 19 25 46 20 17 15 57 55 39 62 30 8 27 51 22 33 58 52 10 7 44 53 64 14 47 41 2 26 9 31 6 16 
59 52 40 13 49 42 23 4 37 45 31 53 63 26 50 54 41 11 6 56 39 27 55 60 30 64 3 28 15 57 14 38 25 20 43 48 18 9 24 5 33 2 17 34 10 61 1 36 35 29 21 19 7 47 12 22 58 62 32 8 51 16 44 46 
29 12 28 15 35 63 26 8 43 20 3 21 4 34 47 13 52 62 58 57 10 22 37 42 48 39 56 53 7 50 5 46 30 27 49 23 6 1 64 60 40 19 16 41 9 32 51 45 54 44 24 59 2 38 18 11 25 17 14 31 61 33 36 55 
18 20 38 3 17 27 25 33 39 5 44 41 14 52 55 46 28 48 7 49 24 40 12 63 13 60 21 11 35 9 19 23 10 61 47 2 36 53 16 8 43 59 54 50 4 15 31 22 37 34 45 58 32 56 62 51 57 1 29 42 6 64 30 26 
61 22 39 1 37 32 9 6 48 16 29 56 12 33 8 30 54 36 21 13 5 38 46 4 2 34 58 59 31 40 51 41 28 63 42 44 45 11 26 57 14 49 7 24 25 53 62 55 15 43 50 64 27 10 17 20 18 19 52 35 60 23 3 47 
62 30 24 11 50 46 41 47 35 40 15 42 64 51 2 36 18 9 61 53 33 14 45 3 17 29 27 10 22 55 49 1 34 19 37 52 59 31 54 32 38 44 58 20 8 5 48 57 25 60 26 13 16 6 39 23 56 4 28 63 21 7 43 12 
19 60 2 16 54 43 64 53 9 32 17 57 18 58 7 11 35 15 47 59 25 50 31 51 6 4 36 61 62 45 37 44 46 3 22 13 38 21 55 29 12 30 56 26 28 27 23 63 14 8 42 40 52 1 33 49 5 48 20 10 24 41 34 39 
57 14 56 48 55 44 36 51 61 38 6 10 22 19 1 23 16 32 20 26 29 43 34 30 54 25 33 12 24 47 8 52 50 7 15 17 62 58 41 35 21 3 18 64 60 13 39 42 31 53 63 28 46 4 9 5 49 11 37 27 45 59 2 40 
58 21 5 7 45 31 34 10 27 28 59 24 60 62 49 25 2 23 64 8 1 17 44 19 42 26 63 32 20 43 16 18 14 39 51 40 33 4 56 12 29 11 37 52 35 47 46 6 36 55 30 48 3 61 57 41 54 9 53 22 15 50 38 13 
50 2 57 63 44 11 17 26 55 59 7 9 27 30 34 5 22 20 53 38 46 58 29 64 8 12 41 18 28 1 31 21 51 13 19 15 52 39 43 54 62 42 25 3 16 56 36 32 10 24 49 33 35 23 48 45 6 61 47 40 4 60 14 37 
25 34 31 14 48 22 13 27 53 58 43 63 1 60 10 40 26 5 56 44 7 55 35 8 39 17 54 20 42 15 52 47 45 41 32 38 49 37 33 59 51 50 46 21 12 57 2 61 9 19 6 18 64 28 4 62 16 30 11 36 29 24 23 3 
10 42 8 53 20 52 37 28 16 31 36 3 11 13 29 44 62 19 43 23 30 57 27 48 14 61 24 9 49 32 34 6 60 64 12 35 40 46 25 63 41 18 47 33 22 58 4 39 1 21 17 54 26 15 55 56 59 38 51 5 2 45 7 50 
49 64 41 55 12 5 62 60 21 26 28 15 45 20 46 24 10 51 11 17 14 2 50 33 4 37 13 35 59 29 57 3 47 9 6 7 48 30 22 58 1 38 52 44 54 43 34 23 61 16 25 32 39 8 36 40 27 31 63 53 56 18 42 19 
3 35 23 9 33 19 38 43 42 39 41 17 47 32 25 51 34 18 24 45 16 49 36 40 26 63 53 30 48 27 46 56 44 4 61 8 21 50 31 20 10 5 29 7 6 37 60 28 11 58 59 52 12 2 14 57 22 55 1 62 54 13 64 15 
46 45 58 61 4 54 59 39 23 8 2 48 6 37 19 18 9 1 31 52 60 15 21 32 51 7 22 64 55 33 62 5 56 36 24 57 11 16 42 28 53 63 14 27 49 30 40 17 13 38 3 43 29 50 47 44 12 35 34 41 20 26 10 25 
32 18 47 24 6 30 56 21 54 22 61 62 57 49 14 38 25 63 59 39 4 12 3 37 11 50 23 36 44 16 60 40 29 26 1 55 2 10 27 17 35 20 15 19 48 45 13 64 41 5 31 42 51 34 7 53 46 43 9 52 33 58 8 28 
7 16 51 40 15 29 1 36 4 52 64 33 50 35 12 56 42 61 54 41 47 6 28 13 58 2 19 43 10 25 38 45 53 23 62 5 14 3 34 18 55 31 26 9 24 59 11 8 30 22 60 46 37 63 20 27 17 32 39 57 49 44 48 21 
33 15 27 51 10 64 43 5 18 55 16 44 23 14 41 61 50 30 4 29 32 26 25 54 62 45 28 37 11 19 40 12 22 47 59 1 20 2 17 48 63 52 24 6 3 36 38 58 53 35 13 21 57 31 8 34 39 60 49 7 46 42 56 9 
54 49 3 29 7 9 45 57 24 46 56 19 8 42 21 17 39 38 34 31 11 52 15 35 55 36 48 44 50 13 25 32 61 10 58 60 53 43 4 6 47 51 41 12 1 62 59 37 26 40 16 30 33 27 28 63 2 14 23 18 22 5 20 64 
30 17 46 37 56 25 2 44 7 9 53 39 31 59 62 12 13 47 48 28 8 63 6 18 52 54 29 24 34 41 21 58 38 51 35 3 26 42 50 49 57 14 55 45 5 40 27 60 4 15 32 20 22 43 23 64 11 36 33 1 19 61 16 10 
42 28 35 59 23 14 6 22 26 60 57 38 52 50 4 29 64 49 10 36 45 1 53 12 20 46 47 56 51 31 15 39 40 16 18 24 27 7 5 33 30 32 21 54 19 9 8 11 17 48 2 37 62 55 44 61 63 58 25 43 13 3 41 34 
26 36 32 60 62 1 58 12 30 51 20 40 34 2 13 63 27 33 14 9 37 21 61 55 10 3 57 23 16 42 43 59 64 28 39 41 15 52 19 11 50 35 31 49 18 22 17 4 5 25 29 56 24 7 46 6 38 44 54 45 53 8 47 48 
24 47 48 31 41 38 19 13 45 11 49 36 43 28 5 37 56 16 23 20 57 46 58 44 53 18 64 22 14 8 6 17 62 12 34 9 63 55 21 25 42 7 61 15 33 26 10 2 3 1 52 39 54 60 51 50 4 29 35 32 59 27 40 30 
39 61 53 8 18 21 52 20 64 1 35 6 58 10 27 22 7 40 3 43 2 59 62 17 33 30 38 26 5 4 63 60 32 14 54 37 44 45 29 13 48 16 23 25 56 46 28 34 47 49 11 9 19 36 41 42 55 15 24 50 31 51 12 57 
63 55 11 34 16 4 40 50 3 54 48 47 33 25 15 32 51 24 41 60 19 42 5 22 27 35 2 7 9 49 1 61 23 56 8 36 31 57 46 30 64 13 39 43 44 29 20 53 59 12 14 45 38 18 10 58 37 52 6 28 26 17 21 62 
15 7 43 49 14 57 53 24 11 42 62 16 10 61 51 47 20 44 35 21 28 18 52 27 3 32 30 55 17 56 22 37 39 59 64 4 25 23 40 34 60 1 63 5 50 38 58 29 48 13 54 26 6 19 31 46 36 12 41 2 8 9 45 33 
17 10 22 21 47 23 27 55 36 25 24 64 41 5 52 39 31 2 19 14 63 34 38 1 16 44 50 48 4 7 45 28 37 15 20 62 32 60 51 9 61 26 35 53 30 18 57 54 49 3 8 12 40 42 29 33 43 59 13 58 11 56 46 6 
56 50 64 45 38 20 51 58 12 27 14 46 48 6 43 9 17 4 37 47 36 33 24 10 40 57 31 39 53 54 41 26 8 42 29 11 19 35 1 3 7 23 49 2 13 28 25 15 62 32 44 61 21 59 63 52 34 18 5 16 30 55 60 22 
34 33 37 6 19 61 42 59 57 3 55 58 30 44 22 60 49 53 50 46 26 25 43 15 35 62 1 52 8 11 9 2 13 21 5 63 28 18 36 45 31 17 51 56 32 48 16 12 23 10 41 14 20 39 27 24 40 47 7 38 64 54 29 4 
12 9 18 25 13 62 28 35 56 53 8 54 59 21 32 34 55 29 45 3 42 7 39 61 60 15 14 58 19 5 20 63 2 44 48 16 24 22 10 50 6 40 64 46 11 33 52 41 38 30 36 57 47 51 43 4 1 37 26 17 27 49 31 23 
48 63 26 32 29 39 3 31 33 37 45 23 38 7 35 50 11 22 51 6 12 41 40 9 34 13 61 27 18 36 24 64 54 30 53 47 58 17 49 46 8 43 4 59 14 42 21 19 55 2 5 25 60 16 56 1 28 20 10 15 57 52 62 44 
1 54 44 5 30 41 60 52 20 63 18 13 40 4 28 2 8 57 62 32 23 64 48 16 25 38 10 49 46 59 29 51 26 31 33 56 12 61 6 43 36 47 9 37 34 39 55 27 22 45 7 35 15 58 11 17 3 21 42 19 50 53 24 14 
40 46 4 36 2 16 8 11 49 29 19 1 26 17 31 15 30 54 5 58 59 13 60 56 12 33 43 21 47 6 23 42 55 38 52 27 57 41 7 14 24 10 45 22 62 20 3 44 28 9 37 50 53 64 34 18 48 39 61 51 63 32 25 35 
11 24 61 23 27 17 31 42 19 57 26 49 37 56 63 45 15 14 55 33 40 47 2 58 18 20 6 46 12 53 50 35 7 52 13 34 60 36 8 38 54 25 5 30 39 64 44 1 21 62 28 4 59 29 22 43 10 16 3 9 41 48 32 51 
45 41 59 52 51 26 33 49 44 6 21 20 36 23 58 43 61 3 28 25 50 19 16 11 29 14 15 31 30 17 32 54 18 46 55 42 47 56 63 62 22 24 57 60 53 34 12 48 27 64 40 1 10 9 2 37 8 7 4 13 39 35 5 38 
43 1 62 39 9 53 16 37 10 41 46 7 24 11 54 64 36 52 26 5 35 56 57 34 49 23 60 8 21 58 48 25 59 29 27 19 3 12 32 61 45 28 13 4 47 17 18 40 6 63 15 51 14 44 50 38 31 2 30 33 55 20 22 42 
20 4 14 10 3 34 12 48 31 33 30 25 28 8 42 1 38 13 17 37 9 53 63 59 45 51 39 62 26 2 47 27 21 11 41 54 16 64 23 22 46 58 19 61 29 55 32 43 7 57 56 5 36 52 35 60 15 49 50 44 40 6 18 24 
5 29 25 35 28 7 22 54 51 18 32 27 3 48 53 16 24 46 60 12 21 44 1 20 38 9 52 13 57 37 33 11 4 40 50 30 43 6 14 2 56 36 8 63 31 10 15 62 42 23 55 49 41 45 61 39 64 26 59 34 47 19 17 58 
2 57 36 30 40 15 21 38 5 47 52 12 13 55 61 4 32 39 29 7 41 45 49 62 44 22 42 63 3 64 10 19 35 48 31 51 1 24 58 53 11 9 50 23 26 6 33 59 8 18 20 17 34 25 16 54 14 46 27 60 43 28 37 56 
8 58 55 50 64 13 32 19 38 14 9 34 15 29 60 35 6 10 27 48 18 54 22 31 7 5 59 4 40 28 56 43 57 33 17 25 37 44 20 39 2 21 42 51 52 16 41 49 12 26 47 11 30 46 24 3 45 63 36 23 62 1 53 61 
6 44 63 18 60 56 47 46 62 2 22 50 39 40 17 59 23 64 42 30 51 4 8 43 24 1 16 41 61 34 55 36 5 49 45 26 9 28 15 10 3 27 20 38 7 35 37 14 33 31 19 53 13 48 58 32 52 25 21 54 12 57 11 29 
################proper############## 

 average_time = 9.982271 

 success runs = 1 

 total average iters = 215961.000000 
