Success!!! 
 
 max_col = 
 64 
 
 run_time = 
 27.776027 
 
 once iters = 
 839010 
 
13 56 49 62 12 5 39 58 26 50 9 20 46 1 64 16 51 59 52 23 24 18 31 2 34 17 57 15 40 37 55 61 44 21 28 43 33 8 3 30 7 48 14 38 60 53 6 4 45 32 54 25 19 35 22 27 11 63 47 29 42 36 41 10 
41 43 4 48 42 1 27 47 22 45 62 3 30 51 17 23 9 35 6 32 61 7 5 60 13 26 14 59 25 16 64 8 49 10 52 54 12 34 18 55 21 29 24 37 2 19 31 36 44 33 50 40 56 63 39 11 38 53 28 20 57 58 15 46 
7 30 34 50 54 35 33 59 53 21 32 31 39 47 40 41 3 62 22 63 44 27 17 14 11 2 4 38 23 9 12 48 29 51 42 13 37 56 46 26 52 28 57 58 49 43 45 61 20 10 36 8 6 5 1 15 19 60 16 24 64 18 25 55 
17 9 22 36 28 6 16 32 18 15 49 27 5 48 7 63 55 34 8 4 30 41 56 13 54 29 46 50 42 45 19 10 2 59 35 57 58 11 38 24 1 47 25 20 39 44 3 12 60 23 21 62 64 37 53 52 31 33 61 14 51 40 26 43 
61 3 31 64 63 26 23 40 14 55 58 38 25 28 12 37 10 33 1 19 57 48 46 11 30 20 44 6 39 53 35 32 36 47 16 22 45 60 62 7 15 5 42 56 51 18 27 41 17 13 29 43 34 49 4 24 54 50 8 59 52 21 9 2 
38 19 14 52 37 51 11 53 57 35 61 10 29 36 56 2 25 40 47 20 50 15 43 54 49 22 3 21 60 5 24 18 17 48 39 63 64 31 4 23 32 34 46 55 8 33 26 62 42 59 28 16 9 58 41 7 27 6 44 13 45 30 12 1 
44 10 45 21 2 24 25 46 6 8 52 33 60 13 19 54 39 37 42 28 38 58 29 64 1 31 47 43 62 51 36 27 41 14 50 53 20 40 61 15 22 9 35 63 17 16 59 11 3 12 18 48 55 26 57 30 32 4 49 5 56 7 23 34 
15 8 60 57 55 29 20 18 43 24 44 34 59 4 42 11 21 16 45 36 49 26 12 53 52 56 28 7 58 63 41 33 9 5 27 25 1 32 6 19 30 64 50 10 54 23 13 40 61 38 47 46 2 51 31 14 62 39 17 37 22 48 35 3 
3 14 56 7 38 50 28 37 51 39 53 29 54 55 16 5 59 20 26 22 10 4 30 45 44 41 64 61 19 46 52 31 63 27 23 12 17 35 40 58 42 62 32 11 18 8 9 43 6 48 60 1 49 57 2 25 47 36 34 21 13 24 33 15 
32 24 40 33 10 54 58 12 7 27 3 62 50 46 21 25 53 64 11 17 47 6 36 57 22 37 56 2 59 34 30 9 60 55 61 1 48 18 13 4 35 16 51 29 63 39 15 23 8 19 26 42 5 28 43 38 44 14 45 49 41 31 52 20 
26 64 30 35 61 57 36 19 9 31 18 42 12 14 8 43 48 3 40 55 5 16 58 44 28 6 25 62 7 50 13 54 15 52 49 37 46 45 11 22 53 59 20 1 27 34 21 38 10 41 33 29 47 56 24 32 2 17 51 23 39 60 63 4 
9 6 29 2 45 27 21 60 49 63 57 44 4 17 41 56 28 52 50 31 34 51 42 61 47 39 48 12 8 40 18 24 30 20 53 32 19 43 59 25 14 46 3 64 33 13 55 37 23 36 62 11 7 15 58 22 26 16 54 1 35 10 5 38 
52 44 42 51 43 16 62 34 37 23 26 30 64 6 45 19 15 29 18 33 35 2 1 9 57 38 49 32 4 14 58 20 24 7 31 28 36 50 21 5 47 22 61 60 48 41 10 54 59 3 17 27 12 39 63 13 8 55 46 40 11 56 53 25 
55 23 46 31 18 41 49 4 24 2 15 22 48 61 11 1 56 21 39 13 32 8 62 63 42 51 5 10 17 60 43 45 38 3 33 34 29 47 57 54 19 52 36 26 30 6 50 25 16 20 35 64 14 40 44 53 12 37 59 7 58 9 28 27 
59 20 17 13 15 22 47 63 32 60 35 58 52 33 10 36 46 49 7 27 14 43 25 38 3 23 16 53 26 11 21 1 39 41 56 8 9 6 2 51 12 4 44 28 40 24 5 57 37 55 31 45 30 54 34 61 42 18 64 62 19 50 29 48 
5 25 48 53 1 39 8 11 34 20 13 40 28 59 47 38 12 23 37 54 60 19 24 41 29 36 27 33 63 55 15 35 10 64 62 14 26 16 44 42 49 45 58 17 7 56 2 31 46 9 51 18 52 50 21 4 43 32 30 6 3 57 22 61 
21 15 2 46 51 56 5 33 44 11 47 26 18 45 58 27 20 9 10 53 52 35 28 31 19 59 6 29 3 25 40 16 64 12 57 60 24 61 48 37 62 54 8 39 23 50 38 14 34 1 7 4 63 55 32 42 22 43 13 36 30 49 17 41 
11 48 36 34 49 18 13 9 16 3 25 35 40 62 31 29 41 38 30 56 63 59 44 6 46 1 52 54 57 39 28 58 45 53 20 4 32 5 23 47 61 15 17 24 64 21 43 26 12 50 22 19 60 8 14 33 37 7 10 2 55 42 27 51 
47 53 63 19 6 60 10 8 28 38 24 41 49 39 23 15 62 1 55 34 48 64 50 18 56 45 32 42 9 35 33 17 22 2 46 3 21 27 16 13 36 25 40 4 52 12 29 7 58 37 57 59 43 30 51 44 5 61 14 11 26 20 31 54 
1 58 35 37 7 43 31 30 64 19 22 59 20 54 34 50 2 14 60 61 12 32 51 47 8 53 13 18 5 36 38 21 42 39 15 41 55 52 26 17 9 27 49 6 10 45 44 33 40 29 11 28 23 62 25 48 4 24 56 3 16 63 46 57 
22 62 12 14 39 55 59 20 13 6 21 32 51 52 60 10 42 57 36 24 11 17 23 3 27 49 63 4 61 43 37 41 50 44 30 18 28 38 7 33 48 31 19 5 34 47 53 16 26 45 56 35 54 46 64 2 40 9 15 25 8 1 58 29 
27 28 3 38 16 45 40 54 12 30 55 2 7 8 5 61 22 25 4 43 46 29 19 15 23 47 50 51 20 48 26 11 56 6 63 59 49 9 14 35 57 58 60 41 1 32 37 42 39 31 10 53 13 24 36 17 33 64 62 44 34 52 21 18 
50 4 57 26 41 23 61 44 36 48 1 17 37 42 43 33 58 45 5 16 27 21 54 40 31 64 22 14 24 7 2 62 8 25 51 29 10 19 34 11 59 13 55 30 56 35 63 46 9 18 49 20 15 47 52 3 53 12 60 28 6 39 38 32 
24 52 64 25 32 42 17 29 56 46 14 63 53 57 4 9 13 7 49 26 39 33 37 8 60 44 12 30 34 15 10 55 1 54 58 40 31 36 43 62 11 18 28 3 20 2 22 51 41 6 16 5 27 38 61 21 59 45 23 19 48 47 50 35 
30 38 11 9 4 61 57 25 29 32 2 46 17 43 52 21 45 63 59 39 33 12 60 50 5 7 23 22 35 47 56 53 48 19 6 58 51 64 1 18 26 14 13 42 37 27 40 8 24 44 20 55 31 34 54 10 16 3 36 41 15 28 62 49 
2 29 44 16 13 64 45 15 60 59 41 28 58 56 51 18 30 10 32 11 3 53 21 20 61 62 38 26 43 57 6 12 31 36 17 5 14 22 63 49 46 50 4 54 35 1 19 55 27 52 48 37 33 23 42 8 39 40 24 34 9 25 47 7 
14 18 28 32 27 46 50 17 40 5 7 13 16 23 54 47 26 48 25 2 36 1 49 51 37 58 21 45 55 10 3 52 11 57 34 24 62 29 12 20 63 33 6 31 22 59 39 60 56 4 15 41 61 9 30 43 64 35 42 38 44 53 8 19 
53 60 33 12 31 34 43 49 45 42 39 11 22 30 20 4 52 55 35 38 56 44 61 19 50 24 18 28 27 8 14 40 26 9 7 10 13 15 54 59 16 23 41 62 25 36 48 47 21 57 46 6 3 32 17 64 29 1 5 51 63 2 37 58 
58 51 41 10 22 37 19 39 27 26 63 6 55 44 24 3 43 17 62 18 64 57 16 4 32 34 1 9 49 54 48 60 61 40 2 21 42 46 33 8 28 38 30 52 11 15 20 53 36 47 5 7 29 25 59 35 50 31 12 56 14 45 13 23 
62 54 47 40 59 7 52 55 15 9 50 57 36 31 1 8 27 24 58 46 37 5 22 28 64 33 41 20 13 2 42 25 53 45 43 56 23 39 35 44 17 3 29 12 21 61 32 34 18 63 38 14 16 19 49 51 10 11 6 48 4 26 30 60 
56 26 21 24 36 8 63 48 62 10 33 19 14 35 61 12 31 42 34 6 29 40 15 23 16 11 30 44 46 4 51 39 37 32 3 47 38 25 27 41 18 2 7 57 9 49 64 5 1 60 58 50 45 53 13 28 52 20 55 43 54 22 59 17 
42 1 5 6 23 20 35 3 25 37 48 49 34 64 38 53 14 54 13 9 41 47 8 7 15 63 19 36 29 31 17 59 55 60 4 16 52 30 50 28 58 10 45 43 24 51 56 44 22 62 39 12 26 2 11 40 21 27 32 57 46 61 18 33 
10 50 26 54 47 48 32 23 2 33 40 5 41 27 62 24 61 8 12 42 22 55 35 34 59 19 53 46 36 18 63 29 25 43 13 31 30 58 56 38 51 37 39 44 3 60 14 21 64 11 52 15 4 6 28 57 7 49 20 9 1 17 45 16 
19 2 24 20 35 52 18 57 61 64 42 37 15 29 55 17 16 46 63 48 25 38 47 30 21 14 8 3 51 28 50 7 32 34 11 9 39 23 10 60 13 6 27 45 26 62 4 1 53 49 12 54 36 22 5 56 41 58 33 31 59 43 40 44 
45 31 15 55 17 44 51 14 11 4 30 12 38 3 22 46 5 58 41 37 23 10 7 39 9 54 26 56 1 61 62 47 18 8 36 64 2 48 53 50 34 49 16 59 29 40 35 52 13 43 32 33 42 27 60 20 24 28 57 63 25 19 6 21 
16 39 53 28 21 49 6 42 54 25 23 8 26 10 57 45 36 4 19 40 9 11 64 27 38 32 58 35 31 41 20 34 59 62 5 51 15 7 22 1 33 12 43 2 55 17 47 30 50 14 63 44 24 48 18 37 13 52 29 60 61 46 3 56 
46 36 62 11 8 33 4 7 19 53 56 50 32 34 13 60 1 18 54 49 26 45 2 43 12 10 24 27 16 52 39 44 47 37 21 6 3 14 28 40 38 42 15 9 57 63 61 20 51 17 59 31 25 41 29 58 55 48 35 22 23 5 64 30 
60 37 27 22 3 38 29 1 20 47 51 36 43 7 63 58 57 15 31 50 53 52 13 59 25 4 2 17 33 6 49 5 16 24 44 35 61 42 55 12 56 41 64 48 32 46 54 28 19 21 30 23 40 10 45 9 18 26 11 39 62 34 14 8 
12 5 13 43 40 9 64 61 21 49 28 18 44 16 48 59 6 56 33 29 20 62 14 17 55 15 42 60 37 23 11 30 52 63 45 19 57 26 41 27 10 53 31 50 58 22 25 24 7 8 34 3 35 1 46 39 36 38 2 54 32 4 51 47 
63 34 25 58 56 59 30 41 52 1 6 39 35 9 14 31 32 44 28 21 51 60 3 24 48 43 40 13 45 64 57 22 20 33 29 49 54 4 17 46 8 11 5 23 36 7 18 19 62 2 61 47 38 16 26 55 15 10 53 27 37 12 42 50 
40 49 55 59 57 19 9 56 31 61 64 16 27 63 18 48 11 5 14 52 62 37 33 21 24 35 10 39 22 58 25 36 28 1 12 30 7 51 8 6 41 32 2 13 4 20 23 15 38 54 44 26 46 45 47 50 60 34 3 17 53 29 43 42 
29 32 16 1 62 63 37 28 33 51 5 52 11 41 39 20 24 6 3 45 31 36 34 12 53 21 60 55 50 13 8 43 35 49 38 15 4 2 58 9 25 17 26 7 47 48 46 18 57 56 42 22 10 64 23 59 30 19 40 61 27 54 44 14 
18 61 23 3 5 30 53 35 10 58 34 45 13 38 15 26 29 32 46 1 8 22 40 48 20 28 7 64 44 12 47 4 19 56 54 39 41 55 36 16 6 24 62 27 59 42 60 63 31 51 14 17 37 43 9 49 25 57 21 52 50 33 2 11 
54 45 38 4 11 13 15 64 8 17 59 7 24 40 30 28 47 26 61 44 2 50 53 35 33 9 51 52 56 42 27 46 43 29 60 20 25 57 5 32 39 55 37 14 12 31 58 3 63 16 41 34 21 36 48 19 49 23 22 18 10 6 1 62 
51 42 50 17 26 31 2 24 1 54 60 55 62 12 25 14 23 19 20 41 58 63 57 49 18 61 11 37 32 29 34 6 21 46 10 48 27 33 52 3 43 8 56 53 44 9 30 22 35 39 4 13 28 7 40 5 45 47 38 15 36 64 16 59 
8 12 52 39 33 25 34 22 3 43 37 56 19 32 50 42 38 13 15 59 4 9 55 10 63 57 54 48 2 62 1 26 23 17 14 44 11 24 47 53 40 36 21 16 45 5 49 64 29 61 6 30 58 60 27 18 35 51 7 46 31 41 20 28 
6 46 7 60 20 10 48 27 47 44 36 23 21 2 29 57 64 51 43 30 18 56 39 25 41 16 17 5 38 49 59 14 40 31 22 45 34 63 42 61 50 19 52 33 28 54 1 35 55 53 3 32 62 11 15 12 9 13 26 58 24 8 4 37 
36 47 58 44 14 21 41 43 46 22 4 53 6 49 9 35 7 28 17 60 54 42 27 16 45 30 31 40 15 19 23 3 13 18 26 62 50 59 37 64 29 51 38 34 61 57 11 10 25 24 8 2 20 52 33 1 63 56 39 32 5 55 48 12 
25 16 32 49 53 36 38 31 5 34 11 48 61 22 26 51 35 50 57 58 15 30 41 37 2 3 43 1 18 33 7 42 54 28 24 27 60 62 29 63 45 56 47 19 6 14 12 13 52 64 55 10 59 21 20 23 17 46 4 8 40 44 39 9 
39 17 51 5 50 12 60 45 58 13 27 43 23 20 37 62 34 53 29 64 7 31 63 26 4 52 9 25 41 59 46 15 14 38 40 36 16 3 30 56 55 35 33 21 42 28 24 2 32 22 19 61 1 44 8 47 57 54 48 10 18 11 49 6 
20 35 6 41 19 40 1 13 4 29 8 54 31 53 59 49 17 11 56 25 45 28 18 33 36 5 39 16 21 44 22 23 12 50 48 61 47 37 15 43 64 26 10 32 38 52 7 9 30 46 24 60 57 14 3 62 58 42 27 55 2 51 34 63 
28 59 8 61 46 14 56 62 55 40 16 9 63 19 33 52 54 2 27 10 13 23 6 42 58 60 20 11 47 30 32 57 7 26 18 17 5 53 64 21 44 39 1 25 43 37 34 49 48 35 45 51 41 4 50 29 3 22 31 12 38 15 36 24 
23 33 10 18 64 11 22 21 50 56 45 25 1 60 3 6 8 61 38 47 19 20 9 36 40 12 62 24 48 26 54 51 4 42 55 46 59 44 32 2 31 30 63 15 41 58 57 27 5 28 13 49 39 17 37 34 14 29 52 35 43 16 7 53 
48 57 9 42 44 58 55 52 41 14 17 24 2 21 36 30 4 60 16 62 43 46 32 22 6 50 34 49 64 27 29 28 51 13 1 33 35 10 31 39 54 61 53 18 5 3 8 59 15 7 40 38 11 12 56 63 20 25 37 45 47 23 19 26 
4 63 37 30 34 15 24 2 39 57 46 47 10 18 44 7 49 12 51 5 1 3 59 55 35 8 61 19 14 17 31 38 6 23 9 52 22 20 25 45 60 40 11 36 50 29 62 48 43 26 27 58 53 42 16 54 56 21 41 33 28 13 32 64 
43 7 54 27 29 47 3 26 38 28 12 64 42 15 35 32 40 39 44 14 21 24 48 52 10 13 55 63 53 56 45 37 57 58 19 11 8 41 49 34 23 20 22 46 16 4 51 17 33 25 2 9 18 31 6 36 1 59 50 30 60 62 61 5 
33 22 18 63 48 3 7 16 42 41 31 21 47 25 2 40 50 27 9 35 55 61 38 32 14 46 59 58 11 20 44 19 5 30 8 26 53 54 45 36 24 60 23 51 13 64 28 56 49 15 1 39 17 29 10 6 34 62 43 4 12 37 57 52 
64 55 59 8 52 28 14 50 30 62 20 60 57 24 27 13 44 41 48 15 16 54 4 58 39 25 35 34 6 32 9 2 46 61 47 38 56 17 19 31 37 1 12 49 53 26 36 29 11 40 43 21 51 18 7 45 23 5 63 42 33 3 10 22 
34 21 19 15 60 4 54 51 17 36 43 1 45 26 49 64 33 30 2 8 59 14 10 56 62 42 29 41 12 24 5 50 3 22 25 23 6 28 39 52 20 63 18 35 46 55 16 32 47 58 37 57 48 13 38 31 61 44 9 53 7 27 11 40 
37 41 39 23 25 53 46 5 48 16 38 4 3 50 32 22 18 31 64 7 17 49 52 62 51 55 45 57 28 21 61 56 33 11 59 2 63 12 60 10 27 43 54 40 15 30 42 58 14 34 9 36 44 20 19 26 6 8 1 47 29 35 24 13 
57 40 61 56 30 62 26 38 63 7 54 14 9 5 6 44 60 36 53 12 42 13 11 46 17 48 37 31 10 22 4 49 58 15 32 50 43 1 24 29 2 21 34 47 19 25 33 39 28 27 23 52 8 3 35 16 51 41 18 64 20 59 55 45 
31 13 20 45 9 2 44 10 59 52 19 61 8 58 28 55 37 47 24 57 40 39 26 29 43 27 15 23 54 1 16 63 34 35 64 42 18 49 51 14 3 7 48 22 62 11 17 6 4 5 53 56 32 33 12 41 46 30 25 50 21 38 60 36 
49 11 1 47 58 32 12 36 35 18 29 51 56 37 46 34 63 43 23 3 6 25 45 5 7 40 33 8 30 38 53 13 27 16 41 55 44 21 20 48 4 57 9 61 31 10 52 50 2 42 64 24 22 59 62 60 28 15 19 26 17 14 54 39 
35 27 43 29 24 17 42 6 23 12 10 15 33 11 53 39 19 22 21 51 28 34 20 1 26 18 36 47 52 3 60 64 62 4 37 7 40 13 9 57 5 44 59 8 14 38 41 45 54 30 25 63 50 61 55 46 48 2 58 16 49 32 56 31 
################proper############## 

 average_time = 27.776027 

 success runs = 1 

 total average iters = 839010.000000 
