Success!!! 
 
 max_col = 
 64 
 
 run_time = 
 16.152534 
 
 once iters = 
 401057 
 
52 33 11 10 54 58 13 47 30 53 4 5 62 34 8 41 27 31 40 24 51 7 28 44 63 39 45 23 36 56 26 9 19 14 64 2 32 49 60 29 35 43 50 3 15 21 6 48 46 55 20 12 1 61 25 17 16 37 38 57 59 22 42 18 
20 22 6 30 39 42 2 9 1 44 52 3 46 40 59 23 14 61 35 56 18 37 62 32 24 15 12 57 5 27 47 21 31 50 48 13 33 28 36 7 8 63 51 54 55 25 19 41 16 53 38 49 64 58 29 11 10 43 34 45 26 4 17 60 
32 36 50 44 12 29 62 5 16 25 51 10 18 20 57 39 64 38 48 60 52 9 42 8 7 13 35 28 31 6 33 61 22 55 17 56 45 37 59 4 58 53 40 23 34 2 1 11 27 41 26 54 63 19 14 43 21 3 47 15 46 49 24 30 
46 14 26 63 24 15 1 59 42 7 2 47 13 60 12 29 30 58 53 22 41 6 23 57 37 34 11 19 3 38 55 43 25 10 20 40 5 21 44 62 61 64 33 4 16 49 17 45 39 31 18 32 28 48 36 9 27 52 50 8 56 35 54 51 
43 31 41 51 23 38 16 55 32 48 17 37 61 6 21 11 3 25 33 47 5 54 19 49 52 10 4 58 30 29 60 50 46 1 63 42 27 57 39 12 59 28 24 26 56 22 20 18 35 40 34 8 62 13 45 15 9 53 36 2 64 44 14 7 
61 4 19 56 53 28 48 37 22 31 9 49 45 27 54 24 2 21 13 26 17 50 12 34 51 42 62 14 8 1 64 40 35 16 15 3 18 41 6 43 10 36 39 52 38 32 44 46 59 30 57 5 60 23 47 7 25 33 20 63 55 58 29 11 
60 18 40 34 21 7 35 49 38 19 55 15 64 63 36 56 39 16 45 11 46 1 29 43 59 32 48 17 25 20 53 44 52 9 8 54 58 47 26 51 27 57 14 42 30 37 62 5 4 33 3 2 24 50 22 10 12 28 13 31 23 6 61 41 
45 27 25 8 3 17 57 64 58 26 33 14 35 43 28 50 59 36 55 20 10 4 15 63 16 22 46 41 49 18 2 54 24 11 53 30 23 34 38 61 31 60 13 12 7 9 47 29 56 52 44 37 21 51 42 6 5 32 40 48 19 1 62 39 
25 54 32 15 8 47 46 63 7 12 22 36 51 49 37 2 58 19 16 29 6 31 48 4 61 1 57 62 34 44 56 45 39 64 33 26 35 17 11 10 9 42 23 38 18 13 30 50 41 28 53 40 55 60 3 27 43 20 59 24 14 5 52 21 
55 29 28 6 20 59 44 51 5 32 14 61 27 45 64 48 34 2 12 50 22 49 54 11 10 16 63 3 37 52 35 17 42 8 56 53 57 1 21 60 26 7 41 62 47 58 4 15 25 18 36 24 23 43 46 30 39 31 9 40 38 33 19 13 
2 24 58 57 31 19 56 27 39 59 38 25 40 9 52 47 5 8 30 45 62 44 21 37 43 4 20 12 23 46 42 49 50 18 6 29 15 13 7 28 14 32 63 11 36 55 60 3 22 10 16 51 17 35 33 61 48 54 64 26 1 34 41 53 
23 9 18 40 64 10 42 61 34 57 53 21 31 62 44 26 32 60 52 33 14 55 46 13 50 2 41 11 39 48 58 36 3 47 38 22 30 59 19 37 45 27 43 24 28 17 51 49 54 12 63 20 29 8 1 5 4 6 16 56 7 15 35 25 
14 62 45 38 22 52 21 48 6 13 10 46 33 23 4 28 17 24 1 42 3 43 63 9 18 51 27 31 29 53 15 60 5 36 16 32 54 2 25 41 64 39 19 34 35 59 40 20 11 26 47 50 57 7 56 37 44 58 55 30 8 61 49 12 
41 3 13 5 35 33 12 16 11 58 43 60 17 1 30 20 26 47 51 64 25 56 7 39 6 19 38 32 54 21 28 55 48 24 40 62 49 63 14 44 52 2 10 46 61 57 8 53 15 4 45 59 34 42 9 31 50 18 37 36 27 29 23 22 
39 1 53 17 36 60 37 4 8 15 56 35 50 18 19 3 23 57 59 40 38 27 41 61 22 64 7 30 24 33 13 26 43 45 9 55 20 46 52 34 5 29 54 25 48 12 16 31 32 44 14 6 49 21 58 62 11 10 28 42 51 2 63 47 
11 34 30 26 7 43 49 50 24 16 29 42 63 41 55 54 53 18 15 28 36 20 35 10 14 40 5 9 59 8 25 47 12 61 27 31 4 51 58 23 6 22 37 21 1 44 33 56 2 38 13 64 19 39 48 52 3 45 46 60 57 62 32 17 
8 39 2 55 4 5 18 10 61 29 50 16 3 7 40 64 21 28 9 53 49 15 47 31 12 27 17 59 35 43 41 1 58 23 22 34 51 30 62 19 63 56 46 44 42 48 24 13 6 11 60 36 54 32 20 25 45 14 57 33 52 38 37 26 
1 59 46 7 49 57 50 44 60 39 25 11 30 47 9 21 35 62 17 3 34 64 6 14 23 63 28 37 40 45 22 16 27 12 36 48 56 29 41 8 53 33 2 5 54 20 26 52 10 24 15 4 18 38 13 19 31 42 58 51 61 43 55 32 
13 6 27 64 43 35 60 36 17 14 12 22 48 55 58 33 24 30 10 18 54 63 59 2 20 53 29 52 38 42 8 31 9 49 61 11 46 26 4 3 7 62 32 41 19 50 57 23 51 16 1 45 44 37 34 39 56 21 15 5 47 25 28 40 
12 17 16 47 42 37 30 29 41 5 20 28 43 2 23 10 48 39 26 58 56 36 50 38 46 24 61 51 13 64 4 19 45 32 59 15 1 52 33 54 34 40 22 9 6 8 25 21 31 14 62 35 27 55 57 63 7 49 11 53 18 60 44 3 
19 28 21 33 51 54 45 41 62 24 63 18 26 36 27 42 40 52 57 61 32 11 16 1 48 49 44 60 55 3 14 6 37 38 10 17 25 35 53 5 15 4 12 31 59 47 39 43 7 9 29 22 56 30 2 58 46 23 8 64 34 50 13 20 
26 58 23 31 38 3 11 40 53 56 1 19 15 8 6 34 60 37 29 7 44 51 25 46 57 36 32 54 33 2 50 62 20 13 18 47 63 64 24 21 55 30 45 27 14 28 35 61 42 17 59 43 52 12 5 49 41 39 4 22 10 9 16 48 
56 61 24 25 63 48 52 22 51 46 45 44 32 38 49 4 19 23 5 13 42 33 20 27 30 9 39 26 7 15 11 34 6 31 55 57 16 14 43 40 18 37 36 1 64 10 58 60 8 50 41 21 47 3 53 28 29 62 54 17 35 12 59 2 
15 20 9 32 34 62 14 53 31 35 57 54 59 52 13 37 8 4 43 55 12 22 45 41 25 47 56 21 18 5 10 58 60 44 2 7 42 39 28 50 29 3 38 49 17 16 11 51 64 61 48 33 40 46 26 23 36 30 6 27 63 19 1 24 
35 16 10 20 32 2 64 17 57 54 58 43 12 39 62 44 49 59 38 36 21 18 37 25 1 28 51 34 53 50 3 46 14 42 60 45 31 27 29 55 19 48 7 30 52 33 63 22 26 47 8 15 4 56 23 41 24 40 5 61 11 13 6 9 
3 37 42 12 26 44 9 46 29 1 40 2 53 11 51 38 10 14 62 35 19 47 60 22 27 30 55 7 56 4 45 25 41 39 58 5 52 61 63 36 43 6 57 20 24 64 34 8 18 59 31 13 33 28 32 16 23 15 21 50 49 17 48 54 
48 45 31 53 59 22 33 62 35 10 28 23 37 64 14 55 44 51 41 32 50 13 1 26 19 5 6 8 47 40 18 63 34 56 49 21 17 4 9 38 12 15 3 61 60 42 54 27 24 2 46 25 58 20 11 57 30 29 39 7 36 52 43 16 
57 55 63 43 40 13 58 28 25 42 19 26 24 21 16 45 7 53 3 48 31 34 33 52 36 37 15 61 2 9 23 11 47 54 1 20 64 12 10 46 44 17 62 29 32 35 14 38 5 39 30 60 22 49 6 50 18 8 51 41 4 56 27 59 
7 52 61 4 56 23 6 54 15 8 46 30 5 17 60 9 63 45 28 39 11 29 24 42 49 12 21 20 16 10 62 38 44 26 57 33 43 50 32 18 41 31 53 59 13 40 36 25 34 35 27 48 51 14 55 1 37 64 3 58 2 47 22 19 
29 19 1 60 27 36 41 11 20 52 32 59 49 61 22 31 56 12 46 30 15 57 9 23 17 43 33 13 14 58 48 39 8 53 3 37 6 24 51 16 47 55 4 50 2 5 18 28 63 54 40 62 10 64 7 21 38 25 42 35 44 45 26 34 
5 8 15 18 14 51 39 24 50 34 7 41 47 3 33 13 43 6 27 2 40 61 4 58 54 44 52 64 32 26 57 42 59 25 30 28 22 23 48 35 56 45 21 16 46 11 49 37 29 19 17 53 12 9 38 36 55 63 1 62 60 31 20 10 
30 50 49 21 25 34 47 38 27 18 48 63 36 4 56 6 16 20 54 17 64 5 8 55 29 59 22 24 60 35 31 41 40 62 7 19 2 11 15 13 39 26 9 51 58 23 10 1 37 45 43 52 42 44 61 3 33 46 14 12 53 32 57 28 
17 42 57 16 61 63 19 43 54 4 36 48 44 10 35 60 25 26 2 21 29 30 64 33 34 20 53 46 11 51 40 5 13 7 24 6 28 45 55 14 38 8 58 22 23 18 37 9 3 27 56 41 39 62 12 32 47 50 52 1 31 59 15 49 
40 32 12 1 44 50 15 23 49 63 61 13 22 5 42 14 62 10 47 6 24 59 53 45 38 21 2 4 9 36 27 57 29 30 43 58 8 31 16 25 17 34 60 28 33 56 3 55 52 51 7 18 46 11 19 54 64 26 41 20 48 37 39 35 
22 35 34 3 13 4 8 39 23 9 26 29 7 32 2 30 36 49 56 37 63 52 5 15 33 62 14 25 44 59 61 64 54 21 47 46 41 18 57 20 16 19 11 40 50 53 27 24 38 1 58 42 6 31 28 48 60 51 17 55 43 10 12 45 
54 46 36 37 18 14 26 58 55 50 24 56 16 53 43 51 22 40 7 27 28 39 61 60 13 31 10 47 63 23 1 48 38 19 62 64 44 3 49 11 2 41 52 15 57 45 12 35 20 25 9 17 8 59 4 33 32 5 30 6 29 21 34 42 
64 49 62 52 2 21 53 31 28 11 18 33 6 25 1 12 57 3 8 9 55 46 58 48 41 17 19 45 50 54 30 56 23 59 51 4 60 15 5 26 20 47 29 14 43 39 32 42 61 13 22 10 37 24 35 34 63 16 44 38 40 27 7 36 
10 11 33 24 48 55 38 45 59 47 62 40 52 19 15 17 20 1 32 41 4 16 31 51 28 29 18 35 22 60 37 7 53 63 12 39 34 42 27 9 36 5 49 64 44 46 61 6 30 43 23 57 50 26 21 14 8 2 25 3 13 54 56 58 
51 5 20 59 9 30 29 25 45 64 31 57 34 58 41 27 18 54 19 43 23 38 44 35 3 52 42 39 6 12 16 8 36 17 37 10 50 56 1 32 4 13 26 63 21 62 48 7 53 60 2 55 15 40 49 47 28 61 33 14 22 24 11 46 
27 41 47 28 6 56 7 60 21 3 39 20 8 37 38 46 42 50 14 34 13 12 11 17 32 26 58 49 15 55 43 24 61 33 52 35 40 48 2 22 1 59 25 10 51 30 31 54 45 36 5 44 16 63 64 29 62 19 18 4 9 23 53 57 
38 2 37 46 33 25 31 35 44 45 6 7 10 12 34 15 54 13 63 59 16 53 22 21 60 58 8 40 57 30 20 27 51 29 32 52 24 5 3 56 42 49 48 47 62 61 28 19 14 64 11 9 36 4 43 55 1 41 26 18 17 39 50 23 
18 43 14 49 62 1 3 26 56 55 5 53 11 59 32 63 4 17 50 52 2 48 40 30 45 41 24 33 28 19 7 15 64 58 54 23 9 38 47 6 13 16 20 8 37 36 29 57 21 42 39 34 61 22 60 46 35 27 31 10 12 51 25 44 
6 64 54 41 45 11 17 12 19 62 13 58 1 35 47 40 28 15 37 38 39 3 55 29 44 48 9 50 43 31 51 4 18 60 21 25 36 53 42 33 46 10 34 56 26 14 5 2 57 20 32 23 30 27 52 24 59 22 7 49 16 63 8 61 
16 56 48 22 50 39 23 15 3 61 60 38 28 24 29 57 45 5 31 25 7 42 14 36 64 46 59 1 21 47 12 10 2 37 19 44 11 20 34 27 54 18 6 58 63 51 9 32 49 8 33 26 35 41 17 53 40 4 43 13 62 55 30 52 
63 60 4 27 30 8 40 13 37 36 21 17 2 48 39 43 11 9 20 12 33 41 18 47 42 35 54 53 61 34 49 52 10 57 26 16 14 62 50 15 22 23 31 7 3 1 55 44 19 56 51 29 25 6 59 38 58 24 45 32 28 46 5 64 
21 10 44 36 52 53 55 42 64 51 54 27 4 33 18 25 1 34 23 49 61 35 57 24 56 11 13 63 26 32 29 22 17 28 31 41 59 8 46 45 40 38 15 60 39 43 50 30 62 58 12 7 3 5 16 2 19 9 48 37 6 20 47 14 
34 7 51 58 57 24 28 20 9 22 23 8 41 42 31 49 46 43 64 44 26 10 32 19 2 38 25 5 62 16 6 14 55 48 4 63 39 40 61 30 33 12 59 35 11 27 52 17 47 37 54 1 45 18 50 13 53 56 29 21 3 36 60 15 
59 47 29 9 5 61 32 19 46 20 30 52 14 50 26 16 6 27 58 51 8 60 56 62 39 55 23 18 17 37 36 3 49 22 13 12 7 43 35 1 21 25 64 45 41 24 53 4 28 48 10 63 31 15 44 40 57 34 2 11 54 42 38 33 
31 48 60 42 11 16 24 2 52 40 15 1 55 56 3 5 61 46 25 63 59 23 51 54 58 7 26 43 4 49 9 32 30 20 34 27 10 22 64 47 62 50 18 36 12 41 13 33 44 29 19 28 53 57 37 8 6 17 35 39 21 14 45 38 
33 40 3 23 55 27 54 32 26 43 8 50 42 29 63 58 41 64 18 16 60 21 52 12 47 25 34 22 10 61 38 53 15 5 11 51 62 36 13 31 49 20 44 57 45 6 56 59 1 7 35 46 14 17 39 4 2 48 24 19 30 28 9 37 
37 12 22 13 46 6 51 18 48 23 11 9 19 54 17 62 38 35 44 4 57 28 43 53 8 50 36 27 52 39 24 59 26 3 14 61 21 32 40 42 60 58 30 55 29 34 2 63 33 5 25 56 41 47 15 45 49 7 10 16 20 64 31 1 
58 44 7 39 15 49 34 14 2 33 37 64 25 22 46 59 55 48 11 62 30 24 36 40 5 18 31 56 20 57 17 29 1 35 45 60 53 16 54 52 32 9 28 19 27 3 21 26 12 23 6 38 13 10 51 42 61 47 63 43 50 41 4 8 
4 53 59 62 29 64 20 1 10 6 16 31 38 28 24 32 47 56 34 8 9 26 39 3 35 45 30 2 51 41 19 23 7 43 44 50 48 33 12 49 37 61 42 17 40 52 15 14 36 22 21 58 11 54 63 60 13 57 27 25 5 18 46 55 
50 21 8 19 17 41 43 52 14 27 47 12 20 44 61 35 15 33 6 10 37 45 2 5 62 60 40 42 46 28 63 13 57 4 23 24 38 58 56 39 48 51 1 53 25 31 7 64 9 49 55 16 59 34 30 18 26 11 22 54 32 3 36 29 
47 25 56 35 28 45 36 30 4 21 34 51 57 13 7 18 50 22 49 14 58 32 27 20 55 6 1 16 48 11 44 12 63 2 41 9 29 19 37 17 24 54 5 39 8 38 46 10 40 3 64 61 43 52 31 26 42 59 60 23 15 53 33 62 
9 63 38 61 10 26 5 57 36 41 49 39 60 30 45 53 13 29 42 31 1 19 17 7 21 33 3 15 64 14 54 37 28 6 46 8 55 25 18 59 11 35 47 43 22 4 23 16 48 62 50 27 32 2 24 20 52 44 12 34 58 40 51 56 
28 38 52 11 58 32 4 7 47 30 35 6 21 15 5 19 37 41 22 1 53 40 3 18 9 54 60 44 45 13 46 20 56 27 39 14 26 10 17 64 23 24 16 33 49 29 43 36 55 63 61 31 48 25 8 51 34 12 62 59 42 57 2 50 
24 30 64 2 41 12 61 33 13 60 27 34 29 31 48 52 51 63 21 23 20 25 49 50 26 3 16 6 1 62 5 18 4 15 42 59 19 55 8 53 57 44 56 37 9 54 22 58 17 46 28 11 38 45 40 35 14 36 32 47 39 7 10 43 
53 23 39 50 19 18 59 34 12 38 42 55 56 46 11 7 29 32 36 57 27 8 26 28 4 14 43 10 41 24 21 30 33 40 35 49 37 9 20 63 25 1 17 13 31 15 64 62 58 6 52 47 2 16 54 22 51 60 61 44 45 48 3 5 
42 51 17 48 47 46 10 21 43 2 64 45 39 14 25 1 9 7 24 15 35 62 13 59 11 61 49 29 27 63 32 33 16 34 50 36 12 60 22 58 30 52 8 6 20 19 38 40 23 57 4 3 5 53 41 44 54 55 56 28 37 26 18 31 
62 26 43 45 37 40 25 8 63 28 3 32 54 57 20 36 52 42 60 5 48 14 10 56 53 23 50 55 12 22 34 35 11 41 29 18 47 44 31 24 51 21 61 2 4 7 59 39 13 15 49 30 9 1 27 64 17 38 19 46 33 16 58 6 
49 13 55 54 1 9 22 6 40 17 59 62 58 26 50 8 12 44 39 19 43 2 34 16 31 57 37 36 42 25 52 28 21 51 5 38 61 7 30 48 3 46 27 18 53 63 45 47 60 32 24 14 20 33 10 56 15 35 23 29 41 11 64 4 
36 15 5 14 16 20 63 56 33 37 44 24 23 51 53 61 31 55 4 46 47 17 38 6 40 8 64 48 58 7 39 2 62 52 28 1 3 54 45 57 50 11 35 32 10 60 41 12 43 34 42 19 26 29 18 59 22 13 49 9 25 30 21 27 
44 57 35 29 60 31 27 3 18 49 41 4 9 16 10 22 33 11 61 54 45 58 30 64 15 56 47 38 19 17 59 51 32 46 25 43 13 6 23 2 28 14 55 48 5 26 42 34 50 21 37 39 7 36 62 12 20 1 53 52 24 8 40 63 
################proper############## 

 average_time = 16.152534 

 success runs = 1 

 total average iters = 401057.000000 
