Success!!! 
 
 max_col = 
 64 
 
 run_time = 
 10.778902 
 
 once iters = 
 213066 
 
18 3 40 11 49 57 61 4 60 14 15 12 37 17 16 51 27 7 22 38 47 62 52 43 28 31 33 54 21 39 36 64 26 20 59 46 24 45 19 48 55 32 34 53 13 8 63 6 2 9 23 1 50 10 56 25 41 30 5 42 35 44 58 29 
29 25 20 54 26 15 6 53 34 8 39 45 36 57 62 19 41 58 48 44 5 51 17 13 1 23 42 63 11 3 43 27 9 37 61 32 50 52 18 33 46 14 2 56 10 7 35 59 22 49 30 55 16 47 4 38 64 24 60 40 12 21 31 28 
52 34 24 22 60 47 43 1 21 44 2 55 28 58 48 40 42 23 54 14 37 3 64 15 57 12 38 62 32 50 41 29 5 16 6 30 4 39 53 10 27 17 19 26 25 9 31 61 46 7 20 33 11 13 8 35 59 51 36 18 45 49 56 63 
59 50 38 10 58 28 44 21 56 13 26 61 20 49 30 35 33 8 29 16 34 32 46 12 25 40 55 24 5 19 37 17 41 14 2 47 7 42 27 62 39 22 1 23 3 43 15 51 45 60 36 53 31 63 64 18 11 54 48 6 52 57 9 4 
12 9 39 56 45 36 42 17 41 43 5 64 32 3 31 18 59 24 4 53 30 61 11 6 22 20 51 7 49 46 2 48 63 8 35 28 29 23 1 60 38 54 21 40 44 52 37 47 15 62 58 19 57 14 34 26 13 10 27 25 50 33 16 55 
32 51 46 7 41 19 2 30 63 25 23 24 59 42 22 52 18 60 20 26 10 40 28 35 8 45 44 47 15 13 56 9 58 49 55 31 17 36 57 11 12 48 62 64 4 16 50 33 6 5 21 37 29 54 43 27 53 1 39 61 34 3 14 38 
16 14 64 37 33 5 13 55 46 7 6 38 10 47 27 9 21 63 39 19 50 1 57 31 53 52 61 35 4 58 60 26 15 25 3 56 51 40 34 54 49 11 28 45 18 29 36 30 24 44 48 12 17 42 41 59 8 2 32 22 20 23 62 43 
48 23 63 35 62 31 8 27 1 29 50 53 54 33 4 11 49 25 9 45 2 56 55 36 10 16 18 59 34 6 14 30 21 22 38 43 44 64 12 13 5 42 41 20 58 24 60 57 40 3 52 32 61 51 39 28 26 17 15 47 46 19 7 37 
49 36 45 60 4 52 28 51 22 30 55 48 23 2 59 24 29 35 16 64 18 57 6 41 56 10 20 32 58 47 12 33 1 17 15 8 38 43 42 14 63 53 31 61 39 19 25 54 21 40 62 5 26 27 9 13 44 11 50 34 7 46 37 3 
54 62 31 3 27 53 47 56 18 21 25 16 61 9 63 46 44 51 52 55 11 34 14 42 48 60 17 2 23 15 5 39 4 33 40 6 58 26 30 37 35 7 50 1 43 10 64 29 49 8 12 24 36 20 59 19 45 41 38 13 22 28 57 32 
43 17 48 6 57 55 5 26 54 27 51 19 11 28 42 13 20 39 32 50 24 7 8 1 64 41 59 9 38 61 46 21 31 53 36 35 56 2 44 52 4 30 22 14 62 45 23 12 63 18 34 15 37 16 47 3 33 29 10 58 49 60 40 25 
35 8 34 63 30 61 22 50 12 38 10 17 60 62 1 47 28 3 23 43 26 31 4 59 37 6 49 16 53 45 51 14 24 57 19 7 20 13 64 27 18 40 52 46 36 48 5 41 11 29 32 39 25 33 44 58 54 42 2 9 55 56 15 21 
23 42 13 19 18 2 37 25 26 41 31 36 15 44 6 20 54 22 12 48 21 63 60 45 62 8 40 50 52 1 30 7 34 32 49 29 5 16 28 3 11 33 38 59 9 55 58 27 56 14 64 17 46 57 10 61 51 39 47 24 4 53 43 35 
1 29 9 41 59 11 15 44 14 57 58 37 45 40 64 33 53 10 17 27 46 38 13 61 55 25 24 31 3 35 63 36 22 51 47 62 18 12 48 39 32 8 49 42 21 56 26 34 60 4 28 2 43 7 50 54 16 19 20 23 30 5 52 6 
33 20 21 58 64 39 38 16 8 53 32 49 7 50 34 4 56 30 5 2 62 9 40 19 27 43 54 28 44 29 13 18 59 10 63 23 55 11 25 46 47 60 6 15 24 37 57 3 41 45 51 35 22 52 1 42 12 36 17 26 31 14 61 48 
46 12 32 14 40 10 24 7 5 56 35 52 29 43 3 39 25 47 33 15 58 37 36 49 11 19 34 57 26 4 22 42 60 45 50 21 54 9 41 61 51 2 20 44 17 13 16 28 53 55 6 23 30 48 38 31 1 62 59 27 8 18 63 64 
2 40 18 12 38 8 54 45 11 6 24 62 53 48 28 21 1 13 57 29 64 44 39 33 4 9 16 56 63 55 61 49 50 41 7 58 37 31 26 36 34 47 27 60 59 30 46 42 5 43 25 14 15 3 32 51 52 23 19 10 17 35 22 20 
6 56 19 30 23 64 29 59 57 61 17 58 40 52 25 45 51 20 55 62 42 24 50 26 60 11 21 14 7 8 53 10 16 28 54 12 48 35 33 4 43 49 15 39 22 63 2 5 9 13 27 47 44 1 37 46 38 18 34 36 41 32 3 31 
22 60 44 49 63 16 52 61 36 42 46 27 33 32 56 8 35 9 37 41 12 58 34 11 30 18 3 19 48 17 50 25 45 43 62 5 1 47 38 6 20 13 10 31 29 53 51 64 26 57 55 28 59 2 24 23 21 15 7 14 54 39 4 40 
37 15 47 25 42 3 51 46 38 59 16 20 34 63 55 1 40 2 36 10 22 6 30 23 24 54 26 41 64 52 35 5 29 19 60 27 53 57 17 44 45 9 32 50 61 21 7 14 33 56 31 8 12 4 18 39 28 13 49 62 43 58 48 11 
26 5 4 20 10 24 7 58 15 49 12 44 39 22 54 37 31 56 46 47 14 53 16 32 36 2 43 13 27 40 1 38 18 11 34 51 23 21 59 55 41 52 57 48 28 25 3 35 30 50 61 62 42 19 17 29 60 64 9 33 63 45 6 8 
28 48 43 57 14 41 11 36 23 51 7 26 47 4 9 30 60 27 45 49 38 18 3 21 34 46 31 15 59 62 29 58 2 13 32 61 39 20 52 8 19 37 17 33 1 44 54 55 10 6 22 16 40 64 35 63 56 50 53 12 5 42 25 24 
55 1 17 27 50 34 53 35 19 64 29 13 5 31 2 60 7 43 15 54 8 48 61 52 6 32 39 42 20 33 28 37 3 24 10 14 25 22 9 63 56 12 26 18 23 62 40 4 36 58 41 38 21 49 11 45 30 16 51 57 47 59 46 44 
13 21 62 33 9 32 39 31 43 35 3 10 14 18 50 41 4 17 28 59 19 25 5 63 47 51 57 23 22 12 44 45 64 15 42 40 46 30 49 56 8 38 36 24 6 58 11 16 34 52 54 7 20 53 60 48 27 26 37 55 1 2 29 61 
4 35 29 16 47 48 31 3 20 10 28 14 30 53 15 27 6 64 61 58 56 21 25 46 41 26 37 60 19 11 55 22 13 1 9 63 2 62 7 50 24 45 23 34 38 18 32 17 54 39 44 40 33 59 51 49 5 12 52 43 36 8 42 57 
36 27 7 59 51 42 25 62 35 55 18 31 41 11 58 3 50 4 40 30 48 13 43 34 39 21 1 49 46 64 24 15 44 38 23 45 10 5 47 12 14 56 37 9 16 57 28 8 19 53 60 61 6 26 20 52 2 33 22 63 29 54 32 17 
39 28 6 21 43 63 26 8 62 9 52 29 19 45 47 42 12 49 11 60 23 59 37 53 16 57 7 33 18 14 38 34 30 35 51 22 32 3 15 40 64 1 5 10 54 50 48 44 55 17 24 36 56 25 27 2 4 20 61 46 58 31 41 13 
50 54 23 34 37 18 30 64 39 32 56 7 44 16 5 59 2 29 41 28 55 10 35 17 61 48 53 51 9 63 62 12 43 58 52 57 14 19 24 42 26 27 46 4 33 36 20 15 13 38 8 22 1 21 31 11 47 6 25 60 3 40 49 45 
9 33 53 1 5 17 46 52 50 40 49 22 26 12 23 38 24 14 19 18 39 8 31 44 20 58 2 25 47 32 3 13 28 54 4 64 27 56 36 59 61 21 60 6 35 41 55 63 57 48 42 43 45 29 30 7 10 37 16 15 62 11 34 51 
44 61 57 55 11 45 10 40 33 37 13 6 64 60 51 36 47 26 63 9 15 16 32 5 23 50 4 17 56 54 42 43 48 21 25 49 31 53 8 20 22 3 29 19 7 2 52 62 12 28 46 18 58 41 14 34 39 59 24 1 38 27 35 30 
41 13 60 2 56 20 19 22 24 63 8 1 4 21 43 61 3 38 51 42 54 27 62 57 31 29 6 36 45 30 52 35 46 34 39 37 33 18 55 17 58 59 47 25 40 11 12 49 16 15 50 64 32 23 5 10 48 9 14 44 53 26 28 7 
24 38 14 32 15 58 12 49 17 54 48 34 46 25 57 2 52 45 7 36 1 20 33 22 40 27 5 8 10 28 59 44 61 60 26 16 41 6 11 29 53 43 30 13 51 39 42 31 37 35 63 3 47 9 62 4 18 55 64 21 56 50 19 23 
25 52 27 18 3 7 56 43 47 20 38 15 1 19 53 32 8 61 64 17 16 12 41 51 26 39 62 5 57 37 58 63 42 48 30 50 40 33 35 45 6 31 14 54 60 59 44 24 28 2 13 4 55 46 21 36 29 22 11 49 23 34 10 9 
51 59 12 44 54 46 40 57 27 52 62 18 3 29 36 25 10 50 56 21 6 42 63 14 49 17 30 11 13 31 20 2 39 5 1 19 64 15 60 22 9 58 33 28 47 34 43 45 38 61 16 26 23 35 7 41 24 32 8 4 48 37 55 53 
64 24 1 29 61 49 41 63 48 28 11 60 51 39 35 7 38 19 18 37 4 23 58 27 42 56 46 43 36 21 6 47 20 55 14 13 34 10 54 31 57 16 53 32 15 22 62 26 8 33 45 9 5 40 12 44 50 25 3 30 59 52 17 2 
30 31 55 36 16 21 34 47 58 12 37 46 6 14 40 22 5 32 1 3 29 15 44 24 52 59 41 45 33 48 8 50 38 26 53 18 9 49 63 23 17 35 4 2 19 61 27 11 43 10 57 51 64 62 25 56 7 60 28 54 42 20 13 39 
17 45 37 9 13 6 4 5 31 26 42 21 24 59 49 57 11 28 2 46 43 33 20 48 3 34 15 55 12 25 7 61 56 36 16 44 62 51 32 58 52 10 18 8 50 40 41 23 29 22 53 60 39 30 54 47 63 35 1 64 19 38 27 14 
8 19 28 23 20 38 60 10 2 50 34 33 9 56 41 17 39 52 53 35 45 30 54 62 14 44 64 29 24 22 4 51 27 47 21 11 57 46 61 7 3 5 13 55 63 12 49 25 59 37 1 58 48 6 42 32 36 40 43 31 15 16 18 26 
53 58 26 39 35 50 62 32 10 4 44 54 16 13 45 55 34 31 25 7 49 47 22 9 19 1 23 40 28 38 18 60 6 2 12 3 59 8 37 43 30 64 48 36 20 42 29 56 17 11 15 27 52 24 63 14 46 57 33 5 21 61 51 41 
11 2 15 42 22 14 48 33 30 23 64 5 63 8 61 43 13 55 26 57 36 60 59 40 54 53 27 10 35 9 16 32 17 4 24 41 52 28 29 25 21 51 7 38 37 46 1 39 18 19 3 50 34 31 49 20 62 44 45 56 6 47 12 58 
57 53 25 15 21 62 16 14 28 36 9 47 2 20 8 64 48 6 3 52 51 4 7 38 63 49 10 58 54 60 34 11 55 31 56 39 35 32 23 26 1 61 44 27 5 33 30 50 42 59 17 29 41 12 22 37 19 43 18 45 40 13 24 46 
58 26 2 51 31 9 17 37 4 1 45 23 22 27 46 63 43 34 24 32 59 39 29 18 7 35 14 30 8 20 48 28 40 64 41 33 3 54 50 19 42 57 55 49 11 6 47 10 61 21 56 13 62 44 52 15 25 38 12 53 16 36 5 60 
56 4 59 47 7 43 36 23 52 31 14 3 50 15 24 29 16 62 13 20 35 55 12 28 5 42 45 46 51 53 40 41 11 9 37 34 30 60 22 57 54 25 39 17 2 38 21 58 64 1 33 63 10 18 19 6 61 8 26 32 27 48 44 49 
40 55 30 28 29 35 3 24 37 34 54 51 21 38 32 10 61 1 50 11 44 22 42 8 18 62 25 4 43 59 23 19 53 12 48 20 49 27 5 15 13 46 64 7 56 31 14 52 39 26 2 45 60 36 16 57 17 63 58 41 9 6 47 33 
5 10 50 46 34 13 18 39 44 33 40 30 12 61 7 49 17 21 58 63 27 2 19 64 9 38 47 37 29 57 26 6 14 62 45 52 16 1 4 28 48 41 35 22 53 60 59 36 31 25 43 20 8 32 55 24 23 56 42 3 51 15 11 54 
42 32 49 48 52 27 64 12 53 17 43 41 18 26 11 58 57 36 10 5 25 46 56 60 33 15 13 61 31 2 39 1 47 7 44 24 63 38 6 21 37 62 8 16 45 23 19 40 35 51 9 54 4 28 3 50 55 34 30 20 14 29 59 22 
60 6 33 45 8 1 20 19 16 62 59 57 48 5 13 56 14 15 49 40 53 41 26 54 12 64 22 21 55 44 27 52 25 61 46 36 42 17 10 51 29 63 24 43 32 3 18 9 58 34 47 11 7 38 23 30 31 28 35 37 2 4 39 50 
61 41 22 38 44 54 63 11 42 60 19 25 35 55 39 6 23 33 30 31 9 45 47 37 17 36 50 3 16 24 32 56 8 29 58 2 43 59 13 18 15 26 12 51 34 28 4 20 14 27 49 48 53 5 46 40 57 52 21 7 64 10 1 62 
31 37 42 53 32 40 27 38 7 15 4 56 57 23 17 5 45 41 35 8 33 36 9 39 13 22 28 12 1 16 47 24 19 46 43 10 6 29 51 30 50 55 3 58 26 20 61 21 52 63 59 49 14 60 2 62 34 48 44 11 25 64 54 18 
45 18 52 4 39 44 49 34 61 48 47 43 27 30 12 50 58 16 14 6 31 54 24 3 51 33 19 38 60 10 11 40 35 63 64 53 21 25 2 5 36 23 59 62 41 1 56 13 20 42 29 57 28 22 26 9 37 7 46 17 32 55 8 15 
3 30 11 50 25 59 55 13 45 19 1 28 49 36 60 62 46 57 42 23 63 5 21 29 15 4 52 39 2 26 9 8 32 27 33 54 22 37 31 47 7 44 40 12 64 17 53 18 48 24 10 6 38 34 58 43 35 14 56 51 61 41 20 16 
62 7 36 5 2 26 33 48 6 3 21 40 31 46 38 34 55 12 60 22 17 50 51 25 32 14 35 64 37 27 49 20 23 56 18 42 11 61 16 1 10 39 9 52 57 47 24 43 4 41 19 44 54 15 45 8 58 53 13 29 28 63 30 59 
63 22 10 61 17 23 58 6 59 24 33 32 55 37 20 44 15 11 47 56 40 52 49 2 29 5 48 53 42 43 25 54 57 39 8 26 45 34 3 41 28 4 51 35 30 14 38 46 1 16 7 21 18 50 13 64 9 27 31 19 60 62 36 12 
19 16 54 24 28 56 1 20 13 39 63 8 58 51 10 26 30 44 38 34 32 64 53 7 46 3 36 18 50 41 57 59 52 40 17 48 15 14 62 9 60 29 42 11 31 27 6 22 47 23 37 25 35 55 61 12 49 21 4 2 33 43 45 5 
15 43 41 8 12 51 14 9 64 2 53 11 42 35 29 16 26 18 62 1 20 28 27 4 44 55 63 6 61 56 21 31 36 50 13 59 60 7 58 38 25 34 54 37 48 49 45 19 32 46 40 30 3 17 33 5 22 47 57 52 39 24 23 10 
47 57 35 64 46 29 21 60 25 22 41 9 52 54 18 14 37 59 43 13 61 19 48 10 45 7 58 34 30 23 17 62 49 44 28 4 12 55 20 24 16 15 63 5 8 32 33 2 27 31 11 56 51 39 36 53 40 3 6 38 26 1 50 42 
34 49 61 17 24 33 50 15 40 45 36 59 13 6 44 23 32 42 27 4 7 43 2 55 21 30 9 20 25 5 54 57 62 18 11 38 26 58 14 16 31 19 56 29 12 35 8 53 51 47 39 52 63 37 28 60 3 46 41 48 10 22 64 1 
38 46 58 62 36 30 59 29 3 16 20 50 8 41 37 54 22 48 31 25 28 35 45 47 43 63 60 1 14 51 19 53 10 52 57 15 13 24 56 64 44 6 11 21 27 26 9 7 23 12 4 42 49 61 40 33 32 5 55 39 18 17 2 34 
7 44 5 26 48 25 32 28 55 18 27 42 62 64 21 31 9 40 6 12 41 29 38 16 2 47 8 52 39 36 10 3 33 23 20 17 61 4 45 49 59 24 43 57 46 51 22 37 50 54 14 34 19 11 53 1 15 58 63 35 13 30 60 56 
27 63 51 31 6 37 23 18 49 5 60 35 43 24 52 12 64 53 59 39 3 17 10 50 58 61 11 26 40 42 45 46 7 30 29 9 28 44 21 32 2 36 16 47 55 15 34 1 62 20 38 41 13 56 48 22 14 4 54 8 57 25 33 19 
21 39 56 52 1 4 45 54 9 11 61 63 17 7 33 15 36 46 44 24 13 14 23 20 38 28 29 22 6 34 64 55 12 3 27 60 19 48 43 35 40 18 58 41 49 5 10 32 25 30 26 59 2 8 57 16 42 31 62 50 37 51 53 47 
20 64 16 13 53 22 57 42 29 47 30 4 38 1 26 48 19 5 34 61 52 11 15 56 35 37 12 27 17 7 33 23 51 59 31 25 8 41 46 2 62 50 45 63 14 54 39 60 3 32 18 10 24 58 6 55 43 49 40 28 44 9 21 36 
10 47 8 43 19 12 35 2 51 58 57 39 56 34 14 28 62 54 21 33 60 49 1 30 50 24 32 48 41 18 31 16 37 42 22 55 36 63 40 53 23 20 25 3 52 4 13 38 44 64 5 46 9 45 15 17 6 61 29 59 11 7 26 27 
14 11 3 40 55 60 9 41 32 46 22 2 25 10 19 53 63 37 8 51 57 26 18 58 59 13 56 44 62 49 15 4 54 6 5 1 47 50 39 34 33 28 61 30 42 64 17 48 7 36 35 31 27 43 29 21 20 45 23 16 24 12 38 52 
################proper############## 

 average_time = 10.778902 

 success runs = 1 

 total average iters = 213066.000000 
