Success!!! 
 
 max_col = 
 64 
 
 run_time = 
 13.119750 
 
 once iters = 
 301311 
 
27 4 39 41 63 5 53 9 61 19 14 44 1 16 42 25 21 8 45 64 58 12 29 2 30 37 46 33 49 13 57 11 15 7 35 50 26 51 56 23 54 40 43 3 28 32 18 24 10 6 22 36 31 60 17 55 38 20 52 47 34 59 62 48 
16 34 61 18 49 2 1 47 50 6 33 59 24 3 13 36 48 32 20 57 23 5 46 31 55 51 26 22 56 15 62 12 28 39 17 42 60 11 10 29 38 9 44 30 4 52 35 19 64 43 54 25 40 27 63 37 21 8 53 58 45 7 14 41 
36 57 64 29 23 43 40 33 53 62 32 8 52 60 20 18 63 4 50 26 37 14 30 17 28 48 5 7 59 35 38 21 24 31 9 16 58 55 6 25 15 45 1 13 61 47 22 49 39 34 12 44 11 56 46 41 27 51 10 2 19 54 3 42 
52 22 11 8 56 60 51 55 12 45 37 23 9 17 49 38 53 42 24 10 15 13 62 44 32 50 64 58 27 6 19 39 57 61 46 47 48 54 34 41 36 31 26 7 14 20 59 29 3 5 16 33 21 2 28 1 43 35 40 30 18 63 25 4 
10 59 62 25 13 48 12 7 31 43 51 39 30 11 21 63 47 38 61 54 28 22 36 3 1 9 24 41 40 34 17 60 4 18 44 14 2 45 52 27 42 53 46 33 57 8 16 50 26 29 35 19 32 58 49 20 64 23 6 56 15 55 37 5 
3 24 20 50 44 14 32 46 27 34 29 58 4 56 54 22 39 7 49 18 43 52 35 25 42 45 23 2 47 8 36 61 19 12 64 30 40 21 37 5 10 62 48 55 41 6 11 63 13 57 59 53 9 15 38 51 60 28 33 26 31 17 16 1 
17 26 15 38 31 37 21 19 55 35 28 41 64 47 40 10 1 59 33 60 9 51 11 6 3 52 4 18 43 16 54 25 62 13 63 20 36 8 53 49 12 27 58 34 56 5 2 23 45 24 7 50 14 30 48 42 46 29 57 61 32 22 39 44 
45 6 42 54 58 28 30 35 7 15 2 57 48 26 5 46 41 40 16 55 56 34 27 19 31 44 10 63 20 14 53 29 33 38 22 3 32 1 59 43 21 60 25 39 17 64 37 51 4 61 23 18 62 8 52 47 50 36 24 49 12 9 13 11 
34 40 7 26 60 4 5 57 14 55 31 10 63 38 16 15 46 43 2 30 21 53 3 41 49 42 8 11 36 1 29 17 54 20 24 64 51 18 62 47 58 12 6 50 45 28 48 27 32 13 52 23 59 61 25 9 56 39 19 35 37 44 33 22 
61 62 53 23 20 31 29 64 24 48 21 45 40 13 25 26 7 33 44 47 39 27 28 51 35 18 9 10 46 30 52 22 43 3 37 15 55 17 36 12 56 42 19 11 5 34 41 4 6 54 8 57 63 49 58 2 1 38 32 14 16 60 59 50 
47 2 63 11 42 54 38 45 33 49 30 12 57 9 6 52 18 20 8 17 34 40 4 23 5 25 44 51 7 31 48 58 22 32 50 59 21 56 13 39 3 37 36 15 35 29 14 61 43 64 28 16 60 19 1 46 41 55 26 53 10 27 24 62 
1 56 48 59 28 49 27 50 3 22 11 36 43 54 62 8 42 29 10 9 52 6 24 15 33 53 32 4 37 57 47 13 2 23 19 25 38 61 5 60 63 64 39 16 31 46 44 30 14 51 17 40 55 41 35 26 34 18 58 7 21 45 20 12 
6 52 43 24 32 44 15 25 58 2 39 18 51 64 28 50 16 1 62 59 60 11 48 22 19 55 20 45 61 41 40 63 30 26 27 57 14 31 35 7 49 8 33 53 38 17 13 21 36 12 3 37 4 10 34 56 42 9 29 54 46 5 23 47 
9 36 14 17 35 55 10 22 5 23 47 19 46 44 41 27 37 12 57 56 61 31 58 50 24 15 38 43 34 21 26 2 40 11 53 6 16 63 45 48 1 52 62 59 25 60 32 54 33 7 20 42 39 18 29 30 8 64 13 3 4 49 51 28 
30 3 51 39 37 19 46 41 1 59 42 61 20 53 56 4 35 14 38 13 63 25 32 36 50 60 54 27 64 12 16 62 29 10 8 49 34 58 28 33 7 55 23 26 18 9 24 40 21 44 15 45 47 5 22 31 6 57 48 17 52 2 11 43 
13 18 33 12 8 58 16 21 37 7 17 32 29 34 60 35 55 5 54 19 64 26 49 45 59 6 14 3 23 39 28 56 46 42 4 41 44 9 1 52 20 51 47 43 2 22 10 57 48 53 38 11 27 62 24 50 40 15 25 63 61 31 36 30 
8 15 6 5 57 10 63 29 21 39 60 7 38 19 58 16 64 52 36 50 14 30 59 42 53 46 43 28 32 49 9 27 47 1 45 48 41 2 4 54 26 34 35 31 44 24 23 22 20 3 61 56 51 55 12 13 37 25 11 18 33 62 40 17 
53 1 54 7 3 22 55 49 11 14 9 47 42 8 2 32 24 39 23 45 25 58 10 35 56 36 17 57 63 44 6 37 26 15 28 13 50 20 12 18 19 61 29 40 46 30 43 38 34 31 41 62 33 21 60 48 51 59 4 5 27 16 64 52 
24 48 25 35 2 12 20 62 17 37 15 46 59 33 45 56 26 57 6 49 31 4 38 54 51 5 41 34 11 55 18 3 21 8 43 52 23 10 9 64 27 7 14 1 63 39 47 53 44 50 40 58 19 36 32 16 28 22 60 13 29 42 30 61 
43 17 9 60 45 30 14 28 34 54 12 13 35 41 55 20 56 2 63 62 27 33 19 11 40 24 31 42 29 22 25 38 51 37 58 7 61 16 39 3 6 5 15 32 52 48 64 36 8 18 49 26 1 46 59 4 23 10 44 50 53 47 57 21 
21 38 40 42 52 39 50 44 62 4 5 48 22 18 36 31 15 55 29 37 12 28 9 46 26 2 47 64 14 61 13 7 53 35 56 11 27 34 63 30 33 57 16 60 20 49 51 59 17 25 43 6 10 54 45 23 19 58 41 32 1 3 8 24 
56 33 19 51 4 41 23 37 26 1 50 40 27 28 29 64 34 3 43 53 32 20 61 13 21 12 59 52 16 62 60 15 38 22 49 31 57 14 44 17 25 18 2 10 58 45 42 8 5 11 24 7 30 47 9 63 55 48 54 36 39 46 35 6 
11 16 58 36 47 32 64 27 52 24 53 49 61 10 63 6 51 17 21 1 7 18 44 48 8 19 35 23 45 33 4 30 59 46 60 40 5 42 25 62 41 50 28 9 3 55 54 13 22 39 29 15 37 57 2 38 20 56 31 12 14 43 34 26 
18 61 13 31 46 34 26 59 43 57 44 3 25 23 51 30 22 60 5 41 16 47 40 8 39 20 50 48 1 10 58 54 32 19 29 24 6 36 33 55 4 11 37 17 62 12 21 56 27 42 64 28 35 52 53 14 9 63 45 38 49 15 7 2 
44 39 34 22 43 51 2 38 25 9 20 56 5 45 61 7 6 24 19 63 48 36 8 12 47 14 30 59 57 3 49 40 18 55 11 1 13 46 17 26 31 41 21 62 15 58 28 16 29 4 60 32 54 50 23 33 10 37 27 42 35 53 52 64 
12 31 35 57 9 11 56 53 8 38 46 62 23 50 43 3 44 13 60 4 17 7 55 16 52 33 22 20 21 37 64 6 41 45 30 58 42 25 15 19 5 54 49 24 36 40 29 10 1 14 48 27 18 28 61 34 26 2 47 39 59 51 32 63 
25 27 59 14 21 8 4 23 2 60 35 24 28 30 12 34 40 26 42 15 53 62 51 38 16 39 18 55 48 17 1 5 52 57 32 44 54 64 22 10 9 19 63 56 11 37 50 33 7 49 47 46 6 20 43 3 31 41 61 29 13 36 58 45 
64 13 3 49 33 46 41 63 6 58 57 54 53 40 19 29 27 35 18 23 20 50 39 5 4 10 62 32 28 42 12 36 31 60 34 51 8 7 47 21 2 44 61 22 48 43 38 45 9 37 56 55 52 59 26 25 16 24 15 11 30 1 17 14 
60 29 30 10 6 7 52 40 15 11 64 31 17 22 48 41 32 61 59 34 49 3 56 1 2 23 63 24 19 27 46 35 12 50 36 37 39 62 14 53 18 20 13 57 47 26 4 25 16 58 5 8 42 45 51 21 54 43 9 55 28 33 44 38 
62 50 5 48 1 36 58 15 59 42 18 21 37 52 27 55 10 47 31 11 33 54 43 28 45 26 61 25 13 9 51 44 56 16 20 23 29 4 2 63 32 35 34 6 60 14 17 7 38 30 19 24 53 39 41 64 3 40 22 46 57 8 12 49 
20 37 55 32 26 42 61 24 36 16 13 4 33 39 14 47 57 64 58 2 45 41 25 29 15 7 56 8 54 60 11 53 9 48 5 28 49 40 43 38 52 46 30 27 51 59 3 1 31 63 10 12 17 35 44 22 62 21 18 34 50 23 6 19 
28 47 17 19 54 45 18 16 44 10 1 63 49 32 26 51 9 37 52 46 22 21 14 30 34 58 29 38 31 50 43 41 27 24 59 33 35 6 3 61 55 39 53 12 64 23 8 42 57 62 2 13 36 11 15 40 25 4 56 48 60 20 5 7 
2 46 57 43 48 26 13 12 38 40 54 52 32 20 39 53 23 49 9 5 11 8 18 64 63 34 21 29 44 45 15 14 16 4 3 17 24 59 31 42 60 30 55 25 10 61 27 6 51 19 58 35 28 37 50 36 7 33 1 62 22 41 47 56 
40 35 47 4 29 64 11 36 22 27 56 43 21 1 23 61 30 45 15 51 10 48 57 59 41 54 3 9 26 24 8 19 58 6 14 18 25 44 49 46 13 16 31 38 7 33 34 12 2 32 55 39 5 63 20 62 53 42 28 52 17 50 60 37 
59 51 44 28 14 17 33 1 49 50 41 35 15 55 7 42 2 34 27 31 46 60 53 39 64 56 11 61 4 25 32 18 37 54 38 9 52 23 48 45 40 29 8 5 24 62 63 43 12 10 6 47 22 13 30 57 36 26 20 16 3 21 19 58 
5 30 18 55 34 15 24 31 4 29 26 11 13 6 33 19 17 50 41 7 42 37 20 62 58 40 36 49 12 47 39 16 61 53 10 63 1 28 60 22 51 14 32 21 9 3 56 2 25 59 46 43 64 48 8 52 44 45 23 27 38 57 54 35 
23 42 38 37 16 27 49 39 9 18 8 5 14 59 47 44 43 36 32 33 6 19 63 58 10 17 51 50 22 48 55 31 11 62 7 21 20 12 30 35 45 28 54 52 1 57 53 64 24 40 34 41 56 26 3 60 4 61 46 15 25 29 2 13 
63 25 10 21 22 52 6 20 45 17 16 28 58 36 64 60 61 54 3 12 4 56 47 24 62 1 13 5 53 7 27 43 39 51 57 32 19 15 40 2 35 26 41 37 49 50 46 44 11 33 14 38 23 9 42 29 18 30 55 59 8 34 48 31 
19 32 41 53 7 3 8 61 57 25 62 51 34 48 30 2 29 28 1 40 35 44 22 55 6 38 60 46 52 59 37 20 50 43 13 5 33 27 26 56 47 4 11 23 42 36 58 39 18 45 21 54 15 16 31 17 24 12 63 10 64 14 49 9 
58 45 56 9 62 50 54 60 63 46 24 37 10 31 3 12 52 25 14 21 38 16 13 26 57 30 28 35 2 23 42 33 8 36 41 55 47 29 64 34 22 17 20 48 59 15 19 18 61 1 44 49 7 53 4 27 39 32 5 6 51 11 43 40 
48 20 37 34 38 35 7 51 19 8 61 16 36 42 9 23 12 18 25 32 30 57 2 4 13 62 6 39 5 52 41 50 64 27 26 53 59 24 11 58 28 47 60 29 33 44 15 31 54 22 1 63 3 40 21 43 17 14 49 45 55 56 10 46 
22 28 49 52 24 18 19 5 47 64 40 25 45 12 17 13 8 10 11 16 29 59 41 21 48 32 42 31 30 56 23 1 7 44 62 38 3 60 55 50 53 58 27 63 6 51 36 14 46 9 37 4 2 33 57 61 15 34 39 20 43 35 26 54 
33 8 21 47 61 59 60 10 46 31 6 34 44 5 15 43 36 56 48 58 3 1 7 37 22 4 49 40 51 64 14 26 45 52 39 54 63 57 20 13 50 23 17 41 32 38 55 35 19 16 27 30 24 42 18 11 29 62 2 25 9 12 28 53 
41 54 26 58 27 56 42 11 39 51 59 30 55 21 38 1 19 6 64 61 50 9 15 14 37 35 57 44 24 43 33 28 48 5 2 29 17 22 18 4 46 25 45 20 16 7 40 34 49 47 32 10 8 12 62 53 52 3 36 23 63 13 31 60 
50 14 2 45 15 13 44 30 32 20 49 29 3 57 22 11 31 62 34 35 51 39 42 40 60 47 53 16 10 54 63 9 1 28 12 36 46 37 23 6 61 21 56 8 43 4 52 26 55 17 25 59 48 64 5 58 33 19 7 41 24 38 27 18 
57 64 31 63 25 40 9 6 60 41 4 53 18 7 35 62 13 46 17 27 5 49 33 52 12 59 2 19 38 29 20 55 14 47 15 61 56 43 8 51 37 10 24 42 22 54 30 3 28 26 45 34 44 23 36 39 11 16 50 1 48 58 21 32 
29 12 23 62 55 1 17 4 28 63 10 14 54 27 37 58 38 44 53 24 26 45 60 43 61 8 25 21 15 36 3 46 35 30 16 34 31 33 19 32 48 2 18 49 39 11 57 9 50 20 13 52 41 7 56 6 59 47 64 22 5 40 42 51 
46 43 32 16 39 53 36 3 56 52 48 26 50 2 24 33 54 63 28 22 47 55 23 20 11 27 45 17 18 58 7 34 49 25 42 10 9 41 21 40 64 59 5 19 12 13 1 62 60 35 51 29 38 31 14 15 57 6 30 4 44 37 61 8 
49 63 29 6 10 62 43 17 16 28 27 38 11 24 52 45 33 30 7 48 55 64 1 18 9 13 12 36 41 19 31 51 60 2 23 26 53 35 58 37 34 22 4 44 40 25 5 20 42 46 50 21 61 14 39 8 47 54 3 57 56 32 15 59 
15 11 22 44 64 57 45 56 23 3 19 20 12 61 18 49 28 31 35 43 36 2 34 47 46 16 58 62 17 4 24 52 5 14 25 27 30 39 51 1 8 6 59 54 13 63 33 37 41 60 53 9 29 32 40 10 48 50 42 21 7 26 38 55 
4 7 50 20 59 21 28 18 64 36 55 42 47 62 46 17 5 58 39 25 8 24 6 53 54 61 34 15 33 32 2 45 10 63 40 22 11 49 16 9 23 38 57 51 27 19 31 48 37 56 30 3 26 44 13 35 14 60 12 43 41 52 1 29 
39 58 1 40 53 61 3 52 30 33 22 6 26 37 57 54 4 21 13 14 41 17 45 27 43 28 7 56 50 63 35 49 36 59 18 62 12 32 38 44 11 24 42 64 29 16 60 55 15 48 31 51 20 34 47 5 2 46 8 19 23 10 9 25 
42 5 60 2 12 25 47 8 48 56 34 1 31 58 32 9 62 51 46 3 59 61 26 10 14 57 27 53 55 40 21 23 20 29 54 45 64 19 24 15 17 43 52 18 50 35 39 41 63 38 11 22 49 6 7 28 13 44 16 37 36 30 4 33 
31 23 27 46 41 16 35 32 29 5 43 15 39 51 53 21 60 9 40 42 54 38 37 63 44 3 48 30 25 20 10 59 13 33 55 56 4 47 50 8 14 49 7 58 26 1 12 28 52 36 57 2 45 17 19 18 61 11 62 64 6 24 22 34 
37 9 36 30 19 38 34 54 10 13 7 60 8 63 4 14 49 16 12 29 44 23 50 32 18 11 1 6 42 26 22 47 17 41 52 43 28 48 61 57 62 56 3 46 21 2 45 15 59 55 33 64 58 25 27 24 5 31 35 51 40 39 53 20 
14 55 24 13 51 33 48 26 41 44 25 50 2 35 59 40 11 19 22 20 57 15 52 56 29 64 39 37 60 38 5 8 34 21 6 46 7 3 42 31 30 36 9 47 53 10 61 32 62 23 4 1 16 43 54 12 45 49 17 28 58 18 63 27 
54 44 4 56 5 23 31 14 51 47 52 9 16 46 50 28 20 15 26 39 18 43 17 33 25 22 19 1 3 53 45 10 63 58 21 8 37 38 7 24 59 48 64 35 55 42 62 11 30 27 36 60 12 29 6 32 49 13 34 40 2 61 41 57 
7 53 12 15 18 6 62 42 35 61 3 64 19 49 10 57 59 48 30 8 2 63 5 60 36 21 37 13 58 46 44 32 23 40 31 39 43 50 41 20 29 33 51 45 34 27 9 52 47 28 26 14 25 1 55 54 22 17 38 24 11 4 56 16 
26 10 45 27 17 9 25 13 54 21 58 2 56 15 11 39 50 22 51 36 24 32 12 7 38 49 33 47 8 28 34 57 44 64 48 60 62 52 29 14 16 63 40 61 23 53 20 46 35 41 18 5 43 4 37 19 30 1 59 31 42 6 55 3 
51 41 46 1 30 20 59 43 42 53 38 33 6 14 31 37 45 11 55 44 40 10 54 34 23 29 52 26 35 2 61 24 25 17 47 4 22 5 32 36 57 13 12 28 19 56 49 60 58 15 9 48 50 3 16 7 63 27 21 8 62 64 18 39 
32 60 52 61 50 24 37 58 13 12 23 55 41 43 34 48 3 27 56 38 1 29 16 9 7 63 40 14 62 11 59 4 6 49 33 19 18 30 54 28 39 15 10 2 8 31 26 17 53 21 42 20 57 22 64 45 35 5 51 44 47 25 46 36 
38 19 16 33 40 29 22 2 18 26 63 27 7 4 1 24 14 23 47 28 62 42 21 57 20 31 55 60 6 5 30 64 3 34 61 35 10 53 46 59 44 32 50 36 37 41 25 58 56 8 39 17 13 51 11 49 12 52 43 9 54 48 45 15 
55 21 8 64 36 63 39 34 20 30 45 17 60 25 44 5 58 41 4 6 19 35 31 49 27 43 16 12 9 51 50 48 42 56 1 2 15 13 57 11 24 3 22 14 54 18 7 47 40 52 62 61 46 38 10 59 32 53 37 33 26 28 29 23 
35 49 28 3 11 47 57 48 40 32 36 22 62 29 8 59 25 53 37 52 13 46 64 61 17 41 15 54 39 18 56 42 55 9 51 12 45 26 27 16 43 1 38 4 30 21 6 5 23 2 63 31 34 24 33 44 58 7 14 60 20 19 50 10 
################proper############## 

 average_time = 13.119750 

 success runs = 1 

 total average iters = 301311.000000 
