Success!!! 
 
 max_col = 
 64 
 
 run_time = 
 19.054351 
 
 once iters = 
 547517 
 
59 64 62 2 6 14 40 27 26 45 42 3 18 35 38 5 13 4 24 10 21 15 53 17 20 50 48 19 41 52 32 16 8 43 29 55 36 28 57 33 39 25 54 63 46 58 9 60 22 12 7 44 37 56 23 61 11 30 1 34 47 31 49 51 
17 37 42 58 32 5 36 55 48 53 4 31 20 46 49 33 34 12 64 9 27 28 51 60 23 2 8 13 21 15 38 44 63 22 18 41 30 10 26 47 29 62 7 1 3 6 56 59 40 43 11 16 45 50 52 57 39 61 54 25 35 19 24 14 
29 46 18 25 47 45 48 19 15 23 8 28 32 61 30 6 43 31 26 37 58 38 20 33 55 35 5 56 12 9 63 24 34 27 49 50 60 42 1 3 14 13 11 40 51 22 44 52 17 21 54 39 41 53 4 2 64 62 16 59 7 10 57 36 
44 63 23 3 26 16 33 30 43 36 21 14 27 59 34 40 8 57 18 49 1 47 22 2 11 25 31 46 7 17 10 60 39 24 54 45 61 64 6 62 35 19 5 37 32 12 53 50 38 29 51 15 20 42 58 48 55 4 56 28 52 9 41 13 
53 7 43 54 28 51 12 39 64 11 16 19 1 50 9 57 23 32 42 30 56 41 63 35 6 58 4 49 40 62 47 29 17 20 15 52 14 59 31 44 34 38 18 33 24 61 36 48 8 10 25 3 55 26 13 5 2 60 46 21 37 22 45 27 
56 49 50 57 13 41 31 15 58 47 52 7 22 63 44 62 25 36 11 59 54 39 19 61 64 27 45 34 28 53 3 37 48 23 16 51 40 12 35 5 43 30 42 21 10 4 55 2 1 9 24 18 33 46 60 14 29 6 20 26 32 38 17 8 
34 20 52 9 38 61 24 8 60 37 10 54 51 13 12 2 50 7 55 40 44 48 5 29 1 22 39 14 36 43 59 26 4 19 11 58 25 21 46 56 16 27 45 41 57 28 49 17 35 6 30 31 47 32 62 64 33 42 15 3 53 18 63 23 
35 21 60 10 11 22 4 1 29 24 39 17 41 55 25 56 46 16 3 45 62 14 6 52 18 30 54 61 33 57 42 51 37 13 9 38 7 53 32 2 47 8 20 64 23 31 26 15 19 27 59 36 28 63 34 49 48 43 44 58 50 5 40 12 
64 5 51 30 58 29 22 36 39 61 53 47 35 48 14 10 18 37 21 44 43 11 12 3 59 63 9 15 26 54 50 4 2 8 25 40 62 24 19 7 31 49 46 52 28 42 34 1 41 38 23 32 13 45 17 27 20 55 57 6 16 33 60 56 
13 23 1 12 53 39 19 52 2 25 27 18 30 31 46 22 56 38 34 42 35 16 28 51 32 14 33 8 49 10 61 21 50 63 59 44 45 6 3 20 17 40 58 54 55 15 7 57 60 5 26 64 62 9 47 43 41 36 37 24 4 29 11 48 
61 33 21 40 15 4 46 48 51 42 41 34 54 57 32 8 63 29 6 5 50 25 14 10 62 47 23 43 13 58 60 27 55 18 38 28 37 36 49 31 2 11 26 59 64 24 19 35 44 52 56 1 22 16 30 20 7 12 45 17 9 39 3 53 
32 10 57 6 27 18 37 49 50 28 44 23 60 62 26 29 2 61 20 7 40 58 9 48 41 51 30 52 16 24 53 42 1 11 34 56 17 46 64 54 5 45 3 22 63 43 4 47 55 59 36 12 21 39 31 33 15 8 14 35 19 13 38 25 
42 31 28 43 17 55 60 47 12 4 33 11 9 5 6 15 39 54 36 23 41 52 45 59 46 20 25 40 19 56 1 7 21 58 53 26 16 13 22 35 38 14 44 51 18 27 29 10 37 2 8 57 3 48 63 24 50 64 61 32 62 34 30 49 
9 3 54 41 56 24 34 11 38 64 37 1 13 45 59 49 32 17 33 46 31 62 55 57 28 18 35 48 6 39 22 12 52 5 27 30 10 51 4 42 20 60 36 61 16 23 8 25 15 14 53 19 7 29 50 40 21 63 43 47 26 2 58 44 
62 38 2 50 8 26 63 35 17 3 20 16 24 52 7 58 4 27 13 19 15 30 47 22 57 45 55 64 29 44 11 36 43 60 14 12 41 33 39 23 6 32 37 48 9 56 21 53 34 49 61 25 54 51 18 10 28 46 42 31 5 59 1 40 
16 45 20 14 59 25 44 7 36 21 43 56 55 40 19 63 1 24 53 60 64 8 26 49 31 5 38 3 34 37 2 17 57 9 48 47 29 15 61 32 12 33 13 30 50 62 41 39 4 46 58 6 42 28 11 35 22 27 10 51 23 52 54 18 
30 61 15 5 4 58 54 12 41 52 40 46 17 1 57 48 53 56 10 36 42 60 21 64 3 33 47 27 11 25 13 32 49 26 2 16 31 50 62 18 9 34 14 23 19 20 45 51 29 22 39 63 38 37 55 7 35 28 24 44 43 8 6 59 
25 39 38 56 46 50 20 31 8 10 22 9 2 54 51 35 11 5 41 47 55 24 48 18 14 12 21 44 58 23 6 59 19 29 1 13 52 7 43 57 61 28 49 53 36 60 64 42 30 34 15 26 27 33 32 3 4 40 63 16 45 17 62 37 
24 43 45 26 64 19 35 62 11 63 5 30 28 58 23 44 57 3 14 16 52 59 31 25 4 42 37 7 56 55 40 61 41 34 6 17 39 27 51 48 18 21 12 15 33 47 10 29 50 53 20 13 46 49 8 36 38 54 2 22 1 60 32 9 
49 51 14 28 63 52 2 18 33 6 32 29 45 4 37 13 20 62 58 15 61 46 34 39 16 41 26 38 17 19 9 8 53 30 60 42 55 35 5 21 44 24 25 3 56 48 40 22 12 47 31 59 64 54 43 1 27 7 23 50 57 11 36 10 
6 40 47 17 9 11 8 32 59 43 31 21 34 16 27 53 38 35 19 12 23 7 1 4 36 29 52 63 39 22 64 5 33 45 44 3 46 37 14 28 58 50 57 2 54 55 13 62 10 25 42 24 60 61 48 51 18 41 30 49 56 26 15 20 
57 41 27 23 16 34 29 44 3 55 36 26 38 19 39 20 6 45 2 63 8 49 50 30 60 48 24 54 62 1 35 53 15 59 47 10 12 22 9 64 7 43 32 46 17 11 5 37 58 4 52 28 18 40 14 56 31 25 51 33 13 21 42 61 
33 36 37 60 55 1 53 10 24 49 25 15 47 12 42 7 29 44 9 22 26 13 32 28 34 57 18 51 30 50 43 2 58 54 20 61 8 11 56 40 27 4 38 31 6 59 16 63 62 19 17 23 35 41 45 21 46 5 39 64 48 14 52 3 
3 22 59 48 42 21 7 13 18 56 62 50 64 14 60 61 27 33 40 17 51 37 54 43 45 46 28 31 15 20 49 10 32 36 4 25 23 38 24 63 1 26 41 8 39 35 52 30 9 16 5 2 44 6 57 11 34 53 29 19 58 12 47 55 
26 50 58 49 25 62 10 53 21 20 35 24 23 9 56 18 15 30 59 3 14 22 39 13 12 6 36 32 31 16 45 64 51 44 7 8 48 54 28 19 41 63 61 34 37 33 46 5 52 42 4 47 40 11 2 29 57 17 27 1 38 55 43 60 
5 4 11 47 29 40 27 63 13 7 57 62 44 41 48 37 61 10 28 8 20 53 24 9 42 1 51 55 46 59 33 58 31 2 39 6 15 34 21 38 32 3 22 18 30 14 43 56 54 64 60 17 36 25 26 45 16 23 50 12 49 35 19 52 
2 54 13 22 41 28 21 37 55 32 3 60 39 26 8 50 5 64 35 27 12 57 56 23 17 49 61 18 14 34 44 63 25 62 43 1 4 29 52 16 11 58 6 9 42 45 47 36 48 20 19 46 10 38 24 31 51 59 33 7 15 40 53 30 
38 32 31 24 44 30 52 6 45 33 61 49 29 15 53 51 60 19 43 25 37 1 4 63 22 21 57 5 48 2 28 3 14 41 10 11 9 58 36 17 50 39 8 12 62 40 35 7 16 23 18 55 59 27 56 34 54 13 64 42 20 46 26 47 
23 18 34 59 48 46 3 9 1 19 12 10 52 43 47 36 42 50 51 26 33 31 17 54 25 7 29 11 4 38 62 39 24 49 56 35 63 45 40 55 57 64 2 60 27 16 15 20 14 41 28 53 6 30 5 13 32 44 58 61 8 37 21 22 
43 17 56 61 7 8 16 33 63 58 30 38 31 42 5 64 40 2 32 55 11 34 18 6 9 54 19 24 47 35 52 41 20 12 46 60 26 57 27 37 49 59 23 25 53 13 1 28 51 39 44 62 15 21 22 50 45 48 36 4 14 3 10 29 
1 57 36 15 45 20 39 51 16 59 14 2 4 34 28 54 41 46 49 52 47 21 29 7 30 40 13 60 8 27 23 43 5 50 22 64 53 32 42 61 10 44 17 55 26 19 48 38 33 58 12 37 9 3 35 63 6 18 62 11 31 25 56 24 
60 12 64 19 35 42 55 14 46 40 11 6 25 22 17 27 16 58 38 48 45 44 36 62 53 56 10 20 37 26 15 50 18 3 13 33 59 23 47 30 51 54 31 4 29 52 24 21 61 1 43 8 57 7 49 32 5 39 34 9 63 41 28 2 
54 2 53 29 10 32 57 25 9 51 34 52 40 47 4 59 37 39 22 33 24 5 44 14 35 38 20 62 45 13 48 55 36 21 17 43 3 41 58 15 42 6 16 19 7 46 30 8 28 60 1 50 49 18 12 23 56 11 31 63 64 27 61 26 
28 30 6 52 18 33 13 60 22 41 24 25 37 27 1 55 3 23 17 32 2 10 43 12 63 26 16 21 50 7 46 56 42 35 5 20 19 49 8 14 54 48 39 57 34 51 11 40 31 44 45 9 61 58 64 62 36 47 53 15 59 4 29 38 
15 27 61 11 24 36 45 59 7 26 64 57 58 8 3 46 49 41 50 62 48 18 30 38 37 10 34 22 25 29 54 9 60 16 51 23 33 55 2 1 53 56 4 47 31 63 28 43 32 17 14 40 52 13 19 6 44 21 5 20 12 42 39 35 
39 1 9 46 14 43 26 41 49 2 45 48 63 33 54 23 31 11 47 28 16 64 35 27 15 61 3 6 51 4 57 19 10 37 40 53 38 25 18 50 59 5 52 13 12 44 32 55 7 36 34 21 56 20 29 42 17 58 8 30 60 24 22 62 
4 44 5 37 62 31 23 50 30 12 17 20 16 10 61 38 7 6 52 51 60 36 46 21 40 59 42 33 53 8 27 28 13 48 45 63 32 56 29 24 64 22 1 26 35 2 58 18 11 55 47 54 39 43 25 15 49 3 19 14 41 57 9 34 
21 16 19 8 20 47 56 42 6 5 29 35 14 11 18 28 58 63 4 13 9 54 40 26 24 60 1 12 23 41 39 31 62 7 61 22 64 44 59 34 15 17 50 36 25 49 38 45 57 3 48 27 53 2 37 30 52 10 32 46 55 43 51 33 
7 48 3 64 51 17 58 40 31 60 15 42 43 53 50 19 59 55 29 1 34 56 61 8 5 52 32 36 44 18 30 49 6 57 12 27 47 4 11 39 33 10 9 62 21 41 20 14 63 24 35 38 16 22 46 26 23 37 28 13 25 54 2 45 
22 55 63 38 12 35 49 34 44 13 56 32 36 21 62 39 45 25 57 53 19 42 15 20 47 64 43 58 2 11 17 14 9 31 52 54 28 26 30 46 60 37 29 27 61 3 23 24 5 8 41 33 51 4 10 59 40 50 6 48 18 7 16 1 
40 52 41 18 2 37 9 43 5 35 13 55 62 36 21 17 48 42 60 54 29 50 59 15 51 19 14 4 61 3 16 45 22 46 30 34 49 20 25 8 28 12 47 11 38 53 33 44 24 63 27 56 26 23 39 58 1 31 7 57 10 32 64 6 
10 24 22 53 19 57 32 54 37 29 7 63 59 56 11 45 55 51 8 41 3 26 25 58 27 39 40 23 1 6 5 20 47 38 64 4 42 2 44 60 13 52 62 14 48 9 31 46 43 28 21 34 50 35 61 12 30 16 18 36 17 49 33 15 
11 34 39 35 23 49 6 38 42 27 54 44 46 24 41 30 14 53 12 64 5 61 16 40 56 13 17 25 32 28 21 48 7 33 63 31 57 1 45 52 26 36 51 50 43 10 59 4 18 62 9 60 2 55 15 19 37 20 3 29 22 47 8 58 
45 14 25 7 61 13 42 16 47 48 6 4 50 28 43 52 9 20 27 56 57 35 11 19 26 62 64 2 22 46 29 33 54 10 55 18 51 39 15 36 24 1 34 49 41 32 3 58 59 37 40 30 8 31 44 17 12 38 60 5 21 53 23 63 
31 28 48 44 60 27 5 4 25 39 18 33 8 2 40 3 17 52 62 34 10 43 38 36 58 55 49 41 24 47 12 15 61 6 35 37 21 9 13 26 19 57 64 56 20 30 63 23 45 7 32 22 29 1 53 16 42 14 59 54 51 50 46 11 
46 58 29 21 36 64 47 17 19 1 38 12 15 51 22 31 33 28 30 24 13 45 49 32 8 53 59 9 60 63 34 54 11 56 41 14 50 62 23 43 37 61 55 5 2 7 18 16 3 57 6 20 4 10 42 25 26 35 40 52 44 48 27 39 
12 62 8 51 1 56 50 20 34 14 23 53 49 60 10 26 22 47 37 31 63 4 2 46 43 44 7 30 57 36 18 35 28 32 3 29 58 16 17 59 21 42 40 6 15 39 25 27 64 48 33 11 5 52 54 38 9 24 55 41 61 45 13 19 
63 26 30 55 33 59 15 3 32 9 58 61 57 64 20 16 44 18 7 21 39 6 23 1 38 31 50 10 52 42 37 11 40 53 24 48 5 19 12 27 22 35 60 45 8 29 17 54 36 13 49 41 14 47 51 46 62 34 25 56 2 28 4 43 
18 42 12 45 40 44 11 21 14 57 19 13 7 37 15 32 62 59 48 29 4 9 27 56 49 23 2 53 55 30 58 47 16 28 50 46 54 63 10 41 3 31 43 20 22 8 51 34 26 61 64 52 25 24 6 39 60 1 17 38 33 36 35 5 
14 6 49 33 50 53 38 5 52 8 59 45 11 30 24 41 47 1 15 35 46 63 57 31 10 43 12 17 20 51 56 40 27 25 21 32 13 3 60 9 55 2 48 44 58 54 39 19 23 18 16 29 34 36 28 22 61 26 4 62 42 64 37 7 
20 13 46 36 31 3 59 22 62 44 55 51 5 6 2 1 28 34 54 38 32 12 7 41 29 37 11 45 42 61 26 25 64 17 19 24 43 30 48 58 23 9 53 35 52 21 57 33 49 40 10 4 63 15 27 60 14 56 47 8 39 16 18 50 
19 8 4 63 30 23 43 57 20 17 9 27 61 25 33 42 26 49 39 18 22 55 10 50 54 36 60 1 5 31 7 46 45 47 62 15 35 52 34 29 40 16 59 28 14 64 37 13 21 56 3 48 58 12 38 53 24 51 41 2 11 6 44 32 
41 47 10 27 54 48 28 61 40 31 50 64 26 23 58 4 19 21 25 2 53 33 13 11 52 16 63 39 59 32 8 62 38 55 57 7 56 14 20 22 45 18 24 29 5 36 60 6 42 35 37 51 17 44 1 9 3 15 49 43 34 30 12 46 
58 25 7 1 52 9 17 29 56 22 60 39 10 3 35 12 51 8 5 61 36 20 37 16 13 4 44 28 18 64 24 34 23 42 26 59 6 40 53 49 30 46 15 38 11 50 62 41 47 32 2 14 43 57 33 54 19 45 48 55 27 63 31 21 
55 56 16 32 34 15 64 24 28 18 47 43 48 38 63 21 30 60 45 58 17 40 52 44 19 3 6 50 35 33 14 22 12 4 36 39 2 61 37 51 25 7 27 10 49 1 42 26 46 11 13 5 31 62 41 8 59 57 9 53 29 23 20 54 
37 60 35 62 39 2 51 26 54 46 49 36 53 29 16 34 24 43 23 14 6 3 64 42 48 9 15 57 27 21 41 38 44 1 8 5 18 31 33 11 56 47 63 32 4 17 12 61 20 45 50 7 30 19 59 55 13 52 22 10 40 58 25 28 
47 15 55 4 43 54 41 23 61 50 1 22 19 18 36 60 35 9 63 11 49 2 58 45 39 32 53 37 10 5 51 30 26 40 33 62 34 17 7 12 46 20 28 16 44 25 14 3 13 31 57 42 24 59 21 52 8 29 38 27 6 56 48 64 
8 9 33 20 57 7 30 28 23 34 46 59 21 49 45 25 52 40 1 6 38 27 42 24 50 11 58 29 3 12 55 13 56 64 32 2 44 48 41 4 63 15 35 43 47 37 61 31 39 54 62 10 19 5 16 18 53 22 26 60 36 51 14 17 
50 59 40 31 5 38 25 45 4 16 51 8 12 20 55 14 54 22 56 39 28 19 33 53 44 15 62 42 64 60 36 57 35 52 58 9 1 43 63 6 48 29 10 24 13 26 2 11 27 30 46 49 23 17 7 37 47 32 21 18 3 61 34 41 
48 35 24 13 22 63 14 58 57 15 28 37 56 7 31 47 64 26 44 20 18 29 3 5 2 17 41 59 54 49 25 52 30 61 42 21 27 60 55 10 36 51 19 39 1 34 6 32 53 33 38 45 12 8 40 4 43 9 11 23 46 62 50 16 
27 11 32 39 3 60 1 2 53 54 26 58 42 17 64 9 12 14 61 4 25 51 62 37 21 8 46 16 63 45 20 23 29 15 31 19 24 47 38 13 52 41 56 7 59 18 22 49 6 50 55 43 48 34 36 28 10 33 35 40 30 44 5 57 
51 29 26 34 37 10 61 46 35 38 63 40 6 44 52 43 21 48 31 50 7 17 8 55 33 24 56 47 9 14 19 18 3 39 28 36 11 5 16 53 62 23 30 42 60 57 27 12 2 15 22 58 32 64 20 41 25 49 13 45 54 1 59 4 
36 19 44 16 49 12 18 64 27 62 48 41 33 39 29 11 10 13 46 43 30 32 60 34 7 28 22 35 38 40 31 6 59 51 23 57 20 8 54 25 4 53 21 17 45 5 50 9 56 26 63 61 1 14 3 47 58 2 52 37 24 15 55 42 
52 53 17 42 21 6 62 56 10 30 2 5 3 32 13 24 36 15 16 57 59 23 41 47 61 34 27 26 43 48 4 1 46 14 37 49 22 18 50 45 8 55 33 58 40 38 54 64 25 51 29 35 11 60 9 44 63 19 12 39 28 20 7 31 
################proper############## 

 average_time = 19.054351 

 success runs = 1 

 total average iters = 547517.000000 
