Success!!! 
 
 max_col = 
 64 
 
 run_time = 
 14.934019 
 
 once iters = 
 400956 
 
22 28 11 29 25 39 35 55 23 26 8 32 6 59 47 57 52 42 7 44 33 53 49 12 27 31 34 58 48 9 46 10 45 15 3 38 36 60 5 43 51 16 24 54 30 1 21 50 2 14 61 20 37 13 4 41 18 19 17 64 63 62 40 56 
18 1 4 27 62 32 49 5 63 10 56 45 16 36 43 31 47 6 46 3 26 9 41 60 7 39 13 15 40 37 19 20 52 24 12 30 50 2 25 61 42 44 14 58 29 34 17 28 8 11 53 64 57 48 23 21 33 55 59 38 22 51 35 54 
58 21 54 6 31 48 20 23 40 2 55 51 61 39 27 64 14 38 62 45 37 24 28 19 33 12 52 29 8 25 63 3 1 4 13 57 26 16 53 42 22 56 43 36 11 46 35 7 18 50 30 17 32 49 59 10 41 60 47 15 44 34 9 5 
59 14 43 42 26 46 12 64 52 48 3 44 54 20 58 30 40 8 39 57 51 34 5 13 17 4 50 53 23 56 36 47 37 22 11 62 19 10 28 18 38 15 60 41 49 33 6 32 55 35 24 63 27 31 25 9 61 21 1 16 2 45 29 7 
41 37 38 34 3 50 56 24 12 33 9 7 21 25 17 22 64 54 59 61 18 31 36 10 62 45 11 16 28 60 30 42 29 35 48 14 47 8 63 58 4 2 55 23 13 57 39 19 6 44 40 26 51 15 5 1 20 53 43 49 46 52 32 27 
53 13 33 51 30 36 44 15 37 1 41 24 5 62 11 34 20 2 56 16 17 23 50 29 14 26 35 22 49 32 64 61 21 27 31 6 39 7 46 55 52 59 18 25 47 63 40 9 45 54 3 58 19 60 38 43 4 10 12 8 48 57 42 28 
45 61 60 40 63 47 8 2 28 49 18 14 13 38 19 50 22 43 15 11 58 35 4 27 55 57 21 1 41 51 6 44 54 17 56 20 32 9 34 59 10 48 37 64 5 3 62 53 46 7 42 33 52 29 12 16 23 39 30 26 25 36 24 31 
19 57 7 52 16 17 9 10 46 60 53 29 42 4 15 35 32 1 55 25 48 63 21 30 43 59 18 5 24 2 38 54 51 41 64 33 23 44 49 40 26 20 27 61 31 12 45 8 22 28 36 47 62 39 56 34 37 13 3 58 14 6 50 11 
56 2 24 46 36 34 64 52 17 43 58 53 49 63 3 4 37 41 8 20 30 60 57 6 25 47 32 10 31 35 7 29 14 5 50 27 48 38 16 26 33 55 59 9 15 11 22 42 44 21 23 40 54 12 62 28 19 61 45 13 51 1 18 39 
20 29 47 48 51 55 14 60 44 15 1 19 56 26 18 9 25 36 16 32 54 64 22 31 2 40 5 13 11 23 57 43 30 39 41 8 58 3 42 46 24 37 45 53 62 28 63 61 4 59 34 50 10 17 33 49 27 7 38 35 12 21 6 52 
25 6 13 54 35 58 57 16 48 32 22 61 39 24 62 46 50 28 51 40 59 5 11 17 18 52 45 60 44 15 21 27 53 56 4 7 43 19 20 29 47 8 2 10 12 31 41 38 14 36 37 1 55 30 63 3 34 23 49 9 33 26 64 42 
62 38 12 21 45 5 30 37 29 55 34 42 40 13 7 10 26 56 61 9 63 52 47 33 46 1 14 48 6 17 24 4 28 11 49 2 51 22 18 64 50 27 23 20 39 16 43 44 19 31 57 32 58 35 53 15 25 36 41 59 54 8 3 60 
33 17 59 19 9 53 15 31 64 45 28 35 50 27 36 41 39 24 38 48 21 58 12 1 42 37 22 51 61 49 3 30 23 52 44 55 60 32 10 57 25 26 34 40 46 54 56 18 43 5 7 11 20 6 13 8 2 47 14 4 62 16 63 29 
1 42 41 26 50 63 18 3 33 51 47 25 23 37 54 20 2 34 27 15 46 49 43 35 39 8 16 38 19 64 53 28 12 6 59 31 13 62 21 17 14 7 29 32 4 30 36 57 61 48 22 60 9 45 24 52 11 56 5 40 55 10 58 44 
44 27 8 32 28 10 40 22 14 31 57 11 12 21 16 5 62 23 18 4 55 7 42 45 63 36 26 20 33 41 34 59 25 47 35 15 9 61 54 1 58 52 13 3 6 19 49 60 29 46 51 39 38 64 2 56 43 17 48 24 50 53 30 37 
11 43 61 39 7 49 23 4 2 8 60 38 52 30 6 59 19 3 13 10 44 29 14 53 50 54 56 9 62 55 58 12 34 36 37 40 24 63 33 45 17 51 64 48 21 35 5 1 27 25 47 16 41 42 26 18 31 28 22 20 15 32 57 46 
64 35 28 20 38 42 29 46 16 7 49 2 47 8 26 39 44 55 22 14 12 10 56 50 1 48 43 27 25 61 23 15 18 21 63 37 4 54 32 34 62 36 19 59 41 6 60 5 52 30 13 9 33 11 58 53 57 31 40 3 17 24 51 45 
10 55 56 50 27 18 59 21 45 52 44 9 37 5 35 36 28 31 60 41 39 11 58 25 16 30 24 12 38 6 54 19 42 46 62 1 33 17 57 48 32 64 63 22 53 26 15 51 47 3 49 43 8 34 40 29 13 20 61 7 23 14 4 2 
12 31 49 60 58 4 22 54 24 53 48 33 15 34 51 40 42 61 52 19 8 2 35 32 57 62 37 41 9 45 47 39 5 20 16 64 6 13 11 38 21 25 3 27 55 14 23 56 1 63 18 7 17 36 10 44 46 30 29 50 59 43 28 26 
51 11 40 17 41 19 25 45 13 20 29 62 32 56 60 6 3 26 5 33 23 30 24 43 58 22 36 2 10 42 14 34 27 49 8 47 28 15 59 44 48 31 7 18 9 37 4 54 50 61 55 21 35 46 57 64 52 12 63 53 39 38 16 1 
30 47 26 57 44 2 5 6 10 58 61 31 63 46 50 28 21 17 54 13 16 27 62 59 53 7 55 40 18 4 8 51 41 23 19 3 25 56 43 60 12 29 11 1 35 52 24 45 39 38 14 22 48 20 42 32 36 33 64 37 34 49 15 9 
9 7 52 53 43 24 61 39 27 11 42 59 25 19 38 3 6 45 36 1 40 18 34 57 5 32 63 26 64 33 49 21 2 10 58 51 12 14 29 30 20 47 8 50 44 17 13 46 16 4 31 54 23 28 15 37 22 35 62 55 60 41 56 48 
23 63 36 8 13 37 48 14 1 12 4 43 57 22 21 17 9 46 49 51 53 47 64 15 28 29 44 50 3 20 60 11 40 55 52 61 7 24 31 35 30 39 42 16 34 38 33 2 62 26 45 56 5 59 41 19 6 18 58 27 10 54 25 32 
15 32 34 3 33 16 62 1 41 64 14 23 55 54 30 18 7 63 29 37 4 38 20 48 31 13 59 35 52 46 56 17 9 50 53 39 45 36 26 22 40 61 58 57 10 49 28 43 12 51 27 2 6 25 60 24 5 11 21 44 8 42 19 47 
50 20 6 18 57 26 19 35 47 25 54 64 28 48 55 49 12 32 2 7 42 16 46 4 40 11 1 23 53 29 33 38 36 37 15 5 22 51 9 31 43 45 21 8 27 59 58 52 34 13 56 61 14 63 39 30 60 3 24 62 41 17 44 10 
27 56 62 23 64 43 54 11 58 14 24 46 41 35 1 38 15 60 28 36 29 26 44 37 19 20 49 42 22 48 32 2 39 25 57 17 61 21 30 6 13 4 31 12 33 9 18 16 3 53 8 59 47 10 45 5 51 40 50 63 7 55 52 34 
37 33 58 15 34 52 36 49 31 5 12 60 26 11 53 8 57 30 25 27 38 62 13 23 21 46 17 61 4 39 28 35 20 45 14 48 64 55 3 63 44 42 56 24 22 50 32 10 41 40 2 6 29 7 9 51 54 59 16 47 43 18 1 19 
60 3 29 16 42 61 38 47 39 30 45 50 2 40 56 62 1 21 20 5 41 59 10 22 54 44 15 52 12 63 9 31 35 34 32 49 18 28 7 27 55 14 36 51 48 64 53 17 24 58 46 57 26 19 43 4 8 37 33 11 6 23 13 25 
14 25 9 5 32 51 63 44 4 17 43 20 59 42 37 15 56 18 24 8 52 19 61 39 6 50 3 34 58 57 55 41 11 26 10 13 29 46 2 53 60 35 54 62 1 47 7 40 33 16 38 31 36 21 22 23 28 45 27 30 49 12 48 64 
4 22 21 2 10 30 13 40 7 36 33 63 44 6 9 23 43 35 58 64 34 55 45 11 47 27 8 24 14 26 51 16 62 59 54 12 52 1 19 41 39 28 15 5 37 29 57 3 60 17 25 49 18 32 50 48 38 42 56 46 31 20 61 53 
31 8 39 59 46 1 28 41 3 61 21 57 29 32 52 13 48 47 53 63 50 17 40 51 45 25 62 36 7 10 18 64 60 42 43 24 16 33 56 23 11 19 6 30 38 2 34 49 35 20 44 37 12 27 55 54 15 9 26 5 58 22 14 4 
7 12 48 55 53 45 24 17 18 34 27 16 19 10 22 51 33 14 9 54 6 3 31 49 30 5 60 59 37 43 13 56 58 40 38 44 8 47 4 50 61 23 41 46 26 25 20 63 15 62 64 42 28 52 1 11 39 2 36 32 35 29 21 57 
3 64 30 49 14 11 4 58 26 47 51 8 33 2 31 21 35 53 41 56 19 48 16 24 13 23 12 28 45 7 59 57 38 61 6 63 40 37 52 32 34 43 10 17 60 18 27 15 9 39 50 46 25 62 44 55 1 22 54 42 29 5 36 20 
16 54 17 41 6 35 39 36 53 29 15 1 11 55 45 24 38 27 37 34 47 50 25 21 26 61 2 3 20 19 43 9 44 58 42 10 56 49 51 12 63 57 46 4 7 22 31 30 40 52 33 5 64 18 14 60 62 32 8 48 13 28 23 59 
40 23 53 45 56 31 33 63 32 59 36 27 18 17 25 16 55 13 1 52 57 28 26 44 4 15 48 37 60 22 50 46 19 62 2 11 3 64 14 54 5 9 38 49 20 21 42 39 10 12 6 29 61 58 8 47 7 51 34 41 30 35 43 24 
21 60 1 38 52 12 50 18 30 19 40 4 43 9 13 44 46 33 42 49 2 14 54 3 8 64 10 62 35 34 39 5 59 57 45 29 20 53 24 16 56 58 32 11 36 61 48 37 7 23 28 41 31 26 51 22 55 15 6 17 47 25 27 63 
13 19 57 47 55 8 32 9 42 62 10 49 35 41 34 56 29 58 63 6 45 22 15 36 24 38 30 54 21 14 11 1 48 31 28 25 46 5 39 7 59 53 51 52 50 23 44 26 17 37 20 3 2 43 16 27 64 4 60 61 18 33 12 40 
24 10 44 37 48 20 46 43 60 63 50 52 64 61 23 7 5 11 4 62 31 39 30 40 32 6 51 18 55 16 25 58 17 13 26 36 27 41 22 47 8 1 35 33 28 45 12 29 42 57 15 53 59 54 34 38 56 49 19 21 3 9 2 14 
42 51 27 62 29 59 26 61 5 38 46 28 22 12 57 54 23 7 64 60 10 8 18 20 41 53 33 49 47 31 17 52 55 43 9 35 1 34 15 21 2 13 25 6 3 40 19 14 48 56 32 30 4 24 36 63 58 16 44 45 37 11 39 50 
5 34 15 22 2 25 7 28 6 37 20 39 48 3 14 58 17 59 32 12 43 61 51 9 44 56 27 63 42 36 29 40 33 8 18 50 30 23 60 4 16 24 47 55 64 41 54 62 21 49 19 45 13 1 11 35 10 57 52 31 26 46 53 38 
49 41 25 56 20 3 17 30 57 39 38 55 62 1 28 48 60 19 23 35 13 42 27 8 22 51 64 11 5 52 2 50 63 18 34 45 53 6 47 14 31 21 9 37 40 15 16 4 32 43 29 24 46 33 54 12 26 44 7 10 36 58 59 61 
52 46 16 7 22 6 37 62 21 54 31 12 45 64 20 47 61 25 3 29 28 40 55 58 36 24 53 39 63 38 26 33 50 51 27 32 59 43 44 2 18 60 1 14 42 10 30 23 13 19 4 35 49 56 17 57 9 48 11 34 5 15 41 8 
39 53 19 61 47 40 10 12 36 13 16 56 9 43 33 60 49 51 44 50 32 1 59 26 29 14 57 45 15 58 4 55 8 3 20 21 38 48 37 24 41 6 52 28 17 7 11 22 31 64 5 34 30 2 18 25 35 27 23 54 42 63 46 62 
34 9 14 24 4 33 58 29 11 22 32 18 17 15 63 26 45 62 43 47 5 12 37 52 3 21 61 7 1 8 44 49 64 60 39 41 35 25 23 36 46 54 48 13 19 27 50 59 28 42 10 51 53 55 20 40 16 6 31 56 57 2 38 30 
28 36 63 64 60 15 45 13 19 44 35 58 27 49 40 29 34 22 6 21 56 41 39 46 10 9 23 32 54 30 42 48 31 16 5 4 17 11 1 52 57 33 12 2 61 8 38 25 26 47 62 14 3 50 7 59 53 24 18 43 20 37 55 51 
54 26 32 31 8 27 42 38 50 4 7 34 10 53 41 14 18 16 11 24 15 20 2 63 56 19 6 17 59 13 35 25 57 12 46 9 49 30 61 33 36 5 44 43 51 62 29 55 23 1 58 48 60 37 21 39 45 64 28 52 40 3 47 22 
2 44 5 35 18 57 43 59 61 6 23 30 8 51 42 25 36 10 33 53 14 4 48 54 12 28 31 46 16 62 41 37 7 19 29 26 55 58 40 15 64 3 49 56 24 20 47 34 11 22 52 38 63 9 27 45 32 1 13 39 21 50 60 17 
55 48 51 11 1 23 21 50 59 24 5 37 3 52 46 2 31 9 30 17 7 57 38 64 34 60 20 47 43 27 40 18 10 28 22 56 54 42 13 62 45 63 39 35 32 53 26 58 36 41 16 44 15 8 6 61 29 14 25 33 4 19 49 12 
46 50 3 44 49 13 41 26 22 9 25 6 58 47 5 12 10 48 40 42 27 37 1 56 15 34 38 30 57 59 62 23 24 29 60 28 63 45 35 20 53 18 17 7 43 36 64 21 54 33 39 19 16 4 32 31 14 52 2 51 11 61 8 55 
8 58 31 25 59 38 53 42 56 46 2 36 30 57 32 11 54 49 34 55 24 43 33 7 52 17 28 14 29 18 10 63 61 64 47 19 44 26 6 13 3 40 20 60 23 48 9 41 37 15 12 27 45 51 35 62 21 50 39 22 1 4 5 16 
36 62 18 14 37 22 27 20 8 42 17 21 34 7 4 55 53 39 35 59 64 32 63 47 49 16 54 6 26 44 1 60 3 33 23 52 2 57 48 51 15 50 28 29 58 5 25 31 56 24 11 13 40 38 61 46 12 43 9 19 45 30 10 41 
43 4 10 12 39 7 34 32 15 18 26 40 24 33 59 19 11 5 14 31 9 13 60 41 51 35 25 21 46 3 37 8 16 54 36 42 62 27 58 56 49 22 61 38 45 55 52 6 30 2 63 28 1 47 64 50 44 29 20 57 53 48 17 23 
29 16 45 30 5 28 1 51 38 27 64 3 60 14 49 63 58 20 19 26 36 15 6 62 61 41 42 43 50 11 12 24 46 9 21 53 31 40 55 37 54 10 4 39 57 44 2 35 59 8 48 23 7 22 52 17 47 34 32 25 56 13 33 18 
48 52 35 9 61 60 2 19 62 50 37 41 31 44 29 53 8 12 45 18 3 51 23 28 20 33 39 4 27 40 22 13 32 30 17 34 10 59 38 5 1 11 26 47 16 56 14 24 25 6 21 55 43 57 49 42 63 58 46 36 64 7 54 15 
6 24 64 63 15 21 47 56 35 23 13 54 1 45 61 52 16 57 50 38 22 44 17 2 9 55 7 31 32 53 48 36 4 14 25 43 11 39 41 8 37 12 30 19 59 51 46 33 58 18 60 10 34 5 29 20 3 62 42 28 27 40 26 49 
17 40 23 33 11 54 55 57 51 16 39 10 20 28 48 43 4 29 21 30 25 46 52 61 64 2 58 19 56 47 5 45 22 7 1 18 15 12 50 49 27 34 62 42 63 32 8 13 53 9 41 36 44 14 3 26 59 38 37 6 24 60 31 35 
61 49 55 13 54 64 51 34 9 3 6 17 53 16 2 37 30 50 12 58 11 33 19 42 35 10 47 25 39 5 27 22 56 38 24 59 14 52 8 28 7 62 57 44 18 60 1 48 20 29 26 15 21 41 46 36 40 63 4 23 32 31 45 43 
26 39 20 58 40 41 6 8 55 28 59 48 38 18 10 27 63 44 17 46 62 56 53 5 23 49 4 57 51 50 45 32 15 1 33 22 21 31 12 9 29 30 16 34 25 13 37 11 64 60 43 52 42 3 19 2 24 54 35 14 61 47 7 36 
32 59 46 4 19 44 52 33 20 41 30 26 51 60 24 1 27 64 31 23 35 45 3 18 11 63 40 56 13 54 15 14 47 53 7 16 34 29 62 25 28 38 50 21 2 43 55 36 49 10 17 8 22 61 48 58 42 5 57 12 9 39 37 6 
38 18 2 10 17 56 16 27 49 21 62 13 36 29 44 42 51 37 26 39 61 54 8 55 60 3 19 33 30 12 52 6 43 48 40 23 5 20 45 11 9 41 22 63 14 4 59 47 57 32 35 25 24 53 31 7 50 46 15 1 28 64 34 58 
63 5 42 36 12 62 3 7 34 40 11 47 14 50 8 32 24 52 57 28 60 25 29 16 37 43 9 64 2 21 31 53 49 44 61 46 41 35 27 39 19 17 33 15 54 58 10 20 51 45 1 4 56 23 30 6 48 26 55 18 38 59 22 13 
35 30 22 28 23 9 60 53 54 56 63 15 4 31 64 61 41 40 47 43 1 21 7 14 48 18 46 44 36 24 20 26 13 2 55 58 57 50 17 19 6 32 5 45 8 42 51 12 38 34 59 62 39 16 37 33 49 25 10 29 52 27 11 3 
57 45 50 1 24 14 31 25 43 35 19 22 46 58 12 33 59 15 48 2 20 36 32 34 38 42 29 8 17 28 61 7 6 63 51 54 37 4 64 10 23 49 40 26 52 39 3 27 5 55 9 18 11 44 47 13 30 41 53 60 16 56 62 21 
47 15 37 43 21 29 11 48 25 57 52 5 7 23 39 45 13 4 10 22 49 6 9 38 59 58 41 55 34 1 16 62 26 32 30 60 42 18 36 3 35 46 53 31 56 24 61 64 63 27 54 12 50 40 28 14 17 8 51 2 19 44 20 33 
################proper############## 

 average_time = 14.934019 

 success runs = 1 

 total average iters = 400956.000000 
