Success!!! 
 
 max_col = 
 64 
 
 run_time = 
 12.891371 
 
 once iters = 
 320013 
 
55 11 28 54 52 17 41 64 39 45 61 22 60 34 43 5 44 48 7 49 58 25 1 3 63 14 33 62 59 24 26 16 56 51 21 18 12 47 6 13 2 57 9 38 36 23 40 46 37 8 20 30 31 27 50 29 4 35 42 19 53 15 10 32 
30 57 18 58 36 62 33 35 47 52 23 63 24 53 49 32 9 4 31 5 42 16 55 43 60 11 3 39 20 2 21 12 59 1 27 54 28 44 8 10 22 29 17 41 15 51 37 13 19 45 64 38 25 56 61 7 48 46 34 14 26 50 40 6 
25 61 45 50 40 60 21 59 36 2 9 37 27 11 54 3 26 29 34 52 13 57 35 53 15 64 44 19 23 17 56 5 41 4 42 55 30 20 48 31 62 7 12 58 39 33 32 10 14 51 18 16 46 28 43 6 47 22 63 49 24 1 8 38 
46 10 7 23 3 26 29 19 13 44 21 31 4 8 55 48 36 59 30 61 54 37 47 56 45 57 35 38 32 41 42 28 39 50 25 63 40 14 2 34 5 16 52 6 18 20 64 1 58 53 24 60 22 17 15 49 62 11 33 51 12 27 43 9 
8 20 6 31 48 1 49 34 25 12 50 46 58 16 7 30 15 17 10 60 38 33 14 51 55 53 52 40 54 13 18 22 26 43 19 9 36 3 37 24 28 11 61 63 4 27 44 47 62 41 42 35 2 32 59 39 56 5 29 23 57 21 45 64 
12 9 2 22 32 38 15 24 57 20 33 1 14 35 40 41 28 64 39 19 8 18 6 21 48 27 4 51 49 10 58 46 45 53 52 5 61 29 62 16 26 42 50 34 56 25 59 43 3 36 11 44 23 55 63 47 17 60 54 7 30 13 31 37 
42 4 13 51 39 53 5 16 15 6 10 59 26 56 29 18 62 11 63 45 40 50 32 27 36 7 61 43 47 25 8 37 22 60 64 38 17 35 46 23 14 24 31 30 19 49 55 48 1 21 12 34 57 54 9 33 58 28 3 44 2 52 41 20 
43 56 44 27 63 14 37 47 62 38 17 64 51 28 42 19 22 41 23 12 2 24 46 20 50 30 9 6 31 34 29 1 7 15 11 49 58 33 32 57 21 8 45 3 35 54 60 53 26 5 40 13 4 48 52 10 25 55 36 18 16 59 39 61 
31 45 64 40 50 22 47 17 1 8 18 60 46 13 5 42 37 58 52 25 53 54 51 30 34 9 16 41 28 63 14 26 57 27 33 35 3 39 38 43 36 32 48 24 7 29 15 2 55 62 56 21 20 4 6 12 23 44 61 11 10 49 59 19 
35 58 19 33 6 59 9 38 24 64 31 28 55 48 39 20 61 10 62 57 16 17 27 18 8 32 37 29 52 11 51 43 23 54 36 30 14 53 21 56 50 13 22 5 45 60 46 26 34 44 47 40 3 49 42 63 1 12 15 4 7 41 2 25 
63 5 54 21 42 46 18 8 11 25 40 2 37 49 51 43 3 60 26 47 12 64 7 44 13 10 22 17 33 35 23 15 24 19 45 61 32 41 9 4 27 52 55 28 58 62 39 6 16 29 36 1 30 59 48 53 50 14 57 20 31 38 34 56 
1 30 10 49 20 12 16 60 22 23 34 26 53 45 14 17 46 36 28 33 50 29 4 42 57 48 38 24 27 19 64 56 51 58 7 6 59 5 25 62 41 44 37 61 31 43 3 21 11 32 35 2 9 15 8 18 40 63 55 54 13 39 52 47 
52 7 14 61 62 25 36 53 10 4 32 19 47 50 15 33 21 35 49 11 41 40 9 48 5 2 6 3 60 54 20 59 55 44 63 34 31 8 29 18 51 56 16 1 57 38 12 42 22 17 27 28 39 13 37 23 45 24 46 43 58 64 30 26 
32 34 57 55 29 48 13 28 44 58 62 7 59 9 52 27 6 43 19 39 56 8 20 24 31 49 40 4 61 1 50 42 37 46 15 16 2 11 12 22 25 23 18 10 30 53 47 63 54 38 26 64 45 51 14 41 35 33 17 21 3 60 36 5 
15 27 43 41 11 2 26 56 12 36 3 16 6 29 61 38 31 23 59 34 45 55 5 63 39 21 25 44 46 30 53 58 28 20 47 1 48 17 13 49 4 40 54 9 33 64 35 14 7 50 52 57 19 24 10 60 51 37 8 22 42 18 32 62 
51 39 24 3 23 37 4 44 41 56 63 54 35 57 30 21 13 38 14 2 1 15 22 32 7 47 12 45 55 18 62 36 60 52 50 64 26 42 10 40 59 49 34 20 17 19 8 11 61 58 43 31 5 33 25 46 53 6 9 28 27 29 48 16 
50 3 55 53 8 57 19 36 29 54 25 56 28 21 44 45 51 2 18 37 26 22 52 16 64 46 1 30 42 6 35 23 62 40 9 17 63 61 14 60 43 39 47 48 5 15 58 32 31 13 49 59 7 12 20 27 11 10 4 41 38 33 24 34 
7 38 26 11 9 28 1 22 63 17 5 57 32 64 8 12 42 46 27 56 59 45 48 13 49 33 15 47 19 36 40 3 53 37 24 44 10 52 20 54 34 6 4 29 21 31 50 41 43 55 60 14 61 39 51 16 2 25 35 58 62 23 18 30 
60 33 20 35 43 23 34 13 4 27 48 41 9 15 2 7 1 3 44 64 62 47 57 55 38 29 28 59 39 58 24 31 25 5 30 50 49 19 51 8 11 18 14 36 37 40 17 54 52 42 63 10 26 21 22 45 32 53 56 6 61 12 16 46 
56 42 49 12 61 10 58 32 50 26 59 40 38 18 31 24 33 8 5 7 29 30 53 60 51 13 27 54 43 14 9 25 35 47 46 3 4 15 55 36 64 62 20 22 1 2 63 16 48 19 23 11 6 41 34 17 21 57 52 45 39 28 37 44 
47 21 62 30 59 5 31 54 6 11 22 43 33 55 23 34 35 61 32 9 17 58 24 38 20 26 45 50 37 44 63 60 27 18 16 39 41 56 64 29 19 51 10 52 12 28 25 8 40 4 1 46 53 57 2 36 7 49 14 42 48 3 15 13 
64 51 4 2 41 39 44 6 14 47 46 42 3 30 36 16 10 49 50 28 21 43 11 15 53 55 7 56 17 57 52 18 31 34 12 32 13 48 22 38 61 45 23 27 26 59 33 9 24 37 54 5 58 35 62 25 19 29 40 60 20 63 1 8 
27 18 37 16 45 15 52 40 20 53 19 35 61 1 13 51 14 39 25 4 34 31 63 6 10 12 32 11 62 22 48 41 2 21 43 59 7 23 58 33 55 60 56 42 46 24 57 49 29 28 8 9 44 30 38 3 64 54 50 5 47 26 17 36 
24 17 46 14 25 29 63 48 37 62 58 39 52 60 10 49 54 20 36 41 23 19 12 40 4 8 34 21 16 5 61 2 6 45 57 26 42 1 11 28 13 30 44 53 3 35 38 7 33 56 15 18 47 64 32 50 9 31 51 27 22 43 55 59 
4 52 50 46 30 55 48 41 27 22 43 8 16 51 35 59 49 13 11 18 9 32 33 25 62 3 21 61 40 26 28 38 58 31 14 7 53 57 36 12 23 54 2 17 64 44 1 15 47 10 45 56 24 34 29 42 39 19 6 63 37 20 5 60 
17 15 21 5 64 32 42 49 45 57 56 47 25 38 58 52 43 62 1 31 37 63 39 12 59 60 51 48 10 16 55 30 20 28 29 11 23 18 24 26 35 14 19 8 61 41 27 22 53 6 3 7 50 40 33 13 46 9 2 34 36 44 54 4 
3 60 58 13 16 19 57 23 17 32 11 21 5 26 37 10 40 51 2 54 24 38 8 29 9 44 20 53 35 31 43 33 61 42 48 52 6 4 34 15 49 25 30 39 62 45 36 28 27 63 41 12 55 46 1 14 18 59 22 56 64 47 50 7 
39 25 51 59 18 34 40 63 33 55 24 3 29 14 64 62 50 53 47 17 27 23 45 5 58 37 41 7 11 46 36 32 54 10 44 22 19 13 1 9 57 48 6 4 38 16 52 56 15 26 31 20 28 2 60 30 42 21 43 61 8 35 49 12 
45 8 35 29 44 11 20 27 48 34 15 53 2 7 1 54 56 6 41 46 61 10 30 64 14 42 50 63 12 52 17 47 38 59 5 21 37 60 43 39 31 55 33 13 24 3 26 18 4 25 22 19 49 9 36 62 16 58 28 57 32 40 51 23 
54 1 12 9 24 43 28 7 46 63 13 36 30 4 6 44 57 22 21 14 20 60 19 59 56 15 18 8 34 27 2 49 17 62 3 45 47 40 33 64 10 5 51 50 32 42 11 29 39 35 16 61 37 23 58 52 38 48 25 31 41 53 26 55 
37 62 38 47 22 33 2 26 31 40 49 12 42 41 18 61 4 55 35 48 28 3 36 34 6 19 23 13 5 45 39 57 16 63 51 25 56 30 50 32 46 21 53 60 9 7 20 58 44 11 17 43 64 8 54 59 52 1 24 29 15 10 27 14 
10 36 53 56 31 6 61 14 9 60 28 20 50 39 19 23 58 42 15 16 52 26 44 7 54 25 24 22 64 4 1 29 49 55 8 27 35 46 41 2 40 59 63 12 43 47 34 37 38 48 32 51 18 5 57 21 13 62 30 33 17 45 3 11 
26 47 16 8 54 21 39 37 7 9 35 23 62 20 12 55 2 31 46 40 64 5 58 52 41 4 14 28 18 38 11 48 13 3 61 36 24 6 15 17 53 10 25 43 49 1 29 19 59 27 51 32 42 50 44 57 33 56 45 30 34 22 60 63 
11 48 23 36 60 4 59 45 38 24 57 18 22 52 25 63 55 7 6 20 3 41 56 62 1 5 13 34 58 8 16 21 47 30 39 42 50 43 49 35 37 12 27 51 44 46 61 64 9 54 2 33 15 31 40 28 26 17 53 32 19 14 29 10 
5 28 9 19 1 18 27 3 2 46 26 30 64 6 59 36 39 63 33 32 10 11 23 54 17 20 62 57 7 29 49 51 34 48 31 8 38 25 16 53 24 47 35 45 14 56 22 50 13 60 58 41 21 61 55 43 15 4 12 52 40 37 44 42 
29 55 56 7 51 58 64 30 21 15 53 5 10 44 33 50 38 9 16 43 25 36 17 14 32 39 63 42 3 61 60 6 4 41 2 20 1 45 59 19 8 28 11 40 13 57 54 31 12 52 37 22 34 26 46 48 49 27 47 62 23 24 35 18 
34 24 52 10 15 41 22 33 56 61 45 58 40 17 16 39 12 47 42 50 57 27 13 19 30 59 36 37 53 43 44 9 29 14 54 60 46 7 26 21 18 38 62 32 63 48 2 5 25 23 6 4 35 1 49 20 28 8 64 3 55 31 11 51 
13 46 25 6 17 40 12 43 8 48 14 27 1 37 3 29 59 18 22 24 51 49 34 26 35 31 47 23 15 64 54 52 10 57 58 56 44 32 28 63 7 33 42 55 60 9 30 4 36 39 53 62 38 11 45 19 5 41 21 16 50 61 20 2 
20 31 63 32 53 49 14 57 43 41 42 13 11 19 47 28 48 44 37 29 60 35 61 4 40 45 2 55 26 33 25 50 64 12 62 51 18 22 5 27 52 15 21 59 6 36 23 34 17 30 10 24 56 3 16 8 54 38 7 39 1 46 9 58 
61 35 42 62 38 44 50 2 32 49 51 34 54 31 4 60 45 15 53 1 30 21 28 8 46 22 19 12 24 56 10 27 40 9 55 23 33 37 52 11 20 3 58 26 16 39 41 17 63 47 7 29 14 18 64 5 59 43 13 36 6 57 25 48 
38 40 27 28 35 30 8 29 61 37 20 62 7 23 53 47 32 12 4 26 18 46 43 22 21 6 49 31 63 60 57 44 3 64 10 14 25 51 17 1 33 34 5 19 11 52 48 59 56 2 55 39 41 36 13 54 24 50 58 15 9 16 42 45 
59 44 32 4 55 63 3 52 58 50 54 49 13 36 11 64 47 34 45 10 5 61 29 41 28 35 17 2 56 51 12 39 43 6 38 33 9 21 60 30 16 20 40 62 8 22 7 27 42 46 14 15 1 19 23 24 31 26 18 37 25 48 57 53 
58 50 11 18 12 7 6 15 3 43 1 45 31 42 27 25 16 30 38 53 39 52 40 49 33 61 46 10 22 55 32 62 36 13 28 4 54 59 63 48 60 64 26 35 41 14 24 23 8 57 44 37 17 29 5 9 34 51 20 2 56 19 47 21 
33 19 60 48 13 42 53 1 51 5 29 9 57 12 38 35 63 24 64 62 55 6 31 23 26 34 43 25 8 3 4 20 32 2 41 37 45 16 18 46 15 50 28 49 54 30 56 36 21 61 59 47 27 52 7 58 14 39 44 10 11 17 22 40 
41 49 17 34 57 56 62 46 30 21 55 10 18 59 24 8 60 27 20 36 11 51 2 9 19 58 54 14 13 48 37 64 42 35 26 40 15 50 23 44 45 4 3 47 53 32 31 39 28 16 25 6 33 43 12 22 61 52 5 1 63 7 38 29 
23 16 22 64 26 51 10 61 34 39 6 14 63 46 56 40 17 21 8 44 33 1 54 35 42 52 29 15 41 9 47 11 19 49 53 24 20 27 7 5 58 2 57 18 25 37 43 12 60 3 38 50 48 45 31 4 30 13 32 55 59 36 62 28 
2 43 47 25 14 54 24 5 52 33 44 15 41 22 48 4 19 28 57 58 7 13 3 37 27 36 59 16 50 40 45 53 12 56 34 31 55 62 39 61 1 9 29 21 51 17 42 38 18 20 30 63 32 10 11 26 6 64 49 46 60 8 23 35 
9 37 36 39 21 31 45 20 60 28 16 17 19 32 26 2 25 56 48 42 15 14 59 50 23 38 30 18 1 7 5 24 11 8 22 29 57 58 47 52 63 46 13 44 55 6 10 61 64 40 62 49 51 53 35 34 43 3 27 12 33 54 4 41 
57 22 5 45 7 50 38 51 54 1 64 25 39 27 28 31 53 32 29 13 47 20 41 33 61 24 56 36 14 21 59 40 63 26 23 2 52 9 42 3 17 19 15 16 10 58 6 62 49 18 48 55 60 37 4 35 12 30 11 8 44 34 46 43 
40 14 3 43 58 52 25 4 16 51 8 32 21 24 20 15 30 26 61 59 44 39 49 2 29 28 11 35 9 37 22 19 50 17 18 62 60 12 31 6 48 53 46 56 27 34 45 55 23 64 33 42 63 38 47 1 10 36 41 13 54 5 7 57 
44 63 39 24 37 27 17 55 53 18 7 4 45 61 46 26 11 40 56 38 35 42 64 36 12 16 60 33 48 62 30 10 8 32 1 15 22 28 57 47 54 43 41 31 29 21 9 51 5 34 50 25 13 6 3 2 20 23 19 59 49 58 14 52 
16 13 34 1 19 35 46 31 5 59 12 48 43 40 50 22 23 45 9 15 6 4 21 57 44 41 53 58 38 47 3 8 14 25 37 10 27 49 56 7 42 26 36 33 28 11 18 20 30 24 29 52 54 62 39 61 55 32 60 64 51 2 63 17 
48 32 61 60 47 8 54 21 35 19 38 6 56 10 17 11 7 5 3 22 43 34 18 28 52 63 42 49 57 20 15 55 33 24 59 46 39 64 45 51 30 37 1 23 2 13 14 25 41 12 9 36 40 58 27 44 29 16 31 26 4 62 53 50 
53 29 41 26 28 9 56 10 55 3 2 44 49 62 60 37 24 54 17 63 14 12 16 58 18 23 31 1 51 50 6 13 30 11 4 48 34 36 35 20 32 61 39 64 52 8 5 40 46 43 57 45 59 7 19 15 22 47 38 25 21 42 33 27 
62 6 30 20 2 36 23 18 42 14 47 33 34 63 41 57 52 37 55 8 46 48 50 1 25 54 26 64 4 32 27 17 5 29 13 19 43 38 61 58 44 22 24 7 59 12 49 60 10 31 21 53 11 16 56 51 3 45 39 40 35 9 28 15 
49 59 15 42 33 64 11 12 23 30 52 29 36 58 9 13 27 25 60 51 19 62 10 31 2 43 5 46 45 39 7 34 44 16 40 53 21 55 54 41 3 63 38 57 47 50 4 35 20 22 28 26 8 14 17 32 37 61 1 48 18 56 6 24 
6 2 40 17 56 13 51 11 59 7 37 50 44 33 22 1 18 52 12 55 32 28 60 45 43 62 39 20 29 23 19 61 48 36 49 57 8 63 3 14 47 58 64 46 42 26 53 24 35 9 34 27 10 25 30 31 41 15 16 38 5 4 21 54 
22 12 48 44 49 20 60 50 28 10 27 38 8 3 45 6 5 19 24 21 36 56 26 46 11 17 64 9 25 53 41 7 15 33 32 47 51 34 4 55 29 1 59 2 23 61 13 52 57 14 39 54 16 42 18 37 63 40 62 35 43 30 58 31 
36 54 59 63 4 61 55 62 19 31 60 52 15 25 21 56 34 57 58 30 49 9 38 47 22 50 48 27 2 28 13 35 18 23 6 41 64 10 53 42 39 17 32 14 20 5 16 45 51 33 46 3 43 44 26 40 8 7 37 24 29 11 12 1 
18 26 33 57 27 47 35 58 64 42 4 24 20 43 62 14 29 1 51 6 31 53 15 17 16 40 8 32 36 59 38 54 46 61 60 28 11 2 30 45 56 41 49 37 48 63 19 3 50 7 5 23 12 22 21 55 44 34 10 9 52 25 13 39 
28 23 8 15 46 3 30 42 18 29 41 11 12 5 32 53 64 33 43 35 4 7 25 61 37 51 10 26 21 49 34 63 9 39 17 58 16 31 44 50 38 36 60 54 40 55 62 57 45 1 13 48 52 20 24 56 27 2 59 47 14 6 19 22 
19 41 1 52 10 45 43 9 26 16 30 51 48 47 57 58 20 50 54 27 22 2 62 39 3 18 55 5 44 15 31 14 21 38 56 13 29 24 40 37 12 35 7 25 34 4 28 33 6 59 61 8 36 63 53 11 60 42 23 17 46 32 64 49 
21 64 29 37 34 16 7 39 49 13 36 61 23 2 63 9 41 14 40 3 48 59 42 10 24 1 58 60 30 12 46 4 52 22 35 43 5 54 27 25 6 31 8 11 50 18 51 44 32 15 19 17 62 47 28 38 57 20 26 53 45 55 56 33 
14 53 31 38 5 24 32 25 40 35 39 55 17 54 34 46 8 16 13 23 63 44 37 11 47 56 57 52 6 42 33 45 1 7 20 12 62 26 19 59 9 27 43 15 22 10 21 30 2 49 4 58 29 60 41 64 36 18 48 50 28 51 61 3 
################proper############## 

 average_time = 12.891371 

 success runs = 1 

 total average iters = 320013.000000 
