Success!!! 
 
 max_col = 
 64 
 
 run_time = 
 18.313565 
 
 once iters = 
 500408 
 
6 54 63 18 44 57 14 35 31 26 25 17 9 27 47 34 53 3 16 29 21 62 46 51 20 32 56 60 49 11 43 7 2 45 22 19 1 40 36 42 33 58 38 61 50 12 8 30 13 48 28 4 52 64 10 41 5 39 37 15 55 59 24 23 
1 8 41 48 31 64 33 36 37 42 56 19 29 12 6 49 54 25 59 17 30 22 52 10 5 9 38 45 28 18 13 51 11 53 43 24 60 46 27 39 34 4 15 62 35 40 26 63 61 55 44 23 2 21 50 7 3 20 32 57 58 16 14 47 
16 60 37 26 40 46 11 21 52 57 58 51 13 4 10 44 48 42 20 50 6 39 33 5 27 22 47 24 2 61 36 31 35 32 9 56 63 12 55 14 25 7 43 23 53 1 49 41 30 18 59 38 8 15 17 3 34 64 54 62 19 29 45 28 
47 9 5 28 17 61 29 2 45 18 11 3 30 54 22 21 15 63 37 43 19 58 7 64 40 62 1 52 42 35 34 25 23 44 6 59 41 38 50 8 60 55 16 48 46 56 27 24 14 51 39 57 20 53 49 32 12 36 13 26 33 10 4 31 
62 43 55 51 30 38 22 25 33 32 5 53 61 41 20 2 12 47 4 18 35 26 1 8 17 23 16 37 58 50 48 19 57 21 3 49 31 64 52 15 10 13 6 59 28 39 36 14 11 45 24 60 34 54 29 40 46 63 27 42 44 56 7 9 
49 39 56 19 52 34 53 24 7 23 46 40 64 35 55 59 11 32 28 36 2 45 38 44 57 29 6 14 33 10 15 41 48 25 13 62 4 51 58 18 20 47 54 9 3 21 22 5 63 16 37 12 31 27 26 42 30 17 43 8 60 61 50 1 
10 27 12 50 20 4 45 15 60 63 39 1 48 36 43 28 13 41 14 57 31 40 23 24 59 3 53 55 46 26 54 8 30 7 61 47 34 29 16 37 18 42 64 32 51 19 44 17 9 25 5 62 33 35 58 56 22 49 11 2 52 38 6 21 
3 32 42 58 59 7 23 13 24 15 14 50 8 16 62 38 60 61 55 49 27 9 34 56 12 30 39 4 64 21 63 44 54 5 33 28 17 20 26 10 31 11 52 29 37 2 45 57 46 36 47 22 43 19 6 1 25 18 40 53 35 48 51 41 
20 18 17 2 45 27 54 30 12 9 6 13 22 37 52 46 8 38 1 19 23 3 55 4 10 43 40 11 62 56 41 47 42 24 26 60 64 34 21 61 35 28 57 58 16 63 5 48 15 53 29 36 39 25 32 49 50 51 31 14 7 44 33 59 
38 14 35 5 32 23 9 60 53 19 29 18 15 24 51 25 16 22 2 42 40 7 43 34 8 21 4 28 48 44 17 39 50 49 63 31 20 6 62 30 59 10 41 46 64 45 55 12 33 27 52 1 58 37 61 47 13 11 3 36 54 57 56 26 
43 28 3 59 64 13 41 52 44 21 33 32 58 49 17 42 46 37 24 31 45 54 26 48 1 34 55 61 15 14 57 36 4 11 51 27 16 53 9 22 30 18 62 19 2 6 56 50 40 38 8 7 5 60 20 35 47 10 25 63 39 12 23 29 
36 31 7 44 16 29 8 55 30 3 20 38 41 47 63 64 57 6 52 61 33 15 32 59 49 12 54 42 26 25 23 13 5 18 1 10 58 19 46 56 21 14 53 39 27 51 11 37 17 43 34 24 62 50 45 28 35 2 9 22 48 40 60 4 
48 61 33 15 49 47 1 6 34 31 50 43 28 59 56 40 17 10 39 60 62 35 51 36 37 18 9 19 24 20 2 53 41 38 14 23 12 25 57 13 32 8 22 26 44 29 4 7 16 30 46 54 63 42 3 11 52 58 55 45 64 21 27 5 
24 37 50 11 39 58 19 22 54 35 57 36 14 61 48 23 27 53 41 56 12 13 63 29 30 5 46 64 51 7 33 38 45 47 2 8 44 15 40 28 17 1 3 25 60 42 52 9 31 4 6 10 26 59 21 55 32 43 18 49 16 20 62 34 
4 40 46 42 26 12 21 62 10 60 55 2 5 7 39 8 18 58 25 30 11 44 20 14 3 45 35 63 27 16 50 59 32 54 37 33 29 17 48 52 61 34 31 36 13 49 43 47 22 57 9 64 56 41 23 51 6 1 15 28 24 19 38 53 
57 53 51 63 10 25 56 34 16 4 27 26 1 11 45 62 47 28 64 5 9 21 49 50 32 52 22 31 60 58 6 29 43 3 36 7 35 39 59 55 38 23 24 54 40 20 15 33 18 44 19 13 48 14 2 12 41 37 42 17 61 8 46 30 
40 47 58 52 43 59 12 9 42 56 54 27 24 57 4 7 10 62 23 41 48 53 39 22 13 46 26 8 55 2 1 34 25 6 64 37 49 35 3 36 14 20 19 28 32 30 31 45 21 61 63 15 44 5 11 18 60 33 51 29 50 17 16 38 
31 34 26 4 53 44 50 46 14 33 37 48 23 62 41 43 3 12 11 1 20 61 18 13 15 56 36 29 40 24 25 57 22 59 28 9 45 54 7 5 42 51 63 49 17 38 21 52 8 47 60 58 6 16 19 39 27 35 2 10 32 64 30 55 
42 3 6 39 27 8 24 37 5 13 17 61 25 34 31 32 36 64 46 59 47 51 4 28 44 54 23 12 38 52 35 16 14 2 15 18 48 21 30 29 43 53 60 55 41 58 57 11 7 56 10 33 50 22 1 62 9 45 26 40 49 63 20 19 
56 22 30 10 2 1 25 19 6 59 35 29 44 38 8 63 45 5 7 40 55 49 15 9 53 33 21 58 32 48 42 60 17 26 20 57 46 16 31 41 24 62 47 50 18 37 54 64 51 14 4 43 3 13 52 27 61 23 34 11 12 28 36 39 
5 29 32 16 11 55 17 51 36 47 19 49 21 40 18 26 52 34 6 38 60 37 50 42 39 64 41 9 63 62 20 3 56 4 8 43 23 58 61 44 27 48 7 35 15 33 12 10 25 28 30 59 45 2 57 54 53 24 1 46 22 14 31 13 
15 64 62 61 14 45 18 41 20 22 9 55 50 60 2 53 56 29 58 32 43 16 21 63 51 11 27 49 7 6 28 30 19 10 40 42 47 1 33 38 13 39 25 8 4 3 34 23 26 24 35 17 46 12 36 31 59 48 52 44 37 5 54 57 
28 35 49 7 57 36 13 38 51 39 3 58 12 30 16 45 24 54 31 14 17 8 19 33 22 47 37 43 18 59 10 5 63 52 27 50 32 60 11 53 26 40 61 44 9 46 1 2 55 34 41 20 23 48 64 29 62 56 6 25 21 4 42 15 
60 20 54 21 23 33 48 63 11 52 28 10 46 64 1 15 35 26 27 25 57 30 44 2 45 19 61 17 14 4 31 50 39 62 34 13 55 24 12 51 6 59 36 16 22 5 29 56 37 32 40 42 9 49 38 53 8 3 58 47 41 43 18 7 
61 57 4 31 7 5 10 3 47 53 40 52 26 18 21 16 43 59 13 23 37 19 11 41 14 15 29 54 9 32 58 24 55 64 56 36 8 42 28 35 39 63 20 38 49 34 33 46 6 60 48 51 30 17 25 50 2 12 22 27 62 1 44 45 
9 16 40 13 8 51 55 1 64 44 12 37 42 50 61 4 39 15 54 62 14 60 22 6 63 17 59 18 3 47 21 46 52 34 19 29 24 23 49 25 28 56 45 11 30 48 53 32 2 35 26 27 10 20 43 57 7 41 38 5 31 36 58 33 
19 62 15 49 58 56 32 64 9 10 30 35 3 63 38 60 61 52 5 7 34 48 31 17 33 50 57 22 25 12 27 20 47 14 54 51 2 37 45 26 1 6 44 4 21 23 41 16 29 40 13 53 55 36 28 59 18 42 46 39 8 24 11 43 
11 23 25 30 47 63 42 59 2 5 1 34 57 17 33 36 58 8 44 46 53 4 64 45 61 26 28 41 6 13 16 48 60 12 21 15 38 22 20 50 52 43 29 3 31 7 51 27 62 39 18 49 24 32 14 9 40 55 56 37 10 54 19 35 
2 12 18 29 22 60 37 14 39 27 32 59 45 43 7 20 9 21 33 10 49 50 42 35 11 36 31 30 53 64 8 56 44 63 58 1 6 57 13 62 54 24 55 40 5 17 19 15 23 46 3 41 38 52 16 61 48 4 28 51 47 26 34 25 
26 21 43 17 6 53 44 48 56 58 41 25 62 15 46 14 20 27 63 28 24 36 3 57 38 1 5 7 35 34 51 55 40 61 39 11 18 32 10 16 8 60 59 2 47 22 37 42 4 33 54 31 64 45 12 19 29 13 30 23 9 52 49 50 
41 45 38 54 36 35 39 20 8 48 51 24 55 28 19 13 40 16 56 26 1 29 47 30 23 49 42 2 52 37 60 62 27 43 31 17 33 59 4 46 64 9 18 12 57 10 50 25 5 58 11 44 15 34 7 22 21 14 61 6 53 3 32 63 
27 50 24 34 46 28 52 33 22 6 31 11 49 23 29 54 55 51 38 2 18 12 25 32 4 40 43 39 44 45 19 10 53 9 30 5 7 3 41 48 36 35 58 13 14 26 61 62 47 1 42 56 37 8 63 21 64 59 60 20 57 15 17 16 
29 59 19 22 25 62 4 50 49 8 47 9 20 45 15 61 33 14 57 52 63 24 36 54 18 48 51 27 10 31 53 32 7 37 23 38 3 13 2 1 55 16 34 56 11 35 40 58 64 42 12 26 17 39 46 43 44 60 41 21 5 30 28 6 
17 11 21 56 15 31 38 61 41 2 42 62 51 53 27 30 44 46 34 55 3 1 13 12 25 60 64 57 5 8 39 9 49 19 50 20 52 26 35 43 4 22 32 6 63 14 7 28 58 23 36 37 40 29 24 16 10 47 59 18 45 33 48 54 
35 46 48 36 55 40 7 27 50 37 59 16 19 10 54 29 23 11 49 20 32 47 62 39 43 58 45 56 61 3 12 14 64 41 5 6 21 9 24 31 44 17 26 51 33 15 18 38 1 13 2 63 60 28 22 30 4 25 8 52 34 53 57 42 
64 6 20 60 54 24 34 39 4 17 52 28 43 31 36 1 37 50 26 58 61 56 5 25 19 59 33 16 21 49 40 11 51 29 55 32 22 27 53 47 41 12 30 42 48 57 2 8 44 3 45 18 7 38 15 10 63 46 35 9 23 62 13 14 
14 13 45 23 12 16 26 5 55 24 44 63 38 58 60 56 31 48 19 9 22 42 2 21 54 28 62 35 29 1 7 6 15 46 18 34 11 30 17 40 3 52 39 20 10 25 47 53 41 50 57 8 61 4 59 33 49 27 36 64 51 37 43 32 
44 42 8 57 33 9 3 43 40 46 13 23 32 6 25 12 7 17 35 53 38 18 28 27 41 55 24 47 34 30 22 2 62 56 45 48 10 63 39 4 37 36 21 64 29 60 59 1 19 49 51 14 54 31 5 52 58 16 50 61 15 11 26 20 
18 10 47 37 51 2 30 53 35 11 34 64 33 22 5 57 41 60 15 45 8 6 59 43 26 13 63 23 4 36 38 52 16 58 42 61 14 28 44 12 50 27 49 31 54 24 46 19 48 21 55 25 32 9 62 20 56 7 29 1 17 39 40 3 
58 1 52 32 63 41 49 28 18 7 26 21 39 3 14 48 64 30 40 4 51 10 29 16 42 20 50 44 17 15 46 37 36 33 60 54 59 8 25 57 62 5 9 43 45 13 23 61 56 11 27 34 35 47 53 6 19 22 12 38 2 31 55 24 
21 7 2 8 35 14 27 23 62 12 64 30 63 5 53 39 42 45 43 44 28 41 48 11 56 37 25 15 57 33 52 22 61 60 32 4 54 31 19 34 40 26 13 1 36 59 16 51 49 9 58 46 47 6 55 38 24 50 17 3 20 18 29 10 
34 55 31 3 9 48 61 57 28 1 22 47 7 13 42 10 49 2 62 21 64 20 17 58 36 8 18 32 30 40 29 54 46 23 12 16 37 41 51 63 19 50 56 24 38 4 14 44 59 52 43 45 53 11 35 60 26 15 5 33 6 25 39 27 
32 63 13 20 1 15 28 45 29 55 60 54 37 2 9 3 19 4 36 35 10 33 30 26 31 6 17 46 47 42 61 49 38 22 25 52 27 43 5 59 11 64 23 7 12 18 58 39 50 62 56 16 41 51 44 24 57 53 14 48 40 34 21 8 
33 30 59 40 41 49 5 56 15 43 36 4 52 14 44 35 25 24 47 12 7 63 6 23 21 38 20 10 39 60 45 28 58 55 17 53 50 2 29 11 22 57 8 34 61 32 62 3 42 19 31 48 27 26 18 64 51 54 16 13 1 9 37 46 
37 17 10 12 24 42 60 54 25 40 38 57 16 19 11 41 1 31 51 13 39 46 27 53 34 35 3 50 59 55 62 23 18 8 7 14 26 47 15 20 63 21 2 45 52 9 48 6 32 5 33 61 29 30 4 36 43 44 64 58 28 49 22 56 
25 26 64 47 29 18 43 44 17 20 61 46 27 48 50 6 32 56 9 22 5 38 54 40 16 7 58 13 19 51 11 4 24 42 62 39 36 10 1 33 53 49 37 30 55 41 28 35 12 8 15 21 57 3 34 14 31 52 23 60 63 45 59 2 
53 52 36 62 19 22 6 11 21 45 18 31 59 51 58 33 50 57 8 16 29 34 37 55 2 27 14 26 41 63 24 43 3 13 48 44 9 49 56 64 15 46 5 10 25 47 17 60 20 7 1 39 28 40 54 23 38 61 4 30 42 32 35 12 
51 4 39 46 38 50 58 16 23 49 8 56 34 32 26 24 14 18 61 3 52 59 60 15 48 53 44 5 12 9 64 1 28 57 35 30 40 45 6 21 29 54 42 33 43 27 20 31 10 22 17 2 25 63 13 37 55 62 47 19 11 7 41 36 
22 51 1 64 21 32 15 42 26 61 2 7 17 55 30 37 5 49 18 48 44 27 10 38 62 39 60 59 11 19 3 12 31 36 29 25 28 50 63 9 23 41 33 57 20 53 24 40 43 6 16 35 13 56 47 4 14 34 45 54 46 58 8 52 
55 41 60 43 5 11 57 12 38 50 48 42 54 29 40 58 26 7 22 24 13 2 45 62 28 4 8 6 56 27 14 18 33 15 16 64 51 52 23 49 9 31 46 63 39 61 25 21 3 20 32 30 1 10 37 34 36 19 44 35 59 47 53 17 
46 44 29 24 13 10 2 18 43 28 45 41 47 52 59 9 6 36 42 11 50 14 57 19 35 61 30 34 31 38 32 58 37 20 53 21 62 4 60 27 51 3 1 22 8 16 64 54 39 12 7 5 49 55 40 17 33 26 63 56 25 23 15 48 
39 19 23 27 3 26 63 49 13 16 21 5 10 20 57 31 4 9 17 15 59 55 8 1 50 25 2 53 54 41 37 33 34 35 44 22 30 7 43 58 56 32 48 47 42 52 6 29 36 64 62 11 14 46 60 45 28 38 24 12 18 51 61 40 
52 58 14 35 56 30 16 17 1 62 53 39 6 25 3 22 34 33 12 47 46 31 41 60 9 57 48 51 20 29 49 63 26 40 59 55 5 18 8 54 7 45 28 37 19 44 38 36 24 15 61 50 21 23 27 2 42 32 10 43 4 13 64 11 
7 36 9 6 28 20 59 4 19 34 24 12 35 8 64 11 51 43 21 63 25 23 56 3 52 16 10 40 1 22 47 15 13 48 46 45 61 14 32 2 58 30 17 18 26 62 60 55 38 54 53 29 42 33 31 44 39 57 49 41 27 50 5 37 
50 48 61 25 62 54 47 31 32 14 63 44 4 33 23 18 30 40 53 64 58 28 16 37 46 42 13 36 45 5 55 17 6 39 10 41 19 56 38 24 12 15 11 27 34 43 35 49 52 26 22 9 59 57 51 8 1 21 20 7 29 2 3 60 
45 38 53 33 34 37 40 8 27 36 15 60 56 46 49 51 29 35 32 39 54 52 61 20 24 44 7 21 43 23 26 64 12 1 47 3 57 11 42 17 5 2 4 14 59 50 10 13 28 41 25 19 18 58 48 63 16 31 62 55 30 6 9 22 
59 15 16 55 18 17 35 58 63 29 49 8 2 42 24 50 21 44 3 51 26 11 9 47 60 41 32 25 23 54 56 27 10 28 52 46 39 48 14 7 45 38 40 53 1 64 13 4 57 31 20 6 36 62 33 5 37 30 19 34 43 22 12 61 
8 49 22 45 42 52 51 26 3 38 7 33 18 44 12 19 2 13 50 34 56 17 24 61 6 31 11 1 36 57 5 35 59 16 41 40 15 55 64 60 46 37 10 21 58 28 30 20 53 63 23 47 4 43 9 48 54 29 39 32 14 27 25 62 
23 56 57 41 48 43 62 32 61 54 16 6 60 26 34 17 28 20 45 8 15 64 12 31 7 2 19 33 37 53 30 40 1 27 4 58 25 36 47 3 49 29 51 5 24 55 42 59 35 10 14 52 22 44 39 13 11 9 21 50 38 46 63 18 
54 5 27 53 61 6 46 47 59 30 4 45 40 1 28 52 22 55 60 33 16 43 58 49 64 63 12 20 50 39 18 42 21 51 57 35 13 62 37 32 2 25 14 17 7 11 9 26 34 29 38 3 19 24 56 15 23 8 48 31 36 41 10 44 
13 2 11 9 60 21 36 10 48 64 62 14 31 39 37 47 63 23 29 27 41 25 53 46 58 24 49 3 22 28 59 61 20 30 38 12 43 44 34 19 57 33 35 15 6 8 32 18 54 17 50 40 16 1 42 26 45 5 7 4 56 55 52 51 
30 33 44 38 4 39 20 29 57 51 43 22 11 21 35 5 59 1 10 37 36 32 40 7 55 14 15 48 13 46 9 45 8 50 49 26 56 61 54 23 16 19 27 52 62 31 63 34 60 2 64 28 12 18 41 25 17 6 53 24 3 42 47 58 
12 25 28 1 37 19 31 7 46 41 10 20 36 56 13 55 62 39 48 6 42 5 14 52 29 51 34 38 8 43 4 21 9 17 24 63 53 33 18 45 47 44 50 60 23 54 3 22 27 59 49 32 11 61 30 58 15 40 57 16 26 35 2 64 
63 24 34 14 50 3 64 40 58 25 23 15 53 9 32 27 38 19 30 54 4 57 35 18 47 10 52 62 16 17 44 26 29 31 11 2 42 5 22 6 48 61 12 41 56 36 39 43 45 37 21 55 51 7 8 46 20 28 33 59 13 60 1 49 
################proper############## 

 average_time = 18.313565 

 success runs = 1 

 total average iters = 500408.000000 
