Success!!! 
 
 max_col = 
 64 
 
 run_time = 
 19.573292 
 
 once iters = 
 601849 
 
28 12 63 62 23 13 40 52 18 51 56 19 37 8 59 64 57 15 16 29 25 21 26 55 32 45 24 34 10 9 4 49 39 30 48 5 43 20 3 47 6 41 33 38 7 31 42 22 61 11 50 53 60 27 2 36 35 44 14 46 17 1 58 54 
4 6 16 37 11 32 64 50 33 21 1 61 10 63 25 9 58 28 40 22 18 5 39 44 12 35 14 29 47 53 55 48 52 34 19 27 31 51 60 42 43 56 54 45 13 17 36 57 3 20 26 46 62 30 59 24 38 23 2 49 15 41 8 7 
35 22 8 54 5 10 45 42 15 34 7 26 13 57 62 3 48 2 38 11 43 14 60 23 50 19 25 1 36 27 6 16 41 61 58 9 55 4 17 49 46 32 18 40 28 39 51 12 52 63 44 37 21 31 47 64 29 24 56 53 30 20 59 33 
31 51 9 34 33 61 38 57 12 5 60 17 39 49 47 16 54 4 36 62 20 46 53 50 42 56 26 15 13 23 63 37 24 21 40 28 25 7 44 8 64 30 29 10 3 59 2 14 1 18 41 58 32 22 35 6 19 45 48 52 55 11 27 43 
58 18 53 55 48 26 56 41 44 30 2 27 29 52 11 36 37 34 32 13 19 42 8 49 62 51 54 33 31 40 57 20 46 12 15 35 22 59 63 38 50 5 61 25 4 1 16 24 43 7 28 10 23 14 17 45 64 60 21 6 3 47 9 39 
49 14 39 17 60 44 20 7 4 45 42 50 22 6 53 55 3 52 24 59 1 30 47 9 58 41 2 38 64 21 43 46 36 32 56 11 29 54 26 57 19 15 62 63 23 35 37 27 48 34 8 40 13 33 16 51 31 25 5 10 18 61 28 12 
27 47 19 59 30 36 46 1 14 40 24 38 23 43 54 41 56 12 63 7 33 31 6 35 61 28 44 3 11 52 18 17 16 64 45 10 62 13 53 2 60 48 8 58 21 55 20 26 29 15 57 25 39 49 9 5 22 37 34 42 32 51 4 50 
25 29 3 2 43 21 24 15 48 35 31 46 58 32 20 28 51 10 27 17 45 41 64 61 59 60 39 22 7 5 8 30 33 18 37 50 6 14 23 1 49 53 11 34 52 44 9 47 4 12 55 42 56 19 38 54 16 62 13 63 40 36 26 57 
57 42 50 23 1 37 41 3 29 43 35 4 17 58 48 51 64 39 60 26 61 10 9 16 13 59 8 14 34 47 7 31 62 6 55 12 18 19 45 53 30 2 27 33 36 25 56 38 24 54 32 44 52 20 5 22 15 46 28 21 63 40 11 49 
53 13 33 31 14 4 16 24 5 12 26 11 59 23 39 25 36 58 50 51 3 27 57 2 63 62 28 44 42 45 32 52 40 46 7 17 49 10 64 60 9 22 41 15 8 48 35 20 21 29 6 61 38 34 55 30 54 47 18 37 1 56 43 19 
56 49 6 21 54 2 19 39 34 18 53 31 63 13 24 14 55 59 33 42 28 40 41 5 30 12 20 37 57 1 16 23 26 3 35 36 38 29 22 51 44 45 47 32 17 52 4 58 50 46 11 43 15 62 48 60 25 7 61 27 8 10 64 9 
55 20 34 15 58 48 29 22 27 6 62 52 3 64 9 56 43 21 54 30 37 13 38 31 46 49 19 36 40 60 10 26 25 8 44 47 28 42 1 24 7 59 51 57 11 61 39 50 33 23 18 63 35 16 14 12 45 2 41 4 53 32 17 5 
38 36 12 43 32 9 7 25 28 54 55 37 15 33 22 30 29 8 44 4 47 49 48 1 64 18 11 53 50 24 5 35 57 63 21 59 61 2 27 34 3 6 23 42 10 62 46 60 40 45 56 19 58 41 31 17 14 13 52 51 16 39 20 26 
61 60 5 27 63 62 8 64 20 57 41 10 46 7 40 1 15 18 35 12 52 6 14 45 56 9 51 54 3 39 17 21 48 43 11 32 4 58 37 33 55 26 19 24 16 29 13 34 42 28 36 49 2 47 53 25 50 59 30 22 23 44 38 31 
46 11 28 30 40 59 44 45 60 47 50 2 16 61 32 38 34 62 53 24 17 7 23 19 41 6 29 58 15 25 27 22 56 52 54 14 13 5 39 20 31 21 1 18 43 63 64 49 9 10 37 51 8 26 4 3 48 33 42 55 57 12 36 35 
18 35 47 52 10 51 17 26 49 8 44 36 21 42 19 45 22 63 56 20 46 32 25 11 43 48 4 55 38 2 33 61 30 16 23 15 50 9 41 31 54 14 12 37 40 5 53 28 13 64 7 27 57 39 1 59 6 58 24 60 34 3 29 62 
37 41 30 25 28 3 60 59 19 53 63 13 49 40 18 52 33 38 10 46 54 15 16 39 45 43 58 26 51 36 29 1 21 47 2 6 48 17 61 64 4 62 50 56 57 32 24 42 23 22 31 9 44 11 12 34 5 20 7 14 35 27 55 8 
8 19 44 46 9 42 54 56 64 23 47 39 30 62 17 50 49 29 31 36 57 26 12 43 60 24 35 7 48 37 53 38 13 55 28 16 14 45 51 10 33 20 21 2 22 41 52 5 32 61 15 59 25 4 27 1 34 18 63 3 11 6 40 58 
48 5 21 49 45 1 58 27 2 7 9 44 33 31 15 24 28 20 61 41 63 23 51 13 55 30 16 56 6 34 25 39 37 38 57 22 32 18 43 4 12 60 46 3 29 14 17 11 35 62 42 52 10 8 40 47 26 53 50 64 19 59 54 36 
20 31 36 64 7 39 51 40 25 58 10 57 56 21 14 26 60 42 34 32 48 55 11 24 5 22 17 4 62 3 50 47 15 53 8 30 35 23 49 63 28 13 59 44 54 6 27 16 41 37 38 18 45 46 19 43 61 1 29 12 9 52 33 2 
47 33 10 13 55 11 6 23 22 37 12 28 36 35 16 60 45 27 9 58 30 8 56 40 31 52 57 63 49 18 19 59 20 54 41 46 39 50 7 25 34 38 64 53 15 26 1 61 14 51 29 24 5 2 3 48 43 32 4 17 21 62 42 44 
50 26 35 53 18 34 32 17 61 27 48 43 20 41 29 11 47 3 4 2 62 52 19 14 21 46 9 8 44 54 15 12 1 59 42 56 5 31 33 58 37 40 39 51 25 49 30 23 63 16 64 7 55 6 36 13 57 38 10 28 22 45 24 60 
63 38 57 22 4 43 14 16 1 3 51 8 55 34 46 32 5 50 6 25 21 59 37 17 2 64 61 42 20 28 11 27 9 40 62 24 52 44 12 29 36 35 10 19 45 58 7 18 56 30 53 39 33 60 54 26 47 31 49 23 41 13 48 15 
52 2 62 12 15 24 61 29 45 59 6 42 5 4 38 54 53 35 1 64 7 44 22 18 40 13 33 41 32 14 23 10 11 27 26 3 36 60 34 19 47 8 43 31 55 9 48 63 17 50 58 21 20 28 57 49 56 39 25 16 46 30 37 51 
30 3 59 10 52 57 4 20 62 11 36 49 27 51 61 6 8 23 7 44 15 50 42 53 37 63 55 19 58 16 56 13 22 39 38 43 24 33 2 35 41 28 17 21 46 12 5 64 18 31 60 26 29 54 32 9 40 14 1 47 48 34 25 45 
19 56 24 50 12 33 53 8 43 9 32 3 14 44 28 34 2 45 5 6 16 25 29 48 18 61 7 30 41 20 39 42 49 60 36 21 51 63 46 54 57 37 31 47 62 23 15 40 38 27 35 4 11 1 10 55 58 22 26 59 13 17 52 64 
39 55 27 45 46 40 13 28 57 15 22 54 52 59 2 63 61 36 21 34 11 62 30 51 14 23 12 6 60 4 64 5 19 1 32 37 8 3 20 41 18 16 53 35 38 43 26 29 58 17 24 48 47 44 25 50 7 42 9 56 33 31 49 10 
22 7 18 42 16 54 62 35 26 60 64 24 38 25 30 17 31 1 46 3 12 47 55 57 15 11 43 48 9 33 44 2 45 4 50 34 56 27 10 52 39 63 6 49 58 13 14 59 53 40 21 23 51 5 41 37 8 19 20 29 36 28 61 32 
2 58 48 5 64 29 9 34 37 42 21 23 35 55 50 39 40 49 17 10 4 38 33 63 52 57 27 32 22 8 31 53 59 7 14 61 26 25 47 62 51 54 3 1 30 60 11 36 19 43 16 56 28 13 45 20 12 41 15 18 44 24 46 6 
36 43 32 63 37 17 49 6 8 56 18 58 4 53 31 19 20 26 13 27 41 22 35 28 10 21 47 24 1 59 40 29 5 11 12 64 44 16 15 48 25 50 9 61 42 33 45 7 39 14 34 62 3 52 46 57 51 55 23 30 54 60 2 38 
23 44 38 26 61 47 15 14 40 13 33 41 1 10 12 46 39 60 58 19 32 37 43 52 3 25 62 51 35 50 45 54 55 9 18 31 17 28 29 30 24 27 48 20 34 2 22 56 36 49 59 6 42 7 64 8 11 16 53 57 4 5 21 63 
11 1 31 41 51 25 21 60 7 16 45 20 48 47 5 29 24 9 64 14 56 54 18 59 17 34 36 49 46 26 38 28 42 58 13 53 57 6 40 23 32 4 55 8 19 10 44 52 22 33 12 30 61 63 15 2 37 43 27 50 62 35 39 3 
54 62 42 4 50 60 25 13 32 52 34 7 40 12 44 21 16 56 14 28 22 48 20 27 51 58 5 46 43 15 24 6 35 17 10 29 63 26 38 55 53 19 36 64 9 47 49 33 30 41 45 31 1 37 11 23 18 61 57 8 39 2 3 59 
15 23 45 7 2 27 43 11 50 19 8 35 64 20 49 53 12 40 55 9 42 51 4 25 22 32 37 17 14 63 47 57 6 56 24 33 1 41 16 5 13 58 30 46 59 28 31 3 62 39 61 60 18 36 29 52 21 48 54 44 26 38 10 34 
6 57 58 61 39 12 34 32 46 33 5 16 18 28 4 31 1 30 2 37 53 24 17 41 29 55 3 35 27 38 36 25 60 51 52 20 15 43 9 59 40 23 26 50 44 42 10 62 47 21 13 8 54 48 63 14 49 11 64 45 7 22 19 56 
5 24 17 8 35 16 36 38 51 55 61 62 60 22 1 37 18 31 52 50 6 34 15 10 23 26 49 59 19 30 41 4 2 48 3 44 54 12 57 11 45 7 56 29 39 20 63 21 46 58 27 32 64 9 43 42 53 40 47 25 28 33 14 13 
64 10 37 33 41 22 52 9 47 39 57 63 2 29 13 59 32 5 11 23 38 3 7 26 53 40 31 50 21 56 48 45 34 25 27 49 42 61 36 18 15 43 14 54 1 8 6 55 28 35 19 16 17 24 44 4 20 51 58 62 60 46 12 30 
29 59 46 40 44 63 26 31 30 10 14 15 54 45 3 48 13 19 57 47 39 43 58 36 8 1 34 18 33 7 28 60 64 50 22 23 37 62 4 21 38 61 5 16 51 11 32 17 25 6 49 2 12 56 20 53 42 27 35 9 52 55 41 24 
1 53 56 47 21 55 28 51 24 36 43 6 41 9 27 58 59 44 45 49 60 35 61 29 20 2 42 64 54 10 62 11 8 13 30 39 19 46 31 14 22 25 52 12 18 37 57 48 5 38 33 34 7 3 26 40 17 4 16 32 50 63 15 23 
14 48 20 18 3 19 30 49 17 38 23 25 11 56 26 42 63 54 8 21 64 33 46 62 16 39 52 12 61 44 13 9 32 45 47 7 58 53 28 40 2 24 60 41 35 27 34 4 15 55 51 57 59 50 22 10 36 6 31 1 37 43 5 29 
34 37 54 57 42 8 3 30 63 14 52 29 53 5 10 4 41 55 62 48 36 28 1 58 27 50 32 47 56 61 26 33 51 49 46 38 64 11 24 44 59 18 35 7 6 21 12 39 45 13 40 22 43 15 23 31 60 9 19 20 2 25 16 17 
40 25 55 24 29 28 59 63 23 32 46 33 57 27 36 20 35 64 19 38 26 39 31 54 48 37 22 52 53 43 51 14 50 2 5 1 41 15 42 56 62 44 45 30 60 16 47 13 7 8 10 17 9 61 49 21 3 12 11 58 6 18 34 4 
7 61 49 1 6 52 23 5 58 41 37 40 9 48 21 35 46 25 12 18 29 16 45 22 28 44 15 39 4 62 34 19 3 57 63 54 53 55 30 13 8 10 20 17 26 64 38 32 51 24 2 11 36 42 60 56 33 50 43 31 59 14 47 27 
45 16 22 35 19 41 33 44 56 1 11 55 26 60 6 12 10 14 42 40 24 9 32 34 38 54 59 57 5 17 21 18 61 23 20 58 47 48 62 37 63 51 2 36 31 4 3 43 64 25 52 28 53 29 50 27 13 15 8 39 49 7 30 46 
10 32 14 48 26 50 31 36 3 49 15 18 62 17 64 61 27 13 43 53 2 60 44 20 9 29 6 23 63 11 46 40 28 33 4 45 59 8 25 7 56 1 42 55 41 57 58 19 34 47 39 35 30 12 37 16 52 5 51 24 38 54 22 21 
12 9 51 58 47 64 39 4 54 50 28 45 44 16 43 22 23 6 37 61 8 56 59 21 35 7 13 2 30 31 1 24 27 26 34 18 60 32 14 17 52 11 49 48 5 53 25 15 55 3 20 41 19 38 33 46 63 10 62 36 42 29 57 40 
60 21 2 11 17 38 18 53 59 25 39 47 31 24 42 13 4 7 15 33 51 57 52 30 36 20 45 10 16 49 3 8 43 22 29 40 12 35 19 9 27 34 37 14 61 50 23 46 26 44 54 5 63 58 6 62 55 56 32 41 64 48 1 28 
13 15 43 20 56 46 27 62 38 2 19 34 7 30 51 8 50 11 3 5 49 17 63 47 25 42 64 60 55 12 58 41 10 31 39 52 16 21 6 36 29 33 22 28 24 54 40 9 57 1 4 14 48 59 18 32 23 35 44 26 61 53 45 37 
3 64 29 6 31 14 50 21 36 20 13 56 61 1 52 23 42 33 39 63 35 2 5 60 44 4 38 25 37 48 54 43 12 10 53 19 34 30 8 16 26 49 28 11 32 45 18 51 27 57 47 55 46 40 24 7 59 17 22 15 58 9 62 41 
24 8 52 28 53 5 48 47 16 22 59 12 45 19 37 7 25 46 29 54 58 4 40 38 34 36 10 21 2 13 9 32 31 41 6 62 27 56 55 50 17 57 15 23 63 30 33 44 11 60 14 3 49 43 42 61 1 64 39 35 51 26 18 20 
62 39 23 36 34 56 2 37 42 4 3 48 6 38 33 40 26 57 51 15 59 18 27 8 11 31 50 28 17 29 49 58 47 5 61 63 45 24 54 22 14 46 7 9 64 19 60 1 10 53 30 20 41 25 13 35 32 52 55 43 12 21 44 16 
43 4 26 38 59 7 63 10 11 17 29 21 24 54 8 27 44 61 23 55 14 64 13 56 39 3 30 40 45 57 35 51 58 20 60 2 9 1 32 15 5 42 16 52 53 36 41 37 12 48 22 50 31 18 62 28 46 49 33 34 25 19 6 47 
44 46 13 32 57 35 55 18 9 64 58 60 47 39 34 62 30 41 22 16 50 1 28 12 26 53 23 61 24 6 20 15 14 36 17 25 21 49 59 3 48 31 38 43 2 40 8 54 37 52 5 33 4 51 56 19 27 29 45 7 10 42 63 11 
9 40 11 60 49 58 42 19 31 26 25 14 32 46 55 18 17 37 20 43 34 53 3 6 33 47 41 62 59 22 52 63 44 28 51 57 7 64 35 39 61 12 24 4 27 56 29 10 54 36 1 45 16 23 21 15 30 8 38 2 5 50 13 48 
33 30 1 16 27 20 12 54 41 63 49 53 51 15 57 2 11 24 48 45 10 36 62 32 7 14 46 5 8 19 42 56 18 29 43 13 23 38 52 26 21 55 25 22 47 34 50 35 44 59 9 64 6 17 58 39 28 3 37 40 31 4 60 61 
41 17 15 51 25 45 22 61 10 28 30 5 43 50 35 44 9 47 49 52 31 19 21 7 1 27 18 16 12 55 60 64 4 37 33 42 11 40 48 46 58 39 13 59 20 3 62 6 8 2 63 38 26 32 34 29 24 57 36 54 14 23 56 53 
32 52 25 44 38 6 47 2 21 24 16 51 50 18 56 10 19 48 59 8 55 29 36 42 49 33 40 43 28 41 30 3 53 15 64 4 46 57 13 12 35 9 58 27 14 7 54 31 60 5 62 1 34 45 61 63 39 26 17 11 20 37 23 22 
59 45 40 19 13 18 35 55 6 62 17 30 42 3 41 49 7 53 28 56 23 58 34 37 54 5 48 11 39 51 2 50 38 44 1 26 10 36 21 27 16 64 4 60 12 22 43 8 20 32 25 47 24 57 52 33 9 63 46 61 29 15 31 14 
26 54 64 29 8 53 11 12 52 61 27 32 28 2 23 33 62 17 18 60 5 45 50 3 24 15 63 31 25 46 14 34 7 19 59 41 20 22 58 6 42 47 57 39 48 38 55 30 16 9 43 36 37 10 51 44 4 21 40 13 56 49 35 1 
51 63 4 56 62 30 37 48 35 44 54 22 25 11 45 43 21 16 47 1 40 12 49 15 57 17 60 9 29 32 59 55 23 14 31 8 33 39 18 61 20 52 34 5 50 46 28 41 2 26 3 13 27 64 7 38 10 36 6 19 24 58 53 42 
42 34 7 14 24 49 57 33 53 48 38 1 8 36 63 15 6 22 25 31 27 20 10 46 47 16 21 13 23 35 61 44 54 62 9 60 30 52 56 45 11 3 32 26 37 51 19 2 59 4 17 29 40 55 39 58 41 28 12 5 43 64 50 18 
16 28 60 39 36 15 10 58 55 29 20 59 19 26 7 5 14 32 41 57 9 11 54 4 6 38 1 45 52 64 37 62 63 35 49 48 40 47 50 43 23 17 44 13 56 24 61 53 31 42 46 12 22 21 30 18 2 34 3 33 27 8 51 25 
17 50 61 3 20 31 5 43 13 46 4 9 12 37 60 57 38 51 26 39 44 63 24 64 19 10 53 27 18 58 22 7 29 42 25 55 2 34 11 28 1 36 40 6 33 15 21 45 49 56 23 54 14 35 8 41 62 30 59 48 47 16 32 52 
21 27 41 9 22 23 1 46 39 31 40 64 34 14 58 47 52 43 30 35 13 61 2 33 4 8 56 20 26 42 12 36 17 24 16 51 3 37 5 32 10 29 63 62 49 18 59 25 6 19 48 15 50 53 28 11 44 54 60 38 45 57 7 55 
################proper############## 

 average_time = 19.573292 

 success runs = 1 

 total average iters = 601849.000000 
