Success!!! 
 
 max_col = 
 64 
 
 run_time = 
 23.009558 
 
 once iters = 
 705555 
 
25 63 62 16 43 41 60 40 61 53 35 48 30 47 59 21 22 18 36 27 23 5 17 32 54 39 4 52 57 12 2 51 49 7 42 64 26 8 31 13 1 38 24 11 19 55 20 6 56 15 45 34 44 29 58 3 50 37 28 33 46 14 10 9 
20 44 54 32 10 27 29 50 9 43 28 8 45 33 51 13 21 26 47 55 63 57 34 37 5 56 11 22 24 61 64 3 62 1 35 15 39 53 14 12 7 48 49 52 40 60 41 18 19 16 31 6 46 36 4 59 58 42 17 25 30 23 2 38 
18 34 8 64 57 59 33 5 25 19 15 41 22 39 17 60 46 54 10 53 3 6 52 56 32 14 26 47 48 20 16 62 40 23 36 38 2 55 28 45 63 58 61 30 12 31 21 29 13 24 37 49 42 27 50 9 11 44 4 1 35 51 7 43 
46 52 58 39 24 42 2 53 16 6 54 20 32 36 63 12 64 14 11 9 48 50 35 1 10 44 49 38 33 45 17 55 5 25 18 37 60 34 30 43 3 56 15 57 27 62 28 4 21 26 41 51 23 47 7 40 13 31 8 59 19 29 22 61 
12 4 56 23 48 22 13 45 11 38 24 34 31 2 1 49 29 30 62 51 58 19 43 61 60 25 7 36 27 40 37 9 50 63 46 32 21 17 44 54 35 59 26 16 42 64 47 39 52 57 20 10 8 33 14 28 5 3 18 6 15 41 55 53 
15 21 17 9 14 35 49 11 26 56 57 46 3 23 44 7 39 2 24 38 12 16 20 4 1 31 19 42 41 34 28 59 51 6 61 29 58 48 33 47 13 50 37 10 8 5 45 53 43 22 18 60 30 63 55 25 62 40 27 64 32 36 54 52 
61 28 31 19 1 3 55 38 37 10 4 62 64 40 50 18 33 8 45 13 49 42 7 15 35 21 29 43 30 46 58 6 24 27 41 57 22 52 59 20 51 32 23 36 44 25 14 9 2 11 53 54 48 17 5 39 12 56 16 34 26 47 60 63 
6 7 37 51 26 30 47 36 5 42 58 52 55 14 29 27 60 28 25 31 59 40 41 44 13 15 23 50 53 18 63 8 11 4 16 10 56 19 9 3 17 46 54 34 43 2 22 33 38 62 64 61 35 32 12 1 24 45 21 49 48 20 57 39 
32 62 29 11 50 57 37 22 52 39 33 45 63 8 34 4 41 31 53 47 24 13 56 20 46 10 9 35 64 59 60 42 43 2 40 51 55 61 3 6 28 44 58 54 38 12 27 49 25 7 17 1 15 5 18 19 48 36 30 23 14 16 21 26 
48 12 9 33 30 1 16 61 42 62 49 40 36 5 28 22 58 51 39 7 10 26 32 60 41 11 38 3 43 55 21 63 35 19 54 34 14 29 24 15 52 2 45 64 18 47 50 20 27 8 13 23 31 53 56 4 57 25 37 44 59 17 6 46 
60 24 3 10 21 38 44 18 19 15 31 53 16 41 7 55 23 43 29 17 2 14 8 28 20 52 30 40 34 56 25 36 26 37 9 1 47 5 50 46 42 57 59 4 22 48 33 32 11 45 58 39 51 6 61 54 27 12 13 62 64 63 35 49 
58 55 42 20 7 47 17 46 64 32 10 54 1 43 14 56 59 44 5 19 62 30 37 45 26 53 33 6 28 57 27 48 63 18 23 13 38 25 41 4 21 36 16 61 34 11 24 35 9 3 49 12 40 50 2 60 22 51 52 39 29 8 15 31 
13 40 41 56 6 31 36 28 46 18 25 60 24 26 35 30 52 34 49 1 11 27 61 12 2 47 39 44 54 4 51 22 7 32 45 59 16 57 20 8 53 23 17 19 63 15 62 43 55 14 21 37 33 48 29 64 10 9 3 50 42 38 58 5 
19 45 59 35 51 25 27 34 6 47 44 29 2 13 23 3 18 46 33 64 15 48 36 50 17 61 58 16 37 1 8 49 42 56 62 21 30 39 12 53 14 41 7 9 5 26 31 55 63 28 10 38 32 22 52 57 4 11 40 20 54 24 43 60 
26 23 49 5 15 39 63 4 59 37 38 11 61 27 9 51 6 21 22 57 42 25 54 3 29 50 14 19 31 32 12 24 52 60 48 17 28 58 64 33 40 10 46 1 30 13 56 8 36 35 44 43 20 16 62 34 47 2 53 55 18 7 45 41 
53 14 2 43 52 54 64 8 50 21 17 57 58 48 12 20 63 55 4 40 38 9 16 35 23 5 18 15 13 62 7 45 44 49 10 31 27 22 11 36 29 6 25 3 51 39 37 60 30 41 46 59 26 24 42 47 1 32 34 61 33 56 28 19 
23 35 24 52 55 16 54 15 58 11 29 37 28 32 31 10 38 64 51 48 50 20 25 2 3 1 13 45 7 42 4 44 9 34 22 6 53 40 27 18 8 17 12 26 60 43 49 57 59 36 39 19 21 62 46 61 56 47 41 14 5 30 63 33 
28 58 4 26 49 37 40 47 45 35 62 9 18 3 8 17 5 23 7 59 16 41 33 34 24 63 21 20 52 29 32 53 36 51 30 60 25 43 61 39 6 22 13 46 48 38 2 10 14 42 54 50 12 15 1 56 19 27 64 57 55 44 31 11 
30 48 53 42 61 56 5 32 7 64 1 39 38 21 46 41 10 45 9 11 47 31 22 63 51 35 40 57 50 15 36 26 13 14 49 55 17 24 62 37 59 52 19 25 4 27 44 34 8 58 16 33 2 43 28 6 23 29 60 54 20 12 3 18 
41 3 21 17 18 36 8 39 33 44 16 61 19 12 40 5 30 1 46 58 27 24 49 52 25 55 2 48 6 64 22 43 59 35 57 11 29 56 7 31 15 14 63 20 28 42 53 54 23 9 47 45 13 60 37 10 32 34 62 38 4 50 26 51 
57 20 33 38 25 46 10 29 22 51 30 49 56 6 48 59 12 36 35 39 8 53 13 62 61 60 34 28 19 23 14 54 3 5 32 50 4 64 47 26 18 55 9 58 7 21 40 16 44 31 27 63 41 52 11 17 43 1 42 15 2 45 24 37 
34 6 45 13 62 63 9 12 54 60 2 27 50 25 24 14 19 42 15 61 26 37 57 43 38 16 47 59 46 8 41 5 1 28 44 23 48 20 58 52 11 64 36 33 31 29 32 56 18 53 3 4 55 49 30 51 21 39 22 7 10 35 17 40 
50 1 51 31 27 2 43 7 57 4 53 47 34 52 42 63 14 56 60 32 55 18 44 54 39 17 37 58 12 33 11 30 15 21 38 8 45 10 16 19 24 61 41 5 62 35 3 23 64 40 26 20 29 25 22 48 28 46 6 36 13 49 9 59 
44 11 19 22 64 60 59 14 15 36 13 26 20 55 43 23 4 40 3 21 6 28 29 17 31 27 62 18 9 10 49 56 2 12 63 41 33 54 46 42 37 45 30 51 47 50 39 1 32 34 57 5 24 35 38 7 52 61 58 53 8 25 48 16 
40 64 30 61 23 32 51 49 10 58 50 4 21 35 45 2 26 52 14 12 60 15 5 9 27 20 57 56 47 22 62 13 41 31 29 16 3 63 39 17 44 33 28 43 25 36 7 59 24 6 11 53 54 34 48 55 18 8 38 19 1 37 46 42 
63 19 39 27 46 28 57 54 14 8 11 32 53 22 33 25 45 41 42 36 31 1 38 18 7 3 35 21 5 6 61 34 10 26 60 62 59 2 48 30 55 40 51 37 29 16 4 47 20 44 23 17 52 12 43 50 49 58 56 9 24 13 64 15 
21 33 55 36 37 53 1 56 27 52 26 31 60 46 15 29 49 11 23 30 43 35 51 47 4 24 10 8 59 14 48 39 25 61 19 45 34 13 42 5 12 63 62 17 50 6 18 41 3 38 22 9 58 64 40 32 2 7 54 16 57 28 44 20 
22 9 13 18 60 11 24 52 34 20 19 3 41 64 16 44 37 17 54 62 32 33 27 48 42 45 12 23 55 51 53 38 21 8 6 47 40 46 15 49 26 5 31 56 39 61 57 58 29 1 4 14 28 7 10 2 36 63 35 43 25 59 30 50 
45 41 44 12 42 48 34 35 24 55 51 17 7 57 36 62 20 6 40 50 22 61 53 39 19 28 32 1 58 31 46 2 64 54 52 43 37 14 38 56 9 13 10 8 15 3 60 30 49 25 63 18 47 26 59 16 33 23 29 11 21 5 4 27 
38 26 10 59 58 50 31 6 39 63 43 1 54 61 49 48 13 7 34 56 57 3 46 24 36 29 60 25 16 44 40 18 4 9 33 28 11 12 51 35 23 20 27 2 14 52 64 21 45 37 30 8 5 19 15 42 41 55 47 17 53 22 32 62 
5 15 7 4 29 8 14 62 30 40 42 6 37 59 47 28 2 19 63 16 25 55 21 58 50 41 43 54 49 17 9 64 22 20 53 18 23 44 1 27 46 35 34 48 32 24 11 38 60 13 56 57 36 61 51 33 39 26 10 12 3 31 52 45 
47 2 20 25 16 17 3 43 18 5 56 23 12 9 13 38 44 29 59 4 64 8 28 10 33 37 15 30 63 26 52 11 57 58 55 36 7 50 32 24 22 49 1 42 53 45 54 19 41 46 35 31 27 39 21 62 34 6 51 60 61 48 40 14 
64 18 6 28 20 45 46 21 1 61 14 25 42 7 60 26 17 12 19 33 39 49 24 57 58 9 36 2 22 16 47 41 34 3 59 40 54 11 10 51 62 30 56 32 13 37 29 52 15 63 50 35 43 44 53 8 31 48 55 5 23 27 38 4 
2 27 34 15 53 51 23 48 12 46 9 38 29 45 54 16 11 20 55 52 44 7 10 22 49 6 50 26 35 37 42 1 17 62 31 56 19 47 63 64 5 4 60 41 24 33 8 25 40 61 36 28 18 30 39 14 3 43 59 32 58 57 13 21 
33 38 26 58 32 61 4 44 31 27 34 13 6 51 56 24 43 9 16 14 53 29 62 30 59 54 48 46 60 3 15 28 23 41 7 20 1 45 21 50 2 12 18 39 55 40 10 22 5 49 19 64 17 11 57 52 37 35 36 63 47 42 25 8 
1 43 60 29 56 12 41 10 63 28 5 58 35 17 18 8 61 59 2 15 21 47 45 51 30 7 25 64 23 39 19 27 33 36 37 4 52 49 22 38 16 26 57 50 11 14 42 44 31 48 6 32 3 55 24 13 54 62 9 46 40 53 20 34 
39 59 63 8 3 9 25 42 40 41 47 44 57 62 37 52 32 50 27 34 36 56 26 46 55 51 53 4 21 11 31 14 18 13 5 35 24 16 43 60 54 19 20 6 17 7 48 28 10 29 33 2 1 58 23 38 64 15 12 30 45 61 49 22 
54 13 16 57 47 40 52 37 32 50 39 30 10 49 55 43 35 5 38 25 28 23 3 42 63 62 45 33 17 24 18 29 46 48 12 14 6 9 8 58 27 1 64 15 61 53 36 31 34 59 60 22 56 4 20 21 26 19 2 51 44 11 41 7 
55 5 36 24 31 49 62 19 48 22 59 21 11 53 20 33 40 37 13 60 4 64 18 41 44 8 56 12 10 43 38 57 29 30 15 39 42 32 2 61 45 47 3 23 58 34 35 63 54 27 7 26 25 51 9 46 14 17 50 52 28 6 16 1 
35 17 11 7 22 14 50 30 36 2 3 64 23 4 19 15 8 48 58 6 1 54 63 31 40 34 20 32 61 5 13 52 53 55 28 25 57 27 26 44 49 9 43 21 59 46 38 51 37 47 62 42 16 45 41 12 60 10 33 29 56 39 18 24 
3 53 32 30 13 10 19 41 20 34 60 2 26 11 39 54 15 57 31 35 46 38 4 25 21 12 6 62 56 9 50 33 48 42 47 58 5 18 45 14 61 43 52 28 36 63 23 37 16 51 8 29 7 59 64 27 44 22 49 24 17 40 1 55 
29 61 40 47 33 7 12 9 38 16 37 14 49 56 10 36 55 53 64 44 34 45 58 27 22 42 63 31 51 35 39 15 20 11 50 54 32 28 52 1 19 24 2 18 3 4 5 13 46 17 25 21 62 23 6 43 30 60 57 8 41 26 59 48 
4 42 25 37 17 5 38 58 55 29 61 59 33 28 27 40 7 32 50 54 20 36 48 6 16 49 44 34 8 19 43 46 12 24 26 3 63 15 60 57 30 39 35 45 21 51 1 11 22 10 2 13 53 14 31 41 9 18 23 56 52 62 47 64 
59 8 15 62 28 24 39 55 44 23 46 19 52 63 3 42 1 60 17 49 13 11 14 26 53 18 5 41 45 48 30 10 27 40 25 33 9 4 37 21 64 54 22 7 6 58 16 12 50 56 34 47 57 38 35 36 61 20 32 2 31 43 51 29 
27 22 64 60 2 44 35 51 17 9 6 43 62 30 21 32 47 33 18 37 5 59 23 40 52 26 24 61 3 25 1 20 16 38 8 53 46 41 34 7 57 42 29 31 10 56 55 14 58 54 48 11 4 28 49 15 63 50 39 45 36 19 12 13 
36 57 46 14 11 20 18 16 41 48 12 22 13 24 4 35 28 62 30 2 29 63 39 21 64 32 17 7 40 58 23 37 19 43 51 49 61 31 56 59 47 34 50 44 9 8 25 15 33 52 42 55 60 1 26 45 53 54 5 10 38 3 27 6 
31 54 50 48 45 43 26 63 53 57 18 7 25 1 5 64 56 3 61 24 52 51 42 8 11 4 59 29 14 36 55 47 39 10 13 22 35 6 23 2 60 27 38 49 33 41 17 62 12 20 9 30 19 40 32 44 15 28 46 37 16 21 34 58 
56 49 52 21 34 23 6 1 47 45 8 15 51 50 58 31 9 10 41 43 19 22 12 16 57 2 28 13 38 27 54 60 55 17 64 44 36 30 29 62 20 53 48 59 26 32 46 40 61 18 5 24 39 3 63 37 35 14 11 4 7 33 42 25 
49 30 5 50 35 64 11 20 2 7 45 28 4 18 26 53 48 27 56 29 51 52 19 23 34 40 31 24 15 41 10 58 14 47 1 12 13 62 54 9 39 3 8 38 37 57 6 46 17 32 61 25 63 21 33 22 16 59 43 42 60 55 36 44 
17 51 12 53 9 15 48 27 29 33 40 55 43 10 64 11 34 25 6 18 61 21 47 7 28 30 54 60 32 2 56 4 8 22 24 19 31 38 5 16 41 62 42 14 52 44 63 36 35 39 59 3 50 46 13 20 45 57 1 26 49 58 37 23 
37 16 18 44 63 62 21 2 56 59 36 42 9 31 38 6 57 35 43 20 41 39 15 13 45 19 51 17 11 50 29 61 32 52 4 27 49 7 55 28 25 60 47 22 1 54 58 26 53 12 40 48 14 10 8 23 46 5 24 3 34 64 33 30 
14 56 23 1 36 34 42 31 8 25 22 50 47 37 41 57 53 38 32 28 30 12 9 64 62 59 27 55 39 52 3 35 60 29 58 46 44 21 6 11 33 18 5 24 20 49 19 48 4 43 15 16 45 2 54 26 51 13 7 40 63 10 61 17 
24 29 61 41 59 55 22 26 13 1 48 12 14 54 30 58 50 16 44 10 17 46 40 5 43 38 64 49 42 53 20 25 37 45 3 63 51 33 18 34 31 21 32 27 23 9 15 7 47 60 52 56 6 57 36 11 8 4 19 28 62 2 39 35 
52 10 57 40 19 13 32 33 23 3 20 63 5 15 61 39 36 49 26 22 54 60 55 11 48 46 8 9 1 7 44 21 56 50 17 2 41 42 35 25 43 16 4 12 64 59 51 45 28 30 24 62 38 37 34 58 29 53 31 27 6 18 14 47 
8 25 43 54 4 6 28 3 60 24 32 51 44 16 52 46 62 63 1 45 37 58 31 59 18 33 22 14 26 47 57 23 30 15 39 48 64 36 40 10 34 11 53 35 2 17 13 61 7 55 29 27 49 42 19 5 38 41 20 21 50 9 56 12 
7 47 38 46 39 58 45 60 49 17 21 35 27 19 62 34 3 24 8 42 14 4 2 33 6 13 16 37 36 63 5 12 61 53 20 26 43 59 57 23 10 29 55 40 56 28 30 50 1 64 51 41 9 18 44 31 25 52 15 48 22 32 11 54 
42 60 48 6 12 33 58 13 43 54 52 18 46 29 57 45 16 39 20 26 56 32 59 49 8 22 3 11 4 28 24 40 31 64 27 61 10 23 53 63 38 7 14 55 35 19 34 2 62 50 1 44 37 9 47 30 17 21 25 41 51 15 5 36 
11 36 22 45 8 4 7 57 35 12 41 10 59 60 25 1 24 47 21 63 18 62 6 29 9 64 55 27 2 54 33 32 38 39 14 42 50 37 13 48 56 51 44 53 16 20 52 5 26 19 28 15 34 31 17 49 40 30 61 58 43 46 23 3 
51 31 27 3 54 26 30 23 62 49 63 36 8 38 53 50 42 61 12 46 33 34 11 55 37 48 52 5 44 60 59 17 28 57 21 7 18 35 25 22 58 15 39 47 41 1 43 64 6 2 14 40 10 56 16 29 20 24 45 13 9 4 19 32 
9 46 35 49 38 29 56 59 28 14 64 5 40 20 11 37 54 15 48 8 7 2 60 53 47 43 61 63 18 13 6 19 58 33 34 30 12 1 17 32 4 25 21 62 45 10 26 3 51 23 55 36 22 41 27 24 42 16 44 31 39 52 50 57 
16 37 47 55 41 18 53 25 51 30 7 33 15 34 2 19 31 13 57 5 9 17 64 14 56 58 42 39 29 38 45 50 54 44 43 24 62 60 4 40 36 28 11 63 46 23 59 27 48 21 32 52 61 20 3 35 6 49 26 22 12 1 8 10 
10 32 1 2 44 19 15 64 3 13 27 24 17 58 22 47 51 4 52 23 40 43 50 38 14 57 41 53 20 21 34 16 45 59 56 9 8 26 36 55 48 31 6 29 49 30 61 42 39 5 12 46 11 54 25 18 7 33 63 35 37 60 62 28 
43 50 14 34 5 21 61 24 4 26 23 56 39 44 6 9 25 58 28 41 45 10 1 19 15 36 46 51 62 30 35 31 47 16 11 52 20 3 49 29 32 37 40 13 57 22 12 17 42 33 38 7 59 8 60 63 55 64 48 18 27 54 53 2 
62 39 28 63 40 52 20 17 21 31 55 16 48 42 32 61 27 22 37 3 35 44 30 36 12 23 1 10 25 49 26 7 6 46 2 5 15 51 19 41 50 8 33 60 54 18 9 24 57 4 43 58 64 13 45 53 59 38 14 47 11 34 29 56 
################proper############## 

 average_time = 23.009558 

 success runs = 1 

 total average iters = 705555.000000 
