Success!!! 
 
 max_col = 
 64 
 
 run_time = 
 16.158862 
 
 once iters = 
 500481 
 
17 58 3 39 2 14 22 34 61 6 25 1 57 30 33 63 27 5 55 13 47 18 43 49 35 59 56 48 42 60 41 37 26 50 44 62 9 51 32 38 19 16 24 15 10 4 40 46 64 53 8 7 54 36 21 12 29 45 23 20 28 31 52 11 
27 21 8 54 13 11 44 18 43 40 56 15 59 37 60 24 6 7 14 33 52 3 50 4 45 23 12 22 64 53 49 25 35 28 41 30 61 48 31 34 39 47 1 36 20 42 55 38 57 17 46 58 9 29 63 26 5 51 2 19 16 62 32 10 
43 63 47 26 45 49 42 28 54 27 38 4 53 62 5 58 30 61 2 15 41 10 22 32 8 50 51 13 11 31 9 1 18 46 7 14 36 16 24 39 64 3 29 35 44 6 52 12 60 19 59 56 48 55 23 20 21 40 37 33 34 57 17 25 
15 7 53 50 29 4 62 57 20 42 41 23 46 31 47 18 45 51 28 48 16 26 60 35 63 44 38 40 55 10 52 58 1 37 13 5 64 49 19 2 59 8 34 25 17 11 21 27 6 61 3 32 24 39 33 22 14 36 12 9 30 54 56 43 
52 30 1 36 25 31 48 38 19 35 22 39 21 13 64 14 44 9 34 29 40 24 37 58 4 20 46 61 54 15 28 32 11 17 12 63 60 53 10 47 33 45 62 56 57 41 23 26 43 50 27 42 2 51 16 5 7 59 49 8 18 55 6 3 
5 10 19 41 16 35 20 40 48 26 32 51 11 3 28 29 64 12 8 53 59 56 1 46 34 24 21 36 17 2 14 6 27 23 33 22 55 52 57 45 7 31 58 9 60 54 43 49 30 37 62 4 44 47 18 25 13 63 42 50 15 61 39 38 
9 51 6 55 64 61 24 56 2 12 45 17 16 10 8 49 20 36 38 25 57 23 63 39 7 27 30 33 29 18 62 19 54 42 3 21 43 40 4 59 13 5 53 22 50 37 32 28 1 52 15 34 31 35 11 14 46 48 41 26 47 58 60 44 
23 46 12 37 32 60 33 59 44 52 55 50 34 9 36 7 42 62 54 17 31 21 11 19 47 43 57 3 5 26 39 16 20 6 58 8 29 15 25 56 51 14 18 63 61 48 30 2 40 13 10 38 28 45 41 49 53 24 4 64 1 35 22 27 
2 4 41 21 58 13 7 25 59 62 17 12 43 60 53 33 63 10 44 35 22 14 39 24 36 49 64 15 19 57 42 30 50 40 11 16 5 61 1 52 32 20 8 3 34 51 37 54 46 31 38 48 29 9 45 27 6 47 55 28 56 18 26 23 
45 27 34 1 46 56 5 31 42 55 28 36 54 40 35 21 12 23 4 38 3 33 64 18 60 41 48 9 13 11 53 62 22 14 39 20 8 32 58 63 24 17 15 43 26 10 47 44 19 51 16 6 59 49 52 2 57 7 29 61 37 25 30 50 
64 33 11 47 30 52 26 22 13 32 24 58 20 51 10 1 50 27 21 61 53 46 59 7 29 35 43 16 44 40 3 45 48 49 56 23 34 37 42 15 9 41 60 6 5 25 14 31 18 28 4 57 36 8 55 62 54 38 19 12 39 17 2 63 
39 38 32 14 62 24 49 12 11 46 9 37 47 18 16 25 17 2 51 5 30 48 26 60 23 63 34 4 21 33 61 28 44 10 45 29 6 43 53 19 55 22 35 57 58 7 64 50 54 56 40 13 42 41 3 15 8 20 59 31 36 52 27 1 
44 17 16 3 8 6 18 61 29 38 48 34 52 49 30 26 19 54 58 31 28 1 13 57 22 5 25 7 47 14 50 27 62 41 55 12 24 4 59 35 23 56 33 42 36 2 63 11 53 60 20 37 64 21 32 39 51 10 46 43 40 9 15 45 
20 37 63 29 50 15 9 43 7 14 61 64 5 27 19 39 47 8 56 45 6 11 41 42 18 17 59 55 52 51 2 31 38 60 36 25 57 13 3 54 16 46 40 48 28 53 12 1 10 26 44 23 22 58 34 30 32 21 62 49 33 4 35 24 
55 53 40 35 48 59 23 36 6 3 44 2 56 45 57 8 15 32 52 49 37 62 9 43 54 58 20 12 1 46 10 38 28 30 47 51 26 31 18 17 21 19 27 4 13 61 29 39 7 25 33 50 63 11 14 24 16 22 34 60 64 41 42 5 
57 28 42 60 10 51 54 19 63 23 15 22 50 41 4 31 55 29 40 16 36 20 25 34 39 26 32 24 56 37 6 8 64 21 2 33 7 9 27 46 45 30 38 59 52 49 18 62 35 47 12 1 43 5 61 17 58 14 53 3 11 44 48 13 
50 8 59 49 63 21 31 42 64 61 16 56 25 23 34 60 36 40 47 55 27 7 62 28 43 3 6 46 2 22 20 39 12 45 24 37 15 10 9 58 41 4 32 54 38 19 53 13 5 11 1 44 26 30 48 33 35 17 52 57 51 29 14 18 
61 18 30 33 20 36 27 26 41 45 6 19 13 15 49 62 29 22 43 21 4 35 34 64 31 56 11 42 50 28 44 24 7 8 51 46 63 17 54 32 57 23 47 55 59 9 5 52 39 14 25 12 10 60 38 37 2 58 3 16 53 48 1 40 
28 13 24 34 5 17 40 51 12 2 57 11 36 20 1 37 9 38 18 19 46 32 6 26 52 25 62 53 58 30 4 23 61 48 59 64 39 3 14 50 15 49 22 10 56 44 8 63 45 41 29 31 47 43 35 16 42 60 33 54 7 27 21 55 
25 60 48 23 37 9 38 11 52 7 39 10 33 58 29 46 1 17 53 51 44 63 56 45 41 15 5 54 12 32 64 14 19 47 18 26 42 27 36 22 28 61 6 2 16 35 3 34 49 8 57 21 40 59 20 55 4 50 30 24 13 43 62 31 
12 57 45 19 3 47 56 44 35 30 31 54 51 55 14 48 60 15 16 42 2 50 33 11 37 18 49 27 36 17 59 7 5 38 25 52 4 41 13 21 1 24 20 40 39 43 26 29 9 58 53 62 6 32 28 34 22 64 8 63 23 10 46 61 
62 64 4 10 43 29 58 16 27 17 8 3 28 59 63 32 13 24 41 52 25 54 5 20 40 9 55 1 60 61 26 51 2 35 49 53 11 57 34 31 30 37 14 33 7 21 48 36 56 46 23 22 18 15 42 50 45 39 6 38 12 19 44 47 
22 52 35 15 1 41 53 32 40 18 21 9 24 44 50 4 14 39 3 59 10 30 12 31 19 57 47 63 48 38 8 33 56 55 43 6 28 29 16 23 58 62 51 27 45 46 60 42 61 36 64 2 7 13 17 54 49 26 11 37 25 20 5 34 
7 6 55 2 14 39 46 54 26 22 53 47 42 5 43 38 49 48 23 57 8 58 61 37 21 29 45 10 16 35 34 13 60 20 30 40 1 44 62 33 18 12 50 11 25 17 31 64 51 3 63 24 4 52 27 19 36 56 32 15 59 28 41 9 
56 39 9 7 61 22 50 45 37 43 12 49 63 11 21 52 5 30 33 18 19 41 55 27 57 6 36 64 8 59 13 35 47 25 14 4 40 26 2 44 31 15 28 58 3 20 38 23 32 29 48 16 62 34 54 60 10 1 24 46 42 53 51 17 
59 36 20 30 40 38 29 10 51 48 46 61 35 47 54 53 37 4 13 1 11 16 31 17 62 28 9 18 49 3 27 55 58 24 22 15 50 42 43 60 26 63 56 52 64 34 57 32 12 23 7 25 41 33 6 21 19 2 14 44 5 8 45 39 
3 14 28 18 47 44 63 24 34 10 50 55 29 57 27 40 32 59 35 26 15 2 58 53 30 7 42 51 39 12 54 60 17 9 62 45 37 1 33 41 25 48 16 46 8 13 19 6 31 20 61 5 52 22 4 64 11 23 38 36 43 56 49 21 
42 12 51 57 11 32 16 8 62 24 1 60 64 17 13 59 52 50 36 7 21 9 46 61 10 4 2 14 23 48 63 22 39 54 31 49 3 18 56 55 27 33 5 29 41 30 45 35 28 38 19 26 53 44 37 43 15 34 25 47 6 40 20 58 
60 34 26 25 27 1 21 46 5 31 58 38 45 36 23 6 8 42 12 62 48 57 14 63 17 40 33 44 24 47 32 11 53 51 28 35 20 19 7 16 4 55 59 49 37 50 54 43 2 39 56 3 15 10 30 18 9 41 22 13 61 64 29 52 
31 15 43 48 33 2 6 41 39 4 14 32 44 16 56 19 3 34 49 20 60 51 40 25 26 53 37 58 38 52 45 5 29 64 57 11 21 23 8 61 62 36 10 17 9 1 22 7 55 24 35 47 13 46 50 42 12 28 54 30 27 63 18 59 
13 19 58 64 4 53 55 5 28 33 7 18 9 42 3 15 23 43 10 47 54 6 38 22 50 34 29 56 20 41 25 21 59 12 27 48 30 46 52 36 44 40 39 61 2 24 11 60 8 63 14 45 49 17 1 51 62 32 26 35 31 37 16 57 
54 49 62 52 17 23 37 35 30 41 20 25 8 2 26 22 28 64 29 44 24 39 45 56 46 1 61 43 31 16 19 15 13 34 6 32 38 5 63 10 12 53 42 47 21 18 51 14 36 40 9 11 57 27 58 59 55 4 50 48 60 33 3 7 
24 31 27 63 52 20 57 48 25 11 4 5 32 28 46 35 26 41 1 23 39 37 44 30 16 51 40 8 10 54 29 9 15 58 61 60 47 34 12 13 17 2 64 19 33 22 49 18 14 21 43 53 38 62 56 45 59 6 7 55 50 3 36 42 
53 61 14 45 56 25 35 15 3 37 36 59 41 7 55 54 33 18 50 32 12 8 21 51 13 39 19 57 43 44 47 49 63 22 5 1 46 62 6 42 40 9 26 20 24 16 28 58 4 2 17 52 23 64 31 29 27 30 48 10 38 11 34 60 
16 50 2 38 34 46 41 49 58 21 29 45 10 1 39 12 24 60 17 22 62 64 28 54 25 32 14 11 27 55 35 3 30 57 40 43 18 56 26 53 42 52 63 8 23 31 36 4 20 7 13 33 5 48 59 6 61 19 9 51 44 47 37 15 
19 47 44 40 9 8 64 21 23 16 60 43 27 38 22 61 31 52 6 34 20 5 57 55 56 33 63 2 18 36 15 46 41 29 50 54 48 11 17 4 14 39 7 30 32 62 13 59 42 10 37 51 12 3 49 28 24 25 58 45 35 1 53 26 
33 55 17 11 18 7 4 3 8 57 26 13 6 24 31 56 59 35 42 14 49 19 2 36 5 30 52 38 45 58 23 53 21 44 37 27 32 64 28 25 43 50 48 51 47 15 61 10 34 16 54 9 60 1 39 40 63 62 20 29 41 46 12 22 
36 5 23 51 42 10 59 13 50 15 33 44 48 34 9 30 4 11 7 58 56 53 16 38 1 22 28 62 6 20 12 64 14 39 52 31 35 2 55 49 3 21 45 41 29 60 46 37 25 27 24 61 19 63 26 47 43 57 18 17 8 32 40 54 
26 32 29 28 22 30 12 39 49 47 62 40 14 52 18 64 61 63 46 43 45 13 10 15 48 42 7 60 37 34 24 17 51 59 9 3 19 8 38 20 54 57 25 1 53 27 6 5 11 35 58 36 55 50 44 41 56 33 16 21 4 23 31 2 
58 1 37 62 54 43 60 6 53 20 51 63 17 19 2 42 25 3 48 27 9 29 47 40 61 21 41 59 4 50 31 26 45 16 10 36 33 7 23 24 35 44 11 38 12 55 34 56 22 57 32 15 30 18 46 8 28 13 5 52 14 39 64 49 
32 25 38 17 31 58 8 23 55 49 3 21 39 53 11 44 62 6 60 54 63 36 30 2 59 47 24 26 51 19 7 12 16 27 48 57 13 22 45 28 46 43 41 64 42 5 4 20 15 1 52 35 50 40 10 9 18 37 61 34 29 14 33 56 
6 9 54 56 53 34 1 55 4 8 64 46 22 33 37 50 38 57 15 24 58 40 35 47 2 62 27 5 41 23 11 10 31 36 42 17 51 63 29 18 60 32 30 13 48 26 44 61 16 45 21 43 14 7 25 3 52 49 28 39 19 12 59 20 
21 11 60 4 49 3 47 63 45 28 59 24 26 56 51 41 7 44 27 10 14 42 20 5 15 13 39 17 30 1 16 54 40 61 35 19 2 33 37 9 52 25 55 62 6 58 50 22 38 48 34 18 46 12 29 31 64 43 57 23 32 36 8 53 
29 45 33 61 36 50 15 7 32 58 40 27 30 12 38 34 53 31 22 64 13 52 51 3 9 8 18 28 25 6 43 57 49 5 1 10 59 39 60 26 56 35 21 37 11 14 2 47 63 42 55 19 20 23 24 44 41 46 17 62 54 16 4 48 
48 43 52 22 26 12 19 64 9 1 42 20 23 35 61 13 16 21 32 28 18 49 4 41 33 31 50 34 46 29 58 63 25 62 53 24 44 47 30 14 38 59 17 39 54 36 7 51 37 5 60 8 27 56 57 11 40 3 15 2 55 45 10 6 
40 35 46 24 57 27 51 14 36 29 2 31 62 43 48 5 39 55 45 56 1 61 19 59 3 37 44 52 22 64 38 20 6 4 15 50 12 58 41 7 49 10 23 34 18 8 9 16 33 54 26 17 32 28 47 53 60 11 21 42 63 13 25 30 
18 41 10 20 59 5 13 30 47 19 63 6 60 14 7 16 43 25 26 37 33 17 29 23 42 48 4 21 32 45 55 61 52 3 46 34 56 54 11 8 53 1 57 28 31 12 15 40 62 64 22 49 39 2 51 36 50 9 44 27 58 24 38 35 
37 42 39 44 28 16 2 62 15 25 10 57 18 54 52 17 11 46 9 12 50 34 48 8 53 36 60 35 14 49 56 40 43 32 20 55 23 38 21 64 29 27 3 45 19 63 33 24 59 4 41 30 58 6 13 61 26 31 1 7 22 5 47 51 
8 56 50 43 35 40 11 33 46 5 18 48 2 61 41 45 21 58 64 30 17 31 32 16 12 54 53 39 3 25 37 47 24 13 63 59 52 28 51 27 20 29 36 7 49 57 62 55 26 15 42 14 34 38 9 23 1 44 60 22 10 6 19 4 
49 2 36 53 60 57 17 47 38 64 43 8 19 6 15 28 48 45 39 50 61 22 42 1 27 55 13 30 9 4 51 29 10 33 32 44 62 25 5 40 63 54 37 26 46 52 59 21 41 18 11 20 56 16 12 7 3 35 31 58 24 34 23 14 
41 22 21 12 7 54 10 1 31 56 23 29 37 32 25 51 2 20 62 46 55 4 52 44 38 60 35 19 59 42 48 36 57 15 34 9 14 50 39 30 11 64 43 16 27 45 24 8 58 6 47 40 3 53 5 63 17 61 13 18 26 49 28 33 
4 29 64 59 44 42 45 58 57 50 13 7 3 26 24 11 10 33 19 36 23 47 53 9 28 14 1 32 61 8 46 34 37 2 21 41 17 20 49 48 6 38 31 18 22 56 35 25 27 43 30 55 51 54 60 52 39 16 40 5 62 15 63 12 
34 16 15 6 39 26 14 27 60 9 35 53 49 63 44 55 54 37 11 3 38 28 24 29 20 10 23 31 57 62 40 2 42 1 19 18 22 36 46 12 50 58 13 5 51 47 41 33 17 32 45 59 61 4 8 48 25 52 43 56 21 30 7 64 
30 48 18 5 24 28 61 52 1 59 34 33 58 4 20 47 41 26 25 60 35 15 27 14 11 45 22 50 63 43 17 56 55 31 54 7 16 6 64 3 10 42 44 12 40 23 39 19 13 49 2 29 21 37 62 57 38 8 36 53 46 51 9 32 
51 20 25 31 23 19 3 37 14 39 54 52 40 22 62 27 34 13 63 8 7 59 18 12 6 16 15 49 26 5 21 44 4 43 38 56 58 60 35 11 48 28 61 53 30 32 17 9 50 33 36 10 1 24 64 46 47 42 45 41 57 2 55 29 
63 62 13 46 38 55 32 9 16 36 30 42 12 21 17 10 51 56 57 40 5 43 49 6 24 64 58 41 33 7 18 52 8 26 23 47 53 45 61 29 34 60 2 14 4 3 1 15 44 22 39 28 25 31 19 35 48 54 27 59 20 50 11 37 
35 3 22 16 55 33 39 4 10 53 5 28 61 64 32 9 46 14 20 63 26 25 17 48 44 11 54 45 62 27 36 59 23 7 60 2 49 24 50 51 37 18 12 21 43 40 58 57 47 30 31 41 8 42 15 1 34 29 56 6 52 38 13 19 
10 54 5 8 12 48 52 53 18 34 11 30 31 25 6 3 58 16 59 2 42 60 15 21 32 61 17 20 35 24 1 43 36 63 29 38 45 55 47 62 22 51 19 44 14 28 56 41 23 9 50 39 37 26 40 13 33 27 64 4 49 7 57 46 
46 24 56 9 41 64 28 2 21 63 49 14 4 50 59 57 18 19 37 39 43 44 23 10 55 12 8 29 40 13 33 48 32 53 16 42 31 35 22 1 36 6 54 60 15 38 25 17 52 34 51 27 45 20 7 58 30 5 47 11 3 26 61 62 
38 23 31 42 51 18 36 60 33 54 37 41 1 8 45 43 40 47 30 6 29 55 3 13 49 52 26 25 7 9 22 50 34 56 17 28 27 21 15 57 61 11 46 32 63 39 20 48 24 62 5 64 35 19 53 4 44 12 10 14 2 59 58 16 
11 26 49 13 21 45 30 29 22 44 47 35 38 39 12 36 56 53 24 41 64 27 54 62 14 19 16 37 34 63 57 4 46 18 8 58 25 59 20 5 2 7 52 31 1 33 10 3 48 55 6 60 17 61 43 32 23 15 51 40 9 42 50 28 
47 40 61 27 15 63 34 17 24 60 52 62 7 29 42 20 57 1 31 4 51 45 36 33 58 38 10 23 53 21 5 18 9 19 64 13 54 14 44 6 8 26 49 50 35 59 16 30 3 12 28 46 11 25 2 56 37 55 39 32 48 22 43 41 
14 59 7 32 6 37 25 50 17 51 19 16 55 48 58 2 35 28 61 9 34 38 8 52 64 46 31 47 15 56 30 42 3 11 26 39 41 12 40 43 5 13 4 23 62 29 27 53 21 44 49 54 33 57 22 10 20 18 63 1 45 60 24 36 
1 44 57 58 19 62 43 20 56 13 27 26 15 46 40 23 22 49 5 11 32 12 7 50 51 2 3 6 28 39 60 41 33 52 4 61 10 30 48 37 47 34 9 24 55 64 42 45 29 59 18 63 16 14 36 38 31 53 35 25 17 21 54 8 
################proper############## 

 average_time = 16.158862 

 success runs = 1 

 total average iters = 500481.000000 
