Success!!! 
 
 max_col = 
 64 
 
 run_time = 
 5.718819 
 
 once iters = 
 65737 
 
13 63 23 30 12 46 6 44 48 53 34 37 1 25 60 10 32 52 19 3 15 49 29 24 11 61 58 40 59 4 50 51 35 57 14 42 41 39 8 56 47 17 2 54 36 33 5 7 43 28 31 22 9 55 26 18 21 38 64 45 62 16 20 27 
48 10 57 62 24 40 15 28 55 47 7 61 63 31 11 54 26 4 46 39 33 56 18 45 20 2 42 23 16 5 25 41 53 49 6 60 32 34 51 1 59 64 22 30 50 58 44 43 13 17 3 38 29 27 21 52 37 9 19 12 36 8 35 14 
60 27 42 8 5 33 52 3 41 18 9 36 59 14 64 24 20 16 22 47 1 34 63 35 32 28 45 17 37 26 49 31 55 21 2 15 44 13 10 40 25 61 12 39 4 62 38 57 54 19 48 11 53 7 56 30 58 46 29 51 6 23 50 43 
37 9 55 38 14 43 59 19 29 35 23 39 16 20 12 3 57 10 51 44 21 42 61 11 33 47 60 54 18 64 27 8 17 45 26 24 30 7 58 48 53 31 56 1 49 52 13 15 50 32 36 62 25 6 46 4 40 28 41 63 2 34 22 5 
56 54 25 11 4 35 2 58 27 46 50 32 38 5 40 42 53 43 17 13 6 28 41 55 52 57 10 15 62 48 63 34 64 22 31 61 37 23 36 16 19 21 45 26 51 29 9 20 60 8 12 39 44 14 33 49 18 30 47 59 24 1 3 7 
61 26 34 41 17 36 21 39 57 51 43 62 52 19 45 2 48 58 50 31 8 27 54 25 30 9 3 22 44 46 1 7 18 59 12 29 33 38 63 28 60 16 6 23 32 55 14 24 5 37 47 40 35 20 10 64 15 11 56 42 13 4 49 53 
64 29 51 47 16 22 20 18 44 56 28 58 49 4 33 26 59 30 14 23 5 60 7 40 38 13 35 36 6 21 53 12 50 54 19 46 25 62 43 9 27 37 8 63 3 48 11 34 42 1 24 57 2 15 45 41 39 32 17 31 10 52 61 55 
32 31 53 49 50 45 7 1 8 30 21 6 22 15 13 17 64 62 38 36 2 37 12 9 55 14 39 19 29 56 24 43 4 11 27 20 5 52 47 3 28 41 10 46 18 35 40 42 23 59 61 16 63 58 34 51 33 60 57 44 48 26 25 54 
47 28 1 36 3 50 53 35 32 31 17 46 18 52 7 56 27 37 63 12 16 55 34 15 23 54 11 43 51 60 48 62 5 44 64 10 40 61 19 41 39 49 26 57 8 22 21 59 9 45 2 14 4 42 25 20 13 24 33 30 38 58 6 29 
23 33 2 5 39 59 48 13 10 55 62 38 60 9 35 21 45 14 6 64 40 26 24 57 4 36 1 44 61 15 34 25 29 3 58 51 17 56 42 52 32 53 54 12 7 31 27 30 22 47 46 18 41 50 43 8 28 37 20 16 49 19 11 63 
19 32 60 31 55 29 64 34 11 20 37 63 3 28 48 22 10 41 58 52 42 2 30 53 50 17 56 14 21 40 6 13 9 24 7 49 57 8 12 18 44 45 36 47 5 43 62 61 1 23 33 15 38 54 16 27 35 4 26 39 51 46 59 25 
25 21 18 10 42 9 8 51 30 50 58 59 27 16 14 13 39 32 44 19 54 48 23 36 37 46 12 20 63 45 3 53 60 62 47 1 43 4 33 34 6 29 11 38 40 24 2 41 28 49 26 64 31 35 57 61 52 15 7 22 5 56 55 17 
41 24 6 44 61 27 16 46 42 2 5 53 34 47 57 23 1 38 4 49 9 13 22 59 8 31 29 33 64 52 7 58 11 14 20 36 54 15 26 37 55 25 60 28 63 19 18 35 48 51 30 17 39 32 12 56 43 3 45 50 40 62 21 10 
11 45 30 57 56 20 43 37 4 26 40 51 15 54 41 1 61 60 21 5 46 18 35 17 10 16 9 59 49 19 39 24 28 6 25 22 63 2 38 50 3 23 64 33 34 14 48 58 29 52 13 53 36 62 7 55 27 47 12 8 32 42 44 31 
40 49 58 22 52 62 14 38 43 8 45 64 12 44 24 6 11 29 20 7 25 33 51 28 57 26 2 27 47 18 32 30 48 55 16 31 39 53 21 35 46 4 13 42 56 50 15 17 59 34 37 19 5 63 3 10 54 61 36 23 9 60 1 41 
15 4 54 12 7 26 17 63 19 36 61 49 39 33 29 25 56 50 3 8 62 47 31 43 28 38 5 42 55 41 22 35 27 32 13 45 46 30 59 23 37 10 20 52 16 9 1 51 58 44 21 6 24 40 60 11 14 64 48 18 34 53 2 57 
30 62 21 58 34 6 56 45 23 37 32 47 5 17 54 8 15 7 49 35 26 31 46 39 51 55 20 64 24 1 14 4 40 41 61 11 52 12 48 42 16 2 33 22 10 18 28 36 57 27 25 3 59 44 19 9 63 13 38 29 50 43 53 60 
27 44 37 33 51 2 3 24 18 1 4 25 46 10 62 29 60 11 30 6 45 41 9 47 17 5 61 57 40 28 35 22 58 13 59 19 21 43 50 36 26 34 15 8 48 53 63 31 20 64 42 23 12 49 38 7 55 56 39 14 16 54 52 32 
55 14 17 64 36 31 32 60 20 22 38 35 45 24 3 51 16 1 13 40 52 62 2 19 54 10 43 25 26 9 41 42 56 47 28 30 18 29 44 49 12 7 5 11 61 6 59 21 63 39 34 4 50 53 58 37 48 27 46 33 8 57 15 23 
5 11 48 39 47 19 26 22 31 33 16 28 57 55 27 61 38 42 53 29 64 43 17 14 56 15 34 12 50 6 30 49 23 7 46 37 62 35 9 63 58 54 52 25 20 32 4 44 36 18 60 45 13 8 51 21 10 2 59 1 3 40 41 24 
54 53 12 43 23 63 42 29 64 49 52 9 50 41 2 7 58 5 59 28 57 32 21 10 47 44 8 18 11 27 13 45 34 25 17 39 3 20 14 22 1 55 38 24 60 37 19 40 33 46 16 31 30 56 48 15 36 26 51 62 61 35 4 6 
1 15 40 52 8 10 4 9 39 11 13 42 43 60 36 30 44 48 56 37 34 51 50 27 63 21 46 7 19 59 33 38 32 31 53 26 16 6 2 45 23 3 49 14 29 57 35 62 24 55 17 61 47 41 54 22 20 5 18 25 58 64 28 12 
7 13 49 28 20 38 25 61 21 59 48 14 19 56 58 12 55 63 24 18 22 23 8 54 53 29 36 2 3 31 16 39 10 33 57 5 15 60 1 4 30 27 41 50 17 46 51 64 32 62 35 43 40 26 52 6 11 34 42 9 45 37 47 44 
46 18 16 59 35 57 50 41 15 40 63 26 44 6 34 53 33 61 12 4 20 36 25 3 62 32 37 48 58 23 60 52 54 38 55 8 24 51 27 64 13 39 47 45 43 42 56 9 2 29 11 10 28 5 14 1 31 49 21 19 17 22 7 30 
29 58 3 24 21 51 62 43 38 28 60 31 61 13 23 18 4 46 37 57 12 6 33 50 2 8 15 11 7 20 45 48 36 30 52 47 35 26 22 54 56 44 9 59 14 25 39 49 34 63 27 32 10 1 42 5 53 41 16 64 55 17 19 40 
2 5 63 48 27 12 30 7 26 19 46 22 54 11 53 33 49 44 52 9 41 38 13 62 1 51 31 3 23 32 29 21 24 39 10 16 14 42 61 15 35 57 55 17 47 34 64 50 45 56 58 60 6 43 40 59 25 18 4 36 37 20 8 28 
10 39 14 23 40 52 1 57 47 58 25 48 6 37 9 36 29 59 43 2 17 54 60 18 27 33 4 26 30 42 55 16 41 5 34 21 13 64 53 38 45 11 46 15 22 63 20 28 7 31 44 49 3 19 8 62 61 12 35 32 56 50 24 51 
17 38 50 35 45 25 31 56 49 5 10 34 8 43 55 57 21 20 7 53 39 61 26 22 13 52 63 9 12 62 28 46 37 18 33 40 59 32 6 51 36 30 19 4 58 60 41 3 15 48 54 2 64 11 24 16 29 42 27 47 23 44 14 1 
18 55 44 34 49 37 13 42 3 12 29 52 40 50 59 4 25 8 15 30 10 64 1 48 14 24 53 35 60 57 56 54 62 19 63 28 2 31 7 46 51 33 32 27 38 26 16 23 47 41 20 9 61 17 39 36 6 21 22 11 43 45 5 58 
16 6 47 61 28 41 36 15 63 21 27 17 30 2 44 32 14 24 42 11 35 58 55 31 64 22 18 50 38 34 19 10 3 4 49 56 60 45 20 8 5 12 43 13 1 40 29 48 37 26 51 25 33 57 53 23 7 52 62 54 46 9 39 59 
26 8 46 19 60 64 11 4 62 45 24 41 56 35 15 20 51 23 40 16 32 5 28 63 61 25 49 47 39 36 37 59 43 9 50 27 58 1 17 44 42 18 7 10 53 54 52 6 30 12 55 21 14 13 22 29 34 57 3 2 33 38 31 48 
9 59 20 32 22 54 33 53 7 42 64 16 14 1 51 39 47 27 34 45 36 3 19 56 41 40 6 5 43 58 44 17 57 48 23 12 11 25 55 29 61 62 21 37 31 2 24 8 38 50 4 35 52 46 18 28 26 63 49 10 30 15 60 13 
31 47 28 20 54 42 23 2 45 38 56 29 62 64 49 5 30 12 35 59 24 10 27 34 36 58 7 52 33 3 40 37 21 46 22 43 8 55 4 53 17 32 16 48 57 11 60 25 6 61 15 63 51 9 41 14 50 44 13 26 1 39 18 19 
59 46 19 60 58 16 61 30 33 54 14 24 11 39 42 31 36 49 48 22 28 8 52 64 44 27 55 32 13 17 18 57 15 56 41 50 34 40 3 5 29 51 53 7 6 1 47 12 26 35 43 37 20 38 2 25 9 62 23 4 63 10 45 21 
3 56 33 17 26 39 40 12 52 25 22 19 7 36 63 41 62 13 31 55 50 29 6 16 9 11 47 28 1 30 15 61 45 27 51 23 48 10 35 32 64 20 14 5 54 59 42 37 53 4 18 46 49 21 44 24 8 43 60 38 57 2 58 34 
21 52 9 53 29 32 22 48 58 4 8 12 26 57 6 15 37 40 18 1 3 17 43 42 31 45 54 38 34 35 46 23 63 36 60 44 19 14 62 47 2 28 61 41 24 10 55 39 56 5 50 7 16 30 27 13 49 33 25 20 11 59 51 64 
63 43 13 50 44 8 51 27 2 17 35 3 53 40 32 28 7 33 11 38 4 39 5 20 6 48 59 41 25 24 26 19 42 61 54 52 49 18 57 30 9 15 34 56 21 23 46 22 62 10 45 1 60 64 31 58 47 55 14 37 12 29 16 36 
34 7 45 18 62 11 37 5 60 27 1 55 21 23 43 9 41 2 61 56 51 57 15 46 42 12 50 16 4 29 10 14 59 64 24 17 20 58 25 6 52 63 44 49 26 38 31 13 39 36 28 8 19 33 47 32 30 54 53 40 35 3 48 22 
14 41 10 4 6 24 55 49 46 16 44 30 47 48 18 34 9 21 25 26 19 63 53 60 22 39 51 8 20 43 64 56 33 1 38 13 12 37 28 2 50 36 58 35 62 27 3 45 11 54 59 29 57 23 17 40 5 31 61 15 42 7 32 52 
38 57 36 1 25 15 35 64 50 10 59 13 51 61 20 37 23 54 47 32 44 45 14 58 49 60 21 62 53 63 2 5 31 26 9 7 29 16 39 11 43 40 18 19 30 8 33 4 12 22 52 42 34 48 55 3 24 17 6 27 28 41 46 56 
39 50 43 27 64 53 34 25 17 15 55 2 23 38 19 45 52 47 62 61 29 11 59 4 21 20 32 13 46 37 5 40 26 63 3 41 7 48 54 31 33 42 51 16 12 28 8 56 14 9 6 58 22 60 36 44 57 1 30 49 18 24 10 35 
33 3 38 15 37 61 58 23 36 32 47 8 31 22 39 27 46 9 55 48 63 53 56 30 59 64 62 1 42 49 57 18 20 2 35 6 50 21 29 12 34 19 17 40 25 45 7 10 51 24 41 26 54 52 11 43 44 14 28 60 4 5 13 16 
8 1 35 45 30 56 46 11 12 7 18 33 10 51 5 14 24 22 23 17 60 16 32 26 48 41 38 31 28 39 4 36 44 15 43 55 47 49 64 58 62 59 50 9 37 20 54 52 19 57 63 27 21 3 13 34 2 53 40 6 25 61 29 42 
36 16 22 26 2 55 54 59 13 6 49 57 41 58 61 11 18 19 45 50 38 40 10 1 12 34 27 53 15 47 51 33 8 52 39 9 23 17 30 24 14 5 35 60 44 3 43 29 64 25 7 20 62 4 28 42 32 48 37 56 21 31 63 46 
28 48 7 13 57 49 9 32 37 60 30 21 35 63 16 52 6 3 33 34 14 12 20 44 58 43 25 24 2 22 54 55 51 10 62 18 42 5 46 19 38 26 4 36 39 61 53 47 31 40 29 56 1 45 50 17 64 23 15 41 59 11 27 8 
6 17 41 42 19 5 29 21 56 62 20 54 25 46 4 59 35 15 28 51 31 7 58 2 60 50 30 10 8 44 23 26 14 34 1 32 36 27 40 13 57 48 24 18 11 64 22 63 61 16 49 33 55 12 37 53 3 39 9 43 52 47 38 45 
20 40 4 51 10 14 18 52 24 48 42 44 29 53 50 64 13 57 41 54 43 21 36 37 35 63 17 6 9 16 61 3 22 60 56 38 28 11 45 25 31 1 27 58 15 49 32 46 8 2 39 5 23 59 30 47 19 7 55 34 26 33 12 62 
62 60 24 63 31 44 12 47 9 3 26 40 28 34 1 43 5 64 39 27 49 25 42 8 19 56 14 45 52 7 11 29 16 53 4 33 61 57 37 59 21 13 23 55 41 30 6 2 18 15 32 48 46 10 35 38 51 50 54 58 22 36 17 20 
12 22 61 21 13 28 38 31 40 14 2 56 24 45 47 46 43 34 36 15 53 20 64 23 16 37 48 30 35 25 52 11 49 29 44 57 27 3 32 7 18 58 63 6 42 41 10 19 55 60 62 50 26 39 1 33 59 8 5 17 54 51 9 4 
50 30 59 7 15 60 47 40 34 44 31 10 17 42 25 19 54 28 16 33 27 46 37 6 5 3 24 56 45 14 20 63 1 51 8 4 64 9 18 61 48 35 39 29 2 13 49 53 21 11 38 52 43 36 32 57 62 22 58 55 41 12 23 26 
45 25 26 3 18 4 24 54 28 57 51 43 13 29 52 49 31 39 60 41 48 1 11 5 34 23 22 46 32 38 58 50 47 42 40 62 10 19 15 21 20 8 59 44 9 7 36 55 17 30 53 12 56 37 61 63 16 6 2 35 14 27 64 33 
44 23 5 9 63 48 27 62 6 64 41 7 33 8 22 55 3 17 26 24 18 35 38 12 29 1 19 51 10 2 42 47 25 37 36 59 45 50 31 39 54 43 57 21 52 56 61 16 40 58 14 34 15 28 4 46 60 20 32 13 53 49 30 11 
35 2 32 6 46 17 41 36 53 23 39 1 4 62 30 48 40 56 29 58 13 50 49 52 7 59 33 61 57 8 31 64 12 20 11 54 22 63 60 55 24 14 25 51 45 47 26 27 3 42 9 44 18 16 5 19 38 10 34 21 15 28 43 37 
42 19 29 37 11 1 10 33 35 9 36 50 20 3 21 38 2 55 57 63 59 14 47 32 43 18 41 39 27 54 12 6 52 17 30 58 53 28 16 26 15 60 31 62 23 4 34 5 49 13 22 51 8 24 64 45 56 25 44 46 7 48 40 61 
52 51 8 14 53 34 39 16 54 63 15 27 58 59 37 60 22 45 10 42 7 9 62 61 40 4 26 49 17 55 21 44 13 43 5 2 56 46 41 33 11 50 28 32 64 12 30 38 25 20 23 47 48 29 6 35 1 36 31 24 19 18 57 3 
57 64 56 55 43 58 49 20 5 61 12 11 32 18 26 16 19 25 8 21 30 44 4 51 15 53 28 60 36 13 62 9 6 23 48 35 38 24 34 14 40 22 1 3 46 17 37 33 41 7 10 54 27 31 59 2 45 29 50 52 39 63 42 47 
43 61 11 40 1 21 60 8 51 39 57 23 42 27 10 63 34 6 54 46 58 22 16 33 18 19 44 37 56 50 38 32 7 35 29 25 9 36 5 62 41 24 30 31 13 15 12 14 4 53 64 28 45 47 49 48 17 59 52 3 20 55 26 2 
58 36 15 16 32 23 28 17 59 29 3 20 9 12 38 35 50 53 27 43 11 4 39 41 26 6 52 55 31 10 47 60 19 8 21 48 51 22 13 57 49 56 37 34 33 44 45 1 46 14 5 30 7 2 63 54 42 40 24 61 64 25 62 18 
24 42 39 56 59 47 44 26 14 41 19 4 37 21 31 62 63 35 2 20 61 52 40 49 3 7 64 34 22 12 17 28 30 50 45 53 1 33 23 10 8 6 48 43 27 36 58 18 16 38 57 55 32 25 9 60 46 51 11 5 29 13 54 15 
53 37 64 54 38 30 45 6 22 34 33 5 36 49 28 47 42 31 9 10 23 19 57 13 39 35 16 4 48 51 43 27 2 40 15 14 55 41 52 20 63 46 29 61 59 21 25 11 44 3 1 24 17 18 62 26 12 58 8 7 60 32 56 50 
49 20 27 46 48 7 63 55 16 13 54 18 64 30 17 40 8 51 1 25 37 59 3 29 24 42 57 58 14 61 36 2 39 12 32 34 26 44 56 43 4 9 62 53 35 5 50 60 52 6 19 41 11 22 15 31 23 45 10 28 47 21 33 38 
51 12 31 29 41 13 57 10 1 24 11 45 2 7 56 58 28 36 32 60 47 30 48 38 25 62 23 63 5 33 8 15 46 16 18 3 6 54 49 27 22 52 42 64 55 39 17 26 35 21 40 59 37 61 20 50 4 19 43 53 44 14 34 9 
22 34 62 25 33 3 5 50 61 52 6 15 48 26 8 44 17 18 64 14 55 24 45 7 46 49 13 21 54 53 9 20 38 28 42 63 4 59 11 60 10 47 40 2 19 16 23 32 27 43 56 36 58 51 29 12 41 35 1 57 31 30 37 39 
4 35 52 2 9 18 19 14 25 43 53 60 55 32 46 50 12 26 5 62 56 15 44 21 45 30 40 29 41 11 59 1 61 58 37 64 31 47 24 17 7 38 3 20 28 51 57 54 10 33 8 13 42 34 23 39 22 16 63 48 27 6 36 49 
################proper############## 

 average_time = 5.718819 

 success runs = 1 

 total average iters = 65737.000000 
