Success!!! 
 
 max_col = 
 64 
 
 run_time = 
 26.108144 
 
 once iters = 
 758555 
 
12 16 48 4 42 58 35 20 19 30 36 9 24 26 22 64 7 62 5 33 8 18 31 25 44 28 34 40 51 38 46 15 41 21 47 27 59 1 29 23 61 6 11 49 32 13 53 52 50 14 54 17 3 2 37 57 63 55 56 60 45 10 43 39 
39 19 5 31 49 53 22 30 61 47 29 14 55 38 41 46 27 43 57 60 11 16 24 26 20 13 56 52 10 25 32 37 51 12 15 45 54 7 44 17 63 36 21 62 8 59 3 2 34 40 9 6 35 4 23 48 33 42 18 58 50 28 1 64 
21 45 54 44 59 8 63 61 28 57 62 17 16 11 35 32 20 10 51 15 3 56 50 6 26 36 49 43 22 2 23 7 13 37 9 39 33 48 60 5 18 58 30 55 40 64 47 14 27 24 19 38 12 42 25 1 53 41 29 52 46 31 34 4 
64 7 33 2 26 18 28 47 20 51 3 60 6 56 40 45 49 42 39 21 22 36 48 34 31 12 14 24 53 62 4 41 35 63 30 55 8 57 19 46 29 50 5 9 10 1 17 44 32 61 15 43 52 16 58 59 13 37 54 38 27 11 25 23 
40 25 52 17 55 34 57 60 5 4 18 10 33 21 31 44 2 58 23 29 37 1 13 41 47 50 42 64 48 45 54 27 16 62 24 28 20 6 53 26 39 43 38 46 51 35 15 12 56 36 63 49 8 11 30 22 32 19 3 9 61 14 7 59 
32 3 37 15 41 50 13 23 54 7 53 52 48 2 25 1 30 14 44 64 28 12 40 35 60 29 9 58 63 17 59 55 31 61 42 11 43 49 38 18 19 26 20 22 27 34 56 4 62 47 10 45 39 46 33 51 6 57 8 21 24 16 5 36 
11 24 38 43 9 56 51 29 8 37 15 27 12 49 34 39 59 32 46 17 19 53 61 63 1 35 33 16 6 18 57 30 10 52 14 58 3 50 36 4 45 41 25 23 7 42 60 54 31 21 64 5 55 13 28 20 47 62 40 22 2 48 26 44 
14 6 36 27 10 1 62 46 13 59 23 50 58 42 43 63 38 9 54 45 55 4 47 52 21 19 3 5 8 61 11 39 34 25 40 56 32 64 2 22 24 28 31 33 57 37 16 48 29 44 7 41 53 18 26 60 20 30 12 15 49 51 17 35 
63 47 17 41 16 49 58 53 3 22 54 45 28 40 10 18 13 60 56 30 48 61 33 29 27 11 57 9 46 35 8 52 50 6 5 37 24 44 15 38 34 62 4 7 12 51 31 39 64 42 36 55 1 20 14 23 43 26 2 59 21 19 32 25 
43 40 2 34 22 57 5 33 6 25 41 11 39 46 4 38 45 20 1 53 36 19 27 51 62 14 50 17 29 55 56 49 23 16 48 42 47 61 31 30 59 8 9 18 60 15 21 26 10 12 52 54 7 32 44 63 3 58 37 13 64 35 28 24 
18 56 51 19 52 38 3 9 7 53 60 15 13 14 42 21 57 50 59 43 62 46 64 24 34 48 30 31 2 23 33 58 63 4 45 1 17 39 41 20 32 11 61 54 5 25 29 35 28 22 37 16 49 26 8 6 44 40 10 27 55 12 36 47 
8 35 31 32 1 42 24 25 29 52 47 36 50 64 20 58 34 22 37 54 12 14 55 21 16 18 5 28 59 41 44 3 60 7 13 62 51 26 40 19 23 10 43 38 6 45 48 53 2 39 56 30 57 33 27 17 49 63 46 4 9 15 11 61 
55 4 12 30 20 29 39 15 43 31 37 34 57 32 5 17 63 35 40 16 41 3 28 9 7 10 60 53 61 26 21 36 18 2 59 49 64 8 14 33 42 46 13 56 47 44 27 22 24 48 50 25 58 19 11 38 54 51 23 45 52 62 6 1 
59 28 6 37 45 48 11 21 24 23 16 26 27 1 12 61 58 18 8 2 10 32 44 38 13 63 22 54 42 15 51 19 56 35 43 46 34 9 25 53 52 40 64 17 49 36 57 55 47 60 29 4 5 31 3 62 14 50 7 33 41 20 39 30 
60 46 44 64 61 62 36 10 33 35 9 63 49 59 55 30 42 6 26 39 52 31 7 23 25 20 43 4 24 47 1 38 32 22 12 21 11 27 58 54 16 2 19 28 37 14 50 3 40 51 13 34 18 45 41 15 48 29 5 8 56 57 53 17 
26 14 13 23 50 27 54 7 44 19 2 62 51 48 8 56 47 25 15 11 4 17 49 5 12 39 40 6 45 32 37 64 55 36 52 29 57 10 3 28 41 33 24 20 1 30 58 63 59 9 21 61 43 35 53 46 31 34 38 16 42 22 60 18 
41 9 43 7 24 51 38 14 52 29 5 23 10 39 49 26 35 61 53 4 27 34 46 44 33 31 37 22 58 50 60 12 1 47 64 17 2 59 42 62 13 18 57 6 25 32 20 40 30 3 11 19 21 56 15 16 55 54 45 28 36 8 63 48 
22 27 42 36 18 64 60 57 45 50 30 41 44 25 19 62 37 8 11 1 32 47 23 31 9 61 39 63 17 28 20 10 12 46 21 15 14 3 49 6 43 35 34 5 48 33 2 51 13 4 55 59 38 7 40 54 16 56 24 26 53 58 52 29 
15 20 55 63 12 32 1 44 14 61 33 54 47 51 24 7 48 59 30 49 40 25 62 58 36 64 4 18 26 13 27 57 43 29 35 38 22 5 9 56 28 45 3 39 16 53 11 19 46 2 6 52 37 50 10 8 41 23 42 17 60 34 21 31 
34 11 59 21 48 5 10 56 53 40 13 31 36 12 64 2 29 45 7 3 54 50 6 17 38 1 55 44 16 51 43 62 28 33 4 52 61 58 8 32 46 24 22 41 26 47 49 42 60 35 25 18 63 23 20 14 15 39 19 57 37 27 30 9 
16 61 19 47 2 39 29 8 21 20 4 18 38 35 17 28 36 41 33 22 15 10 63 55 56 30 6 49 52 34 14 42 11 57 25 53 37 24 13 40 1 60 54 44 23 62 7 31 48 27 58 32 9 12 45 26 51 59 43 46 5 64 3 50 
17 23 3 28 40 35 4 58 46 27 63 48 15 16 56 42 24 38 14 57 18 26 5 2 11 8 19 29 41 59 25 53 7 34 55 54 50 20 45 60 36 30 12 21 9 10 52 37 39 43 31 47 22 64 51 33 1 61 62 6 13 32 44 49 
49 62 30 6 31 52 46 54 37 58 43 1 11 34 9 55 28 13 20 12 60 42 16 39 45 3 7 2 21 40 48 32 19 26 44 41 27 63 23 51 15 64 14 8 56 38 59 50 36 53 17 24 29 57 61 5 18 35 22 47 10 25 4 33 
37 13 45 53 33 25 50 26 32 8 57 59 60 22 3 6 43 19 9 52 21 64 51 56 23 5 24 35 54 46 15 47 30 10 36 48 18 31 16 39 27 63 55 29 17 58 4 61 49 1 41 44 28 34 62 42 2 14 11 40 20 7 38 12 
20 10 41 11 34 37 56 45 17 39 52 58 35 3 33 4 15 31 50 9 61 23 42 22 18 60 8 47 49 36 38 16 26 43 51 14 29 28 46 7 64 44 62 2 63 6 54 32 1 13 27 57 19 5 48 53 21 25 59 12 30 24 40 55 
2 54 18 16 30 47 31 24 26 62 28 44 61 13 50 25 51 64 3 5 7 49 29 45 41 4 58 12 35 39 53 9 15 19 34 57 63 60 56 59 14 1 40 36 38 20 10 23 52 17 22 33 46 37 21 55 8 48 27 32 43 6 42 11 
50 21 57 1 46 22 61 6 47 5 55 40 32 7 51 8 16 4 38 62 30 27 11 19 2 17 13 25 28 43 42 63 53 23 37 9 44 45 12 3 33 49 48 52 18 24 26 15 14 20 34 56 10 59 35 39 64 36 41 31 54 60 29 58 
13 60 35 12 29 26 9 48 27 6 14 20 45 31 46 49 40 24 41 18 34 55 8 53 57 7 59 51 64 19 10 22 17 39 62 5 42 32 52 2 4 25 50 58 21 28 30 43 44 11 23 15 36 47 54 3 56 38 33 1 63 61 37 16 
5 59 32 33 63 36 42 43 15 60 64 2 41 30 23 22 25 46 12 48 44 21 10 37 40 27 52 11 34 3 31 14 24 54 20 61 55 4 1 49 56 16 29 57 35 8 39 17 38 6 45 50 26 58 18 28 19 13 53 62 51 47 9 7 
3 53 39 58 38 4 15 40 10 1 19 57 59 9 37 11 33 56 63 32 35 2 20 47 54 6 61 48 44 30 24 21 22 50 41 18 16 36 27 13 60 51 42 31 34 55 46 45 7 25 43 8 64 62 12 29 28 17 14 5 23 52 49 26 
51 49 14 8 28 55 7 27 63 16 48 38 34 24 21 36 1 17 52 26 13 60 43 54 29 23 45 46 62 56 50 5 6 64 33 25 58 35 30 11 12 19 47 61 53 22 37 59 4 31 2 40 32 9 42 41 10 3 20 39 18 44 57 15 
25 44 23 52 19 17 64 62 56 18 42 12 53 29 54 43 14 36 6 28 58 59 39 57 55 37 15 32 1 33 26 20 47 8 38 40 31 21 48 10 7 13 27 3 11 5 41 9 51 30 49 63 24 60 16 61 50 4 34 35 22 46 2 45 
28 43 63 24 25 20 30 36 38 49 59 7 21 27 11 33 17 57 19 41 42 39 56 64 37 15 44 10 32 58 12 48 45 53 31 16 35 55 26 9 22 54 52 1 2 4 23 46 5 29 3 62 61 6 13 50 34 8 51 14 47 40 18 60 
48 38 53 29 44 12 16 52 41 14 40 37 17 28 58 60 4 3 35 20 63 6 22 43 30 49 21 19 50 24 55 56 39 27 23 32 46 62 7 57 51 42 33 47 45 11 61 13 8 59 18 31 34 15 9 64 26 5 36 10 25 1 54 2 
61 5 10 42 62 54 33 13 30 36 8 22 64 57 52 34 60 12 45 55 16 58 32 59 51 53 25 41 31 1 9 35 2 17 3 47 19 14 21 15 26 27 39 24 50 29 18 6 11 37 44 23 4 49 63 40 38 46 28 7 48 56 20 43 
57 51 21 46 35 3 40 22 12 54 61 29 31 18 53 10 62 37 13 14 5 52 2 15 6 59 28 26 4 11 47 23 48 38 50 43 30 33 24 41 17 9 8 16 20 60 34 49 25 19 1 36 56 39 7 45 58 64 63 55 44 42 27 32 
4 26 60 14 23 6 17 2 62 56 50 51 63 44 1 16 18 53 25 27 9 11 34 7 39 54 29 57 38 20 36 45 58 59 8 10 28 40 61 64 37 48 32 43 3 19 5 41 35 55 42 21 47 24 46 52 12 22 30 49 15 33 31 13 
27 31 9 50 37 15 19 55 25 26 20 39 46 43 48 24 23 44 47 61 49 29 54 1 8 42 18 13 33 52 64 34 4 60 22 6 5 11 51 36 40 56 58 14 59 7 63 10 12 32 57 28 41 38 2 30 45 21 17 3 35 53 16 62 
47 8 49 45 58 11 18 64 9 42 6 32 5 4 15 3 31 40 36 50 46 48 30 10 14 22 16 27 7 63 2 61 25 20 1 13 12 56 37 34 62 57 28 35 55 21 44 38 54 26 33 51 60 53 17 43 29 24 52 23 59 39 41 19 
56 34 1 59 7 41 32 39 35 13 45 47 19 55 2 23 21 28 24 8 51 38 26 33 46 43 62 3 40 5 17 60 44 49 18 63 52 42 54 29 25 12 53 30 15 31 64 36 16 58 14 20 48 27 22 10 4 9 6 11 57 50 61 37 
46 1 26 13 51 63 12 18 34 15 17 6 29 60 61 59 8 52 42 10 39 5 41 36 24 9 20 62 25 7 45 2 49 28 32 31 23 43 50 55 53 3 35 4 44 16 22 47 19 33 40 58 30 48 57 37 11 27 64 54 14 21 56 38 
36 2 20 22 14 44 34 19 57 43 25 28 18 47 32 53 9 54 62 24 31 37 38 30 48 51 12 33 23 29 41 4 5 11 10 7 26 16 63 58 49 52 46 40 39 56 1 60 21 64 8 27 59 3 6 13 61 15 35 50 17 45 55 42 
42 41 61 40 6 28 45 37 64 24 27 8 54 19 38 5 50 23 29 59 20 22 17 60 49 32 35 34 57 14 16 46 36 3 56 33 21 12 39 47 58 31 51 48 62 2 55 25 15 18 4 11 44 63 52 7 9 43 13 30 1 26 10 53 
24 48 50 25 4 9 8 35 42 46 12 3 56 58 45 52 19 15 28 44 57 43 14 16 10 40 27 59 55 53 22 54 37 1 17 30 6 13 20 61 5 21 36 11 33 23 32 64 26 49 62 39 51 29 38 34 60 2 31 18 7 63 47 41 
10 17 27 55 57 31 53 49 4 11 1 16 23 33 63 13 61 21 34 51 2 45 25 32 3 44 36 56 37 6 19 28 38 18 46 64 40 15 62 14 30 20 7 26 43 9 42 29 41 54 35 60 50 22 47 24 5 52 39 48 12 59 58 8 
30 15 29 54 5 43 21 3 51 48 35 49 14 62 44 50 46 55 58 7 47 33 1 11 61 26 63 38 60 64 39 18 9 24 2 22 25 41 59 52 57 37 10 27 13 17 6 8 53 45 12 42 31 28 32 56 40 16 4 36 34 23 19 20 
7 33 58 62 32 23 47 59 22 2 26 30 9 37 39 20 12 27 48 56 64 40 35 49 52 21 17 50 11 31 5 13 42 44 60 34 53 54 4 8 38 15 63 19 24 41 45 18 43 16 61 10 14 55 1 36 57 28 25 51 3 29 46 6 
38 64 16 56 39 60 52 11 31 21 7 55 40 10 36 41 3 63 18 6 26 13 53 4 15 58 47 1 43 42 30 8 29 45 27 51 48 19 57 35 50 61 59 34 14 54 12 28 20 23 46 2 25 17 5 9 24 49 32 44 33 37 62 22 
62 22 47 3 13 16 37 32 59 45 31 33 43 23 28 9 6 30 49 36 56 51 52 27 19 57 53 14 5 8 35 40 54 15 7 20 1 34 17 50 2 29 18 42 58 39 25 24 55 63 26 48 11 21 4 44 46 60 61 64 38 41 12 10 
44 12 11 38 60 45 25 63 39 32 10 46 7 15 62 47 26 29 16 58 1 54 4 20 43 41 23 61 56 27 13 50 40 14 53 24 9 22 33 42 48 5 6 59 28 49 36 21 17 52 30 64 2 8 34 19 35 18 55 37 31 3 51 57 
29 42 15 51 27 2 14 28 16 63 58 64 22 17 57 37 53 5 43 19 23 8 45 13 59 24 1 20 39 44 18 6 61 31 49 26 4 52 11 48 55 7 41 10 46 50 38 34 3 62 60 12 54 36 56 35 30 32 47 25 40 9 33 21 
1 18 46 9 21 10 26 41 40 34 11 53 20 36 14 35 32 7 31 42 24 57 3 48 63 52 2 30 12 60 58 51 62 56 6 59 39 23 55 43 8 47 44 64 54 61 13 16 33 38 28 37 15 25 50 27 17 45 49 19 29 4 22 5 
52 55 7 49 54 24 20 17 60 38 56 4 26 5 18 12 10 47 61 35 14 41 59 28 64 33 48 45 15 22 62 25 21 13 19 8 36 30 32 44 3 53 1 37 31 40 9 27 23 57 51 46 42 43 29 58 39 6 16 34 11 2 50 63 
53 50 4 57 56 40 48 5 2 3 24 21 42 61 27 54 55 34 60 38 17 15 37 46 32 16 26 36 9 10 29 31 64 51 58 35 45 47 28 25 11 14 23 63 30 12 19 33 18 7 59 22 6 41 39 49 62 1 44 20 8 43 13 52 
19 58 8 39 36 61 23 34 50 55 51 25 1 6 30 29 64 2 22 63 33 44 18 12 42 38 46 21 47 49 28 11 27 41 57 3 60 37 10 16 35 17 15 45 4 52 43 62 9 5 53 13 20 40 31 32 59 7 48 56 26 54 24 14 
33 30 64 35 43 59 6 31 49 41 44 19 8 52 13 48 11 39 21 40 25 62 9 50 4 55 54 7 3 37 34 17 46 5 29 12 38 2 18 63 20 32 26 60 22 57 51 56 61 10 16 1 45 14 24 47 23 53 58 42 28 36 15 27 
45 52 24 18 47 7 41 38 55 28 21 43 25 63 29 15 22 48 27 23 50 35 57 61 58 56 11 39 30 16 40 33 14 32 54 19 10 17 34 31 6 59 60 51 42 26 62 20 37 46 5 9 13 44 64 2 36 12 1 53 4 49 8 3 
54 36 62 48 17 21 49 42 18 64 38 56 4 45 6 51 44 1 10 37 59 7 12 40 28 34 32 15 14 9 63 26 33 30 16 23 13 53 22 24 31 39 2 50 61 3 8 57 58 41 20 29 27 52 55 11 25 47 60 43 19 5 35 46 
31 29 22 26 3 46 44 4 11 10 39 42 52 54 59 40 41 33 64 25 43 28 21 62 53 2 38 60 13 48 49 24 57 58 61 50 56 51 5 45 9 23 37 32 19 18 35 1 6 8 47 7 17 30 36 12 27 20 15 63 16 55 14 34 
6 32 28 60 8 30 2 1 23 33 46 24 37 50 16 19 39 11 4 13 53 9 15 3 5 47 64 55 27 57 52 44 20 48 26 36 49 29 35 12 10 34 45 25 41 63 40 7 22 56 38 14 62 51 43 18 42 31 21 61 58 17 59 54 
35 37 25 20 11 19 55 12 48 9 49 5 3 8 7 57 56 16 2 34 29 63 36 14 50 45 31 23 18 54 6 1 59 40 28 44 62 38 43 27 47 4 17 13 52 46 24 58 42 15 32 53 33 61 60 21 22 10 26 41 39 30 64 51 
9 63 34 10 15 33 43 50 1 17 32 35 2 41 26 31 5 49 55 47 6 24 58 18 22 46 51 37 20 12 61 59 8 42 39 60 7 25 64 21 44 38 56 53 36 27 14 30 45 28 48 3 16 54 19 4 52 11 57 29 62 13 23 40 
23 57 56 61 64 14 59 51 58 12 22 13 30 53 60 27 54 26 32 31 38 20 19 8 17 62 10 42 36 4 3 43 52 9 11 2 41 46 47 37 21 55 16 15 29 48 33 5 63 34 39 35 40 1 49 25 7 44 50 24 6 18 45 28 
58 39 40 5 53 13 27 16 36 44 34 61 62 20 47 14 52 51 17 46 45 30 60 42 35 25 41 8 19 21 7 29 3 55 63 4 15 18 6 1 54 22 49 12 64 43 28 11 57 50 24 26 23 10 59 31 37 33 9 2 32 38 48 56 
################proper############## 

 average_time = 26.108144 

 success runs = 1 

 total average iters = 758555.000000 
