Success!!! 
 
 max_col = 
 64 
 
 run_time = 
 8.626713 
 
 once iters = 
 168972 
 
6 27 33 30 15 50 28 59 41 26 25 46 1 58 54 49 2 10 3 61 9 63 47 14 24 17 38 45 35 39 52 57 12 11 31 37 19 60 29 8 62 16 13 53 22 20 5 36 4 44 56 48 21 55 43 23 18 32 51 42 40 34 64 7 
26 60 48 32 14 62 24 31 27 3 59 37 2 50 45 19 39 52 53 58 56 22 15 41 25 42 16 4 6 34 23 9 30 35 57 47 5 43 40 64 54 7 18 49 12 29 44 28 61 38 11 36 20 10 51 13 33 63 46 1 55 8 17 21 
21 42 36 4 10 13 44 58 11 16 52 31 5 30 24 7 29 50 43 54 59 55 23 1 48 46 62 64 15 19 33 2 38 41 20 3 61 9 45 26 25 57 51 32 8 40 56 35 34 17 18 39 63 47 6 14 22 12 37 27 60 28 49 53 
51 5 12 19 46 39 57 17 43 47 8 53 10 18 42 60 38 6 24 64 45 62 40 31 22 44 29 41 20 54 1 50 15 13 27 58 48 49 25 16 11 3 21 4 55 34 33 63 37 59 28 2 30 7 26 32 23 52 9 14 61 35 56 36 
20 25 16 9 49 23 40 29 56 34 39 55 17 61 48 63 7 42 8 35 57 32 51 19 27 18 13 58 43 21 37 28 44 10 59 4 14 52 46 36 31 6 60 2 50 30 41 26 33 64 1 22 12 24 53 62 47 5 54 3 45 38 11 15 
2 11 37 56 34 45 61 47 38 9 57 28 40 12 4 23 16 48 49 13 44 18 36 60 53 7 55 14 3 8 5 10 21 32 50 63 62 22 33 51 15 58 1 64 17 59 52 43 42 29 54 19 46 35 27 31 39 25 20 26 6 41 24 30 
8 41 38 55 3 22 63 1 35 20 6 21 29 15 33 64 11 30 17 12 34 26 4 46 49 36 32 31 59 51 56 61 23 53 28 39 18 7 2 54 14 9 27 37 42 19 47 24 25 40 5 52 50 58 45 60 43 62 48 10 57 16 13 44 
64 43 18 35 7 54 53 52 22 13 14 32 62 51 44 36 37 33 20 28 21 25 27 5 40 47 30 11 63 26 60 12 34 56 42 1 24 17 6 55 38 10 39 45 48 23 61 46 49 9 8 3 16 57 15 41 50 4 19 29 58 31 2 59 
44 10 51 15 16 28 18 13 62 54 1 59 22 56 57 41 19 11 33 49 31 14 53 8 55 23 39 60 26 45 29 27 6 64 36 38 4 21 37 7 61 43 47 3 24 46 30 17 58 50 35 12 40 25 32 20 34 42 63 9 48 52 5 2 
46 53 9 12 45 31 26 48 30 27 21 50 47 5 39 20 43 63 62 15 35 40 18 42 54 2 10 32 57 61 6 37 13 22 33 28 8 59 44 41 58 11 38 25 16 60 55 52 14 23 19 34 56 1 7 17 3 24 4 51 49 29 36 64 
39 59 3 27 42 40 4 38 60 28 48 29 63 7 53 37 22 25 32 34 23 44 16 54 56 9 5 21 36 64 17 13 49 18 14 31 45 58 20 11 1 26 57 8 51 6 50 2 15 47 24 10 61 52 41 55 35 46 43 62 33 12 30 19 
30 37 52 14 58 25 41 11 49 17 36 33 34 31 26 44 6 64 50 51 39 3 56 38 46 24 15 7 8 18 19 43 60 5 2 23 55 12 10 1 29 48 40 35 45 28 4 27 9 54 62 16 59 42 63 57 13 53 47 21 32 22 61 20 
50 6 62 61 33 8 35 43 2 55 32 52 42 3 16 24 12 1 10 36 26 37 20 27 47 4 53 22 14 11 44 41 39 25 29 19 15 57 63 9 59 21 49 23 13 64 34 56 31 45 48 5 51 30 18 46 28 40 38 58 7 54 60 17 
34 17 1 54 64 60 5 21 8 35 12 51 15 46 10 6 47 7 57 48 24 58 13 55 30 52 49 3 62 28 42 63 56 26 32 40 27 53 50 61 41 18 19 31 33 37 20 9 22 39 4 29 2 43 38 36 11 23 59 16 14 44 25 45 
7 23 55 36 22 63 29 2 40 18 43 19 25 11 38 58 9 21 41 45 4 30 17 61 1 59 35 48 50 33 20 31 24 42 47 52 16 51 34 46 39 54 62 12 5 32 15 14 13 28 64 53 3 60 44 49 8 10 56 57 26 6 37 27 
32 47 57 49 24 20 19 56 23 64 61 14 45 13 9 4 5 59 2 60 52 46 28 29 58 34 25 12 16 40 38 51 54 62 35 17 43 48 30 3 44 42 53 63 10 22 36 7 11 27 21 6 8 33 37 26 55 18 39 50 15 1 41 31 
58 64 30 28 54 61 49 35 44 45 15 23 43 25 5 14 13 60 6 47 16 8 48 24 3 38 17 10 4 37 55 52 27 31 46 20 63 41 42 59 18 53 36 7 56 26 29 34 19 11 50 40 1 62 12 2 57 21 22 39 9 32 51 33 
5 55 14 34 19 26 23 60 9 57 40 4 20 47 51 59 61 32 52 43 36 1 62 35 21 49 44 39 31 6 50 15 25 7 16 12 10 33 56 18 3 63 46 28 38 24 22 48 45 42 27 13 41 29 17 54 2 64 30 37 8 53 58 11 
11 21 44 50 17 16 13 27 58 33 3 62 49 41 1 18 10 51 7 29 37 54 39 64 28 61 60 63 56 48 45 32 40 57 9 24 38 34 15 52 8 12 35 14 2 4 19 59 43 30 55 26 31 20 22 53 6 36 42 46 5 25 47 23 
53 52 31 7 37 48 22 20 6 56 60 12 27 29 55 11 14 28 46 33 49 45 58 9 42 5 8 26 1 25 51 59 2 50 13 64 44 61 54 4 30 47 15 62 39 17 43 32 21 36 23 24 57 38 10 63 40 41 16 19 18 3 34 35 
47 39 42 59 57 38 51 41 32 61 63 24 31 34 64 52 23 15 25 19 2 50 26 12 14 13 40 54 7 20 53 33 3 30 21 22 36 11 1 28 27 60 37 9 49 5 16 55 48 4 6 58 18 46 8 35 29 17 10 44 62 56 45 43 
4 9 32 1 25 33 43 40 13 38 46 54 30 17 2 8 34 53 42 11 55 21 59 18 23 16 41 36 22 29 12 19 48 6 39 62 35 47 26 45 10 51 64 61 52 57 58 20 3 56 14 60 44 37 5 15 27 50 49 7 28 24 31 63 
15 46 29 8 56 2 10 24 19 39 50 16 36 53 21 22 57 44 31 63 38 20 3 40 62 43 11 35 30 27 34 18 5 37 58 32 49 14 60 17 23 41 45 6 54 1 25 42 51 33 47 7 9 59 64 28 26 61 12 13 4 55 48 52 
36 12 45 18 62 6 3 63 37 42 10 35 26 28 7 48 30 56 4 17 41 27 5 22 2 58 9 46 64 57 24 47 19 55 8 51 23 29 53 43 13 33 50 11 31 44 40 21 39 61 52 32 34 49 25 16 54 20 60 38 59 15 14 1 
45 38 26 53 55 56 7 49 17 22 18 2 23 24 63 30 58 40 5 27 14 35 50 43 51 19 12 20 29 1 46 64 41 44 4 6 28 8 32 57 37 62 3 36 61 31 9 25 54 15 16 47 48 21 52 42 60 34 13 59 11 33 10 39 
52 20 28 5 4 12 59 54 29 58 51 25 9 35 27 42 48 3 21 57 46 64 60 17 33 11 47 38 44 31 2 49 50 34 18 53 7 55 22 10 45 30 32 13 63 56 14 6 41 26 39 8 43 36 1 19 16 15 61 40 37 23 62 24 
3 24 34 16 13 43 25 23 21 8 33 26 41 14 49 15 28 39 9 2 6 19 63 45 36 56 7 50 53 52 30 55 62 48 37 54 64 38 11 42 17 59 29 57 18 47 1 40 32 20 44 61 10 22 60 12 46 27 58 31 35 5 4 51 
18 33 17 57 44 47 31 22 64 59 19 11 61 62 46 54 1 24 56 42 25 15 32 30 45 6 37 8 34 3 10 4 14 51 40 16 21 63 35 58 26 38 7 27 60 39 23 53 29 2 13 49 55 5 50 9 48 28 41 43 36 20 52 12 
48 1 8 21 6 19 2 39 36 40 47 10 38 60 13 3 49 54 12 7 53 59 11 4 5 28 26 62 61 14 16 58 52 24 56 15 20 45 23 27 42 55 22 41 64 43 35 44 46 31 51 17 33 34 57 37 32 9 25 63 30 50 29 18 
41 14 11 46 32 15 60 9 5 4 20 43 52 16 6 31 51 38 18 26 33 61 29 37 35 21 27 59 42 23 40 22 1 19 3 49 13 36 47 39 48 50 54 10 34 58 2 12 63 24 25 62 7 28 30 64 56 8 17 53 44 45 55 57 
29 35 58 37 61 10 30 64 1 44 7 34 53 32 50 56 62 55 23 31 13 36 52 20 60 48 24 57 54 41 63 39 59 12 17 43 25 5 9 33 46 8 28 21 11 16 51 15 6 14 38 18 27 4 40 45 42 19 3 2 47 49 22 26 
63 50 27 40 51 42 36 62 45 37 55 48 57 39 28 12 8 47 16 41 10 34 22 44 13 15 43 9 18 32 25 17 61 46 60 26 29 2 31 30 24 20 52 5 4 33 49 19 53 35 58 56 11 3 23 59 38 1 6 64 21 7 54 14 
35 54 23 13 52 9 20 5 24 41 17 64 21 10 37 61 45 57 19 1 12 60 6 2 34 3 18 28 55 36 27 26 47 33 15 25 46 42 62 48 51 22 30 39 59 63 7 50 44 16 43 31 29 11 49 58 14 56 8 32 53 4 38 40 
12 29 64 43 30 1 58 57 53 23 62 8 54 26 20 5 42 13 55 39 22 24 31 36 15 51 46 17 48 60 32 56 7 49 44 21 11 10 16 37 9 34 4 18 40 27 3 61 2 41 45 25 52 14 33 38 59 35 28 47 50 19 63 6 
62 4 53 42 63 34 6 3 16 51 30 15 12 2 36 46 59 35 38 37 48 28 33 10 31 54 61 5 40 7 21 23 26 9 24 45 39 19 27 20 43 64 41 56 32 14 8 47 18 57 22 55 17 50 13 1 52 49 11 60 29 58 44 25 
14 19 40 47 8 18 45 10 63 25 4 1 60 49 32 39 53 16 11 9 15 7 61 56 43 64 20 33 13 12 57 24 29 59 34 36 50 54 28 2 52 44 17 38 46 35 21 58 23 51 3 37 5 27 48 6 41 31 62 55 42 30 26 22 
25 49 46 60 21 17 37 7 3 6 35 40 19 38 11 28 41 27 26 44 50 5 64 58 29 30 59 42 52 22 62 53 4 1 55 14 51 18 43 12 2 36 31 20 57 48 24 23 8 10 63 15 32 56 47 61 45 13 34 33 16 9 39 54 
56 44 61 38 11 41 16 15 50 29 27 7 13 33 52 9 18 8 40 62 43 49 14 34 37 39 2 19 58 63 47 45 32 23 6 57 22 31 17 35 53 28 55 1 26 25 54 5 59 60 42 30 64 12 24 4 20 51 36 48 3 10 21 46 
55 48 22 26 28 32 27 36 18 31 58 47 14 45 59 34 20 29 54 3 51 23 21 52 4 1 50 6 10 44 11 25 63 8 41 30 53 56 61 38 33 49 16 60 37 42 12 13 7 19 9 46 62 40 35 39 15 43 64 24 17 2 57 5 
24 2 39 51 31 59 50 33 55 48 42 56 44 22 43 57 63 4 30 46 32 17 25 47 9 8 14 16 41 38 49 35 58 40 64 13 60 3 52 5 19 15 10 29 6 62 45 11 36 21 26 20 53 54 28 34 61 7 1 12 23 18 27 37 
17 56 2 29 40 7 9 4 46 14 44 20 50 42 8 35 21 61 39 53 19 43 30 6 16 31 51 47 37 59 54 36 57 38 26 48 32 23 55 63 28 45 33 24 58 41 27 62 64 22 12 11 25 15 34 52 1 60 18 5 10 13 3 49 
19 16 60 33 38 35 62 18 47 12 23 49 24 21 41 25 17 31 29 4 11 57 55 7 10 32 6 2 9 42 8 40 28 45 53 59 1 27 64 22 63 46 43 34 3 50 39 30 26 5 37 51 36 13 54 48 58 44 52 56 20 14 15 61 
10 45 41 64 47 21 39 32 57 43 11 3 58 19 22 13 56 36 44 24 63 9 54 23 38 60 28 52 5 4 26 34 35 16 61 7 31 15 12 14 49 25 59 55 20 51 53 8 40 1 33 27 42 2 62 18 30 37 29 17 46 48 6 50 
42 36 49 52 48 37 54 55 34 1 16 17 51 4 61 27 60 14 58 20 5 33 46 28 57 35 63 18 12 53 43 30 9 39 19 50 41 62 3 40 6 13 2 15 29 11 10 22 47 7 32 44 23 45 56 24 25 26 31 8 64 21 59 38 
59 58 25 20 1 5 8 46 33 63 37 30 28 64 18 32 26 45 13 50 40 42 41 48 7 29 23 15 19 62 22 3 43 17 11 34 54 4 49 6 21 56 14 44 47 52 60 57 35 53 61 38 39 31 9 10 51 55 2 36 24 27 12 16 
28 22 63 44 43 27 11 53 31 62 5 39 56 9 15 2 3 18 37 52 8 38 12 25 64 33 48 1 17 49 61 14 20 29 51 10 30 13 58 24 35 4 42 40 19 36 26 54 16 55 59 21 60 6 46 50 7 47 45 23 41 57 32 34 
31 61 15 24 50 57 14 30 26 36 53 6 48 52 40 55 32 34 59 22 27 10 49 51 41 20 21 25 45 58 13 46 33 60 5 56 2 44 18 47 12 1 23 16 7 38 64 37 28 3 17 63 4 8 19 29 9 11 35 54 39 42 43 62 
23 51 13 6 26 3 12 34 59 10 45 38 7 54 60 29 64 62 35 16 47 2 1 15 50 27 56 44 24 55 39 11 36 21 52 42 37 46 8 25 32 61 5 48 9 18 17 31 20 58 57 43 49 41 14 30 63 33 53 22 19 40 28 4 
37 18 5 31 36 55 1 42 10 53 22 58 32 20 35 45 40 9 47 38 17 6 34 16 63 25 33 29 27 15 14 62 11 54 30 2 52 26 4 23 57 24 8 51 21 61 28 49 56 12 60 64 13 39 3 7 19 59 44 41 43 46 50 48 
27 7 10 62 9 58 32 6 51 46 34 13 3 8 47 26 33 19 28 5 60 31 2 63 61 12 57 30 38 50 48 16 64 15 45 29 59 1 39 21 55 14 20 43 25 53 42 41 24 18 36 35 22 17 4 44 49 54 40 11 52 37 23 56 
43 15 47 11 60 4 17 45 7 19 28 44 39 63 56 62 25 41 64 23 1 29 8 13 6 22 52 51 21 24 58 5 10 36 48 55 33 37 14 31 50 32 34 30 35 12 59 16 27 46 49 42 54 61 2 40 53 3 57 20 38 26 18 9 
33 57 59 23 35 24 46 26 15 21 2 42 37 40 17 16 50 22 61 10 3 53 44 62 32 55 54 34 11 56 41 8 51 20 49 9 58 28 19 60 64 5 63 52 36 13 6 18 1 25 29 14 38 48 31 43 4 30 27 45 12 39 7 47 
38 13 20 25 2 44 56 51 54 52 64 60 4 48 30 50 15 12 14 32 58 39 57 11 18 37 42 49 47 35 36 1 16 27 43 8 6 24 7 62 40 19 9 46 23 3 31 45 10 63 34 41 26 53 59 5 17 29 21 28 22 61 33 55 
22 40 50 3 39 14 64 61 12 5 41 9 55 36 31 1 46 26 45 30 42 48 35 49 59 10 4 43 23 17 28 44 53 63 38 18 57 25 13 34 7 37 56 47 27 54 11 29 52 32 20 33 6 19 58 21 62 16 24 15 2 51 8 60 
54 8 19 48 29 30 34 28 25 11 49 57 59 27 14 33 52 43 51 18 7 56 24 21 20 53 45 40 39 9 64 60 46 3 12 61 42 32 41 44 4 17 26 22 1 2 38 10 50 62 15 23 37 16 55 47 31 58 5 6 63 36 35 13 
49 63 21 41 12 53 52 16 61 24 29 18 6 43 23 38 36 20 27 55 54 4 37 59 19 26 31 13 2 46 3 7 17 47 22 35 40 50 5 56 60 39 44 58 62 15 48 33 57 8 30 28 45 9 11 51 10 14 32 34 25 64 1 42 
13 26 7 22 53 46 55 12 48 49 9 36 33 6 34 47 35 37 15 8 30 51 10 32 39 63 3 27 28 5 4 38 31 52 1 41 17 16 59 29 20 2 61 50 14 21 18 60 62 43 40 45 24 44 42 56 64 57 23 25 54 11 19 58 
40 32 43 58 18 49 48 14 4 50 56 22 11 37 19 10 27 23 36 25 61 12 45 57 17 41 1 24 46 16 7 29 55 28 62 5 26 39 51 53 47 52 6 42 15 9 63 38 60 13 31 54 35 64 21 8 44 2 33 30 34 59 20 3 
9 28 6 39 41 52 42 8 14 32 26 5 46 44 62 51 54 2 60 40 64 11 19 50 12 57 36 61 49 43 35 21 45 58 63 33 56 30 38 13 34 27 25 59 53 10 37 4 55 48 7 1 47 23 20 3 24 22 15 18 31 17 16 29 
1 62 56 17 59 64 33 44 52 60 31 63 16 57 12 40 24 5 48 14 20 41 42 3 8 45 34 55 25 10 9 54 37 2 23 27 47 6 21 19 22 35 58 26 30 7 32 51 38 49 46 4 15 18 29 11 36 39 50 61 13 43 53 28 
61 31 24 10 27 11 38 25 20 2 13 45 64 23 58 21 4 46 1 59 62 47 43 53 26 50 19 37 33 30 18 42 8 14 7 60 3 35 48 15 36 29 12 54 44 49 57 39 17 34 41 9 28 51 16 22 5 6 55 52 56 63 40 32 
16 30 54 45 23 36 47 50 42 7 24 27 35 1 25 43 55 17 22 21 29 52 9 39 11 40 58 56 60 2 15 20 18 4 10 44 34 64 57 32 5 31 48 19 28 8 13 3 12 6 53 59 14 63 61 33 37 38 26 49 51 62 46 41 
57 34 4 2 20 29 15 37 39 30 54 61 18 55 3 17 31 58 63 56 28 13 38 26 44 14 22 53 51 47 59 6 42 43 25 46 12 40 24 49 16 23 11 33 41 45 62 64 5 52 10 50 19 32 36 27 21 48 7 35 1 60 9 8 
60 3 35 63 5 51 21 19 28 15 38 41 8 59 29 53 44 49 34 6 18 16 7 33 52 62 64 23 32 13 31 48 22 61 54 11 9 20 36 50 56 40 24 17 43 55 46 1 30 37 2 57 58 26 39 25 12 45 14 4 27 47 42 10 
################proper############## 

 average_time = 8.626713 

 success runs = 1 

 total average iters = 168972.000000 
