Success!!! 
 
 max_col = 
 64 
 
 run_time = 
 14.254658 
 
 once iters = 
 244704 
 
5 44 17 26 4 52 50 29 32 55 11 53 3 31 58 7 40 13 41 48 25 42 54 39 12 35 23 27 28 19 38 24 36 56 14 6 61 46 8 15 30 22 49 57 59 1 60 18 10 9 21 16 33 51 2 62 63 20 47 45 43 37 34 64 
18 61 37 62 13 3 55 39 29 4 33 49 22 19 59 10 21 31 32 34 20 47 52 5 17 57 48 42 41 15 1 6 45 63 27 53 24 38 16 54 26 12 64 2 7 51 8 46 25 23 11 58 35 43 40 14 44 50 30 28 60 56 36 9 
27 48 53 8 7 63 41 32 6 60 20 57 34 36 51 42 55 50 33 35 43 1 64 45 56 58 16 49 37 18 10 11 4 59 30 40 13 31 23 17 62 28 29 5 19 9 21 25 3 39 61 44 47 54 22 46 12 15 52 2 38 26 24 14 
25 24 31 19 40 22 15 36 41 38 46 2 54 48 12 16 53 17 51 49 6 11 57 30 8 60 44 34 14 45 33 4 5 1 21 9 10 64 28 47 63 37 27 3 43 39 55 23 59 42 56 20 26 52 50 18 35 7 13 29 58 61 62 32 
59 51 16 21 38 11 54 10 25 23 1 30 8 13 45 44 18 58 60 62 28 29 9 56 36 46 39 2 32 64 7 3 20 34 35 43 41 37 55 26 61 52 40 53 15 47 14 50 4 17 49 48 63 31 12 24 22 5 27 57 42 6 19 33 
45 30 58 43 6 2 12 57 35 62 40 56 5 18 24 14 63 37 23 59 19 3 26 61 29 9 52 50 51 47 22 54 25 39 42 33 48 11 60 32 44 17 41 31 38 36 34 20 8 64 15 7 28 13 55 27 46 4 16 53 49 1 10 21 
33 1 56 28 64 20 46 14 47 26 43 21 9 17 37 50 24 8 7 22 2 38 15 27 62 40 59 53 55 61 13 63 49 19 52 3 29 18 44 12 58 4 11 16 6 42 10 35 36 57 30 60 45 5 32 34 23 51 48 41 25 39 31 54 
60 49 9 34 42 35 23 47 39 63 64 27 52 61 15 28 46 16 12 36 14 4 10 44 20 31 30 5 25 26 43 21 22 58 50 2 62 51 57 7 33 45 54 32 48 56 13 24 53 38 29 1 37 41 6 19 18 59 55 17 8 3 40 11 
38 47 27 1 50 49 45 60 9 37 57 42 64 4 19 58 41 43 18 55 21 8 48 2 53 59 34 40 61 62 5 46 16 33 24 28 14 13 29 30 25 32 12 36 54 6 23 26 52 22 51 56 7 17 15 39 11 31 44 10 63 35 20 3 
53 28 64 17 63 56 21 58 36 7 47 34 14 2 22 35 13 49 11 27 61 10 30 51 38 18 24 15 26 54 48 43 46 6 32 55 25 44 62 3 8 41 1 33 39 20 5 45 60 16 59 40 31 37 4 12 29 42 19 52 57 9 50 23 
29 13 34 2 26 19 31 52 51 28 63 43 6 24 32 5 7 46 54 42 15 20 40 17 4 22 33 21 3 44 23 36 9 49 8 1 53 12 38 57 50 11 30 55 35 16 27 56 61 62 25 64 10 45 58 48 37 41 14 39 47 60 18 59 
42 9 4 48 25 5 18 23 15 59 26 52 16 12 10 8 56 53 44 32 47 50 39 33 30 28 11 13 20 55 51 31 40 37 7 60 36 21 27 41 2 14 22 64 29 62 61 3 57 35 19 49 46 6 54 63 58 17 38 34 45 24 1 43 
54 33 11 14 39 24 37 41 38 56 45 40 21 50 18 48 6 52 35 31 3 22 59 1 42 27 9 7 16 29 57 19 34 64 5 15 47 23 58 10 60 51 53 63 4 28 17 43 30 44 20 36 13 55 8 2 32 26 49 25 61 46 12 62 
32 7 40 3 30 51 35 62 1 20 61 55 29 54 13 41 28 38 16 45 12 58 36 63 25 14 17 6 49 37 60 10 18 22 39 31 19 50 4 42 47 59 57 24 52 46 44 48 21 43 5 26 23 34 11 9 2 56 15 64 27 33 53 8 
20 57 43 6 16 59 44 15 53 27 25 46 60 39 33 62 26 19 34 64 37 14 23 9 50 12 45 47 35 8 56 58 11 51 48 52 63 2 17 61 21 10 42 40 18 31 49 7 28 41 1 32 38 3 24 29 13 54 22 30 5 36 4 55 
46 36 10 61 22 12 8 55 30 17 23 44 31 3 49 11 29 62 24 60 4 57 5 25 2 32 63 41 1 39 64 52 59 35 54 26 56 45 43 20 34 9 58 19 13 37 38 15 18 14 47 27 50 53 42 33 7 48 28 40 16 21 6 51 
3 41 19 13 2 39 53 6 50 34 52 33 36 58 40 25 44 10 48 61 59 56 32 31 15 47 35 9 24 5 27 64 51 29 18 30 54 22 14 46 45 7 8 28 63 49 37 1 23 60 12 55 21 57 20 4 43 11 42 62 26 38 16 17 
51 16 57 44 56 50 59 43 28 42 32 10 20 5 3 31 30 6 21 24 63 64 22 8 45 54 61 26 53 33 12 23 35 40 25 37 4 58 7 27 9 46 36 29 41 60 39 11 48 52 13 47 17 2 62 38 34 14 18 55 19 15 49 1 
22 34 62 24 35 38 27 37 26 57 8 1 49 43 39 47 36 25 4 58 46 19 7 42 52 21 29 60 30 31 11 55 15 41 13 16 44 59 2 45 10 3 6 18 33 53 12 17 63 51 28 5 54 9 14 64 40 32 61 50 20 48 23 56 
23 63 25 36 12 47 64 1 19 29 7 9 11 60 56 22 33 28 50 43 54 55 34 26 16 13 14 51 44 20 8 38 3 21 57 17 42 61 53 49 40 62 52 48 5 15 32 4 39 27 24 59 18 46 35 41 6 37 10 58 2 31 45 30 
52 40 18 29 55 46 17 9 27 21 53 15 45 35 4 54 20 39 57 1 62 5 51 37 32 7 58 10 2 48 28 34 31 43 60 36 33 19 6 23 22 61 14 47 64 38 16 42 44 11 26 30 56 8 49 50 59 63 25 3 12 13 41 24 
48 14 5 33 60 4 61 30 16 6 38 51 2 64 55 12 23 41 15 52 45 17 35 11 19 37 3 63 18 49 40 56 24 62 47 20 9 34 10 39 59 50 13 54 26 25 43 44 22 58 42 53 1 32 31 7 27 28 46 21 29 8 57 36 
10 15 42 54 31 58 28 8 59 61 13 24 46 37 41 30 16 9 14 3 18 49 38 12 22 39 4 36 57 17 50 62 52 26 56 32 11 1 48 63 51 23 55 21 20 19 2 27 34 6 45 25 40 29 33 43 47 64 60 7 44 53 5 35 
26 11 32 7 45 21 20 49 18 48 44 23 62 63 14 17 47 27 13 40 29 2 53 60 6 43 41 1 46 59 25 42 55 12 38 64 50 8 5 28 31 57 24 30 56 58 35 34 19 37 10 15 16 36 61 3 51 52 4 9 22 54 33 39 
6 35 39 53 24 18 25 4 14 19 62 54 58 30 43 33 60 2 40 5 55 34 61 64 13 23 49 3 7 46 9 15 57 32 20 44 26 10 42 37 27 47 56 17 12 50 22 36 41 48 52 28 59 38 16 1 8 21 29 11 31 45 51 63 
43 12 14 9 37 13 22 33 17 35 24 8 56 27 31 38 3 18 62 11 26 48 16 29 51 44 25 61 52 4 59 20 30 2 41 5 55 63 46 53 15 34 19 1 28 23 42 58 50 21 39 6 32 64 45 36 10 57 7 54 40 49 47 60 
56 31 50 52 15 27 58 16 2 49 55 63 12 45 47 20 37 14 8 46 36 13 1 19 28 34 6 11 33 41 30 39 7 48 9 25 43 29 51 21 57 38 59 44 60 18 40 61 54 10 23 35 5 4 3 53 17 62 64 26 24 32 22 42 
1 23 2 32 46 61 7 64 48 5 21 13 59 25 42 3 9 56 30 15 38 45 47 4 58 29 60 8 10 40 36 17 27 52 62 11 49 35 50 22 39 54 26 14 53 43 20 51 12 34 31 18 57 24 63 37 19 16 33 6 28 55 44 41 
17 45 38 51 5 34 36 59 46 10 16 18 37 44 6 60 52 54 27 63 58 41 21 57 24 48 55 22 42 50 26 32 64 15 23 4 39 28 47 19 49 29 31 8 11 2 3 9 43 7 33 62 20 56 13 40 53 25 12 35 1 30 14 61 
49 62 3 20 48 8 42 54 4 1 34 22 23 57 29 15 51 33 31 28 44 53 50 6 63 5 47 12 64 35 19 14 38 45 36 58 18 16 24 40 32 13 7 41 10 21 25 52 17 55 27 11 60 26 30 61 56 9 59 46 39 43 2 37 
55 26 30 60 21 10 29 44 11 41 28 39 61 51 9 40 35 32 22 17 7 59 25 24 18 56 62 38 27 43 53 57 1 31 12 54 3 6 13 33 16 5 37 45 46 63 48 64 47 2 58 8 42 14 19 49 50 34 36 20 23 52 15 4 
63 19 28 11 41 57 47 40 64 50 36 32 26 7 52 53 49 12 10 23 42 39 20 43 1 45 2 37 31 21 54 16 8 17 61 14 34 56 59 60 24 35 62 4 30 55 33 6 9 15 44 29 22 25 46 51 3 27 58 13 48 18 38 5 
62 38 59 15 58 36 9 17 45 11 48 31 1 10 7 56 34 26 49 39 22 12 29 14 40 51 37 52 23 16 6 13 42 55 46 50 8 43 3 25 54 60 5 27 44 57 63 30 32 19 41 61 64 20 47 21 24 33 53 4 35 2 28 18 
35 4 44 31 32 26 5 63 37 52 30 36 47 16 53 19 59 11 58 25 64 60 27 46 7 10 28 24 43 56 14 41 33 20 2 61 17 49 21 1 18 39 15 34 9 29 50 8 42 13 22 45 6 62 38 23 55 12 57 51 54 40 3 48 
61 10 49 64 33 7 3 2 60 22 58 4 51 20 44 27 42 40 36 18 53 23 13 52 31 50 21 48 8 1 62 5 12 47 59 19 57 41 34 29 56 26 35 46 25 24 11 16 37 30 55 14 9 28 43 54 15 38 39 63 6 17 32 45 
12 55 23 39 43 14 30 19 33 32 9 26 28 38 8 24 4 5 17 6 1 51 44 10 54 3 27 29 15 58 42 61 60 16 63 56 31 48 64 35 52 21 47 62 22 41 45 2 40 36 50 57 11 18 53 59 49 46 20 37 7 34 13 25 
41 18 6 22 53 40 11 51 54 25 50 29 42 21 46 57 2 47 19 9 31 61 43 55 35 36 32 20 38 12 34 33 37 13 28 39 30 14 45 52 23 48 17 7 3 64 4 59 27 63 16 24 49 58 26 15 60 44 5 1 56 62 8 10 
13 8 1 37 57 42 24 48 23 12 18 62 15 34 61 59 45 20 56 7 16 21 3 32 11 4 46 30 39 63 2 25 44 53 26 38 6 54 9 36 55 43 28 58 40 14 19 49 33 5 35 51 29 60 17 10 31 47 50 22 41 64 27 52 
16 54 52 50 20 25 34 45 55 13 3 14 43 6 17 63 15 24 38 41 57 62 28 35 59 49 26 64 19 60 47 53 58 5 40 27 22 4 18 51 12 33 32 37 1 10 36 31 46 56 7 2 44 39 48 8 42 30 23 61 9 11 21 29 
21 29 60 47 27 28 56 46 49 40 5 64 35 41 2 39 48 63 37 54 8 30 33 50 44 17 18 57 45 22 55 9 23 24 10 7 32 62 15 11 6 20 51 13 42 61 53 38 1 25 3 34 4 12 52 31 14 43 26 16 36 58 59 19 
8 64 54 38 51 37 33 3 56 53 39 47 30 55 23 1 32 21 42 14 35 24 45 62 27 6 19 43 11 10 15 22 50 36 29 63 20 7 61 31 13 18 44 60 2 4 46 28 58 26 48 41 34 49 25 57 16 40 9 59 17 5 52 12 
15 56 46 4 44 30 13 34 12 16 51 20 27 9 50 49 8 60 47 29 40 52 2 28 3 24 42 58 21 57 63 26 53 11 19 22 45 17 54 62 36 64 25 23 55 5 41 39 38 61 37 43 14 1 59 35 33 6 32 31 18 10 48 7 
24 2 41 5 61 31 63 7 43 58 10 6 13 33 60 32 54 23 9 20 51 25 37 48 49 38 56 28 59 34 17 18 26 44 64 47 12 15 35 55 42 40 21 50 8 45 52 57 62 3 46 22 27 19 39 16 36 29 1 14 30 4 11 53 
58 60 55 49 10 17 16 20 52 14 2 7 44 28 54 45 19 59 61 26 50 27 12 15 5 41 64 33 48 9 32 35 39 8 34 57 38 30 40 24 53 1 43 51 37 22 6 62 31 18 4 42 36 11 29 56 21 13 63 23 3 47 25 46 
36 42 22 27 29 23 6 25 34 18 35 41 19 8 21 61 17 64 3 30 39 31 63 38 14 52 12 4 13 51 45 1 28 46 43 59 16 5 32 48 11 58 9 20 24 26 56 33 7 47 40 10 53 50 44 55 62 49 2 60 37 57 54 15 
47 52 45 12 14 43 48 35 3 24 17 25 4 11 36 46 57 34 1 13 56 44 6 53 37 62 20 55 40 2 29 7 21 9 58 10 60 27 41 18 19 16 38 49 31 30 59 54 64 33 32 23 15 63 5 28 61 39 51 8 50 42 26 22 
50 32 26 40 1 62 39 28 63 15 59 48 57 42 38 29 22 55 5 10 11 18 49 58 60 53 31 46 54 36 16 30 2 25 4 23 52 33 37 56 3 27 61 35 14 34 7 47 6 12 9 17 8 21 51 13 20 19 45 24 64 41 43 44 
9 59 21 18 19 53 57 11 62 31 37 5 40 22 64 26 43 36 46 16 41 33 4 7 23 8 50 39 47 25 61 44 14 42 49 13 51 3 1 6 29 63 48 10 32 17 15 12 20 54 2 52 24 30 60 45 28 55 56 38 34 27 35 58 
34 17 20 42 18 45 49 61 57 8 54 59 10 15 62 55 39 29 64 53 52 28 11 3 48 63 40 14 12 30 4 50 41 7 16 21 2 36 31 43 1 19 23 38 58 33 26 37 35 32 6 9 25 44 27 60 5 22 24 47 46 51 56 13 
64 50 48 41 8 29 32 27 21 51 60 11 25 14 63 43 62 45 2 44 23 40 42 34 26 20 10 31 58 52 37 47 61 54 22 12 1 57 56 5 46 30 4 39 16 7 24 55 49 28 53 13 3 59 36 17 38 18 35 33 15 19 9 6 
7 46 36 16 11 60 38 56 13 3 42 19 33 53 28 34 5 51 63 37 32 26 55 22 57 1 8 54 29 27 35 45 6 4 44 49 23 9 25 58 43 2 10 59 47 40 64 41 24 31 14 12 39 15 18 30 52 61 62 48 21 50 17 20 
14 22 13 59 47 55 51 53 5 39 49 61 7 56 48 23 31 35 6 19 30 54 60 18 64 15 43 17 9 3 46 2 63 38 37 24 27 32 52 8 28 44 34 12 50 11 57 21 26 45 62 33 58 42 41 20 1 10 40 36 4 25 29 16 
40 25 63 58 54 44 19 31 20 36 4 35 38 52 1 6 50 48 43 47 10 9 24 16 21 61 13 23 22 42 39 59 17 3 33 62 64 53 30 34 14 56 18 15 49 32 29 5 51 46 8 37 2 7 57 11 26 45 41 27 55 12 60 28 
37 5 24 30 62 6 10 12 31 44 27 50 18 32 26 64 61 4 25 21 33 15 8 36 41 16 7 19 56 53 49 51 48 28 55 46 35 60 20 14 17 42 3 22 45 54 9 13 29 40 34 38 52 23 1 47 57 58 11 43 59 63 39 2 
2 3 15 35 23 1 52 26 22 45 29 17 41 46 30 9 58 57 20 12 49 7 56 13 33 55 38 32 36 24 18 28 47 50 11 51 40 39 19 59 48 25 60 6 62 27 31 63 16 4 43 54 61 10 21 5 64 53 8 42 14 44 37 34 
4 39 33 57 28 9 43 21 40 2 12 58 24 47 16 37 27 1 59 38 17 46 14 41 34 25 5 62 6 11 44 60 29 10 45 18 15 42 26 13 35 36 20 52 61 8 51 53 56 50 63 19 55 48 64 22 30 3 54 49 32 23 7 31 
28 37 12 55 9 32 14 5 24 33 15 38 63 1 20 4 11 22 26 57 13 43 17 23 46 42 36 45 34 6 58 49 54 18 3 41 7 52 39 50 64 53 16 56 27 35 30 19 2 59 60 21 62 40 10 25 48 8 31 44 51 29 61 47 
31 6 47 45 34 48 40 24 7 9 41 3 32 49 5 18 64 61 39 50 27 16 62 54 55 11 51 56 17 13 52 37 43 57 15 35 58 26 22 4 20 8 2 42 23 12 1 29 14 53 36 63 30 33 28 44 25 60 21 19 10 59 46 38 
11 53 8 10 3 16 62 50 44 64 6 60 39 23 25 36 38 30 28 56 48 35 46 49 47 33 54 59 5 14 24 29 19 27 1 34 37 40 63 9 41 55 45 43 21 13 18 32 15 20 57 31 51 61 7 58 4 2 17 12 52 22 42 26 
44 20 51 25 49 33 60 18 61 43 31 12 48 29 11 21 14 7 52 4 34 63 58 47 39 30 15 16 62 32 3 27 13 23 17 8 5 24 36 2 38 6 46 26 57 59 54 10 45 1 64 50 19 22 9 42 41 35 37 56 53 28 55 40 
30 43 29 63 52 15 2 13 10 46 19 28 50 26 57 51 12 42 45 8 60 37 18 21 9 64 1 35 4 7 20 40 62 61 53 48 59 25 49 38 5 31 39 11 36 44 47 22 55 24 17 3 41 16 56 6 54 23 34 32 33 14 58 27 
39 58 61 56 59 41 26 38 42 47 22 16 53 40 35 52 1 44 29 51 5 36 19 20 43 2 57 18 60 23 21 12 10 30 31 45 46 55 11 64 37 49 33 25 17 3 28 14 13 8 54 4 48 27 34 32 9 24 6 15 62 7 63 50 
57 27 35 23 36 54 4 22 8 30 14 45 17 62 34 13 10 3 55 2 24 32 31 59 61 19 53 25 63 28 41 48 56 60 6 42 21 20 33 44 7 15 50 9 51 52 58 40 5 29 38 46 12 47 37 26 39 1 43 18 11 16 64 49 
19 21 7 46 17 64 1 42 58 54 56 37 55 59 27 2 25 15 53 33 9 6 41 40 10 26 22 44 50 38 31 8 32 14 51 29 28 47 12 16 4 24 63 61 34 48 62 60 11 49 18 39 43 35 23 52 45 36 3 5 13 20 30 57 
################proper############## 

 average_time = 14.254658 

 success runs = 1 

 total average iters = 244704.000000 
