Success!!! 
 
 max_col = 
 64 
 
 run_time = 
 19.112923 
 
 once iters = 
 600402 
 
6 41 54 47 42 36 63 33 59 1 26 46 60 12 4 49 2 30 3 53 9 61 22 13 15 45 38 10 35 50 23 57 44 11 52 58 32 37 40 39 34 5 14 62 55 27 17 20 64 31 56 48 18 16 43 28 51 8 24 29 21 19 25 7 
26 60 15 53 55 62 24 31 41 3 30 37 18 50 47 22 36 23 48 35 56 64 57 58 59 19 16 32 6 39 34 9 4 1 45 28 5 43 38 49 54 7 21 42 12 29 44 40 61 51 11 8 20 25 27 13 33 63 46 52 17 10 14 2 
21 61 12 4 43 37 10 14 38 16 5 11 42 45 24 19 29 50 44 54 59 55 39 1 52 46 30 64 49 40 17 62 53 41 31 3 22 56 36 26 25 57 51 32 8 33 60 35 58 6 7 63 34 47 2 23 15 9 18 27 20 28 13 48 
51 19 1 56 46 39 50 17 43 32 52 53 10 28 54 31 45 8 6 40 24 62 15 26 60 33 2 41 29 44 25 42 20 13 27 47 48 7 9 16 11 64 3 4 18 22 30 63 37 59 38 36 49 5 21 14 23 61 35 12 58 34 55 57 
32 57 16 9 49 23 44 29 56 34 39 55 17 61 48 63 7 52 19 60 43 20 4 10 27 18 13 58 1 51 21 28 2 64 59 35 14 15 25 8 31 6 38 45 50 41 36 37 33 46 26 22 42 24 12 62 47 5 54 11 30 40 53 3 
2 20 11 30 34 45 28 13 6 9 8 25 40 64 7 23 41 47 49 27 31 18 51 16 14 43 55 12 63 54 5 3 21 33 50 29 17 61 10 46 15 58 1 24 48 59 26 56 52 4 35 19 60 32 53 57 22 37 39 42 62 36 44 38 
8 58 38 40 25 27 59 48 35 20 33 57 29 21 15 2 11 42 5 12 32 46 17 14 22 36 7 31 37 24 56 61 23 63 34 62 18 60 51 54 43 9 53 13 28 19 47 52 39 44 1 55 3 30 50 10 6 49 41 26 64 16 4 45 
64 52 18 35 7 22 5 3 36 13 14 58 62 51 44 27 37 33 34 28 21 25 63 38 8 20 48 11 4 26 53 47 19 55 42 12 24 30 6 57 23 10 39 49 16 2 61 46 9 17 29 45 40 54 15 41 50 32 43 56 1 31 60 59 
5 32 3 54 58 15 13 1 23 45 35 51 61 56 57 41 40 14 20 10 22 48 46 62 55 17 39 60 16 11 29 18 6 7 2 8 4 27 37 28 38 43 36 21 24 30 53 19 25 50 47 12 44 59 64 26 34 42 63 9 33 52 49 31 
30 53 9 59 45 14 40 43 47 27 21 6 19 16 39 20 38 24 13 15 35 12 1 63 49 32 26 8 34 61 62 37 54 31 57 22 52 17 44 41 58 11 55 25 46 10 50 4 42 28 33 5 56 18 7 48 3 23 51 2 60 29 36 64 
60 39 34 27 16 46 4 22 28 10 48 29 63 7 38 54 43 25 32 47 42 44 18 53 50 9 56 21 12 23 36 13 3 61 14 40 45 58 24 64 5 26 20 8 51 6 33 2 15 37 49 57 31 52 41 55 35 59 11 62 19 1 30 17 
29 17 35 41 8 25 2 11 49 62 36 9 34 42 1 44 60 64 26 51 39 3 33 31 54 10 46 7 57 28 19 43 55 18 30 23 50 12 5 15 56 48 40 59 52 37 22 27 45 14 6 16 21 4 63 53 13 24 58 38 32 47 61 20 
23 26 62 38 12 63 64 56 50 52 32 60 5 3 30 24 27 54 61 36 6 8 59 2 47 40 53 22 14 33 44 41 10 25 29 19 49 42 21 20 16 15 34 17 13 45 39 31 11 43 9 35 51 58 1 46 48 28 4 57 7 18 37 55 
24 10 51 42 48 44 61 21 8 12 13 33 4 31 43 46 34 7 50 49 11 37 9 55 30 52 20 3 5 15 58 63 60 26 32 53 56 59 1 36 41 18 47 64 35 23 28 57 19 39 40 29 2 62 38 17 25 45 27 16 14 54 6 22 
55 28 33 36 52 50 7 37 15 18 2 17 25 58 40 64 5 19 41 45 4 57 56 23 1 59 35 6 42 48 27 31 39 38 47 63 16 11 34 51 62 29 61 12 32 9 49 14 13 54 3 24 30 60 22 20 8 46 53 10 26 44 43 21 
18 47 57 49 20 31 19 6 22 55 53 59 11 37 14 26 21 16 30 58 52 29 28 17 24 2 25 4 45 64 38 51 46 62 35 13 43 48 33 9 44 42 60 1 3 63 54 7 34 27 23 32 8 10 36 61 39 15 5 50 41 56 12 40 
58 59 30 28 35 54 49 45 60 48 6 1 43 25 5 56 14 27 52 31 55 47 16 64 17 38 41 36 53 37 50 33 63 4 15 39 8 23 42 61 18 40 12 7 10 26 29 34 32 11 46 44 62 13 51 2 57 21 22 3 9 24 20 19 
53 55 14 12 19 26 23 60 20 38 40 62 15 39 22 59 4 3 28 8 36 1 6 24 21 61 44 45 31 9 51 25 41 2 16 37 11 49 35 48 57 63 46 50 64 32 42 5 30 10 27 34 54 29 17 43 18 52 7 33 47 13 58 56 
11 21 44 50 10 16 46 61 58 29 3 31 8 41 19 18 13 2 62 20 37 54 25 51 28 49 60 63 15 27 64 32 40 57 9 24 38 34 56 52 47 33 35 14 6 4 48 59 7 12 55 26 36 1 45 22 43 17 42 53 5 30 39 23 
1 7 42 15 40 33 22 20 11 17 46 12 27 26 55 51 19 21 60 29 49 45 5 9 58 34 6 48 43 47 35 59 13 50 53 64 10 28 54 31 30 36 2 44 39 52 23 62 18 24 4 14 57 38 56 3 63 25 16 37 61 41 32 8 
47 43 31 37 57 17 18 38 32 61 9 24 33 34 64 52 23 15 42 48 63 41 26 46 2 13 4 54 7 20 12 5 14 30 6 21 1 22 62 3 27 25 16 19 49 28 56 55 50 60 39 58 53 40 8 35 29 51 10 44 36 59 45 11 
4 9 32 24 41 8 48 34 13 21 57 54 30 44 2 7 53 59 43 18 12 39 61 35 40 16 14 52 56 29 22 10 51 36 46 25 19 47 26 45 17 1 11 3 60 20 58 15 49 33 42 64 23 37 5 63 27 50 38 55 28 6 31 62 
25 13 29 63 56 2 51 52 42 35 50 16 36 53 23 47 57 44 11 7 38 10 58 40 62 39 1 19 30 55 3 46 5 59 18 32 27 33 60 17 8 22 45 37 54 24 41 43 31 61 20 21 9 6 28 15 26 64 12 49 4 14 48 34 
39 5 27 64 62 6 3 36 37 28 10 63 14 49 45 4 30 56 33 17 34 32 50 22 42 26 8 18 23 57 24 11 58 44 55 20 7 29 12 43 13 53 9 38 31 61 51 21 48 47 52 59 19 41 25 16 40 35 60 46 2 15 54 1 
44 38 45 61 53 35 57 49 63 22 19 56 50 24 60 58 17 40 18 3 14 26 36 43 51 7 12 23 64 1 2 20 9 48 4 6 28 5 32 30 37 62 8 41 29 31 27 16 54 15 34 47 46 21 55 42 10 13 25 59 11 33 52 39 
43 40 28 5 14 12 32 9 29 39 51 18 7 35 27 42 48 11 10 57 46 56 52 61 45 15 47 53 54 49 60 26 50 34 8 44 13 55 22 21 6 30 64 36 63 58 3 33 17 25 16 41 59 20 31 19 4 62 1 23 37 38 2 24 
16 24 48 7 13 34 25 2 33 8 12 26 31 14 21 28 63 39 9 41 5 19 47 45 36 56 27 50 11 52 30 55 62 53 37 54 64 38 29 42 49 59 23 57 4 17 20 10 40 1 44 61 58 22 60 32 46 6 3 15 35 43 18 51 
52 64 37 33 29 47 36 51 9 23 11 41 13 62 46 38 54 58 25 42 44 15 32 30 57 6 24 17 59 3 10 4 49 35 56 16 60 63 31 7 61 50 43 22 45 1 34 53 8 2 5 18 14 39 26 27 20 19 28 40 48 55 21 12 
22 1 8 26 6 19 27 42 34 64 54 10 55 47 32 3 50 37 7 4 53 21 12 59 46 28 5 62 25 14 16 58 52 24 11 15 20 45 23 18 40 38 56 60 2 39 35 44 43 48 51 13 33 63 57 36 49 30 9 17 31 61 29 41 
41 18 63 46 11 59 39 23 5 4 20 43 52 15 6 37 51 29 8 16 2 31 24 60 35 42 21 61 33 34 40 22 47 17 3 1 57 36 19 27 48 13 25 26 9 54 55 12 38 30 10 62 7 28 49 64 56 58 45 14 44 53 50 32 
3 4 58 60 54 10 30 15 1 49 61 2 53 17 16 40 62 55 23 64 13 6 35 20 44 48 31 38 8 41 63 39 59 12 43 51 25 26 46 33 14 32 28 11 7 21 19 18 24 56 50 37 52 9 29 45 42 57 47 5 27 22 34 36 
20 50 17 55 31 56 21 62 44 36 25 48 57 30 59 45 49 22 38 1 33 34 27 28 43 29 37 9 18 32 13 19 61 58 39 41 40 2 14 10 46 51 52 5 47 42 15 24 4 35 12 53 11 3 23 6 54 60 26 64 8 7 16 63 
15 54 23 31 36 9 20 5 45 56 49 64 21 63 37 17 1 60 2 61 10 13 62 57 34 3 18 28 55 25 41 24 27 22 40 48 42 16 52 12 51 19 30 39 59 46 7 50 44 26 43 6 29 11 4 58 14 47 8 32 53 35 38 33 
59 29 64 43 51 1 52 57 53 24 62 8 9 11 3 5 12 46 55 39 15 27 31 19 63 30 42 2 48 60 37 56 7 49 44 4 26 10 47 50 32 35 54 18 40 16 21 61 36 41 45 25 17 14 33 38 28 34 20 58 13 23 22 6 
62 33 53 21 38 18 47 24 16 51 43 15 12 2 36 14 42 35 4 30 48 49 64 37 31 54 61 27 40 7 20 17 56 6 58 45 39 32 55 34 26 28 10 9 41 57 8 23 59 3 22 50 63 46 13 1 52 11 44 60 29 25 19 5 
14 35 19 13 61 60 37 10 40 25 59 32 44 46 28 30 8 51 63 11 50 7 38 56 39 64 57 33 9 6 45 12 24 15 1 36 62 53 2 29 4 55 17 47 22 48 43 58 23 42 21 52 5 27 20 34 41 31 49 54 16 3 26 18 
40 49 46 39 30 55 45 63 4 6 18 35 58 38 61 50 28 32 54 44 26 5 3 41 29 22 59 14 52 62 43 23 25 19 33 17 51 8 13 11 12 27 31 20 34 36 24 1 16 53 48 2 37 56 47 60 21 10 64 7 57 9 42 15 
17 42 50 3 4 11 16 58 39 26 27 7 22 10 41 33 18 45 40 43 29 9 14 34 13 47 32 5 44 19 15 8 37 23 21 57 59 31 20 35 53 60 49 2 38 25 52 6 28 64 62 30 61 55 24 54 12 56 36 48 63 51 1 46 
27 48 22 8 28 32 26 12 54 31 1 23 47 29 13 34 6 36 16 25 17 59 20 52 4 58 50 46 10 53 11 21 64 60 41 30 9 14 61 38 33 3 44 15 56 5 63 42 51 57 18 7 39 19 35 49 45 43 55 24 40 2 62 37 
56 25 6 44 2 41 34 7 55 60 42 19 20 48 52 57 24 53 22 33 23 58 21 47 26 1 51 16 36 38 49 35 28 43 54 46 3 18 63 5 64 14 37 29 11 62 45 13 12 32 15 31 10 8 40 9 61 27 17 4 50 39 59 30 
38 56 7 58 60 29 43 4 30 5 44 27 46 40 53 35 20 61 45 19 54 22 23 39 16 31 62 47 13 59 48 2 57 37 26 50 55 9 11 24 28 8 33 52 17 14 18 51 63 21 64 42 25 15 34 12 1 36 6 41 10 32 3 49 
19 16 55 1 33 20 8 35 31 2 23 47 24 59 49 60 9 4 36 62 3 14 40 7 56 12 11 57 17 45 54 38 32 27 28 61 41 21 64 22 63 46 50 34 42 43 10 30 6 5 37 51 48 53 39 52 58 44 13 25 18 26 15 29 
45 37 41 22 47 21 9 64 57 42 28 61 1 36 11 13 16 6 31 24 51 33 44 12 5 60 52 49 3 63 26 34 35 10 17 7 23 40 15 59 19 4 58 55 20 53 25 29 62 38 8 54 27 2 32 18 30 39 14 43 46 48 56 50 
42 36 49 2 59 61 54 46 17 33 58 21 51 4 10 55 15 34 57 56 25 52 30 5 9 35 43 1 50 18 6 29 12 39 19 14 31 62 3 63 60 47 32 48 26 11 16 22 41 7 13 40 28 45 44 24 38 53 37 8 23 20 64 27 
50 27 25 34 24 5 14 44 3 63 37 39 45 6 18 32 64 17 53 26 60 42 29 48 10 8 23 15 19 36 46 30 43 52 20 38 54 4 49 1 21 56 62 40 57 13 59 41 35 58 61 33 47 31 9 11 7 55 2 51 22 12 28 16 
48 15 52 32 17 28 11 53 19 43 16 22 56 9 20 12 10 18 37 63 8 38 41 49 64 25 33 42 61 21 7 14 34 29 13 60 30 51 58 6 35 39 27 31 44 3 2 54 55 23 59 1 26 36 46 50 24 40 62 47 45 57 5 4 
31 23 40 10 39 57 62 30 26 14 7 50 48 52 8 25 35 1 59 46 27 43 13 11 41 55 28 20 51 58 32 53 33 45 5 56 2 44 18 47 24 12 15 6 37 38 64 36 3 22 17 60 4 49 16 29 9 54 21 19 34 42 63 61 
63 51 13 6 26 3 12 18 62 15 41 38 64 54 34 29 32 28 58 21 47 2 55 50 37 27 22 44 24 4 39 40 48 16 36 42 53 46 8 25 1 49 5 23 61 7 9 45 20 19 14 56 43 57 10 30 11 33 59 31 52 60 17 35 
37 12 61 14 22 38 1 32 10 53 47 20 6 60 35 48 52 62 27 9 16 4 34 21 25 50 49 29 41 31 33 64 17 54 23 2 63 57 30 40 45 24 59 51 58 44 5 8 56 55 28 39 13 42 3 7 19 18 15 36 43 46 11 26 
57 6 47 19 9 58 41 50 51 46 24 13 3 8 26 11 33 31 29 5 45 60 2 54 61 62 63 30 38 12 14 27 15 32 48 59 35 1 39 4 7 52 18 43 25 49 40 28 53 20 36 10 22 17 37 44 55 16 34 21 56 64 23 42 
34 2 39 11 18 42 17 16 7 58 45 44 49 32 56 62 25 41 64 23 1 28 8 15 6 24 36 59 21 35 57 48 31 5 51 55 33 13 43 14 29 20 22 30 19 12 37 26 27 9 60 46 50 61 54 40 53 3 52 63 38 4 10 47 
33 62 10 51 5 24 31 26 61 59 22 14 23 18 17 16 3 38 39 50 57 40 11 44 32 37 54 34 46 56 28 15 42 20 49 9 58 19 27 60 55 21 63 53 36 35 6 47 1 29 25 43 64 48 52 4 2 41 30 45 12 8 7 13 
13 45 20 25 44 43 56 55 21 40 38 52 54 27 50 39 22 12 14 32 58 30 53 36 18 51 10 26 47 42 4 1 16 8 64 34 6 24 7 62 3 61 57 46 23 60 31 11 2 63 19 15 41 33 59 5 17 48 29 28 49 37 35 9 
36 46 59 52 15 7 35 40 12 57 4 30 28 55 33 1 47 26 56 13 19 63 48 42 23 5 9 43 2 17 8 44 45 3 38 18 29 25 53 37 39 16 41 10 27 64 14 32 21 49 24 11 6 34 58 31 62 22 61 20 54 50 51 60 
54 8 4 48 3 30 29 28 64 19 15 42 2 5 63 36 46 43 51 37 7 24 49 18 20 53 45 40 39 22 55 60 11 21 12 10 61 52 41 44 50 17 13 56 33 34 38 9 26 62 32 23 16 35 14 47 31 1 57 6 59 58 27 25 
49 63 21 23 64 53 60 27 25 41 29 34 37 43 31 9 55 20 35 59 61 17 10 6 19 11 3 13 58 16 52 7 36 46 22 26 47 50 28 56 42 2 4 54 62 15 1 48 57 8 30 38 45 12 18 51 32 14 40 39 24 5 33 44 
12 31 60 18 50 40 55 19 48 47 34 36 38 33 25 6 26 57 15 52 30 51 37 32 53 63 29 35 22 5 42 49 1 9 61 43 21 41 59 2 20 45 7 28 14 56 11 17 10 16 54 3 24 44 62 8 64 4 23 13 39 27 46 58 
35 22 43 29 21 49 58 54 27 50 56 28 32 19 62 8 59 63 24 34 40 23 45 25 7 41 15 51 20 46 47 52 26 42 10 5 36 39 4 53 9 44 6 61 1 18 12 38 60 13 31 17 55 64 48 37 16 2 33 30 3 11 57 14 
9 11 26 20 27 52 42 8 14 37 55 49 41 1 51 10 44 48 46 2 64 35 19 3 12 57 40 24 62 43 61 45 38 56 60 33 34 6 16 13 22 54 29 63 21 50 4 25 5 36 58 28 32 23 30 39 59 7 31 18 15 17 47 53 
7 44 56 62 1 64 33 59 52 11 31 3 16 13 12 15 39 5 47 14 20 53 42 8 38 23 34 55 60 10 9 50 22 51 63 27 46 54 17 19 2 37 24 58 30 40 32 49 29 18 57 4 35 43 6 21 36 26 48 61 25 45 41 28 
61 3 24 17 32 4 53 25 2 54 64 45 59 23 9 21 58 13 12 22 62 11 43 29 33 44 19 37 28 30 18 36 8 14 7 49 15 35 48 55 10 31 26 16 5 47 57 39 46 34 41 27 38 51 42 56 60 20 50 1 6 63 40 52 
10 30 5 45 23 48 6 47 46 7 63 4 39 20 29 43 31 9 17 55 41 36 60 27 11 21 58 56 26 2 1 16 18 28 25 52 44 64 57 32 59 34 42 35 15 8 13 3 14 40 53 49 12 50 61 33 37 38 19 22 51 62 24 54 
46 34 2 16 37 13 15 41 18 44 60 40 26 57 42 61 56 10 21 38 28 50 54 4 48 14 17 39 27 8 59 6 30 47 24 31 12 3 45 58 36 23 19 33 53 51 62 64 22 52 63 20 1 7 11 25 5 29 32 35 55 49 9 43 
28 14 36 57 63 51 38 39 24 30 17 5 35 22 58 53 61 49 1 6 18 16 7 33 3 4 64 25 32 13 31 54 29 40 62 11 37 20 50 23 52 41 48 27 43 55 46 60 47 45 2 9 15 26 19 59 44 12 56 34 42 21 8 10 
################proper############## 

 average_time = 19.112923 

 success runs = 1 

 total average iters = 600402.000000 
