Success!!! 
 
 max_col = 
 64 
 
 run_time = 
 17.679313 
 
 once iters = 
 550322 
 
6 25 1 30 27 14 52 54 21 45 47 46 28 16 8 49 2 32 3 34 9 23 58 4 40 29 38 59 35 62 20 57 64 11 60 37 44 17 12 61 55 5 51 26 18 13 41 33 36 31 56 48 50 10 43 63 39 53 15 42 22 19 24 7 
26 60 19 61 63 62 24 31 2 3 59 37 54 50 41 15 45 14 39 53 56 27 21 13 10 22 16 49 6 47 23 9 38 36 52 51 5 43 8 40 64 7 32 48 12 29 44 28 34 1 11 35 20 25 42 4 33 18 46 58 30 55 57 17 
21 32 33 4 11 22 10 43 31 58 7 18 38 5 24 30 29 50 6 54 59 55 63 1 48 46 2 64 12 42 15 37 39 41 20 3 19 26 56 34 25 57 49 52 8 60 53 35 51 23 16 17 61 47 13 9 36 45 14 27 40 28 62 44 
51 20 5 58 46 39 36 17 43 40 57 53 10 19 42 33 38 31 24 7 61 62 64 15 8 50 1 41 45 44 25 3 47 13 27 29 48 22 30 16 11 54 14 4 2 23 56 63 37 59 32 55 28 18 52 49 21 9 35 6 60 12 34 26 
53 57 16 9 49 40 37 29 56 1 39 55 17 61 48 63 44 42 20 19 60 26 51 8 27 18 13 58 52 7 4 28 25 2 59 35 14 15 45 32 31 6 30 36 50 34 21 43 33 3 46 22 64 24 12 62 47 5 54 38 23 10 41 11 
2 3 42 56 34 45 13 47 36 9 12 64 6 11 26 23 46 52 49 40 16 18 41 35 14 24 55 32 63 51 5 53 21 28 50 10 31 33 62 57 15 58 1 27 17 59 22 20 39 38 7 19 60 30 44 54 25 37 61 29 8 4 48 43 
8 59 38 41 15 28 50 55 35 20 52 34 29 22 44 25 11 57 48 12 5 43 30 10 33 36 17 31 60 39 56 61 23 4 46 58 18 7 1 54 62 9 24 45 37 19 47 42 14 6 26 2 40 53 27 21 49 13 3 51 64 16 63 32 
64 12 18 35 7 23 48 44 4 13 14 32 62 51 60 27 37 33 47 28 22 25 17 36 54 34 30 11 43 26 21 19 49 9 42 63 24 53 6 55 3 10 39 40 38 16 61 46 29 45 5 57 58 8 15 41 50 52 56 2 1 31 20 59 
38 26 51 33 17 20 5 1 62 19 48 11 47 56 57 41 21 10 13 27 63 59 60 49 55 32 39 18 8 45 29 36 6 7 30 53 4 54 37 64 46 43 61 35 24 22 23 14 58 50 40 12 2 16 28 3 34 42 44 9 31 52 25 15 
24 53 9 16 45 8 32 12 50 27 21 40 22 23 39 2 42 34 29 15 35 37 47 5 46 10 49 6 54 61 60 26 55 52 38 13 57 51 44 41 58 11 62 25 28 17 20 31 48 30 19 18 56 33 7 14 3 4 1 63 59 43 36 64 
39 40 3 27 48 64 4 59 38 10 46 29 63 7 43 54 56 25 32 18 31 44 1 61 16 9 33 21 11 12 34 13 28 5 14 22 45 58 20 8 60 26 50 47 51 6 37 2 15 17 24 42 36 52 41 55 35 49 53 62 19 23 30 57 
55 28 35 2 50 25 58 11 49 15 36 52 34 6 33 44 26 64 8 51 39 3 46 14 62 5 57 7 37 24 19 43 42 56 1 23 17 12 31 18 16 48 40 54 4 30 29 27 59 22 47 45 21 9 63 53 13 60 41 10 32 38 61 20 
10 61 62 63 43 31 60 52 12 35 32 42 37 3 16 24 58 23 54 36 40 30 57 2 47 20 53 22 14 15 44 41 27 25 29 19 59 21 33 39 38 45 55 8 13 5 1 9 11 49 64 26 51 34 4 46 6 56 28 17 7 18 50 48 
23 13 34 49 22 54 44 21 8 5 60 1 61 31 4 58 43 7 19 62 17 12 48 55 30 52 56 3 42 28 64 63 24 26 32 40 15 9 50 11 41 18 59 53 33 57 36 10 25 39 20 29 35 6 38 37 46 27 47 16 14 45 51 2 
56 15 46 36 37 7 6 42 53 18 9 51 25 30 28 14 50 38 41 45 4 33 20 24 1 59 35 27 58 48 17 31 10 63 47 49 16 61 34 2 32 52 64 12 3 21 39 19 13 43 62 44 57 60 54 23 8 29 55 40 26 5 11 22 
29 47 57 14 30 41 19 18 26 17 13 59 20 64 45 55 22 16 11 9 52 53 28 6 23 2 25 4 50 40 38 51 3 62 35 60 43 48 36 46 44 42 34 56 15 49 63 7 61 27 1 31 8 5 10 32 12 58 39 21 54 24 37 33 
58 33 30 28 38 13 49 61 20 62 51 14 43 25 5 56 4 63 10 46 29 39 52 16 3 47 15 1 17 37 6 64 41 44 55 12 23 59 42 45 18 40 26 7 60 48 50 34 53 11 54 24 19 32 31 2 57 21 22 36 9 27 35 8 
5 55 14 8 19 26 23 60 6 12 40 57 7 15 22 59 64 48 42 13 36 1 53 28 21 4 44 50 31 34 61 2 20 33 16 39 11 49 35 37 24 63 46 9 32 43 25 56 45 10 27 41 18 29 17 47 51 54 38 52 62 30 58 3 
11 21 44 50 39 16 31 45 58 47 3 17 26 41 1 18 12 8 62 25 37 54 61 51 9 55 60 10 56 27 46 32 40 57 15 24 38 34 2 52 29 53 35 14 6 4 19 59 49 36 33 7 30 22 48 28 63 20 42 13 5 64 43 23 
46 37 10 40 25 34 22 20 60 42 11 35 27 29 55 28 7 2 58 31 49 45 18 9 43 26 52 19 5 36 48 59 63 50 62 64 8 13 54 6 23 44 12 17 39 1 30 57 21 4 14 15 3 38 51 56 32 47 16 53 24 61 33 41 
47 9 48 59 57 18 53 63 32 61 38 24 31 34 64 52 23 15 21 50 19 41 26 60 25 13 28 54 7 20 33 16 36 30 56 4 46 14 51 3 27 37 22 62 49 2 5 55 42 12 6 58 43 1 8 35 29 11 10 44 17 39 45 40 
4 17 32 15 1 43 41 64 39 44 8 54 30 13 2 9 3 24 35 33 6 11 55 27 53 49 22 45 51 29 62 12 19 60 48 21 10 47 26 7 61 20 38 16 52 42 58 36 40 57 23 63 46 37 5 59 18 50 25 14 28 56 31 34 
52 27 29 51 56 2 35 24 46 33 50 16 36 53 21 19 57 44 43 47 38 20 59 40 58 23 41 63 30 18 14 42 5 1 31 32 22 28 25 17 10 3 45 15 54 64 11 8 55 34 60 13 9 39 62 61 26 48 12 7 4 49 6 37 
12 42 36 54 62 6 3 7 37 23 10 4 49 45 63 48 30 56 34 17 32 14 5 22 38 39 8 35 40 57 24 11 53 18 58 61 27 29 9 43 13 41 47 28 31 33 51 21 26 64 52 50 44 20 25 16 59 19 60 46 55 15 2 1 
44 38 26 64 53 42 18 49 23 22 63 9 13 24 50 17 5 40 7 35 3 36 14 43 51 25 12 61 29 1 8 45 56 46 4 6 28 57 32 48 37 62 20 58 55 31 60 16 54 15 34 47 27 21 30 52 2 41 19 59 11 33 10 39 
20 2 28 5 21 12 61 32 29 60 16 25 64 35 27 42 48 58 56 57 46 52 33 11 49 43 47 26 44 31 54 23 50 34 39 41 7 55 22 14 6 30 8 38 63 10 9 15 18 51 4 36 1 59 40 19 45 62 17 3 37 53 13 24 
7 24 11 23 13 4 25 3 41 8 34 26 32 14 31 12 17 39 9 16 10 28 6 45 36 56 37 2 33 52 30 55 62 21 18 54 64 38 5 42 19 59 43 57 29 40 27 49 46 53 44 61 48 58 60 22 15 1 63 20 35 50 47 51 
59 22 60 31 52 47 51 48 44 39 19 33 11 62 46 7 1 37 18 42 26 15 32 30 50 6 20 5 57 3 10 27 29 8 9 16 35 63 40 58 54 17 56 64 34 24 4 53 41 2 25 43 38 13 49 45 28 23 21 55 61 36 14 12 
17 1 8 34 6 19 63 39 54 37 49 10 40 36 30 3 61 47 38 41 53 64 27 21 13 28 4 62 59 14 16 58 52 24 51 15 20 45 23 26 2 25 11 50 46 7 35 44 9 56 42 5 33 55 57 12 60 22 18 43 48 32 29 31 
41 14 15 46 29 33 57 9 5 4 61 43 52 55 6 20 51 59 2 49 12 50 24 25 35 11 42 17 34 19 40 22 1 10 3 31 53 36 60 27 48 39 13 21 45 47 18 23 62 32 63 16 7 28 37 64 56 26 30 54 44 58 8 38 
36 35 58 45 16 10 30 40 1 2 15 56 53 18 38 47 62 55 23 8 13 19 54 20 7 48 21 60 64 41 63 39 59 12 11 44 25 37 43 33 42 22 28 32 61 52 3 51 31 24 29 6 17 50 14 26 4 46 27 5 57 34 49 9 
27 50 37 55 54 56 43 62 45 21 58 48 57 28 59 51 63 60 31 22 44 34 4 29 24 38 46 9 18 32 53 15 61 19 17 47 49 2 13 30 14 1 41 5 26 36 33 12 10 35 39 8 11 3 23 20 40 25 52 64 42 7 16 6 
13 54 23 42 31 9 20 5 47 48 35 27 21 49 37 64 19 30 45 26 33 60 50 41 44 3 18 28 55 63 12 56 2 61 34 17 1 40 24 15 51 38 10 39 59 46 7 6 4 16 43 52 29 11 36 58 14 57 8 32 53 25 22 62 
34 29 64 37 35 1 27 57 13 56 62 8 58 59 53 5 54 3 55 39 21 9 31 12 26 19 32 24 48 60 22 30 7 49 44 43 47 10 11 50 36 4 42 18 40 63 15 61 2 46 45 25 41 14 33 38 20 28 6 23 52 51 17 16 
62 58 53 26 33 44 40 56 16 51 43 15 12 2 36 10 24 35 17 37 48 4 13 42 31 54 61 20 25 46 41 47 14 59 6 45 39 18 28 63 30 49 3 23 9 50 8 52 7 19 22 21 55 57 32 1 38 64 34 60 29 11 27 5 
14 46 55 52 3 38 47 10 18 25 24 50 1 44 54 45 59 51 61 63 2 7 16 56 42 64 43 33 9 11 57 62 13 22 8 36 60 30 4 29 12 35 17 19 48 32 34 58 23 20 28 40 5 27 53 6 41 31 49 15 39 37 26 21 
30 49 2 17 18 50 21 15 19 6 26 61 46 38 3 60 27 11 22 44 14 5 62 23 29 40 59 39 36 53 45 8 58 48 54 25 51 32 52 12 43 16 31 20 57 28 24 41 64 37 10 34 42 56 47 13 7 63 4 1 33 9 55 35 
63 43 39 19 4 61 16 51 22 29 33 7 41 20 32 11 18 28 40 6 15 49 38 34 2 1 27 52 13 21 58 17 26 23 64 57 42 31 55 35 53 47 54 37 44 25 14 5 8 9 50 30 59 62 24 60 10 12 36 48 45 3 56 46 
60 48 22 12 28 32 45 36 14 31 30 63 9 39 40 34 20 29 53 58 57 8 25 52 4 37 50 23 10 6 7 5 46 16 41 62 56 3 19 38 33 21 27 11 64 26 55 1 44 61 51 49 54 17 35 15 42 43 13 24 47 2 59 18 
25 6 7 24 8 11 59 41 55 28 42 23 4 17 52 57 32 1 36 64 43 46 10 47 34 14 51 16 15 38 49 35 9 20 53 33 37 27 21 5 22 60 2 29 56 62 45 13 3 26 48 39 12 63 18 31 61 40 58 19 50 54 44 30 
22 56 52 38 24 37 9 4 17 43 44 62 2 46 11 35 39 54 63 30 55 32 29 58 5 31 6 47 16 59 51 18 57 40 26 20 61 8 53 23 28 50 33 60 41 27 42 45 19 48 13 14 25 15 34 36 1 7 64 12 10 21 3 49 
19 16 61 32 59 35 8 33 3 49 23 31 24 60 20 50 28 45 52 4 25 10 36 7 56 17 48 57 1 9 11 21 12 27 2 14 41 6 64 22 63 46 29 34 53 39 26 30 38 5 37 51 62 43 55 42 58 44 40 47 18 13 15 54 
28 62 41 10 47 21 29 14 57 36 27 58 42 1 19 13 49 6 33 24 11 22 9 64 37 60 40 12 53 54 26 34 35 15 45 7 32 52 16 31 5 51 25 55 20 61 43 4 63 44 8 3 23 2 39 18 30 17 59 56 46 48 38 50 
42 36 49 18 58 27 54 2 34 55 53 12 51 4 15 61 60 46 44 20 41 31 23 50 52 30 29 38 28 33 43 25 17 39 19 59 21 62 3 1 9 32 48 13 10 11 40 22 47 7 57 56 26 45 64 24 16 35 37 8 6 14 5 63 
40 44 25 1 64 5 7 46 30 63 37 39 33 47 18 32 34 17 57 3 51 42 12 48 22 45 23 15 19 8 13 20 43 38 28 50 54 4 49 24 21 56 58 6 16 14 59 62 35 60 61 10 53 31 9 11 27 55 2 26 36 41 52 29 
15 39 45 43 55 17 11 53 25 16 5 28 56 9 7 21 13 18 37 1 8 38 40 26 64 42 10 46 2 49 32 14 48 29 63 34 30 60 58 51 35 36 23 44 47 3 12 54 22 33 59 27 52 41 6 50 24 61 62 31 20 57 19 4 
31 23 63 20 60 57 34 30 40 26 6 22 48 52 10 8 14 62 59 43 27 21 35 53 41 7 3 36 61 58 55 50 33 37 5 56 13 44 18 47 49 2 15 1 19 38 64 24 16 28 17 54 4 12 46 29 9 51 32 11 25 42 39 45 
48 51 13 6 26 3 12 50 64 41 45 38 59 54 14 29 16 61 5 56 47 2 15 19 63 27 62 44 24 35 39 4 11 55 36 42 9 46 10 25 57 8 18 31 7 37 52 17 20 40 58 1 32 49 21 30 23 33 43 22 34 60 28 53 
37 7 40 62 32 60 1 27 10 53 22 5 8 26 35 4 15 9 30 59 45 6 34 63 57 12 11 14 49 50 52 48 31 54 23 2 29 42 38 28 47 24 44 51 21 58 17 18 56 41 55 33 13 36 3 25 19 16 20 39 43 46 64 61 
18 64 6 29 9 58 14 35 51 46 28 13 3 12 56 31 33 19 27 5 42 17 2 62 61 8 24 30 41 16 37 38 4 45 10 48 34 1 39 21 59 55 57 43 25 20 54 60 32 47 49 53 22 7 26 44 52 15 11 50 63 40 23 36 
45 31 4 11 42 36 17 16 7 24 20 44 19 48 58 62 25 41 64 23 50 47 8 46 6 15 63 29 21 22 28 10 32 51 43 55 33 5 14 59 39 13 52 30 1 12 49 26 27 18 9 60 34 61 2 40 53 3 57 37 38 35 54 56 
33 41 47 57 5 24 38 26 27 14 25 30 23 37 17 16 40 13 28 52 18 29 22 39 32 62 54 34 4 56 2 46 15 3 49 9 58 11 61 60 8 19 63 42 36 53 6 50 1 21 35 64 31 48 20 43 44 10 51 45 12 59 7 55 
43 19 20 25 61 55 56 34 15 52 54 2 60 57 49 40 10 12 14 32 58 48 3 44 18 35 26 51 47 64 36 1 16 53 13 8 6 24 7 62 4 33 37 41 23 45 31 29 50 63 38 11 39 46 59 5 17 30 9 28 21 22 42 27 
3 52 50 22 51 15 39 13 11 38 55 21 45 63 34 1 53 26 16 61 7 56 37 31 59 33 9 43 23 17 42 44 30 64 57 18 36 25 47 20 40 14 5 46 27 35 2 48 24 54 12 28 6 19 58 10 62 32 29 41 49 8 4 60 
54 8 59 48 10 30 2 28 9 32 64 6 50 42 47 36 55 43 51 21 1 24 49 57 20 53 45 40 39 25 27 60 37 35 12 46 63 19 41 44 7 61 16 3 22 56 38 11 52 62 15 23 14 4 29 17 31 34 5 33 58 26 18 13 
49 63 21 44 12 53 46 23 33 59 29 41 18 43 61 39 36 20 4 60 54 35 11 38 19 58 5 13 3 55 31 7 22 17 40 26 52 50 27 56 34 64 9 10 62 15 28 32 57 8 30 37 45 42 16 51 48 14 24 25 2 6 1 47 
50 18 12 53 2 29 55 37 48 34 17 36 35 33 13 26 6 22 15 11 30 51 39 32 45 63 31 42 38 5 47 49 60 43 21 52 62 41 59 4 20 27 19 61 14 54 10 40 28 25 3 9 24 44 56 7 64 8 23 57 16 1 46 58 
16 10 43 7 36 49 28 58 61 50 56 19 44 21 9 22 52 4 26 55 24 57 45 18 15 41 14 25 46 23 3 54 34 47 37 5 40 39 29 53 17 12 6 59 35 51 48 38 60 13 31 62 63 64 1 8 11 2 33 30 27 20 32 42 
9 4 54 3 14 52 42 8 63 11 1 49 39 40 62 38 41 27 50 10 64 61 19 59 12 57 7 53 22 43 35 29 51 32 33 28 2 56 46 13 26 34 60 24 58 44 16 37 30 55 36 20 47 23 45 48 5 6 31 18 15 17 21 25 
57 11 56 13 41 48 33 38 52 64 31 60 16 8 12 46 35 5 1 14 20 58 42 37 17 51 34 55 62 10 9 24 44 6 22 27 26 23 63 19 45 15 36 2 30 18 32 25 43 29 21 4 49 40 50 39 54 59 7 61 3 47 53 28 
61 5 24 47 20 59 64 25 28 54 4 45 15 27 23 6 31 21 46 2 62 13 43 17 60 44 19 37 26 30 18 33 8 14 7 38 3 35 48 10 1 29 53 22 42 9 57 39 12 58 41 32 16 51 11 34 55 36 50 49 56 63 40 52 
32 30 17 39 23 46 26 22 24 7 41 20 14 10 29 43 47 36 60 48 34 63 44 54 11 16 58 56 27 2 50 40 18 31 25 1 55 64 57 9 52 28 21 49 5 8 13 3 6 42 53 59 15 35 61 33 37 38 45 4 51 62 12 19 
1 34 31 60 44 63 15 19 42 57 2 47 55 32 51 37 8 53 25 38 28 40 56 3 39 21 36 48 20 4 59 6 45 58 61 30 12 16 17 49 50 23 7 33 11 41 62 64 5 52 18 46 10 54 22 27 43 24 26 35 13 29 9 14 
35 45 27 21 40 51 62 6 59 30 18 3 5 58 25 53 9 49 12 29 23 16 7 33 28 61 64 8 32 13 1 52 54 42 24 11 50 20 15 36 56 31 4 63 43 55 46 47 17 14 2 38 37 26 19 57 22 39 48 34 41 44 60 10 
################proper############## 

 average_time = 17.679313 

 success runs = 1 

 total average iters = 550322.000000 
