Success!!! 
 
 max_col = 
 64 
 
 run_time = 
 13.731648 
 
 once iters = 
 354439 
 
44 4 53 37 29 49 55 7 64 3 11 31 1 6 50 25 32 41 12 17 13 20 62 22 21 14 38 48 36 51 23 8 9 35 54 40 47 27 19 57 33 18 26 16 30 24 58 34 56 59 15 46 39 28 45 63 61 43 10 42 60 5 2 52 
62 12 10 38 35 47 64 6 13 36 17 46 28 27 55 30 18 5 54 63 43 42 61 58 53 44 9 19 20 57 26 40 21 3 48 45 51 14 52 32 56 31 39 37 60 29 1 41 34 22 4 23 25 49 2 16 7 50 8 15 59 33 24 11 
1 32 18 27 24 14 36 2 63 29 48 19 42 53 9 8 16 3 51 23 30 40 45 49 11 6 12 58 52 15 54 25 17 26 20 56 44 55 64 46 13 4 61 28 7 38 10 59 21 33 62 41 43 50 5 60 31 39 47 37 22 35 34 57 
15 30 33 26 42 59 48 8 51 2 45 32 16 40 37 56 31 60 9 29 25 34 21 47 55 43 24 10 61 5 27 3 49 41 39 50 7 18 6 63 36 62 52 12 53 54 46 22 57 38 11 14 19 17 13 35 58 64 4 23 44 1 20 28 
46 51 54 31 34 45 3 50 23 57 18 39 52 60 21 59 33 7 19 4 44 2 36 10 41 35 28 62 56 42 32 1 38 16 24 22 11 12 43 37 17 64 47 27 49 5 15 25 40 55 61 20 8 53 9 58 29 48 26 63 30 14 6 13 
25 16 5 23 13 21 56 60 61 49 43 10 15 22 20 35 57 39 8 27 14 6 26 38 2 4 30 31 59 50 46 7 1 33 53 58 62 34 29 28 42 32 48 44 40 55 63 11 3 54 24 64 37 12 47 52 17 41 19 18 9 45 36 51 
63 19 20 43 28 17 61 11 7 44 24 34 41 33 38 58 56 52 37 46 1 55 15 50 29 13 47 64 39 45 60 22 10 8 25 59 4 2 30 5 21 6 14 3 57 9 35 23 26 48 42 51 27 36 18 31 32 40 49 53 62 16 54 12 
22 41 9 39 52 40 58 57 62 4 12 14 26 54 5 47 59 53 11 24 48 64 28 35 37 18 33 34 17 63 16 49 23 61 15 13 60 42 36 31 8 43 20 19 51 45 2 50 29 32 1 10 7 6 30 44 38 21 27 25 56 46 3 55 
38 17 21 11 60 4 54 43 14 25 33 40 63 58 27 26 50 55 52 9 22 62 19 8 28 31 37 59 23 53 61 39 5 24 42 18 35 64 1 15 20 30 12 10 45 16 6 57 47 29 3 56 13 7 48 36 41 32 51 46 2 34 44 49 
36 15 58 44 48 35 22 28 16 37 32 13 5 30 53 51 6 2 42 49 63 45 38 12 8 40 18 4 27 11 52 20 7 59 19 41 39 23 61 3 25 24 33 29 46 60 56 14 1 34 17 50 64 55 21 62 9 54 57 43 26 31 47 10 
30 10 50 5 18 6 39 1 43 62 29 7 8 35 19 31 64 44 58 3 4 59 37 32 47 2 26 13 14 55 49 15 40 45 22 12 46 48 54 34 61 53 28 38 9 52 36 63 33 16 41 60 57 20 42 51 23 24 21 17 25 11 27 56 
37 52 12 51 31 32 14 42 20 23 49 3 11 64 59 41 21 36 29 54 34 33 27 40 17 62 1 24 45 48 10 38 16 57 26 6 8 9 56 13 7 39 5 47 35 22 50 18 46 44 25 30 53 43 63 2 19 60 61 4 55 28 58 15 
19 57 56 62 20 34 13 53 48 47 60 54 2 39 15 28 26 17 30 18 61 31 24 51 3 22 36 32 46 35 25 42 33 55 11 10 29 63 50 21 43 41 4 49 64 58 44 27 6 14 9 59 38 23 12 5 52 1 45 8 37 7 40 16 
49 61 47 2 64 16 25 29 24 55 57 17 44 10 4 9 41 56 53 15 23 46 43 39 12 51 7 63 54 21 6 5 14 52 60 31 36 37 20 58 34 8 1 13 42 32 40 48 18 11 45 27 22 26 28 19 33 59 50 3 35 30 38 62 
23 40 27 33 7 55 63 59 6 12 46 1 36 45 52 61 11 57 13 25 16 47 60 20 50 56 64 43 44 9 34 41 51 4 49 32 30 62 28 38 2 26 21 54 17 37 3 19 15 58 39 8 35 31 24 10 22 29 14 5 48 42 18 53 
8 9 24 3 41 26 46 45 18 34 42 56 50 21 22 38 48 35 7 5 10 28 14 1 57 33 58 60 19 16 29 30 27 2 47 44 43 17 25 53 51 59 15 62 55 11 23 31 52 61 37 40 49 32 54 4 12 20 64 36 13 39 63 6 
50 37 63 13 47 22 35 17 21 19 6 29 48 52 42 14 5 23 59 20 49 16 44 7 46 9 3 15 60 38 2 57 56 39 34 36 18 30 41 12 54 28 8 51 43 64 24 32 11 27 58 26 10 61 62 1 40 4 33 55 53 25 45 31 
45 1 41 6 11 12 31 15 27 13 2 64 38 44 34 54 3 50 28 52 8 63 9 56 4 55 23 22 18 47 37 53 26 43 61 35 32 10 59 51 29 21 58 39 48 14 62 40 25 5 7 33 42 19 60 57 20 30 16 49 36 24 17 46 
54 60 64 9 55 8 49 14 46 24 3 50 20 36 39 53 10 13 43 45 58 48 34 41 26 25 62 56 30 31 1 33 15 7 17 2 27 11 40 19 22 44 57 61 52 47 42 37 35 4 12 63 6 16 59 21 51 5 18 28 38 29 32 23 
24 29 28 4 19 5 27 21 30 61 8 15 23 26 57 49 36 51 38 32 53 14 18 11 39 42 59 16 48 10 20 6 13 54 63 55 3 1 62 22 12 25 35 41 33 7 17 56 31 37 46 43 2 34 40 45 60 47 58 44 64 50 52 9 
20 26 2 58 51 7 44 62 22 31 56 28 9 32 25 10 40 1 21 42 47 12 54 17 45 27 61 41 29 52 50 35 8 5 64 24 16 33 37 4 11 46 60 63 34 18 30 49 48 3 53 55 36 38 23 14 43 6 59 13 57 19 15 39 
48 33 52 10 46 3 59 23 35 1 62 12 43 16 41 18 27 29 4 26 64 57 25 55 40 58 51 11 8 54 24 17 28 44 6 9 38 49 42 60 5 2 53 20 36 19 31 45 30 56 13 39 15 47 50 32 14 37 34 7 61 21 22 63 
16 42 39 53 25 43 34 32 37 7 55 33 40 4 45 11 30 31 62 6 60 61 35 46 19 21 63 36 5 28 44 64 52 29 57 48 50 47 58 14 23 3 38 9 15 59 26 13 17 51 20 18 24 54 49 22 1 27 2 56 41 10 12 8 
61 36 30 56 57 18 38 40 47 59 5 51 60 17 58 63 24 37 33 22 39 19 2 15 13 32 43 49 12 7 14 34 45 25 21 46 31 20 53 23 16 50 55 6 4 1 27 10 41 52 28 29 9 64 44 8 42 3 11 35 54 26 62 48 
32 22 3 14 62 30 11 4 9 18 44 48 29 25 63 64 20 27 34 55 59 35 51 23 5 15 45 7 26 2 13 37 57 38 33 28 6 50 31 47 24 61 10 40 39 56 19 58 60 46 8 12 21 1 53 17 36 52 42 16 49 54 41 43 
34 47 8 28 6 38 57 55 52 46 7 58 10 41 17 62 19 4 1 50 21 53 42 37 64 12 16 23 43 59 31 32 30 40 51 29 56 26 9 61 45 36 22 33 63 20 54 35 39 49 14 44 5 2 3 27 25 18 48 60 11 15 13 24 
2 43 49 54 36 58 41 31 40 27 30 61 21 13 24 55 52 9 10 57 29 22 39 45 60 28 42 8 4 46 33 11 34 32 35 15 23 16 14 25 26 12 37 48 3 62 38 47 20 19 6 7 18 59 51 56 5 44 53 50 63 17 64 1 
10 44 15 19 16 13 40 37 57 32 53 6 45 28 26 36 46 38 49 31 17 58 5 30 14 61 48 51 63 39 18 55 20 22 41 1 54 24 21 59 52 60 25 11 8 2 64 42 43 23 34 62 50 33 35 47 4 7 3 12 27 56 9 29 
29 35 46 52 21 60 50 61 3 5 19 47 33 42 16 23 63 64 2 56 62 44 48 6 9 53 54 20 1 17 36 27 4 12 43 49 37 13 7 39 59 15 32 57 18 41 34 30 10 40 26 24 11 22 25 28 8 45 38 51 31 55 14 58 
27 56 25 45 63 33 23 12 15 60 38 4 49 43 14 50 54 8 16 28 26 41 32 18 24 10 22 52 34 3 21 44 62 53 46 11 19 58 2 42 55 5 7 1 13 31 51 17 64 9 30 36 48 57 37 29 47 61 35 39 6 20 59 40 
64 39 7 18 26 48 53 51 34 20 22 11 59 12 1 37 14 15 40 47 24 60 13 3 6 50 35 29 49 25 56 58 63 17 45 5 55 36 8 44 27 9 16 23 28 4 21 43 32 31 54 61 52 42 38 41 46 62 30 57 10 2 33 19 
59 5 42 17 9 20 1 24 56 39 31 35 54 51 8 2 61 12 36 43 7 25 11 33 38 47 41 40 57 30 62 19 3 10 18 60 64 52 48 27 44 29 46 14 50 6 49 53 63 15 55 58 4 45 16 13 21 23 22 34 28 32 26 37 
51 2 48 41 22 53 26 47 60 21 15 5 39 55 23 57 12 28 31 37 9 3 64 34 44 54 19 35 7 58 59 24 25 1 32 61 13 29 27 33 4 56 40 36 16 43 45 8 50 6 49 42 17 18 46 11 63 14 62 30 20 52 10 38 
35 64 38 42 8 19 37 49 54 52 26 20 56 48 51 12 44 40 23 7 57 50 33 62 32 41 4 30 3 29 15 9 24 46 55 17 63 53 18 43 1 27 59 5 14 25 13 6 22 21 31 2 28 10 58 34 39 36 60 47 16 61 11 45 
33 54 40 29 44 10 20 5 59 14 47 38 6 62 32 4 39 48 17 13 42 24 56 16 22 37 50 55 53 36 12 21 35 49 9 7 58 60 11 8 28 23 19 26 31 34 61 2 51 64 52 1 45 63 15 30 18 25 46 27 43 41 57 3 
43 55 14 59 23 57 30 52 42 45 58 27 24 34 11 1 8 19 63 53 5 32 6 21 31 46 13 47 25 49 39 18 2 50 36 62 28 51 10 54 37 38 64 22 41 15 9 12 61 60 40 16 56 3 33 20 44 35 29 26 17 4 48 7 
7 13 11 61 15 36 18 27 53 63 28 37 22 2 33 43 4 54 25 59 41 51 30 29 34 38 52 45 6 1 8 56 12 31 16 64 57 39 26 48 3 49 50 46 10 17 20 60 5 47 35 32 62 44 14 9 24 42 23 58 19 40 55 21 
39 24 32 46 12 28 62 16 10 9 50 25 19 8 44 17 45 58 55 2 15 18 20 60 48 11 14 61 51 26 63 23 6 34 38 3 22 56 5 40 35 42 30 52 47 21 57 7 27 41 43 13 29 4 36 54 59 49 37 31 1 64 53 33 
21 34 1 50 58 31 9 63 36 35 64 30 61 3 7 13 49 47 26 38 46 27 10 43 16 17 2 33 62 40 42 60 41 20 37 14 45 4 15 52 48 54 44 18 11 51 39 29 23 57 59 53 55 25 19 24 6 28 56 22 12 8 5 32 
3 45 6 60 17 25 4 56 41 40 16 49 46 18 31 29 35 22 14 1 36 11 52 61 27 20 5 57 64 43 28 10 59 19 23 47 42 21 44 30 53 55 62 24 58 63 32 33 37 39 48 38 12 8 26 7 15 34 13 54 50 9 51 2 
5 14 29 16 59 46 24 36 19 51 34 9 58 61 54 3 15 42 41 33 12 56 22 53 43 39 25 17 21 37 30 13 44 62 7 38 26 45 4 10 50 57 27 35 1 23 11 64 2 20 18 48 31 52 55 40 49 8 63 32 47 6 28 60 
11 58 55 30 37 63 43 39 5 28 14 53 18 57 56 24 2 46 64 61 27 23 7 48 51 60 6 44 38 20 35 26 47 21 13 16 40 32 22 9 15 34 54 45 59 42 41 52 8 12 10 25 3 62 29 49 50 33 1 19 4 36 31 17 
4 31 26 25 53 64 2 35 33 41 59 45 62 49 29 60 1 10 50 39 38 13 3 28 52 16 27 18 15 61 57 14 48 42 30 54 17 19 34 24 63 7 9 8 22 36 55 51 58 43 32 5 47 21 6 23 56 11 40 20 46 12 37 44 
47 21 23 15 32 56 12 54 50 30 37 42 4 63 13 16 55 26 5 44 20 49 59 36 10 34 46 1 41 33 9 29 11 64 58 8 52 31 57 6 40 17 18 43 2 3 60 28 19 35 38 45 51 24 27 61 62 53 39 14 7 48 25 22 
9 18 17 57 49 1 60 48 11 8 21 44 7 20 6 52 34 62 47 35 45 30 40 63 58 64 31 53 50 19 22 4 43 27 29 23 14 5 46 41 32 10 13 25 37 39 12 38 54 36 16 28 33 15 56 59 2 51 55 61 24 3 42 26 
28 7 51 20 27 61 33 38 39 10 40 36 12 1 64 48 25 21 18 19 32 54 31 57 42 59 55 3 11 8 5 45 37 56 2 63 49 35 60 50 14 16 6 58 24 46 47 62 4 53 22 17 44 9 34 26 13 15 41 52 29 43 23 30 
42 8 22 40 50 41 45 19 32 43 35 55 17 15 2 27 51 6 60 14 37 52 58 4 62 23 56 54 28 24 47 63 61 36 59 25 12 3 33 20 30 48 31 53 44 49 29 26 13 7 64 57 1 46 11 39 34 10 9 38 21 18 16 5 
52 62 13 34 3 44 6 10 38 26 25 23 31 46 47 22 29 43 24 16 11 8 17 9 49 7 40 12 2 32 48 36 39 28 1 51 53 15 55 18 19 20 56 4 21 61 33 5 14 50 63 37 60 30 41 42 57 58 54 64 45 59 35 27 
56 48 36 22 14 9 32 13 44 33 52 16 55 29 62 42 23 20 46 58 18 15 63 24 30 1 34 21 35 64 7 61 53 11 10 27 2 54 39 49 41 19 51 31 25 12 8 3 38 28 60 4 26 40 57 37 45 17 6 59 5 47 43 50 
6 38 44 7 1 2 19 33 25 53 54 41 14 47 48 39 37 61 22 21 55 17 12 5 56 26 10 42 16 4 51 43 58 60 31 30 24 8 63 64 18 40 34 15 27 13 59 20 9 45 29 52 23 35 32 50 11 57 28 62 3 49 46 36 
53 27 45 8 39 29 28 58 12 22 13 60 35 31 40 34 62 11 56 64 52 10 57 44 59 24 15 37 9 23 3 50 46 47 5 4 20 6 32 7 49 63 17 55 38 30 14 36 42 2 21 54 41 48 1 43 16 26 25 33 18 51 19 61 
57 23 60 55 4 24 51 41 17 6 9 63 37 7 61 5 38 30 45 34 54 1 16 25 18 48 49 14 40 12 19 28 29 15 56 43 21 59 3 26 39 33 2 42 62 50 52 46 44 13 36 47 20 11 31 64 53 22 32 10 58 27 8 35 
18 49 37 64 10 54 15 3 26 11 1 2 57 50 43 20 53 14 35 51 40 29 4 42 36 8 17 27 13 22 55 52 19 48 62 34 33 38 16 45 60 47 24 32 5 44 28 61 59 25 56 6 46 58 7 12 30 9 31 21 23 63 39 41 
31 63 34 35 43 50 42 25 49 15 27 24 30 19 3 46 7 32 6 8 2 36 41 59 33 29 11 39 47 60 45 62 18 14 28 37 9 40 12 1 64 58 23 21 26 57 4 16 55 10 5 22 61 51 17 53 54 13 44 48 52 38 56 20 
12 11 59 21 40 52 5 30 28 38 36 8 51 56 10 32 43 33 27 48 3 26 47 13 54 57 20 25 31 44 58 46 55 23 50 42 41 61 17 35 9 37 45 7 6 53 22 1 16 62 19 49 63 14 39 18 64 2 24 29 15 60 4 34 
26 20 16 47 61 62 17 46 4 58 23 21 64 59 18 45 28 49 39 60 19 9 50 31 63 5 53 38 32 6 41 2 22 51 52 57 25 44 13 36 10 35 11 56 29 48 43 54 24 30 33 3 34 27 8 15 55 12 7 40 42 37 1 14 
14 6 19 48 38 51 7 64 8 56 39 43 3 23 60 33 58 59 61 40 31 5 53 2 15 49 44 28 42 18 11 16 54 63 12 52 10 22 24 17 57 45 36 50 32 26 37 55 62 1 27 21 30 41 4 25 35 46 20 9 34 13 29 47 
60 25 62 36 54 37 21 18 29 16 61 22 53 5 28 7 13 63 20 30 51 43 55 19 1 3 39 46 58 27 40 47 32 6 4 26 34 41 23 11 31 52 49 2 12 35 48 9 45 42 57 15 14 56 64 33 10 38 17 24 8 44 50 59 
55 59 35 63 56 23 47 20 45 54 41 62 34 24 49 15 17 16 57 12 33 38 29 52 25 36 60 26 37 14 4 48 64 9 44 19 1 28 51 2 58 13 3 30 61 10 18 21 53 8 50 11 32 39 43 46 27 31 5 6 40 22 7 42 
41 53 4 49 2 39 52 34 31 64 10 26 13 11 30 44 42 45 48 62 28 37 8 54 7 63 21 6 24 56 43 51 50 58 40 33 59 57 35 55 46 14 29 17 20 27 5 15 36 18 47 9 16 60 22 38 3 19 12 1 32 23 61 25 
58 3 61 24 33 11 16 26 55 42 20 52 47 37 35 19 9 25 32 36 50 39 46 14 23 30 8 2 22 13 64 59 60 18 27 21 15 7 38 29 62 1 41 34 56 28 53 4 12 17 44 31 40 5 10 6 48 63 43 45 51 57 49 54 
13 46 43 12 5 27 8 9 1 17 51 18 32 38 36 21 22 24 15 10 6 7 49 64 20 19 57 50 33 34 53 31 42 30 3 39 48 25 45 62 47 11 63 59 23 40 16 44 28 26 2 35 54 29 61 55 37 56 52 41 14 58 60 4 
17 50 31 32 45 42 10 22 58 48 4 57 27 14 12 40 47 18 44 11 35 21 1 26 61 52 29 9 55 41 38 54 36 37 8 53 5 46 49 56 6 51 43 60 19 33 25 24 7 63 23 34 59 13 20 3 28 16 15 2 39 62 30 64 
40 28 57 1 30 15 29 44 2 50 63 59 25 9 46 6 60 34 3 41 56 4 23 27 35 45 32 5 10 62 17 12 31 13 14 20 61 43 47 16 38 22 42 64 54 8 7 39 49 24 51 19 58 37 52 48 26 55 36 11 33 53 21 18 
################proper############## 

 average_time = 13.731648 

 success runs = 1 

 total average iters = 354439.000000 
