Success!!! 
 
 max_col = 
 64 
 
 run_time = 
 21.304863 
 
 once iters = 
 700337 
 
25 13 48 36 50 15 56 18 28 64 38 4 16 19 47 14 11 9 55 57 59 21 24 3 32 61 42 37 40 27 39 43 12 33 31 10 49 5 46 26 45 34 58 41 2 54 7 44 8 30 63 35 51 29 6 17 1 53 23 20 60 62 22 52 
3 28 24 57 7 53 52 1 50 60 44 48 42 8 12 30 6 61 47 36 29 58 4 40 20 55 34 10 11 49 38 64 59 51 39 16 14 56 63 2 9 27 33 25 26 15 5 22 32 54 18 31 62 23 37 21 13 17 45 19 46 43 41 35 
9 11 29 45 30 22 61 26 3 36 59 54 34 25 62 20 28 64 14 35 7 38 56 33 48 2 4 16 60 5 12 23 44 13 57 15 6 47 40 17 51 52 19 21 63 55 39 8 53 1 41 24 27 46 43 49 31 18 32 37 10 42 50 58 
5 19 62 51 46 31 6 44 35 41 40 23 58 24 29 57 25 30 27 15 54 50 42 1 13 52 59 56 8 47 53 26 32 21 38 9 48 37 22 61 49 10 4 43 12 17 18 11 7 2 45 39 64 20 3 60 34 55 14 63 33 28 16 36 
58 40 14 41 21 60 55 27 7 1 11 56 49 26 15 32 17 37 52 2 62 5 34 20 51 18 35 45 36 33 30 63 23 53 3 54 24 43 29 25 42 50 48 59 28 31 61 46 19 38 10 22 4 16 13 44 12 47 57 64 9 39 8 6 
10 38 35 34 32 16 43 39 31 18 2 63 37 55 22 21 23 44 49 46 8 13 19 48 41 25 15 62 28 50 17 9 42 45 4 7 60 52 20 64 56 1 24 36 6 29 53 40 57 47 11 58 12 33 14 26 27 51 5 61 54 30 3 59 
49 12 33 37 63 4 64 54 45 10 39 17 6 27 5 13 18 22 41 60 43 53 51 31 3 21 29 58 57 19 46 7 1 8 35 36 55 62 34 28 30 32 20 14 38 47 23 16 56 9 50 42 61 59 15 52 26 11 25 44 40 2 48 24 
17 20 2 47 59 42 8 23 9 43 46 33 61 51 53 52 45 32 63 12 16 10 26 39 24 22 44 1 54 31 14 6 58 11 27 30 41 19 50 18 60 37 13 62 64 35 3 57 36 5 28 34 25 48 55 40 49 7 21 15 56 38 29 4 
22 26 41 35 15 62 36 8 1 38 29 7 32 59 37 25 49 51 3 53 5 43 64 44 39 19 21 24 63 6 56 42 4 34 12 40 18 14 45 46 2 9 30 31 60 52 10 28 16 48 55 20 50 27 47 11 33 57 58 23 61 13 17 54 
16 63 13 59 11 50 9 28 52 58 24 34 51 46 42 4 19 38 31 6 17 61 29 23 26 49 5 7 47 45 55 32 54 60 10 3 22 35 41 48 33 20 43 12 53 8 27 14 15 56 62 1 30 44 36 57 2 64 18 25 37 21 39 40 
30 4 7 44 25 48 3 45 18 12 6 49 19 60 55 40 56 35 28 9 58 32 41 26 29 62 16 33 20 38 52 57 61 23 1 39 5 27 24 21 46 36 50 47 54 64 63 34 42 17 53 2 37 13 59 10 22 14 31 8 11 51 43 15 
40 55 23 18 38 24 32 43 33 31 26 61 14 11 27 17 54 15 16 50 39 2 13 57 60 48 22 64 53 58 37 10 9 20 62 28 47 49 8 36 4 59 1 44 35 5 25 42 12 63 19 21 29 7 51 34 41 30 6 45 3 52 56 46 
60 39 47 31 6 27 5 29 64 30 63 15 20 56 43 10 24 8 37 18 36 40 46 34 50 12 28 2 1 13 3 51 7 59 42 19 52 58 57 32 41 22 61 23 48 21 11 17 4 25 49 45 33 26 54 14 9 38 44 62 53 55 35 16 
34 2 17 53 51 10 42 56 5 8 9 36 3 62 21 45 52 60 33 11 48 14 27 59 54 23 41 61 25 46 15 40 13 64 37 26 50 55 30 44 18 16 57 29 7 24 49 58 39 43 31 38 6 22 32 35 19 63 12 4 20 47 28 1 
52 1 49 58 57 37 54 12 13 2 35 22 39 53 16 28 21 62 4 20 42 30 47 55 34 27 8 36 44 11 31 14 25 6 43 56 63 33 17 29 38 51 26 19 32 40 45 15 41 61 3 9 23 64 18 46 48 5 60 24 59 50 10 7 
61 64 46 33 14 19 21 20 54 44 50 47 23 41 57 48 1 25 7 45 12 22 63 10 35 9 30 59 43 17 4 18 16 31 2 11 51 38 53 15 55 39 56 6 13 37 62 3 40 8 24 5 60 52 28 58 42 26 34 36 29 27 49 32 
47 33 61 48 27 2 41 53 38 14 60 52 43 34 49 16 62 17 30 25 6 37 44 29 22 24 12 8 19 9 63 20 28 56 15 42 57 54 13 58 64 11 5 3 40 4 35 51 26 45 1 59 36 50 7 55 46 31 39 18 32 23 21 10 
21 30 22 9 45 12 19 49 2 5 4 13 35 48 11 29 60 41 20 14 50 46 53 16 61 38 51 18 3 57 32 1 33 25 55 37 7 44 39 23 63 8 15 24 59 27 43 26 10 62 42 54 28 34 58 31 52 56 40 6 47 36 64 17 
64 51 10 23 26 38 35 59 19 32 54 53 41 47 20 55 39 63 15 40 28 3 33 24 6 7 17 44 56 2 34 45 5 18 11 62 36 61 21 12 52 57 31 22 16 46 1 60 27 49 13 29 14 30 4 8 25 48 50 43 42 9 58 37 
46 16 8 32 37 57 39 13 63 51 33 42 15 44 40 31 9 59 21 49 4 19 61 2 52 28 27 23 14 62 26 30 50 17 41 1 43 6 10 35 36 56 29 20 18 58 34 12 38 24 5 25 47 11 64 48 53 60 3 22 7 54 45 55 
62 36 6 17 44 63 7 25 24 28 22 50 46 37 1 8 13 31 56 64 11 12 58 35 15 43 60 55 29 10 16 21 19 14 9 34 38 59 4 47 39 45 42 54 49 23 48 2 18 40 20 32 53 61 52 3 51 41 27 30 26 5 33 57 
50 60 3 1 52 43 20 42 30 39 17 10 45 58 64 56 7 27 51 38 34 36 18 5 33 40 37 11 13 54 59 41 53 48 49 31 26 63 32 22 44 55 14 9 47 61 19 25 2 57 23 6 46 35 21 16 4 28 24 29 12 15 62 8 
54 58 28 15 55 14 4 24 6 61 21 27 59 7 36 18 48 42 23 10 26 57 8 45 64 5 25 49 31 53 47 46 51 40 52 29 20 60 16 3 13 30 32 17 37 50 33 62 43 39 22 63 41 9 56 12 44 35 1 2 19 11 38 34 
11 31 40 56 5 18 29 34 23 57 62 26 25 12 3 9 43 47 22 54 55 1 32 52 4 39 50 42 58 35 36 48 46 30 8 2 27 24 64 45 10 53 28 38 41 7 21 6 33 15 37 44 17 19 60 51 20 61 59 14 49 16 63 13 
29 9 45 63 17 39 13 52 40 49 12 58 44 21 25 2 61 6 53 5 46 35 43 41 16 32 14 3 37 20 50 11 24 27 34 51 8 23 15 30 59 18 10 7 1 48 28 54 60 64 38 62 55 4 33 36 47 22 19 42 31 56 57 26 
53 56 36 25 2 47 31 35 22 42 19 46 4 30 6 37 55 7 60 63 18 23 49 28 10 45 33 41 27 26 51 54 17 57 21 48 44 40 52 14 58 29 62 11 5 20 15 64 50 16 9 12 39 24 1 59 38 32 8 3 43 34 13 61 
55 10 42 40 24 34 1 46 15 17 52 51 64 20 33 53 31 58 48 29 14 11 2 9 57 36 18 35 30 12 5 38 6 3 22 59 54 50 61 13 8 23 47 16 25 63 32 19 49 21 26 43 56 37 41 7 45 4 62 39 27 60 44 28 
26 14 5 3 62 54 12 64 60 59 41 57 48 61 34 11 44 13 45 37 27 17 10 32 58 31 55 15 52 8 9 47 18 19 63 38 56 36 1 4 50 43 40 46 22 2 24 39 51 35 6 23 20 28 29 42 16 49 53 21 30 33 7 25 
27 49 37 50 22 23 38 30 55 13 31 14 62 32 18 63 42 26 64 52 20 4 39 54 21 46 1 34 48 7 29 56 45 28 33 43 11 16 58 10 53 44 60 57 9 41 6 61 47 3 8 40 5 25 2 19 35 59 36 17 15 12 24 51 
48 6 11 16 60 32 28 58 43 9 3 1 47 36 45 7 38 50 12 33 24 8 57 19 17 59 23 4 39 22 13 44 41 37 20 25 62 64 5 49 14 26 35 30 21 42 51 56 61 53 27 46 34 15 31 63 54 2 10 40 55 18 52 29 
8 7 18 4 41 21 51 15 26 29 56 28 24 23 35 50 3 1 36 59 30 62 16 47 49 63 19 60 61 43 40 25 31 12 32 53 2 39 42 55 27 13 37 34 45 38 52 33 44 14 57 48 10 17 22 54 64 58 20 46 5 6 11 9 
57 44 43 20 33 61 59 19 39 16 5 8 54 38 10 27 51 21 25 22 40 34 15 56 42 6 2 53 64 28 24 62 26 9 29 60 35 46 47 7 17 12 55 4 3 36 31 49 13 18 32 52 11 58 45 30 63 23 41 1 48 37 14 50 
37 22 32 28 16 44 62 47 59 56 58 9 1 39 23 38 35 33 50 7 60 24 14 49 2 64 31 25 18 42 11 4 48 46 26 20 29 12 55 63 43 54 17 10 19 57 30 45 34 6 51 36 15 21 61 41 3 40 52 53 13 8 5 27 
24 46 19 10 42 35 49 3 11 63 30 64 40 6 48 54 58 5 44 39 37 27 28 15 8 56 61 13 22 59 20 50 36 41 60 17 21 2 43 53 7 38 25 52 23 16 47 32 31 26 12 18 9 57 62 1 14 33 51 55 4 29 34 45 
38 17 4 52 29 64 50 7 10 37 34 25 57 28 61 43 53 3 9 47 2 18 48 21 27 35 36 32 6 63 44 49 14 15 23 58 1 42 51 5 22 62 41 8 11 60 12 55 30 13 56 33 16 40 39 45 59 19 46 54 24 26 31 20 
36 34 63 55 12 6 58 5 20 4 27 16 8 33 41 42 10 46 59 62 19 31 22 17 23 54 26 47 24 40 57 52 38 50 13 45 9 30 3 56 21 64 51 37 15 53 29 35 11 60 25 14 32 43 44 28 18 39 61 7 2 48 1 49 
14 23 39 26 40 25 53 51 46 45 32 21 55 31 44 19 30 29 61 4 64 42 54 38 9 34 43 28 16 41 60 15 57 49 7 6 33 11 18 8 1 24 3 63 50 59 13 20 48 52 58 10 2 47 5 27 37 12 35 56 62 17 36 22 
13 18 20 11 43 9 48 60 62 24 49 29 7 5 50 22 63 45 32 26 57 51 55 25 38 53 46 12 10 1 33 19 52 35 59 4 16 34 31 40 61 28 2 39 27 14 56 36 64 37 17 3 54 42 8 23 21 6 30 41 44 58 15 47 
15 27 56 54 1 33 57 31 17 53 36 3 18 2 52 26 41 16 8 13 23 20 6 12 45 30 62 21 51 14 58 29 37 10 64 47 61 22 44 39 34 48 9 40 46 49 42 5 59 55 35 7 24 63 19 4 50 43 11 38 28 32 25 60 
41 45 59 21 8 30 2 61 47 15 13 35 12 14 60 51 40 34 11 1 52 56 36 43 37 17 39 48 5 3 7 55 62 54 25 32 19 28 27 24 31 4 6 58 44 33 26 18 29 22 46 50 49 38 53 20 23 16 42 57 63 10 9 64 
39 35 30 64 58 29 46 6 37 50 14 59 9 13 19 1 57 52 2 55 53 49 62 22 43 41 7 20 34 18 23 5 56 63 40 33 32 10 25 11 12 60 38 26 31 44 16 48 54 36 61 27 8 45 17 24 15 42 47 28 21 4 51 3 
20 52 55 43 54 5 40 38 61 47 28 44 11 49 26 12 64 18 1 3 13 9 45 51 19 10 24 29 15 36 8 37 21 4 6 27 46 17 23 60 62 25 22 42 30 39 14 59 35 58 34 53 7 2 16 33 56 50 63 48 57 31 32 41 
7 48 9 14 34 3 27 17 57 35 45 18 10 22 8 46 32 36 43 23 15 60 25 42 47 26 40 30 4 16 6 31 64 39 53 41 59 13 2 51 19 61 54 28 33 11 50 29 63 44 21 56 52 5 20 62 58 37 49 12 1 24 55 38 
63 21 60 61 31 45 22 10 58 3 16 5 29 43 2 62 20 39 35 48 41 26 59 37 53 1 54 38 12 56 42 17 47 36 19 14 15 7 49 9 24 6 18 27 57 34 8 52 55 28 4 11 40 51 50 32 30 25 13 33 64 46 23 44 
59 24 15 2 49 26 37 50 41 34 23 31 53 4 51 33 47 14 17 44 10 6 38 7 55 11 32 9 62 25 21 27 30 1 58 35 28 8 48 16 20 3 64 45 36 56 46 63 22 12 60 57 13 18 42 43 5 54 29 52 39 40 61 19 
44 57 12 19 4 28 18 11 42 21 48 24 30 17 39 6 50 56 5 34 61 16 40 8 46 33 49 63 45 64 2 60 3 55 54 52 37 20 38 43 15 58 53 13 51 32 41 7 25 31 47 26 59 1 23 29 36 10 22 9 14 35 27 62 
56 42 1 62 36 51 47 32 25 27 7 55 38 40 63 64 12 54 19 58 33 28 31 11 14 13 52 57 59 44 22 3 29 61 24 5 45 18 26 50 35 21 23 2 4 9 17 10 46 41 39 15 48 49 30 37 43 34 16 60 8 20 6 53 
23 53 16 8 13 41 25 33 36 54 15 20 56 52 32 60 4 24 46 27 21 29 30 63 28 58 48 39 50 51 35 61 22 42 44 12 31 57 62 34 5 47 49 55 43 1 40 37 6 19 14 64 3 10 9 38 17 45 26 59 18 7 2 11 
18 59 38 12 3 49 34 22 48 23 43 60 5 42 13 41 27 20 10 28 47 44 9 14 36 15 57 52 55 32 54 16 35 7 17 24 39 53 11 33 40 63 45 64 29 62 37 1 58 51 30 61 19 6 46 2 8 21 4 31 50 25 26 56 
4 62 31 6 61 58 17 63 53 25 37 2 26 15 54 34 59 40 38 8 22 7 50 60 1 20 45 5 46 48 10 28 55 52 51 44 12 21 19 41 23 35 39 33 56 18 9 47 3 32 29 13 57 14 27 64 24 36 43 11 16 49 30 42 
1 25 50 24 48 13 23 9 21 7 20 45 63 29 59 36 16 11 42 41 56 55 52 58 18 51 64 14 2 30 43 12 60 22 5 49 10 26 28 54 3 31 27 61 8 19 44 4 62 34 40 37 35 39 38 15 32 46 17 47 6 57 53 33 
2 32 26 42 53 52 15 40 8 6 51 62 33 3 58 24 5 57 13 61 31 45 23 64 11 37 9 50 21 34 25 22 20 47 36 63 30 48 56 27 28 7 46 49 17 10 55 43 1 59 16 4 44 41 12 18 60 29 54 35 38 14 19 39 
51 47 44 30 39 46 33 55 27 40 64 19 28 10 9 49 37 12 6 24 25 48 35 53 63 8 3 31 7 4 62 58 43 2 45 13 42 29 14 57 26 41 16 32 52 22 60 38 5 50 36 17 21 54 11 56 61 1 15 34 23 59 20 18 
28 43 54 5 20 36 16 37 56 55 61 11 17 57 31 35 29 19 26 30 32 33 1 18 44 42 47 40 49 39 41 24 15 62 50 46 4 3 59 38 6 2 34 53 14 13 58 21 23 7 48 8 45 60 25 22 10 27 9 51 52 64 12 63 
35 29 27 7 64 11 14 41 32 52 18 30 22 1 38 44 46 4 39 21 49 54 17 36 56 60 6 26 33 23 19 13 34 16 61 8 25 31 9 37 57 5 12 15 20 51 59 50 24 42 43 55 63 53 10 47 28 62 48 58 45 3 40 2 
19 8 21 60 10 56 45 57 4 46 47 12 50 16 14 39 2 43 34 51 63 15 3 62 59 29 53 17 38 61 27 35 40 58 18 23 64 32 6 1 54 42 11 48 24 25 36 30 52 20 33 28 26 31 49 9 55 44 7 13 22 41 37 5 
32 54 25 22 18 8 10 48 14 62 57 37 21 45 28 59 34 23 40 17 44 41 5 61 31 50 58 6 26 15 49 33 11 24 16 64 3 4 7 42 47 19 63 60 55 12 38 13 9 29 52 51 43 56 35 53 39 20 2 27 36 1 46 30 
43 37 52 38 47 17 30 21 34 20 25 6 36 9 4 15 33 55 54 19 51 63 12 46 5 14 10 27 42 24 1 8 2 32 56 22 58 41 60 62 48 40 7 50 39 26 64 23 45 11 44 49 18 3 57 61 29 13 28 16 35 53 59 31 
45 5 58 13 56 7 60 14 12 48 1 32 52 18 30 23 22 53 57 31 9 25 11 6 40 4 63 51 41 29 28 2 39 26 47 55 34 15 33 59 16 49 8 35 61 43 20 27 37 46 54 19 38 36 24 50 62 3 64 10 17 44 42 21 
33 41 34 29 23 1 24 16 44 11 10 40 60 35 17 58 15 49 62 32 3 64 21 4 30 57 56 43 9 55 45 36 63 5 48 61 13 51 12 6 37 46 59 18 42 28 22 53 20 27 2 47 31 8 26 39 7 52 38 50 25 19 54 14 
12 15 57 39 28 20 26 62 16 19 53 38 27 63 56 3 8 2 29 42 1 52 60 50 7 44 11 46 35 37 61 59 49 43 14 18 23 45 54 31 25 17 36 51 10 6 4 24 21 33 64 30 58 32 34 13 40 9 55 5 41 22 47 48 
31 50 51 46 35 55 44 36 29 33 8 39 2 54 24 47 26 48 18 16 45 59 20 27 12 3 13 22 32 60 64 53 10 38 28 21 40 25 37 19 11 14 52 1 58 30 57 9 17 23 7 41 42 62 63 5 6 15 56 49 34 61 4 43 
6 3 53 27 19 59 11 4 49 22 42 43 31 64 46 61 36 28 58 56 38 47 7 13 62 16 20 54 23 21 48 39 8 29 30 50 17 9 35 52 32 33 44 5 34 45 2 41 14 10 15 60 1 55 40 25 57 24 37 26 51 63 18 12 
42 61 64 49 9 40 63 2 51 26 55 41 13 50 7 5 14 10 24 43 35 39 37 30 25 47 38 19 17 52 18 34 27 44 46 57 53 1 36 20 29 15 21 56 62 3 54 31 28 4 59 16 22 12 48 6 11 8 33 32 58 45 60 23 
################proper############## 

 average_time = 21.304863 

 success runs = 1 

 total average iters = 700337.000000 
