Success!!! 
 
 max_col = 
 64 
 
 run_time = 
 10.183807 
 
 once iters = 
 202323 
 
48 23 54 37 19 1 44 35 45 57 20 40 15 3 60 10 16 53 29 21 28 11 7 43 62 8 2 36 61 6 12 50 59 46 27 30 42 25 13 47 58 49 56 39 4 38 22 41 31 52 24 33 51 17 64 9 18 63 55 26 32 5 34 14 
17 27 7 25 50 42 58 15 31 62 46 52 11 4 38 47 64 37 2 34 6 24 23 61 33 44 41 40 16 19 30 55 3 54 21 26 49 45 5 28 53 18 12 32 51 57 36 14 63 56 20 10 59 8 35 13 39 43 1 29 60 48 22 9 
11 41 21 55 45 3 52 49 29 26 12 54 8 19 18 13 25 44 35 51 17 58 14 46 34 43 28 5 22 9 32 56 1 40 4 61 10 20 38 2 15 7 60 47 50 63 64 24 27 36 62 6 48 39 23 57 16 37 31 53 59 33 30 42 
9 10 26 59 18 13 16 62 64 43 22 24 55 23 2 41 30 48 31 49 32 19 36 50 39 1 45 29 37 15 4 53 34 44 58 33 56 52 57 63 5 46 35 11 54 8 17 3 60 47 14 25 42 28 21 40 12 61 7 51 20 6 27 38 
6 63 60 64 53 36 14 40 49 34 5 25 48 61 51 50 4 9 56 27 1 13 3 20 23 26 18 10 47 58 52 21 8 22 15 29 39 37 7 31 42 28 16 30 43 59 33 45 11 38 19 32 46 12 2 55 17 24 57 62 35 44 41 54 
29 34 46 56 12 39 2 57 53 58 1 28 59 44 9 14 18 5 63 33 52 41 40 60 20 42 64 7 48 11 38 51 43 32 6 24 35 23 36 17 55 21 37 27 13 62 31 26 16 54 15 3 45 61 30 22 4 25 49 19 10 8 47 50 
51 4 24 5 8 33 61 28 16 7 42 32 30 37 39 63 38 47 22 55 26 62 57 15 35 3 54 59 31 27 13 17 9 11 48 14 18 12 19 60 10 2 6 20 1 25 44 52 49 43 34 50 53 41 29 58 21 36 46 23 64 45 40 56 
30 22 43 32 47 38 31 20 21 35 27 36 33 17 56 6 12 59 8 54 45 42 10 39 24 46 14 63 25 57 49 60 53 41 50 51 55 64 62 16 34 23 40 29 61 19 48 9 5 4 26 18 44 1 37 7 3 15 11 2 58 52 28 13 
54 60 19 13 7 40 49 23 17 48 50 20 1 25 41 27 14 21 62 61 44 16 51 35 6 64 30 22 55 59 3 43 4 39 32 10 9 11 29 5 36 56 15 12 46 28 53 8 26 33 31 38 63 24 47 2 37 34 42 45 52 57 58 18 
34 6 57 33 55 53 42 48 26 49 14 58 36 63 52 22 45 7 60 43 13 10 54 9 46 31 32 1 15 29 50 2 27 64 41 59 19 44 37 51 24 16 18 17 5 61 23 47 20 40 8 30 35 25 12 21 62 11 38 4 3 39 56 28 
43 30 20 51 64 22 46 2 11 31 59 55 29 6 3 57 28 32 52 38 19 4 37 47 45 34 13 8 33 44 63 54 56 62 24 49 58 53 42 35 21 39 10 26 27 40 50 7 9 18 23 1 41 16 15 14 36 48 60 17 25 61 12 5 
61 3 14 44 52 8 56 18 12 38 19 21 32 54 4 7 2 39 25 30 48 33 41 17 49 9 11 35 57 36 23 28 15 26 46 1 60 40 63 55 62 45 22 42 59 37 20 64 58 13 50 51 29 5 10 34 53 31 6 16 27 47 24 43 
41 29 25 38 1 12 45 24 44 5 10 16 34 47 8 51 63 15 36 40 49 20 53 42 58 14 19 4 26 62 56 37 48 52 31 6 28 18 23 21 60 43 32 33 3 55 30 57 7 39 27 54 11 22 17 61 35 9 50 64 46 2 13 59 
5 47 35 17 28 10 37 58 9 18 53 60 56 62 15 45 57 31 12 11 8 3 34 1 27 39 48 24 7 42 21 61 25 38 2 20 30 50 16 22 13 14 41 4 52 49 6 51 19 46 36 59 55 64 32 43 63 40 23 44 26 54 29 33 
26 36 4 16 63 21 59 11 13 40 2 33 24 64 42 39 46 22 50 56 29 55 27 23 10 47 53 51 5 38 18 52 57 43 61 12 7 34 17 3 1 31 9 25 35 58 54 19 45 60 44 62 37 6 48 28 15 30 20 32 41 14 49 8 
50 15 27 62 31 9 32 39 23 28 30 35 37 46 43 61 58 64 26 18 59 5 6 24 17 40 12 25 60 16 20 41 36 45 13 54 8 33 47 14 44 29 48 63 2 11 38 34 53 57 56 4 49 42 52 3 1 7 10 55 51 22 21 19 
37 1 42 41 20 34 48 7 36 56 23 4 17 9 28 3 51 25 21 32 61 52 64 45 19 2 60 16 58 12 27 44 50 6 35 53 46 26 59 39 30 33 55 49 22 14 57 10 62 15 29 63 40 13 38 31 8 18 5 54 24 43 11 47 
39 28 51 53 23 49 21 9 54 61 60 15 14 27 5 32 29 10 48 50 38 44 8 59 55 57 31 52 64 3 17 1 47 13 33 63 2 41 56 36 16 19 7 45 11 35 18 20 37 22 43 42 25 46 24 26 58 62 34 6 30 40 4 12 
33 45 8 60 6 44 43 63 35 2 49 50 47 13 59 12 31 55 34 53 36 14 9 40 37 7 23 54 20 24 28 25 52 30 38 4 32 19 10 11 29 15 64 21 62 5 61 58 18 1 16 48 17 3 51 39 22 46 26 41 42 56 57 27 
14 59 47 57 16 4 36 50 39 33 21 8 25 1 26 62 13 24 46 42 3 30 20 12 38 15 56 34 63 18 48 11 17 7 51 43 22 58 28 40 52 9 53 41 37 31 2 6 32 23 54 19 27 45 55 5 61 35 64 10 49 29 44 60 
35 18 13 40 38 24 17 46 52 16 57 22 20 30 6 19 23 58 28 47 11 56 39 63 14 59 29 26 10 21 42 4 5 34 49 45 61 62 31 44 48 36 3 54 32 27 25 43 41 8 60 64 9 2 33 12 51 55 53 37 50 7 15 1 
2 11 62 30 61 64 54 10 55 29 43 63 58 51 37 40 49 16 5 19 27 17 26 33 32 41 39 13 53 47 46 22 12 9 1 18 24 48 25 15 8 38 42 59 56 34 60 4 57 28 21 35 50 7 6 44 31 3 14 20 36 23 52 45 
3 58 5 15 56 31 26 27 18 45 7 44 10 48 11 53 22 60 41 57 37 54 2 62 43 51 61 33 6 49 40 35 64 55 23 42 29 21 14 8 46 50 28 13 24 12 1 17 30 20 59 52 47 34 36 4 19 32 63 39 16 38 9 25 
32 12 22 52 25 55 19 29 24 41 64 42 38 34 46 31 1 6 18 7 43 15 35 4 30 45 50 9 62 8 36 5 54 20 37 27 3 16 60 57 51 47 44 40 23 39 26 63 10 49 53 58 61 14 56 11 2 17 59 28 33 13 48 21 
36 20 40 29 44 62 18 19 46 25 4 59 60 38 13 48 39 8 32 63 31 53 45 10 21 28 16 47 9 2 6 23 51 5 3 41 11 35 24 12 26 30 58 61 49 17 43 56 54 42 33 27 7 52 14 15 50 57 37 34 55 1 64 22 
22 61 63 28 34 35 38 6 19 53 9 56 16 49 30 42 40 23 55 26 14 29 52 2 5 17 51 41 32 48 43 15 33 27 18 8 54 1 50 59 45 4 57 64 44 47 7 36 13 3 25 11 31 60 46 37 24 39 62 21 12 58 20 10 
57 5 55 45 24 26 53 4 27 21 35 43 7 50 12 58 44 18 37 60 46 9 22 11 1 29 42 56 40 10 64 3 49 31 25 17 48 63 30 32 54 52 8 14 20 33 59 16 28 51 6 39 62 23 34 41 38 19 47 13 61 15 36 2 
23 33 58 21 49 17 30 59 10 37 8 5 57 36 45 18 27 20 13 28 15 43 16 54 7 63 24 12 39 61 11 46 42 53 47 52 34 6 64 26 32 25 2 19 31 51 62 60 22 55 40 44 38 9 1 50 14 56 4 48 29 41 35 3 
42 16 15 27 43 52 13 32 34 14 47 41 54 39 64 1 35 61 4 12 33 48 58 3 50 30 22 55 18 20 25 8 29 36 57 60 62 38 2 7 37 63 23 53 40 46 11 28 56 21 10 26 5 49 19 24 45 6 17 31 9 51 59 44 
64 50 48 11 9 54 60 31 15 22 32 62 2 20 44 28 47 56 1 59 25 34 49 51 26 35 27 14 45 52 57 38 37 19 10 58 21 13 4 23 3 55 24 5 6 42 41 39 17 29 63 36 12 18 61 8 40 33 30 7 43 16 53 46 
46 51 41 10 14 47 25 56 6 55 11 3 52 29 31 26 62 19 42 64 24 38 17 7 44 53 36 37 4 33 59 58 22 61 28 40 15 43 39 20 18 1 34 50 12 21 9 13 2 35 48 16 32 57 45 30 54 49 27 63 8 60 5 23 
12 39 37 8 2 7 1 3 33 51 24 23 63 40 61 17 5 41 57 6 50 36 30 21 13 49 62 60 19 31 54 34 16 14 55 9 44 46 45 56 27 35 29 38 15 22 10 48 64 53 4 47 43 20 58 59 11 52 28 25 18 42 32 26 
53 21 9 39 48 50 6 38 42 15 18 19 4 16 35 60 52 17 51 46 5 27 1 31 22 58 57 11 30 34 26 59 14 37 12 13 43 32 3 45 63 10 25 55 33 64 47 40 23 2 49 20 56 36 7 29 44 41 54 61 28 62 8 24 
62 37 2 47 15 59 63 5 7 12 29 64 31 14 20 56 33 57 43 39 10 40 19 49 41 25 3 46 36 1 35 24 55 50 17 38 23 8 51 18 28 42 11 6 48 16 52 44 4 61 13 45 30 32 54 53 9 21 22 27 34 26 60 58 
20 8 52 24 40 56 27 26 57 59 3 47 50 11 54 5 48 63 30 14 53 61 32 41 28 37 38 49 23 64 62 29 46 10 16 25 33 39 21 1 22 60 13 35 17 43 12 2 34 58 42 9 18 19 44 6 55 4 15 36 7 31 45 51 
60 57 29 42 32 51 35 55 61 46 6 1 49 45 27 33 36 12 23 8 54 7 59 13 16 52 10 43 44 39 31 19 2 28 9 62 40 4 11 64 14 20 50 34 58 15 37 18 21 41 38 5 24 26 22 63 25 47 3 56 48 30 17 53 
49 19 23 34 30 45 28 12 48 32 39 53 13 10 55 52 60 4 58 20 18 22 44 25 63 33 6 17 56 54 2 9 41 35 7 36 27 42 61 24 59 26 46 8 38 3 21 1 15 37 51 31 14 47 43 62 29 64 16 5 57 11 50 40 
1 7 11 54 33 58 64 44 25 30 40 17 41 22 36 9 21 35 38 37 62 2 50 26 8 60 47 27 42 32 53 13 31 15 5 34 59 57 6 29 4 24 61 51 39 56 45 23 52 48 28 55 3 10 16 46 49 14 12 43 19 20 18 63 
13 17 61 4 36 46 10 16 62 8 26 34 23 28 58 43 56 11 3 24 42 45 15 6 18 48 7 21 51 55 5 14 44 47 63 22 53 49 20 30 19 41 27 9 57 54 29 31 12 25 39 40 60 35 50 64 59 2 52 1 38 37 33 32 
25 43 18 31 3 14 41 22 38 24 37 2 51 21 63 44 55 28 9 29 34 64 47 16 4 61 15 20 12 50 45 40 60 58 52 48 26 56 54 19 7 5 36 62 53 32 49 30 59 17 1 57 8 27 11 33 46 23 35 42 13 10 6 39 
27 26 6 22 13 2 57 8 60 10 58 31 9 42 62 49 3 43 54 48 47 21 24 44 40 4 55 50 34 51 19 36 7 25 30 39 38 59 32 33 23 17 14 52 16 1 35 29 61 5 18 53 28 15 41 20 64 45 56 11 63 12 46 37 
10 38 17 1 54 5 40 53 14 3 63 27 64 26 50 24 20 30 15 35 4 37 12 36 56 21 44 57 13 25 33 49 61 18 29 19 31 9 8 46 43 48 62 28 47 60 32 11 39 59 45 34 2 51 42 16 6 58 41 52 22 55 23 7 
45 14 28 35 29 60 9 30 59 17 48 39 12 8 22 38 61 27 19 16 2 51 33 34 31 23 58 64 54 53 1 42 63 3 40 56 4 36 52 41 20 37 49 18 7 13 55 21 24 44 11 46 6 62 57 25 5 26 43 50 47 32 10 15 
44 52 56 12 21 43 23 25 28 47 33 51 18 15 53 4 32 45 7 31 41 49 5 64 61 27 17 39 2 63 37 20 10 42 14 11 6 24 26 34 57 58 59 22 9 50 8 46 40 19 55 29 54 38 13 48 30 16 36 60 62 3 1 35 
63 49 33 19 58 11 55 37 41 44 61 46 43 32 21 54 17 42 6 23 60 26 28 56 29 18 59 38 3 30 16 48 20 1 45 47 5 15 22 62 40 51 4 36 10 53 24 12 14 7 35 8 64 50 9 52 34 13 39 57 2 27 25 31 
16 24 32 50 46 18 39 34 30 52 55 13 19 57 1 36 53 40 10 58 63 25 62 14 11 6 35 45 41 7 15 47 28 49 43 2 17 60 48 37 56 64 5 3 42 44 27 38 33 26 12 22 21 4 31 23 20 51 8 59 54 9 61 29 
4 48 3 20 51 61 62 42 37 11 25 7 5 2 29 23 50 13 59 9 57 46 38 22 60 24 43 28 52 14 8 10 58 12 64 55 16 27 35 54 41 6 39 31 45 26 34 15 36 32 47 49 1 30 63 56 33 44 40 18 53 21 19 17 
59 31 64 36 41 15 7 47 40 20 16 45 6 56 34 35 11 52 39 1 55 8 18 29 9 32 5 62 46 26 22 12 21 23 53 57 13 51 44 50 33 54 63 2 25 30 19 61 43 27 58 17 10 37 3 60 28 38 24 49 14 4 42 48 
52 25 16 46 17 48 34 14 56 50 41 61 22 60 7 30 54 38 64 4 40 59 21 37 3 5 26 58 29 13 51 45 35 33 44 23 12 31 49 42 11 27 43 15 8 36 63 32 47 10 2 24 20 53 39 1 57 28 18 9 6 19 62 55 
58 53 50 26 62 23 8 45 43 4 15 11 3 33 19 46 42 2 14 10 22 28 60 57 54 12 49 44 27 41 47 64 39 48 36 7 1 5 40 61 6 59 51 56 18 9 16 55 38 31 30 13 52 21 25 35 32 20 29 24 17 63 37 34 
18 9 39 6 37 63 11 51 5 27 17 48 62 58 24 64 34 36 49 3 20 47 55 53 2 19 25 42 28 22 61 30 32 59 56 21 41 10 15 38 31 44 52 60 14 7 4 50 29 12 57 23 26 33 40 54 13 8 45 46 1 35 43 16 
31 54 36 43 42 30 15 60 20 23 45 12 35 59 47 29 26 33 24 5 39 63 61 18 57 10 9 32 11 4 7 6 62 51 8 64 14 55 34 52 38 13 19 1 21 2 46 37 50 16 22 41 58 44 28 17 27 53 48 40 56 25 3 49 
19 44 49 2 22 28 12 33 51 54 38 57 42 55 14 16 15 50 17 25 23 32 46 58 52 62 40 48 1 43 34 63 13 24 60 37 20 29 27 9 64 53 45 10 30 41 39 35 3 6 61 7 36 56 8 18 26 5 21 47 4 59 31 11 
24 56 38 61 35 27 4 1 8 13 44 49 26 31 10 25 19 29 16 52 9 12 43 48 53 50 37 23 21 17 55 33 45 2 11 28 63 30 18 6 47 3 54 57 34 20 40 5 46 64 32 60 15 59 62 42 7 22 58 14 39 36 51 41 
21 40 10 3 5 29 20 64 63 6 36 9 28 53 32 2 41 51 11 13 7 1 56 30 59 38 8 18 35 60 39 31 19 16 22 46 57 47 43 4 12 62 17 24 26 23 58 25 55 45 37 14 34 48 27 49 52 42 44 33 15 50 54 61 
55 32 59 7 57 41 47 13 1 39 34 18 21 52 40 37 8 62 45 44 35 6 31 27 36 56 20 15 24 46 14 16 26 17 54 50 25 3 53 58 49 61 33 48 28 29 42 22 51 63 9 43 4 11 5 19 60 10 2 12 23 64 38 30 
40 62 30 49 60 32 51 61 22 19 28 14 53 18 16 34 6 3 20 2 56 35 63 55 48 11 4 31 17 23 41 27 38 29 59 15 47 54 46 10 9 8 1 7 36 52 5 33 44 50 64 21 13 43 26 45 42 12 25 58 37 24 39 57 
56 55 53 58 27 6 29 43 50 64 31 30 39 12 48 20 10 14 47 62 21 60 25 28 42 13 63 19 8 37 9 32 11 57 34 44 36 22 33 49 61 40 26 46 41 45 15 59 35 24 17 2 16 54 4 38 23 1 51 3 5 18 7 52 
15 2 1 63 26 57 3 41 58 9 54 10 45 43 33 8 7 34 40 17 12 50 13 32 25 16 21 53 49 56 60 18 23 4 20 5 37 28 55 27 35 22 30 44 64 24 51 42 48 62 52 61 39 31 59 36 47 29 19 38 11 46 14 6 
28 64 31 23 11 19 5 17 3 60 51 38 46 41 57 55 59 54 44 15 58 18 4 8 12 22 52 2 14 35 10 39 24 63 62 16 45 61 1 13 25 32 20 43 29 6 56 27 42 34 7 37 33 40 53 47 48 50 9 30 21 49 26 36 
47 13 44 48 4 25 24 36 2 63 52 37 40 35 49 21 9 1 61 22 51 57 42 5 64 20 34 3 43 45 29 26 30 8 19 32 50 7 41 53 39 12 38 58 60 10 14 54 6 11 46 28 23 55 18 27 56 59 33 15 31 17 16 62 
38 42 45 18 59 37 33 52 47 1 62 29 61 5 17 11 43 26 53 36 16 31 48 19 15 54 46 30 50 40 24 7 6 60 39 35 51 14 12 25 2 34 21 23 55 4 13 49 8 9 3 56 57 58 20 10 41 27 32 22 44 28 63 64 
8 46 12 9 10 16 22 21 4 36 13 26 27 7 23 59 24 49 33 41 30 39 11 52 51 55 1 6 38 28 44 62 40 56 42 31 64 17 58 48 50 57 47 37 63 18 3 53 25 14 5 15 19 29 60 32 43 54 61 35 45 34 2 20 
7 35 34 14 39 20 50 54 32 42 56 6 44 24 25 15 37 46 27 45 64 23 29 38 47 36 33 61 59 5 58 57 18 21 26 3 52 2 9 43 17 11 31 16 19 48 28 62 1 30 41 12 22 63 49 51 10 60 13 8 40 53 55 4 
################proper############## 

 average_time = 10.183807 

 success runs = 1 

 total average iters = 202323.000000 
