Success!!! 
 
 max_col = 
 64 
 
 run_time = 
 19.117317 
 
 once iters = 
 600018 
 
22 58 23 8 26 20 51 4 25 6 15 36 47 41 14 56 60 50 3 28 49 48 61 43 19 57 9 42 2 33 13 52 44 30 62 39 40 34 16 53 21 12 38 31 10 37 11 27 63 24 18 29 45 54 64 32 35 1 17 46 5 59 7 55 
40 52 5 11 36 12 33 18 54 32 9 43 42 24 1 58 15 37 10 62 29 4 6 45 26 35 50 56 48 60 34 46 21 51 38 3 41 17 47 7 25 28 13 16 39 57 19 59 27 55 49 22 61 8 2 14 23 44 20 53 30 63 64 31 
30 15 2 42 55 6 21 7 12 35 57 45 49 5 33 13 8 59 24 39 32 41 26 34 23 11 10 4 44 17 3 18 19 46 54 43 20 61 63 64 9 22 47 50 36 14 60 1 53 25 52 28 62 31 56 16 37 38 48 40 29 58 27 51 
13 10 3 31 16 57 25 62 4 18 22 48 55 23 44 26 54 14 7 5 64 40 47 11 15 51 38 29 61 20 49 32 12 8 27 52 2 45 42 1 63 35 56 53 46 33 58 17 37 36 59 30 34 41 39 6 60 9 43 28 50 21 19 24 
60 64 41 56 14 50 37 32 11 28 53 61 10 63 59 46 19 12 23 36 33 42 1 51 40 21 39 55 27 47 58 30 49 48 18 29 5 6 35 31 24 2 54 62 3 20 52 7 57 44 13 43 4 17 9 38 16 26 34 15 22 25 8 45 
28 63 46 61 59 54 48 34 2 52 21 62 19 29 39 31 55 38 17 44 53 56 27 30 22 25 37 16 24 41 8 6 14 58 10 9 4 50 13 15 51 43 64 49 45 5 32 18 40 20 7 35 60 26 23 1 11 3 33 12 36 47 57 42 
19 44 1 29 39 49 9 47 38 50 37 27 60 17 34 7 52 13 22 31 35 57 20 16 12 45 43 63 64 5 28 53 26 36 33 56 25 59 55 24 42 40 41 8 30 6 15 23 51 46 10 48 11 58 3 21 18 2 62 4 61 32 54 14 
45 43 24 17 27 53 35 38 3 30 51 16 8 64 40 20 18 58 21 2 63 9 25 46 36 1 59 7 54 14 31 62 37 28 11 32 60 23 22 57 55 44 4 61 26 48 34 29 50 12 47 15 5 33 42 19 13 10 49 6 39 56 52 41 
12 40 61 22 17 18 39 13 59 63 41 35 24 52 5 30 38 60 57 15 36 7 45 27 55 6 23 21 9 28 43 19 56 49 58 33 16 64 53 11 4 50 20 29 37 31 51 54 2 14 32 42 8 3 44 46 47 25 10 48 26 1 62 34 
42 16 37 60 5 7 54 23 15 51 61 55 26 36 45 3 1 6 52 49 21 34 30 20 47 39 40 31 32 44 46 25 43 62 19 13 48 22 50 29 18 58 10 59 28 35 14 8 33 17 64 41 63 11 38 12 56 53 4 27 24 2 9 57 
2 29 26 64 20 9 58 1 6 57 34 37 62 39 11 25 50 44 42 22 54 28 8 14 56 13 16 41 49 12 51 24 46 59 21 47 10 27 60 23 17 19 55 43 63 45 5 3 48 7 53 4 31 30 61 15 38 33 18 36 52 40 35 32 
25 6 45 49 31 52 34 51 60 64 50 46 54 10 58 22 47 61 4 18 41 63 56 3 20 7 2 36 26 53 35 11 42 1 55 17 24 15 37 12 62 38 48 39 57 32 33 9 5 59 40 19 16 43 21 27 8 13 23 29 28 44 14 30 
24 35 19 57 46 30 11 63 47 40 27 21 43 42 28 29 31 39 62 51 59 23 33 32 60 4 64 48 45 8 10 50 61 38 14 2 44 52 9 18 1 56 7 13 53 22 41 49 54 6 34 58 26 36 37 25 55 20 12 3 16 17 15 5 
8 27 33 44 43 14 3 10 7 23 1 32 9 53 18 49 25 5 55 12 48 16 19 58 59 42 54 62 38 37 17 15 36 4 26 51 57 41 39 63 47 52 30 24 2 34 40 21 56 45 35 20 29 13 28 50 61 31 64 11 6 60 46 22 
21 55 48 28 4 47 38 36 8 56 13 44 20 12 2 16 17 29 43 53 40 24 46 9 3 14 30 33 63 1 22 27 7 45 32 5 31 54 34 35 6 64 15 25 61 11 26 42 62 10 60 18 23 39 52 57 59 49 50 37 51 19 41 58 
62 59 53 32 50 41 15 56 19 17 31 33 14 48 38 4 10 2 26 37 11 13 35 64 57 58 18 61 5 52 29 34 40 6 20 28 30 3 25 8 16 27 60 46 44 23 12 36 22 49 9 55 24 47 1 51 63 43 7 42 54 45 21 39 
54 24 7 27 41 1 17 59 9 33 25 8 63 6 56 37 34 64 50 48 31 29 40 22 62 2 12 13 30 15 23 10 57 53 46 55 11 51 32 4 49 42 61 26 35 21 3 44 38 28 45 14 20 18 19 43 52 5 60 39 58 16 47 36 
46 26 11 18 34 56 55 57 16 13 47 7 27 2 22 45 44 32 59 3 19 61 24 4 43 53 20 5 39 36 14 35 52 23 60 54 12 40 8 10 58 31 37 38 1 30 28 41 64 63 48 51 21 6 33 62 15 50 9 17 25 42 49 29 
53 48 30 4 25 21 61 31 49 10 43 26 28 50 24 59 33 23 9 35 42 17 57 47 29 32 46 44 60 6 45 51 58 14 13 38 34 39 2 3 15 18 27 56 11 52 16 62 8 54 22 37 1 5 55 36 40 64 41 19 20 7 12 63 
49 28 20 43 13 39 60 58 14 53 35 52 23 57 55 17 11 1 63 27 46 36 51 38 7 54 47 40 22 26 4 16 48 64 15 45 37 21 5 9 8 29 19 32 24 12 50 10 25 31 30 2 42 34 59 41 33 56 6 18 44 61 3 62 
29 50 6 47 35 19 8 14 62 38 3 41 4 11 64 48 12 53 37 56 2 21 16 39 42 9 25 17 18 34 55 28 30 20 24 49 61 33 36 26 43 57 23 7 5 40 45 63 44 13 58 60 15 32 10 52 22 46 59 31 1 27 51 54 
32 51 62 5 38 64 36 42 34 29 54 15 21 40 19 61 13 20 14 58 60 18 7 10 49 41 63 27 52 24 57 33 6 22 44 1 28 31 56 50 46 55 59 48 25 47 2 53 17 39 23 12 9 4 16 3 30 45 35 8 11 37 43 26 
10 9 22 23 3 15 2 44 39 1 60 12 46 51 31 18 62 26 30 25 52 45 43 5 58 8 48 64 19 11 38 37 63 27 59 41 42 16 17 47 33 34 6 36 20 54 13 4 35 61 56 7 49 29 50 40 32 24 53 55 57 14 28 21 
37 45 16 40 33 63 12 52 44 42 5 30 58 20 36 32 41 49 15 6 8 55 54 28 61 56 1 59 31 3 50 21 35 29 25 62 18 7 19 43 60 14 22 9 17 64 39 51 11 26 27 24 53 57 46 47 10 23 13 34 48 38 4 2 
50 62 59 48 7 32 27 45 52 54 36 1 34 47 57 38 35 18 46 61 9 31 63 49 2 17 42 39 41 29 20 56 51 40 6 11 13 12 4 5 64 21 16 58 60 53 8 55 3 30 33 10 25 22 43 26 24 37 19 14 23 15 44 28 
52 38 34 6 19 23 43 12 41 26 59 60 3 8 46 35 30 54 64 10 44 20 15 24 32 5 7 50 13 16 62 9 47 21 42 14 58 48 61 37 39 45 28 17 51 36 27 2 49 4 57 53 40 56 63 11 25 55 22 1 31 18 29 33 
16 39 42 37 9 28 22 11 21 2 62 19 17 49 25 44 6 36 13 26 1 5 38 41 48 30 33 14 4 10 18 8 32 54 53 64 15 24 23 60 59 63 50 3 40 56 47 34 12 52 61 31 58 55 45 29 46 7 51 35 27 57 20 43 
51 49 21 10 56 25 30 8 31 9 40 20 18 43 48 50 22 16 39 60 45 52 53 29 54 59 19 34 15 58 47 36 17 44 3 26 27 63 57 55 61 1 12 33 62 7 4 11 14 38 37 23 46 35 24 28 41 6 32 5 2 64 42 13 
17 18 40 58 53 4 20 33 61 22 32 64 15 56 63 23 57 19 2 55 62 51 3 48 31 49 11 24 25 27 37 12 39 43 41 50 8 29 46 28 54 30 5 52 6 10 35 14 36 42 44 1 7 21 47 13 45 60 26 38 59 34 16 9 
1 31 57 24 61 35 46 5 42 14 45 51 33 30 27 6 56 28 47 59 37 12 58 50 38 23 22 53 55 64 60 43 2 34 52 10 62 18 7 49 26 13 25 15 48 29 44 32 16 8 19 9 39 20 41 54 36 17 63 21 40 4 11 3 
63 54 15 3 44 36 14 64 58 55 28 4 29 13 12 5 7 42 40 43 27 32 11 8 46 26 52 1 21 45 6 61 22 16 35 25 9 20 33 38 41 37 57 23 19 49 31 24 18 34 17 59 50 51 60 2 39 48 56 10 62 30 53 47 
47 41 60 13 2 55 26 29 37 39 10 24 53 7 16 11 21 4 33 17 14 25 34 23 63 28 51 35 3 40 44 57 59 31 56 36 1 19 30 45 38 9 42 22 18 43 20 46 15 27 5 62 6 64 32 48 54 12 58 61 8 49 50 52 
35 56 55 46 15 10 23 50 32 11 33 54 7 26 8 19 27 51 20 45 24 1 42 61 34 31 21 58 43 9 64 14 4 47 48 37 29 62 44 36 52 5 40 12 49 2 57 16 39 60 6 17 22 53 25 30 3 18 38 63 41 28 13 59 
38 22 12 62 28 34 47 60 46 31 63 40 52 15 51 21 26 25 16 13 3 10 4 35 41 61 44 11 6 48 36 45 50 19 9 18 23 1 14 30 20 54 29 55 59 58 56 43 7 37 8 5 33 27 49 42 53 32 24 57 17 39 2 64 
48 5 58 25 32 37 1 39 28 60 4 56 12 14 23 64 2 33 31 9 7 8 17 6 53 50 24 15 62 51 59 20 27 61 22 40 49 26 38 16 11 36 3 63 13 41 42 30 55 43 54 44 18 19 57 34 29 21 52 47 46 35 45 10 
59 36 43 63 18 16 53 27 48 20 55 9 50 3 61 42 5 57 29 30 28 44 64 15 13 22 60 19 56 39 25 2 24 17 51 21 52 11 12 32 37 46 35 6 7 1 38 47 41 58 14 45 10 23 31 4 26 54 8 62 49 33 34 40 
3 57 29 33 51 24 40 21 18 49 58 38 41 62 37 34 53 55 11 46 43 60 52 59 8 12 28 30 7 54 1 4 5 42 64 20 35 2 10 25 32 23 26 45 27 50 17 39 47 9 15 16 13 48 36 63 14 19 31 44 56 22 61 6 
44 13 17 7 49 31 64 30 57 59 2 39 35 45 6 27 40 22 48 23 18 38 50 37 10 3 32 47 29 42 5 26 55 41 63 46 53 28 54 34 19 24 51 14 8 62 9 33 61 21 1 11 52 12 20 56 58 15 36 16 4 43 25 60 
26 4 8 9 6 2 42 41 43 24 44 53 13 25 17 47 39 63 36 54 34 14 49 19 27 16 35 38 23 55 52 40 45 57 31 60 7 56 58 33 10 48 21 28 22 61 18 15 59 3 46 32 51 62 29 64 50 11 1 30 12 20 5 37 
20 14 54 45 52 11 19 61 36 5 16 29 22 1 30 10 58 41 12 32 47 62 21 56 17 37 49 57 46 18 33 63 15 3 8 59 39 43 6 13 44 60 53 34 4 25 64 31 24 50 38 26 28 2 40 35 42 27 55 51 9 48 23 7 
18 20 27 2 23 40 52 26 17 34 39 50 56 19 42 1 45 30 51 38 57 53 36 31 14 60 55 25 37 32 7 49 54 13 47 48 46 5 64 41 29 15 9 4 12 63 59 61 58 33 11 3 43 10 35 22 62 28 16 24 21 8 6 44 
61 30 10 39 29 13 24 9 26 43 46 18 57 33 60 52 20 21 35 1 17 3 23 12 45 48 31 6 47 59 53 58 28 7 4 8 51 44 11 42 40 49 34 64 50 27 62 37 19 41 16 63 55 38 14 5 2 36 25 22 15 54 32 56 
36 53 49 12 63 5 31 48 29 21 64 13 38 22 4 2 24 11 8 41 15 26 37 55 44 27 17 10 1 62 61 3 25 56 39 34 14 9 59 19 35 47 43 57 16 18 6 58 20 32 28 40 54 45 7 60 51 42 46 52 33 23 30 50 
11 47 44 34 58 59 45 28 55 37 14 25 30 16 54 36 43 10 19 29 6 64 48 63 39 33 4 51 8 23 15 5 1 50 40 12 26 35 49 27 22 32 17 20 56 42 24 13 52 53 2 21 57 46 62 18 9 41 61 60 7 3 31 38 
64 42 4 38 8 33 57 22 63 47 23 3 11 44 7 62 16 40 25 14 39 2 32 60 28 19 34 52 12 50 41 29 18 15 61 31 21 10 20 58 5 26 46 30 54 51 36 45 13 48 24 6 56 59 17 9 1 35 37 49 43 53 55 27 
56 19 25 15 62 3 41 54 10 58 24 5 51 59 53 40 9 46 34 50 4 27 44 18 21 20 36 26 16 35 30 22 38 37 43 57 6 32 45 52 7 33 1 2 14 60 55 28 31 23 42 8 64 49 12 61 48 39 11 13 47 29 63 17 
7 21 32 14 1 60 16 55 20 12 49 6 61 35 41 15 28 52 56 33 5 58 62 54 64 46 57 43 11 13 9 42 53 24 2 22 63 30 3 17 31 25 39 44 38 8 23 48 4 29 51 47 36 50 27 37 19 34 40 59 45 10 26 18 
6 46 35 51 37 17 50 43 27 8 48 31 45 32 9 28 49 47 61 7 13 59 22 42 24 18 56 2 40 63 54 38 33 60 23 16 36 55 29 62 53 10 52 11 41 3 21 19 34 1 26 39 30 25 15 44 5 14 57 20 64 12 58 4 
39 8 13 30 54 38 7 37 5 27 42 10 48 9 47 24 32 43 44 57 25 49 59 26 11 52 15 20 17 61 2 23 34 55 12 58 33 4 41 14 3 16 36 1 29 46 53 56 60 62 21 64 35 28 18 31 6 22 45 50 63 51 40 19 
4 33 36 41 11 26 56 35 50 15 12 49 40 54 20 8 46 62 38 16 51 6 13 17 1 10 14 3 34 31 19 47 23 9 29 30 64 42 27 2 48 59 58 21 55 44 37 22 43 5 63 25 32 24 53 45 28 57 39 7 60 52 18 61 
57 32 51 1 12 22 59 16 33 36 18 2 64 34 35 43 61 27 54 8 58 39 29 7 50 55 6 37 53 21 63 41 60 10 5 19 45 38 52 40 28 17 62 47 9 13 25 26 46 56 3 49 44 15 30 20 31 4 42 23 14 24 48 11 
34 60 52 55 24 27 6 40 1 16 11 57 59 31 3 63 42 48 41 47 10 15 28 53 18 38 45 9 35 43 56 54 20 32 17 44 50 25 21 22 30 39 14 51 33 4 61 5 23 2 12 13 19 7 58 8 64 62 29 26 37 46 36 49 
5 25 64 20 42 29 63 46 51 7 17 23 6 55 32 41 37 34 18 21 12 19 14 36 16 24 62 60 59 30 39 44 8 35 1 61 3 49 28 48 45 11 31 40 52 38 10 50 26 47 4 57 27 9 22 33 43 58 54 2 53 13 56 15 
9 3 18 53 10 48 28 49 45 62 30 58 44 38 21 60 63 24 1 4 50 22 2 52 5 64 26 46 42 25 32 13 31 39 16 7 56 36 15 51 23 6 8 54 34 19 43 57 29 40 55 61 37 14 11 17 12 47 27 33 35 41 59 20 
15 2 14 21 47 43 62 17 56 61 19 22 25 37 29 53 23 31 45 64 30 35 55 33 4 36 58 12 28 49 40 7 11 26 57 6 59 13 18 46 27 20 32 41 42 24 63 60 10 51 50 54 48 52 34 39 44 8 3 9 38 5 1 16 
58 23 31 50 45 61 44 19 13 46 26 28 39 4 52 14 3 9 5 20 56 11 60 40 51 29 8 22 33 57 27 48 62 63 37 24 47 53 43 54 2 7 18 35 64 15 49 12 42 16 36 38 41 1 6 59 34 30 21 32 10 55 17 25 
33 17 38 36 48 42 5 15 64 44 6 47 16 61 49 9 4 56 58 63 20 30 10 1 37 62 3 54 51 19 12 31 41 2 50 27 32 46 24 59 13 8 45 18 23 39 22 25 21 35 29 34 14 40 26 7 57 52 28 43 55 11 60 53 
31 61 63 16 30 58 18 20 24 25 29 14 37 27 62 12 48 45 49 19 23 33 39 44 35 15 13 32 36 4 11 1 10 52 34 42 17 8 26 56 57 53 2 5 43 28 7 40 9 64 41 50 38 60 51 55 21 59 47 54 3 6 22 46 
43 12 39 35 22 62 32 53 23 41 8 42 36 58 26 33 64 3 28 40 55 54 5 25 9 47 27 49 20 56 24 59 16 18 7 15 19 14 51 6 34 61 11 60 21 17 29 52 30 57 31 46 2 37 48 10 4 63 44 45 13 50 38 1 
23 37 47 59 57 46 29 25 30 3 52 34 32 21 43 54 14 8 27 11 22 50 12 2 6 44 41 28 58 7 42 55 64 5 45 4 38 60 62 61 36 51 63 10 31 26 48 20 1 18 39 33 17 16 13 53 49 40 15 56 19 9 24 35 
55 7 50 52 64 44 49 6 40 45 38 59 1 60 10 57 51 15 32 34 61 43 9 62 25 63 53 8 14 46 48 39 13 11 30 23 22 58 31 21 56 4 33 27 47 16 54 35 28 19 20 36 3 42 5 24 17 29 2 41 18 26 37 12 
27 34 28 19 60 45 13 3 22 4 56 63 5 46 15 55 59 7 53 24 26 47 31 21 30 40 61 18 57 2 16 17 29 33 36 35 43 37 48 39 50 41 49 42 58 9 1 38 6 11 25 52 12 44 54 23 20 51 14 64 32 62 10 8 
41 1 56 54 21 51 4 2 35 48 20 11 31 28 50 39 29 17 60 42 16 37 18 13 52 43 5 45 10 38 26 64 9 12 49 53 55 57 40 44 14 3 24 19 15 59 46 6 32 22 62 27 47 63 8 58 7 61 30 25 34 36 33 23 
14 11 9 26 40 8 10 24 53 19 7 17 2 18 13 51 36 35 6 52 38 46 41 57 33 34 29 23 50 22 21 60 3 25 28 63 54 47 1 20 12 62 44 37 32 55 30 64 45 15 43 56 59 61 4 49 27 16 5 58 42 31 39 48 
################proper############## 

 average_time = 19.117317 

 success runs = 1 

 total average iters = 600018.000000 
