Success!!! 
 
 max_col = 
 64 
 
 run_time = 
 11.659491 
 
 once iters = 
 300173 
 
5 37 23 54 52 16 27 35 40 45 21 31 60 34 43 64 47 4 36 49 10 7 61 48 63 50 1 39 46 22 26 24 56 18 12 11 29 62 55 13 2 57 58 3 51 38 25 44 28 8 20 30 33 59 41 9 17 42 6 19 53 14 15 32 
30 9 51 43 36 46 3 39 18 19 23 63 20 33 49 32 44 55 31 5 11 16 2 14 60 21 13 7 25 62 35 12 45 27 42 34 28 6 8 10 22 29 53 41 15 59 56 17 61 47 64 38 58 54 50 40 48 4 24 52 26 1 57 37 
59 61 63 29 28 57 21 47 55 2 24 12 3 37 54 26 43 23 20 9 13 42 34 51 15 64 44 19 58 17 4 5 41 1 53 40 30 60 32 31 49 7 8 36 48 33 52 10 11 27 18 16 56 45 14 6 46 22 39 35 25 50 62 38 
19 10 17 50 26 55 22 58 13 44 41 51 4 6 36 61 59 21 30 29 54 37 57 56 45 52 16 38 32 43 42 28 48 7 25 47 14 39 2 46 62 5 11 27 18 20 64 1 35 53 24 60 34 15 31 23 8 3 33 49 12 63 40 9 
8 20 32 31 48 42 49 60 25 39 14 1 58 16 9 7 15 41 40 12 38 26 35 64 57 53 18 56 33 3 59 23 43 4 19 54 36 44 37 24 28 34 61 63 46 50 6 47 62 17 52 13 55 22 10 51 11 5 21 29 30 27 45 2 
62 38 2 33 45 14 1 24 27 15 10 29 50 48 56 46 28 53 39 58 17 18 6 8 30 20 11 37 51 41 34 49 9 52 3 5 61 59 22 16 12 42 35 40 26 4 55 43 57 25 32 44 36 63 19 21 23 60 47 7 31 13 64 54 
18 34 13 56 40 53 15 6 22 5 42 59 52 57 35 11 62 60 3 45 25 50 32 27 36 48 55 9 47 2 8 54 26 63 64 33 17 38 20 23 14 24 31 30 21 19 16 37 1 4 46 39 49 12 29 7 58 28 51 10 44 61 41 43 
4 7 44 64 12 41 25 11 47 38 17 28 8 53 30 62 22 1 52 19 33 24 46 63 10 40 14 27 31 61 29 6 15 21 50 49 58 35 51 57 23 13 39 45 32 54 60 9 2 5 3 43 42 48 26 37 34 55 36 20 16 59 18 56 
64 45 37 42 25 5 61 17 1 8 18 60 59 13 55 34 63 35 50 36 53 54 27 30 11 31 47 41 22 38 10 26 57 51 33 56 3 14 62 43 9 32 48 24 23 29 39 2 7 28 58 21 20 4 6 52 49 16 19 40 15 46 44 12 
22 60 24 49 6 59 51 38 48 64 46 26 23 9 3 27 12 10 11 57 16 25 17 18 5 4 37 29 52 34 15 2 42 35 36 30 55 13 21 39 43 56 62 31 45 53 7 8 41 44 47 54 19 33 40 63 1 14 28 50 20 58 32 61 
15 58 54 21 1 36 10 8 7 25 44 41 32 56 51 40 3 52 26 34 14 64 47 24 13 16 42 33 63 49 46 35 31 19 45 61 2 37 9 50 18 20 55 28 17 60 22 6 48 29 12 11 30 39 43 53 57 62 59 4 27 38 5 23 
63 13 26 47 20 12 16 2 54 30 43 22 62 45 11 33 46 48 28 23 15 29 60 42 51 1 17 24 27 53 64 14 18 58 7 32 59 4 6 34 5 44 37 38 19 36 3 40 55 57 35 9 50 61 8 49 25 56 31 39 41 21 52 10 
53 56 14 9 30 35 48 62 4 52 57 19 15 50 39 17 21 59 49 33 43 40 31 2 3 28 6 32 60 54 20 45 1 44 8 16 47 25 29 5 51 63 10 61 41 58 12 46 22 13 42 64 23 27 37 38 55 24 7 18 34 36 11 26 
46 29 34 55 7 4 32 28 10 58 37 53 24 49 14 42 6 22 19 39 56 8 20 44 21 23 59 48 61 18 50 9 38 15 40 41 12 11 26 63 25 52 57 13 30 27 47 16 5 2 51 31 45 1 36 62 35 33 17 43 3 60 54 64 
3 27 43 41 11 31 33 18 12 36 2 16 6 38 61 29 9 32 58 7 45 55 5 62 39 25 40 44 57 30 56 19 28 53 52 20 48 17 23 49 4 1 54 21 50 64 35 14 10 59 26 34 15 24 46 60 51 37 8 22 63 42 47 13 
52 39 19 40 23 50 57 44 20 31 63 5 35 28 47 21 13 38 4 37 41 61 51 1 7 8 12 43 55 58 62 36 60 54 24 64 46 22 10 27 33 49 42 15 59 34 26 11 14 32 16 56 3 17 25 18 53 6 9 2 45 29 48 30 
56 26 45 2 8 22 63 19 29 59 25 6 28 21 44 58 11 61 18 38 37 10 48 57 64 46 50 12 36 42 52 41 47 40 9 27 23 53 14 62 15 39 60 4 54 51 43 32 3 33 31 17 5 30 20 55 13 1 49 16 35 7 24 34 
7 11 55 34 44 39 62 61 35 17 5 57 18 64 8 12 42 24 16 56 59 45 41 13 49 33 30 1 19 63 47 3 20 28 60 26 4 10 38 54 52 6 22 48 31 21 50 27 43 15 40 14 9 53 51 36 32 46 29 58 2 23 37 25 
48 33 20 35 47 23 50 13 15 46 45 55 9 54 42 24 1 3 25 64 60 51 52 36 38 29 28 31 39 7 58 56 34 5 43 8 44 2 12 32 16 18 14 11 37 40 17 26 63 19 49 59 57 21 22 41 62 53 10 30 61 4 27 6 
6 46 49 1 64 28 58 25 50 40 19 38 63 36 31 53 33 26 8 47 7 30 22 32 4 17 27 54 43 14 9 15 35 55 16 52 41 51 48 18 24 62 20 5 56 2 59 61 42 37 23 12 29 13 34 10 21 11 3 45 39 57 60 44 
32 21 5 30 59 24 36 54 3 11 22 7 33 4 23 20 35 62 34 43 31 58 9 6 40 26 8 51 37 13 60 10 39 61 49 15 64 50 57 29 55 12 25 47 63 42 45 53 16 38 1 46 27 52 2 44 14 18 56 17 48 19 28 41 
38 43 4 37 41 10 52 31 56 47 48 27 14 30 26 16 54 49 17 28 12 20 53 15 25 55 2 6 59 57 32 18 11 33 22 46 13 45 7 21 44 64 19 29 3 23 1 34 24 58 60 50 62 35 61 39 9 63 40 5 42 51 8 36 
60 18 42 16 27 15 14 40 37 43 32 34 61 1 13 51 55 39 5 4 21 2 63 29 53 44 23 11 62 35 48 22 19 30 17 59 24 31 58 3 46 41 9 33 36 10 57 49 8 26 7 28 6 25 56 45 12 38 50 64 47 54 20 52 
9 17 57 53 51 29 12 3 41 62 52 39 2 60 10 49 50 44 27 46 23 19 14 40 20 45 24 21 16 5 61 34 6 25 56 63 42 1 36 37 13 30 38 8 58 35 28 7 54 11 4 18 47 64 48 32 33 31 26 15 22 43 55 59 
21 52 27 3 18 61 42 41 34 22 56 8 39 25 16 44 4 13 57 15 9 49 33 53 62 60 46 35 48 26 28 59 58 23 38 7 20 40 30 12 37 54 29 10 64 55 14 36 31 45 43 24 51 32 11 17 6 19 2 63 1 47 50 5 
17 15 28 38 9 32 60 49 45 50 62 64 43 14 58 59 25 11 1 31 42 36 39 12 18 2 51 22 10 16 55 30 5 34 57 3 63 47 24 26 35 23 56 7 61 41 27 48 53 6 19 20 52 40 33 13 37 29 54 46 8 44 21 4 
29 54 58 45 16 30 19 23 53 32 11 17 5 26 52 35 40 51 62 61 24 38 21 7 8 9 20 3 50 31 43 47 55 42 48 10 6 27 18 33 60 2 49 39 57 28 15 13 4 63 44 41 37 46 1 14 36 59 25 56 64 34 12 22 
39 55 33 59 50 34 46 63 51 21 3 36 29 7 24 38 16 19 47 17 8 23 45 5 58 37 41 13 11 56 12 53 54 31 4 14 22 52 44 64 1 25 6 32 9 26 40 42 15 62 48 49 28 2 60 30 20 10 43 27 57 35 61 18 
20 8 35 22 4 11 43 56 49 12 47 48 10 15 1 54 37 50 41 26 27 60 64 55 14 6 39 63 45 52 23 44 17 2 28 21 53 19 59 36 31 38 33 46 5 3 58 18 29 42 34 61 16 9 57 25 7 32 30 24 13 40 51 62 
47 48 12 5 24 1 44 7 46 63 13 2 30 61 57 4 18 20 43 14 32 6 56 59 33 15 64 49 34 27 40 21 25 62 29 60 37 16 41 45 8 50 51 19 52 17 11 22 39 35 54 36 10 23 58 3 38 9 42 31 28 53 26 55 
37 57 36 13 10 25 2 26 31 6 40 33 42 19 18 41 30 54 35 48 28 3 29 34 1 38 7 61 5 32 24 17 46 39 51 43 56 9 50 11 53 21 16 62 4 44 20 63 47 55 27 22 64 8 12 59 52 58 15 23 60 45 49 14 
14 40 62 51 31 6 53 64 9 60 28 20 55 27 37 23 58 46 2 63 22 52 44 10 19 36 25 42 54 4 57 29 49 32 61 35 1 8 13 15 59 45 30 12 43 47 34 24 26 50 21 7 18 5 38 56 16 39 48 33 17 41 3 11 
26 47 16 7 46 33 18 37 62 49 35 56 13 20 12 55 2 43 23 27 1 5 58 52 41 11 60 53 64 29 14 48 51 3 59 36 40 42 15 17 39 10 34 54 38 45 8 19 44 21 30 6 32 31 28 50 4 57 61 25 24 22 9 63 
11 5 52 14 3 54 23 45 24 57 9 47 38 18 25 10 60 29 6 20 64 17 12 19 55 22 36 4 28 8 37 61 21 13 39 44 50 43 31 35 30 48 27 51 49 46 33 56 34 41 63 1 2 62 15 42 26 40 53 32 7 16 59 58 
55 28 9 4 22 21 29 10 2 41 31 30 64 11 34 19 61 63 44 32 3 35 42 54 56 5 62 57 7 6 39 38 27 37 47 23 26 20 16 8 50 14 52 17 24 25 53 58 13 60 33 40 46 49 59 43 15 45 12 51 36 18 1 48 
50 51 56 61 39 58 59 30 8 53 33 3 54 44 15 1 38 9 14 11 34 46 25 41 32 47 49 16 21 40 18 43 4 45 63 6 7 24 5 19 20 28 64 42 13 57 36 31 12 52 22 37 35 26 55 48 10 27 60 62 23 17 2 29 
34 24 15 12 32 63 20 27 21 61 60 43 40 17 28 36 56 47 37 16 57 33 13 26 31 59 35 10 42 45 44 51 53 14 54 38 49 48 46 52 41 11 18 22 1 62 2 5 58 23 25 4 39 7 9 29 50 8 64 3 55 6 30 19 
13 36 25 6 17 40 64 43 26 48 50 42 37 23 29 39 51 18 59 24 30 22 8 31 46 12 3 34 15 9 1 52 10 60 58 62 57 32 28 2 7 16 44 55 35 61 63 4 20 54 53 19 38 11 45 27 41 47 14 21 5 33 56 49 
42 31 60 19 53 49 41 57 58 14 51 46 27 52 5 45 48 7 55 40 39 62 36 4 26 13 63 30 2 33 25 50 64 12 1 9 18 56 11 22 32 15 21 59 6 43 23 29 17 24 10 47 61 3 16 8 54 44 37 34 38 28 35 20 
44 35 1 62 38 2 8 48 6 7 59 32 16 63 4 22 45 15 53 10 50 21 28 49 17 58 19 23 24 20 54 27 30 29 55 25 33 61 34 41 40 3 47 26 60 9 37 12 56 51 36 57 14 18 64 5 31 43 13 11 46 52 39 42 
40 64 41 17 60 44 37 29 61 24 36 62 7 51 53 8 57 31 38 2 20 32 11 22 28 63 26 50 56 46 6 58 3 16 10 18 35 23 49 1 21 33 5 43 27 52 48 59 30 39 55 15 25 19 13 54 47 34 4 14 9 12 42 45 
31 30 10 27 42 26 9 20 5 54 12 49 44 47 45 3 41 34 15 52 58 43 55 16 48 35 32 59 8 51 36 39 13 6 11 50 25 21 17 40 56 4 28 60 62 22 61 64 33 46 14 2 1 29 23 57 63 7 18 37 19 24 38 53 
58 50 18 11 54 7 6 15 39 26 1 37 31 42 27 25 29 30 46 60 5 47 40 45 9 61 53 2 44 55 49 62 36 43 14 4 19 63 33 48 34 8 23 35 16 13 41 3 38 12 59 32 17 28 52 24 22 51 20 57 56 64 10 21 
33 19 46 28 13 3 39 52 63 56 29 9 57 35 48 18 49 25 64 62 6 59 23 37 12 34 43 40 4 24 16 20 32 22 5 55 45 7 27 53 10 47 26 1 14 30 38 54 21 61 41 51 31 50 42 11 2 17 44 60 58 15 36 8 
12 53 21 36 57 56 55 34 17 13 58 10 11 59 20 28 24 27 48 8 18 63 4 9 37 19 54 14 23 47 3 33 62 46 41 42 15 30 60 38 45 51 2 49 7 32 31 39 64 16 6 26 44 43 35 22 61 52 5 1 50 25 29 40 
23 49 22 63 62 8 38 16 60 34 6 14 46 43 40 2 39 17 56 44 51 1 54 35 42 10 29 15 41 21 7 64 59 20 31 24 9 57 52 61 58 36 12 53 25 37 19 50 18 3 45 27 48 47 5 4 30 13 32 55 11 26 33 28 
2 4 47 32 14 43 24 5 52 33 55 15 41 22 64 50 19 28 7 53 61 13 3 21 27 30 38 25 17 1 45 31 12 56 34 51 54 26 39 58 11 9 40 44 29 18 42 57 60 36 37 63 8 10 49 20 59 35 46 6 62 48 23 16 
25 1 61 48 35 51 45 59 23 4 16 21 19 32 38 30 36 12 33 42 26 14 10 50 52 57 22 18 13 60 5 11 37 64 2 29 8 28 47 44 63 46 17 6 55 15 24 20 9 40 62 58 53 56 7 34 43 54 27 41 49 39 31 3 
57 22 38 18 37 13 40 51 14 1 64 44 45 39 46 31 53 58 63 6 47 48 24 33 59 3 56 36 20 19 27 60 61 26 23 2 52 41 42 28 54 17 15 16 10 7 9 62 49 43 8 55 21 34 4 35 5 30 11 12 29 32 25 50 
24 44 3 23 49 52 5 4 16 55 26 25 21 8 2 15 31 14 61 59 19 39 30 11 29 43 10 62 9 48 22 40 50 17 18 58 60 12 1 51 27 53 36 64 34 6 32 45 37 7 56 42 63 38 47 33 28 41 35 13 54 20 46 57 
54 63 64 46 58 27 26 55 11 23 7 4 22 5 33 48 10 40 21 1 52 15 16 25 61 24 45 28 35 12 17 42 8 9 32 57 62 29 3 47 38 43 41 20 39 31 30 51 36 18 50 53 13 6 44 2 19 49 34 59 37 56 14 60 
35 16 7 15 34 48 28 36 59 3 61 40 12 24 6 47 32 64 9 13 62 57 49 43 44 41 4 58 38 25 30 8 14 10 37 31 27 33 56 20 42 26 46 50 22 11 18 21 52 1 29 5 54 60 39 19 45 23 55 53 51 2 63 17 
41 32 50 60 29 19 31 21 43 51 38 13 56 10 17 63 8 5 42 55 35 34 18 20 54 49 15 47 53 11 2 57 7 24 46 22 39 64 45 6 61 37 1 23 28 14 44 25 59 30 9 48 40 58 27 12 3 36 52 26 4 62 16 33 
61 42 39 25 43 9 56 53 32 28 30 54 49 62 60 37 17 45 29 41 44 12 7 3 23 14 31 52 1 50 21 13 16 11 35 48 34 36 40 59 19 55 4 58 2 63 5 33 46 20 57 10 26 51 24 15 18 64 38 47 6 8 22 27 
10 14 30 20 2 62 47 1 42 27 53 35 34 29 41 57 26 36 54 22 46 56 50 28 6 32 33 64 18 37 51 55 63 38 13 19 43 5 4 25 48 59 24 52 8 12 49 60 23 31 17 45 11 16 3 61 39 21 58 44 40 9 7 15 
45 59 6 8 33 17 11 12 19 9 20 18 36 58 50 52 27 37 60 51 2 4 38 23 34 7 5 46 26 39 63 16 44 49 15 53 21 55 54 30 3 40 13 57 47 56 29 35 25 22 28 62 41 14 32 64 42 48 1 61 10 31 43 24 
51 2 40 26 56 18 13 32 30 37 8 50 17 46 7 5 34 6 12 25 55 28 59 60 43 62 21 20 29 23 19 1 24 36 44 39 10 3 61 4 47 58 45 14 42 48 54 41 27 9 11 33 22 57 63 31 64 15 16 38 52 49 53 35 
16 25 48 44 15 47 4 50 28 10 27 23 1 3 32 6 5 33 24 21 36 53 26 38 22 54 61 8 40 64 41 7 2 57 62 17 51 34 63 55 29 60 59 9 11 49 13 52 19 14 39 35 12 37 18 46 56 20 45 42 43 30 58 31 
36 6 59 58 61 60 17 14 38 29 54 52 26 41 21 56 7 57 10 30 40 9 37 47 35 39 48 55 12 28 13 46 22 50 27 45 31 15 53 42 64 19 32 18 20 5 4 23 51 49 2 3 43 44 62 16 24 25 63 8 33 11 34 1 
43 3 53 57 19 20 35 22 64 42 4 24 47 40 63 14 52 2 51 18 48 31 15 17 16 27 9 45 30 59 38 37 29 8 26 28 11 49 25 7 36 61 50 56 33 1 46 55 6 34 5 23 60 41 21 58 44 12 62 54 32 10 13 39 
28 23 8 24 55 37 54 42 57 18 15 11 25 31 59 60 64 56 32 35 4 44 19 61 50 51 52 26 49 10 53 63 33 47 21 12 16 58 43 9 17 22 3 34 40 39 62 38 45 48 13 29 7 20 30 1 27 2 41 36 14 5 6 46 
1 41 11 52 63 45 30 9 33 16 49 58 48 12 19 43 20 42 22 54 29 27 62 39 2 18 34 5 3 36 31 32 40 59 6 13 38 46 64 14 57 35 7 25 44 24 10 15 50 56 61 8 4 55 53 47 60 26 23 28 21 37 17 51 
27 62 29 39 21 64 7 33 44 20 34 61 53 2 22 13 23 8 45 3 49 41 43 46 24 42 58 60 14 15 11 4 52 48 30 1 5 54 35 56 6 31 63 37 12 16 51 28 32 10 38 25 59 36 17 26 40 50 57 9 18 55 19 47 
49 12 31 10 5 38 34 46 36 35 39 45 51 55 62 9 14 16 13 50 63 11 1 58 47 56 57 17 6 44 33 25 23 41 20 37 32 18 19 60 26 27 43 2 53 8 21 30 40 64 15 52 24 42 54 28 29 61 22 48 59 3 4 7 
################proper############## 

 average_time = 11.659491 

 success runs = 1 

 total average iters = 300173.000000 
