Success!!! 
 
 max_col = 
 64 
 
 run_time = 
 16.326714 
 
 once iters = 
 403674 
 
57 36 40 60 4 64 50 16 45 44 9 63 25 42 17 20 11 21 31 55 7 52 15 54 19 22 8 26 27 35 34 51 24 48 37 43 56 46 33 38 28 5 53 10 23 41 39 18 62 12 59 3 58 32 14 47 2 49 1 61 13 29 6 30 
29 58 45 25 28 14 49 39 26 16 31 61 23 30 5 55 63 53 37 34 24 43 10 17 44 7 4 2 6 36 15 42 11 20 8 1 62 59 13 40 21 46 38 47 33 3 51 57 54 64 35 19 22 9 41 27 32 50 12 18 56 48 60 52 
38 24 10 18 55 20 35 43 1 62 21 8 64 57 34 7 60 25 26 4 5 22 49 56 13 23 40 61 14 47 41 63 9 50 42 53 39 3 29 2 12 37 36 54 31 27 32 11 52 46 30 48 44 6 17 33 51 58 28 16 15 19 45 59 
42 34 31 3 32 8 19 47 39 41 35 51 38 27 11 28 33 48 1 40 57 2 36 45 60 59 5 46 12 62 50 52 4 54 30 63 6 21 61 14 25 15 26 17 55 7 58 29 37 23 49 18 16 43 56 13 22 44 9 64 10 53 20 24 
5 26 48 12 56 52 15 46 19 58 47 6 49 2 54 43 61 29 50 39 28 20 62 14 9 37 1 64 30 3 32 16 18 10 22 34 41 57 51 23 13 40 4 8 44 45 59 35 38 21 11 36 60 42 24 53 7 17 31 63 33 25 55 27 
23 30 37 44 11 2 7 63 13 14 36 10 59 53 56 18 58 46 12 42 9 38 27 64 39 48 17 28 29 33 24 54 25 35 15 49 55 60 32 31 19 6 34 62 50 16 22 52 61 57 1 8 20 40 45 51 21 41 3 26 47 5 43 4 
33 54 61 9 13 17 6 59 3 29 46 52 22 50 15 48 47 32 18 41 8 19 51 44 56 49 53 25 58 11 21 31 28 45 26 64 12 36 27 16 60 1 24 30 43 42 20 14 63 34 7 10 55 2 5 4 39 23 57 40 38 37 35 62 
22 41 62 21 27 51 53 1 24 32 12 33 40 4 37 60 35 16 13 59 6 23 30 3 38 10 20 55 57 18 43 45 19 52 17 7 5 44 47 58 63 2 48 9 49 61 64 56 25 29 50 28 15 26 39 31 14 46 36 8 42 11 34 54 
56 16 3 31 51 1 34 17 23 5 18 15 7 25 6 61 40 50 46 38 32 21 4 26 59 47 35 57 10 37 39 27 48 13 58 9 43 11 45 8 42 44 29 36 20 12 53 19 24 41 55 14 49 33 2 54 60 52 62 30 64 63 28 22 
4 28 9 57 6 36 24 23 54 37 27 17 8 33 45 42 59 11 49 61 44 55 29 48 21 41 46 5 19 63 51 18 62 1 7 35 64 56 14 53 16 39 43 13 30 52 2 34 22 20 15 31 25 47 60 50 3 26 38 32 40 12 58 10 
48 22 44 11 59 7 18 38 34 49 13 41 28 55 1 46 24 3 23 51 35 25 52 12 64 8 62 53 54 16 31 36 30 15 57 47 2 39 6 5 58 60 45 63 14 17 33 26 10 9 32 27 56 19 37 40 29 21 20 42 4 43 61 50 
46 53 12 33 15 21 41 5 11 52 40 3 2 59 60 19 22 18 27 54 43 62 45 30 55 13 38 4 32 14 29 56 31 34 20 36 50 17 63 26 37 35 49 48 10 28 24 25 7 39 64 57 23 61 42 58 16 9 51 6 44 8 47 1 
14 55 2 8 42 60 27 29 16 9 32 12 21 44 53 4 6 31 47 56 41 37 34 33 1 20 7 58 50 49 3 17 51 40 23 54 10 61 28 25 38 64 62 11 18 59 15 22 26 43 52 45 63 30 36 5 48 35 24 19 46 13 39 57 
20 63 35 37 39 40 26 62 64 47 57 43 58 48 29 10 1 14 36 2 13 5 19 53 61 11 30 9 42 22 52 60 59 18 16 4 49 24 21 33 3 56 50 6 32 51 27 54 17 28 8 44 38 34 46 12 15 55 41 45 7 23 31 25 
32 61 25 43 54 50 10 30 20 36 22 39 26 51 14 24 64 17 9 63 58 15 16 42 28 34 23 44 33 45 12 48 29 55 38 41 46 19 60 52 31 7 40 4 8 47 57 1 6 13 3 62 21 11 59 35 49 5 56 27 53 2 37 18 
64 52 49 47 19 13 45 58 63 35 38 56 31 62 50 30 39 28 20 57 10 8 60 7 24 26 15 6 25 43 40 2 42 3 27 32 22 37 12 44 5 55 9 23 61 46 21 41 48 4 51 29 53 1 16 18 54 33 11 34 59 14 36 17 
31 8 6 34 48 58 3 33 5 27 11 28 18 63 36 35 56 44 42 26 17 46 57 49 30 50 37 51 52 12 13 9 38 4 55 21 54 40 10 61 15 43 60 14 24 53 45 62 41 25 29 39 1 22 64 59 20 2 19 7 16 47 32 23 
41 37 17 27 53 56 39 9 61 8 60 48 44 19 38 49 4 47 10 36 3 51 20 24 2 62 21 23 59 55 26 25 6 42 32 15 34 33 7 43 57 22 52 12 11 29 35 64 16 54 46 13 5 45 31 63 1 30 40 14 50 28 18 58 
62 2 51 36 21 32 38 60 53 6 7 55 4 22 43 37 34 9 5 29 15 63 13 52 49 14 24 33 11 61 56 19 3 16 1 20 45 8 64 39 44 41 54 26 48 40 17 42 18 58 47 50 28 35 30 23 12 10 25 31 57 59 27 46 
16 18 47 50 25 15 44 10 52 12 14 23 39 64 58 1 55 27 11 28 40 54 6 32 45 35 22 60 38 57 8 4 26 63 2 59 31 49 62 56 7 30 20 46 34 33 13 51 3 48 17 21 24 37 19 43 41 61 29 9 36 42 5 53 
63 1 57 5 35 28 23 42 29 59 54 21 32 46 62 40 43 37 7 58 25 48 31 61 53 15 27 39 34 17 20 6 47 44 60 14 51 50 41 30 18 36 3 19 16 55 56 9 11 10 12 33 2 38 8 26 52 22 13 24 49 45 4 64 
19 11 46 26 61 12 64 55 57 20 51 2 41 16 30 47 62 59 8 1 50 45 53 22 32 54 58 3 18 31 5 28 13 23 9 24 25 48 36 29 27 4 63 21 37 49 38 10 14 52 40 6 42 56 7 44 43 15 34 17 39 60 33 35 
30 45 22 4 52 59 40 7 25 56 3 24 13 31 42 34 2 33 21 16 18 64 14 35 43 44 10 36 41 29 48 47 27 11 19 46 28 12 53 17 23 58 61 1 5 39 50 6 51 32 60 49 57 20 15 9 8 37 55 54 26 62 63 38 
43 14 13 49 24 29 20 54 9 26 17 50 33 45 10 15 38 60 39 19 12 30 41 23 63 42 64 7 16 1 46 40 58 22 52 5 35 18 37 57 32 28 47 59 25 2 8 31 53 55 62 34 27 36 4 61 6 51 21 3 48 56 44 11 
13 33 59 28 16 34 43 37 31 7 20 36 61 52 64 11 12 42 55 49 23 39 21 4 6 25 29 19 5 40 47 50 56 60 24 8 3 54 58 22 1 14 46 27 63 38 48 44 2 18 9 53 17 10 32 57 45 62 26 35 30 15 51 41 
27 48 7 45 17 6 4 20 12 24 62 1 15 41 63 25 19 13 57 60 2 56 54 37 35 31 34 10 51 9 33 21 5 59 44 55 14 43 26 32 36 3 30 28 22 18 23 40 8 50 16 61 39 29 11 42 38 47 64 53 52 58 46 49 
54 10 15 56 18 11 9 31 55 34 50 58 42 39 32 51 8 5 28 64 14 29 47 46 52 36 44 37 53 4 59 13 49 27 35 40 7 38 19 63 62 61 16 20 12 26 6 24 23 30 43 41 45 21 25 22 17 60 33 57 1 3 2 48 
8 12 53 19 3 25 46 61 40 17 23 35 60 49 9 27 30 58 22 10 31 32 44 59 18 43 26 42 1 64 54 55 52 62 50 6 15 47 57 13 45 21 33 41 2 37 29 7 36 51 28 63 34 48 38 14 56 4 39 20 24 16 11 5 
50 40 60 32 38 39 52 64 18 28 26 59 53 6 47 16 45 35 41 43 36 34 3 25 14 30 61 56 62 58 2 11 46 21 33 29 1 31 4 48 54 8 51 49 15 57 9 17 5 24 19 12 37 13 44 20 27 63 42 22 23 7 10 55 
47 51 1 58 2 44 5 21 30 48 45 54 57 37 46 22 16 6 24 62 26 18 61 15 12 63 28 27 20 39 38 3 23 17 41 25 36 53 11 34 43 19 42 64 60 31 10 55 56 7 33 4 59 49 35 52 13 14 8 29 32 40 50 9 
49 35 30 23 63 41 14 24 10 21 29 13 19 3 33 38 27 51 53 20 48 9 40 50 8 60 32 22 15 7 17 57 61 39 12 2 37 42 16 45 47 59 56 52 4 58 11 5 55 1 54 46 6 62 26 64 44 43 18 28 31 34 25 36 
55 42 26 29 57 62 22 36 56 43 5 44 14 8 4 2 17 63 33 52 1 11 7 38 16 46 41 45 48 24 49 23 64 30 10 18 20 28 9 51 39 32 13 50 35 34 25 53 47 40 27 15 31 58 3 60 61 19 59 37 54 21 12 6 
10 27 4 40 49 37 11 56 48 33 39 53 46 61 18 58 13 62 38 6 16 50 59 34 41 32 9 54 31 30 63 12 15 5 47 28 60 1 42 19 55 26 57 43 51 22 36 45 29 2 44 64 7 25 52 21 24 20 35 23 14 17 3 8 
61 43 54 15 60 9 21 8 41 3 19 27 50 12 59 36 52 56 44 48 47 58 25 40 42 55 45 49 46 10 4 22 53 57 31 62 29 63 23 24 17 11 1 7 39 6 5 30 35 14 20 37 51 18 33 32 34 13 16 2 28 64 38 26 
52 38 20 13 23 24 17 45 47 4 30 22 10 54 57 6 36 49 14 9 11 60 1 2 58 27 16 35 7 21 28 29 40 64 46 44 32 26 8 12 41 63 18 25 19 56 61 59 43 42 34 55 62 53 48 3 33 39 37 50 5 31 15 51 
7 31 33 22 12 19 58 25 21 60 52 11 37 20 2 63 53 41 3 23 46 61 18 51 5 56 48 24 44 34 64 39 17 38 4 16 30 6 43 35 29 54 14 32 9 10 28 49 13 15 57 26 50 59 40 8 62 36 27 55 45 1 42 47 
26 3 50 64 30 47 59 34 15 40 24 5 35 14 28 45 7 12 19 22 33 42 17 31 57 52 51 1 37 8 18 38 55 61 13 39 27 20 25 21 53 48 2 58 62 60 44 16 49 56 4 9 36 23 63 6 11 32 46 41 43 10 54 29 
6 57 42 55 29 53 16 32 49 31 43 9 56 17 51 44 20 64 15 45 30 24 28 39 11 61 47 62 40 60 23 26 22 2 36 33 48 14 18 3 35 34 8 37 27 50 52 13 1 19 38 54 41 5 10 46 58 59 63 21 25 4 7 12 
51 39 14 63 36 35 62 44 42 64 25 34 55 1 13 8 26 57 32 27 37 10 5 29 3 17 2 15 43 6 19 33 54 58 49 52 59 41 50 7 46 20 12 40 38 23 4 21 28 45 31 24 47 16 22 11 9 56 48 60 18 30 53 61 
2 5 41 1 46 48 28 18 32 23 16 29 62 38 7 26 21 8 43 35 54 4 63 55 25 53 59 14 13 50 36 20 37 56 11 51 9 45 34 10 24 47 31 33 42 64 3 15 30 61 39 60 12 27 58 17 40 57 6 49 19 22 52 44 
12 17 43 2 41 16 25 6 35 15 4 57 29 58 20 33 18 7 64 32 45 59 26 62 46 40 39 30 23 19 10 37 36 8 5 22 47 27 48 42 14 52 11 24 54 13 34 50 31 3 21 1 9 51 53 49 55 28 44 38 63 61 56 60 
36 15 58 51 40 63 56 11 60 25 34 14 6 9 19 39 49 20 35 17 42 28 46 13 50 16 52 41 3 38 45 7 2 43 64 10 33 62 24 55 4 53 59 31 29 5 26 61 27 8 37 22 18 44 54 30 57 48 47 1 12 32 23 21 
39 13 27 7 44 22 42 57 37 1 2 18 12 5 3 31 15 52 51 14 55 33 8 10 48 64 25 17 47 32 62 59 60 29 45 23 21 4 40 54 30 38 28 56 58 19 63 46 50 6 26 20 35 41 61 36 53 34 43 11 9 49 24 16 
24 23 18 48 20 54 29 14 51 63 56 30 45 13 41 53 31 22 6 11 34 16 43 47 36 57 60 21 49 42 1 5 32 7 39 61 38 15 17 28 33 9 35 44 64 62 12 37 19 59 58 40 46 52 55 2 10 25 50 4 8 27 26 3 
3 46 32 62 34 55 8 53 27 50 44 38 43 28 26 54 48 1 40 5 61 57 39 36 51 12 18 13 24 56 11 58 16 9 25 37 19 35 31 6 10 49 21 2 41 20 7 47 60 63 14 42 4 17 23 15 59 64 30 33 29 52 22 45 
1 9 52 30 5 38 31 26 17 55 10 46 16 7 61 59 3 23 25 50 21 27 58 41 4 2 54 8 28 53 35 43 12 49 56 11 63 34 44 20 22 18 6 45 57 32 40 60 39 33 24 47 48 64 62 29 19 42 15 36 37 51 14 13 
21 60 28 35 50 33 47 19 62 22 8 64 11 24 49 52 37 4 2 30 56 44 38 63 29 9 14 34 61 26 6 15 57 46 53 58 18 13 59 1 48 51 23 42 3 36 55 27 32 16 45 43 10 7 12 25 31 54 5 39 17 41 40 20 
45 59 64 61 10 49 37 4 36 42 48 32 47 23 40 21 54 19 60 53 29 12 24 9 20 33 55 31 63 27 22 44 14 41 3 30 26 51 52 50 8 25 17 39 1 15 16 43 34 11 56 5 13 57 28 38 35 18 58 46 2 6 62 7 
58 4 11 52 45 26 36 48 44 38 59 49 1 60 27 9 5 34 29 46 39 47 35 19 33 3 6 12 64 15 25 10 7 32 14 13 24 16 30 18 56 50 55 53 17 21 41 23 42 62 63 2 8 31 20 28 37 40 61 51 22 54 57 43 
53 32 56 24 7 5 1 13 28 11 42 62 30 21 23 50 10 55 16 12 22 31 37 57 47 4 19 38 2 20 58 49 44 33 51 48 61 29 39 60 26 45 64 35 59 63 43 3 15 17 36 52 40 54 9 41 46 27 14 25 6 18 8 34 
35 47 19 38 33 31 60 41 58 46 15 45 54 18 12 3 32 2 63 21 51 49 64 11 62 24 13 52 17 5 30 61 8 37 40 26 42 25 20 4 6 57 27 16 36 44 14 48 59 53 22 7 43 50 34 39 23 29 10 56 55 9 1 28 
59 50 34 54 43 46 55 51 33 10 61 40 20 35 16 17 41 30 58 18 52 36 42 8 23 39 56 32 26 28 14 53 1 6 21 27 57 5 22 9 11 12 37 60 7 24 31 2 45 47 25 38 64 4 29 19 63 3 49 13 62 44 48 15 
37 21 8 42 64 57 30 40 14 2 41 31 34 29 25 13 28 24 56 7 4 17 50 27 22 18 63 43 60 48 55 46 35 36 59 12 53 58 15 62 9 10 39 51 47 54 1 20 44 49 23 32 61 3 6 16 26 45 52 5 11 38 19 33 
9 6 39 16 62 61 2 15 43 19 53 4 63 32 52 64 25 38 54 44 20 26 48 60 7 21 57 50 36 59 27 41 45 47 34 3 23 10 56 49 40 13 22 29 28 8 18 33 46 37 5 51 11 14 1 55 42 24 17 12 58 35 30 31 
17 25 23 10 14 3 63 49 8 39 6 37 48 36 22 57 9 43 59 15 62 40 33 1 34 29 11 16 45 51 44 35 50 28 54 31 52 64 55 41 61 42 5 38 46 30 19 32 58 27 13 56 26 12 18 24 4 53 7 47 60 20 21 2 
28 44 29 20 22 18 12 27 7 51 55 47 5 26 24 56 14 45 61 3 53 13 23 6 37 1 31 40 9 54 42 8 43 19 63 38 17 2 46 11 34 62 25 15 52 4 49 58 21 35 48 30 33 60 57 10 50 16 32 59 41 36 64 39 
15 20 38 14 47 45 32 50 59 53 33 60 36 56 8 41 44 54 52 13 63 35 12 21 17 28 42 48 39 25 9 64 10 26 61 19 16 7 3 46 2 23 58 18 40 43 30 4 57 31 6 11 29 24 51 34 5 1 22 62 27 55 49 37 
44 64 63 59 9 27 54 28 46 57 1 7 24 11 39 32 23 26 34 37 19 3 55 16 10 5 43 20 4 2 60 30 21 31 6 50 40 22 35 47 49 29 41 61 56 14 62 38 12 36 18 58 52 15 13 45 25 8 53 48 51 33 17 42 
34 49 21 17 37 4 57 22 6 30 28 25 52 43 44 29 51 61 48 31 60 14 11 18 26 38 12 63 55 46 16 32 33 53 62 42 58 9 54 59 20 27 10 3 13 1 47 39 64 5 2 23 19 8 50 56 36 7 45 15 35 24 41 40 
25 7 36 41 31 42 48 2 4 54 49 19 9 10 55 14 50 15 17 33 27 6 22 58 40 51 3 59 21 13 53 62 39 24 18 45 8 23 5 64 52 16 44 57 26 11 37 28 20 38 61 35 32 63 47 1 30 12 60 43 34 46 29 56 
60 56 55 46 1 30 61 35 38 18 37 16 3 15 21 5 29 40 4 8 59 7 32 43 54 58 49 11 22 44 57 24 41 51 28 17 13 52 2 36 64 31 19 34 45 48 42 12 33 26 53 25 14 39 27 62 47 6 23 10 20 50 9 63 
18 62 5 39 8 10 51 52 22 13 64 42 27 47 48 12 57 36 45 24 49 1 56 20 31 6 33 29 35 23 37 14 34 25 43 60 4 30 38 15 50 17 32 55 53 9 54 63 40 44 41 16 3 46 21 7 28 11 2 58 61 26 59 19 
40 29 16 53 58 23 33 3 50 45 63 26 17 34 31 62 46 10 30 25 64 41 2 28 15 19 36 47 56 52 61 1 20 12 48 57 11 32 49 27 51 24 7 5 6 35 60 8 9 22 42 59 54 55 43 37 18 38 4 44 21 39 13 14 
11 19 24 6 26 43 13 12 2 61 58 20 51 40 35 23 42 39 62 47 38 53 9 5 27 45 50 18 8 41 7 34 63 14 29 56 44 55 1 37 59 33 15 22 21 25 46 36 4 60 10 17 30 28 49 48 64 31 54 52 3 57 16 32 
################proper############## 

 average_time = 16.326714 

 success runs = 1 

 total average iters = 403674.000000 
