Success!!! 
 
 max_col = 
 64 
 
 run_time = 
 18.085415 
 
 once iters = 
 430009 
 
31 42 59 45 47 36 6 27 44 10 28 25 24 62 56 16 46 2 13 8 26 20 3 55 64 60 63 11 51 38 58 23 34 48 61 29 17 37 22 18 49 43 52 15 4 54 19 21 30 35 57 5 9 53 12 1 33 39 50 32 40 41 7 14 
19 11 58 35 16 9 57 30 31 33 52 38 61 42 1 41 47 32 15 48 29 7 5 63 25 28 21 37 46 39 18 8 59 3 40 12 24 56 45 64 23 50 36 27 17 14 22 53 6 49 13 51 44 10 43 34 54 62 2 20 60 26 4 55 
62 24 56 37 39 22 8 50 15 46 63 6 48 13 55 60 18 4 53 25 35 34 28 23 1 20 54 52 26 31 17 7 51 11 27 14 43 49 58 2 10 30 64 12 38 42 57 32 41 40 3 33 45 61 47 59 5 36 44 29 16 19 9 21 
60 43 41 17 29 51 44 18 22 47 40 11 21 8 9 5 49 37 56 59 19 64 50 57 61 16 27 48 62 12 32 42 33 39 1 35 31 23 13 4 26 6 58 7 55 3 24 46 52 2 38 14 54 36 25 20 45 63 28 15 53 34 30 10 
23 53 28 15 26 49 1 10 59 37 35 34 7 58 43 39 12 42 33 36 38 14 61 30 40 50 4 57 19 41 5 3 32 20 52 6 16 54 55 21 9 29 2 45 56 47 31 44 22 63 48 62 24 27 60 11 13 17 25 18 8 51 64 46 
13 3 63 40 12 61 2 55 32 20 14 17 30 54 19 57 21 31 39 27 51 45 60 44 10 53 24 36 43 35 34 6 15 47 9 41 50 26 62 38 5 28 16 25 33 1 8 18 7 64 46 4 56 29 37 23 48 42 58 22 49 59 11 52 
14 7 34 46 33 48 4 25 49 53 50 26 36 64 27 18 52 11 24 43 9 54 41 1 47 45 59 15 2 44 29 22 10 19 60 30 5 28 42 8 13 35 62 40 20 37 63 51 17 21 32 16 39 55 31 58 56 23 3 12 57 61 38 6 
32 5 38 54 64 20 21 52 2 12 45 23 29 4 3 51 16 6 58 62 10 40 17 22 9 55 13 30 56 14 49 33 46 36 44 25 63 57 53 7 39 59 48 61 11 60 34 41 26 50 15 42 19 28 18 8 35 47 43 1 27 37 24 31 
26 56 27 41 57 53 50 19 55 35 54 40 5 49 61 29 64 25 16 63 3 24 6 34 11 62 36 38 20 52 1 30 17 2 45 39 44 60 43 14 51 22 8 18 13 28 21 31 9 58 10 32 37 7 15 4 23 59 47 46 48 42 12 33 
9 10 52 22 55 13 62 6 21 2 44 48 20 27 24 11 37 19 43 33 60 61 36 12 34 3 31 7 28 18 46 4 25 41 15 1 8 35 63 58 40 32 17 47 29 23 56 14 49 39 59 53 26 50 42 54 57 30 64 5 38 16 51 45 
58 54 40 28 46 43 38 33 63 8 64 50 23 56 4 7 1 30 55 14 15 62 44 59 22 13 35 45 29 47 2 61 3 26 32 18 12 9 49 52 36 19 37 60 5 41 42 16 48 20 31 27 6 57 51 21 24 53 34 11 17 10 25 39 
30 14 5 12 20 45 3 63 28 60 1 42 53 41 36 38 31 58 46 4 32 51 54 50 16 10 8 59 27 17 24 64 55 57 21 7 37 33 47 48 15 34 39 43 26 9 52 62 56 23 18 29 25 19 11 35 40 61 22 6 2 44 49 13 
35 37 1 7 44 8 49 15 18 19 9 14 59 25 22 6 11 13 21 52 23 27 40 47 57 39 33 51 50 54 55 26 16 5 10 56 29 42 4 34 48 46 12 63 2 30 53 61 64 60 24 43 17 45 38 3 31 28 62 36 41 20 32 58 
51 21 39 24 11 4 60 32 47 17 16 43 31 37 30 33 53 45 28 22 48 9 26 35 12 49 19 42 63 5 56 44 23 40 54 38 46 13 6 62 58 20 10 64 59 25 7 57 34 36 61 55 14 8 2 41 29 27 52 3 15 18 1 50 
18 31 64 47 61 17 42 36 58 15 34 51 46 52 10 26 39 49 7 57 41 29 38 2 14 9 37 23 21 32 25 48 50 28 53 59 20 27 19 30 1 45 24 35 3 44 11 6 40 62 16 12 22 5 33 13 8 43 55 56 4 54 60 63 
29 59 25 16 23 2 34 48 3 62 39 13 57 45 12 32 42 10 18 5 56 17 20 8 43 40 53 41 58 60 6 15 24 51 11 36 61 64 31 22 4 55 33 49 27 50 54 38 28 46 1 44 52 63 30 47 14 19 21 26 7 9 35 37 
25 55 46 34 52 21 11 39 10 45 20 37 9 16 31 27 23 62 5 60 64 41 58 36 15 42 48 6 13 51 26 18 8 49 59 22 54 7 12 40 14 24 47 29 35 2 43 50 4 19 63 30 38 33 17 56 28 44 32 57 3 53 61 1 
54 13 29 43 45 31 20 47 14 18 56 35 32 1 59 21 6 27 44 10 28 8 48 42 4 30 64 40 11 50 3 63 38 9 46 55 57 24 34 25 61 7 51 19 39 17 23 49 36 16 62 41 15 12 53 2 60 22 33 37 58 52 5 26 
64 23 37 10 28 63 5 4 11 30 8 24 54 55 53 12 61 22 50 34 31 47 49 26 29 46 39 60 1 7 14 27 36 45 58 43 33 41 15 19 32 42 56 38 44 13 59 52 25 57 35 3 18 6 48 51 20 21 17 40 9 62 16 2 
40 9 44 56 59 24 7 42 50 28 33 60 19 47 58 64 13 43 25 46 12 16 53 18 52 2 34 10 5 20 57 31 35 27 3 62 14 61 1 17 37 4 63 36 30 22 48 54 8 11 21 39 55 49 26 32 38 29 45 41 51 15 6 23 
38 2 18 6 36 14 53 16 48 23 17 22 25 7 41 42 3 57 52 51 37 32 55 54 24 19 49 44 12 58 33 56 63 50 5 26 39 4 29 13 60 15 1 28 40 21 62 27 31 45 47 20 46 59 9 61 10 11 8 30 34 35 43 64 
50 32 48 60 17 57 41 8 4 26 62 63 49 46 51 34 38 40 19 35 11 21 15 7 55 36 61 53 22 9 43 37 42 31 30 44 47 2 23 28 33 16 3 20 10 6 18 45 24 5 52 64 29 58 1 14 27 12 59 13 25 56 39 54 
27 1 35 58 19 3 15 61 39 57 2 5 38 36 40 52 4 29 59 24 30 63 9 33 45 17 23 28 16 8 62 47 53 37 51 21 56 6 20 32 31 11 25 41 64 46 12 26 10 13 44 22 60 34 54 43 42 14 49 48 50 55 18 7 
12 51 30 62 49 33 22 26 43 13 61 29 6 15 44 3 56 20 17 1 14 39 2 45 41 54 38 25 32 59 35 21 60 52 48 16 18 11 64 10 8 53 9 58 57 34 55 5 37 27 42 40 50 23 28 7 63 31 24 47 19 46 36 4 
10 15 61 59 25 32 39 37 30 38 31 47 12 57 48 45 34 53 36 40 43 1 18 16 7 56 51 63 4 3 27 28 62 58 29 46 26 52 21 9 55 41 50 42 24 33 64 22 11 6 5 8 20 2 35 49 44 13 19 14 54 23 17 60 
53 4 54 63 50 5 12 21 34 59 58 20 60 11 2 28 32 38 23 6 42 15 31 48 8 52 22 24 44 61 19 29 43 13 47 17 51 14 35 37 16 26 57 9 45 56 3 30 46 10 25 18 64 39 40 27 7 49 36 55 33 1 62 41 
8 29 57 1 56 44 47 13 51 55 24 10 41 14 46 36 35 60 9 26 7 2 39 52 17 11 15 31 42 6 53 43 20 16 49 48 40 59 28 23 25 62 21 34 18 61 27 19 54 30 50 37 58 3 4 33 12 5 38 63 45 64 22 32 
6 60 36 3 51 62 55 14 52 27 22 19 40 63 5 49 24 21 30 41 17 33 29 11 18 35 46 58 48 37 45 50 64 4 38 54 42 8 44 31 7 1 23 39 32 53 20 10 16 12 9 13 28 56 59 57 2 26 61 25 47 43 15 34 
42 26 20 23 58 28 27 64 61 43 29 4 35 33 50 56 54 12 3 44 25 59 8 37 39 41 1 21 40 55 47 36 57 18 63 60 19 32 7 5 6 49 38 13 46 11 2 17 51 15 14 24 34 22 45 62 16 10 30 9 52 48 31 53 
2 18 33 9 22 7 52 45 54 3 6 16 42 32 23 53 28 5 4 56 27 13 62 61 49 12 26 64 59 34 10 57 1 24 25 11 55 36 30 15 44 37 60 8 14 43 51 35 38 31 41 48 63 47 19 17 50 40 46 39 29 58 21 20 
34 48 31 38 35 30 17 43 8 9 25 62 18 26 15 44 45 50 51 55 49 19 46 64 33 5 20 13 14 23 54 16 41 22 39 61 10 3 2 6 63 12 40 4 47 36 29 58 53 32 7 1 42 52 21 60 11 57 56 59 28 24 37 27 
46 19 24 49 40 11 16 41 1 21 7 39 64 17 13 37 63 14 22 20 57 10 47 58 32 38 9 2 60 25 30 62 45 12 34 50 27 53 33 56 59 31 5 52 54 48 28 15 61 29 55 36 23 43 44 26 4 51 18 8 42 6 3 35 
43 52 23 61 4 41 48 62 12 5 32 2 45 35 47 46 27 18 57 31 33 36 21 53 44 59 50 8 10 28 42 40 26 1 24 64 3 15 39 49 22 25 13 30 37 58 17 55 63 34 19 54 51 14 29 16 9 38 6 7 20 60 56 11 
63 17 2 55 1 56 40 11 19 36 4 3 37 53 52 30 20 61 32 28 34 58 10 43 54 27 45 22 49 64 38 51 18 29 50 9 35 48 57 44 24 33 14 46 31 7 15 8 42 25 6 60 5 41 23 39 59 16 26 62 21 12 13 47 
24 39 3 53 15 34 54 59 62 29 57 28 55 44 64 20 26 16 42 11 45 52 1 38 13 14 32 9 41 43 4 46 21 33 7 8 22 63 17 47 19 5 27 6 23 18 35 60 2 37 56 49 12 30 58 31 36 50 48 51 61 25 10 40 
37 47 26 18 32 64 9 20 6 50 10 33 13 21 25 23 59 51 12 7 54 46 63 14 53 24 57 5 17 2 16 60 19 34 41 42 30 31 61 45 29 39 43 56 36 4 40 48 44 52 22 11 3 62 55 38 15 8 1 58 35 49 27 28 
49 6 14 42 31 25 28 60 38 48 51 61 43 34 7 40 8 41 37 17 22 56 19 15 3 26 47 29 18 33 21 39 5 32 62 58 2 12 27 59 45 44 11 54 63 52 16 9 1 4 20 10 13 35 50 36 55 64 53 24 23 57 46 30 
22 27 16 57 30 58 51 5 9 14 11 49 8 18 54 1 44 64 40 29 39 50 25 6 48 15 52 35 36 63 12 34 56 23 13 4 60 38 46 55 21 47 20 3 62 10 61 42 43 28 26 7 59 32 24 53 19 41 37 45 31 33 2 17 
36 33 12 13 21 50 10 44 41 42 60 31 17 39 16 15 55 48 49 23 62 4 35 24 6 37 58 56 61 30 7 19 14 53 20 52 11 40 25 43 38 2 59 57 51 26 1 28 45 9 64 47 27 18 8 46 34 3 63 54 5 32 29 22 
7 38 45 19 8 29 46 35 56 24 26 58 27 59 63 22 2 3 60 47 5 30 13 9 62 1 55 20 31 11 23 25 37 54 28 10 6 16 36 51 41 64 32 53 49 12 50 34 21 61 40 17 33 15 57 48 18 52 4 44 39 14 42 43 
45 64 17 30 14 23 59 53 13 41 27 8 39 6 26 43 62 44 47 18 40 3 51 5 60 33 11 32 55 15 20 35 12 63 56 31 21 19 52 42 34 54 46 24 1 38 37 4 50 48 36 2 49 9 16 22 25 58 7 61 10 29 28 57 
4 20 60 21 62 38 61 1 5 64 23 44 52 19 29 59 22 24 41 30 58 31 14 32 63 34 10 12 45 40 48 17 9 46 55 37 49 43 18 11 42 27 7 33 6 57 47 25 15 56 51 26 8 54 3 28 39 2 13 35 36 50 53 16 
16 35 7 44 2 40 37 29 36 56 30 18 34 22 42 31 15 46 8 39 59 60 23 49 51 6 28 43 25 4 52 24 54 61 14 47 58 5 50 1 3 13 53 10 48 63 26 64 62 38 27 57 32 17 41 55 21 9 11 33 12 45 20 19 
41 22 6 27 10 12 18 9 17 7 48 46 28 50 49 4 43 52 29 16 61 25 34 13 58 8 3 54 37 57 44 5 40 35 36 2 59 20 38 26 56 51 19 32 21 55 30 23 60 33 11 45 53 31 39 63 64 1 15 42 62 47 14 24 
5 63 55 32 48 15 43 58 57 25 12 1 62 61 35 14 9 33 20 45 36 53 56 21 42 31 41 19 38 26 39 2 27 10 64 51 28 29 60 3 50 40 44 16 22 8 49 11 47 59 4 6 7 13 46 24 52 37 54 23 30 17 34 18 
11 57 47 25 24 46 13 51 40 63 55 15 33 38 32 58 7 1 35 54 4 12 37 10 36 18 56 50 9 21 59 49 48 62 16 53 23 22 41 39 52 17 45 2 28 29 5 20 14 44 30 19 61 64 34 42 6 60 27 31 43 8 26 3 
33 36 50 26 3 39 19 56 24 54 53 21 11 60 20 47 48 55 6 38 2 42 64 28 27 29 30 62 23 16 13 1 7 44 17 32 34 45 8 57 43 9 15 14 61 31 58 12 35 18 37 52 10 40 5 25 22 4 41 49 46 63 59 51 
28 49 8 52 54 42 31 34 37 51 3 9 16 10 45 2 50 26 11 19 63 57 27 17 46 47 7 61 64 53 22 14 6 30 4 13 15 25 24 33 62 18 41 59 60 35 36 39 12 43 58 23 1 21 20 29 32 48 40 38 56 5 55 44 
39 41 9 2 7 35 63 31 16 6 59 32 1 40 14 19 60 34 54 21 8 18 11 25 56 43 12 49 30 24 15 52 22 17 23 33 48 62 5 61 57 36 42 50 53 45 4 37 13 3 28 46 47 26 64 10 51 55 20 27 44 38 58 29 
47 34 51 48 60 6 36 46 64 52 37 45 3 12 57 63 58 7 62 15 53 26 32 39 5 4 25 14 54 42 31 20 13 43 19 40 41 18 59 27 11 21 49 44 9 24 38 33 55 1 29 56 2 16 61 30 17 35 10 50 22 28 23 8 
17 44 11 50 43 16 56 23 42 61 47 30 51 29 38 24 33 9 63 2 6 49 45 40 28 48 62 26 3 1 64 53 39 7 37 15 4 58 10 20 35 14 54 55 12 27 32 13 57 8 34 21 31 25 22 19 41 46 5 60 18 36 52 59 
20 61 22 33 13 55 32 38 26 11 18 53 15 31 21 17 5 56 10 64 50 48 42 29 59 23 2 27 34 46 51 41 30 14 8 57 52 44 9 16 47 60 28 62 43 40 25 1 58 24 12 35 36 4 63 37 3 54 39 19 6 7 45 49 
52 28 62 5 18 37 29 57 33 49 46 56 2 23 8 55 19 36 1 13 24 35 22 20 21 32 40 39 47 10 9 38 11 64 12 45 25 50 54 60 17 3 30 31 58 16 6 63 27 51 53 59 41 42 7 44 43 15 14 34 26 4 48 61 
3 25 4 8 27 1 45 12 7 39 41 36 10 28 34 9 30 17 14 61 44 43 59 51 37 57 18 16 6 22 50 58 47 55 31 49 38 21 32 35 2 23 29 26 19 20 46 56 5 54 60 15 48 11 52 40 53 24 42 64 63 13 33 62 
59 40 19 64 53 10 30 49 20 58 5 54 44 43 60 25 41 47 31 3 55 28 4 27 35 61 17 33 8 29 63 13 2 42 26 24 1 46 51 36 18 48 34 22 52 15 39 7 32 14 23 50 62 38 6 45 37 56 9 16 11 21 57 12 
21 58 15 14 42 54 26 24 35 4 13 27 22 48 62 50 57 23 38 12 16 37 52 46 19 44 60 55 7 45 36 11 28 56 6 63 53 34 3 29 64 10 61 51 8 5 41 59 33 17 39 9 43 20 49 18 47 32 31 2 1 30 40 25 
44 30 13 11 6 19 35 7 25 34 21 57 56 9 28 8 51 15 2 49 18 38 12 31 20 22 16 46 52 36 37 10 29 60 42 3 62 39 26 54 27 63 55 48 50 32 45 47 59 53 17 61 4 1 14 64 58 33 23 43 24 40 41 5 
56 50 10 20 38 59 24 22 29 16 43 52 26 5 6 13 36 39 61 37 1 44 57 41 31 51 14 34 53 19 40 9 58 25 18 27 7 17 48 46 30 8 4 23 15 49 33 2 3 55 54 63 21 60 32 12 62 45 35 28 64 11 47 42 
48 46 43 36 37 18 14 17 60 31 42 64 58 30 33 62 25 28 45 53 21 23 16 19 50 63 5 47 35 49 61 32 52 59 2 20 9 55 56 41 54 57 22 11 7 51 10 29 39 26 8 34 40 24 27 15 1 6 12 4 13 3 44 38 
1 16 21 4 63 26 58 28 45 22 38 7 50 51 37 35 40 54 27 9 47 6 43 60 23 64 44 3 24 13 8 55 61 15 57 5 32 10 11 12 20 56 31 17 41 39 14 36 18 42 33 25 30 46 62 52 49 34 29 53 59 2 19 48 
61 8 49 39 9 52 23 40 53 1 15 12 47 3 11 54 10 35 34 32 13 22 33 62 26 7 42 17 57 27 28 59 4 6 43 19 45 51 14 63 46 38 18 37 25 64 44 24 29 41 2 58 16 48 56 5 30 20 60 21 55 31 50 36 
57 12 42 29 5 27 64 3 23 44 19 41 4 2 18 61 14 63 48 50 46 55 7 56 30 58 43 1 15 62 60 45 31 8 33 28 36 47 16 24 53 52 35 21 34 59 13 40 20 22 49 38 11 37 10 6 26 25 51 17 32 39 54 9 
55 62 53 51 41 47 25 54 27 32 36 59 14 20 39 48 17 8 26 58 52 5 24 3 2 21 29 4 33 56 11 12 49 38 35 34 64 30 40 50 28 61 6 1 42 19 60 43 23 7 45 31 57 44 13 9 46 18 16 10 37 22 63 15 
15 45 32 31 34 60 33 2 46 40 49 55 63 24 17 10 29 59 64 42 20 11 30 4 38 25 6 18 39 48 41 54 44 21 22 23 13 1 37 53 12 58 26 5 16 62 9 3 19 47 43 28 35 51 36 50 61 7 57 52 14 27 8 56 
################proper############## 

 average_time = 18.085415 

 success runs = 1 

 total average iters = 430009.000000 
