Success!!! 
 
 max_col = 
 64 
 
 run_time = 
 12.522273 
 
 once iters = 
 338271 
 
37 6 15 61 29 58 4 18 62 64 41 30 12 57 54 19 8 42 44 43 3 28 39 56 34 13 49 33 26 46 50 7 9 21 24 2 51 63 27 47 52 38 25 55 11 45 1 23 59 20 10 60 40 35 14 48 17 32 31 53 16 22 36 5 
14 41 40 27 1 10 59 21 51 35 43 61 5 37 9 49 32 25 55 52 31 54 15 64 12 60 29 11 62 2 53 58 44 16 36 23 38 3 30 18 7 22 19 39 17 48 24 57 42 8 28 63 26 47 4 13 45 20 33 34 46 56 6 50 
17 57 13 11 62 45 60 33 44 20 18 52 28 32 59 27 51 49 46 4 2 14 34 53 5 35 38 42 39 30 9 3 41 26 55 61 1 19 12 10 37 8 31 63 50 21 58 47 43 16 22 15 6 25 56 36 64 48 54 7 23 24 29 40 
63 48 36 43 35 38 52 31 50 46 1 13 2 4 47 55 26 12 60 58 20 27 22 19 45 6 8 24 23 57 18 40 7 11 5 15 59 25 28 17 16 61 51 62 33 29 41 56 32 34 64 53 49 21 54 9 10 37 30 42 44 39 14 3 
53 12 19 9 20 22 28 25 8 34 24 42 17 23 58 15 7 61 57 59 30 35 29 40 51 55 36 14 27 63 48 16 60 62 43 64 37 52 54 56 3 44 10 32 13 4 6 26 50 31 45 41 33 5 39 46 11 18 1 49 47 21 2 38 
16 7 3 64 32 39 26 49 40 6 33 14 56 25 10 53 1 41 48 36 21 47 37 5 28 61 15 44 17 22 31 52 20 4 13 42 29 45 8 50 12 54 34 18 43 30 46 9 2 11 38 24 23 62 51 57 58 60 19 27 35 59 63 55 
30 42 56 2 23 5 47 34 7 38 11 31 21 22 29 60 50 45 13 17 63 10 24 16 43 41 54 37 19 25 4 32 14 57 33 35 6 39 48 46 27 20 49 36 53 59 40 64 44 12 1 55 18 58 61 3 51 28 8 26 15 52 62 9 
44 55 54 24 50 46 8 51 26 3 48 16 36 45 39 63 23 6 11 18 62 38 9 33 10 47 21 59 56 20 1 64 49 32 34 31 40 58 22 53 60 28 5 15 2 35 42 14 7 52 17 37 30 19 29 27 61 25 4 57 41 43 13 12 
7 38 59 50 28 44 51 27 34 58 10 2 35 48 13 8 61 53 56 5 64 19 25 9 52 45 20 16 22 36 14 39 3 31 42 41 15 54 32 23 17 46 26 12 24 47 37 18 40 62 29 21 1 63 30 33 6 4 60 55 49 11 43 57 
19 46 35 20 54 52 29 42 55 25 37 64 43 50 7 26 13 14 15 30 23 57 28 4 21 44 48 6 10 8 51 12 39 33 62 1 18 40 45 16 38 3 63 41 60 56 53 61 11 59 9 49 31 22 32 34 2 24 58 47 17 5 27 36 
36 60 45 25 12 56 15 24 19 32 46 47 52 61 27 1 31 3 20 16 58 49 35 63 40 2 50 9 7 41 33 54 17 38 59 48 10 14 51 30 23 13 8 64 55 5 11 21 57 37 39 6 4 43 18 44 29 42 62 22 34 53 28 26 
64 61 8 3 39 48 17 43 33 31 5 21 54 53 60 57 41 24 62 6 40 52 18 32 38 46 11 55 59 34 35 30 50 27 56 25 19 49 4 28 58 1 22 44 20 36 14 29 47 2 15 13 12 42 16 26 9 7 10 37 51 45 23 63 
9 5 22 18 4 33 10 53 3 36 62 20 41 28 16 23 37 51 8 55 17 21 11 46 32 58 42 26 24 56 60 1 12 35 2 6 63 47 13 29 57 43 45 49 25 50 34 59 27 19 7 14 48 61 64 52 40 38 44 30 31 54 39 15 
11 63 1 26 49 30 37 6 42 12 4 56 15 17 44 38 27 39 47 48 22 34 45 10 25 57 13 19 29 62 28 18 64 43 60 5 20 9 55 21 2 16 40 52 31 51 54 7 58 50 53 36 8 41 24 23 32 61 35 3 14 33 46 59 
32 34 62 47 21 13 57 16 49 40 45 59 22 29 14 30 54 36 43 50 12 1 44 2 31 23 27 4 37 17 63 5 52 7 26 53 24 61 58 11 48 15 42 6 28 9 33 39 38 60 35 46 55 10 3 51 20 8 64 56 25 18 19 41 
23 31 2 41 55 14 40 58 18 24 63 9 6 51 11 39 29 38 7 33 60 26 59 42 64 15 3 43 47 61 49 53 57 46 44 22 8 36 34 37 32 35 30 19 27 62 10 4 20 25 5 17 28 54 45 56 50 12 48 13 52 1 16 21 
1 20 52 36 8 19 58 47 25 62 35 43 50 44 53 59 49 10 2 61 38 55 5 48 11 54 18 63 34 24 23 31 27 12 46 21 41 57 9 39 6 51 32 33 4 28 30 60 17 40 13 22 56 29 37 15 26 16 42 45 64 3 7 14 
41 64 30 17 25 4 23 11 47 33 2 54 51 58 26 36 9 29 50 22 35 12 42 34 7 56 19 38 6 45 46 59 18 52 28 37 32 1 20 55 21 27 13 8 57 3 15 48 14 63 60 62 53 16 43 10 31 49 61 5 24 44 40 39 
62 40 60 63 2 15 55 59 21 18 13 1 32 34 28 61 45 31 16 8 11 7 19 57 20 26 14 25 50 9 3 17 5 56 53 44 30 48 36 33 64 24 39 23 54 58 22 49 35 38 51 42 27 46 41 47 43 6 29 10 12 37 4 52 
54 29 51 56 34 37 18 61 14 63 42 49 57 60 22 31 46 28 4 39 13 58 17 3 1 53 12 48 52 15 47 2 24 64 8 38 62 23 6 19 40 7 41 45 5 10 16 43 55 26 11 30 9 33 44 50 36 35 59 20 27 32 21 25 
12 32 28 46 3 42 21 26 41 23 38 39 10 9 64 4 25 27 53 62 36 60 1 54 55 51 57 30 13 43 29 61 35 2 16 7 45 22 40 49 11 47 44 14 37 34 56 31 52 48 20 59 24 8 5 6 19 50 18 15 33 63 58 17 
35 13 57 14 31 16 44 50 52 29 3 11 20 5 6 37 56 64 18 24 15 63 32 43 60 40 39 41 36 28 27 33 54 17 58 51 25 42 10 61 59 9 62 53 12 46 26 1 34 45 19 7 21 2 49 4 23 55 47 38 30 48 8 22 
43 45 53 38 5 6 33 48 27 19 55 7 24 8 12 56 30 23 51 40 14 20 21 52 16 49 44 22 35 64 37 10 29 3 4 47 26 15 60 59 18 63 17 50 36 25 2 42 39 1 31 58 61 57 28 32 54 34 46 11 62 9 41 13 
49 27 9 22 24 7 39 10 15 16 40 48 30 46 17 45 6 59 37 26 44 33 41 47 58 42 62 5 32 4 21 8 31 50 14 63 34 11 43 13 19 55 38 61 35 52 29 20 23 64 36 3 25 18 12 54 56 53 57 60 2 28 1 51 
8 43 44 51 22 35 49 32 54 10 29 26 53 14 42 12 60 16 41 20 45 48 57 30 15 64 52 7 2 31 6 56 1 55 25 62 9 46 50 63 13 4 23 21 47 39 59 36 18 24 33 38 3 34 40 11 28 19 17 61 37 27 5 58 
20 1 4 16 40 17 2 60 5 39 61 34 9 56 35 21 63 18 36 37 19 64 58 6 23 29 46 53 25 49 41 42 11 24 48 26 12 59 3 51 45 57 33 38 44 27 55 32 54 43 62 47 50 15 52 28 7 22 13 14 8 30 10 31 
58 3 27 19 7 62 34 46 31 22 47 50 60 41 51 40 4 17 32 23 55 29 33 39 61 18 16 45 14 38 12 36 15 54 30 28 56 35 21 57 43 42 24 37 26 11 63 5 8 53 48 25 13 9 10 49 1 44 52 2 6 64 59 20 
59 36 11 29 47 21 41 37 17 4 57 15 23 27 62 33 2 5 22 14 26 53 61 12 48 28 9 60 30 44 19 50 13 34 7 40 16 64 52 8 46 58 56 10 3 1 49 35 63 51 55 45 42 20 6 31 39 54 43 18 38 25 32 24 
56 39 33 15 6 25 14 55 20 8 7 37 19 16 30 52 34 13 9 28 1 43 54 50 24 5 17 32 11 10 57 22 53 49 23 27 4 38 42 45 62 31 12 2 48 18 61 41 36 29 44 26 64 60 58 59 63 46 3 35 21 40 51 47 
42 26 63 5 10 54 48 12 24 44 6 58 55 11 38 46 3 35 52 56 27 51 40 8 47 33 59 21 1 13 20 34 43 19 18 29 14 60 31 2 9 30 53 25 7 64 28 22 61 17 57 32 37 39 23 41 15 36 49 16 4 62 50 45 
61 50 64 13 18 24 9 52 28 2 32 25 59 36 45 3 47 44 42 38 49 46 31 11 62 43 26 27 4 51 8 63 22 58 39 10 33 5 37 41 54 19 15 60 40 17 20 6 30 56 21 16 14 1 7 35 34 57 23 29 48 12 55 53 
45 28 23 31 38 53 30 57 13 49 64 63 48 43 1 18 62 21 24 15 25 59 10 7 37 3 40 58 54 55 39 35 32 61 6 17 44 20 47 36 14 50 52 34 29 16 8 51 46 5 4 19 2 27 22 12 60 9 11 33 42 41 26 56 
60 17 21 55 14 64 43 63 10 11 9 53 45 2 15 6 59 1 27 35 4 37 8 13 49 38 31 51 28 23 16 29 61 47 54 3 46 41 56 7 33 52 36 48 34 26 32 44 24 22 18 5 57 50 42 25 30 40 20 62 39 58 12 19 
15 9 34 62 26 28 56 36 58 59 52 4 7 42 37 54 33 40 5 53 51 3 48 17 50 12 35 20 63 39 10 43 2 6 22 14 21 29 25 32 8 18 27 46 49 24 57 30 13 61 41 44 45 64 31 19 16 23 38 1 55 47 60 11 
25 59 16 58 51 3 19 38 43 56 12 60 27 35 61 13 57 54 34 29 52 36 46 28 30 17 7 18 55 5 40 47 23 45 64 20 53 8 1 42 41 2 6 31 63 22 50 11 4 32 49 39 62 37 15 21 24 33 14 48 9 26 44 10 
27 24 48 45 37 49 6 13 22 55 36 19 14 33 46 47 10 32 23 63 56 62 43 20 44 11 61 57 42 1 25 41 16 5 50 60 35 18 39 26 15 59 28 4 21 12 17 54 9 30 2 34 58 3 38 40 8 52 51 31 53 7 64 29 
50 23 42 7 33 57 32 1 48 30 31 62 29 40 18 28 38 60 61 41 39 11 2 49 4 34 53 56 9 21 58 26 63 59 37 12 27 44 19 24 5 45 64 20 14 55 25 10 6 46 52 8 43 51 47 16 13 17 36 54 22 15 3 35 
29 53 39 40 11 2 5 8 32 51 34 44 38 26 25 41 19 30 21 47 16 31 12 55 46 52 22 15 64 6 45 24 58 13 9 49 48 33 62 43 56 60 3 35 61 42 23 37 1 36 14 54 10 7 20 17 57 27 28 59 63 50 18 4 
10 35 31 4 46 61 20 44 39 21 23 57 16 49 3 50 18 22 45 64 24 9 14 26 13 59 33 2 8 19 54 37 30 36 15 52 17 51 11 34 47 40 7 1 58 38 62 53 60 28 63 12 29 48 27 55 25 41 5 43 32 6 56 42 
18 22 41 30 52 47 12 54 64 1 8 5 63 24 20 17 44 58 6 7 42 15 50 25 14 48 32 62 60 3 36 27 55 10 40 4 28 31 57 38 51 39 16 29 9 43 19 13 33 23 26 35 11 56 59 53 21 45 37 46 61 2 49 34 
2 54 50 28 9 55 27 22 37 45 16 12 4 3 52 43 5 7 40 60 10 61 30 44 41 36 58 8 31 35 64 38 47 14 63 57 42 26 33 6 1 25 46 13 23 19 48 34 56 21 59 18 20 49 53 24 62 51 39 17 11 29 15 32 
47 58 6 10 17 1 38 40 30 26 50 46 11 31 32 20 55 15 39 25 28 22 36 62 9 4 23 12 21 37 7 48 19 44 52 59 60 53 24 3 63 29 18 16 42 8 51 33 5 13 34 61 41 14 2 45 49 56 27 64 54 35 57 43 
51 21 5 42 60 41 24 56 53 15 39 6 44 7 19 62 52 34 63 45 48 23 64 18 29 10 47 13 61 11 22 49 46 1 32 8 55 43 38 25 50 12 14 28 59 40 27 3 31 54 16 57 35 17 26 30 33 58 2 4 36 20 9 37 
4 52 61 34 64 32 35 7 9 48 54 23 8 10 2 42 24 47 49 13 46 17 53 29 56 27 55 3 18 50 30 60 62 40 41 39 36 12 5 20 44 37 43 26 38 57 21 15 22 58 6 33 51 11 19 1 14 59 63 28 45 31 25 16 
3 8 20 44 48 31 45 29 57 17 59 40 33 38 24 14 12 37 35 21 43 50 6 27 63 32 1 54 51 53 26 28 34 30 49 11 13 16 15 9 61 62 58 56 41 2 4 52 64 42 25 10 46 36 60 39 5 47 55 23 18 19 22 7 
26 62 12 49 63 11 25 23 61 47 60 36 18 21 5 51 16 20 59 57 41 2 56 1 33 19 34 17 46 14 24 15 37 28 29 50 58 27 7 35 39 53 54 22 64 31 9 45 3 4 32 40 52 55 8 43 48 13 6 44 10 42 38 30 
46 37 14 59 19 43 16 39 35 27 58 29 1 13 49 34 42 26 54 51 33 8 38 31 6 20 5 52 57 40 2 25 56 22 10 45 64 17 18 4 24 32 47 11 30 7 36 55 48 44 23 9 15 28 63 62 41 21 12 50 3 60 53 61 
57 33 18 53 15 36 13 30 56 41 22 28 64 63 55 25 11 9 58 19 32 4 3 14 42 16 43 39 45 59 44 62 48 51 61 54 2 21 23 31 49 10 60 5 6 20 35 17 29 47 37 27 7 12 50 38 46 26 40 52 1 34 24 8 
5 2 49 37 53 18 7 64 60 28 21 24 26 20 50 16 14 52 31 1 9 42 55 35 19 63 6 10 33 27 32 46 38 41 51 56 22 30 59 15 34 17 4 40 62 54 3 12 45 57 58 48 36 13 11 8 44 29 25 39 43 61 47 23 
34 15 25 57 42 26 54 3 1 13 49 8 62 30 63 5 58 50 64 32 59 40 20 24 53 39 56 23 44 12 43 9 21 37 19 18 52 4 61 14 10 36 29 27 22 33 45 2 41 35 47 31 38 6 46 60 55 11 7 51 28 16 17 48 
6 14 38 39 44 40 31 9 59 61 51 17 42 64 4 58 48 57 30 3 47 16 62 45 36 25 2 28 15 18 34 11 33 29 20 43 49 55 46 12 26 5 21 7 56 32 13 24 53 27 50 52 22 23 1 37 35 10 41 63 19 8 54 60 
48 56 17 32 30 60 63 4 38 7 25 10 34 12 36 44 39 8 28 27 37 13 23 22 54 14 41 50 5 29 55 21 40 53 57 16 47 62 35 1 20 6 11 43 15 61 52 58 49 9 42 51 19 59 33 64 3 2 45 24 26 46 31 18 
13 16 47 33 58 27 1 35 46 53 19 45 39 54 41 2 15 4 38 11 29 6 26 21 22 37 60 40 3 52 61 51 25 8 31 32 23 50 17 64 42 48 9 30 18 49 44 28 10 14 43 56 63 24 55 7 59 5 34 12 57 36 20 62 
28 51 29 12 59 50 61 19 23 57 15 3 40 6 43 48 17 56 10 46 53 5 49 41 26 8 24 64 38 7 42 20 45 9 11 36 54 2 44 60 35 14 55 47 16 37 31 63 25 39 30 4 34 32 62 18 52 1 22 21 58 13 33 27 
55 10 24 23 36 20 22 41 11 52 27 18 31 47 56 32 43 33 19 34 7 44 51 61 17 1 30 35 16 48 62 45 6 42 3 13 39 28 63 58 25 64 57 59 46 60 38 8 12 15 54 29 5 26 21 2 53 14 50 9 40 4 37 49 
52 11 43 21 45 8 46 62 29 9 14 22 37 55 33 35 36 2 25 12 54 18 63 60 57 31 4 49 58 47 59 13 10 48 27 34 7 24 26 5 53 23 1 51 19 41 39 50 16 3 61 28 44 40 17 20 42 64 15 32 56 38 30 6 
31 4 10 54 16 12 53 15 6 50 20 27 13 59 34 11 22 55 26 49 61 45 47 58 2 9 64 1 40 33 17 19 28 25 35 24 5 56 41 44 29 21 37 42 8 63 43 38 62 7 3 23 39 52 57 14 18 30 32 36 60 51 48 46 
24 44 55 60 57 63 11 5 36 37 28 32 46 52 21 7 53 62 17 42 34 25 13 15 27 22 45 29 20 16 38 14 26 18 1 30 50 10 2 40 31 49 48 58 39 6 64 19 51 33 8 43 47 4 9 61 12 3 56 41 59 23 35 54 
33 30 58 1 61 59 64 17 4 43 26 55 25 62 31 10 35 48 3 9 8 39 27 37 18 24 51 47 12 32 5 23 42 60 38 19 57 6 14 52 36 34 50 54 45 15 7 46 21 41 56 2 16 44 13 29 22 63 53 40 20 49 11 28 
39 18 37 6 56 9 3 45 2 5 53 35 49 19 40 22 28 11 1 44 57 32 60 36 59 7 10 46 41 42 13 4 8 15 21 58 43 34 29 27 30 33 61 17 51 23 47 16 26 55 12 20 54 31 48 63 38 62 24 25 50 14 52 64 
22 49 32 52 27 34 42 14 63 60 17 38 3 1 8 64 21 19 29 2 5 41 7 51 39 30 25 61 43 54 56 57 36 23 47 46 11 37 16 48 28 26 20 24 10 44 12 62 15 18 40 50 59 53 35 58 4 31 9 6 13 55 45 33 
21 47 46 48 13 51 62 2 12 42 44 41 61 39 23 9 20 43 14 31 6 30 16 59 8 50 37 36 49 58 52 55 4 63 45 33 3 7 64 54 22 56 35 57 32 53 18 40 28 10 24 11 60 38 25 5 27 15 26 19 29 17 34 1 
38 19 26 35 43 29 50 28 16 54 30 33 58 15 48 24 40 46 12 10 18 56 52 23 3 62 63 34 53 60 11 44 51 20 17 55 31 13 49 22 4 41 59 9 1 14 5 25 37 6 27 64 32 45 36 42 47 39 21 8 7 57 61 2 
40 25 7 8 41 23 36 20 45 14 56 51 47 18 57 29 64 63 33 54 50 24 4 38 35 21 28 31 48 26 15 6 59 39 12 9 61 32 53 62 55 11 2 3 52 13 60 27 19 49 46 1 17 30 34 22 37 43 16 58 5 10 42 44 
################proper############## 

 average_time = 12.522273 

 success runs = 1 

 total average iters = 338271.000000 
