Success!!! 
 
 max_col = 
 64 
 
 run_time = 
 6.287058 
 
 once iters = 
 72800 
 
33 5 63 11 23 49 25 19 9 45 38 8 64 29 34 44 21 39 40 13 42 46 6 58 24 57 27 12 28 32 22 52 2 7 15 51 3 30 14 43 1 53 61 55 56 62 20 48 47 4 31 59 54 10 60 50 35 37 18 17 26 36 41 16 
37 13 26 17 58 64 35 60 56 43 33 7 6 5 53 28 54 23 27 31 63 24 61 18 51 15 4 16 8 30 55 29 10 21 19 42 22 57 49 62 36 34 59 11 40 47 44 41 38 9 1 12 45 14 20 52 2 50 39 25 46 3 32 48 
18 34 8 30 57 45 3 12 35 20 36 21 22 51 61 41 16 53 44 9 43 19 52 62 58 59 26 47 37 6 63 7 64 25 28 48 33 39 38 31 42 4 2 46 32 24 60 50 17 11 15 40 29 27 5 55 1 10 49 56 14 23 13 54 
46 27 54 20 7 55 21 40 16 62 31 15 32 39 24 50 8 22 11 33 2 5 64 4 10 25 48 36 17 61 14 45 41 12 59 37 1 34 44 60 3 52 35 57 19 18 28 63 56 26 53 13 30 6 23 49 42 58 47 38 9 29 51 43 
24 42 59 50 1 22 52 14 49 27 63 23 3 2 26 57 51 30 7 37 25 45 10 20 33 18 44 31 35 40 62 56 11 4 13 32 47 8 29 9 64 21 16 17 54 38 12 39 46 41 48 28 58 36 34 43 5 55 19 61 15 60 6 53 
15 28 56 4 43 62 39 9 30 11 46 25 12 48 47 17 32 14 1 38 36 55 35 34 3 2 23 21 54 60 53 41 20 6 18 50 58 61 5 27 45 37 29 10 13 49 26 8 19 24 33 63 16 44 42 51 52 7 40 64 59 31 22 57 
29 41 61 16 32 10 51 31 52 1 59 60 18 40 13 19 17 47 50 56 49 48 3 26 34 64 38 43 9 46 42 5 24 23 63 36 55 54 35 53 33 22 7 27 15 58 14 6 2 57 25 37 21 8 39 62 12 4 30 28 20 45 44 11 
36 2 47 6 48 38 53 44 37 42 54 55 10 14 58 4 60 28 59 29 15 57 41 12 39 19 49 13 50 11 1 20 46 45 52 26 40 56 17 16 51 5 25 9 31 23 43 30 3 32 64 7 61 18 35 22 24 33 63 21 62 8 27 34 
58 15 38 29 37 40 22 63 1 26 55 57 2 23 20 54 24 10 13 47 46 9 56 25 32 35 62 53 39 45 34 6 21 42 4 33 12 44 8 64 61 41 60 43 28 50 31 49 7 18 51 5 52 30 59 27 3 11 14 19 48 16 36 17 
64 51 6 48 54 32 11 13 17 4 52 42 49 41 15 22 33 27 21 36 28 61 55 16 9 5 47 3 59 1 57 2 56 19 34 31 38 14 62 7 63 18 45 58 35 12 37 20 23 8 46 50 39 53 43 26 29 25 60 40 24 10 30 44 
53 49 41 36 50 9 1 26 3 19 29 33 16 30 28 60 63 4 2 39 31 35 11 37 14 55 25 38 44 17 51 21 43 40 10 59 18 5 15 13 7 46 8 52 23 57 22 32 42 54 58 61 6 20 24 48 27 34 12 62 56 64 47 45 
35 20 25 18 8 47 10 30 6 48 62 11 37 9 14 39 15 44 29 17 19 32 42 45 28 12 24 52 63 43 64 61 26 55 23 60 50 51 46 54 34 59 4 5 38 53 27 56 16 21 40 2 1 3 57 36 22 49 13 33 41 7 58 31 
57 44 33 34 21 39 27 28 24 18 64 43 46 7 56 40 30 60 8 12 23 14 49 59 41 11 15 54 58 26 36 22 45 48 20 47 52 9 2 32 13 10 62 16 6 17 3 51 25 19 4 35 37 55 29 31 38 61 53 5 42 50 63 1 
31 62 42 2 56 12 59 16 27 53 44 36 61 45 63 51 3 58 57 64 5 52 34 50 7 23 40 46 13 4 48 49 39 24 1 25 35 17 11 30 47 19 15 33 9 26 55 29 14 28 22 38 32 60 10 41 37 21 8 20 54 43 18 6 
17 23 45 5 46 61 24 4 25 34 13 32 38 31 10 47 6 18 22 7 48 53 26 43 8 27 30 19 20 33 50 60 37 28 58 29 16 41 57 3 44 54 14 1 42 21 36 40 9 63 11 56 62 12 49 64 59 2 15 55 51 52 39 35 
19 7 55 43 3 14 60 52 50 12 5 59 58 8 21 35 20 1 62 54 51 41 40 38 31 16 10 42 29 56 18 37 36 53 49 61 27 22 6 63 2 30 64 48 24 39 25 11 45 15 13 44 34 33 17 47 46 28 32 23 57 26 9 4 
9 46 7 32 24 18 45 35 53 29 50 16 17 22 60 10 37 52 61 28 64 59 14 2 27 8 13 62 25 42 4 3 31 57 44 12 23 40 19 1 38 11 33 26 39 43 49 55 51 36 6 58 56 34 54 20 48 47 41 63 5 30 21 15 
4 58 57 26 16 42 40 36 54 31 9 35 44 33 55 62 1 12 38 20 50 47 5 39 59 10 21 41 34 14 15 19 27 51 32 30 25 29 60 28 6 2 17 53 52 56 64 24 11 48 49 43 23 45 7 63 18 46 61 22 3 13 37 8 
49 48 43 59 51 6 17 47 7 32 40 5 1 11 3 45 53 31 33 35 62 4 46 29 36 52 64 63 18 23 54 26 22 38 56 58 24 21 20 37 15 50 30 25 10 27 13 61 41 12 8 55 42 2 28 57 19 39 9 44 34 14 16 60 
11 55 53 23 14 13 61 5 43 30 48 27 28 12 8 58 10 45 3 57 54 60 25 21 40 1 7 39 6 16 24 51 34 17 36 41 63 49 18 50 19 62 9 37 59 20 47 42 44 29 32 33 46 15 22 38 64 26 4 35 31 56 52 2 
28 10 22 21 25 37 33 2 15 52 61 47 24 19 6 49 56 36 55 48 34 63 8 41 30 60 17 20 32 29 58 57 9 13 45 14 39 64 54 26 16 44 46 23 7 51 40 12 35 59 3 27 5 31 18 4 50 53 38 43 1 42 11 62 
12 30 44 54 31 20 62 29 59 46 56 34 25 57 41 18 26 13 15 11 40 27 22 24 38 53 9 61 48 37 33 47 35 2 8 43 7 4 42 52 32 63 58 14 36 3 5 28 64 1 21 60 19 16 50 39 10 6 17 51 23 55 45 49 
50 1 34 19 63 52 38 8 64 36 39 51 14 4 42 13 23 32 43 18 9 49 44 7 11 56 12 5 45 31 2 46 15 47 61 3 6 62 16 55 29 48 22 21 60 41 54 35 30 17 26 53 24 25 37 10 33 40 28 57 27 20 59 58 
56 60 3 39 64 15 41 27 26 2 23 37 20 21 38 63 42 19 16 51 6 58 30 17 43 50 22 44 55 28 49 35 48 33 46 10 59 11 53 5 18 1 31 4 45 8 57 34 40 47 61 62 9 52 13 14 54 36 7 24 32 25 12 29 
6 12 49 53 61 58 7 51 34 37 26 50 41 27 59 52 4 15 35 16 10 30 47 19 45 32 43 48 23 38 5 13 17 44 29 39 21 63 55 56 46 64 28 22 25 33 2 1 24 31 9 36 3 57 14 54 60 18 62 11 8 40 20 42 
63 40 39 46 26 54 15 59 14 24 42 53 7 55 62 29 18 3 64 25 32 1 38 57 2 21 6 28 12 50 61 10 33 20 30 27 19 16 13 8 60 31 34 35 5 36 9 43 48 37 44 17 51 11 58 23 49 22 56 52 45 47 4 41 
3 33 62 27 60 57 55 20 23 51 49 58 13 38 22 64 7 11 48 41 44 6 45 36 4 39 35 25 24 54 9 15 5 43 53 52 34 28 59 46 37 56 18 8 17 42 19 47 21 16 63 29 26 50 40 1 61 14 2 31 30 32 10 12 
44 9 13 47 19 11 48 18 4 15 35 17 5 32 16 61 14 43 54 58 55 33 28 8 42 36 46 56 60 57 30 59 3 31 40 22 10 7 24 12 21 26 23 39 53 52 29 45 62 27 20 64 41 49 6 2 63 1 37 34 25 51 50 38 
43 16 28 24 42 56 50 10 31 33 20 54 63 3 12 2 27 59 37 49 22 34 53 5 19 47 41 1 14 52 7 44 32 58 9 35 61 26 64 25 11 38 6 40 55 15 51 62 8 30 60 39 18 46 4 45 36 13 29 48 21 17 57 23 
5 35 37 45 52 25 31 41 8 28 21 1 47 44 48 46 62 2 17 60 12 56 39 23 64 49 20 29 16 3 40 18 4 36 6 57 14 38 51 11 30 61 24 50 58 63 7 10 34 13 59 32 22 19 55 42 26 9 54 15 53 27 43 33 
2 21 1 8 38 36 14 64 11 40 43 6 57 60 19 30 50 61 26 63 13 29 9 42 17 22 55 27 53 51 31 34 47 18 41 62 37 45 23 49 54 32 48 12 20 44 59 4 33 52 56 15 10 35 25 7 39 3 58 16 28 46 5 24 
30 32 4 22 29 17 34 23 10 39 25 45 36 18 9 56 31 21 52 46 24 40 20 51 63 37 58 8 33 62 26 11 42 1 50 54 60 2 48 15 57 3 27 49 16 13 41 14 43 38 5 47 28 61 53 12 44 64 35 6 55 19 7 59 
62 43 21 51 6 29 20 7 47 57 19 3 42 25 44 12 61 26 28 14 27 15 31 33 48 63 34 58 22 39 38 40 59 41 5 18 54 10 56 24 4 17 37 64 49 30 35 46 52 45 50 16 11 1 36 8 23 32 55 60 2 9 53 13 
55 22 27 41 59 2 23 48 45 8 32 28 29 58 54 20 43 46 56 52 57 38 51 11 62 31 37 50 61 10 6 30 49 16 7 21 42 19 47 14 5 60 63 18 1 40 33 13 26 39 17 4 35 9 64 53 34 44 24 12 36 15 25 3 
42 24 64 33 53 31 37 58 38 10 34 13 55 46 52 26 48 35 39 4 45 18 60 30 5 54 11 15 49 2 17 23 40 62 51 20 28 3 43 57 8 12 36 56 44 9 32 22 29 6 19 41 25 7 21 61 14 63 27 47 16 59 1 50 
1 18 60 12 44 46 26 38 63 5 15 14 23 6 7 11 59 62 41 2 21 8 24 55 57 20 56 9 42 47 16 27 53 30 37 4 64 25 32 36 28 43 50 19 48 10 39 52 49 40 34 54 13 58 33 3 31 35 51 45 29 61 17 22 
45 50 10 13 15 28 8 56 40 41 4 39 31 37 43 33 12 16 32 44 29 20 36 47 55 51 53 26 19 59 3 14 1 9 22 17 11 46 63 35 25 57 54 34 27 7 61 2 18 62 30 24 60 23 38 5 58 52 6 42 49 21 48 64 
54 61 16 57 17 19 32 39 2 60 1 30 59 53 51 9 25 50 23 34 3 13 63 49 18 43 36 33 41 24 35 64 58 27 12 6 8 52 31 44 62 55 21 15 29 45 42 26 22 10 37 14 47 56 48 28 4 20 5 46 40 11 38 7 
40 63 52 9 36 35 30 25 18 50 17 48 62 16 49 24 5 37 19 22 7 42 58 64 60 13 1 4 46 21 12 8 29 15 33 23 45 55 34 61 14 6 11 47 3 59 38 53 27 43 2 20 44 51 31 32 28 57 10 26 39 41 54 56 
34 47 11 14 5 4 49 3 36 56 27 22 35 61 64 21 9 40 10 53 1 54 17 6 29 45 52 32 7 44 25 28 50 60 39 13 2 48 26 38 58 16 20 41 51 31 24 23 12 55 57 42 59 63 15 46 30 19 33 8 43 18 62 37 
25 4 5 35 13 43 19 55 57 61 24 2 26 64 32 23 40 29 12 15 38 7 21 3 54 9 42 49 10 22 46 50 8 39 60 63 62 6 45 33 56 58 41 36 37 28 34 44 59 51 18 48 53 47 16 30 20 17 31 27 11 1 14 52 
20 8 40 7 41 16 12 33 62 14 11 49 51 28 29 36 19 34 4 1 47 64 13 46 61 26 60 6 56 58 45 63 38 10 2 15 44 50 52 22 35 27 39 42 30 54 48 31 37 25 23 21 17 5 3 9 32 43 57 59 18 53 24 55 
23 17 31 15 10 51 29 42 22 47 60 4 53 52 5 27 55 49 45 62 16 39 18 44 20 41 2 34 30 64 19 43 28 56 26 11 48 35 37 59 24 40 12 61 50 6 1 57 54 58 14 46 36 38 32 13 9 8 25 7 63 33 3 21 
59 54 30 62 28 21 57 49 55 58 16 20 34 56 46 8 36 6 31 24 52 23 37 53 44 38 33 18 11 25 32 17 51 61 27 64 5 12 1 19 22 7 3 29 14 2 4 9 10 50 43 45 40 39 63 35 15 41 42 13 47 48 60 26 
27 14 50 1 2 44 47 34 12 17 6 9 21 59 39 7 41 33 5 61 26 22 43 63 16 48 57 35 31 8 52 24 18 32 3 55 30 53 40 20 10 23 51 13 11 46 45 25 60 56 42 49 4 28 19 15 62 38 64 37 58 54 29 36 
38 36 46 58 11 48 18 22 41 13 3 31 19 1 35 15 2 56 30 42 8 51 54 32 23 7 59 37 40 12 27 62 57 14 25 49 4 43 9 34 17 20 53 63 47 60 16 21 6 33 55 52 64 24 26 29 45 5 50 10 61 44 28 39 
26 37 32 56 45 24 63 53 48 54 18 44 43 50 40 25 28 57 9 10 35 17 59 60 13 4 5 14 3 36 39 1 7 29 47 16 46 42 58 21 52 33 55 38 64 19 62 15 61 20 41 31 27 22 8 11 6 30 23 49 12 2 34 51 
52 3 9 64 39 60 6 61 42 38 45 63 33 10 30 37 58 48 20 27 11 25 50 14 47 29 28 51 15 53 21 55 23 54 31 24 36 13 41 17 43 49 5 59 26 32 8 18 1 34 7 57 12 62 2 44 16 56 22 4 19 35 46 40 
22 29 36 40 35 63 16 57 33 49 37 61 4 42 23 53 11 41 60 6 30 12 7 9 1 28 31 64 62 48 44 58 14 3 55 34 13 27 39 18 20 15 47 51 21 5 56 38 50 2 54 19 8 17 46 59 25 45 43 32 52 24 26 10 
60 52 24 61 9 50 2 54 51 21 28 12 11 63 17 48 57 8 53 43 20 10 62 56 49 46 29 23 26 34 13 39 16 37 64 19 31 47 33 6 59 42 44 7 4 35 30 27 36 14 45 3 38 32 41 25 55 15 1 18 22 58 40 5 
13 39 20 3 33 59 64 43 32 44 47 19 9 24 27 14 34 42 18 45 37 50 48 1 35 61 51 17 36 41 56 54 52 5 38 8 49 15 21 4 40 25 10 2 12 55 46 16 57 22 29 23 63 26 30 58 7 62 11 53 60 6 31 28 
14 56 23 28 49 34 42 1 13 55 22 64 50 43 36 5 44 38 24 32 61 26 27 35 21 30 18 2 57 15 59 25 60 63 17 46 9 20 10 40 39 45 52 6 8 11 58 54 53 7 47 51 31 48 62 37 41 29 16 3 4 12 33 19 
48 26 19 38 12 41 44 6 29 3 57 40 60 15 18 59 47 63 46 23 33 16 4 31 50 24 45 7 5 9 20 42 25 11 54 56 51 32 30 58 49 36 13 62 61 22 53 37 28 35 52 10 55 43 1 21 8 27 34 2 17 39 64 14 
32 11 18 31 55 53 58 62 39 7 30 46 45 26 25 38 13 5 36 59 14 21 29 52 37 3 8 10 27 63 60 4 61 50 42 2 43 1 22 23 41 9 19 28 34 64 17 33 15 44 24 6 20 40 12 16 57 51 48 54 35 49 56 47 
47 25 17 10 4 8 46 21 58 6 2 41 56 62 31 16 64 54 51 19 39 28 15 40 52 33 32 22 38 55 43 53 12 35 48 45 26 36 7 29 23 14 57 24 18 1 50 3 5 60 27 9 49 42 11 34 13 59 20 30 44 37 61 63 
7 45 51 37 27 30 5 15 20 35 8 10 52 54 1 34 49 25 58 55 17 3 2 22 6 14 16 40 47 19 11 12 62 59 57 44 53 24 28 41 26 29 32 31 43 48 63 60 13 64 39 18 33 4 61 56 21 23 36 9 50 38 42 46 
41 64 48 42 34 33 4 37 44 22 14 18 54 47 57 6 29 7 49 26 58 36 32 27 25 40 19 11 51 5 10 9 63 52 43 53 20 23 12 39 55 35 56 3 62 61 15 59 31 46 16 1 2 13 45 24 17 60 21 50 38 28 8 30 
21 53 15 44 62 27 28 11 19 16 41 26 30 13 4 1 35 24 42 5 60 2 57 54 46 17 61 59 43 7 29 36 55 49 14 38 32 33 25 48 12 51 40 20 63 34 52 64 39 3 10 8 50 37 56 18 47 31 45 58 6 22 23 9 
51 31 2 60 40 23 43 50 61 59 12 38 8 35 37 55 39 9 25 30 53 11 1 15 22 58 54 57 52 27 41 33 44 26 16 28 17 18 4 45 48 13 42 32 46 14 21 36 63 49 62 34 7 64 47 6 56 24 3 29 10 5 19 20 
61 59 35 63 47 7 9 32 60 25 51 52 39 49 2 43 46 20 34 8 56 62 12 10 53 6 50 45 1 13 28 38 54 64 21 5 41 58 3 42 31 24 26 30 57 37 11 19 55 23 36 22 48 29 27 17 40 16 44 14 33 4 15 18 
39 6 58 55 18 3 54 45 46 23 7 62 15 17 50 32 22 51 47 40 59 31 19 13 56 34 63 24 4 35 37 48 30 8 11 1 29 60 61 2 9 28 43 44 41 16 10 5 20 42 38 25 14 21 52 33 53 12 26 36 64 57 49 27 
10 57 14 49 30 1 13 46 28 64 58 29 27 34 33 42 45 17 63 50 41 43 23 61 12 44 3 60 21 20 8 16 6 22 24 40 56 31 36 51 53 47 38 54 2 4 18 7 32 5 35 26 15 59 9 19 11 48 52 39 37 62 55 25 
8 38 12 25 22 26 36 24 5 9 53 56 40 20 11 3 52 64 6 21 4 37 16 48 15 42 14 55 2 18 47 31 19 34 62 7 57 59 50 10 27 39 49 45 33 29 23 17 58 61 28 30 43 41 44 60 51 54 46 1 13 63 35 32 
16 19 29 52 20 5 56 17 21 63 10 24 48 36 45 31 38 55 14 3 18 44 33 28 26 62 39 30 64 49 23 32 13 46 35 9 15 37 27 47 50 8 1 60 22 25 6 58 4 53 12 11 57 54 51 40 43 42 59 41 7 34 2 61 
################proper############## 

 average_time = 6.287058 

 success runs = 1 

 total average iters = 72800.000000 
