Success!!! 
 
 max_col = 
 64 
 
 run_time = 
 6.484924 
 
 once iters = 
 77856 
 
48 17 38 20 29 53 16 21 55 43 64 11 26 12 32 62 59 45 52 6 56 31 57 7 34 28 1 41 10 58 46 14 63 33 19 2 27 22 24 44 4 49 50 35 25 13 36 51 47 9 30 5 40 3 23 54 37 8 18 42 61 39 60 15 
10 46 64 40 43 26 9 55 52 60 63 30 56 42 24 45 2 48 1 62 21 5 49 33 3 20 11 4 22 27 15 51 28 14 25 59 31 18 23 32 37 19 54 47 34 44 16 38 12 7 50 8 61 6 35 39 36 41 13 58 17 57 53 29 
2 28 15 1 8 19 63 51 41 9 29 50 46 7 17 18 4 61 16 13 47 14 35 58 24 25 39 44 33 60 32 42 21 5 12 54 55 45 36 62 6 57 22 48 30 52 23 3 49 20 56 53 37 26 34 59 38 27 64 43 11 10 40 31 
5 45 36 11 31 61 22 6 44 25 58 59 38 2 39 1 51 26 23 27 24 40 37 15 35 47 17 55 16 29 50 8 9 30 7 10 52 57 60 20 63 62 64 12 33 53 28 41 4 19 43 48 21 18 13 42 49 34 3 32 14 46 54 56 
13 39 52 59 41 14 18 27 34 33 16 22 20 23 31 53 8 50 3 55 10 42 30 43 48 19 7 37 40 54 12 5 6 58 26 49 61 35 17 46 32 56 45 60 11 21 24 1 36 25 64 57 29 2 15 38 47 63 44 9 28 51 62 4 
54 47 7 25 58 49 30 42 27 40 5 61 37 13 21 35 22 36 41 20 39 53 34 32 62 2 57 18 45 9 56 63 64 3 51 4 11 38 15 48 8 43 17 14 59 26 29 10 28 52 24 46 60 44 31 16 12 55 6 19 23 1 33 50 
57 23 60 24 32 37 3 33 36 4 49 19 47 15 14 48 54 9 12 28 44 18 63 11 52 21 38 53 64 59 6 30 56 13 41 34 50 43 8 29 7 40 42 39 61 46 31 58 51 27 1 22 17 62 10 55 5 2 35 26 45 20 16 25 
62 12 50 4 34 44 56 35 10 54 8 51 3 28 6 57 29 25 19 46 64 17 60 38 26 23 31 61 49 13 43 36 47 1 40 16 39 37 42 53 9 15 27 18 2 20 5 55 11 32 41 45 14 33 63 58 48 24 59 21 7 52 22 30 
28 31 35 49 64 48 41 7 17 42 21 18 30 25 63 22 43 44 33 39 54 19 62 46 58 16 8 59 23 47 34 53 5 57 36 38 10 40 11 9 56 52 51 61 13 24 55 14 6 4 27 12 3 60 45 37 2 26 15 20 32 29 50 1 
61 54 53 55 27 51 20 40 16 56 26 62 10 47 7 12 41 1 30 49 14 15 5 22 32 63 18 64 21 37 24 13 59 42 45 3 8 19 28 4 50 58 33 34 46 29 17 39 2 23 25 36 43 57 11 31 6 35 60 48 52 44 38 9 
3 8 57 33 16 12 60 26 35 48 39 24 36 49 1 54 42 64 40 17 37 50 56 61 6 38 22 29 14 25 52 31 46 18 23 44 32 58 27 47 2 53 5 43 4 11 19 9 30 15 28 62 59 55 7 20 51 45 41 63 34 21 10 13 
52 9 13 15 19 30 62 37 43 53 14 57 58 59 27 41 10 32 21 16 4 23 36 51 17 44 46 2 12 5 11 50 60 24 34 20 54 49 31 55 40 63 6 1 28 48 45 64 26 39 8 47 22 38 29 35 33 56 42 61 3 7 25 18 
25 21 1 44 14 29 6 46 15 50 51 2 5 38 61 33 55 60 45 18 20 47 3 27 28 7 62 42 57 41 36 54 13 48 22 52 56 17 63 39 59 32 26 30 10 37 8 35 34 16 58 40 53 64 19 9 31 12 23 4 24 49 43 11 
36 22 56 2 18 42 39 10 31 28 4 9 34 37 60 44 53 12 6 25 13 35 11 8 40 48 61 1 20 3 55 45 14 29 33 7 21 26 64 43 54 38 15 57 62 47 41 23 32 24 52 63 46 49 50 51 17 16 27 5 58 30 19 59 
47 24 59 23 4 5 32 58 64 3 45 6 13 52 40 11 38 57 7 34 26 2 29 63 9 43 30 56 60 35 19 49 15 25 62 53 12 50 1 51 22 20 16 31 18 36 27 42 17 44 48 41 33 61 21 10 46 54 37 39 8 55 14 28 
38 43 34 45 50 17 11 63 23 8 19 20 55 46 29 32 9 58 24 31 59 48 52 28 33 10 27 39 26 15 51 4 30 61 16 35 41 2 37 6 44 7 21 3 60 49 12 25 5 54 13 1 42 56 18 14 64 53 22 62 57 36 47 40 
6 16 39 26 47 1 31 15 32 22 43 64 9 63 5 27 57 55 62 41 8 44 42 56 59 37 50 13 19 45 58 52 54 12 60 51 2 11 14 18 29 48 23 4 20 33 30 7 40 21 10 17 49 53 36 3 24 25 34 35 46 28 61 38 
20 36 42 51 54 62 12 50 1 24 56 13 6 4 57 52 64 14 43 61 45 10 18 5 16 27 41 34 35 11 33 22 26 23 31 28 30 29 59 37 25 46 2 8 40 9 49 21 7 60 55 38 19 47 39 44 32 58 63 3 15 17 48 53 
22 25 37 58 59 9 23 53 7 29 2 21 39 44 33 50 17 38 11 60 31 28 20 34 49 55 36 15 3 51 54 24 4 46 63 64 40 47 41 35 12 45 56 13 16 27 61 19 57 42 32 14 5 8 48 52 10 1 62 6 43 18 30 26 
7 55 4 35 3 13 19 24 45 30 60 54 62 26 53 36 47 63 59 21 46 16 22 2 44 32 29 17 43 23 1 6 33 27 50 25 42 48 52 58 10 18 38 64 31 28 39 15 37 41 51 61 12 11 20 34 9 57 40 8 49 5 56 14 
33 38 14 10 48 32 28 34 49 35 20 25 18 41 19 61 50 24 4 15 40 52 53 23 60 42 47 12 63 2 62 21 36 39 8 9 7 5 6 56 3 11 57 58 51 1 54 17 46 59 16 43 26 29 64 30 55 31 45 27 22 13 37 44 
45 41 18 64 49 56 2 44 51 12 10 38 14 55 37 15 48 13 9 1 19 7 39 30 8 40 53 5 46 28 4 26 57 22 20 17 24 3 61 16 35 34 47 62 36 43 59 32 50 63 31 23 58 27 6 25 54 21 52 11 29 60 42 33 
63 5 40 57 11 52 27 30 8 47 59 31 23 17 42 46 25 49 35 58 32 29 12 3 18 9 56 14 48 7 20 61 43 21 13 62 38 34 19 10 55 26 37 53 41 60 44 6 15 22 45 24 1 54 28 33 39 51 50 64 4 16 36 2 
29 61 21 43 46 8 17 60 11 58 3 16 28 48 34 40 33 37 51 54 6 27 26 36 30 39 25 57 31 10 64 38 45 32 15 1 44 53 55 49 42 14 24 52 5 63 22 50 56 18 9 13 62 35 4 2 20 7 12 23 47 59 41 19 
1 44 25 39 33 40 53 11 37 46 7 17 29 16 47 38 26 23 54 32 49 22 55 57 36 61 6 52 58 30 10 48 8 20 18 41 4 15 45 14 64 21 63 56 12 31 9 60 24 62 19 27 50 59 42 13 28 43 51 34 5 2 35 3 
60 30 63 12 22 55 52 19 62 23 6 1 54 57 35 5 46 15 47 10 34 8 33 20 38 14 49 3 51 44 28 27 53 64 37 32 29 31 56 13 24 16 58 41 39 18 2 61 25 43 36 7 11 48 26 17 42 59 4 50 21 40 9 45 
26 58 3 48 2 31 29 47 53 19 22 10 40 21 25 56 63 16 42 50 5 51 9 64 37 41 33 11 34 1 13 43 61 59 24 12 6 27 7 17 23 55 36 20 35 32 4 28 39 30 15 54 57 14 38 45 44 46 8 49 18 62 52 60 
27 32 9 46 10 7 38 43 14 51 41 45 33 24 3 63 12 28 18 53 62 37 17 4 25 59 35 54 56 42 39 20 48 50 55 21 22 44 16 2 19 29 40 11 49 5 13 47 64 31 23 60 6 34 52 8 57 61 26 15 30 58 1 36 
21 51 49 42 36 18 54 59 9 39 44 34 11 30 64 2 35 56 58 48 61 25 43 19 4 45 23 24 29 8 40 16 38 60 10 63 33 28 62 57 15 6 52 26 50 7 1 27 41 47 22 3 20 5 32 46 13 14 55 53 37 31 12 17 
24 50 61 37 15 20 57 17 13 31 12 49 4 43 48 26 6 11 44 30 60 36 27 14 5 53 55 63 32 21 2 62 39 54 35 47 1 52 51 19 45 33 59 46 3 8 42 34 58 10 18 9 28 40 16 56 25 23 38 29 41 22 64 7 
56 62 41 8 35 64 45 28 50 61 15 32 27 36 55 42 7 52 2 24 1 59 31 13 46 60 9 19 47 18 26 12 25 34 3 5 43 23 58 40 30 17 14 22 37 54 38 57 21 33 29 44 4 51 53 49 63 11 16 10 6 48 39 20 
14 34 16 13 6 23 4 5 28 20 52 58 59 8 18 60 39 29 38 45 3 21 40 41 57 50 15 31 7 64 22 17 49 11 42 46 36 9 30 26 51 44 62 25 53 10 48 43 1 61 35 2 63 37 55 12 19 32 47 56 54 33 24 27 
37 59 33 30 53 45 34 2 42 41 24 46 49 5 56 29 1 17 27 35 50 61 32 62 15 51 20 60 8 63 9 10 23 19 64 18 14 6 47 31 58 12 39 28 21 3 52 11 43 26 7 55 38 13 22 4 40 48 36 25 44 54 57 16 
42 4 28 29 24 11 5 12 25 32 9 52 16 62 20 39 19 54 53 64 57 34 41 31 23 35 48 26 37 61 21 40 1 2 30 58 3 36 43 27 47 13 10 7 22 59 33 46 63 51 17 49 44 15 56 18 50 6 14 38 60 45 8 55 
17 10 43 36 7 50 13 1 33 14 37 47 19 58 59 31 15 3 63 22 11 30 45 29 41 56 64 6 54 46 49 34 62 38 39 8 35 4 25 42 16 61 44 40 48 55 57 18 20 2 53 32 23 9 5 60 21 52 28 51 12 26 27 24 
23 40 47 41 62 63 48 57 61 27 30 36 43 64 15 8 5 7 13 14 28 26 25 55 12 18 42 45 38 53 3 44 51 52 17 22 16 33 9 60 31 1 32 2 54 6 56 24 29 37 21 34 10 50 58 11 59 20 49 46 35 19 4 39 
15 6 46 32 21 25 35 9 60 17 57 12 22 1 13 34 24 59 8 2 36 4 23 16 50 58 43 27 52 39 14 47 7 55 44 11 63 20 29 28 49 51 53 38 26 62 37 45 3 64 40 19 48 42 54 41 18 10 30 33 31 56 5 61 
31 60 22 3 61 54 8 14 21 45 35 26 50 11 10 51 20 43 49 44 38 33 58 18 2 1 16 62 28 17 7 55 24 40 46 56 48 41 57 5 36 64 30 42 19 15 34 4 59 12 39 6 47 52 25 27 23 37 29 13 9 53 63 32 
49 18 26 52 56 16 51 20 6 44 40 63 7 53 38 55 21 47 39 42 9 60 10 48 19 11 24 36 13 4 57 32 34 37 54 15 59 61 50 12 41 27 29 23 8 25 35 5 62 46 14 33 31 45 30 28 3 22 58 1 2 43 17 64 
44 27 55 19 39 38 58 64 4 18 23 3 48 54 2 28 56 40 37 52 51 6 46 12 22 5 59 33 25 31 30 29 10 53 49 13 26 21 32 45 43 50 9 63 17 14 60 20 16 57 61 35 8 24 1 36 34 47 11 41 62 15 7 42 
19 37 30 17 63 27 15 8 46 26 47 39 25 33 41 9 14 10 36 59 22 12 16 50 55 24 51 40 4 6 45 64 31 49 2 60 53 62 44 11 5 28 61 29 23 42 3 56 38 48 20 52 35 43 57 1 58 18 7 54 13 34 32 21 
9 64 12 47 51 46 21 32 58 11 50 60 45 34 4 59 28 30 31 38 29 43 13 40 7 36 19 49 17 62 23 35 20 10 52 33 37 63 5 24 18 41 1 54 6 22 25 48 61 55 42 15 56 16 3 53 27 44 39 57 26 14 2 8 
41 29 2 54 42 28 50 45 38 37 17 7 24 35 52 23 32 39 5 8 27 63 44 26 13 34 14 58 30 57 53 1 55 56 43 19 18 25 48 64 62 60 4 51 9 16 46 33 22 49 47 21 36 31 40 6 61 15 10 59 20 3 11 12 
55 26 58 7 13 33 25 22 2 49 27 29 42 10 43 19 18 62 56 11 53 1 51 6 61 46 12 16 5 48 60 41 3 36 32 14 28 39 40 15 21 37 20 50 57 45 64 44 54 8 59 30 34 4 24 23 52 17 9 47 38 63 31 35 
40 20 5 62 38 10 1 4 54 64 28 55 44 22 51 16 60 41 48 7 25 24 2 52 56 3 26 9 59 32 63 37 29 45 57 61 47 12 34 21 13 31 35 49 43 58 15 8 14 11 33 18 27 39 17 50 30 42 19 36 53 6 23 46 
34 53 11 6 60 35 43 49 56 57 36 48 61 14 8 3 23 21 20 33 15 46 64 37 29 54 44 28 18 38 31 25 42 4 58 26 17 13 22 30 52 47 19 59 27 39 40 63 9 45 2 10 41 32 12 7 1 62 24 55 16 50 51 5 
59 48 23 16 57 24 36 18 5 62 1 40 31 32 12 13 58 34 61 3 35 9 47 42 21 22 52 10 15 20 8 39 41 6 27 50 51 54 38 7 14 2 11 17 55 30 26 53 44 28 63 29 64 25 46 19 43 49 56 60 33 4 45 37 
39 56 44 31 52 3 14 61 63 6 18 15 53 20 30 21 49 4 55 57 17 54 19 45 42 33 2 47 50 43 27 11 16 35 59 23 9 1 46 8 38 24 12 10 32 34 7 36 60 5 62 37 13 58 51 26 22 29 25 40 64 41 28 48 
16 14 6 53 12 36 7 13 40 21 48 44 63 27 22 30 62 35 15 9 58 11 8 47 43 64 28 23 39 34 41 59 37 51 1 55 46 32 26 25 33 42 49 5 29 4 20 54 45 50 3 31 24 17 61 57 56 60 2 52 19 38 18 10 
4 52 45 27 17 21 46 39 26 16 54 23 57 50 58 25 3 33 28 40 43 49 24 60 51 30 10 22 62 55 5 19 18 8 11 36 20 14 2 34 53 35 48 15 38 61 63 37 13 1 6 56 9 12 59 32 29 64 31 7 42 47 44 41 
35 3 24 9 55 22 64 23 59 2 34 14 32 31 49 20 27 51 10 29 30 39 38 1 53 13 63 7 61 26 25 58 19 17 56 45 57 42 33 54 11 8 60 44 47 50 6 62 18 40 5 16 52 41 37 21 4 36 46 28 48 12 15 43 
51 15 20 18 37 57 10 56 12 7 13 8 35 39 46 47 34 42 64 5 63 32 50 53 14 29 21 48 27 33 16 9 58 44 6 31 62 24 4 41 1 36 3 45 52 23 43 2 55 38 49 28 25 19 60 22 26 30 61 17 40 11 59 54 
43 33 19 28 30 2 49 31 29 10 62 53 15 56 11 24 16 18 26 37 41 20 4 44 45 12 40 38 1 50 42 57 52 63 61 27 5 60 35 23 39 59 7 55 58 17 14 13 48 36 34 51 54 46 47 64 8 9 21 22 25 32 3 6 
8 11 29 60 40 58 61 25 3 52 38 5 51 6 36 43 45 19 22 56 23 55 48 17 20 4 54 35 2 49 47 15 12 28 21 39 64 59 10 50 57 9 46 32 24 41 18 31 42 14 44 26 7 30 62 63 53 33 1 16 27 37 13 34 
50 63 54 5 26 47 42 38 18 1 33 37 41 9 28 4 61 46 14 36 52 13 21 59 31 17 60 32 6 24 44 56 22 7 29 48 15 16 53 3 34 30 25 19 64 12 10 40 8 35 11 58 2 20 27 43 62 39 57 45 51 23 55 49 
32 1 48 34 44 41 59 62 19 55 61 42 64 60 45 17 31 2 25 12 7 57 6 54 11 8 3 46 36 52 37 18 40 9 47 43 49 30 13 38 26 22 28 27 56 51 21 16 10 53 4 39 15 23 33 29 14 50 5 24 63 35 20 58 
12 13 51 14 25 15 47 48 24 38 55 43 21 29 54 6 52 8 50 23 18 58 1 10 27 62 4 20 41 36 35 2 44 16 28 57 45 46 39 61 60 3 31 9 63 19 53 59 33 34 37 42 32 7 49 40 11 5 17 30 56 64 26 22 
64 49 27 61 1 6 26 16 48 13 42 28 17 40 9 14 37 53 34 43 12 3 54 35 47 15 45 50 11 22 18 60 32 41 4 29 58 51 21 63 20 23 55 24 44 2 62 30 19 56 57 59 39 10 8 5 7 38 33 31 36 25 46 52 
30 42 32 63 5 34 24 52 47 59 53 35 60 61 26 37 36 20 29 51 2 64 15 25 1 49 58 8 55 56 48 7 11 31 9 40 19 10 18 33 46 54 13 21 14 38 50 22 23 17 12 4 16 28 41 62 45 3 43 44 39 27 6 57 
58 35 8 22 28 4 40 3 57 36 11 27 12 18 44 7 30 31 60 63 33 41 59 39 10 26 34 51 24 16 61 46 2 47 5 6 23 55 20 52 17 25 43 37 1 56 32 29 53 13 38 64 45 21 9 48 15 19 54 14 50 42 49 62 
18 19 62 38 23 39 33 29 20 15 25 41 52 45 50 10 44 6 46 47 55 56 14 49 63 31 13 43 9 40 17 28 27 26 53 42 34 64 54 22 48 5 8 36 7 57 58 12 35 3 60 11 30 1 2 24 16 4 32 37 59 61 21 51 
53 7 31 21 20 59 37 41 39 63 46 56 1 3 23 64 11 5 57 4 16 45 28 24 54 52 32 25 44 19 38 33 17 62 14 30 13 8 12 36 61 10 34 6 42 35 51 49 27 58 26 50 18 22 43 15 60 40 48 2 55 9 29 47 
46 57 17 56 9 43 44 36 22 5 31 33 2 51 62 58 40 27 32 19 42 38 61 21 39 6 37 30 53 12 59 3 50 15 48 24 60 7 49 1 28 4 41 16 45 64 11 26 52 29 54 25 55 63 14 47 35 13 20 18 10 8 34 23 
11 2 10 50 45 60 55 54 30 34 32 4 8 19 16 49 13 22 17 26 48 62 7 9 64 57 5 21 42 14 29 23 35 43 38 37 25 56 3 59 27 39 18 33 15 40 47 52 31 6 46 20 51 36 44 61 41 28 53 12 1 24 58 63 
################proper############## 

 average_time = 6.484924 

 success runs = 1 

 total average iters = 77856.000000 
