Success!!! 
 
 max_col = 
 64 
 
 run_time = 
 11.959746 
 
 once iters = 
 300143 
 
36 58 48 41 16 46 11 53 49 51 18 12 8 59 3 28 38 19 64 15 37 50 62 10 45 30 14 43 44 4 22 27 35 1 39 63 60 24 23 32 6 33 9 47 29 25 42 17 56 57 21 54 13 31 40 55 34 7 5 61 2 52 26 20 
30 26 25 52 10 49 50 39 29 42 27 5 24 38 58 33 13 55 63 48 57 40 11 28 3 23 59 53 16 32 1 51 64 22 34 9 20 41 45 54 21 4 62 56 7 31 46 35 61 18 44 17 12 2 37 36 60 14 15 8 6 19 47 43 
22 27 15 62 47 51 9 61 31 64 53 35 32 50 20 44 18 3 17 12 4 39 8 49 29 24 34 38 2 58 56 10 37 28 59 7 57 42 43 33 14 54 52 40 5 55 48 30 23 19 1 60 26 11 6 16 63 46 13 36 41 21 25 45 
54 6 63 40 32 42 33 14 48 23 60 46 43 56 26 16 25 35 7 44 34 29 31 47 18 21 36 13 15 50 37 57 58 4 17 51 52 2 10 61 53 3 24 41 38 39 12 19 28 9 59 30 8 5 20 45 49 64 55 22 62 11 1 27 
57 44 1 31 3 64 56 12 45 34 25 37 21 15 40 14 51 33 41 24 20 26 27 52 62 46 35 61 60 48 5 6 19 38 50 13 55 18 36 49 43 8 22 23 28 63 2 11 58 4 10 53 47 7 29 42 16 39 32 9 30 17 59 54 
24 60 21 2 8 38 7 43 19 1 63 4 62 10 13 55 6 54 30 53 61 16 5 9 49 52 20 28 41 40 17 47 27 25 46 12 29 15 11 31 37 50 26 57 32 45 36 59 22 14 34 48 64 33 51 39 42 58 56 3 23 35 44 18 
23 19 34 29 13 4 28 18 11 36 41 2 7 17 39 52 46 43 42 56 22 14 45 59 54 31 9 33 64 55 8 63 5 26 6 47 48 3 30 21 61 27 60 1 16 44 58 20 35 32 25 15 50 62 49 24 38 53 37 12 51 57 10 40 
37 35 17 5 45 55 20 59 61 30 22 54 57 6 9 47 58 2 23 1 21 60 36 32 26 7 11 12 42 25 39 19 44 62 16 14 8 53 56 40 15 13 18 34 49 64 51 10 3 43 52 38 46 27 41 63 28 33 24 48 4 29 31 50 
16 47 52 63 50 45 4 62 14 12 23 19 20 60 17 43 61 58 35 10 7 48 54 57 21 8 38 30 32 53 2 64 13 41 49 24 9 37 42 46 22 26 36 6 33 28 5 34 44 55 51 11 39 29 15 40 59 1 3 27 18 25 56 31 
15 59 12 48 26 24 46 31 30 54 29 58 44 21 41 40 17 28 60 5 14 34 64 18 1 3 16 51 49 47 63 9 53 45 20 22 25 7 2 23 42 32 4 61 37 43 11 27 38 33 62 36 35 57 56 50 8 19 6 13 10 39 52 55 
39 9 27 64 44 37 36 10 5 6 51 42 46 4 57 11 16 1 25 2 50 8 63 55 40 56 43 41 31 23 45 26 59 21 29 33 17 28 62 3 52 58 20 15 13 35 60 54 32 12 49 18 19 61 48 34 30 24 22 53 14 47 7 38 
19 30 20 56 35 2 54 34 53 15 16 55 27 33 8 32 12 4 40 43 42 21 51 3 22 18 24 36 59 7 28 37 50 61 14 44 10 11 26 52 47 57 39 62 1 38 31 48 60 13 23 5 25 64 45 6 29 41 58 17 63 49 46 9 
43 18 29 6 57 21 1 49 52 39 31 3 26 62 28 34 41 38 27 32 45 23 22 13 14 55 54 11 33 15 35 60 16 58 48 30 51 19 8 5 24 56 46 12 59 50 63 25 7 2 9 10 37 53 47 17 44 36 64 20 61 40 4 42 
5 32 3 53 25 60 17 42 2 61 50 9 59 35 7 38 47 52 44 39 26 24 37 56 58 12 13 6 19 46 29 34 36 64 31 40 1 57 27 18 30 10 23 49 51 21 55 14 41 20 28 4 54 22 63 8 45 15 16 43 11 33 62 48 
28 38 61 7 40 13 51 11 10 56 47 24 36 63 45 22 31 15 46 33 29 19 49 20 50 48 42 25 5 27 62 44 6 43 55 60 4 39 32 35 8 64 17 18 9 2 41 53 16 3 58 1 14 59 30 52 26 37 12 54 21 23 57 34 
8 41 33 14 23 58 22 55 1 37 13 48 25 64 49 18 53 36 6 11 59 62 9 30 20 10 4 39 52 57 61 17 47 63 54 56 15 12 38 34 3 16 44 7 45 19 29 40 46 31 42 21 27 26 24 43 2 5 51 60 28 50 32 35 
40 52 11 54 30 27 63 21 20 24 6 18 60 45 31 29 9 62 12 34 64 41 26 37 19 14 46 49 58 51 25 39 43 13 1 16 32 36 61 57 35 47 2 50 55 22 7 33 17 56 15 44 53 3 8 10 4 59 28 38 5 48 42 23 
62 4 46 39 6 18 59 56 26 53 3 32 30 47 35 12 33 27 22 40 49 45 25 29 57 38 28 7 13 2 48 43 21 55 10 5 37 50 14 51 23 41 1 8 19 58 16 63 24 42 60 64 11 20 34 61 15 52 9 44 54 31 36 17 
64 28 47 22 19 36 12 45 9 33 4 51 55 49 48 2 39 57 5 54 23 59 32 21 42 17 30 8 56 41 11 52 29 15 35 3 58 6 63 20 44 18 53 10 24 61 34 38 31 27 46 13 40 43 50 7 1 16 25 62 60 26 37 14 
31 51 57 55 9 3 35 25 54 8 61 17 10 14 1 62 60 44 43 28 11 18 58 24 59 6 53 50 29 64 21 32 40 27 26 38 56 23 12 7 46 42 37 13 20 4 30 15 48 5 45 2 36 52 16 49 22 47 63 41 19 34 39 33 
60 23 16 33 24 34 29 32 37 22 43 57 52 39 64 21 56 30 20 31 36 17 10 1 5 15 27 3 9 35 47 61 46 44 4 8 42 49 41 48 12 11 6 45 26 40 14 28 63 38 54 19 59 55 62 25 7 2 18 50 53 58 13 51 
48 1 5 50 20 26 42 37 15 7 44 63 40 27 23 25 8 6 52 19 47 46 13 38 16 4 62 31 24 10 54 22 17 34 9 45 53 60 33 2 56 51 64 36 39 59 43 3 30 58 18 12 21 28 14 41 11 35 61 49 57 32 55 29 
44 49 41 17 61 43 8 15 28 38 34 13 56 5 50 58 2 42 16 4 3 53 14 7 63 20 55 37 1 26 33 36 11 19 25 18 62 31 59 39 29 60 21 27 48 57 54 52 6 47 22 23 32 51 35 9 10 40 45 24 12 64 30 46 
13 10 2 58 7 14 53 38 46 19 59 16 11 42 36 41 55 50 48 61 63 35 15 51 60 34 44 23 12 45 18 40 52 47 64 28 24 22 54 30 49 5 31 25 17 62 32 9 57 29 33 37 1 39 26 4 6 27 43 21 56 20 8 3 
34 14 59 44 33 30 10 24 64 49 12 21 45 32 25 27 35 56 54 50 43 52 17 48 23 2 29 16 39 63 20 5 51 57 8 42 47 58 22 6 31 1 40 38 11 41 62 18 53 7 37 28 9 13 3 26 55 4 19 15 46 61 60 36 
4 50 42 38 63 53 5 23 40 18 57 60 3 41 33 1 36 10 28 13 12 51 47 15 9 59 22 54 7 61 19 8 55 39 43 62 31 52 49 25 17 35 48 44 64 26 37 21 45 6 27 46 56 14 58 30 20 11 2 34 29 24 16 32 
56 25 6 16 36 20 40 41 62 44 10 52 28 13 24 9 27 34 2 42 18 4 46 22 48 43 49 64 35 1 3 31 14 37 11 21 50 45 15 29 32 53 19 51 63 30 33 12 59 23 8 39 61 17 55 60 57 38 26 7 47 54 58 5 
52 31 55 12 2 11 62 13 6 46 36 43 53 19 29 48 1 49 39 8 38 3 60 61 56 33 58 27 45 37 34 4 26 9 5 20 7 40 35 64 28 25 10 14 42 54 15 16 47 41 24 32 51 50 57 44 21 30 17 23 22 63 18 59 
58 39 60 35 1 32 57 26 50 11 2 22 47 31 56 15 37 16 45 63 19 25 7 14 38 41 6 52 21 17 46 53 30 23 18 48 28 34 24 44 5 55 3 4 27 8 59 61 42 36 20 29 49 10 12 54 43 62 33 51 13 9 40 64 
49 7 19 45 21 29 37 64 63 17 26 34 51 8 5 30 44 59 55 20 24 31 23 62 15 40 57 60 14 12 32 28 4 54 61 46 2 1 53 41 13 39 47 22 36 56 9 58 43 11 48 52 18 16 38 33 35 3 42 25 27 6 50 10 
51 46 9 27 48 17 15 47 39 14 20 61 42 16 55 54 5 32 33 58 41 11 40 6 44 26 10 24 36 62 30 18 12 60 38 59 3 56 13 63 45 23 29 43 50 34 57 7 19 21 2 35 4 25 22 64 37 49 1 31 52 53 28 8 
61 8 43 3 54 28 18 22 58 35 37 38 23 7 4 59 64 9 26 21 30 57 29 53 51 11 25 55 47 42 50 13 10 17 36 32 33 27 16 19 2 52 49 46 6 20 24 60 1 62 40 34 31 63 5 15 56 12 14 45 39 41 48 44 
59 33 54 15 34 1 26 48 42 9 32 11 63 18 43 3 22 21 19 14 10 12 52 44 64 5 2 4 40 29 36 20 25 35 27 41 61 17 31 38 55 45 50 28 23 13 47 51 62 30 53 7 6 8 60 57 58 56 46 39 37 16 24 49 
7 24 53 57 55 35 39 46 27 16 49 14 15 30 22 10 4 37 11 38 32 20 48 58 17 45 47 44 8 43 51 62 23 33 28 50 18 13 5 9 26 63 25 59 34 60 61 56 2 64 29 31 52 36 54 19 40 21 41 42 3 12 6 1 
3 42 31 20 49 19 2 5 33 58 8 7 48 1 44 60 26 53 56 17 9 30 6 25 41 57 32 15 63 13 10 12 22 24 21 4 45 62 55 11 40 46 35 16 54 29 52 43 50 59 14 27 38 23 39 37 47 18 36 28 64 51 34 61 
17 13 45 37 29 8 61 44 25 5 55 56 6 36 47 46 3 51 49 57 2 54 24 35 33 27 39 34 28 30 23 7 60 53 12 43 16 64 1 59 4 31 14 9 21 10 38 62 26 48 41 42 22 40 18 58 32 50 11 52 20 15 63 19 
63 56 64 32 22 40 38 50 4 52 39 41 29 34 37 26 15 7 62 23 60 43 1 46 31 35 48 14 11 6 16 58 42 51 3 2 54 10 57 47 27 44 12 19 18 24 20 36 33 61 17 49 28 21 9 5 53 13 8 59 55 30 45 25 
18 21 51 4 27 9 43 58 35 59 17 23 54 28 19 13 42 45 47 41 33 63 50 31 61 37 1 56 3 52 55 38 39 49 40 36 14 30 20 8 48 7 15 64 57 53 22 6 12 34 16 25 24 46 11 32 62 60 44 10 26 5 29 2 
25 12 28 47 14 52 23 30 24 21 38 62 50 57 61 64 29 40 59 16 55 36 34 39 53 9 18 19 54 60 49 46 56 6 32 15 26 63 44 37 41 2 5 58 3 11 8 42 51 35 13 20 10 45 4 1 17 31 27 33 48 22 43 7 
41 11 10 36 62 16 6 60 12 45 40 53 31 2 51 20 28 13 8 64 5 61 18 27 24 42 50 21 26 22 59 25 48 7 52 19 34 46 29 58 39 37 32 33 30 17 49 1 15 44 3 63 55 56 43 47 54 9 38 14 35 4 23 57 
1 57 39 25 12 5 3 2 21 13 11 26 49 53 63 23 52 31 32 35 40 58 33 36 47 29 51 17 20 14 64 50 9 56 22 10 27 44 19 43 7 30 45 55 60 15 4 37 18 24 6 8 48 42 61 28 41 54 62 46 34 59 38 16 
50 17 24 18 64 59 52 27 43 2 46 45 1 25 15 56 48 14 57 22 16 42 55 34 8 28 21 40 4 9 13 49 33 3 63 11 38 32 7 12 62 36 54 29 47 5 6 31 37 39 26 58 41 60 53 51 61 23 20 19 44 10 35 30 
33 22 40 13 43 23 32 9 34 3 62 10 19 24 16 42 30 5 61 59 51 2 41 12 6 44 37 46 57 56 52 54 45 50 15 58 21 20 28 55 18 14 8 53 35 27 25 64 4 63 31 47 17 38 7 29 39 26 48 1 36 60 49 11 
29 16 38 42 15 56 60 36 32 41 30 44 5 55 54 50 20 47 13 27 6 37 53 19 12 61 33 45 10 24 31 11 49 2 57 23 46 4 39 17 51 48 58 3 43 1 26 22 21 40 64 14 62 34 59 35 25 63 52 18 8 7 9 28 
11 45 14 26 41 10 30 35 57 40 7 28 4 58 12 6 49 8 9 46 25 1 43 50 27 16 60 22 38 36 53 48 18 29 62 54 5 59 34 42 63 17 61 24 44 32 39 23 20 52 56 55 2 19 33 13 31 51 21 47 15 3 64 37 
47 20 37 49 51 31 55 6 18 48 9 36 17 22 60 8 45 11 38 3 15 64 39 63 7 32 26 59 62 19 43 42 61 52 24 25 30 35 40 13 16 34 28 2 56 46 21 41 54 10 12 57 44 1 23 27 5 29 50 4 58 14 33 53 
21 34 62 61 53 48 58 7 47 20 64 27 37 29 59 39 54 26 4 18 28 56 44 17 25 63 23 35 30 3 41 2 1 8 51 31 36 16 60 14 19 38 33 11 52 42 10 57 9 49 5 50 15 32 46 22 24 45 40 55 43 13 12 6 
46 63 44 28 4 54 19 8 38 31 35 33 14 51 52 61 23 29 24 7 62 10 21 60 39 1 5 18 55 34 58 15 41 48 53 6 64 47 37 26 50 59 13 20 12 9 40 49 11 45 36 43 16 30 25 3 27 42 57 32 17 56 2 22 
26 40 56 19 28 57 41 54 36 47 42 30 58 37 46 53 24 12 15 52 27 49 59 11 13 25 31 9 51 8 44 3 63 18 60 39 23 29 64 16 33 20 7 21 61 6 50 32 55 17 35 22 43 48 1 38 14 10 34 2 45 62 5 4 
20 61 35 8 46 44 25 16 3 26 33 1 34 52 38 45 32 63 31 47 17 28 4 5 2 58 7 29 53 21 14 24 15 36 19 27 6 55 9 62 54 40 51 30 22 48 23 39 10 60 57 56 42 41 64 59 12 43 49 37 50 18 11 13 
42 64 30 21 59 7 31 1 23 63 19 50 41 40 10 4 62 61 3 55 54 44 20 2 36 39 15 26 18 16 6 35 32 12 45 34 13 48 46 22 38 24 43 52 53 49 27 5 14 37 47 51 58 9 28 11 33 57 60 29 25 8 17 56 
27 53 18 10 39 63 47 3 56 60 15 6 13 44 11 31 40 22 34 51 46 7 16 23 52 64 12 5 48 38 57 30 8 20 41 61 43 21 25 4 1 62 59 17 14 37 28 45 49 26 50 33 29 24 36 2 9 55 54 35 32 42 19 58 
55 29 49 60 52 12 14 17 59 43 28 20 39 9 62 35 10 41 58 37 53 6 19 8 32 22 63 42 61 54 27 45 2 40 30 1 11 33 51 50 25 15 57 26 31 18 56 4 5 46 7 3 34 44 13 23 64 48 47 16 38 36 21 24 
6 48 58 43 11 62 24 4 51 57 21 8 2 61 14 49 50 64 29 25 1 9 42 33 34 47 17 10 23 20 40 59 7 5 37 53 35 38 52 56 36 12 55 60 41 3 13 44 39 54 19 16 45 15 32 18 46 28 30 26 31 27 22 63 
45 36 32 23 5 22 13 33 16 55 24 29 18 48 27 7 57 39 14 60 56 38 30 43 37 50 19 62 46 28 4 41 54 42 44 17 49 26 3 10 11 9 34 35 58 47 64 2 8 25 61 40 63 12 31 21 51 20 53 6 59 1 15 52 
38 2 50 9 37 15 34 51 22 25 5 64 12 54 32 17 21 18 36 45 48 13 35 26 11 49 56 1 43 33 60 55 28 31 58 57 59 14 47 24 10 29 63 42 8 16 19 46 52 53 30 6 20 4 27 62 3 61 23 40 7 44 41 39 
53 43 7 24 38 25 45 28 55 10 1 15 35 12 21 57 14 17 18 49 13 22 3 40 46 60 64 2 34 39 9 29 31 32 33 52 41 51 58 36 20 6 30 63 4 23 44 47 27 50 11 26 5 54 42 48 19 8 59 56 16 37 61 62 
14 3 23 11 56 39 16 40 7 4 58 59 22 26 6 37 63 25 10 9 8 47 61 45 43 53 41 57 17 5 15 21 38 30 42 49 12 54 50 28 34 19 27 48 46 52 18 29 13 1 55 62 33 35 44 20 36 32 31 64 24 2 51 60 
2 62 8 51 17 50 27 52 41 28 54 47 9 43 53 36 19 20 21 30 31 32 38 42 4 13 61 58 6 44 12 33 24 11 23 29 22 5 48 45 64 49 56 39 25 7 3 26 40 16 63 59 60 37 10 46 18 34 35 57 1 55 14 15 
10 37 36 1 18 6 21 63 17 62 56 31 61 46 42 51 59 48 53 29 35 27 57 64 55 54 40 32 50 49 24 23 34 16 47 26 39 8 4 15 60 43 11 5 2 12 45 13 25 22 38 9 3 58 19 14 52 44 7 30 33 28 20 41 
32 5 22 34 42 41 44 57 8 27 48 25 33 20 30 19 43 60 50 62 52 55 56 4 35 36 45 63 37 11 7 14 3 46 2 64 40 9 18 1 59 21 16 31 15 51 53 24 29 28 39 61 23 47 17 12 13 6 10 58 49 38 54 26 
12 55 4 46 31 47 48 19 13 29 14 49 64 3 34 24 11 23 37 26 58 5 28 16 10 51 52 20 22 18 42 56 62 59 7 35 44 43 17 60 57 61 38 54 40 33 1 8 36 15 32 41 30 6 2 53 50 25 39 63 9 45 27 21 
35 54 26 59 58 33 49 20 60 32 45 39 16 11 2 63 34 46 51 6 44 15 12 41 30 62 3 48 25 31 38 1 57 14 13 55 19 61 21 27 9 28 42 37 10 36 17 50 64 8 4 24 7 18 52 56 23 22 29 5 40 43 53 47 
9 15 13 30 60 61 64 29 44 50 52 40 38 23 18 5 7 24 1 36 39 33 2 54 28 19 8 47 27 59 26 16 20 10 56 37 63 25 6 53 58 22 41 32 62 14 35 55 34 51 43 45 57 49 21 31 48 17 4 11 42 46 3 12 
################proper############## 

 average_time = 11.959746 

 success runs = 1 

 total average iters = 300143.000000 
