Success!!! 
 
 max_col = 
 64 
 
 run_time = 
 13.625189 
 
 once iters = 
 300900 
 
36 19 5 57 44 55 45 15 51 4 7 21 28 34 32 40 24 46 25 62 41 20 42 17 64 10 6 1 27 9 14 16 8 18 50 47 48 61 29 22 35 52 11 38 12 3 30 2 33 31 49 39 26 63 23 56 53 37 13 59 43 54 58 60 
51 20 24 27 30 22 63 39 50 14 41 9 54 18 44 29 43 16 38 48 59 53 4 56 52 36 60 42 31 13 25 15 35 33 19 17 64 62 46 23 1 26 45 5 10 21 47 57 40 58 28 11 12 7 37 34 49 2 3 6 55 32 8 61 
12 60 49 48 10 11 42 35 55 57 45 26 61 63 20 59 19 32 3 13 54 1 7 22 41 51 21 34 8 58 62 4 39 44 36 2 24 16 27 37 53 9 23 56 40 15 43 33 18 6 30 52 5 14 38 50 17 64 46 28 25 29 31 47 
13 29 41 8 4 18 2 47 36 46 10 43 11 33 39 35 6 40 52 23 58 64 5 27 3 28 45 50 54 37 19 30 32 9 56 60 25 20 1 21 31 7 49 59 22 17 51 63 62 53 24 57 55 48 61 42 16 14 15 38 26 44 12 34 
53 34 16 1 46 58 31 33 6 52 19 13 47 12 56 37 8 49 29 11 36 15 39 35 48 57 24 63 32 20 7 40 45 54 30 4 26 14 59 38 64 44 28 62 61 25 50 55 10 22 27 3 2 43 60 17 5 41 18 21 23 42 51 9 
37 61 64 50 25 6 7 38 58 60 24 23 17 5 3 48 12 10 14 33 30 44 51 2 53 46 39 59 29 56 35 26 63 52 28 49 55 43 15 31 36 18 34 13 16 42 41 4 8 19 32 9 47 54 21 20 27 45 1 62 57 22 11 40 
32 54 56 14 28 52 17 40 64 53 25 49 62 22 38 2 21 31 37 26 34 57 55 9 47 23 61 5 18 43 44 11 13 12 7 3 51 10 58 42 60 27 8 6 20 24 29 39 41 59 36 46 16 15 1 45 48 4 19 63 30 35 33 50 
23 26 3 62 43 59 21 9 30 27 16 42 15 31 1 8 47 28 50 63 61 18 45 60 38 12 17 22 55 33 49 2 5 53 6 41 57 11 34 40 58 54 37 48 46 19 14 32 44 25 29 35 51 4 13 64 24 10 7 36 20 39 56 52 
7 51 58 46 55 26 60 54 28 59 6 20 64 45 43 49 32 25 31 10 44 62 41 29 33 8 4 27 5 15 56 21 12 30 53 23 40 9 19 63 3 38 22 36 35 34 13 37 39 24 14 42 17 11 18 47 61 52 16 57 48 50 2 1 
15 10 21 23 56 17 24 62 5 61 42 34 25 41 29 27 45 3 4 12 26 47 30 57 22 52 49 35 37 63 50 38 1 48 14 58 43 39 18 6 54 53 44 46 33 31 55 64 9 60 8 51 28 20 16 2 36 40 59 11 32 19 7 13 
8 53 36 33 45 48 38 30 46 63 17 11 22 13 60 10 20 7 6 37 5 61 19 52 16 2 18 51 1 44 58 29 26 21 3 50 56 25 31 27 14 49 4 43 32 47 39 15 34 40 55 59 35 57 64 41 28 54 24 42 9 23 62 12 
20 12 39 19 2 25 34 42 62 7 3 47 30 26 31 52 15 48 23 59 9 51 38 33 55 24 36 53 28 14 40 54 44 64 35 37 5 13 57 10 11 63 56 50 60 18 16 1 61 43 21 27 49 58 46 32 8 22 4 29 6 41 45 17 
64 59 32 40 14 63 3 18 2 39 56 1 57 55 48 51 54 27 53 16 17 43 49 34 12 13 62 30 9 41 45 10 47 8 20 38 4 24 11 46 42 61 19 52 6 23 28 7 50 37 31 36 44 25 22 29 35 33 21 58 60 15 5 26 
28 52 4 37 35 31 57 1 40 19 50 44 14 24 53 21 13 60 42 8 11 36 63 58 59 32 47 43 6 46 39 23 22 61 15 33 16 49 2 55 10 41 48 17 45 29 27 9 54 30 26 56 62 12 5 7 38 20 51 25 3 18 34 64 
44 41 47 11 13 61 50 29 8 16 23 32 58 9 12 18 64 35 22 55 56 14 1 40 57 19 3 26 20 34 31 60 54 7 17 28 42 51 36 52 21 30 62 2 5 59 24 25 15 4 33 6 38 45 48 63 39 43 53 37 10 27 49 46 
6 16 27 49 22 43 9 5 38 35 4 33 37 54 36 15 39 50 21 2 46 28 18 24 25 17 42 61 48 7 11 64 59 32 62 29 34 41 45 60 40 8 58 12 51 26 57 20 53 23 13 1 19 3 52 10 63 56 47 31 44 14 55 30 
63 45 8 32 11 20 35 23 57 43 15 62 50 25 6 54 61 21 28 60 4 9 24 44 10 47 19 48 46 39 1 31 58 17 49 42 2 12 40 64 51 14 29 41 18 16 22 53 52 34 3 13 7 38 36 5 55 26 30 33 37 56 27 59 
16 7 37 44 24 10 27 26 13 18 36 51 63 19 34 55 22 1 43 64 25 29 15 30 49 4 40 20 38 3 2 41 60 46 45 14 39 52 6 5 56 21 54 28 23 12 9 61 31 8 50 32 59 47 33 62 42 17 48 35 11 58 53 57 
42 38 59 21 50 34 4 17 1 48 8 2 39 46 16 58 62 37 54 5 40 63 32 20 9 35 56 29 15 45 27 55 25 26 22 53 33 31 61 36 6 13 52 11 3 30 60 44 19 64 23 28 57 10 24 43 18 49 12 14 7 47 41 51 
58 39 29 15 5 54 48 64 37 42 33 53 23 52 59 28 56 18 12 17 19 7 11 36 24 30 57 32 61 22 13 14 50 55 44 8 3 34 21 41 47 46 1 45 63 62 10 35 51 26 16 40 9 49 27 25 6 38 31 43 4 60 20 2 
46 47 25 2 62 33 49 56 3 21 22 40 12 29 30 31 41 55 57 51 35 45 8 38 43 44 58 6 53 17 18 52 20 16 27 54 9 32 48 59 4 5 7 19 26 36 42 24 11 14 63 60 39 61 15 37 13 34 50 10 64 28 1 23 
57 18 9 51 6 60 22 13 27 45 44 41 32 64 4 47 34 58 16 14 23 59 31 26 36 21 12 28 7 11 33 8 10 29 63 56 19 30 62 1 38 25 55 37 49 50 20 43 17 48 35 54 42 46 2 53 3 15 40 39 5 52 61 24 
19 14 61 3 52 12 1 31 35 10 49 24 5 38 9 17 33 6 2 27 53 48 50 42 60 62 23 25 59 26 51 34 43 4 11 13 37 7 28 47 39 32 15 64 57 8 40 58 20 18 45 30 22 41 56 55 54 29 44 46 36 21 16 63 
30 55 28 36 40 41 43 53 20 56 11 7 60 14 26 61 46 52 13 47 49 3 10 39 5 42 63 37 64 54 16 50 51 24 38 57 18 15 23 35 48 17 59 27 2 33 31 34 21 29 12 4 1 44 58 6 9 32 8 45 62 25 19 22 
24 37 7 28 8 29 54 44 39 41 38 6 21 47 61 43 14 64 17 35 31 55 12 4 32 9 5 40 62 59 57 13 15 51 23 48 52 18 30 20 22 19 25 1 42 27 49 3 63 46 10 50 58 26 53 33 2 16 11 60 45 34 36 56 
41 23 6 31 17 1 10 12 52 5 55 16 36 40 28 26 51 62 34 24 43 42 59 53 19 48 35 11 63 50 64 56 21 22 47 45 49 29 44 25 18 37 39 58 9 57 15 8 2 54 60 38 20 27 14 13 32 7 61 30 46 4 3 33 
9 35 43 26 53 14 15 25 12 20 2 18 7 49 37 45 36 39 10 32 57 22 46 48 58 6 33 38 47 30 29 28 3 27 41 24 31 8 63 11 52 60 61 34 44 64 54 50 16 56 4 55 21 51 19 23 59 5 17 1 13 62 40 42 
2 57 48 58 32 5 59 34 11 62 29 50 33 30 27 64 37 26 18 21 15 8 56 54 4 45 53 3 25 49 22 36 14 60 39 16 28 19 42 43 46 10 20 23 13 63 38 51 1 52 17 7 40 24 41 61 44 55 6 47 12 31 9 35 
27 40 50 60 64 45 56 4 19 8 13 35 9 10 54 22 30 5 1 49 63 23 16 3 42 14 51 39 26 52 61 17 33 6 32 46 38 36 53 7 24 29 2 47 31 55 11 21 57 12 62 18 15 34 59 44 43 58 20 41 28 37 48 25 
38 46 55 20 3 47 13 51 53 17 57 59 42 23 15 24 44 19 11 52 2 58 6 28 31 7 16 60 43 8 21 37 34 35 4 9 61 1 12 62 5 56 41 33 36 40 26 48 25 45 22 64 29 32 49 30 50 27 14 18 63 10 54 39 
11 63 19 61 33 30 18 36 56 25 34 48 51 44 46 32 27 38 9 29 45 60 40 7 20 15 54 12 41 23 10 1 2 58 64 55 17 59 50 13 28 16 14 53 4 43 35 62 5 3 42 47 31 37 6 39 57 21 49 52 22 26 24 8 
39 22 62 52 21 42 16 49 4 31 60 58 1 3 14 63 50 41 61 20 33 13 47 25 18 55 44 46 34 2 24 27 37 40 26 5 54 56 10 57 45 12 30 32 7 6 59 17 43 11 9 48 8 35 28 36 64 23 38 15 19 51 29 53 
35 28 33 39 57 32 37 27 24 54 20 3 10 11 47 19 60 4 58 50 38 41 2 13 1 61 31 44 40 29 52 48 16 63 43 25 14 22 64 56 9 15 46 30 59 7 5 36 26 21 34 12 6 53 51 49 62 18 42 55 17 8 23 45 
5 43 10 18 9 19 26 14 17 36 21 61 13 37 55 1 42 11 64 28 24 6 22 8 39 59 15 49 30 25 47 62 53 23 40 27 32 46 33 51 12 57 16 60 34 4 3 38 35 63 54 29 52 56 45 48 7 31 58 2 41 20 50 44 
29 31 15 41 16 4 30 24 42 64 39 63 43 32 22 7 48 44 59 3 52 17 25 10 8 56 13 33 21 51 60 45 49 5 18 34 12 2 35 50 26 20 6 54 58 11 1 28 14 62 61 23 36 55 40 38 37 46 9 27 47 53 57 19 
52 1 17 54 47 2 64 46 15 33 26 14 59 62 41 5 7 29 20 56 12 31 36 49 50 37 27 9 11 35 63 22 28 38 60 21 45 48 55 44 13 24 42 39 43 53 23 19 32 16 57 58 30 8 25 18 40 3 34 51 61 6 4 10 
22 8 60 59 7 36 23 61 34 29 28 31 56 51 49 46 16 45 15 18 32 30 57 63 6 53 20 54 42 38 17 24 41 19 58 39 10 26 9 3 50 55 35 40 62 14 2 52 27 5 44 43 37 13 47 4 1 48 25 12 33 11 64 21 
34 49 44 38 58 56 62 48 16 50 18 25 52 53 8 6 40 9 33 19 55 21 43 37 46 26 14 57 23 36 32 12 4 13 61 15 20 47 7 54 29 45 17 51 27 10 63 31 42 1 64 41 3 2 11 28 22 60 35 24 59 30 39 5 
55 11 63 12 20 50 6 45 9 44 48 30 40 35 58 4 23 51 27 53 1 39 26 46 34 5 2 18 3 64 41 43 52 42 37 62 36 57 24 8 33 22 21 25 47 49 61 56 60 15 7 19 10 59 17 31 14 28 54 13 29 38 32 16 
21 25 42 53 51 13 40 3 45 23 12 60 27 57 2 38 35 61 47 54 62 34 14 5 7 58 10 4 16 55 28 19 31 59 1 11 29 6 17 30 8 48 64 44 37 41 32 18 24 33 39 20 50 22 9 46 52 63 26 56 15 36 43 49 
33 64 35 10 23 8 12 41 47 37 30 22 31 58 45 13 1 20 49 9 39 54 17 61 28 40 29 14 52 57 53 51 62 3 5 43 7 55 26 15 63 6 24 21 38 56 36 46 48 50 18 34 11 19 4 60 25 59 27 16 42 2 44 32 
56 62 26 9 48 57 47 59 41 51 14 29 3 43 21 44 2 33 32 40 10 27 35 18 15 11 64 31 24 61 8 58 42 1 25 20 63 23 22 19 30 28 13 4 50 60 34 16 55 36 53 5 45 17 7 12 46 39 37 54 52 49 38 6 
45 5 13 30 49 44 20 28 26 11 1 17 19 16 18 33 58 8 48 34 6 46 52 21 56 63 37 41 39 42 55 59 27 31 24 51 35 50 54 53 15 64 43 61 25 2 7 10 47 57 38 62 14 23 32 22 29 12 36 4 40 9 60 3 
43 50 51 42 34 16 36 55 32 24 46 15 35 27 25 56 31 22 5 4 60 11 3 47 26 33 38 10 13 62 6 7 29 57 48 61 21 37 14 2 23 39 12 9 53 52 19 54 28 20 41 49 63 40 44 59 30 1 45 8 18 64 17 58 
25 2 46 24 38 27 32 11 48 40 61 36 8 7 52 53 29 12 55 45 37 16 28 15 23 54 1 47 4 18 20 49 30 39 10 64 60 58 13 34 41 35 31 57 17 22 44 59 56 42 6 21 43 33 3 9 51 19 62 5 50 63 26 14 
31 6 52 17 29 53 19 58 60 28 64 55 38 42 50 9 63 57 41 25 7 56 13 59 21 3 43 2 36 27 48 44 46 49 12 18 8 40 4 32 62 33 51 14 11 37 45 5 30 39 1 26 54 16 35 24 23 47 10 22 34 61 15 20 
1 3 54 63 15 21 39 22 59 2 5 57 49 4 62 20 38 43 36 44 51 50 23 14 35 60 30 17 19 12 34 25 6 56 9 52 47 28 16 45 27 42 40 55 48 32 18 26 46 61 58 37 64 29 10 8 31 24 41 7 53 33 13 11 
60 4 14 7 18 40 61 37 23 6 63 54 34 39 10 12 26 53 62 30 42 24 64 19 45 22 9 16 50 32 5 46 38 36 59 44 11 33 41 17 20 3 47 29 1 58 8 49 13 2 51 25 27 52 31 15 56 57 28 48 21 43 35 55 
48 44 20 22 37 15 41 21 54 49 53 12 4 2 64 62 11 13 45 31 27 35 58 1 14 18 52 55 17 40 46 32 19 25 42 26 30 63 47 39 61 43 36 3 8 38 56 23 29 51 59 33 60 50 57 16 10 9 5 34 24 7 6 28 
59 58 38 5 26 46 11 10 14 55 27 37 44 61 57 42 53 34 56 39 29 12 60 50 62 20 48 36 22 19 54 3 23 43 21 32 6 35 49 18 16 47 9 63 52 13 17 30 7 28 2 24 41 31 8 40 4 51 33 64 1 45 25 15 
18 56 31 34 60 51 52 63 33 47 9 46 29 1 19 23 59 54 30 57 48 49 37 32 11 41 28 8 44 4 43 6 7 20 16 36 58 53 38 24 55 50 10 42 64 5 25 40 3 27 15 45 61 39 12 21 26 35 2 17 14 13 22 62 
40 32 57 35 61 62 53 8 25 58 59 5 48 60 13 41 3 2 51 7 64 33 21 6 30 29 50 24 10 16 38 47 17 37 52 31 15 27 56 28 44 34 26 22 39 1 12 45 4 9 11 63 23 18 43 14 19 36 55 20 49 46 42 54 
3 27 45 47 39 64 14 2 22 34 43 8 6 17 63 50 10 23 24 15 18 25 20 16 37 49 26 21 57 5 9 42 55 41 54 12 62 44 51 48 7 59 33 35 19 28 4 11 36 38 46 53 13 1 30 58 60 61 29 32 56 40 52 31 
50 24 23 4 42 49 33 7 21 32 51 39 45 36 11 3 52 17 63 46 28 38 61 55 27 25 59 58 56 1 15 35 9 34 13 40 22 64 8 29 2 62 60 31 14 54 37 41 6 44 20 10 48 5 26 19 47 30 57 53 16 12 18 43 
17 13 12 55 19 9 29 16 18 38 52 56 24 28 7 30 5 47 40 36 8 26 62 43 2 39 34 45 51 31 23 33 61 14 46 10 1 60 3 4 57 58 53 49 15 20 21 6 37 35 25 22 32 64 42 54 11 44 63 50 27 48 59 41 
54 36 30 6 1 28 25 43 31 15 40 10 26 20 35 16 9 14 19 42 22 4 44 41 61 64 7 13 60 53 12 63 11 2 57 59 50 45 5 33 32 51 27 18 24 48 46 29 49 47 56 17 34 62 55 52 21 8 39 23 58 3 37 38 
47 48 34 25 63 35 55 20 10 1 32 64 16 6 5 57 4 56 39 43 13 19 33 31 40 38 46 52 45 21 36 61 24 15 8 30 41 3 60 58 59 11 50 26 54 9 62 14 23 49 37 2 18 42 29 27 12 53 22 44 51 17 28 7 
61 9 22 56 59 38 46 6 43 3 58 27 2 48 24 36 49 63 44 41 14 52 29 23 17 1 11 7 35 47 30 57 64 62 33 19 13 42 20 12 37 4 5 15 28 39 53 60 45 55 40 31 25 21 54 51 34 50 32 26 8 16 10 18 
26 15 11 16 36 23 44 19 29 13 62 52 18 50 42 60 17 59 7 38 20 2 27 45 63 31 25 64 49 24 37 9 57 28 51 35 53 54 32 14 43 40 3 10 21 46 58 22 12 41 5 8 4 30 34 1 33 6 56 61 39 55 47 48 
4 21 2 29 12 37 8 60 7 22 54 19 55 59 51 39 57 30 46 1 3 40 53 62 44 43 32 15 58 28 26 20 48 50 34 6 23 5 25 49 17 31 18 16 56 45 52 42 38 10 47 61 33 36 63 11 41 13 64 9 35 24 14 27 
49 33 1 43 54 7 28 57 63 30 31 45 53 15 17 14 25 24 35 58 47 37 9 11 51 16 55 19 12 6 42 5 18 10 29 22 46 38 39 26 34 36 32 8 41 61 48 27 64 13 52 44 56 60 50 3 20 62 23 40 2 59 21 4 
10 30 40 64 31 3 5 50 44 9 47 4 41 21 23 11 18 42 60 6 16 32 54 51 13 34 8 62 14 48 59 39 56 45 55 63 27 17 37 61 19 2 57 24 29 35 33 12 22 7 43 15 53 28 20 26 58 25 52 49 38 1 46 36 
62 17 53 13 27 24 51 52 61 12 37 28 20 8 40 25 55 15 26 22 21 5 34 64 54 50 41 56 33 10 3 18 36 11 2 1 59 4 43 16 49 23 38 7 30 44 6 47 58 32 48 14 46 9 39 35 45 42 60 19 31 57 63 29 
14 42 18 45 41 39 58 32 49 26 35 38 46 56 33 34 28 36 8 61 50 10 48 12 29 27 22 23 2 60 4 53 40 47 31 7 44 21 52 9 25 1 63 20 55 51 64 13 59 17 19 16 24 6 62 57 15 11 43 3 54 5 30 37 
################proper############## 

 average_time = 13.625189 

 success runs = 1 

 total average iters = 300900.000000 
