Success!!! 
 
 max_col = 
 64 
 
 run_time = 
 11.661147 
 
 once iters = 
 247474 
 
17 3 5 46 47 8 52 35 50 61 7 55 60 20 37 2 38 48 26 23 58 59 43 44 54 18 13 49 12 42 19 51 14 10 53 39 11 63 24 62 15 36 56 21 57 9 4 64 25 30 16 41 31 27 40 34 29 33 1 22 45 6 28 32 
25 61 9 62 14 36 1 12 5 31 27 30 59 41 24 22 8 40 54 19 15 4 35 45 44 58 43 39 47 23 34 38 37 18 52 16 56 49 26 46 6 3 29 20 28 55 33 50 13 21 11 64 53 63 32 17 57 7 2 60 10 48 51 42 
34 30 48 56 13 45 33 28 58 63 49 62 47 15 36 39 20 24 18 2 1 60 10 29 53 27 64 31 55 8 41 46 6 21 12 42 9 59 19 51 40 54 26 52 16 7 14 32 43 37 61 22 57 5 4 35 44 3 25 50 23 17 38 11 
42 29 43 11 23 26 4 55 46 54 64 1 3 35 40 17 52 53 14 5 27 33 47 61 30 48 62 63 50 2 57 15 60 8 44 36 25 28 32 20 22 38 13 37 12 51 58 39 59 45 56 24 9 10 6 7 21 49 18 16 34 41 19 31 
64 32 18 41 15 37 54 24 10 34 56 8 26 23 52 51 12 50 7 49 11 13 46 25 5 6 29 21 3 16 22 4 1 57 61 38 48 45 30 17 35 42 53 44 63 31 59 2 19 39 33 58 55 62 28 60 27 9 47 43 20 36 14 40 
60 58 59 50 53 6 49 2 16 21 14 12 33 28 38 4 9 17 62 37 57 36 32 31 1 20 10 45 40 7 56 11 34 22 35 55 64 41 43 54 24 18 48 27 19 47 25 61 23 51 8 29 46 42 44 3 63 26 15 30 52 5 39 13 
7 38 19 57 16 63 27 20 32 53 42 11 48 6 45 44 39 3 51 21 22 41 30 56 28 9 17 14 59 35 25 33 5 40 29 47 50 31 13 23 34 8 1 62 43 49 60 10 15 12 2 54 26 18 36 52 4 64 46 37 58 55 24 61 
21 22 39 10 31 51 40 44 9 18 25 19 43 29 13 57 63 64 6 28 55 34 42 16 26 61 24 52 32 36 60 37 15 3 27 7 4 58 2 33 41 23 46 45 30 17 5 11 14 20 38 48 1 49 50 47 62 53 35 8 12 56 54 59 
20 25 17 43 42 54 8 5 23 6 3 61 11 31 18 14 1 22 49 41 63 15 53 57 56 47 52 28 58 10 55 19 21 50 13 32 38 62 35 34 60 4 59 33 24 36 7 29 2 64 46 9 27 12 16 40 51 39 48 26 30 37 45 44 
37 51 63 64 36 61 44 26 45 55 50 54 29 49 57 9 62 39 60 58 21 47 19 42 46 34 31 24 16 15 7 32 40 33 17 56 1 20 10 6 18 30 14 48 53 27 38 12 35 52 5 13 41 28 22 43 11 59 3 2 25 23 4 8 
19 62 34 2 11 35 45 4 60 64 24 39 52 47 16 20 5 55 8 40 59 46 56 13 3 12 61 57 21 38 14 50 30 15 36 18 63 7 23 31 43 41 32 42 22 58 17 6 51 48 49 37 25 44 1 26 33 54 29 28 53 10 27 9 
22 50 46 52 21 23 15 40 41 13 19 38 28 30 25 35 48 43 20 36 26 54 61 64 37 63 39 53 2 33 44 29 45 27 11 9 60 3 14 58 49 16 51 34 8 62 56 5 18 55 10 59 47 57 24 4 17 12 42 32 6 31 1 7 
39 28 10 33 12 32 13 53 26 8 43 27 34 17 2 56 24 7 9 18 4 35 44 30 48 23 59 36 60 41 1 49 51 42 46 25 37 19 57 22 52 47 54 11 64 50 63 31 29 61 14 6 21 3 62 45 58 16 38 20 15 40 5 55 
41 14 16 6 18 60 29 57 37 58 33 7 53 42 62 63 25 51 12 27 31 10 23 17 9 54 26 30 8 45 5 22 48 61 47 4 59 64 44 49 21 1 40 46 3 2 55 28 39 11 32 20 36 15 34 38 50 24 56 52 19 35 13 43 
47 55 24 30 56 58 7 59 48 22 32 40 21 44 1 10 3 45 34 29 14 37 50 38 35 43 6 11 18 51 4 27 54 28 16 2 39 12 52 5 23 26 25 15 20 13 61 9 17 31 53 19 33 8 42 63 64 60 41 62 57 46 36 49 
38 1 27 49 48 31 9 3 36 4 59 5 12 46 51 15 32 16 33 6 28 52 2 11 40 17 42 62 25 13 64 20 29 55 43 24 26 53 41 8 44 45 37 19 39 10 35 57 60 7 23 50 56 58 54 30 14 22 63 34 47 61 18 21 
44 2 1 14 34 19 58 17 33 16 30 9 35 38 48 52 21 49 55 25 6 57 28 50 31 24 32 37 36 54 20 12 23 59 3 41 43 47 18 7 11 15 64 40 56 61 42 53 63 60 51 46 39 13 45 29 10 8 27 4 22 62 26 5 
59 18 54 53 49 25 64 23 63 1 55 32 62 36 39 8 56 27 52 9 5 42 29 46 41 13 30 47 22 50 35 34 19 37 20 48 28 33 31 57 16 24 58 10 45 14 26 43 6 40 4 38 2 21 3 12 60 61 44 51 11 15 7 17 
35 9 50 39 51 40 3 32 47 28 46 57 49 56 54 6 11 62 24 22 34 14 60 33 29 8 27 43 52 4 63 59 10 30 26 44 61 5 17 42 7 48 21 13 23 38 12 36 58 18 37 1 20 53 15 64 55 19 31 41 16 45 25 2 
56 47 7 13 63 48 21 36 51 23 34 64 40 3 19 25 54 41 10 20 44 31 15 32 16 60 55 33 1 53 26 42 38 45 14 62 29 8 58 2 4 35 5 49 46 28 39 27 61 17 50 43 22 24 11 9 12 52 37 6 18 30 59 57 
30 4 8 29 41 52 26 33 11 45 37 2 24 61 43 5 19 47 3 17 12 38 64 7 39 15 14 58 57 62 49 9 56 34 1 21 16 6 53 60 54 44 18 55 59 20 51 22 42 27 28 31 23 36 10 25 46 48 50 63 32 13 40 35 
57 43 6 61 45 22 16 42 21 27 60 4 44 12 10 58 13 2 30 59 53 48 26 51 38 5 46 18 11 3 17 25 32 39 40 64 15 24 36 55 63 31 50 47 1 29 62 37 52 54 41 34 35 19 7 8 20 56 9 14 28 33 49 23 
5 20 12 24 10 28 55 60 22 26 15 14 31 50 42 18 40 36 35 43 37 61 58 39 51 7 45 44 64 19 23 48 13 9 63 11 49 27 46 4 25 2 52 8 6 30 41 17 16 56 59 33 62 32 47 57 38 1 53 29 21 3 34 54 
46 11 38 37 62 27 31 15 17 20 29 53 41 13 59 7 16 4 45 1 8 18 63 23 10 2 40 61 56 6 21 28 12 54 50 35 52 22 51 25 3 33 57 32 9 34 19 60 5 14 30 49 48 26 55 44 42 36 58 47 64 39 43 24 
4 37 36 12 24 50 25 61 18 60 62 63 19 40 44 27 22 57 38 11 56 1 59 15 8 55 3 41 45 20 16 10 52 7 28 5 46 17 49 21 13 39 33 54 32 6 43 47 9 23 34 26 64 30 53 14 31 2 51 42 48 58 35 29 
43 7 2 34 57 5 46 38 14 59 58 6 23 64 56 37 61 20 63 45 24 32 52 47 50 36 4 51 49 26 18 30 42 60 8 22 35 9 29 11 53 62 31 1 41 25 28 19 21 33 44 40 13 39 48 27 15 55 54 10 3 12 17 16 
49 63 29 44 3 33 22 58 52 48 36 34 42 1 7 61 6 12 39 31 54 19 27 53 24 11 37 60 35 21 47 57 26 25 32 30 2 13 16 41 56 14 55 59 15 8 20 23 4 10 17 28 43 51 46 18 9 40 45 38 5 64 50 62 
40 39 60 47 32 13 10 14 15 46 26 41 5 22 50 53 33 34 36 35 49 64 21 3 12 31 9 54 42 28 29 7 27 43 4 59 58 57 38 19 17 51 30 16 11 24 48 63 55 62 20 45 37 1 61 2 56 6 23 18 44 25 8 52 
54 6 23 19 9 18 28 64 43 25 16 3 57 39 31 32 2 5 50 8 17 55 62 41 14 46 53 56 27 52 58 40 36 1 10 34 44 51 48 45 61 37 35 29 38 26 21 4 22 42 63 47 15 11 12 49 24 30 20 7 13 59 60 33 
53 48 15 21 17 16 56 11 24 30 51 35 10 8 55 12 26 58 42 13 40 44 4 18 32 38 1 23 19 43 39 5 64 31 33 20 14 61 62 63 2 7 9 3 27 46 45 52 36 50 29 60 54 6 25 59 22 28 34 49 37 47 57 41 
8 59 20 31 26 42 41 52 28 38 11 29 54 45 17 21 60 30 43 51 48 23 25 9 34 62 63 2 33 22 13 61 53 47 15 37 6 39 55 3 64 10 44 18 50 12 49 40 57 16 24 56 5 7 35 58 19 14 36 27 46 1 32 4 
45 27 35 51 30 55 62 1 2 9 20 49 4 33 47 13 10 46 37 7 29 28 16 14 59 25 48 6 17 44 15 64 24 56 54 23 12 40 50 18 57 60 36 22 58 5 34 42 8 19 31 52 3 38 41 32 61 43 21 53 39 26 11 63 
27 35 11 45 33 14 19 34 13 40 17 47 39 63 32 49 15 28 64 12 42 50 7 20 62 21 51 10 26 31 24 1 57 44 60 43 3 29 9 56 30 55 61 41 37 18 52 16 46 6 58 53 8 22 2 48 25 4 5 59 36 54 23 38 
52 60 32 8 25 9 51 54 4 29 12 37 30 5 23 41 27 38 56 62 19 2 49 58 7 57 47 55 63 18 61 13 31 48 24 46 45 36 22 28 59 34 43 39 17 15 53 20 44 3 21 10 50 16 64 11 1 42 26 40 35 14 33 6 
31 13 22 55 61 49 48 6 27 50 53 45 16 7 58 64 44 1 17 57 60 24 41 5 43 56 33 46 30 9 36 14 2 23 39 12 47 4 21 59 8 32 63 35 62 11 10 26 37 38 54 42 40 25 18 15 34 20 52 3 51 19 29 28 
23 53 42 38 7 20 18 62 3 51 44 52 56 57 11 46 14 8 25 61 30 63 39 34 60 16 12 4 48 40 45 41 17 5 6 26 33 35 54 37 29 19 27 50 49 21 64 24 28 36 1 32 59 55 13 31 2 47 10 15 9 43 58 22 
58 56 44 59 50 41 30 16 31 19 2 10 6 62 60 1 55 29 40 46 3 9 22 21 15 32 49 25 5 11 28 35 20 13 64 14 18 34 27 52 48 12 45 4 42 54 36 38 33 43 26 51 17 47 23 39 8 37 7 57 24 63 61 53 
12 24 64 63 46 4 36 10 35 43 18 22 61 25 28 42 45 26 23 32 16 53 54 37 6 39 44 3 29 59 52 8 58 11 7 51 41 38 15 40 47 56 60 5 14 1 2 33 34 49 9 57 19 20 30 62 48 50 13 17 31 21 55 27 
29 57 47 15 37 1 17 43 20 14 8 33 55 48 21 26 36 35 31 10 52 51 13 59 42 22 50 38 54 34 2 23 62 32 49 53 19 16 25 30 28 9 3 7 44 40 6 58 27 5 45 63 61 4 56 24 39 46 60 11 41 18 12 64 
28 5 3 26 40 21 2 39 54 24 38 15 36 34 9 59 18 33 48 47 43 6 11 4 17 37 58 19 20 64 27 53 61 63 42 8 55 10 1 50 46 22 23 51 31 57 13 25 7 29 35 12 14 60 52 41 45 32 16 56 49 44 62 30 
1 33 58 22 38 7 61 50 42 36 9 28 64 24 46 11 30 44 4 3 45 29 14 27 18 53 5 16 41 57 6 62 55 20 48 63 34 26 60 13 19 43 2 17 54 37 15 51 32 35 25 23 52 59 49 21 40 31 39 12 56 8 47 10 
15 40 30 3 28 44 42 25 38 39 23 43 14 27 63 34 59 21 19 55 20 26 8 22 4 35 36 29 46 48 12 52 49 17 9 54 62 56 45 47 10 50 16 31 33 64 11 18 41 24 7 5 6 2 57 13 37 58 61 1 60 32 53 51 
62 26 52 17 20 34 37 41 8 32 47 56 50 10 6 16 51 63 13 48 18 58 33 43 55 45 19 59 38 49 40 54 35 4 5 1 36 25 3 53 12 21 39 28 60 22 23 30 31 46 64 11 29 9 14 61 7 27 24 44 2 57 42 15 
48 31 45 16 27 12 32 47 49 15 21 13 17 52 61 40 46 6 28 60 7 5 38 2 58 64 25 9 24 1 37 44 22 14 51 19 10 23 42 43 55 59 8 57 26 41 29 3 50 53 39 30 18 33 63 56 36 11 62 35 54 4 20 34 
36 46 51 18 39 2 60 9 19 57 4 48 45 55 20 29 50 61 41 54 64 49 12 24 22 30 56 15 10 32 31 17 8 6 38 40 21 11 59 44 5 53 7 14 34 42 27 35 47 58 43 62 28 37 26 1 16 13 33 23 63 52 3 25 
55 21 49 23 64 57 14 63 53 35 31 58 22 60 5 54 37 11 47 39 10 56 17 62 61 26 20 7 51 27 3 43 50 12 2 52 32 18 33 24 45 13 4 6 25 44 40 1 38 15 36 8 42 34 19 16 28 41 59 46 29 9 30 48 
10 8 56 4 59 43 6 29 44 7 41 51 2 26 33 62 35 15 53 52 32 25 31 1 23 14 11 34 13 60 42 47 39 58 57 27 30 37 28 16 36 63 24 38 61 48 9 46 54 22 3 55 12 40 17 20 5 18 64 45 50 49 21 19 
24 54 13 35 5 53 11 19 59 12 1 25 18 37 30 3 34 23 57 42 9 16 40 36 2 50 21 8 28 63 33 39 41 29 31 61 7 46 64 15 62 20 49 58 52 32 47 56 48 4 60 27 44 45 51 10 6 17 14 55 43 38 22 26 
6 52 26 42 35 62 50 22 25 2 40 18 63 9 3 48 28 31 46 30 41 43 45 8 36 59 15 1 14 12 54 24 33 16 34 29 57 55 56 38 37 27 19 60 7 53 32 44 20 13 47 17 58 61 21 5 49 23 11 64 4 51 10 39 
16 45 61 32 19 10 5 8 29 33 22 21 37 51 12 28 49 59 44 26 36 3 20 55 47 42 38 50 6 25 43 56 11 35 30 15 40 52 7 27 31 17 62 23 2 39 18 54 64 9 48 14 4 46 60 53 13 63 57 24 1 34 41 58 
3 34 25 58 55 64 57 56 61 42 5 44 8 11 14 38 23 52 2 16 39 21 37 10 45 33 60 20 4 46 32 31 63 26 19 17 53 1 12 36 51 6 28 24 29 35 50 13 49 59 15 18 7 41 43 22 54 62 30 48 40 27 9 47 
11 36 31 20 60 17 39 51 62 56 45 46 7 4 26 19 58 14 29 15 50 12 24 48 21 41 57 13 34 30 53 3 44 64 22 28 42 2 37 9 33 61 10 43 47 59 1 49 40 25 55 35 63 23 27 54 52 38 32 5 8 16 6 18 
18 44 28 27 2 24 12 7 55 41 10 20 13 53 64 31 57 9 61 38 33 22 34 60 52 49 35 5 23 29 48 63 43 51 62 58 54 21 47 32 26 46 11 25 40 4 16 14 45 1 6 39 30 50 8 19 3 15 17 36 59 42 37 56 
9 15 14 40 43 46 38 21 39 49 54 50 58 59 34 36 53 56 27 4 47 11 1 35 64 19 28 17 44 37 8 2 18 24 23 6 13 60 61 10 42 5 41 12 48 63 30 55 62 32 57 3 16 52 29 51 26 45 22 25 33 7 31 20 
33 49 41 48 1 59 47 30 6 52 35 17 32 43 15 23 42 54 5 63 13 7 51 40 27 10 18 22 61 55 62 16 3 46 25 31 20 50 4 39 58 64 34 9 21 45 57 8 11 26 12 36 24 56 38 37 53 44 28 19 14 29 2 60 
13 23 53 54 4 29 63 37 30 47 57 24 1 16 27 60 17 18 32 64 25 62 6 19 11 51 7 40 39 58 9 26 59 41 45 49 5 14 8 48 38 52 20 56 36 3 22 15 10 2 42 44 34 31 33 28 35 21 43 61 55 50 46 12 
51 41 37 7 29 47 34 31 57 17 48 42 38 58 49 33 43 13 22 53 62 40 36 63 25 4 54 35 9 61 46 6 28 52 55 3 27 15 39 14 20 11 12 2 10 19 24 45 1 44 18 16 32 64 59 23 30 5 8 21 26 60 56 50 
63 10 40 1 22 11 23 46 7 37 61 36 51 19 53 24 31 60 59 34 35 27 5 54 13 28 2 48 15 39 38 55 16 62 21 33 8 44 6 26 32 25 42 30 18 43 3 41 56 57 52 4 49 14 58 50 47 29 12 9 17 20 64 45 
26 12 33 5 58 39 43 13 40 10 6 16 15 14 35 47 7 37 1 56 2 30 18 49 63 44 8 32 31 24 51 36 9 38 41 50 23 48 34 61 27 29 22 64 55 60 46 21 53 28 19 25 45 17 20 42 59 57 4 54 62 11 52 3 
14 17 4 28 52 15 20 49 56 62 13 26 46 54 8 45 41 32 58 50 51 39 3 12 19 1 22 42 37 5 10 21 25 53 59 60 24 43 40 64 9 57 47 61 35 23 44 48 30 63 27 7 11 29 31 6 18 34 55 33 38 2 16 36 
50 16 55 9 6 3 59 48 12 44 52 23 27 18 4 30 64 19 21 14 38 8 57 28 20 29 34 26 7 56 11 60 47 2 58 45 51 54 5 35 1 40 17 63 13 33 31 62 24 41 22 61 10 43 37 36 32 25 49 39 42 53 15 46 
2 19 57 36 8 56 35 18 64 3 28 60 25 32 41 50 4 42 11 24 46 20 9 52 33 40 23 27 53 17 59 45 7 49 37 10 31 30 63 29 14 58 15 26 5 16 54 34 12 47 62 21 38 48 39 55 43 51 6 13 61 22 44 1 
32 64 21 25 44 30 53 27 34 5 63 31 20 2 22 43 29 10 16 33 61 45 55 6 49 3 41 12 62 47 50 18 4 19 56 57 17 42 11 1 39 28 38 36 51 52 37 59 26 8 13 15 60 54 9 46 23 35 40 58 7 24 48 14 
61 42 62 60 54 38 24 45 1 11 39 59 9 21 29 55 47 25 15 44 23 17 48 26 57 52 16 64 43 14 30 58 46 36 18 13 22 32 20 12 50 49 6 53 4 56 8 7 3 34 40 2 51 35 5 33 41 10 19 31 27 28 63 37 
################proper############## 

 average_time = 11.661147 

 success runs = 1 

 total average iters = 247474.000000 
