Success!!! 
 
 max_col = 
 64 
 
 run_time = 
 16.998705 
 
 once iters = 
 467150 
 
1 22 61 64 35 4 16 8 2 49 63 55 25 60 54 37 12 17 30 26 39 13 59 32 19 33 20 41 51 23 56 9 52 43 3 40 5 31 34 21 38 29 53 28 57 7 18 42 10 15 50 62 6 36 45 46 11 48 58 24 27 14 47 44 
32 20 33 5 3 26 51 59 6 39 22 11 56 8 50 7 55 58 4 29 38 23 34 24 17 60 61 40 44 64 27 31 62 30 25 48 37 57 42 10 63 41 9 54 49 15 43 47 18 21 14 35 28 12 52 19 36 13 45 46 1 53 16 2 
56 23 40 25 31 14 37 41 47 13 45 64 10 21 52 44 62 1 33 61 19 5 15 28 8 42 34 12 3 50 63 4 9 53 46 7 27 17 49 35 55 26 2 60 16 11 32 36 30 58 39 38 51 48 54 24 22 18 20 43 59 29 57 6 
49 10 44 24 34 50 29 39 48 17 4 62 18 1 27 31 56 60 35 25 9 43 52 20 54 2 53 16 57 47 26 37 28 51 36 13 45 64 8 12 21 6 33 14 46 22 23 58 32 40 11 61 3 42 63 59 19 30 15 38 55 41 5 7 
9 6 19 57 2 52 63 53 42 15 51 58 30 43 5 14 48 16 37 47 11 27 36 22 62 28 18 21 25 45 46 59 54 50 32 23 56 29 24 38 4 17 3 35 34 39 13 1 26 60 55 44 8 7 41 20 10 33 49 31 40 12 64 61 
54 28 12 15 38 58 11 47 46 59 19 35 61 16 36 29 3 44 41 7 18 40 10 50 49 22 55 32 24 30 43 5 4 63 6 33 14 1 2 60 45 51 62 64 48 27 52 20 17 13 23 53 31 57 34 37 9 56 21 26 8 39 25 42 
43 36 55 18 7 42 48 30 23 38 57 40 12 9 24 28 63 21 45 53 46 64 54 49 29 14 6 52 10 58 13 11 61 16 41 20 39 15 26 19 44 59 37 25 31 56 8 50 47 2 27 22 33 5 4 1 34 62 51 32 60 3 35 17 
60 45 46 13 27 21 17 62 32 20 26 33 3 53 34 41 14 42 51 31 8 6 57 2 36 7 1 15 35 38 48 39 59 55 58 11 44 18 47 22 10 40 5 19 30 61 24 12 9 16 25 29 64 56 43 49 28 23 63 52 50 4 54 37 
45 25 7 38 8 20 32 64 16 46 10 54 26 49 61 55 2 4 27 36 52 18 6 47 3 17 57 63 21 1 37 30 31 58 24 60 40 35 9 29 23 14 56 39 42 53 51 34 62 5 12 59 48 22 13 50 41 15 43 11 33 19 44 28 
41 31 43 34 21 49 58 9 52 18 6 14 39 20 15 64 35 30 28 19 50 1 33 53 40 54 12 11 61 26 51 44 48 37 57 2 42 10 17 55 59 5 7 22 63 62 29 4 23 47 24 16 36 45 8 56 46 27 60 3 38 13 32 25 
27 18 3 50 56 22 42 16 62 37 31 23 17 35 48 58 51 12 24 39 29 34 8 38 47 46 14 60 7 10 33 13 15 41 52 5 25 26 11 45 43 9 55 44 21 6 2 19 53 64 32 28 4 30 40 54 1 57 36 49 61 20 59 63 
11 60 13 35 30 23 26 24 27 25 38 7 1 45 29 63 49 14 22 64 41 61 62 9 52 56 36 39 5 28 18 15 3 8 51 4 16 59 44 53 40 46 12 58 17 48 33 32 19 43 2 57 21 20 6 31 50 10 42 47 37 55 34 54 
4 37 48 14 6 53 12 55 21 30 36 32 2 42 19 60 17 23 58 15 25 57 63 26 59 8 64 62 38 29 20 41 18 34 54 49 13 28 43 56 61 45 47 50 52 3 31 16 51 10 33 11 46 27 1 44 24 5 9 22 39 35 7 40 
44 5 1 10 59 19 36 28 34 33 9 43 22 40 41 50 21 48 20 46 37 45 60 42 32 49 4 24 23 31 53 16 64 39 61 63 6 47 7 14 54 13 8 27 11 30 57 15 58 26 3 25 55 18 35 38 51 2 12 62 29 56 17 52 
33 52 62 17 15 47 54 29 57 3 59 4 51 28 12 13 44 56 31 40 10 11 16 5 48 43 45 34 2 55 58 19 50 46 22 21 20 27 38 32 25 60 36 1 24 26 41 35 42 9 61 63 49 37 7 39 6 53 18 14 23 64 8 30 
2 57 51 46 40 61 39 63 5 11 47 56 53 24 44 8 13 7 32 43 59 54 55 3 9 25 50 35 27 6 42 22 33 19 12 62 23 30 1 36 18 20 28 10 64 49 37 38 41 34 60 52 14 29 17 15 26 31 4 45 16 21 58 48 
12 3 28 33 47 34 59 20 18 48 40 44 62 39 26 32 6 25 21 22 7 16 31 4 27 37 5 53 13 11 50 42 51 2 23 45 35 14 58 30 60 52 17 24 1 10 61 57 29 63 19 36 43 41 9 55 64 46 54 56 15 49 38 8 
37 30 54 1 14 46 53 43 41 16 15 51 52 6 25 33 39 29 55 28 48 17 45 61 31 40 9 7 19 60 4 36 47 64 50 10 8 34 3 24 42 58 21 49 22 63 38 13 5 12 56 18 44 23 11 62 32 20 2 59 57 27 26 35 
10 11 38 27 29 8 7 45 59 47 2 42 49 36 22 43 37 46 26 3 13 51 19 18 1 63 35 57 54 33 55 32 41 31 4 9 60 40 20 17 5 62 39 15 56 23 34 6 64 48 16 50 24 61 30 28 52 14 25 58 12 44 53 21 
48 17 35 16 62 51 44 4 7 21 13 12 63 23 9 38 8 2 52 54 42 53 47 64 61 39 58 45 18 56 24 29 11 5 33 22 46 6 25 49 31 30 27 32 41 28 36 3 34 59 15 20 26 14 57 40 43 55 37 1 10 60 50 19 
31 15 9 6 50 39 24 25 54 29 30 8 58 64 53 61 57 40 62 44 1 35 5 27 23 47 17 43 49 2 28 26 38 59 56 42 32 48 21 7 20 11 19 16 55 12 4 14 46 22 37 60 52 13 10 45 3 34 41 36 18 33 63 51 
40 49 5 41 13 32 60 52 20 1 56 3 45 14 10 17 36 50 59 38 34 63 43 11 25 30 62 6 12 21 64 46 39 27 44 15 57 19 55 18 8 53 48 29 35 47 26 37 54 7 58 4 2 33 42 51 31 61 16 28 24 22 23 9 
23 58 36 55 64 57 2 21 60 19 24 5 28 31 11 46 20 32 56 10 12 9 30 14 41 15 3 44 22 16 34 38 26 1 29 52 61 13 37 63 51 33 54 18 43 50 59 45 35 53 6 8 25 49 27 17 40 7 47 42 48 62 39 4 
22 42 63 56 61 18 19 26 55 35 50 27 34 37 4 57 58 15 49 23 33 60 24 41 51 52 59 20 14 48 8 10 53 62 43 16 36 12 54 28 46 25 44 40 9 2 64 7 21 3 31 39 47 1 38 32 17 45 30 6 5 11 29 13 
58 54 27 32 9 25 57 48 26 2 62 49 6 34 20 12 45 51 10 60 21 52 4 46 30 5 42 36 29 7 11 18 24 22 38 64 15 44 31 39 35 19 16 61 14 59 55 17 43 37 8 13 1 53 33 63 23 50 40 41 47 28 56 3 
28 8 56 29 16 7 15 14 51 36 23 41 46 13 58 48 24 26 12 32 17 19 3 55 4 64 63 50 33 57 45 62 40 25 9 35 10 20 18 34 6 2 43 30 44 38 27 53 59 61 42 47 60 39 21 5 54 1 52 37 22 31 49 11 
52 47 30 53 42 62 55 13 24 43 64 25 16 17 35 27 1 63 11 6 61 14 41 37 44 21 10 22 56 3 40 20 36 28 60 46 4 23 51 59 50 54 45 5 26 31 12 9 2 32 34 15 57 58 49 29 18 38 8 39 19 7 48 33 
51 64 50 4 18 41 3 11 14 40 61 9 55 56 32 42 54 5 8 59 43 28 29 31 38 26 19 1 53 39 23 47 58 17 16 37 30 63 48 62 49 7 13 34 25 36 22 33 27 20 35 10 12 6 44 52 15 60 24 21 45 2 46 57 
36 40 45 2 5 43 20 31 44 57 1 59 11 52 21 15 27 18 50 34 16 56 53 30 46 32 60 9 48 13 6 51 7 12 8 54 33 49 14 41 62 47 23 63 3 37 39 28 55 38 4 17 22 19 24 64 42 25 26 35 58 61 10 29 
59 46 34 12 60 63 49 10 28 4 7 29 33 47 39 22 23 13 2 48 62 38 25 58 16 55 24 61 43 37 35 8 45 3 5 50 52 53 19 1 15 32 57 56 40 42 21 41 11 54 30 26 18 31 36 14 44 9 27 20 17 6 51 64 
21 33 26 44 17 38 23 6 10 63 54 60 50 30 37 19 42 47 15 9 22 39 64 35 2 12 28 59 41 14 31 49 56 29 27 61 55 32 57 11 58 24 20 52 18 8 1 48 45 46 51 7 40 25 16 3 53 43 62 4 36 5 13 34 
24 35 37 22 39 1 61 19 53 8 18 31 5 38 45 3 7 33 44 57 49 20 40 36 34 58 54 27 17 15 25 52 13 42 21 26 47 2 6 43 64 4 51 46 29 60 10 11 48 56 41 23 62 50 28 9 63 59 32 30 14 16 55 12 
20 16 59 45 48 27 50 57 64 6 25 21 19 63 2 51 34 8 13 14 55 31 17 54 12 61 23 5 30 52 15 43 22 47 53 3 26 41 28 9 37 56 32 42 4 46 49 39 38 24 29 1 7 44 58 10 62 35 33 60 11 36 40 18 
38 2 31 61 52 37 18 35 56 41 11 15 44 22 7 59 43 24 9 12 6 4 39 29 10 57 21 55 58 42 62 33 23 20 63 34 51 50 36 13 48 1 26 45 54 19 16 40 14 8 17 3 32 60 46 25 27 47 5 64 53 30 28 49 
53 51 58 26 36 12 14 23 17 42 29 57 40 61 43 16 18 20 64 5 3 32 56 21 45 4 37 46 34 35 7 54 30 52 11 38 1 24 62 33 47 15 60 55 13 44 28 22 63 41 49 31 39 59 19 27 25 6 50 48 9 8 2 10 
34 7 8 21 55 44 33 17 4 58 27 28 60 32 14 20 38 37 19 45 51 50 1 62 26 16 47 49 63 9 2 48 35 57 40 59 64 25 39 15 3 36 18 41 6 5 30 10 13 52 53 43 42 11 56 12 61 29 22 23 31 54 24 46 
15 4 11 47 63 13 43 32 45 5 39 50 36 46 1 49 10 27 42 30 60 25 58 33 28 29 41 19 40 22 3 53 21 7 37 6 18 56 61 8 24 38 14 31 20 9 62 51 57 23 48 64 54 35 2 34 59 16 17 55 44 52 12 26 
64 1 42 28 25 30 10 46 9 23 8 26 31 62 13 24 47 61 36 49 35 44 48 7 50 51 56 38 11 59 39 60 19 4 14 55 43 58 12 54 29 27 34 17 33 52 53 2 37 6 40 5 16 15 18 22 20 32 57 63 3 45 21 41 
3 29 39 54 19 24 5 40 12 10 48 34 37 18 33 52 26 41 16 63 53 15 22 23 64 31 44 8 6 20 36 25 60 49 42 17 2 46 32 27 57 50 35 11 59 43 7 61 28 30 9 55 45 21 62 47 38 58 14 51 13 1 4 56 
6 41 22 9 49 56 62 60 38 54 55 53 47 3 30 35 59 52 46 11 57 2 28 40 24 18 13 17 1 32 14 27 29 10 45 44 48 5 16 31 12 8 64 21 23 25 58 63 20 4 36 51 50 26 61 33 7 19 39 15 42 34 37 43 
26 63 10 11 57 60 41 5 33 45 21 47 48 15 6 9 31 36 7 2 54 29 13 25 55 38 43 51 42 12 52 23 20 24 34 14 28 8 4 61 16 44 59 3 50 64 19 30 56 35 1 37 17 40 32 53 58 39 46 27 49 18 62 22 
8 34 29 42 58 59 4 12 3 22 5 46 24 19 64 36 40 35 60 1 20 33 38 63 7 27 32 26 62 25 10 2 16 54 49 51 50 43 52 37 39 28 6 13 53 55 15 31 44 57 18 45 41 47 14 30 48 17 56 61 21 9 11 23 
30 39 6 23 54 15 21 7 50 27 14 10 8 26 31 1 16 55 48 37 32 62 42 51 13 20 29 28 9 5 60 45 2 18 47 41 19 11 53 3 56 61 46 33 12 57 17 24 52 49 43 34 63 38 22 58 35 64 44 40 4 25 36 59 
25 50 52 36 53 48 45 27 39 62 28 16 20 51 63 18 4 43 57 8 30 49 46 34 22 35 40 47 64 24 61 56 42 44 17 31 58 38 5 6 41 23 10 9 2 32 11 21 60 55 59 12 19 54 3 26 33 37 29 13 7 15 14 1 
62 14 49 3 24 28 13 51 61 56 60 37 38 59 42 40 50 10 18 41 47 22 12 17 57 34 39 31 46 63 44 58 27 33 1 29 7 55 30 48 26 35 25 8 36 4 5 52 6 11 21 9 15 2 64 23 16 54 19 53 20 32 43 45 
35 56 17 37 46 2 64 33 11 7 32 30 41 58 57 53 5 28 61 27 24 26 44 6 18 3 49 14 50 4 19 21 12 40 15 39 62 9 59 23 1 22 29 51 38 54 45 43 36 25 10 48 20 16 31 13 47 63 55 8 34 42 52 60 
16 38 18 40 43 9 47 22 35 55 44 17 4 54 23 25 52 19 39 56 14 59 11 45 53 1 15 37 36 8 30 6 46 32 13 57 21 60 64 26 34 49 63 48 58 20 42 27 50 28 62 33 61 51 29 7 5 41 3 12 2 10 31 24 
19 61 20 31 32 55 1 44 13 12 52 2 43 29 49 34 53 3 23 58 64 21 9 15 11 41 48 33 16 54 59 17 10 56 35 36 22 45 63 25 7 37 40 47 62 18 14 60 24 42 46 27 5 8 39 4 30 26 28 50 51 57 6 38 
50 21 24 19 1 10 52 3 8 44 53 22 9 12 55 2 15 45 14 62 27 36 32 48 58 13 25 54 26 34 38 40 6 23 7 30 59 42 60 64 28 31 4 20 5 16 63 18 33 51 57 46 11 43 37 35 29 49 61 17 56 47 41 39 
42 13 32 60 23 29 35 34 30 51 20 48 14 4 62 47 9 59 43 17 31 8 2 52 6 19 33 10 39 46 16 3 55 38 18 1 24 54 27 58 22 12 11 26 37 40 56 49 61 50 45 41 53 64 25 21 57 36 7 44 28 63 15 5 
46 62 53 58 26 5 31 2 19 24 43 39 7 50 59 11 29 49 25 33 23 55 18 1 56 36 51 48 60 44 32 57 63 35 28 47 41 61 22 16 14 10 15 38 45 21 9 64 40 27 52 54 30 17 12 8 4 3 13 34 6 37 42 20 
39 44 14 7 33 54 28 38 40 61 49 18 23 25 17 26 60 6 34 21 58 41 37 10 15 59 30 42 47 27 5 12 57 9 31 32 11 36 29 4 52 43 50 53 51 24 35 62 1 19 63 56 13 3 20 2 45 8 64 16 46 48 22 55 
57 27 41 48 51 45 9 49 63 28 37 38 35 33 46 21 64 11 47 24 26 42 50 12 14 23 7 18 20 43 22 61 34 15 62 56 53 39 13 5 19 55 58 36 8 17 3 54 16 31 44 6 29 4 59 60 2 52 1 10 25 40 30 32 
17 59 25 8 22 11 6 15 31 64 34 36 13 5 56 45 61 38 63 51 28 30 20 16 37 53 52 4 55 41 9 1 43 14 26 19 3 21 46 40 33 57 42 2 39 29 47 44 49 18 7 32 10 24 23 48 60 12 35 54 62 50 27 58 
55 12 47 63 4 40 30 61 29 52 16 6 42 57 60 10 22 53 54 13 56 3 7 39 35 50 8 2 28 49 21 64 44 45 20 25 17 37 33 51 32 48 41 23 27 1 46 59 15 62 5 58 9 34 26 36 14 11 38 19 43 24 18 31 
18 43 64 20 37 16 56 36 15 32 58 1 27 41 3 54 19 57 5 4 40 46 35 44 63 11 31 29 45 62 17 24 49 48 2 8 12 52 10 50 30 34 61 6 7 13 60 25 22 39 47 14 38 28 55 42 21 51 23 9 26 59 33 53 
63 55 21 51 20 35 22 37 25 26 41 61 32 44 47 30 33 9 29 52 36 48 14 13 43 10 27 3 31 18 12 50 17 6 39 28 49 4 15 57 2 42 38 59 60 34 40 56 7 45 64 19 23 46 53 16 8 24 11 5 54 58 1 62 
29 24 15 52 41 36 34 56 43 53 17 19 59 48 51 62 46 54 3 35 63 37 21 8 33 9 26 13 32 40 49 28 5 61 55 18 31 16 50 42 11 64 22 7 47 58 44 23 12 1 20 2 27 10 60 57 39 4 6 25 30 38 45 14 
61 32 2 49 10 17 25 42 58 50 46 13 15 7 18 39 28 62 53 20 45 47 23 43 60 24 38 56 59 51 29 34 1 36 48 27 54 33 35 44 9 21 52 4 19 41 6 55 8 14 22 30 37 63 5 11 12 40 31 57 64 26 3 16 
14 19 57 30 12 64 38 50 49 9 33 45 29 2 28 6 32 31 40 42 5 10 51 60 39 44 16 23 4 61 54 55 8 11 59 24 34 62 56 47 27 63 1 37 15 35 25 46 3 17 26 21 58 52 48 18 13 22 53 7 41 43 20 36 
7 48 23 59 28 33 27 54 22 31 42 24 21 55 40 56 41 39 1 18 2 12 61 19 5 6 11 25 8 17 47 63 14 60 64 58 38 3 45 52 53 16 30 57 32 51 20 26 4 36 13 49 34 62 50 43 37 44 10 29 35 46 9 15 
13 9 16 43 45 31 46 58 36 60 3 63 57 10 8 4 11 22 6 50 15 24 27 59 21 48 2 64 37 53 1 14 32 26 30 12 29 7 41 20 17 39 49 62 28 33 54 5 25 44 38 40 35 55 51 61 56 42 34 18 52 23 19 47 
47 26 4 62 11 3 40 1 37 34 12 20 54 27 38 5 30 64 17 16 44 7 49 57 42 45 46 58 52 19 41 35 25 13 10 53 63 22 23 2 36 18 31 43 61 14 48 8 39 29 28 24 56 9 15 6 55 21 59 33 32 51 60 50 
5 53 60 39 44 6 8 18 1 14 35 52 64 11 16 23 25 34 38 55 4 58 26 56 20 62 22 30 15 36 57 7 37 21 19 43 9 51 40 46 13 3 24 12 10 45 50 29 31 33 54 42 59 32 47 41 49 28 48 2 63 17 61 27 
################proper############## 

 average_time = 16.998705 

 success runs = 1 

 total average iters = 467150.000000 
