Success!!! 
 
 max_col = 
 64 
 
 run_time = 
 40.856152 
 
 once iters = 
 1178879 
 
6 8 60 11 48 2 61 49 44 20 58 64 45 29 34 28 25 21 31 36 15 22 10 9 57 19 41 3 50 35 52 47 51 1 37 30 40 59 33 38 42 23 4 18 27 63 39 7 62 12 14 56 16 32 54 5 43 24 26 13 46 55 17 53 
5 19 32 16 57 41 27 58 51 62 55 40 59 47 48 35 64 49 20 24 37 23 54 43 7 8 9 56 1 36 22 60 14 29 50 25 11 17 13 63 33 53 38 44 52 30 45 61 34 28 26 10 3 46 18 39 6 42 4 21 15 31 12 2 
26 24 51 23 30 14 20 28 61 25 5 39 54 32 10 36 60 4 50 27 3 40 11 62 42 33 44 2 59 55 34 49 31 52 15 53 56 8 12 46 22 35 47 9 41 57 58 21 43 6 64 48 13 1 17 37 7 16 38 29 45 19 63 18 
25 43 56 54 12 21 47 40 9 41 52 3 63 31 17 11 26 28 2 33 57 18 16 39 46 23 61 6 45 62 14 29 4 48 34 64 35 20 42 10 49 15 24 5 37 13 51 1 53 58 55 8 38 7 19 44 32 30 59 27 36 22 60 50 
1 46 22 35 13 17 15 37 6 24 53 7 57 8 19 43 45 29 48 38 32 51 55 14 4 40 39 30 31 21 20 16 62 2 18 26 41 58 23 5 50 12 28 10 34 36 11 25 60 63 27 33 47 42 59 61 9 64 49 52 54 44 3 56 
55 33 36 7 50 31 3 64 13 2 22 4 56 49 30 37 52 17 44 42 34 5 53 12 38 48 18 10 63 26 25 54 6 27 24 45 39 60 32 61 16 19 8 62 29 59 43 46 9 11 35 15 21 40 23 51 28 41 1 57 47 20 14 58 
34 29 38 42 10 39 18 4 23 16 50 60 26 15 27 12 41 1 46 59 63 19 61 6 32 64 37 11 58 53 13 43 22 28 47 7 44 21 57 9 54 20 3 56 17 14 2 55 49 31 25 45 24 36 52 30 48 40 35 5 33 8 51 62 
9 63 62 44 52 59 53 45 42 14 46 33 1 18 38 21 35 7 13 56 47 8 30 58 15 12 5 24 17 27 51 28 43 16 49 19 54 3 36 55 31 60 32 26 6 48 64 40 20 29 4 41 57 50 2 22 37 25 61 39 34 10 11 23 
36 31 27 9 17 1 55 6 34 37 12 15 32 54 16 30 14 23 38 51 4 48 45 8 13 47 7 50 10 2 60 11 56 43 58 20 25 19 18 64 59 44 21 28 22 33 42 52 46 41 61 3 53 29 5 49 39 62 40 26 57 24 35 63 
15 54 44 46 40 11 42 39 21 22 18 57 4 25 45 24 62 5 49 52 61 1 29 20 41 17 30 64 19 59 27 37 36 35 38 51 7 63 14 6 2 43 23 13 60 8 53 16 28 48 50 31 55 33 34 26 56 47 9 32 3 12 58 10 
12 26 41 4 38 34 60 16 17 44 6 47 29 48 8 58 55 25 53 28 50 46 18 2 36 3 51 23 42 39 33 5 30 54 57 10 62 22 49 13 15 27 64 7 63 1 20 19 45 9 24 35 56 14 32 40 59 21 11 31 52 37 61 43 
64 32 3 33 25 20 2 43 27 42 51 5 36 59 61 46 15 34 26 17 58 7 19 41 40 14 54 4 9 56 29 62 53 45 12 50 47 28 21 52 18 10 49 30 31 35 24 6 37 39 63 23 60 11 13 57 16 55 8 44 38 48 22 1 
57 5 49 30 61 8 63 22 39 35 2 55 62 56 53 41 6 31 47 11 54 37 21 60 1 20 32 28 43 38 26 44 40 46 23 24 34 16 3 27 45 48 9 14 50 25 4 12 7 19 52 17 59 10 36 58 33 51 13 42 18 15 29 64 
47 18 10 37 62 53 58 56 1 49 63 23 9 14 33 60 43 13 59 40 64 27 32 36 55 6 12 22 35 24 57 52 29 11 48 4 31 61 39 8 3 5 17 51 46 34 26 38 42 15 21 44 20 16 25 54 2 19 41 45 7 28 50 30 
52 23 19 45 29 50 35 14 64 28 7 10 13 3 20 26 63 39 24 30 9 12 44 56 31 46 25 16 21 49 18 48 33 55 59 15 37 42 1 2 11 40 58 57 61 47 41 32 6 51 38 62 22 8 27 43 34 5 36 54 53 60 4 17 
59 28 24 51 7 13 21 48 40 52 38 31 19 11 43 50 22 35 16 57 10 33 3 42 34 63 15 58 8 61 45 53 17 60 41 32 26 5 9 44 29 62 37 39 55 56 36 54 12 4 18 1 64 2 30 47 20 46 23 25 6 14 49 27 
30 14 52 55 23 63 13 33 41 32 54 16 7 60 9 25 42 36 1 46 6 28 31 49 10 27 20 26 61 43 19 4 48 44 11 37 51 18 2 56 17 59 40 38 24 12 8 50 22 45 29 53 39 34 3 15 21 35 62 58 5 57 64 47 
21 61 31 48 39 10 41 53 28 51 59 13 46 44 26 49 4 33 55 8 19 62 20 24 52 15 17 35 30 45 58 57 60 42 32 36 6 34 47 43 23 22 63 2 9 64 1 5 11 37 56 18 27 25 16 7 12 3 14 38 50 40 54 29 
42 2 5 43 64 32 34 62 56 4 10 35 8 40 6 48 39 50 61 54 51 21 17 53 29 9 24 55 11 12 38 14 13 22 1 23 19 41 15 31 37 18 57 47 30 46 3 33 52 44 60 63 28 20 58 36 45 49 25 7 16 59 27 26 
54 27 47 36 35 57 56 38 63 64 11 37 39 33 14 1 29 52 34 2 7 43 15 3 18 22 23 60 49 8 16 31 5 25 28 40 58 12 50 24 20 45 10 6 48 55 13 62 51 46 30 42 26 61 21 59 41 44 19 9 17 53 32 4 
29 25 28 8 51 18 59 26 62 55 57 42 23 61 5 27 38 32 58 45 48 44 63 37 53 39 34 54 6 3 40 50 10 64 9 21 17 46 20 30 19 11 35 49 16 7 52 56 14 2 41 43 33 47 4 12 24 15 60 22 1 13 36 31 
58 49 15 19 3 24 16 1 30 12 36 38 31 43 2 34 10 60 9 18 14 11 64 22 47 5 59 41 33 13 32 25 55 53 45 54 8 26 62 7 51 4 42 21 39 29 27 44 50 35 40 6 17 48 57 23 46 61 37 20 63 56 52 28 
4 45 37 20 44 46 40 7 18 50 3 22 21 24 58 17 5 47 27 16 12 57 26 35 2 62 63 36 51 28 48 56 49 59 29 52 14 39 38 33 60 25 41 61 43 53 54 15 19 1 31 13 32 64 8 9 30 34 55 11 23 6 10 42 
60 9 50 6 22 12 11 17 15 29 47 19 20 53 52 45 40 59 56 25 41 30 13 23 21 1 64 37 7 44 46 42 16 3 63 27 4 35 61 57 26 31 34 36 58 32 14 28 38 54 49 24 10 5 62 55 18 2 33 51 48 43 8 39 
27 1 64 28 43 44 24 55 50 11 41 52 16 35 49 32 18 9 30 10 39 26 36 46 6 51 58 19 22 17 47 13 7 23 20 48 57 14 8 29 21 42 62 53 38 2 15 31 54 56 5 34 4 45 60 63 40 59 3 37 61 33 25 12 
31 39 48 49 54 19 33 3 8 63 9 56 17 12 37 59 2 15 42 35 23 60 40 45 50 25 43 62 27 64 4 21 34 51 46 6 22 24 44 32 36 30 14 1 13 18 28 47 55 57 16 61 58 41 7 10 52 26 29 53 20 5 38 11 
17 62 7 63 8 6 9 20 55 13 30 45 42 10 15 51 47 53 28 58 1 50 57 16 26 61 31 18 52 40 59 34 25 39 56 5 27 11 35 21 12 64 22 33 19 23 29 43 3 14 44 38 49 37 46 32 54 60 48 4 24 41 2 36 
53 36 29 41 59 4 57 47 7 3 34 28 60 22 40 39 21 43 14 49 38 63 5 52 54 24 1 42 16 46 56 23 2 10 19 13 33 37 55 58 44 26 25 11 20 61 48 9 27 17 62 64 31 12 50 6 8 32 51 30 35 18 45 15 
46 34 40 56 37 5 52 10 26 21 1 43 58 36 47 4 7 3 29 64 62 55 22 25 14 30 38 39 53 48 2 8 61 41 16 18 12 31 45 15 32 57 51 50 54 49 60 17 35 24 33 59 23 13 11 20 27 63 42 19 28 9 44 6 
16 21 42 50 2 51 45 25 57 48 31 54 5 19 46 38 12 41 33 61 44 59 24 11 35 10 28 32 20 29 37 3 47 9 26 60 36 49 64 53 27 7 6 40 4 58 34 63 1 30 8 39 15 52 43 18 62 23 56 55 14 17 13 22 
61 58 30 18 11 23 14 35 20 53 29 24 6 64 25 33 27 51 4 32 17 13 34 19 5 60 55 63 15 7 44 12 28 38 43 62 59 54 52 40 56 37 16 41 3 45 10 8 2 42 48 36 9 22 26 21 57 1 39 49 31 50 47 46 
38 12 13 32 26 60 22 15 14 18 61 2 27 23 44 62 56 8 54 6 31 20 37 48 9 57 11 45 41 33 49 36 42 50 3 63 1 4 30 17 39 24 55 46 35 52 5 59 40 25 28 47 19 53 51 29 10 58 7 64 21 16 43 34 
49 41 26 40 18 28 51 61 48 46 64 53 47 9 63 42 17 62 12 55 16 54 8 50 20 56 2 31 14 22 15 27 24 58 36 59 10 33 60 23 57 3 5 34 7 11 44 45 29 52 19 37 43 4 39 38 1 13 21 6 32 35 30 25 
10 13 54 27 60 9 12 8 3 1 43 61 50 26 22 18 36 56 39 34 53 31 35 51 11 37 45 7 4 42 64 41 63 57 17 49 5 38 29 62 55 14 59 23 2 16 46 48 30 32 15 25 6 21 33 24 58 52 28 40 44 47 19 20 
20 17 4 24 19 36 64 63 49 54 35 21 41 34 56 31 59 58 23 60 52 29 9 26 8 13 57 33 32 50 28 38 1 37 42 2 46 44 51 12 53 47 43 25 40 6 61 30 18 16 3 14 62 27 45 11 55 22 10 48 39 7 15 5 
23 44 16 25 58 56 6 21 32 33 39 11 37 55 24 40 46 38 10 3 2 61 14 47 62 35 60 1 29 18 12 19 15 7 4 34 30 52 43 50 28 54 36 22 49 20 9 27 13 5 51 57 63 26 31 48 17 45 53 59 41 64 42 8 
7 3 59 1 42 35 62 2 5 17 45 12 38 20 57 16 49 30 19 13 33 24 48 27 63 52 47 53 39 6 55 46 64 61 22 41 21 32 25 11 4 51 56 58 15 60 50 18 36 40 9 28 44 23 10 8 26 31 34 14 43 29 37 54 
50 55 45 57 31 37 38 32 2 60 14 51 30 52 36 6 44 42 22 21 5 15 28 7 58 43 3 25 48 10 23 26 9 18 39 8 20 27 40 47 35 29 33 19 1 24 17 13 64 34 53 54 46 59 41 56 49 11 63 16 12 4 62 61 
11 53 39 29 15 52 5 34 19 27 25 59 10 4 62 8 37 57 43 1 18 45 41 40 17 36 16 61 44 54 30 24 3 14 13 31 48 6 28 35 38 32 12 64 26 21 63 42 47 49 20 55 7 58 22 2 51 56 50 60 9 23 46 33 
22 48 43 14 47 33 30 46 58 23 44 29 28 7 13 15 20 6 63 4 11 64 25 32 59 49 21 51 34 9 5 40 19 56 53 55 16 45 54 26 62 8 31 52 10 41 37 39 61 50 42 60 12 35 1 17 3 57 27 24 2 36 18 38 
43 37 33 34 24 49 10 9 25 59 32 46 18 58 7 2 8 26 64 47 55 16 1 30 19 29 53 17 23 20 31 35 27 12 60 22 42 56 6 41 40 28 39 15 51 54 21 3 44 36 13 11 45 62 38 52 63 14 5 50 4 61 48 57 
35 38 63 26 5 7 29 13 11 19 23 14 15 50 4 57 51 44 37 53 28 58 46 10 24 41 52 27 3 47 39 55 32 62 21 17 18 64 59 45 9 16 61 12 36 42 25 34 48 8 43 22 2 6 49 33 31 54 20 1 60 30 56 40 
2 51 25 53 28 22 8 50 16 5 20 48 35 21 29 55 33 61 60 15 40 4 42 31 64 59 62 34 38 37 54 10 52 49 44 3 9 57 58 39 30 63 13 24 11 43 18 14 32 26 47 12 41 17 56 1 23 27 45 36 19 46 6 7 
45 42 20 62 56 54 23 59 37 36 24 27 61 39 41 53 19 12 6 50 13 17 43 5 49 26 48 46 28 16 11 30 38 34 25 1 63 15 4 51 47 52 44 35 64 31 7 29 10 60 58 40 18 57 55 14 22 33 2 3 8 32 9 21 
3 16 58 47 41 64 19 57 60 26 17 34 43 6 1 44 23 48 52 9 27 14 39 21 12 50 56 5 36 63 8 22 35 40 33 29 61 13 31 54 46 55 2 32 45 37 38 49 15 20 7 30 42 24 53 4 11 10 18 62 59 25 28 51 
14 11 1 12 21 40 4 44 31 56 28 30 49 51 54 10 32 18 41 22 35 3 2 34 45 42 33 13 60 25 9 7 8 36 5 43 55 53 24 48 58 17 27 20 62 26 6 57 23 61 59 46 50 19 63 64 47 29 16 15 37 38 39 52 
39 60 18 31 46 55 36 27 12 45 8 9 33 62 42 52 57 54 7 20 56 38 49 63 61 58 14 43 40 32 6 15 26 30 2 47 28 10 11 16 1 50 48 59 23 22 19 4 5 21 37 51 35 3 29 25 13 53 24 17 64 34 41 44 
32 30 17 61 6 15 48 52 22 40 13 63 64 38 3 47 24 11 25 62 45 36 59 29 51 44 4 57 2 1 21 18 37 20 7 46 50 23 19 14 10 41 60 8 33 5 56 53 16 27 39 9 34 54 28 31 35 12 58 43 42 49 26 55 
48 7 11 52 53 26 50 29 35 38 42 49 44 17 59 22 28 10 36 31 20 32 33 13 56 21 6 12 64 34 41 9 54 4 27 14 15 47 37 18 61 1 45 60 25 40 55 23 8 62 46 2 5 30 24 3 19 39 43 63 58 51 57 16 
56 40 55 60 14 30 1 18 52 39 27 6 48 13 23 29 16 22 5 12 46 34 50 57 28 4 8 38 62 19 24 45 44 32 51 11 43 7 41 3 64 21 26 63 59 17 33 2 58 10 36 20 54 49 9 53 15 37 47 61 25 42 31 35 
24 59 35 38 27 43 39 19 54 31 15 58 25 41 12 14 53 2 17 48 29 42 56 64 37 11 13 44 57 5 10 61 23 21 30 28 45 9 26 34 6 49 20 16 47 62 32 36 63 33 22 7 51 18 40 50 60 4 46 8 55 52 1 3 
13 20 34 17 63 16 32 51 33 57 4 1 55 28 64 61 54 19 40 37 43 35 38 15 23 2 46 14 26 31 3 59 50 6 62 58 60 36 22 49 24 56 52 42 8 9 12 11 41 47 45 29 25 39 44 27 53 7 30 18 10 21 5 48 
37 6 46 2 49 47 28 5 43 8 60 18 34 45 50 3 58 24 11 7 21 39 27 4 22 16 35 15 55 52 36 20 57 33 31 12 53 1 63 25 14 13 19 54 44 51 30 10 17 59 23 32 61 38 48 42 29 9 64 56 62 26 40 41 
33 64 8 21 45 61 25 41 10 7 19 32 40 46 51 20 9 14 62 44 49 47 6 1 60 54 50 48 18 30 53 63 59 5 55 35 52 2 56 42 34 39 15 29 28 3 22 58 26 43 57 4 11 31 37 16 38 36 17 12 13 27 23 24 
44 22 23 10 36 58 54 42 47 9 16 62 53 63 21 5 30 55 3 41 26 52 60 59 39 7 27 29 25 51 17 33 46 13 8 61 24 40 48 20 43 38 50 31 18 4 57 37 56 64 12 19 1 15 35 28 14 6 32 2 11 45 34 49 
62 57 9 15 4 3 31 12 24 30 26 36 2 37 11 56 61 45 51 63 8 25 23 18 43 32 49 40 47 58 42 1 39 17 10 38 64 29 16 19 7 46 53 48 5 27 35 41 21 55 34 52 14 60 6 13 50 28 44 33 22 54 20 59 
28 15 6 3 33 38 44 31 45 43 21 8 24 30 60 64 11 16 35 14 22 2 4 55 48 53 26 20 46 57 63 39 18 19 61 56 49 62 17 59 52 36 54 37 42 10 23 51 25 13 1 27 29 9 47 34 5 50 12 41 40 58 7 32 
51 47 2 59 32 27 37 36 4 58 49 50 11 42 39 23 13 40 18 43 30 41 7 54 33 34 22 21 12 15 1 64 20 31 35 16 3 25 46 28 48 61 29 17 56 19 62 60 24 38 6 5 52 55 14 45 44 8 57 10 26 63 53 9 
18 35 21 64 34 29 43 30 53 10 33 25 14 5 31 13 50 63 8 19 60 49 12 17 16 55 42 9 54 23 62 32 45 15 52 39 38 48 27 1 41 58 11 4 57 44 47 22 59 7 2 26 40 56 61 46 36 20 6 28 51 3 24 37 
41 4 57 5 20 42 17 11 46 34 62 44 3 2 55 63 31 37 15 39 59 56 47 38 30 45 36 49 13 14 7 58 12 24 40 9 32 43 10 22 25 6 18 27 53 28 16 26 33 23 54 50 8 51 64 60 61 48 52 35 29 1 21 19 
19 10 14 22 1 48 46 23 29 6 37 17 52 16 35 7 34 20 21 26 42 53 51 61 27 28 40 59 24 4 50 2 41 63 54 57 13 55 5 60 8 9 30 3 12 38 49 64 39 18 32 58 36 44 15 62 25 43 31 47 56 11 33 45 
63 52 12 39 9 62 49 54 36 61 56 26 22 57 32 19 3 46 45 5 24 6 58 44 25 38 10 8 37 11 43 51 21 47 64 33 29 30 7 4 13 34 1 55 14 50 40 35 31 53 17 16 48 28 20 41 42 18 15 23 27 2 59 60 
40 50 53 13 16 45 26 24 59 47 48 41 12 27 28 9 1 64 32 29 25 10 62 33 3 18 19 52 56 60 61 17 58 8 6 44 23 51 34 36 5 2 7 43 21 15 31 20 57 22 11 49 37 63 42 35 4 38 54 46 30 39 55 14 
8 56 61 58 55 25 7 60 38 15 40 20 51 1 18 54 48 27 57 23 36 9 52 28 44 31 29 47 5 41 35 6 11 26 14 42 2 50 53 37 63 33 46 45 32 39 59 24 4 3 10 21 30 43 12 19 64 17 22 34 49 62 16 13 
################proper############## 

 average_time = 40.856152 

 success runs = 1 

 total average iters = 1178879.000000 
