Success!!! 
 
 max_col = 
 64 
 
 run_time = 
 17.420803 
 
 once iters = 
 503413 
 
48 36 63 64 17 33 35 11 1 26 31 15 53 8 12 59 37 3 58 45 38 22 7 39 13 4 44 57 6 30 29 54 51 47 10 27 46 23 18 61 43 34 49 50 32 41 42 9 40 21 25 24 55 56 5 16 2 19 60 20 28 52 62 14 
21 54 57 53 37 44 7 29 50 52 6 33 39 58 10 41 56 30 46 5 55 43 20 9 48 25 62 3 63 51 19 40 60 16 17 11 22 38 34 8 12 45 64 15 18 28 24 2 32 35 1 49 61 14 47 26 59 31 13 4 42 23 36 27 
56 4 24 6 9 46 18 43 51 36 13 37 27 19 11 48 28 63 10 49 44 29 40 25 23 42 41 22 31 2 45 1 20 33 35 59 15 62 32 64 60 52 53 14 54 5 7 47 57 8 58 38 17 39 50 30 61 3 12 16 26 21 55 34 
3 30 39 41 5 45 25 22 28 62 21 40 38 49 61 55 34 6 48 12 35 16 51 42 58 8 32 10 17 15 11 24 14 2 1 54 52 36 56 53 26 46 4 63 19 20 33 13 31 18 27 44 60 23 59 29 9 50 64 7 43 57 37 47 
42 58 49 60 14 20 1 8 46 43 16 2 63 32 45 64 26 47 11 52 27 23 24 18 39 7 5 33 59 55 38 35 50 12 31 9 28 57 25 13 48 44 22 61 30 51 56 21 4 15 36 3 62 37 34 19 29 40 6 10 17 41 53 54 
12 51 2 47 61 31 10 16 54 57 34 29 60 7 24 22 4 41 1 50 33 13 62 17 36 21 53 26 64 46 49 14 42 19 5 40 45 63 39 37 3 27 59 55 38 35 23 8 9 6 43 48 11 28 52 20 56 15 58 32 18 30 44 25 
34 26 38 15 19 55 59 52 23 5 14 30 9 25 47 44 2 57 54 60 64 61 36 32 12 56 27 18 28 20 43 50 24 4 6 29 48 3 21 58 40 37 31 17 1 16 11 62 41 10 53 42 45 46 7 13 33 49 63 39 51 22 35 8 
23 50 13 32 27 40 62 28 18 20 56 17 4 42 35 3 31 19 21 14 59 15 53 8 52 16 9 34 47 61 37 60 26 55 7 30 41 49 44 43 29 25 6 57 58 36 10 39 51 63 2 12 54 33 64 22 45 5 46 38 48 24 11 1 
57 17 37 24 60 1 51 10 47 63 28 55 22 5 43 61 53 27 2 44 46 12 34 59 40 11 8 39 26 29 9 30 21 64 45 15 20 42 52 19 62 31 3 13 56 32 38 41 16 54 4 7 23 6 14 33 18 35 50 36 25 48 49 58 
61 44 41 4 46 63 12 38 2 1 54 23 52 29 33 36 10 42 3 30 5 31 60 26 14 13 28 15 37 25 55 19 8 43 34 35 32 24 9 7 47 48 50 51 6 59 27 57 22 39 21 64 49 11 18 58 17 53 56 62 20 16 45 40 
55 20 53 26 3 19 47 45 27 50 12 10 25 60 6 62 43 56 4 21 11 36 23 52 44 18 54 42 33 16 34 2 48 30 39 37 57 58 40 38 49 24 14 7 35 61 8 28 15 51 17 31 1 59 29 32 46 13 41 9 22 64 5 63 
50 62 33 9 43 49 16 13 48 18 44 57 30 56 42 31 25 8 64 15 63 58 1 19 21 47 46 32 53 38 60 7 12 5 14 4 29 51 23 36 45 20 17 22 10 39 26 54 61 2 28 55 41 34 35 40 37 11 52 59 27 3 6 24 
11 29 64 34 8 27 52 18 7 38 4 3 15 41 32 49 55 9 51 39 20 14 13 54 24 17 50 1 35 36 10 6 44 22 46 61 56 28 63 59 16 33 42 2 40 53 58 25 37 47 5 62 30 48 12 45 57 26 19 60 21 43 23 31 
30 59 56 54 23 28 40 48 35 21 11 9 19 26 16 45 57 38 41 24 50 49 32 7 27 22 3 5 20 12 58 63 6 17 62 31 47 2 13 33 15 60 43 37 29 34 18 64 25 44 10 52 46 36 8 53 39 4 42 61 1 14 51 55 
39 15 31 5 22 21 14 35 58 53 8 13 24 17 40 34 45 33 6 16 61 37 48 47 62 59 23 43 51 49 64 4 11 3 41 55 18 25 50 54 52 9 44 1 46 30 36 19 60 56 57 20 42 26 27 63 28 12 32 29 2 38 7 10 
58 7 6 36 2 25 32 42 64 39 37 46 14 20 59 51 17 40 35 29 62 28 18 22 57 48 45 61 52 31 56 41 27 26 53 16 1 60 10 49 55 11 23 4 63 12 21 5 24 50 3 19 9 13 38 43 8 30 15 34 33 54 47 44 
16 18 9 20 4 14 64 36 24 42 40 45 31 52 60 25 38 26 7 57 17 21 44 30 19 35 2 51 32 3 5 22 46 8 11 58 12 10 15 55 6 1 48 59 23 54 39 34 13 49 62 37 29 43 28 47 41 33 27 53 50 61 63 56 
15 35 10 40 54 41 37 27 55 46 53 61 64 14 18 30 12 16 22 1 23 34 9 51 7 20 43 48 36 60 31 52 39 42 47 28 59 32 19 4 50 5 57 56 8 38 62 63 33 26 45 6 44 17 25 21 58 2 49 3 11 13 24 29 
53 63 25 61 1 7 2 21 34 28 29 48 20 4 27 56 54 10 43 33 60 19 52 3 41 24 49 37 62 23 8 17 30 44 26 57 50 40 5 6 13 47 58 64 11 22 55 16 36 42 18 15 12 32 51 9 31 45 59 35 14 46 39 38 
60 33 28 22 52 57 29 49 5 44 50 51 12 37 38 7 35 36 40 4 42 63 2 13 1 61 34 11 10 59 25 45 43 62 56 20 64 21 3 16 9 32 46 31 26 24 41 18 14 53 54 58 48 27 39 55 6 47 8 17 23 19 30 15 
13 11 59 55 26 47 56 44 41 22 36 43 6 39 63 8 58 15 53 62 29 24 49 48 16 57 64 38 9 14 21 27 31 37 25 17 35 54 51 23 7 4 30 19 45 3 28 33 2 5 46 50 52 61 10 1 34 20 40 42 60 12 32 18 
46 38 48 31 50 58 42 51 17 13 62 32 3 57 49 35 47 20 61 55 8 25 45 6 56 53 39 30 54 28 44 18 1 9 24 60 14 34 33 63 37 43 15 29 27 2 12 10 11 64 59 41 22 40 19 23 5 36 7 26 52 4 21 16 
43 6 62 30 45 8 23 34 59 33 10 19 2 9 15 16 14 64 39 11 41 32 5 46 55 58 47 12 29 40 50 26 52 49 36 18 38 13 7 27 25 21 60 53 20 42 17 61 56 24 35 63 31 3 57 4 44 51 48 28 54 37 1 22 
17 24 12 19 32 39 5 3 26 11 1 21 58 47 23 54 59 37 56 28 31 18 27 50 42 6 4 63 15 13 33 46 41 61 29 48 2 53 45 22 35 14 36 44 52 40 51 49 38 34 20 30 7 60 16 8 64 9 62 55 10 25 43 57 
19 34 22 2 12 29 27 14 44 10 5 6 36 45 39 43 42 59 37 41 28 33 63 58 20 15 56 16 8 50 54 23 7 52 48 64 25 61 11 9 51 53 40 62 55 46 49 17 47 32 38 57 13 4 1 24 30 18 21 31 3 35 26 60 
63 42 7 25 51 32 13 24 14 37 17 41 61 31 58 28 50 48 15 9 53 45 8 1 34 29 33 49 46 35 39 5 55 60 18 56 43 27 2 20 21 59 38 47 36 57 44 30 26 23 11 22 16 52 54 3 19 62 10 64 4 40 12 6 
31 39 61 1 55 23 11 15 32 27 64 26 8 46 20 4 19 35 18 6 30 54 25 57 38 41 22 60 7 48 12 21 13 63 59 51 40 14 16 17 28 29 37 3 24 10 9 43 50 45 44 5 34 58 56 62 49 42 36 2 47 33 52 53 
62 43 54 17 56 26 8 59 57 25 3 12 49 24 7 50 5 32 52 64 47 39 46 16 4 40 58 53 13 42 36 44 45 34 30 38 10 22 37 35 11 6 27 41 31 19 63 60 48 29 33 18 15 21 2 61 1 23 51 14 55 28 9 20 
35 16 60 57 30 52 36 37 11 29 42 18 51 63 48 19 22 44 24 3 40 4 31 21 28 10 6 9 55 62 27 61 53 39 50 23 33 47 46 15 58 2 45 8 7 1 25 26 43 17 49 14 20 12 41 64 54 32 5 13 38 34 56 59 
33 5 47 10 28 64 58 46 53 16 55 59 23 34 22 21 60 13 27 2 7 38 26 56 25 30 31 17 43 57 1 37 62 6 44 49 3 4 54 32 18 61 20 42 12 14 52 50 63 40 39 51 36 19 9 35 15 29 24 8 41 11 48 45 
38 40 45 44 6 18 50 41 9 15 47 60 56 35 13 52 62 49 34 61 14 20 10 36 11 26 19 24 2 63 3 51 5 21 57 12 8 1 29 42 32 23 39 54 33 4 64 48 28 59 31 25 53 55 30 37 7 22 16 27 46 58 17 43 
4 9 21 48 20 3 49 53 40 2 30 54 33 62 1 38 11 55 23 17 12 51 43 29 32 45 18 64 14 52 47 59 36 41 58 24 19 31 28 26 34 13 56 5 16 15 22 35 7 27 6 46 8 10 42 60 25 39 61 57 63 44 50 37 
20 12 26 29 13 24 53 57 31 55 61 50 16 54 37 9 7 17 28 27 49 30 38 2 15 1 48 23 11 21 14 8 40 10 64 32 51 44 35 46 4 39 18 34 43 58 59 52 6 60 19 45 25 63 33 5 36 56 22 47 62 42 41 3 
8 41 11 62 35 43 17 39 36 47 15 44 34 2 56 26 61 14 20 25 51 3 57 64 60 28 40 6 42 53 13 29 18 45 4 33 30 7 48 21 22 16 19 32 49 63 31 12 1 9 37 59 10 50 58 54 27 38 55 23 24 5 46 52 
40 22 18 49 59 48 60 4 13 32 27 24 1 30 46 23 21 58 29 37 19 6 54 33 9 5 12 50 16 45 41 55 63 57 38 43 31 52 8 25 64 56 10 36 62 47 3 7 34 11 61 35 51 2 44 42 53 14 20 15 39 26 28 17 
2 47 46 58 10 37 61 54 33 41 25 20 5 40 17 53 24 60 9 63 45 42 4 23 31 3 52 62 49 7 32 38 22 50 27 13 6 29 26 12 1 8 55 35 28 11 14 15 64 16 48 21 56 30 36 39 43 34 44 51 57 18 59 19 
51 1 3 23 36 16 28 33 19 60 18 49 45 6 52 39 44 43 50 56 32 10 22 62 37 63 59 35 27 47 20 64 15 24 9 42 17 55 14 34 57 54 41 25 61 29 5 46 53 4 8 26 40 38 13 12 21 48 11 58 7 2 31 30 
6 55 32 14 21 50 30 7 63 3 51 64 48 38 28 11 8 53 31 59 52 5 12 34 61 33 25 36 44 26 4 57 58 23 16 19 62 56 47 39 20 42 2 24 9 37 13 27 17 22 29 43 18 15 46 41 10 60 45 49 40 1 54 35 
27 56 5 52 25 34 38 9 42 8 59 14 57 22 62 29 15 11 13 35 26 46 16 40 51 39 10 19 18 43 2 58 54 36 20 3 61 41 53 1 30 17 21 60 48 33 45 44 49 7 47 23 28 24 55 31 63 6 4 37 12 32 64 50 
64 31 15 45 63 42 44 19 21 58 35 7 43 10 4 12 1 39 47 18 36 48 55 41 17 46 30 54 56 22 24 34 37 11 2 5 60 59 49 28 38 40 26 23 51 50 6 53 52 3 32 27 57 20 62 14 16 8 25 33 29 9 13 61 
25 14 51 38 41 6 22 47 39 9 26 16 11 61 21 20 63 50 55 23 2 40 29 45 33 44 13 58 34 8 52 3 17 31 60 46 5 12 57 10 59 18 54 28 15 27 1 24 62 37 64 4 43 53 32 49 48 7 35 56 30 36 19 42 
10 37 16 21 39 61 4 62 43 12 52 58 17 44 34 32 30 7 33 54 9 56 42 31 5 49 26 14 25 1 57 20 19 59 22 41 24 11 64 47 63 50 29 46 53 8 40 6 35 48 15 36 38 51 60 27 13 28 2 18 45 55 3 23 
54 27 29 3 11 53 19 30 10 24 48 28 40 59 14 42 6 46 8 38 43 64 47 15 35 31 60 45 39 41 16 32 2 18 61 63 23 37 58 62 36 57 51 33 5 9 20 56 21 55 13 1 50 7 17 25 52 44 26 22 34 49 4 12 
9 48 34 28 49 5 45 63 38 23 33 36 37 1 64 6 41 21 17 58 3 53 39 60 30 12 42 59 19 54 18 62 25 51 55 8 13 35 4 56 10 22 7 16 47 26 32 31 44 61 52 40 2 29 24 46 14 27 43 50 15 20 57 11 
36 46 23 35 64 15 26 50 30 49 19 31 13 51 8 57 18 28 25 48 24 1 59 4 2 43 11 40 22 6 53 56 29 7 32 34 27 39 38 3 14 41 62 52 44 60 61 55 45 20 12 54 33 42 63 10 47 16 9 5 37 17 58 21 
59 52 17 56 40 13 43 58 29 4 41 22 7 27 5 15 49 12 44 36 34 62 11 10 63 51 24 55 23 64 46 28 9 20 42 50 54 16 6 45 19 30 35 48 25 21 2 37 8 14 26 39 47 18 3 57 38 61 33 1 53 31 60 32 
7 32 55 18 44 60 57 31 3 54 63 35 62 53 2 46 20 51 16 22 13 27 37 5 50 36 15 29 21 4 61 47 49 1 52 14 26 33 30 48 42 58 12 45 17 43 34 38 23 19 56 9 6 41 11 28 40 25 39 24 8 59 10 64 
1 8 20 33 42 12 24 2 56 45 60 47 50 55 25 18 32 61 26 19 57 52 14 35 10 27 37 7 38 17 48 9 28 53 40 21 36 15 43 44 39 64 11 49 3 13 4 23 30 58 16 34 5 31 22 59 51 63 54 46 6 62 29 41 
29 64 42 27 7 10 39 20 37 51 49 53 28 16 50 24 48 45 60 8 4 26 58 11 46 23 17 44 3 19 30 36 33 13 12 47 63 18 22 5 31 15 34 21 2 55 57 1 54 25 41 61 32 9 40 56 35 43 38 52 59 6 14 62 
5 60 52 59 24 9 6 25 12 56 32 62 10 18 44 63 39 23 36 20 22 47 19 14 8 34 21 41 1 11 15 43 64 48 37 2 16 17 55 57 61 26 28 27 42 7 35 40 58 30 50 13 3 45 53 38 4 46 29 54 31 51 33 49 
18 19 58 16 34 54 46 17 6 14 22 39 41 3 31 27 33 2 12 43 25 44 50 55 53 38 51 13 4 56 26 42 35 15 28 45 7 9 24 30 23 62 8 11 59 48 37 20 29 1 63 60 21 64 49 52 32 57 47 40 5 10 61 36 
26 57 14 37 62 2 63 56 52 17 9 8 46 23 19 47 29 34 30 51 15 59 21 49 64 32 35 27 58 33 22 48 38 25 54 1 4 50 61 40 24 36 5 6 41 44 60 45 42 31 7 10 39 16 43 18 11 55 3 12 13 53 20 28 
49 45 36 8 38 4 48 55 60 35 43 42 59 11 30 13 3 31 57 10 1 9 64 24 6 54 61 20 5 37 40 12 56 27 21 44 34 46 62 41 53 51 47 58 50 52 29 32 19 28 14 33 26 22 15 2 23 17 18 63 16 39 25 7 
28 23 30 43 31 11 21 61 20 64 45 5 29 15 36 40 52 54 32 46 6 35 17 63 18 55 7 2 24 10 62 16 3 14 49 53 39 26 59 51 33 12 25 38 13 56 19 22 27 57 34 47 4 8 37 48 50 41 1 44 58 60 42 9 
47 13 35 50 15 22 33 40 4 7 57 38 55 48 54 1 16 5 42 53 18 41 61 27 45 52 29 28 60 39 63 25 10 32 19 6 58 20 36 31 46 49 9 43 14 17 30 3 59 12 51 11 24 62 23 44 26 37 34 21 64 56 8 2 
32 3 44 12 53 51 41 1 61 34 58 25 21 33 26 2 40 62 38 13 37 7 56 28 47 14 57 31 50 9 59 49 23 29 8 52 42 43 60 11 54 10 63 18 39 64 16 4 46 36 55 17 35 5 20 6 22 24 30 45 19 27 15 48 
22 49 27 11 33 59 55 32 25 19 46 63 42 12 41 14 36 1 5 26 21 57 28 44 3 9 16 47 61 24 23 39 34 38 15 62 37 48 20 29 17 7 13 30 4 31 43 58 10 52 40 2 64 35 45 50 60 54 53 6 56 8 18 51 
45 61 1 7 57 35 9 23 15 6 2 52 47 13 55 60 64 18 49 42 58 8 41 53 22 50 38 25 12 34 28 11 4 56 33 39 44 19 31 14 27 3 16 26 37 62 46 59 20 43 30 32 63 54 21 51 24 10 17 48 36 29 40 5 
52 2 40 42 29 56 20 12 49 31 39 11 35 36 53 58 23 4 59 34 54 60 6 38 43 19 63 21 30 5 17 13 47 46 51 7 9 8 1 50 44 55 61 10 22 25 48 14 18 62 24 16 37 57 26 15 3 64 28 41 32 45 27 33 
41 10 43 39 18 36 3 5 62 61 38 4 54 28 51 17 13 52 63 47 16 2 30 20 49 37 14 56 40 32 35 33 57 58 23 22 21 6 27 60 8 19 24 9 64 45 50 29 12 46 42 53 59 25 48 7 55 1 31 11 44 15 34 26 
37 25 19 51 58 38 31 6 22 48 24 56 18 43 9 10 46 29 45 40 39 50 3 61 26 2 20 8 57 44 7 15 59 54 63 36 11 64 41 52 5 35 32 12 34 23 53 42 55 33 60 28 27 1 4 17 62 21 14 30 49 47 16 13 
44 21 8 46 47 17 54 26 16 40 23 27 32 64 3 33 51 25 14 7 48 55 35 37 29 62 36 52 45 58 42 31 61 28 13 10 53 30 12 24 2 63 1 39 60 18 15 11 5 41 22 56 19 49 6 34 20 59 57 43 9 50 38 4 
14 28 50 63 48 62 34 64 45 30 20 1 44 21 29 37 27 24 19 32 10 17 15 43 59 60 55 4 41 18 51 53 16 35 3 26 49 5 42 2 56 38 33 40 57 6 54 36 39 13 9 8 58 47 31 11 12 52 23 25 61 7 22 46 
24 53 4 13 16 30 15 60 8 59 7 34 26 50 57 5 9 22 62 31 56 11 33 12 54 64 1 46 48 27 6 10 32 40 43 25 55 45 17 18 41 28 52 20 21 49 47 51 3 38 23 29 14 44 61 36 42 58 37 19 35 63 2 39 
################proper############## 

 average_time = 17.420803 

 success runs = 1 

 total average iters = 503413.000000 
