Success!!! 
 
 max_col = 
 64 
 
 run_time = 
 18.892189 
 
 once iters = 
 601122 
 
55 50 59 40 16 4 57 14 49 53 35 25 29 5 34 41 28 17 11 58 31 38 20 63 44 60 62 64 45 6 8 36 56 26 48 46 1 47 12 33 21 9 23 54 52 3 43 18 42 2 37 61 30 32 13 51 10 24 27 39 19 15 22 7 
12 60 9 36 2 48 64 18 37 23 14 55 21 27 61 47 4 44 42 6 1 54 62 46 7 58 15 35 59 40 11 25 43 30 17 45 52 49 8 5 33 39 56 16 24 10 32 29 41 53 50 3 34 20 22 19 26 28 51 31 13 57 38 63 
42 20 39 44 56 33 7 1 57 17 60 8 51 19 26 24 21 32 16 3 41 47 53 61 43 50 38 22 18 54 30 52 36 28 9 35 55 63 27 34 37 13 31 45 48 64 4 12 15 59 58 5 10 6 49 46 14 29 11 25 2 40 62 23 
54 28 8 10 19 23 47 49 15 52 58 62 39 64 13 31 9 35 26 43 45 36 50 30 3 12 29 14 27 48 33 42 40 37 51 57 44 2 61 20 63 5 41 7 60 22 53 6 4 24 18 11 38 56 21 25 1 32 46 16 34 17 55 59 
45 26 43 31 62 25 22 58 1 56 20 28 50 46 48 40 37 10 55 23 12 15 60 13 41 5 51 53 39 61 24 19 11 54 38 59 6 32 14 4 47 34 35 57 42 8 2 49 27 7 63 29 16 17 36 33 30 3 18 64 9 52 44 21 
17 13 27 52 41 32 51 53 2 63 10 6 42 43 12 11 22 34 40 5 18 29 56 59 31 16 57 37 47 55 9 1 50 25 24 64 7 3 21 19 38 36 15 30 44 46 58 14 26 45 62 28 60 39 35 23 33 20 8 61 54 4 48 49 
37 11 63 38 46 5 30 24 33 22 16 3 32 36 59 44 7 2 57 51 49 8 14 27 56 20 34 10 26 21 4 28 39 53 18 13 29 23 15 41 61 50 17 55 40 25 62 19 64 31 48 1 9 52 12 54 47 42 43 35 60 58 6 45 
34 15 29 6 61 21 3 35 18 30 7 45 9 4 38 54 39 48 24 64 25 52 33 19 32 17 2 23 46 13 49 63 60 22 62 42 10 31 16 58 11 27 26 20 59 28 1 51 43 44 57 47 14 55 8 40 41 50 53 12 37 36 5 56 
2 3 28 1 23 17 29 5 34 12 38 48 44 13 54 4 47 50 9 55 53 7 41 62 40 37 33 46 30 25 31 26 19 43 61 21 39 42 20 59 58 52 8 56 27 36 24 63 10 64 49 18 6 14 57 60 32 22 16 45 15 35 11 51 
8 43 48 15 24 47 27 45 53 58 21 57 63 39 50 49 2 40 33 42 19 35 16 1 55 52 22 29 6 5 41 17 28 62 44 12 34 26 36 51 60 37 38 3 32 31 13 64 61 9 56 25 11 4 23 59 20 10 7 30 46 18 14 54 
22 59 26 14 42 30 61 55 27 8 11 56 6 18 19 45 36 5 54 10 51 44 43 31 34 64 24 39 12 60 47 48 63 9 29 41 3 46 7 25 4 15 20 49 50 21 57 28 16 35 1 32 17 37 38 62 2 52 40 33 53 23 13 58 
64 21 58 53 33 50 39 32 10 47 37 9 25 42 60 3 20 46 34 56 29 14 30 18 38 11 54 2 43 7 15 57 4 35 45 52 13 48 31 49 6 26 51 19 23 61 59 16 5 63 8 55 41 24 40 22 17 27 44 36 28 12 1 62 
60 35 31 51 57 40 11 7 46 32 36 33 14 62 2 52 63 64 23 24 28 45 4 12 59 49 61 8 13 20 53 58 54 16 15 55 30 18 10 38 39 22 34 5 47 29 17 1 21 26 42 19 50 27 44 3 43 41 48 6 56 9 37 25 
36 25 37 4 9 13 20 63 23 59 41 61 43 22 30 7 26 3 38 32 15 17 52 58 10 35 1 44 42 62 16 21 53 40 47 8 56 50 6 27 45 14 12 18 11 2 55 54 29 51 46 33 31 28 39 48 5 19 57 34 49 24 64 60 
19 16 56 46 52 6 54 62 20 31 26 5 1 17 40 35 49 25 21 60 59 37 27 22 14 4 9 63 51 3 28 18 23 24 2 32 58 64 11 57 43 41 44 48 10 42 30 33 13 15 45 7 36 34 53 12 55 38 61 50 39 47 29 8 
18 10 38 41 44 49 12 34 29 64 51 15 55 28 24 16 13 6 8 61 48 11 57 39 36 45 56 19 23 50 32 27 17 14 22 37 33 5 1 60 53 46 40 25 35 62 9 7 58 52 43 30 47 54 20 2 21 63 59 42 4 3 31 26 
20 55 3 43 6 15 14 57 41 16 50 64 34 33 9 46 60 39 45 52 37 40 8 2 47 42 25 54 24 30 5 23 44 49 31 62 22 27 56 28 17 61 36 38 21 58 48 11 63 13 35 10 26 51 18 32 7 12 4 59 1 53 19 29 
61 38 46 39 49 29 17 50 12 36 19 13 60 2 23 20 3 18 30 11 63 6 35 16 1 10 45 33 64 15 22 32 51 21 59 24 41 53 9 52 8 25 7 44 62 43 31 37 28 14 55 4 48 57 58 27 40 26 34 47 5 54 56 42 
53 4 12 35 22 19 63 48 28 55 31 40 61 15 25 58 62 27 5 7 36 42 46 54 60 9 20 18 2 37 56 14 3 45 26 34 38 16 32 17 49 1 6 50 51 59 39 13 24 43 29 44 23 11 33 47 64 8 52 10 30 41 21 57 
41 24 34 60 11 52 21 44 47 38 57 10 18 48 42 1 32 56 31 9 26 53 55 4 28 59 17 49 8 35 29 51 58 23 12 7 37 39 46 30 54 45 19 63 3 15 40 2 25 50 64 22 20 61 6 5 16 62 13 27 14 33 36 43 
9 58 16 30 64 18 13 23 32 27 62 39 8 49 52 21 59 24 51 1 57 25 44 15 4 7 11 34 63 12 40 50 35 47 36 43 5 14 54 29 55 33 53 41 26 20 42 10 37 38 31 17 3 60 19 56 45 61 6 28 48 22 46 2 
7 51 54 32 59 1 40 26 56 6 44 53 24 14 5 30 23 20 13 12 50 21 47 33 46 38 43 58 61 27 48 55 10 2 57 25 11 4 19 42 64 35 29 60 28 9 34 22 45 8 52 39 62 36 16 41 18 49 3 37 17 31 63 15 
56 27 45 5 10 36 2 31 3 4 63 37 7 54 43 22 14 28 49 38 64 58 29 17 16 21 19 62 41 26 39 13 61 1 6 50 48 55 33 8 24 12 30 47 57 18 52 32 46 40 9 15 42 53 59 34 60 51 25 20 44 11 23 35 
25 47 62 33 8 37 28 42 17 29 45 35 26 11 51 59 41 22 43 48 10 19 61 34 53 57 52 6 36 31 44 3 15 13 64 60 63 20 40 18 5 4 27 46 56 16 14 23 49 1 2 54 12 7 30 21 24 9 38 32 58 55 39 50 
43 34 51 17 25 46 50 41 8 13 33 47 30 6 57 39 58 53 19 37 60 32 48 45 5 29 44 61 31 4 20 2 9 3 11 18 15 12 38 62 28 54 21 14 55 63 7 42 36 56 27 16 1 22 10 24 23 59 64 40 26 49 35 52 
6 32 11 45 31 63 18 20 25 1 15 14 53 26 22 27 50 21 2 39 33 55 9 24 62 47 46 56 10 43 57 54 42 59 23 30 4 19 44 13 40 48 16 36 34 38 61 41 52 60 28 37 35 49 64 29 3 58 12 17 8 51 7 5 
58 39 61 56 28 57 33 47 35 60 9 59 54 34 45 10 17 16 27 36 7 49 12 44 50 25 13 24 22 64 21 40 52 31 5 20 32 29 2 37 23 53 1 8 4 6 51 30 48 42 26 63 18 3 11 55 19 46 41 14 43 62 15 38 
52 40 14 59 26 64 9 54 21 46 28 7 19 31 37 38 57 29 3 63 61 41 23 25 39 33 55 17 35 53 12 60 16 6 34 27 49 51 48 10 62 56 45 13 43 11 5 15 2 47 32 20 58 8 4 44 36 1 42 18 22 50 24 30 
23 53 49 22 35 44 8 12 36 61 29 51 41 56 4 5 6 30 18 40 43 1 10 14 27 19 42 15 48 52 45 9 64 57 60 47 26 54 17 39 25 2 24 32 46 37 3 58 7 34 13 50 33 59 62 38 28 11 55 21 63 16 20 31 
10 36 15 24 5 3 4 13 62 49 43 42 2 50 16 18 34 54 59 22 47 20 38 51 11 26 41 28 14 8 58 30 21 61 55 1 25 7 53 63 12 64 52 33 39 57 44 35 31 23 40 9 19 46 17 45 56 6 37 48 32 29 60 27 
16 2 60 19 48 27 38 37 24 40 55 58 64 3 44 32 15 26 52 62 5 31 42 11 63 18 23 1 7 49 36 34 33 46 14 28 35 8 22 56 10 47 9 29 20 17 50 59 39 12 41 51 21 30 43 6 13 45 54 57 61 25 4 53 
21 30 7 42 55 62 1 29 52 48 23 20 12 63 11 17 35 4 28 8 46 56 13 64 51 32 6 3 16 59 38 37 45 58 43 36 40 41 24 50 19 31 22 26 18 27 49 60 53 61 25 14 54 15 5 57 34 33 47 2 10 39 9 44 
31 44 25 58 38 60 49 43 16 33 56 1 46 57 55 12 18 41 35 45 24 62 32 28 21 30 27 50 5 2 34 15 37 20 7 9 61 52 63 23 14 11 39 22 64 47 10 36 54 3 17 42 53 13 26 8 4 40 19 51 29 48 59 6 
33 1 22 55 40 10 56 9 31 18 27 36 13 24 8 26 51 59 61 14 16 64 37 60 17 63 53 57 49 46 42 4 38 29 19 48 12 25 45 11 3 20 62 2 6 23 15 52 47 30 7 58 28 44 41 43 50 5 39 54 35 21 34 32 
35 61 17 13 27 54 36 8 59 25 42 23 45 21 63 29 30 11 7 20 3 10 1 56 6 55 28 41 37 9 51 47 34 39 58 14 60 43 49 44 46 40 5 4 31 26 12 57 32 18 38 48 52 19 24 50 22 64 15 62 16 2 53 33 
29 57 6 64 4 34 32 59 60 3 54 22 5 35 53 62 25 38 39 33 58 9 63 47 48 44 12 20 52 19 7 43 24 18 46 17 27 1 42 26 56 49 50 37 16 30 8 45 14 36 15 40 2 21 51 10 31 13 23 11 55 61 28 41 
47 37 30 12 14 42 19 51 64 15 32 34 10 7 17 2 54 52 48 44 4 23 21 40 8 31 3 60 25 16 62 39 5 55 35 22 28 13 50 36 1 24 58 61 33 53 41 9 6 11 59 27 45 29 46 49 63 18 56 43 57 38 26 20 
63 62 23 50 18 41 52 11 51 43 4 44 48 61 14 19 42 12 6 31 13 57 26 49 33 24 32 40 38 56 1 35 2 15 30 53 47 21 3 54 29 55 59 27 25 34 28 17 20 39 22 64 5 16 60 9 37 36 45 58 7 46 8 10 
5 46 24 7 15 20 48 21 50 39 40 49 28 47 58 37 53 8 17 29 27 34 2 36 13 22 14 45 54 11 26 10 6 64 41 33 51 59 62 16 32 18 43 42 63 19 35 38 1 4 61 56 57 23 55 31 44 25 9 52 3 60 30 12 
28 45 53 3 39 16 26 2 6 20 30 11 52 38 41 9 46 15 22 19 55 50 5 43 64 61 18 36 58 23 59 29 32 8 56 10 31 57 4 40 7 21 48 51 13 54 60 44 62 25 33 34 37 12 63 35 42 47 1 24 27 14 49 17 
27 49 18 62 7 38 5 16 54 57 2 43 11 32 36 8 48 63 37 35 17 59 51 29 25 23 39 12 28 44 64 31 22 52 4 56 20 45 34 61 26 30 14 24 15 40 6 21 3 10 60 13 46 50 9 42 53 55 58 41 33 19 47 1 
1 9 21 57 32 2 35 33 4 41 22 29 40 45 20 53 44 47 14 18 23 39 25 42 24 8 58 30 19 38 60 59 46 50 13 6 64 11 5 12 51 16 37 43 54 55 27 56 17 28 36 31 61 48 15 7 49 34 10 26 62 63 52 3 
30 41 4 47 3 28 45 19 26 24 1 12 35 51 64 23 11 31 36 49 52 33 7 5 20 46 21 43 34 42 54 53 48 27 8 58 62 38 57 15 9 29 10 59 61 44 18 25 22 16 14 2 55 63 32 37 6 60 17 13 50 56 40 39 
51 8 13 11 53 12 31 61 38 14 49 60 3 25 56 50 27 45 64 30 9 26 6 20 29 1 4 52 15 18 10 33 41 17 28 23 2 37 55 21 35 57 47 62 22 48 63 5 19 58 44 24 43 40 34 39 59 7 36 46 42 32 54 16 
40 56 64 29 37 39 43 17 13 10 5 52 15 58 18 63 1 55 12 46 22 24 54 21 9 36 26 27 62 45 14 6 49 33 42 16 19 44 60 32 50 8 11 34 7 41 38 3 59 57 30 35 51 47 25 53 61 48 20 23 31 28 2 4 
14 23 50 25 34 55 6 46 7 28 48 17 33 16 31 61 8 43 32 2 56 60 58 10 35 51 63 47 3 41 13 22 59 36 40 29 24 9 26 1 42 19 64 53 45 39 20 4 12 27 5 38 49 62 54 52 11 30 21 15 18 44 57 37 
15 63 10 26 20 59 58 52 55 19 47 21 37 44 46 42 16 13 50 41 62 4 34 38 49 40 5 48 56 57 17 61 30 7 54 51 53 35 39 3 2 28 32 1 12 60 36 31 23 33 11 6 29 18 45 64 9 14 24 8 25 43 27 22 
24 54 44 48 60 22 42 36 9 62 6 27 59 30 39 34 61 19 15 57 40 28 3 53 37 2 16 7 50 32 55 11 14 63 25 31 18 10 47 43 13 17 49 23 58 52 33 46 56 20 21 8 4 41 1 26 38 35 29 5 12 45 51 64 
46 19 1 18 13 53 15 64 63 45 59 38 36 52 21 25 56 49 4 47 20 3 11 32 12 62 10 9 33 22 43 7 31 42 50 44 14 17 28 2 34 6 55 58 30 5 23 39 60 41 54 57 24 26 27 16 48 37 35 29 51 8 61 40 
59 48 41 63 58 26 44 22 5 34 53 32 17 20 33 64 45 37 46 54 14 27 39 57 18 6 49 31 40 47 23 8 25 60 10 19 43 62 30 35 15 38 2 9 36 1 11 61 55 29 51 52 56 42 50 13 12 16 28 4 21 7 3 24 
39 17 36 16 29 35 60 27 22 26 61 2 4 23 49 14 5 42 58 53 38 18 40 7 45 28 30 13 55 51 37 56 20 11 1 3 21 34 41 24 59 43 63 64 8 33 54 50 9 6 12 46 44 25 48 15 57 31 62 19 52 10 32 47 
49 14 52 20 47 43 55 40 30 9 13 31 62 10 28 51 29 23 25 15 6 63 59 50 54 39 36 4 60 34 27 41 57 48 37 26 16 22 58 64 44 7 42 12 19 56 21 24 18 32 3 45 8 35 61 1 46 2 33 53 38 5 17 11 
11 7 42 28 45 24 34 38 58 37 18 19 47 8 15 57 31 33 60 21 44 12 64 48 52 3 50 59 32 29 25 46 55 51 39 61 54 56 23 9 20 62 13 35 17 14 16 26 40 49 10 53 22 5 2 4 27 43 30 63 6 1 41 36 
50 33 5 2 51 56 23 3 40 42 46 41 27 1 6 60 55 61 10 13 34 30 24 26 57 15 35 21 17 58 19 16 12 38 63 49 8 36 52 7 48 32 18 31 29 4 45 53 11 62 47 43 39 64 37 28 54 44 22 9 20 59 25 14 
62 6 32 9 12 8 37 30 43 11 3 54 56 29 7 55 19 36 1 16 35 2 22 52 26 14 48 42 44 24 61 5 13 4 27 15 45 40 59 53 57 10 46 28 41 51 25 47 38 21 20 23 63 33 31 17 58 39 60 49 64 34 50 18 
4 31 57 21 54 61 25 10 39 44 24 50 16 12 35 48 43 9 62 17 8 51 28 41 2 53 64 11 20 1 63 38 29 32 33 5 46 6 18 47 52 60 3 40 37 49 22 27 30 19 34 59 7 58 14 36 15 23 26 56 45 13 42 55 
57 64 33 54 30 11 62 6 48 5 8 18 20 41 1 28 40 51 44 50 2 13 45 9 61 27 59 55 53 10 52 12 47 56 3 39 23 58 29 22 36 63 60 17 38 35 46 43 34 37 4 21 32 31 42 14 25 15 49 7 24 26 16 19 
44 18 20 8 50 58 10 60 14 35 17 30 49 40 47 43 38 1 56 59 32 61 31 3 19 54 7 51 4 39 2 62 26 41 21 63 36 24 25 6 22 42 28 15 9 13 64 34 57 46 16 12 27 45 52 11 29 53 5 55 23 37 33 48 
13 5 40 34 63 51 16 56 19 7 52 24 57 59 27 15 10 60 53 28 11 46 17 35 58 43 31 32 1 36 6 45 62 44 49 54 42 33 37 55 30 3 25 21 14 12 47 8 50 48 23 26 64 38 29 61 39 4 2 22 41 20 18 9 
32 29 2 37 43 14 24 15 44 50 34 26 23 55 3 56 52 62 41 25 42 16 36 8 22 48 47 38 21 28 18 49 27 12 53 40 57 61 64 46 31 51 4 10 5 45 19 20 33 54 39 60 59 9 7 30 35 17 63 1 11 6 58 13 
48 52 35 49 1 7 46 25 42 21 39 4 31 53 32 33 12 58 20 26 54 22 15 37 23 41 8 5 9 17 3 64 18 34 16 11 59 60 43 14 27 44 57 6 2 24 29 40 51 55 19 36 13 10 28 63 62 56 50 38 47 30 45 61 
3 42 19 61 36 45 53 4 11 54 12 16 22 60 62 13 64 57 63 34 30 5 49 6 15 56 37 25 29 14 50 20 7 10 52 38 9 28 35 48 18 23 33 39 1 32 26 55 8 17 24 41 40 2 47 58 51 21 31 44 59 27 43 46 
38 22 47 23 21 9 41 28 45 2 64 63 58 37 10 6 24 7 29 27 39 43 18 55 30 13 40 26 57 33 46 44 8 19 32 4 17 15 51 31 16 59 61 11 49 50 56 48 35 5 53 62 25 1 3 20 52 54 14 60 36 42 12 34 
26 12 55 27 17 31 59 39 61 51 25 46 38 9 29 36 33 14 47 4 21 48 19 23 42 34 60 16 11 63 35 24 1 5 20 2 50 30 13 45 41 58 54 52 53 7 37 62 44 22 6 49 15 43 56 18 8 57 32 3 40 64 10 28 
################proper############## 

 average_time = 18.892189 

 success runs = 1 

 total average iters = 601122.000000 
