Success!!! 
 
 max_col = 
 64 
 
 run_time = 
 12.264146 
 
 once iters = 
 217888 
 
50 58 19 42 62 8 26 21 20 57 4 53 46 25 15 47 45 9 59 34 37 7 30 17 28 3 49 10 18 64 13 27 14 56 5 63 11 48 36 39 43 6 2 38 41 23 33 55 35 31 22 12 54 1 32 29 16 40 60 24 61 52 51 44 
60 12 57 18 13 22 37 52 64 48 59 61 19 32 49 23 20 27 5 25 21 62 39 16 31 51 47 2 40 46 29 6 55 4 34 26 50 43 7 41 54 14 44 42 53 58 28 10 36 8 38 24 45 9 33 30 15 56 11 1 63 35 17 3 
20 28 24 63 4 53 6 43 50 39 10 12 62 8 29 1 22 3 40 42 26 57 38 19 56 35 44 9 32 55 21 41 15 46 31 16 59 60 51 54 45 61 5 18 36 52 27 49 58 23 2 14 25 11 17 47 37 34 7 13 33 48 64 30 
54 55 64 38 17 2 36 14 24 5 43 40 51 9 33 21 23 12 61 1 28 11 49 32 20 57 22 60 48 52 34 45 35 27 29 42 58 13 30 53 47 62 63 7 37 3 56 16 19 15 18 46 44 10 4 26 8 31 50 25 59 39 6 41 
44 45 41 34 10 61 23 7 36 13 3 42 22 18 11 60 63 51 52 24 31 14 48 53 43 58 33 19 50 15 16 25 9 17 38 2 28 20 8 57 12 35 4 30 46 39 1 64 37 6 59 40 49 55 56 62 47 21 32 29 26 5 54 27 
27 15 31 11 16 40 29 49 17 58 2 34 37 45 14 63 36 44 50 6 33 18 35 56 42 38 39 54 5 1 59 30 23 12 19 10 24 64 47 52 8 25 26 32 9 51 48 13 60 3 57 61 41 7 21 20 28 4 55 53 22 62 46 43 
35 48 59 3 30 33 51 25 41 31 56 7 16 55 54 26 15 29 10 47 13 46 4 43 14 8 36 63 53 61 23 24 22 49 1 6 32 62 37 44 20 21 19 17 11 60 34 40 42 28 39 5 52 50 27 64 2 57 18 58 12 45 38 9 
56 9 32 5 39 47 46 1 28 44 27 35 6 52 30 38 55 54 2 58 41 60 64 8 7 4 17 62 12 37 11 26 3 40 18 21 61 25 33 45 22 59 29 31 15 24 57 50 51 13 48 16 34 53 63 43 20 49 36 19 10 14 42 23 
26 10 11 48 21 1 59 6 2 43 18 64 9 56 22 58 38 35 13 37 3 12 20 47 63 40 46 52 28 60 24 17 25 41 54 53 62 42 34 29 5 50 55 33 23 57 14 27 32 7 31 19 61 49 44 36 30 51 45 4 15 16 8 39 
24 30 36 28 50 44 45 38 1 29 48 16 40 33 20 62 8 31 63 51 27 2 11 52 23 37 61 42 22 49 39 59 19 7 57 43 15 35 18 64 6 34 10 56 12 41 25 32 17 46 54 3 5 47 53 4 9 55 21 26 60 58 14 13 
40 3 58 46 56 13 42 61 8 63 24 60 49 6 38 41 4 25 29 44 5 64 53 14 35 43 12 1 54 27 45 33 48 50 59 36 51 17 28 21 39 15 62 20 30 7 9 2 26 18 11 55 23 22 10 16 57 47 52 31 37 19 34 32 
34 51 22 29 57 19 17 64 23 59 5 52 14 27 36 55 16 62 26 32 48 39 58 21 4 11 56 15 2 20 25 47 40 60 24 3 33 12 1 31 61 28 13 43 44 8 49 18 6 9 50 37 30 63 45 38 53 7 10 54 46 41 35 42 
23 41 12 31 55 27 7 60 30 25 26 21 32 19 44 53 1 17 46 18 50 45 56 15 34 14 13 6 3 9 57 36 4 61 10 49 8 5 16 37 38 54 35 40 51 59 47 63 64 58 28 42 29 39 48 52 43 62 2 11 24 33 20 22 
5 35 4 32 63 16 49 62 51 15 11 54 50 10 37 45 59 33 55 57 43 36 23 24 29 21 53 41 30 58 8 7 39 2 6 22 13 9 52 47 26 46 42 3 48 31 17 19 40 27 12 56 14 60 20 34 64 38 61 18 28 25 44 1 
9 14 43 39 33 18 54 47 31 35 34 13 12 57 46 42 49 30 41 10 60 61 28 7 19 26 5 48 51 44 55 32 38 45 11 56 27 23 63 20 37 52 58 4 22 16 64 53 62 25 24 21 8 2 1 15 6 29 3 17 40 50 36 59 
37 52 2 25 53 20 8 15 3 61 28 39 47 7 17 4 19 40 54 9 6 22 42 34 50 31 64 18 10 16 62 38 44 58 46 14 30 26 55 32 1 11 21 24 29 45 36 60 13 33 41 57 43 51 59 35 5 12 49 63 56 27 23 48 
17 36 14 56 41 64 40 3 47 21 55 2 30 51 32 54 52 43 18 22 23 58 25 29 12 15 11 53 44 26 60 61 63 37 8 39 5 49 13 48 24 38 16 1 28 42 6 57 9 4 27 31 20 62 7 50 35 59 46 45 19 34 33 10 
58 6 51 23 19 57 47 55 43 3 50 5 28 49 52 8 46 56 4 26 30 10 9 63 45 13 1 39 64 41 54 62 33 42 7 40 35 59 31 27 21 2 14 37 34 17 15 20 29 24 61 32 16 12 38 53 60 36 44 48 25 22 18 11 
2 31 30 44 24 52 50 33 9 62 35 36 11 26 12 13 40 45 64 59 14 20 47 42 27 48 58 34 57 19 17 8 16 15 51 32 21 4 61 60 10 18 46 41 25 53 3 39 54 37 1 28 22 5 43 55 29 63 56 23 7 6 49 38 
12 43 48 4 54 63 27 8 7 46 16 59 1 14 45 56 24 49 15 61 35 55 21 38 51 6 9 30 42 5 31 20 2 26 22 25 41 3 17 34 29 33 60 13 19 11 44 62 18 64 36 23 10 58 52 57 40 50 37 32 39 47 28 53 
59 20 15 16 29 46 60 22 4 33 19 24 53 34 41 18 50 36 28 3 12 32 37 48 25 63 55 49 43 56 14 10 58 38 45 64 57 11 54 6 30 51 23 27 5 35 7 61 21 47 26 17 40 44 13 39 62 2 9 52 42 31 1 8 
45 21 34 1 32 28 11 53 57 38 61 6 17 20 48 15 5 60 7 39 19 44 33 27 59 29 35 37 52 36 18 3 62 55 47 9 23 50 56 10 49 58 31 26 4 40 12 22 41 2 63 25 51 8 46 42 14 64 24 16 30 43 13 54 
10 49 61 7 5 38 25 13 63 40 22 37 23 44 42 39 31 34 1 11 8 53 51 62 33 24 50 21 16 4 47 2 30 36 43 18 46 29 20 28 55 9 52 59 64 54 32 45 3 56 60 6 35 14 19 48 41 58 26 57 27 17 12 15 
42 37 26 62 9 39 18 35 60 64 29 10 25 58 27 31 2 41 16 17 57 6 13 54 46 7 28 40 23 38 32 22 52 53 12 1 19 14 44 24 48 43 56 50 8 36 63 47 30 34 33 11 59 15 49 45 51 3 20 5 4 61 21 55 
39 25 53 51 44 9 31 4 49 8 40 15 55 2 18 32 3 48 20 52 38 33 14 61 36 56 57 43 17 42 46 19 26 6 21 37 10 63 60 5 50 23 24 28 54 62 59 34 47 12 30 1 27 29 58 41 22 11 35 7 13 64 45 16 
29 19 3 6 26 14 61 11 33 37 38 23 57 13 34 64 32 50 22 21 25 1 36 44 41 5 48 59 47 63 27 35 17 31 55 20 42 53 62 56 58 30 45 46 10 15 51 12 16 39 7 43 28 18 54 24 52 60 4 40 2 8 9 49 
22 13 63 40 58 48 43 12 56 53 62 17 42 28 35 19 47 46 27 31 16 8 54 49 21 10 37 50 9 32 4 60 59 1 15 45 29 18 39 23 36 41 57 11 7 33 55 3 44 52 64 20 2 61 14 5 34 25 6 30 38 24 26 51 
46 16 23 52 36 7 35 34 10 22 9 20 45 48 5 12 37 6 42 62 64 59 41 26 3 49 30 33 58 18 61 11 32 54 2 24 40 44 50 4 25 39 53 29 1 47 43 17 56 60 13 38 63 31 51 8 19 15 27 28 55 21 57 14 
30 59 60 21 27 32 41 2 54 36 31 25 58 61 50 7 13 28 39 29 15 24 43 23 16 62 38 64 45 53 44 12 51 8 14 47 34 57 11 3 52 22 49 35 56 48 20 9 4 42 40 26 46 19 55 6 33 10 1 37 17 63 5 18 
55 33 56 20 49 54 1 42 16 52 30 3 24 47 43 51 10 4 34 35 45 5 57 58 8 2 31 14 39 6 28 15 41 25 13 27 38 7 64 12 60 40 61 19 63 44 18 26 22 59 32 9 21 37 11 17 48 53 62 46 29 23 50 36 
64 24 50 47 28 5 38 37 6 26 63 44 59 1 60 29 17 53 12 56 11 30 18 2 40 34 51 20 25 22 7 55 49 52 48 46 36 19 35 9 27 4 8 16 14 32 13 21 15 45 10 62 3 57 23 33 54 41 31 61 43 42 39 58 
57 8 17 10 15 45 62 18 27 41 21 11 39 46 4 14 9 19 51 7 63 40 60 55 13 54 23 26 1 24 52 29 43 22 28 30 16 61 58 33 31 37 64 2 42 5 38 6 53 49 35 50 36 48 34 25 3 44 59 47 20 56 32 12 
41 32 37 55 51 15 22 26 39 16 7 14 35 60 25 57 11 42 30 38 62 27 31 5 49 44 45 12 34 8 48 9 53 10 20 29 4 2 3 63 40 1 33 21 6 13 19 28 50 43 52 58 18 56 36 54 46 61 47 64 23 59 24 17 
25 5 42 60 64 12 58 20 44 45 17 30 54 37 40 11 51 61 21 23 34 35 50 36 53 1 10 22 63 33 3 14 31 62 41 38 43 27 24 16 57 56 18 15 52 2 46 4 8 29 9 59 55 13 47 7 39 48 28 6 32 49 19 26 
63 23 46 49 47 31 33 50 22 12 36 51 41 38 1 3 6 57 8 16 18 56 19 64 37 60 20 27 55 59 58 54 34 32 17 52 44 28 40 15 7 29 48 45 39 9 26 11 24 61 14 10 62 42 35 21 13 5 30 43 53 4 25 2 
7 11 13 54 61 4 44 29 62 56 42 48 15 23 24 43 14 10 47 28 49 25 2 33 26 52 19 51 6 39 64 57 46 30 9 12 18 45 21 59 34 27 3 36 32 38 5 58 31 17 37 53 60 40 41 63 55 1 16 35 8 20 22 50 
28 38 62 45 35 30 16 24 59 10 13 19 18 4 26 20 39 15 53 48 9 3 52 12 61 41 43 32 7 17 50 5 57 64 60 54 47 8 25 36 44 55 51 14 49 63 42 37 11 22 46 2 33 23 6 1 56 27 58 21 34 40 29 31 
14 56 39 8 2 43 19 57 32 34 33 28 29 53 9 50 41 59 58 60 17 4 55 40 11 30 21 35 24 62 36 46 6 13 42 5 7 1 23 22 64 31 25 12 47 61 10 54 20 26 49 27 48 3 16 51 63 45 38 44 18 37 15 52 
52 18 9 17 34 36 48 59 55 2 6 46 61 21 8 27 54 24 32 63 44 13 1 20 47 23 25 31 4 29 40 42 37 39 58 35 14 56 26 49 16 60 50 22 62 30 53 43 28 38 19 64 15 45 5 12 11 33 41 10 57 51 3 7 
3 27 1 53 6 10 21 40 5 47 52 58 31 64 63 49 26 7 37 45 46 43 29 22 38 28 18 16 15 13 2 56 50 51 33 11 48 55 19 61 17 24 59 23 35 20 41 8 39 57 4 30 32 34 25 44 36 42 54 12 14 9 62 60 
38 62 18 50 45 17 30 28 46 14 20 55 33 40 47 44 60 63 36 27 51 48 34 57 1 32 42 4 35 7 6 49 5 19 26 61 64 58 43 11 56 3 15 53 24 22 21 59 12 10 23 8 13 52 9 31 25 54 39 41 16 29 2 37 
16 54 47 43 22 11 24 63 37 9 15 41 10 3 53 52 58 8 17 12 7 21 6 39 55 45 26 25 61 57 5 34 56 28 36 51 2 46 48 50 13 20 40 60 31 1 4 44 14 35 29 49 19 27 30 18 38 23 33 42 62 32 59 64 
33 1 44 37 48 3 64 10 11 7 45 8 26 62 19 34 35 5 14 53 2 50 61 31 60 59 16 13 46 28 43 23 24 9 40 15 55 21 29 17 41 57 30 54 27 18 39 38 25 36 56 63 47 20 42 32 4 22 51 49 52 12 58 6 
6 26 8 19 52 55 57 23 18 24 12 43 36 50 61 48 64 20 11 41 42 9 32 46 44 27 15 38 21 30 22 51 54 14 16 59 37 39 4 25 62 63 47 34 2 49 58 29 33 53 45 7 17 28 3 40 1 13 5 60 35 10 31 56 
53 42 35 61 31 51 2 5 58 27 23 4 60 30 21 25 33 13 38 49 10 15 59 1 18 39 29 36 56 40 41 64 20 47 32 44 12 34 45 8 14 16 7 48 55 26 37 52 57 62 43 22 6 54 24 46 17 28 63 50 9 3 11 19 
49 29 7 13 40 21 14 9 35 1 54 38 56 59 31 2 25 16 44 43 4 26 62 18 10 12 63 47 33 3 19 50 27 57 53 23 22 52 41 42 46 32 28 8 17 6 11 36 5 48 51 60 39 64 37 58 24 20 34 55 45 15 30 61 
4 39 25 58 46 34 12 27 29 49 57 32 13 17 64 28 56 52 23 19 22 47 40 3 2 20 8 24 11 54 37 53 1 63 62 60 31 33 6 30 35 5 9 51 45 10 61 42 38 55 16 44 50 41 15 59 18 26 43 14 36 7 48 21 
15 60 20 36 59 41 32 56 42 51 39 22 5 63 6 16 29 55 24 30 54 37 45 28 62 17 52 58 31 14 9 48 18 35 49 13 3 38 10 7 33 19 12 64 43 25 50 23 61 1 21 34 4 26 2 11 27 46 57 8 47 44 53 40 
32 44 10 9 60 37 39 46 45 20 53 62 7 11 57 61 12 1 6 13 36 42 5 51 52 55 59 28 29 23 35 58 47 18 30 48 56 22 38 14 63 49 43 25 33 50 40 24 34 41 17 15 31 21 8 2 26 16 19 3 64 54 27 4 
47 2 38 30 7 50 5 48 19 4 58 26 43 35 51 33 21 11 9 8 32 31 46 10 24 18 54 44 60 12 49 37 13 23 52 62 53 16 15 40 3 64 20 6 59 34 29 1 45 14 25 39 56 36 57 27 61 17 42 22 41 28 55 63 
1 22 21 27 14 58 28 51 52 54 37 18 63 39 10 24 44 38 25 64 59 29 26 50 48 9 40 3 20 47 30 4 12 33 61 17 6 36 32 55 15 8 41 5 60 19 23 7 46 16 42 13 11 35 62 49 45 43 53 2 31 57 56 34 
61 4 29 15 23 6 63 31 12 50 25 56 38 41 16 9 30 39 57 20 47 28 24 35 64 36 7 17 26 10 53 13 11 3 27 34 49 51 59 19 2 42 22 55 18 21 45 14 43 54 58 33 1 32 60 37 44 8 40 62 48 46 52 5 
36 17 54 33 3 35 53 16 40 23 64 47 8 5 55 6 61 18 49 15 56 63 22 41 57 46 34 45 38 2 1 43 60 29 4 50 25 24 42 26 11 10 27 62 58 37 31 51 48 19 44 52 9 30 12 28 32 39 14 59 21 13 7 20 
11 64 49 12 43 24 13 45 34 17 44 29 21 31 59 22 27 14 48 55 52 19 7 4 15 16 41 61 62 50 42 39 28 20 35 8 54 37 5 2 53 36 32 57 38 56 30 46 23 63 47 18 26 6 40 3 58 9 25 51 1 60 10 33 
62 57 40 59 18 25 56 41 14 42 60 27 3 36 2 30 34 37 43 54 53 23 17 45 6 19 32 5 8 21 33 63 10 44 64 58 9 31 46 1 28 26 39 52 13 12 16 48 7 20 55 51 24 4 61 22 49 35 15 38 50 11 47 29 
8 34 55 26 20 42 52 19 13 32 49 1 48 15 28 46 62 2 33 40 58 16 3 60 22 25 27 11 14 51 56 31 45 21 63 7 39 41 57 43 9 47 17 44 61 4 54 35 59 5 53 29 64 38 50 10 23 18 12 36 6 30 37 24 
19 61 27 57 37 26 15 39 53 30 41 49 2 29 58 40 7 32 45 33 20 54 63 11 17 22 62 55 59 43 12 18 8 5 44 4 52 10 14 38 51 48 34 9 16 28 35 31 1 50 6 47 42 25 64 13 21 24 23 56 3 36 60 46 
18 50 52 2 8 56 55 17 48 19 51 9 20 16 7 59 28 58 3 4 1 38 15 6 32 61 60 46 13 35 10 44 21 34 23 31 45 30 27 62 42 53 36 47 40 64 24 33 63 11 5 54 57 43 29 14 12 37 22 39 49 26 41 25 
13 40 5 24 42 23 10 36 38 11 32 50 27 12 62 37 57 22 31 46 61 51 8 30 54 47 14 29 49 48 20 28 7 43 56 41 26 6 9 18 4 17 1 63 3 55 60 25 2 21 15 35 58 33 39 19 59 52 64 34 44 53 16 45 
31 63 28 41 12 49 34 54 26 6 1 45 64 22 39 35 42 21 19 14 24 17 16 37 30 33 4 56 27 25 15 40 36 59 50 55 60 47 53 58 23 13 11 61 57 29 52 5 10 44 3 48 38 46 18 9 7 32 8 20 51 2 43 62 
43 47 33 22 38 62 20 44 15 55 14 57 34 42 23 17 48 26 56 5 29 52 10 25 39 64 6 7 36 11 51 1 61 16 3 28 63 32 12 46 59 45 37 58 21 27 2 41 49 30 8 4 53 24 31 60 50 19 13 9 54 18 40 35 
48 46 45 14 25 60 4 58 21 18 47 31 52 54 13 5 53 23 35 36 39 49 44 59 9 50 3 57 19 34 63 16 64 24 37 33 20 15 2 51 32 12 38 10 26 43 8 30 55 40 62 41 7 17 22 56 42 6 29 27 11 1 61 28 
21 53 6 35 1 59 3 32 61 60 46 63 44 43 56 10 18 64 62 2 55 34 12 9 58 42 24 8 41 45 26 52 29 11 25 57 17 40 49 13 19 7 54 39 50 14 22 15 27 51 20 36 37 16 28 23 31 30 48 33 5 38 4 47 
51 7 16 64 11 29 9 30 25 28 8 33 4 24 3 36 43 47 60 50 40 41 27 13 5 53 2 23 37 31 38 21 42 48 39 19 1 54 22 35 18 44 6 49 20 46 62 56 52 32 34 45 12 59 26 61 10 14 17 15 58 55 63 57 
################proper############## 

 average_time = 12.264146 

 success runs = 1 

 total average iters = 217888.000000 
