Success!!! 
 
 max_col = 
 64 
 
 run_time = 
 22.220737 
 
 once iters = 
 630020 
 
27 5 60 22 25 61 53 30 18 19 8 44 1 24 42 47 15 35 45 54 39 20 29 2 41 37 46 33 43 64 16 11 51 49 13 3 26 14 56 23 21 40 7 10 36 58 59 57 32 63 31 28 6 62 17 55 38 9 52 4 34 50 12 48 
16 4 18 23 12 56 58 47 27 6 51 59 13 3 9 36 48 32 10 11 38 50 7 63 55 26 21 22 61 53 62 57 28 39 5 1 37 2 45 35 15 34 46 17 44 30 42 19 64 43 54 20 52 29 33 60 24 40 25 49 41 8 14 31 
50 57 19 35 51 31 29 33 12 62 39 11 14 16 20 63 59 55 6 26 37 4 17 44 28 25 5 13 9 30 48 15 24 38 40 61 58 7 27 52 60 8 45 18 64 47 22 32 1 34 49 56 36 53 46 41 43 23 10 3 42 54 21 2 
52 28 64 8 48 55 24 2 10 33 37 45 25 17 49 46 23 36 43 1 60 13 62 42 32 50 51 58 44 27 19 63 57 29 9 47 59 54 34 41 61 31 4 6 14 26 35 16 3 5 22 12 21 11 40 38 7 53 39 30 18 15 20 56 
10 59 20 15 13 34 36 26 61 43 52 23 31 32 21 48 40 14 22 3 12 8 47 28 49 56 24 29 7 45 17 60 4 25 44 30 42 11 62 46 1 50 53 33 41 38 54 51 57 9 35 39 19 58 2 18 64 16 6 27 63 55 37 5 
40 6 7 43 44 41 14 17 5 53 30 58 4 34 54 38 27 57 49 18 56 19 61 24 42 52 23 2 47 8 12 39 55 50 64 16 36 21 22 31 9 62 48 3 20 29 11 63 13 10 59 25 26 15 37 51 60 32 33 35 28 45 46 1 
1 62 32 38 46 37 21 11 15 35 28 41 55 50 40 64 53 58 33 52 9 51 25 30 31 36 4 18 34 3 54 14 10 6 63 20 60 8 17 19 12 5 13 49 56 43 2 39 23 24 7 16 48 27 45 42 59 29 57 61 26 22 47 44 
9 49 42 63 54 39 45 3 7 29 2 57 60 26 22 56 41 64 16 21 5 46 34 31 35 10 20 1 40 6 59 38 33 53 12 48 32 18 15 43 23 27 25 55 24 52 37 28 14 61 50 4 44 30 8 47 58 36 19 62 51 17 13 11 
62 43 27 12 60 4 49 44 11 14 31 3 63 38 16 15 46 7 2 37 23 5 56 21 50 42 39 32 55 61 29 17 52 10 20 64 51 24 33 47 58 45 6 54 25 28 48 40 30 36 34 35 59 8 1 9 19 18 13 53 57 41 26 22 
22 58 53 51 31 8 55 64 24 32 21 26 40 48 13 4 35 33 30 47 27 62 28 34 12 20 9 10 46 18 52 37 43 3 36 2 23 50 1 60 56 42 19 11 5 15 44 49 45 54 17 57 39 6 41 63 61 7 14 25 16 38 29 59 
33 2 24 25 52 54 38 37 57 49 17 12 8 10 59 58 18 20 3 53 16 26 4 22 5 6 27 51 31 7 11 30 63 55 61 45 21 56 13 39 29 41 36 50 35 32 14 23 15 47 28 48 60 64 43 19 40 44 42 46 9 1 34 62 
14 18 48 7 28 57 9 50 53 34 47 1 43 54 62 6 42 29 25 51 52 36 60 41 44 45 15 63 8 4 3 13 17 11 19 59 38 37 5 22 64 39 33 16 31 46 26 30 58 49 27 40 55 2 61 56 21 24 35 20 32 23 10 12 
20 40 56 42 32 26 15 6 30 2 23 29 51 64 46 50 63 1 31 24 49 11 48 17 19 33 36 59 16 41 53 58 44 14 27 8 18 62 35 7 43 21 9 13 38 57 61 34 22 12 3 37 4 10 52 25 45 28 60 54 39 5 55 47 
46 45 63 17 35 5 10 1 44 9 36 19 22 25 41 27 14 12 57 39 61 43 58 15 24 34 38 49 28 21 26 2 40 32 30 6 16 31 54 48 53 52 62 59 4 60 47 55 33 7 20 42 23 18 29 13 56 64 8 11 37 3 51 50 
30 36 39 41 59 47 3 23 33 55 60 61 42 5 56 20 9 10 38 13 19 45 32 50 40 22 54 35 64 25 1 48 29 26 57 53 34 58 28 15 7 18 2 63 8 12 24 37 21 44 14 11 46 16 51 62 6 49 4 17 52 31 27 43 
13 34 29 11 61 19 16 21 37 7 35 39 45 52 28 18 55 8 44 64 59 6 40 54 47 60 14 62 23 57 56 43 12 42 4 41 46 9 25 49 20 51 3 27 1 22 10 17 31 53 38 26 5 32 24 50 33 15 58 63 48 2 36 30 
8 15 54 14 57 10 63 29 23 39 40 7 56 59 5 28 37 60 36 50 21 53 9 47 30 46 13 48 32 52 42 27 49 1 22 11 43 51 6 4 26 64 31 2 34 44 16 33 20 38 55 41 35 19 12 45 3 25 24 18 58 62 61 17 
34 1 62 28 3 22 41 19 36 64 9 47 35 63 45 32 38 39 29 14 15 58 10 49 56 17 40 37 54 44 6 24 26 8 48 13 55 20 12 18 46 61 43 57 42 11 23 50 5 25 2 53 7 21 60 16 51 4 30 31 27 59 33 52 
48 24 25 26 2 12 47 35 16 58 44 46 6 33 15 37 43 56 8 59 31 52 11 18 51 55 41 61 36 20 4 3 21 23 60 17 5 10 9 64 30 7 14 1 63 54 29 53 49 50 40 13 62 22 32 27 28 57 38 34 45 42 39 19 
21 56 9 60 45 51 30 27 34 54 19 13 20 11 1 43 12 5 63 62 42 33 55 48 26 49 57 38 29 2 25 64 41 37 58 7 61 16 39 3 6 32 10 15 52 8 40 4 36 18 24 31 17 28 59 46 23 22 44 50 53 47 35 14 
11 44 37 39 49 43 50 42 62 4 12 48 3 31 55 10 61 17 32 25 7 28 35 46 16 21 47 45 58 14 9 33 53 52 56 40 27 34 63 30 18 22 38 60 19 24 5 59 26 51 57 6 8 54 64 23 29 13 2 15 1 20 41 36 
6 33 52 46 18 17 23 55 26 57 29 53 41 42 8 49 34 13 54 27 4 2 16 19 7 31 59 5 22 50 60 1 38 24 15 14 62 35 44 28 25 36 39 12 58 45 51 20 48 11 10 43 30 47 3 61 63 56 64 40 21 9 32 37 
4 16 58 36 53 32 20 7 17 24 38 52 61 60 25 30 1 40 26 57 6 64 22 51 8 19 35 23 11 62 18 34 59 47 45 31 2 42 50 33 41 49 28 9 3 27 21 13 44 39 29 15 37 56 63 14 54 43 5 55 10 12 48 46 
5 61 13 31 64 59 40 38 2 18 14 50 21 27 51 22 44 3 24 41 45 23 30 20 39 12 28 43 63 10 15 53 32 19 29 46 54 36 57 25 48 37 47 35 62 17 55 56 4 42 1 9 33 52 34 58 8 6 11 26 49 16 7 60 
44 39 34 52 43 23 4 36 25 22 20 56 5 45 61 51 13 24 55 63 48 1 3 8 53 14 30 12 57 33 49 40 18 15 11 28 41 26 60 42 31 38 21 62 59 19 7 35 29 46 16 32 54 50 58 2 10 37 47 9 6 27 17 64 
63 53 15 57 41 33 56 25 8 38 11 62 23 9 43 14 32 4 60 44 17 7 19 35 6 24 31 52 21 37 64 54 30 45 10 58 29 46 47 13 5 20 50 42 16 34 28 36 61 3 48 27 18 1 22 40 26 2 12 39 59 51 49 55 
54 8 47 59 21 14 2 46 49 60 24 18 27 30 12 34 22 11 42 15 53 37 51 26 1 39 50 16 25 17 38 62 19 57 3 44 35 61 55 5 32 6 63 64 48 10 9 29 7 52 23 33 43 20 28 4 31 41 40 56 13 36 58 45 
64 13 3 49 40 11 6 48 50 17 42 15 53 39 19 29 57 41 58 10 20 14 46 5 4 18 32 27 60 47 35 36 1 31 34 51 7 25 59 62 2 44 61 22 45 23 33 12 9 37 56 55 63 38 26 24 16 8 21 52 30 43 54 28 
29 7 35 62 9 45 51 24 55 48 13 36 47 58 2 41 16 61 59 34 18 30 6 12 10 23 63 26 19 56 46 28 54 43 17 32 20 64 14 53 39 60 52 37 40 4 27 25 11 15 5 21 42 31 49 8 57 50 3 1 22 33 44 38 
60 50 30 10 27 1 31 22 52 59 7 40 37 28 3 35 36 38 62 49 29 54 43 33 45 58 61 20 13 9 55 44 56 16 21 23 8 4 2 12 57 15 24 26 47 14 17 18 25 41 19 51 53 39 6 64 42 46 34 48 5 32 11 63 
55 37 5 32 26 58 61 12 6 16 57 63 33 21 64 54 25 45 50 23 28 31 27 9 15 7 29 8 51 11 2 42 39 48 52 36 49 22 40 38 3 46 30 56 43 13 41 1 10 14 47 59 34 35 44 17 62 20 18 19 4 53 60 24 
28 42 17 19 20 38 18 16 4 10 1 32 46 44 26 31 2 47 52 56 40 21 64 39 59 5 3 34 48 22 43 41 50 63 24 33 9 6 37 27 55 53 58 51 11 49 8 54 60 62 12 45 13 57 36 30 25 14 15 29 35 61 23 7 
43 47 26 30 62 3 12 45 38 40 54 51 32 20 39 61 6 2 37 5 11 16 18 64 63 15 56 41 1 34 7 21 58 4 8 49 10 59 53 17 42 35 55 25 57 31 52 24 19 23 60 44 28 9 50 36 27 33 48 14 46 29 22 13 
25 35 33 4 37 7 5 52 22 27 56 43 2 23 47 3 30 9 39 45 24 15 26 57 58 54 8 14 12 60 36 19 46 41 32 18 50 48 11 29 13 59 16 38 21 1 34 6 55 40 62 10 51 63 20 31 53 42 28 44 17 49 64 61 
49 32 44 54 14 28 17 60 59 50 34 10 64 1 7 13 51 27 48 31 46 63 8 58 22 2 11 24 4 55 33 18 37 61 6 9 52 23 26 45 40 29 15 5 39 62 53 43 12 35 30 47 56 41 42 57 20 38 36 16 3 21 19 25 
18 11 40 55 34 42 13 31 35 30 49 4 12 6 33 19 17 50 21 7 36 25 20 10 61 38 62 3 5 29 39 16 22 60 14 24 1 44 43 54 51 26 32 28 9 63 56 27 8 59 46 58 64 48 53 52 37 45 23 2 47 57 15 41 
36 20 59 29 16 27 1 39 9 41 46 5 17 55 11 44 33 42 61 60 22 3 23 53 64 43 6 50 49 48 47 31 62 30 38 21 57 28 19 63 45 12 54 8 10 37 18 2 24 13 26 34 15 14 25 7 4 35 32 58 56 52 40 51 
23 48 10 21 6 15 57 63 45 52 16 28 58 36 24 60 47 54 19 12 35 56 49 62 17 32 44 9 53 42 27 20 13 51 7 25 39 40 31 2 50 14 41 30 46 3 64 61 43 33 11 38 22 37 4 29 1 26 55 5 8 34 59 18 
19 64 41 53 22 2 8 61 14 25 48 31 57 62 37 42 29 28 1 43 34 44 38 55 13 40 26 46 52 59 51 35 27 20 16 5 33 15 3 56 47 4 11 23 49 36 58 7 18 45 21 54 32 17 39 6 50 12 63 10 60 30 24 9 
58 51 38 9 24 50 46 56 63 8 53 21 15 18 29 26 52 59 40 4 41 32 13 14 57 30 37 28 10 23 45 25 42 36 35 55 47 12 64 34 22 17 20 48 60 33 19 44 2 1 61 49 16 5 27 3 39 54 62 7 31 11 43 6 
57 27 28 34 8 35 7 41 19 37 61 16 44 43 36 53 64 18 23 38 30 29 2 4 33 51 17 39 6 31 5 50 14 62 26 52 12 1 24 58 11 47 60 20 32 59 13 48 42 22 25 63 3 40 21 54 46 10 49 45 55 56 9 15 
26 52 31 33 19 18 62 15 47 63 45 64 29 12 17 40 8 21 11 22 14 60 41 25 48 13 42 56 30 1 23 61 9 44 53 38 3 49 16 50 4 58 27 43 6 51 36 10 46 32 37 7 2 55 57 35 34 5 20 59 24 39 28 54 
61 29 21 47 50 30 60 10 46 31 15 34 28 8 32 55 56 37 27 58 3 12 59 45 36 4 49 40 38 26 14 52 35 22 39 54 64 19 20 57 63 23 17 41 2 9 1 42 51 16 44 5 24 33 18 11 48 62 7 13 43 6 25 53 
2 22 11 58 63 48 44 40 21 51 59 30 54 4 27 62 19 6 20 61 13 10 15 1 37 35 34 57 24 43 28 7 36 5 42 29 17 55 18 32 38 25 49 14 50 64 46 45 39 26 9 8 47 12 56 53 52 3 41 23 33 60 31 16 
37 17 43 45 38 46 32 59 41 20 26 49 52 57 14 11 7 62 5 33 51 39 42 40 18 47 53 44 3 54 63 9 61 13 2 15 25 60 23 6 28 55 56 24 22 16 31 8 27 29 58 36 1 34 10 48 30 19 50 12 64 35 4 21 
24 3 14 1 5 13 64 49 60 42 6 22 18 7 35 25 31 48 17 16 32 9 57 52 29 59 10 19 62 46 41 55 47 34 37 27 56 43 8 51 33 54 44 39 15 53 12 21 28 4 45 50 61 23 30 20 11 63 26 38 36 58 2 40 
51 12 23 20 55 36 39 4 58 3 10 2 9 56 48 5 54 44 53 35 50 34 24 43 60 8 25 21 15 16 32 22 45 28 46 63 31 33 30 11 52 19 18 40 37 7 57 26 38 6 13 64 41 49 62 59 17 1 61 47 29 14 42 27 
56 25 6 16 42 53 54 9 39 1 33 24 50 13 38 23 26 49 28 46 47 55 63 36 11 27 45 64 2 58 20 12 48 7 59 10 4 41 21 40 35 30 5 34 29 61 3 62 17 19 43 52 31 60 14 15 18 51 22 57 44 37 8 32 
7 63 46 13 10 62 43 20 56 28 50 38 24 41 52 45 4 30 15 48 25 49 39 59 9 44 12 36 27 19 31 51 60 2 23 26 53 17 58 8 34 16 64 21 18 5 32 11 6 57 42 29 14 61 35 22 47 55 1 37 54 40 3 33 
12 14 22 6 29 60 19 57 1 15 62 9 39 61 18 7 28 43 35 32 54 47 44 27 34 16 58 17 20 40 37 4 5 33 25 42 30 45 51 36 8 56 59 52 13 55 63 3 41 64 53 24 11 46 38 10 2 48 31 21 23 26 50 49 
47 30 50 2 58 21 28 18 64 46 55 42 10 49 23 17 5 31 34 9 8 38 53 6 54 61 60 15 33 32 13 45 16 35 41 62 11 27 7 24 36 57 1 19 26 20 25 22 37 56 63 3 40 44 48 39 14 59 43 51 12 4 52 29 
39 23 1 40 56 64 27 53 31 11 22 6 34 37 57 33 58 52 41 55 2 17 45 3 43 28 48 25 50 63 21 49 15 59 18 4 13 29 38 44 54 24 42 7 12 35 60 14 16 20 51 19 9 36 47 26 5 61 46 32 62 10 30 8 
42 38 36 3 15 25 33 8 48 12 27 20 59 47 58 2 62 51 46 19 10 24 1 23 14 29 55 53 56 5 30 26 64 40 54 22 63 32 52 9 17 43 37 44 61 39 50 41 34 21 4 18 49 45 31 28 13 60 16 6 11 7 57 35 
31 26 45 44 4 16 35 32 29 13 43 14 36 51 53 21 60 63 12 42 33 40 37 61 62 3 18 11 41 24 10 59 20 46 55 57 19 47 49 1 27 48 23 58 28 6 30 38 52 17 8 2 50 7 54 5 22 39 9 64 15 25 56 34 
41 9 61 37 11 49 34 54 3 26 5 60 19 40 4 8 21 16 13 29 64 18 50 7 52 57 1 6 42 35 22 47 31 12 43 56 28 39 48 14 62 10 51 46 53 2 45 15 59 55 33 30 58 25 23 32 44 27 17 36 38 24 63 20 
59 55 51 24 17 52 48 5 32 44 25 54 30 35 63 16 11 26 14 20 57 22 36 56 23 64 2 7 39 38 8 46 34 21 50 37 6 3 61 10 49 9 29 31 33 40 4 47 62 60 15 1 27 43 13 12 41 58 45 28 19 18 53 42 
35 21 4 56 7 44 52 14 51 47 32 37 16 46 6 9 20 15 64 40 55 41 33 13 25 48 22 31 45 12 58 23 8 18 28 39 24 38 10 61 59 11 26 53 17 42 62 5 50 27 36 60 29 3 19 34 49 30 54 43 2 63 1 57 
15 46 12 18 30 6 37 51 40 56 3 25 11 22 10 1 49 19 9 8 63 59 5 60 2 53 7 54 26 39 44 32 23 58 31 35 48 57 41 20 16 33 34 45 27 50 43 52 47 28 64 14 38 24 55 21 36 17 29 42 61 13 62 4 
32 19 16 27 47 9 59 13 54 21 58 8 48 15 30 39 50 22 51 36 43 57 12 37 38 11 33 42 17 28 34 56 25 64 49 60 14 52 29 26 10 63 40 61 23 41 20 46 35 2 18 62 45 4 5 1 55 31 53 24 7 44 6 3 
17 41 55 50 23 20 11 62 42 61 4 33 26 14 31 12 45 53 7 28 1 48 54 38 3 9 52 30 35 36 24 8 2 27 47 43 44 5 32 21 19 13 57 29 51 25 49 60 63 58 6 46 10 59 16 37 15 34 56 22 40 64 18 39 
45 60 2 61 1 24 26 58 13 36 64 55 38 19 34 52 3 25 56 17 44 27 14 29 21 63 43 47 18 49 40 5 6 54 62 50 22 30 4 59 37 28 12 32 7 48 39 9 53 31 41 23 57 42 15 33 35 11 51 8 20 46 16 10 
38 31 57 64 39 29 22 43 28 5 18 27 7 53 60 24 10 23 47 30 62 42 21 16 20 1 19 4 14 13 61 6 3 9 33 34 40 63 46 37 44 2 35 36 55 56 15 58 54 8 32 17 25 51 11 49 12 52 59 41 50 48 45 26 
53 10 8 48 36 63 25 34 20 45 41 17 49 2 44 57 39 46 4 6 58 35 31 11 27 62 16 60 59 51 50 29 7 56 1 19 15 13 42 55 24 3 22 47 54 18 38 64 40 30 52 61 12 26 9 43 32 21 37 33 14 28 5 23 
3 54 49 5 33 40 42 28 43 23 63 35 62 29 50 59 24 34 18 2 26 61 52 32 46 41 64 55 37 15 57 10 11 17 51 12 45 53 36 16 14 1 8 4 30 21 6 31 56 48 39 22 20 13 7 44 9 47 27 60 25 19 38 58 
################proper############## 

 average_time = 22.220737 

 success runs = 1 

 total average iters = 630020.000000 
