Success!!! 
 
 max_col = 
 64 
 
 run_time = 
 29.106810 
 
 once iters = 
 807521 
 
25 26 64 61 52 22 8 23 37 29 49 20 18 60 31 40 62 3 53 45 38 42 50 36 1 6 14 44 10 30 21 54 15 46 58 4 59 16 28 51 35 7 41 2 32 33 11 9 39 57 13 24 27 56 19 17 5 47 43 12 48 55 34 63 
44 20 30 37 47 38 19 54 46 6 59 33 11 17 41 9 1 32 8 5 34 43 18 49 42 7 62 24 23 51 29 2 14 12 61 63 22 39 48 10 3 36 52 27 13 15 16 57 21 35 45 25 64 60 40 55 31 28 58 4 56 26 50 53 
56 36 50 6 42 24 40 41 45 4 34 25 62 19 58 53 48 63 54 20 44 29 51 7 59 22 13 32 11 27 15 38 33 35 43 57 23 18 31 21 8 64 30 55 26 49 10 12 28 3 1 5 61 37 47 16 46 17 39 60 2 14 9 52 
3 34 39 11 5 7 43 14 12 27 21 35 51 13 54 10 33 6 64 23 16 17 52 2 58 26 36 18 63 37 60 61 50 9 55 40 30 53 32 47 25 46 24 28 19 44 56 48 31 49 29 8 22 4 59 41 20 15 45 38 1 57 42 62 
9 4 49 32 15 1 17 57 7 61 22 2 55 26 30 64 41 47 37 13 31 27 14 10 39 19 28 52 16 56 46 35 24 42 11 60 36 3 8 45 53 58 50 43 5 51 6 21 62 38 20 48 12 34 54 63 59 23 18 29 40 33 25 44 
12 10 46 21 31 53 60 16 28 57 47 15 48 42 3 44 4 39 24 55 58 40 30 56 41 34 43 64 49 20 17 9 25 19 5 27 52 1 29 2 37 63 59 45 38 62 23 54 14 11 6 18 33 32 26 50 22 61 7 36 51 8 35 13 
18 62 27 63 51 29 59 2 8 5 23 56 24 38 52 14 25 28 60 46 57 11 35 15 12 55 53 48 45 40 33 50 13 26 6 37 44 20 49 34 22 17 31 39 1 4 47 61 30 10 36 9 43 42 58 7 19 32 21 16 64 54 41 3 
33 48 35 45 13 58 55 28 39 1 50 16 63 36 32 43 61 22 21 9 19 26 59 12 3 31 4 57 47 25 8 5 62 41 17 7 56 54 38 64 29 18 40 20 14 60 42 34 51 52 15 46 23 2 44 53 37 11 6 49 10 24 27 30 
53 38 24 51 62 12 10 15 35 31 45 11 13 33 23 54 28 27 48 44 46 64 25 22 26 9 60 47 5 4 34 30 52 21 50 6 17 59 40 61 1 43 3 29 41 39 63 42 8 16 55 2 57 7 14 56 18 19 36 32 20 49 37 58 
27 44 37 47 8 63 30 61 26 22 57 29 49 48 14 5 3 42 7 43 12 20 60 59 55 36 54 33 52 19 53 13 18 64 41 51 10 34 9 35 15 2 28 38 17 31 46 16 24 39 21 4 32 25 1 58 6 40 62 50 23 11 45 56 
17 14 40 64 50 16 7 34 2 43 12 59 27 58 60 19 15 5 57 4 53 35 54 26 44 10 29 42 38 63 28 41 45 30 33 62 1 22 20 23 21 11 55 37 25 56 32 6 36 46 49 31 48 13 18 47 8 3 51 9 61 39 52 24 
4 11 33 55 32 28 22 13 9 7 56 37 44 21 17 50 45 14 6 24 2 52 1 41 23 57 15 51 25 31 49 46 47 48 8 39 16 12 58 3 62 20 36 26 61 18 34 19 42 54 60 43 5 38 35 40 10 29 64 53 27 30 63 59 
39 60 3 9 1 45 52 18 64 63 4 55 61 41 47 42 19 36 29 30 37 34 8 32 24 59 40 50 2 11 35 12 46 44 56 54 38 7 5 25 49 10 51 22 33 53 27 58 6 17 28 23 62 15 20 26 57 43 13 14 21 48 31 16 
26 25 41 58 54 46 56 48 30 36 53 32 39 24 16 6 38 55 23 61 18 13 9 21 27 37 3 7 20 8 43 62 57 11 49 31 19 4 42 28 12 60 64 47 50 40 59 14 34 33 63 52 29 10 45 51 17 35 2 1 22 44 15 5 
6 19 43 5 23 20 21 35 34 62 18 28 25 40 46 3 49 33 50 47 10 51 31 39 14 16 32 58 17 22 1 56 36 2 29 55 26 63 15 24 52 48 44 57 30 45 8 13 53 61 11 59 9 64 27 37 4 41 60 54 7 42 12 38 
31 49 36 42 57 2 29 59 10 51 15 1 38 20 8 52 16 58 11 17 63 56 62 40 6 48 45 61 64 18 39 21 27 14 53 43 37 60 13 32 23 24 9 4 54 35 7 5 19 44 50 3 30 12 41 22 33 25 28 47 26 34 55 46 
16 15 32 46 6 5 1 21 27 24 64 54 31 2 61 56 18 26 4 57 59 41 7 47 9 33 17 38 3 60 51 52 10 63 28 14 58 48 39 42 50 35 25 49 36 13 55 62 11 53 23 44 8 43 12 34 45 37 22 30 19 20 29 40 
63 61 52 48 22 56 64 37 19 26 8 50 17 14 59 55 5 35 49 51 23 3 27 11 2 20 44 16 13 45 4 10 12 18 47 15 31 25 62 41 34 39 46 6 29 1 43 40 9 36 7 57 42 30 32 21 53 60 54 28 58 38 24 33 
19 55 54 44 12 10 51 36 38 28 1 46 20 15 13 16 30 60 25 29 52 53 43 24 32 42 49 22 59 26 48 31 7 37 9 34 57 40 56 8 27 3 58 21 11 63 41 64 47 14 18 61 45 39 33 5 2 4 50 35 62 6 23 17 
49 29 28 33 25 60 39 53 18 47 51 48 42 57 44 34 2 10 56 40 1 9 17 38 37 21 58 11 15 7 36 6 30 45 23 50 64 43 3 16 4 32 14 31 22 26 24 52 13 20 54 35 19 27 46 62 12 8 41 61 59 63 5 55 
13 58 59 31 7 47 27 50 41 12 32 6 43 9 63 60 8 16 39 62 22 28 34 48 30 61 35 1 57 14 19 64 11 53 38 21 29 17 24 52 5 23 54 51 45 42 20 33 2 55 4 37 26 40 3 25 36 49 44 56 15 46 10 18 
2 35 14 24 9 11 42 43 40 53 62 23 3 30 39 4 54 20 58 21 45 37 63 6 56 8 25 28 46 55 5 18 61 13 60 44 33 36 26 49 48 57 15 19 16 38 12 10 22 64 51 41 50 17 29 59 34 27 52 31 47 1 7 32 
40 57 62 8 38 26 23 4 52 33 36 45 21 35 7 25 14 19 42 64 55 32 44 31 54 47 41 12 29 34 50 53 20 5 59 22 46 2 6 27 30 9 60 61 18 17 37 28 49 56 58 63 10 1 24 15 16 39 48 43 13 51 3 11 
30 17 45 20 41 18 34 3 29 11 5 22 58 49 10 37 12 46 13 33 15 61 36 50 63 40 23 43 39 24 62 27 55 1 51 35 4 32 54 19 56 44 53 8 47 7 2 59 38 60 31 6 52 28 16 48 64 9 26 42 14 25 21 57 
43 40 10 2 4 3 37 52 63 38 35 36 30 45 5 49 13 24 59 41 28 16 32 34 21 15 48 54 58 42 56 33 22 39 57 29 6 61 14 62 31 12 27 23 53 64 19 17 25 51 47 20 1 46 11 9 44 18 8 55 60 50 26 7 
23 45 5 53 46 32 15 44 14 54 52 13 22 31 24 39 35 50 17 58 47 60 29 8 19 4 61 63 9 49 12 34 16 28 18 56 27 33 2 11 6 37 26 62 57 41 30 1 43 7 10 42 36 59 55 3 21 48 20 64 38 40 51 25 
55 13 9 1 39 62 25 7 32 15 41 61 8 59 11 20 44 37 19 18 27 54 6 57 38 30 22 17 31 16 52 36 5 50 64 58 40 42 53 48 28 4 56 3 35 46 29 51 60 45 14 26 34 21 63 12 23 33 49 2 24 43 47 10 
57 31 26 18 24 21 33 8 51 25 60 43 19 7 34 27 11 4 5 2 9 39 38 14 35 41 47 3 62 13 64 45 23 20 30 12 49 46 37 63 59 16 42 10 40 50 36 55 52 29 48 22 15 53 56 44 1 6 17 58 28 61 32 54 
20 59 51 17 49 42 14 11 1 18 40 58 12 16 48 21 22 64 3 36 26 30 10 53 50 27 6 37 24 28 2 8 44 4 35 19 54 55 60 43 47 61 45 63 15 9 25 7 33 32 41 38 39 23 31 57 56 62 5 13 34 52 46 29 
28 63 47 34 16 64 41 58 53 10 2 26 23 4 6 33 42 12 62 56 61 55 15 43 29 46 39 5 7 44 32 40 31 59 1 9 25 51 21 38 60 52 20 13 48 14 54 49 18 8 17 30 37 35 50 24 3 57 19 45 36 27 11 22 
36 54 22 27 61 48 50 38 62 44 29 47 56 28 64 46 31 51 52 7 20 25 23 63 57 1 55 53 26 43 14 60 3 32 10 17 8 45 34 15 18 21 39 33 24 11 58 2 40 6 19 16 13 5 49 4 30 42 12 41 37 35 59 9 
35 6 29 56 60 19 12 30 42 50 55 3 9 37 57 17 46 49 40 1 21 45 48 33 11 25 18 10 51 23 20 59 41 7 36 13 47 24 52 26 43 38 32 5 44 34 22 8 64 62 2 27 58 54 61 28 15 31 16 39 63 53 14 4 
24 51 25 35 14 34 6 29 31 21 9 19 26 18 37 13 56 45 28 3 4 58 64 44 62 39 2 23 27 48 55 22 40 49 15 36 41 8 46 54 33 47 63 59 10 57 17 50 12 5 32 53 7 52 38 43 61 30 42 20 11 16 1 60 
38 30 57 62 58 8 20 39 3 59 63 27 41 52 28 12 40 23 16 25 14 49 19 1 61 35 33 46 56 6 13 29 51 31 4 26 7 10 43 17 11 53 2 32 37 48 21 18 54 9 34 15 60 50 42 64 24 36 55 44 45 5 22 47 
7 22 12 49 28 13 54 33 17 16 25 40 14 44 55 61 21 9 10 37 29 6 20 42 60 43 38 41 18 50 45 4 59 3 2 48 63 47 35 57 64 1 19 36 56 30 5 27 23 24 26 62 51 11 39 46 58 53 15 34 52 32 8 31 
48 47 53 40 64 37 61 55 33 42 20 10 1 32 22 24 17 30 31 63 51 8 26 62 52 3 11 25 12 5 7 14 21 60 27 38 9 29 45 44 46 54 49 35 34 43 28 15 16 58 59 56 18 6 2 36 13 50 4 23 57 19 39 41 
10 41 21 36 19 43 5 26 50 60 6 51 45 23 35 30 34 18 38 11 32 2 47 46 40 63 59 9 54 64 37 15 28 52 24 53 42 14 61 22 7 13 16 58 39 29 44 20 17 4 8 1 3 55 57 31 49 12 27 33 25 56 62 48 
46 23 17 4 3 44 32 1 15 49 38 64 34 5 56 11 27 53 12 59 33 50 41 60 31 28 51 21 8 36 26 57 58 55 16 30 18 13 19 39 9 42 6 52 62 25 61 24 63 22 40 47 20 14 48 45 29 7 37 10 43 2 54 35 
59 56 42 52 2 50 9 27 48 8 39 53 57 46 36 29 43 61 15 22 54 7 24 5 34 17 10 19 44 47 58 16 1 33 20 32 12 62 11 6 55 31 4 60 3 23 45 26 41 28 37 13 25 49 30 35 40 38 63 51 18 21 64 14 
11 16 60 15 63 31 18 45 47 58 43 7 2 54 4 62 57 13 35 39 36 48 55 52 20 32 30 49 1 53 42 24 37 23 34 5 50 64 25 56 14 22 8 40 51 12 38 41 10 27 61 29 44 33 21 19 28 59 46 3 6 9 17 26 
41 50 7 38 35 14 47 63 44 20 13 21 40 1 42 26 23 25 55 12 56 36 11 45 33 52 46 60 6 57 18 3 54 34 62 8 53 27 30 29 58 59 61 9 49 16 48 4 32 37 64 28 31 24 51 39 43 5 10 15 17 22 19 2 
54 37 44 60 59 36 49 25 43 46 30 9 52 39 12 32 10 38 51 35 40 63 16 58 4 24 26 29 53 1 23 20 17 47 13 45 3 56 57 50 2 15 18 11 8 5 64 22 48 21 33 34 55 19 7 42 27 14 61 62 31 41 28 6 
64 27 19 29 53 61 3 22 60 23 16 49 5 10 33 38 7 8 43 15 24 18 39 30 47 56 34 40 48 17 63 44 2 58 31 42 14 11 55 59 54 45 35 41 28 20 62 32 57 26 52 12 6 36 9 13 51 46 25 21 50 37 4 1 
34 5 58 57 56 30 48 20 11 17 61 63 54 53 15 18 6 21 1 14 60 47 3 64 10 50 9 45 42 62 38 7 19 22 40 28 51 35 4 36 24 26 37 46 52 27 13 31 59 25 43 49 41 29 23 2 32 44 33 8 55 12 16 39 
42 28 23 10 43 15 11 46 57 48 19 41 6 51 2 36 26 17 34 50 62 31 5 4 64 49 21 8 22 59 54 32 39 61 12 18 60 37 33 1 44 25 29 7 55 47 14 56 27 63 16 40 35 20 53 38 52 13 9 24 3 58 30 45 
52 24 16 13 33 17 62 32 56 35 31 34 64 22 27 59 53 48 44 28 41 46 61 54 15 58 37 39 14 2 11 55 38 43 21 25 20 49 63 9 19 51 23 50 12 6 1 36 4 30 5 45 47 3 8 10 7 26 57 40 29 18 60 42 
45 2 55 39 18 4 31 6 24 14 3 8 28 50 25 7 29 59 32 52 49 22 37 9 16 51 27 13 41 12 61 19 26 10 44 64 48 5 23 46 42 40 33 53 43 21 57 30 15 1 56 58 17 62 60 54 11 20 38 63 35 47 36 34 
1 9 8 12 21 40 26 51 55 45 37 4 29 47 62 58 20 57 27 19 42 33 2 13 36 5 31 30 43 35 25 28 6 24 52 41 32 15 16 7 39 34 10 17 63 3 60 38 50 18 44 14 46 61 22 11 54 56 23 48 53 59 49 64 
29 64 38 59 37 33 45 19 36 41 54 31 53 43 20 57 51 15 22 6 8 1 58 27 46 12 50 56 34 39 30 25 49 16 26 52 62 9 18 60 13 5 47 24 2 55 4 63 7 42 35 17 28 48 10 32 14 21 3 11 44 23 40 61 
5 39 15 14 27 9 4 47 25 32 7 18 33 56 45 63 60 40 20 34 11 19 57 23 53 13 24 6 28 3 44 17 64 36 37 59 55 21 22 12 61 62 38 1 42 54 51 46 58 31 30 50 2 41 43 8 35 52 29 26 16 10 48 49 
22 7 56 16 34 35 28 24 6 52 48 17 46 3 26 8 32 62 9 49 39 38 4 55 5 11 1 2 19 54 40 42 63 15 45 33 13 57 10 30 20 29 43 14 59 37 18 53 44 23 27 60 21 47 64 61 50 51 31 25 41 36 58 12 
61 46 18 3 11 23 63 49 5 9 14 44 50 55 40 47 37 56 30 10 7 59 21 35 48 62 64 4 33 52 27 43 32 29 54 1 28 6 51 58 16 41 12 15 31 19 26 60 45 34 25 36 38 22 13 20 39 2 24 57 42 17 53 8 
62 52 48 25 17 54 2 10 23 39 24 60 59 11 51 22 50 31 33 26 43 14 42 3 45 18 16 36 32 61 41 58 56 8 46 20 34 44 7 4 57 30 21 64 27 28 40 35 1 12 53 55 49 9 15 29 38 63 47 37 5 13 6 19 
8 12 20 43 55 41 53 42 13 19 58 30 15 64 21 28 52 54 61 16 17 5 45 25 51 23 7 26 35 29 10 63 48 38 3 24 2 50 47 31 36 6 22 44 9 32 49 11 56 40 57 39 4 18 37 14 60 34 1 59 46 62 33 27 
21 32 6 30 44 57 36 31 4 37 42 62 10 12 29 1 63 41 2 53 13 24 46 18 49 38 20 55 60 15 22 47 35 40 39 23 61 19 27 14 17 50 34 48 58 8 52 25 26 59 3 11 16 51 5 33 9 64 56 7 54 45 43 28 
60 1 13 50 26 51 58 40 16 34 27 38 35 61 49 2 47 29 36 48 64 44 12 28 8 14 57 31 21 9 59 37 43 25 42 11 5 41 17 53 45 33 7 56 23 10 39 3 46 19 62 54 24 63 52 6 55 22 30 18 32 4 20 15 
37 42 34 23 48 59 57 9 21 56 11 14 7 27 50 15 58 1 26 60 3 62 28 16 22 45 5 20 36 33 31 39 53 17 63 46 24 38 44 55 10 49 13 18 4 61 35 43 29 41 12 19 40 8 25 52 47 54 32 6 30 64 2 51 
58 18 1 7 30 55 44 62 59 40 17 5 37 29 38 23 64 34 41 54 48 21 53 51 13 2 8 35 50 46 24 49 4 27 19 16 45 26 12 33 63 14 57 42 6 22 15 47 20 43 39 32 56 31 28 60 25 10 11 52 9 3 61 36 
47 3 4 26 20 52 46 12 49 64 44 24 36 6 53 31 39 2 14 27 35 15 40 19 25 29 63 34 30 21 9 48 42 51 22 61 43 28 1 18 32 55 5 54 7 58 33 45 37 13 38 10 11 57 62 23 41 16 59 17 8 60 56 50 
50 43 31 22 40 6 13 56 61 3 10 12 60 63 18 41 36 7 45 38 30 4 49 29 17 44 19 62 37 32 16 1 8 54 14 2 11 23 59 5 51 28 48 25 64 52 9 39 55 47 42 21 53 58 34 27 26 24 35 46 33 15 57 20 
15 33 11 19 29 27 24 60 22 2 26 42 16 8 9 48 55 43 47 31 25 23 13 61 7 54 52 59 40 10 6 51 34 57 32 3 39 58 41 37 38 56 17 12 20 36 53 44 35 50 46 64 63 45 4 30 62 1 14 5 49 28 18 21 
32 21 61 54 36 39 38 17 20 13 46 52 4 25 19 35 24 11 18 42 50 10 33 37 28 53 56 14 55 58 57 23 9 62 7 47 15 30 64 40 41 8 1 16 60 2 3 29 5 48 22 51 59 26 6 49 63 45 34 27 12 31 44 43 
14 8 2 41 45 49 35 64 58 30 28 57 47 62 1 51 59 44 63 32 5 12 56 17 43 60 42 27 4 38 3 26 29 6 25 10 21 52 50 20 40 19 11 34 46 24 31 37 61 15 9 33 54 16 36 18 48 55 53 22 39 7 13 23 
51 53 63 28 10 25 16 5 54 55 33 39 32 34 43 45 9 52 46 8 6 57 22 20 18 64 12 15 61 41 47 11 60 56 48 49 35 31 36 13 26 27 62 30 21 59 50 23 3 2 24 7 14 44 17 1 42 58 40 19 4 29 38 37 
################proper############## 

 average_time = 29.106810 

 success runs = 1 

 total average iters = 807521.000000 
