Success!!! 
 
 max_col = 
 64 
 
 run_time = 
 8.353562 
 
 once iters = 
 160887 
 
40 34 48 16 23 63 35 52 58 51 17 19 37 8 59 42 14 3 54 29 25 21 60 55 32 45 24 64 10 9 28 49 39 30 4 22 6 47 7 44 13 31 5 62 33 50 11 12 18 38 41 53 15 61 2 36 26 43 57 46 20 1 27 56 
49 61 10 37 41 32 29 19 33 21 1 53 11 63 46 9 50 28 16 45 40 26 39 44 12 57 14 15 47 56 55 58 52 34 13 27 31 48 17 42 22 6 54 25 59 2 36 18 3 20 4 64 43 30 60 24 62 23 35 5 38 51 8 7 
38 64 8 22 42 59 3 54 15 20 13 30 23 5 62 57 48 2 34 12 18 43 51 7 50 19 25 1 4 27 6 16 45 61 35 28 41 36 21 60 32 44 55 9 56 39 37 58 52 31 11 40 26 10 47 46 49 24 63 53 17 29 14 33 
31 51 50 55 53 15 9 57 43 52 47 12 32 56 18 7 13 59 36 62 20 46 23 38 2 33 61 44 26 60 63 34 24 19 40 5 25 49 10 8 42 28 29 17 4 27 41 35 1 37 21 58 16 22 14 6 30 45 48 39 3 11 64 54 
4 18 25 1 62 28 56 14 40 3 2 27 29 34 10 36 37 52 32 42 19 53 8 49 54 51 11 7 31 20 48 13 46 12 15 59 26 9 63 38 30 43 61 45 57 64 16 24 5 39 33 44 23 35 17 50 22 60 55 6 58 21 47 41 
60 6 2 17 39 7 20 44 4 45 49 50 22 64 41 55 33 5 24 27 15 30 47 9 36 35 42 53 46 21 43 29 16 14 56 11 58 54 3 37 52 26 40 63 23 1 19 38 48 34 8 32 13 57 62 51 12 25 59 10 18 61 28 31 
36 47 13 24 30 5 46 26 54 61 44 38 28 16 39 6 56 63 58 31 22 41 11 35 40 59 23 37 62 3 18 17 51 64 33 1 57 55 43 2 60 48 8 53 21 10 20 14 29 12 45 25 27 7 19 49 50 52 34 42 32 15 4 9 
33 58 45 27 43 21 12 11 48 25 24 31 14 26 35 60 1 10 57 17 6 64 4 61 38 41 39 22 8 5 52 30 53 20 18 23 62 32 50 29 49 7 51 15 46 3 34 47 59 63 55 28 56 9 42 54 16 44 13 2 40 36 19 37 
54 49 63 62 27 23 41 38 29 47 35 42 43 1 48 51 58 60 37 5 61 31 55 16 33 9 13 10 36 6 39 11 59 24 22 40 18 19 45 53 4 2 26 30 28 25 56 57 20 50 32 8 52 64 3 17 21 46 15 14 7 44 34 12 
58 8 33 4 37 18 26 24 7 12 5 21 59 23 9 14 51 27 50 3 63 17 57 2 19 28 44 31 42 45 29 52 13 46 64 30 20 10 39 32 40 22 41 35 36 60 49 34 15 48 6 61 38 25 55 11 54 53 16 56 62 47 43 1 
56 12 42 15 16 2 19 39 22 18 53 4 63 13 11 64 34 30 59 33 49 40 41 32 43 37 20 35 57 1 24 23 3 62 61 9 52 6 55 51 44 45 47 48 17 7 58 46 21 26 31 54 14 5 28 60 25 50 36 27 8 10 29 38 
55 20 34 57 59 45 25 48 38 10 62 52 3 58 8 56 43 6 22 21 26 13 53 54 46 49 27 18 40 47 51 61 7 29 44 35 60 42 1 31 16 32 19 14 11 15 39 50 33 23 36 30 37 24 63 12 9 2 41 4 28 64 17 5 
53 36 22 28 32 9 7 29 6 30 15 61 25 33 24 45 8 35 44 4 47 23 48 1 58 60 59 62 50 64 5 12 17 56 21 49 54 2 14 34 3 55 27 42 43 38 51 13 40 18 57 46 19 41 16 10 11 39 52 63 31 37 20 26 
46 60 5 50 40 17 14 6 41 57 26 39 31 32 19 27 15 18 10 36 52 28 64 45 56 3 54 2 63 34 16 38 48 43 11 12 4 25 37 33 21 23 9 1 8 29 61 20 42 62 13 49 47 44 53 7 58 59 30 22 24 35 55 51 
47 43 11 13 61 3 44 10 60 54 50 55 46 37 40 28 20 29 39 24 62 7 14 19 41 21 8 17 25 30 53 22 5 27 16 26 38 15 58 36 31 59 12 18 6 63 64 52 4 35 51 2 9 34 1 56 45 33 42 48 23 49 32 57 
52 1 31 64 35 51 21 30 2 49 16 36 17 44 20 34 25 12 56 38 42 9 46 11 7 26 4 55 48 15 14 32 47 63 23 50 28 8 41 57 24 10 62 37 54 5 53 33 43 29 58 27 22 39 45 59 6 61 40 60 13 3 18 19 
22 13 30 25 15 37 60 59 32 41 63 48 52 18 58 44 27 38 45 46 54 8 5 39 57 47 28 26 11 10 23 1 34 53 2 6 29 17 61 64 19 62 4 56 24 55 7 42 35 49 50 9 12 16 31 3 40 20 14 51 21 43 33 36 
8 21 53 9 1 4 54 56 64 5 42 51 30 62 6 61 29 50 31 43 57 37 12 40 60 16 52 38 58 19 7 24 36 55 28 13 14 45 49 10 33 20 39 32 22 35 47 23 25 44 15 59 63 11 41 48 34 18 2 3 46 27 26 17 
48 40 35 14 45 46 49 27 26 17 9 34 33 38 15 24 53 7 61 41 16 44 36 13 59 30 2 56 55 51 25 6 20 5 62 57 32 21 31 43 12 58 18 3 1 28 54 29 23 22 42 52 10 19 4 47 60 37 50 64 63 39 11 8 
20 31 36 34 19 33 51 7 25 39 10 57 49 21 2 13 63 42 28 15 48 55 18 3 5 17 50 40 53 62 64 35 11 59 8 52 22 41 23 47 6 30 43 44 14 61 27 16 56 45 37 60 32 46 38 26 24 1 29 12 9 54 58 4 
5 17 64 23 3 11 6 55 56 37 19 28 36 35 16 12 22 21 49 25 30 51 10 47 45 27 41 63 43 18 31 20 33 9 58 46 39 1 54 4 34 60 50 59 15 57 48 26 14 61 29 24 8 2 40 53 13 32 7 38 42 62 52 44 
50 26 12 58 18 52 39 2 47 46 23 59 20 60 29 11 24 62 4 34 33 32 1 14 49 61 9 8 54 44 15 48 35 51 27 56 16 63 42 3 37 40 53 38 25 41 17 31 6 21 64 7 55 43 36 13 5 19 10 28 22 45 57 30 
63 38 32 47 10 43 57 16 1 14 7 8 55 27 53 3 9 64 20 19 60 59 6 17 4 34 37 12 29 46 22 42 50 40 24 25 15 44 26 18 11 13 52 51 45 36 21 2 58 30 28 39 33 62 54 5 61 31 49 23 41 56 48 35 
44 29 62 42 28 24 61 41 45 43 4 22 50 31 54 40 26 58 35 56 11 52 2 23 39 13 33 36 32 14 3 21 38 37 30 7 48 60 12 19 64 8 49 5 10 9 46 63 17 27 1 51 20 18 57 34 59 47 25 16 15 6 53 55 
3 52 6 10 5 57 45 40 55 35 36 49 56 11 61 30 2 23 7 39 4 50 15 53 37 12 26 19 20 24 33 54 22 58 38 43 51 28 27 63 41 1 17 21 47 31 60 64 46 59 44 16 25 13 32 9 29 14 8 18 48 34 42 62 
11 50 19 63 12 36 53 8 5 9 32 15 27 14 7 2 3 45 41 6 17 24 29 42 61 18 57 30 51 43 13 39 49 60 20 21 44 31 46 48 55 37 28 34 16 23 52 40 38 54 35 4 62 1 10 58 47 22 56 59 33 26 25 64 
39 33 27 18 46 44 13 25 16 34 22 54 57 53 28 59 61 48 43 51 8 62 30 12 63 55 64 6 60 4 40 14 19 1 32 37 11 3 36 41 29 35 10 20 38 56 26 9 47 17 24 23 2 42 5 15 7 21 45 58 52 31 49 50 
30 7 61 54 9 62 28 49 8 60 64 24 4 25 3 23 31 34 27 47 21 19 16 57 15 11 5 48 35 42 44 2 56 52 50 33 55 29 13 39 46 63 6 22 58 12 14 59 45 40 26 41 53 51 18 20 38 10 43 1 36 17 37 32 
16 24 55 48 4 34 32 64 62 42 31 17 38 51 26 39 46 1 60 9 58 56 33 63 52 23 10 29 22 8 27 53 25 7 14 45 59 18 47 35 50 54 3 61 5 13 2 36 28 43 30 19 11 49 21 37 15 41 20 57 44 40 12 6 
59 56 29 51 14 20 58 22 37 63 43 44 40 48 12 19 38 26 13 11 10 5 35 28 21 31 17 41 1 32 47 50 4 8 9 62 24 16 15 6 7 18 30 49 42 33 45 25 39 64 34 36 3 52 27 57 46 55 53 54 61 60 2 23 
23 35 38 26 2 47 15 21 18 13 33 41 1 10 50 46 54 20 55 22 44 36 37 52 3 25 16 58 49 59 45 56 61 17 42 64 34 12 40 30 62 27 57 43 39 32 24 53 31 14 48 6 29 60 7 8 51 4 28 19 11 5 9 63 
42 37 43 41 60 31 1 17 52 6 58 20 45 47 21 29 40 49 64 14 32 18 25 59 62 46 36 34 9 7 38 28 26 54 57 53 10 5 2 23 51 4 15 8 19 11 44 48 22 33 12 56 61 63 50 55 27 16 24 30 39 13 35 3 
6 62 47 12 54 60 5 13 36 59 34 45 35 4 44 21 16 56 33 28 14 48 3 27 20 58 29 46 24 2 42 51 40 25 55 17 19 26 9 15 53 64 7 10 30 43 32 22 63 41 38 31 1 37 11 23 18 57 61 8 50 52 39 49 
2 23 20 7 57 41 43 9 50 19 56 46 64 40 52 47 55 4 30 8 12 35 42 24 22 53 15 49 14 63 21 25 6 33 36 29 1 37 16 5 27 11 34 58 51 45 31 3 13 28 60 62 18 32 39 61 17 48 54 44 26 38 10 59 
25 48 58 46 64 49 34 31 61 55 18 10 8 29 32 26 5 47 2 37 53 6 17 41 13 1 3 54 38 40 36 57 60 39 52 20 35 24 28 59 9 19 23 50 44 42 15 62 30 51 16 33 21 27 43 14 56 11 12 7 4 63 22 45 
24 28 16 8 63 61 36 4 51 15 39 62 60 22 1 49 59 9 18 50 46 34 43 10 23 5 6 32 19 37 41 44 30 38 54 47 27 7 57 11 26 56 48 29 52 20 33 21 2 58 17 12 64 45 35 42 53 40 31 25 55 14 3 13 
35 10 37 3 17 22 30 33 11 28 57 63 42 12 13 53 32 31 1 23 38 25 7 26 18 43 45 16 27 52 50 59 64 48 46 44 56 61 34 49 39 41 14 47 40 8 6 55 36 15 19 29 5 54 9 4 20 51 58 62 60 2 21 24 
29 59 26 52 44 38 40 32 30 23 14 37 41 20 31 48 45 19 15 13 39 63 58 62 8 56 7 33 34 55 11 60 10 3 12 18 2 51 4 21 28 61 36 54 35 49 1 17 24 6 53 50 57 47 22 25 42 27 64 9 5 16 46 43 
51 53 56 39 21 55 27 1 24 33 54 16 2 9 43 58 60 44 11 49 36 20 52 29 17 4 35 47 61 48 62 64 42 13 63 31 45 50 22 14 38 25 59 12 18 37 57 5 10 8 7 34 46 3 26 40 19 6 23 32 30 28 41 15 
15 14 18 11 50 19 42 45 17 38 3 25 6 7 27 5 57 54 21 61 64 22 40 51 26 39 12 9 30 28 10 31 32 23 41 8 43 53 62 58 2 24 60 16 63 46 13 4 44 55 56 48 59 20 49 52 36 29 47 35 37 33 1 34 
34 46 54 45 47 48 16 60 19 8 37 29 53 61 30 41 18 17 6 57 1 49 56 33 27 50 63 23 21 36 58 4 55 26 51 38 64 11 24 52 59 12 35 7 3 62 25 39 9 13 40 22 28 14 44 31 43 15 32 20 2 42 5 10 
28 25 41 30 33 13 8 63 23 4 46 58 7 24 51 20 35 55 19 64 29 39 38 37 48 62 22 52 3 53 57 26 44 32 5 2 49 40 6 1 54 50 45 31 9 16 43 27 61 47 10 17 42 56 15 21 14 12 11 36 34 18 59 60 
7 11 57 59 6 50 23 58 63 1 55 40 5 54 36 35 44 25 12 52 43 16 45 22 28 2 56 39 15 17 19 37 8 18 60 10 42 14 30 46 47 34 20 64 13 21 38 32 41 24 49 26 51 29 48 62 33 3 4 31 53 9 61 27 
17 15 49 53 38 29 4 3 12 48 21 32 26 39 56 16 10 14 42 40 41 61 9 31 44 54 55 59 13 33 34 18 28 57 19 58 50 22 20 62 63 51 2 36 60 6 5 11 64 25 52 43 45 23 8 27 37 35 1 24 47 7 30 46 
10 32 14 35 55 26 31 42 27 22 60 6 18 45 47 33 62 13 5 53 28 58 20 48 9 29 43 24 64 11 49 40 23 36 3 15 61 59 25 7 56 57 1 46 41 4 30 44 34 2 39 63 50 12 37 16 52 54 51 17 19 8 38 21 
12 9 51 43 22 64 2 61 14 50 28 13 44 52 49 10 23 15 8 54 24 60 59 21 35 7 32 5 6 31 30 46 27 45 34 41 47 4 56 17 18 53 37 40 26 48 42 19 55 3 20 11 36 38 33 1 63 58 62 29 25 57 16 39 
37 44 21 40 36 39 62 18 59 31 11 3 34 57 42 25 4 32 46 2 51 27 50 30 10 20 47 14 16 38 1 8 43 35 29 63 12 13 48 9 17 15 33 52 61 24 23 49 53 60 54 5 7 58 6 19 55 56 26 41 64 22 45 28 
19 27 24 20 56 1 52 5 9 2 38 43 62 17 64 15 36 11 3 26 7 47 63 34 25 42 51 60 45 12 61 41 37 31 39 16 21 33 53 54 10 14 22 28 29 58 55 8 57 4 18 35 30 59 46 32 23 13 44 49 6 50 40 48 
41 5 1 6 31 40 59 37 3 16 52 56 58 28 4 63 42 57 14 60 35 2 26 36 64 44 38 25 7 50 54 43 12 10 53 19 23 30 29 13 8 49 21 11 32 22 9 51 27 46 47 20 34 33 24 39 48 17 18 15 45 55 62 61 
13 57 15 33 26 54 48 47 34 53 12 11 61 19 17 37 28 46 29 18 45 4 32 20 51 36 40 42 5 39 9 27 31 41 6 60 8 56 44 50 35 52 24 23 7 30 10 43 62 16 14 3 49 55 58 38 1 64 22 21 59 25 63 2 
62 39 23 56 34 12 55 53 42 29 40 9 21 41 25 32 47 8 51 30 59 10 24 5 11 48 58 28 2 49 17 33 15 4 45 36 37 27 52 22 14 46 63 26 64 19 3 1 7 57 61 18 60 50 13 35 31 38 6 43 54 20 44 16 
43 4 46 38 11 27 63 50 49 64 20 23 24 6 22 8 17 61 52 55 31 54 13 56 14 15 30 21 37 57 35 45 58 16 25 39 9 62 32 40 5 42 44 41 53 59 18 60 51 1 2 10 48 26 29 28 3 36 33 34 12 19 7 47 
64 42 3 32 7 58 18 51 44 36 45 60 47 43 38 62 12 22 9 16 50 1 27 25 53 6 34 61 41 23 20 19 14 21 17 54 63 57 59 55 48 33 31 13 2 40 29 28 37 52 5 15 4 8 56 30 35 49 39 26 10 46 24 11 
9 2 52 60 49 8 24 28 31 26 51 14 48 46 55 18 19 39 38 58 34 33 21 6 29 10 62 3 59 22 32 63 1 11 47 42 7 64 35 20 61 16 56 4 27 17 12 15 54 36 25 45 44 40 23 43 41 5 37 50 57 30 13 53 
61 30 44 19 29 14 10 20 35 7 59 2 39 15 57 1 11 41 48 63 23 3 62 64 31 52 46 13 56 16 8 47 18 49 43 24 5 38 33 26 45 36 25 55 37 34 50 54 32 53 9 21 6 17 12 22 28 42 27 40 51 4 60 58 
45 16 17 21 25 35 22 36 10 27 30 5 13 50 33 54 49 40 53 7 37 15 44 43 1 24 18 4 12 26 60 55 2 28 48 34 3 46 51 61 58 39 38 57 20 47 62 6 19 11 63 42 41 31 59 64 32 8 9 52 14 23 56 29 
32 19 28 44 51 6 47 34 21 24 29 18 54 2 37 50 30 36 40 10 13 42 49 8 55 38 53 43 33 41 56 3 57 15 26 4 46 20 64 12 25 9 58 27 31 52 22 45 60 5 62 1 35 48 61 63 39 7 17 11 16 59 23 14 
18 45 40 61 13 10 64 35 28 56 41 26 51 3 23 4 7 53 17 48 55 38 34 58 16 14 19 11 39 25 2 15 21 44 59 32 36 43 8 27 1 5 42 60 49 54 63 30 50 9 22 47 24 6 20 33 57 62 46 37 29 12 31 52 
57 54 59 29 8 53 11 12 46 32 27 33 15 55 34 31 41 37 62 44 5 45 19 18 30 22 49 50 52 61 26 36 9 42 1 3 17 35 60 25 23 47 64 39 48 14 40 10 16 7 43 38 58 28 51 2 4 63 21 13 56 24 6 20 
27 63 39 2 48 25 37 23 20 44 8 7 9 30 45 43 21 16 47 1 56 12 28 15 34 40 60 57 17 13 59 5 62 22 31 14 33 52 18 24 36 38 46 6 50 53 35 41 11 32 3 55 54 4 64 29 10 26 19 61 49 58 51 42 
14 22 7 49 58 16 17 62 53 11 48 1 10 36 63 38 6 24 25 20 27 29 31 60 47 64 21 51 23 35 46 9 54 2 37 61 30 39 19 45 57 3 32 33 34 26 4 56 12 42 59 13 40 15 52 44 8 28 5 55 43 41 50 18 
26 55 60 31 52 56 50 15 57 58 61 35 19 42 5 22 64 43 63 59 9 11 54 4 6 32 1 45 44 29 37 62 41 47 49 48 40 23 38 16 20 17 13 24 12 51 28 7 8 10 46 14 39 21 30 18 2 34 3 33 27 53 36 25 
1 3 9 5 20 42 33 43 13 40 6 47 12 59 60 52 39 51 26 32 2 14 61 46 24 63 31 27 18 58 4 7 29 50 10 55 53 34 11 28 15 21 16 19 62 44 8 37 49 56 23 57 17 36 25 41 64 30 38 45 35 48 54 22 
21 41 4 36 24 30 38 46 39 62 25 64 16 49 14 17 52 33 23 35 3 57 22 50 42 8 48 20 28 54 12 10 63 6 7 51 13 58 5 56 43 29 11 2 55 18 59 61 26 19 27 37 31 53 34 45 44 9 60 47 1 32 15 40 
################proper############## 

 average_time = 8.353562 

 success runs = 1 

 total average iters = 160887.000000 
