Success!!! 
 
 max_col = 
 64 
 
 run_time = 
 1754.648669 
 
 once iters = 
 92091058 
 
47 60 54 57 4 11 3 58 19 48 2 28 25 29 20 21 41 23 16 36 15 55 8 13 38 42 59 10 35 50 64 34 7 33 49 43 40 52 61 51 6 22 17 9 27 63 37 46 62 12 32 44 53 31 18 5 56 24 14 26 1 45 39 30 
34 45 42 1 33 44 59 39 46 26 55 40 64 47 5 11 24 21 17 30 37 54 27 14 18 62 4 2 7 32 22 31 16 20 8 25 50 36 13 63 28 23 51 15 53 61 3 38 6 41 48 19 9 56 58 35 57 43 12 10 49 29 60 52 
2 24 10 38 20 6 25 28 59 62 58 42 9 12 49 7 60 32 26 45 61 5 51 48 13 8 44 16 14 56 27 23 11 1 55 53 35 3 41 46 43 39 47 21 36 50 57 29 52 63 30 34 40 54 17 37 18 31 4 64 15 19 22 33 
56 48 31 5 23 27 19 40 13 41 35 51 63 60 37 44 39 38 20 18 57 4 62 34 46 53 21 28 6 49 61 36 22 15 17 14 12 58 29 42 33 1 24 11 30 54 45 52 55 16 26 8 64 43 47 10 32 25 9 2 59 7 3 50 
26 21 32 35 36 64 15 49 31 14 53 61 27 8 24 43 22 28 56 11 6 59 52 12 9 20 47 40 60 3 51 29 62 37 30 45 2 19 23 5 13 10 4 18 41 34 58 7 1 50 39 33 38 42 25 57 44 17 16 48 54 46 55 63 
14 12 13 7 55 30 43 37 17 52 36 18 45 39 50 16 2 46 10 63 9 53 3 64 1 48 11 33 57 26 24 54 4 38 47 34 56 60 32 31 19 59 8 62 44 40 25 35 61 29 15 23 21 22 49 51 27 41 28 20 42 5 6 58 
46 8 61 18 17 52 29 53 23 4 54 10 22 34 15 6 7 31 50 33 1 19 42 49 39 63 5 25 30 58 41 43 59 28 44 64 57 21 26 9 48 16 20 2 32 56 12 55 45 24 11 27 3 36 14 60 13 47 35 40 38 37 51 62 
22 41 62 16 50 51 63 9 3 32 57 33 1 30 38 56 43 25 29 44 47 40 58 35 52 12 19 55 17 45 15 37 6 39 18 48 54 24 10 27 31 60 14 26 5 49 64 42 20 13 4 28 46 59 2 7 34 61 36 8 21 53 11 23 
53 15 25 21 29 1 16 17 34 36 7 30 55 14 6 23 12 22 38 8 13 9 54 10 60 47 40 5 18 2 52 61 48 27 58 31 51 57 42 11 37 44 56 45 46 59 4 28 26 39 41 3 49 50 32 33 35 62 20 63 19 24 64 43 
27 30 28 47 63 40 14 38 54 22 44 25 4 33 45 24 62 64 49 59 55 1 29 20 41 17 43 51 19 9 39 13 36 23 7 32 8 56 18 6 52 42 11 10 50 26 53 16 48 35 57 31 60 61 21 34 3 2 46 15 5 12 58 37 
64 19 45 44 43 57 7 22 12 37 13 41 32 56 8 27 53 5 18 51 50 39 60 46 24 3 62 23 42 16 33 49 30 4 20 10 28 1 47 35 15 25 36 63 29 58 31 48 2 9 17 14 52 38 54 40 21 26 55 59 34 11 61 6 
36 39 20 33 12 55 50 3 60 42 38 57 2 59 11 46 52 34 27 17 26 31 19 30 21 14 58 4 32 48 29 56 53 45 43 54 9 5 63 64 62 18 49 7 6 35 40 61 37 1 47 15 23 51 13 24 16 10 22 25 44 41 28 8 
54 4 2 23 61 8 32 60 51 20 18 16 62 40 53 19 6 7 47 42 11 37 21 41 36 22 64 35 31 38 26 44 50 25 34 15 46 12 3 52 5 55 43 14 1 30 24 17 63 56 28 45 59 10 29 58 33 27 49 39 57 13 48 9 
41 18 35 37 5 10 9 62 1 47 31 26 52 15 29 48 58 14 36 2 28 43 25 32 34 11 30 53 63 8 57 55 24 13 59 44 49 61 19 33 3 64 38 54 51 22 39 21 42 27 16 6 20 4 46 12 23 60 50 45 7 40 56 17 
52 59 48 56 13 58 24 6 64 35 17 39 49 3 9 10 40 63 4 61 23 15 16 45 7 37 25 50 20 28 54 46 29 55 41 21 14 26 60 38 12 2 33 57 34 47 27 19 5 44 36 62 22 11 8 43 51 30 1 42 53 32 31 18 
11 46 49 51 31 42 26 34 61 28 63 21 5 43 58 50 56 24 33 57 44 48 35 3 10 45 15 6 12 59 1 27 17 16 37 39 22 2 40 62 20 8 41 23 60 13 9 32 18 7 64 30 25 53 19 55 54 52 38 47 4 14 29 36 
59 63 21 55 11 14 13 52 7 27 26 9 61 48 57 30 42 1 40 6 36 23 31 17 19 2 37 15 51 43 4 28 5 53 12 35 47 62 54 49 60 45 10 39 38 46 8 44 22 25 29 16 24 34 64 18 20 33 41 58 50 3 32 56 
10 44 57 26 37 5 39 50 25 49 56 29 54 19 36 42 4 60 2 46 3 51 15 24 33 21 7 9 45 40 58 6 14 22 61 16 34 55 20 43 23 27 59 17 11 64 48 1 13 62 8 63 30 32 41 31 12 53 18 38 52 28 47 35 
9 3 18 43 62 2 38 31 35 6 45 23 21 22 4 34 44 61 64 48 63 50 32 52 20 36 24 26 5 12 56 30 13 11 1 40 19 42 8 39 54 41 57 47 14 15 51 33 49 58 60 37 17 28 55 53 10 29 25 7 16 59 27 46 
33 27 6 48 25 7 23 64 32 12 37 62 58 10 47 41 29 16 34 21 18 56 55 39 54 35 22 14 38 61 8 60 63 51 28 4 31 45 36 26 50 30 53 40 20 24 13 2 11 46 1 42 15 3 52 59 5 9 19 57 17 43 44 49 
35 1 51 28 8 29 61 54 63 44 46 31 59 5 17 40 38 11 45 13 10 20 57 58 53 39 50 27 34 23 25 52 56 21 48 7 41 6 30 32 22 3 19 49 16 42 18 9 14 2 12 43 33 47 4 26 24 37 60 62 64 15 36 55 
30 47 46 20 45 36 53 42 18 11 51 64 28 16 60 52 35 19 8 54 14 49 43 22 32 41 17 44 62 57 3 59 38 58 9 24 15 25 33 10 55 4 21 34 37 29 5 12 50 6 40 56 27 48 7 23 1 13 2 31 39 26 63 61 
4 58 22 32 40 15 41 16 33 53 3 43 13 24 1 38 5 47 62 27 12 28 26 37 49 64 31 11 10 55 48 18 44 2 60 46 29 59 50 17 7 35 61 56 52 25 63 6 19 36 51 21 57 20 39 9 8 45 34 14 23 54 30 42 
60 56 17 34 24 12 49 19 39 55 8 50 20 2 14 15 25 41 59 9 53 30 7 33 63 1 29 13 16 42 46 47 23 3 52 27 64 18 37 57 26 43 28 36 58 32 62 31 38 54 5 35 10 44 45 61 40 51 21 22 48 6 4 11 
28 42 7 4 34 39 37 15 58 43 61 22 47 55 35 12 50 9 52 49 30 38 36 29 6 46 33 19 64 63 5 17 40 57 24 20 32 14 62 8 1 54 13 53 23 60 56 11 59 18 21 10 48 16 51 2 45 3 26 27 31 44 25 41 
31 64 47 45 54 19 18 55 52 3 42 1 17 41 63 4 26 2 28 58 24 11 37 15 59 25 27 43 56 62 13 21 34 60 29 33 6 10 44 30 36 48 39 50 49 7 16 40 8 57 35 61 32 5 23 22 38 14 51 53 20 9 46 12 
32 14 29 13 9 23 52 56 27 34 50 38 57 44 48 59 8 39 1 64 46 3 47 16 40 60 10 37 26 51 20 45 49 36 31 5 7 11 35 41 18 12 15 33 22 17 6 43 58 19 63 53 42 25 30 4 61 28 62 21 24 55 2 54 
50 49 53 41 46 59 6 61 40 51 16 19 30 23 33 39 21 43 22 10 32 63 14 7 47 54 8 42 1 36 31 48 3 18 15 55 27 37 64 13 45 26 34 20 4 2 28 25 44 17 9 24 62 12 38 52 60 58 11 29 35 56 57 5 
17 40 26 10 2 35 48 8 45 21 62 15 60 64 7 32 19 6 44 55 31 33 5 25 14 30 38 39 22 53 18 9 61 46 16 12 43 51 4 56 27 24 58 59 57 3 47 41 54 28 49 29 37 13 11 20 50 63 42 34 36 23 52 1 
62 51 1 58 57 38 5 20 36 31 24 11 10 37 46 49 45 59 35 40 54 18 61 42 12 52 28 34 23 29 2 3 21 47 26 63 25 39 48 53 9 19 30 64 8 44 55 14 56 15 33 60 50 41 43 27 7 16 6 4 32 17 13 22 
16 43 30 12 3 63 33 21 20 56 29 13 18 53 25 9 27 51 57 41 4 60 34 23 11 24 32 58 15 7 44 50 28 17 22 2 59 54 52 45 42 37 35 5 61 38 10 62 36 14 31 55 6 1 26 46 19 64 39 49 47 8 40 48 
24 25 11 27 44 60 22 36 8 54 5 6 14 28 26 2 17 13 48 56 20 12 53 62 16 57 55 61 41 35 49 4 42 50 23 19 58 38 9 1 21 32 63 46 31 52 29 51 39 40 34 47 7 45 3 64 59 18 10 30 37 33 43 15 
1 53 3 29 6 43 51 26 48 16 49 55 46 20 18 58 13 62 15 34 45 42 59 60 28 4 2 54 50 22 63 12 9 40 64 11 10 17 57 23 47 36 37 38 39 27 44 56 24 52 19 41 5 14 31 21 30 32 33 61 25 35 8 7 
61 13 56 15 60 9 12 41 47 10 14 27 50 4 22 36 23 18 53 43 21 7 17 51 64 19 20 45 52 31 37 38 39 29 42 62 5 63 59 24 57 11 1 30 2 16 49 8 35 32 44 25 55 33 34 6 58 46 40 3 28 48 54 26 
20 2 4 24 19 34 57 10 62 59 30 32 33 38 56 45 31 58 14 22 52 44 9 26 8 27 51 7 29 47 42 5 18 35 46 37 16 28 1 12 53 17 64 25 48 6 61 54 60 43 3 49 63 40 50 11 55 39 13 23 41 36 15 21 
23 31 55 40 52 33 64 25 21 57 39 37 41 6 51 63 46 54 12 3 5 61 1 38 35 56 48 30 59 34 60 58 15 7 4 49 45 50 43 44 29 20 22 28 9 10 32 24 16 53 13 18 2 26 36 8 17 11 27 19 14 62 42 47 
7 35 59 54 49 45 47 14 11 17 28 12 24 9 40 1 36 30 19 16 33 29 63 27 57 44 53 32 39 6 55 41 2 61 13 8 26 22 25 21 51 62 3 58 15 23 60 5 64 4 42 46 56 37 20 48 52 50 31 18 43 10 38 34 
39 22 58 30 42 18 11 32 15 8 19 44 31 52 2 60 20 56 37 50 25 24 28 55 61 9 46 62 33 17 23 14 47 48 53 41 3 27 6 36 35 7 40 43 26 21 34 13 57 51 38 54 45 29 10 1 49 59 63 16 12 4 5 64 
44 37 8 63 16 17 62 27 42 64 25 34 53 61 13 5 49 57 32 35 2 10 48 40 3 26 36 21 11 15 43 24 54 14 33 52 38 31 55 58 46 50 18 19 45 12 41 4 28 30 59 7 47 23 22 39 6 56 29 60 9 1 20 51 
21 5 50 36 38 48 28 46 29 23 43 54 35 7 3 26 64 8 39 47 41 6 11 4 25 49 16 1 13 18 10 40 51 56 32 60 30 20 34 19 63 14 31 52 42 55 33 59 9 61 62 12 58 15 27 17 53 57 45 24 2 22 37 44 
48 17 33 2 30 16 10 43 49 13 4 46 51 58 64 29 3 26 23 32 60 45 18 36 55 34 39 41 28 19 59 20 27 9 56 22 42 8 38 14 40 52 12 24 35 11 21 50 31 47 7 1 44 62 37 54 25 15 5 6 63 61 53 57 
6 38 60 49 39 28 4 13 44 19 52 14 42 18 34 25 51 50 11 24 7 58 46 53 17 15 35 56 43 37 16 10 12 62 21 29 33 64 45 55 32 5 9 61 54 20 26 57 27 8 22 59 41 2 63 36 31 48 47 1 40 30 23 3 
42 52 9 50 51 22 27 57 16 5 23 35 12 11 28 55 15 33 21 29 40 64 10 31 45 13 60 8 47 30 62 53 37 19 2 6 48 7 58 54 39 63 25 1 43 14 46 36 32 26 61 20 4 17 56 3 41 34 59 44 18 49 24 38 
55 32 64 62 26 54 35 59 56 15 22 3 36 50 41 53 30 12 6 19 42 17 20 47 5 29 23 46 49 24 38 25 57 34 39 1 63 13 11 61 16 28 44 27 33 31 7 45 10 60 58 40 18 52 48 14 2 21 37 43 8 51 9 4 
3 23 40 31 14 20 58 63 26 30 9 45 43 21 61 8 57 48 41 1 59 16 39 5 51 50 12 64 44 54 11 22 32 52 25 36 17 35 49 28 56 29 2 4 18 37 38 47 53 42 46 13 34 24 6 15 62 55 7 33 10 27 19 60 
12 11 15 25 21 41 44 1 37 33 10 48 38 17 54 31 61 35 55 52 34 27 13 2 26 40 63 18 3 14 32 7 46 43 5 47 23 4 24 20 58 51 6 8 62 53 59 60 30 49 50 57 19 9 16 29 28 42 56 36 22 64 45 39 
29 36 5 19 56 53 34 7 24 60 47 2 39 1 27 62 37 4 43 28 38 8 49 63 48 58 9 57 61 52 6 42 26 10 40 59 18 44 31 16 30 15 23 13 55 41 22 3 12 21 45 51 35 64 33 25 11 54 32 17 46 50 14 20 
45 61 37 8 47 24 46 18 6 40 59 63 7 57 32 20 54 44 25 62 56 14 22 9 4 33 1 31 21 27 36 2 60 41 3 30 53 15 51 50 10 49 48 42 64 19 17 34 23 11 43 5 39 55 28 38 26 35 58 52 13 16 12 29 
58 62 43 52 53 26 45 51 41 38 15 49 44 36 59 22 28 29 61 31 39 46 33 19 42 10 6 12 27 64 7 63 20 32 14 50 4 47 21 18 17 56 55 60 25 8 35 23 34 48 54 2 16 30 5 13 37 40 3 9 11 57 1 24 
63 55 44 60 7 47 40 35 28 25 1 4 29 13 23 18 16 10 5 12 22 34 24 57 50 32 56 38 58 20 14 11 19 42 51 17 37 53 2 3 64 21 26 6 59 62 43 30 15 45 52 36 31 8 9 41 46 49 48 54 61 39 33 27 
49 33 41 42 1 25 31 29 9 45 21 58 37 46 12 54 32 53 60 38 35 2 64 11 62 59 13 17 48 5 30 19 8 44 10 26 36 43 39 34 61 57 27 16 3 18 14 15 7 20 24 22 51 6 40 63 47 4 23 56 55 52 50 28 
38 54 34 14 18 46 56 48 57 50 20 5 16 35 62 17 55 49 58 37 43 36 4 8 2 31 26 3 53 41 40 15 1 6 27 61 60 23 28 22 11 47 32 51 24 9 52 39 29 33 25 64 12 19 44 42 63 7 30 13 45 21 10 59 
37 6 19 11 28 32 30 4 14 2 60 52 34 27 31 51 63 17 3 7 48 21 41 56 44 18 45 24 54 46 47 8 35 12 57 9 55 33 15 25 49 40 42 22 13 36 1 10 43 59 23 39 61 58 53 50 29 20 64 5 62 38 26 16 
57 16 39 9 15 61 20 2 10 7 6 8 40 32 30 3 47 42 54 14 51 26 44 50 22 23 52 60 55 4 21 35 45 64 62 13 24 48 56 59 34 53 5 29 28 33 19 63 46 37 27 38 11 18 1 49 43 36 17 12 58 25 41 31 
5 10 23 22 59 21 36 24 55 39 64 53 48 63 42 61 9 40 13 15 27 52 6 1 43 16 57 29 25 33 28 51 41 30 54 58 11 49 46 7 44 38 50 31 12 45 20 37 17 3 56 4 26 35 62 47 14 19 8 32 60 34 18 2 
13 50 27 17 64 3 8 12 43 24 11 47 56 26 19 33 59 45 30 20 62 25 23 18 37 61 49 36 9 39 34 1 31 5 63 38 52 29 16 40 41 46 54 48 7 4 2 58 21 10 55 32 14 60 57 28 15 22 44 51 6 42 35 53 
15 20 38 3 35 50 54 45 5 63 33 60 19 49 16 64 1 52 24 4 8 13 12 21 56 6 42 48 40 25 9 32 55 26 36 28 39 46 53 47 2 34 62 37 17 43 23 18 51 31 14 11 29 57 59 30 22 44 61 41 27 58 7 10 
51 28 63 59 27 37 60 44 4 46 32 7 11 42 39 57 10 55 9 23 19 41 30 54 58 43 34 20 2 1 12 64 25 31 35 18 62 16 22 15 14 61 29 3 56 5 36 49 33 38 6 52 13 21 24 45 48 8 53 50 26 47 17 40 
43 34 52 64 48 13 21 30 53 18 40 56 15 31 44 37 11 3 46 39 17 47 50 6 23 7 14 63 4 10 45 16 33 59 38 42 61 9 27 29 24 58 60 55 19 1 54 22 41 5 2 26 8 49 35 32 36 12 57 28 51 20 62 25 
25 57 36 61 10 31 17 11 22 9 41 59 8 54 55 14 18 15 7 26 29 32 2 43 30 38 3 49 46 13 53 62 58 24 45 51 20 34 5 48 4 6 16 44 47 28 42 27 40 64 37 50 1 63 12 56 39 23 52 35 33 60 21 19 
19 7 14 46 41 4 2 33 38 29 48 17 3 25 21 28 34 20 42 5 16 22 40 61 27 55 18 59 24 44 50 26 10 54 11 57 1 32 12 60 8 13 52 35 63 51 30 64 47 23 53 58 36 39 15 62 9 6 43 37 56 31 49 45 
18 26 12 39 22 62 1 23 30 58 27 24 6 51 52 13 14 36 63 60 49 35 56 44 31 28 54 47 37 11 17 33 64 8 19 3 21 40 7 4 38 9 45 41 10 57 50 53 25 34 20 48 43 46 61 16 42 5 15 55 29 2 59 32 
40 29 16 53 58 56 55 47 50 1 12 36 26 62 10 35 33 37 51 25 64 57 45 28 15 5 61 52 8 60 19 39 43 49 6 23 13 41 17 2 59 31 7 32 21 48 11 20 3 22 18 9 54 27 42 44 4 38 24 46 30 63 34 14 
8 9 24 6 32 49 42 5 2 61 34 20 23 45 43 47 48 27 31 53 58 62 38 59 29 51 41 22 36 21 35 57 52 63 50 56 44 30 14 37 25 33 46 12 40 39 15 26 4 55 10 17 28 7 60 19 64 1 54 11 3 18 16 13 
################proper############## 

 average_time = 1754.648669 

 success runs = 1 

 total average iters = 92091058.000000 
