Success!!! 
 
 max_col = 
 64 
 
 run_time = 
 743.915251 
 
 once iters = 
 28716087 
 
45 13 4 54 23 50 14 52 39 51 42 41 19 8 53 40 6 11 57 29 12 21 5 31 32 35 24 48 25 9 26 34 7 61 18 38 47 20 22 36 30 28 16 33 3 43 44 10 62 46 63 1 55 15 59 64 56 2 27 60 17 49 37 58 
21 16 11 37 38 32 10 3 33 1 61 63 13 18 58 9 60 28 41 62 25 22 2 36 12 5 44 14 47 40 55 42 4 34 59 56 35 48 57 27 6 46 54 53 17 64 51 26 29 20 39 43 45 30 49 24 31 50 15 19 23 52 8 7 
41 19 35 26 59 34 33 28 37 23 46 60 44 54 15 7 48 4 14 30 3 39 18 58 49 10 50 1 13 27 6 16 43 8 45 12 25 32 17 9 38 52 42 62 40 56 22 2 61 57 31 11 51 21 36 5 29 24 63 53 20 47 64 55 
31 51 53 9 42 8 20 62 3 47 24 43 57 36 5 17 49 45 23 61 35 46 34 54 60 56 4 19 15 37 63 33 64 50 10 11 55 21 52 2 18 41 29 32 14 59 39 13 25 6 44 58 16 28 27 7 12 1 48 30 38 22 26 40 
47 18 22 55 64 48 56 60 52 30 2 27 29 12 25 16 37 50 32 42 7 15 19 38 59 51 39 54 31 20 58 43 46 49 28 1 26 41 63 40 45 36 8 34 57 5 11 24 10 4 33 53 23 13 17 3 61 35 21 44 14 9 6 62 
6 30 44 5 43 40 49 58 4 45 56 50 22 31 26 55 64 24 1 33 20 13 47 9 17 52 38 36 46 21 53 2 62 29 14 51 16 54 3 15 35 7 60 27 23 63 61 19 42 34 8 37 41 32 48 12 59 25 39 10 18 11 28 57 
17 61 29 27 39 36 46 15 6 11 14 38 21 49 28 10 56 59 40 52 43 63 8 16 62 57 41 3 23 64 18 7 33 37 30 44 13 31 53 24 1 48 58 55 25 50 20 12 47 26 22 2 35 19 60 9 5 45 34 42 32 54 4 51 
25 2 63 1 57 24 12 7 48 64 59 62 35 32 20 34 44 10 27 17 26 53 51 55 29 28 45 22 61 8 11 30 60 5 39 58 19 6 23 42 49 37 9 21 4 15 31 47 18 52 40 50 56 14 38 54 43 3 13 46 33 36 16 41 
18 50 15 3 4 60 41 11 64 43 20 26 59 35 63 51 12 34 38 10 16 17 28 45 22 29 21 32 44 13 1 36 56 14 58 40 5 19 47 53 33 2 55 37 42 39 30 57 24 27 25 8 52 62 7 48 9 46 23 49 54 61 31 6 
48 1 16 21 55 35 47 24 7 12 53 37 60 23 34 19 51 5 46 27 30 25 57 2 39 64 59 15 42 45 52 49 10 6 63 36 3 8 9 32 4 22 41 13 18 28 40 43 31 44 50 61 38 54 20 17 33 11 26 29 62 56 58 14 
27 42 52 59 37 2 63 56 5 32 41 46 58 13 14 11 26 55 53 36 22 40 49 64 18 61 20 51 57 6 4 23 48 38 1 30 29 7 28 54 44 45 47 35 31 62 8 17 33 9 12 15 3 39 34 60 25 16 19 24 43 10 21 50 
28 39 26 22 29 44 51 33 61 16 52 56 3 30 9 48 43 19 8 13 31 7 37 11 46 40 54 50 10 60 47 62 15 18 24 35 59 42 64 45 27 21 25 58 6 38 32 63 49 23 57 41 4 55 53 14 20 34 36 1 12 2 17 5 
38 6 8 43 32 9 7 10 55 54 25 42 39 45 17 36 59 23 44 4 62 41 48 1 11 53 26 33 12 14 5 31 61 27 21 16 60 2 49 51 3 19 52 50 56 24 34 20 40 35 46 63 58 29 22 37 57 13 64 47 28 30 18 15 
20 12 5 30 58 45 62 49 57 29 8 47 28 38 24 2 15 18 63 14 32 54 52 50 56 27 9 35 3 19 48 25 34 17 44 33 31 39 37 11 36 26 23 61 46 60 7 16 43 64 51 13 1 10 21 6 41 59 42 55 22 4 40 53 
19 34 25 36 14 23 40 53 21 6 50 10 31 4 22 49 35 58 9 24 60 33 3 61 41 38 37 28 2 30 7 17 57 26 55 46 43 62 20 13 54 59 51 12 1 29 64 15 5 42 18 16 47 11 32 56 48 39 52 45 27 44 63 8 
46 64 13 57 54 61 17 31 27 33 18 40 15 1 62 44 47 20 56 21 42 29 6 39 16 43 8 55 58 34 24 63 23 12 50 52 22 4 41 25 5 14 10 48 11 49 53 9 26 30 59 19 36 2 28 45 32 37 35 51 7 38 60 3 
56 3 64 2 19 12 21 59 49 52 63 31 14 50 18 23 54 38 28 46 45 51 10 13 53 37 57 24 5 29 22 60 9 33 26 6 27 17 61 30 11 62 7 15 55 25 47 42 8 48 4 35 43 44 40 41 34 20 16 58 39 1 36 32 
8 41 6 23 53 46 54 57 56 44 43 13 30 60 38 4 24 63 48 25 61 36 33 29 51 31 64 62 17 52 39 27 35 55 42 50 14 45 1 10 34 20 28 49 21 58 5 18 32 2 15 59 37 9 19 16 3 26 7 12 11 40 47 22 
37 28 7 38 20 27 39 4 29 8 9 22 17 5 41 12 1 2 31 18 19 30 40 35 42 59 48 56 26 23 61 44 16 54 15 25 49 46 51 58 43 57 33 3 32 14 13 53 11 45 6 34 10 36 63 47 24 21 50 64 55 62 52 60 
14 31 36 47 52 13 43 1 25 48 10 57 33 21 40 3 32 42 5 16 50 55 12 37 45 11 6 34 41 49 28 54 20 64 62 59 8 24 2 63 17 39 4 44 26 61 27 38 58 7 56 60 53 46 18 22 19 30 29 23 9 15 51 35 
58 33 10 29 22 11 44 9 46 37 62 45 36 61 16 27 34 64 52 7 15 26 56 8 40 18 55 63 20 35 50 4 47 43 32 57 39 5 21 28 19 1 6 30 51 48 60 41 14 49 23 24 12 3 31 25 13 42 17 54 2 53 38 59 
50 26 49 34 25 5 55 17 47 53 51 32 20 11 59 42 58 6 4 41 44 57 27 14 19 9 46 8 36 2 15 12 3 52 60 7 23 29 38 48 37 40 24 22 54 35 16 31 21 1 64 30 62 61 39 13 28 18 10 63 56 45 33 43 
63 32 24 15 18 30 42 16 1 39 6 19 55 28 35 64 9 62 59 20 53 43 60 17 7 3 58 25 21 10 38 47 37 40 22 41 11 44 13 34 23 50 36 56 45 12 2 46 51 5 26 52 33 27 54 29 14 31 49 8 4 57 48 61 
35 60 62 40 48 51 61 45 54 15 26 7 34 24 2 58 22 49 39 23 21 47 11 3 43 13 14 16 32 33 30 1 36 53 31 18 4 56 12 19 10 8 64 63 52 9 29 59 17 38 28 55 20 42 57 50 27 44 25 5 41 6 46 37 
60 44 3 45 40 21 26 35 63 4 36 33 1 51 61 41 8 53 7 43 13 50 24 23 37 49 31 58 48 11 42 46 5 57 38 32 18 25 54 16 47 30 17 6 39 2 28 64 9 12 29 20 15 22 55 59 52 14 62 56 10 34 27 19 
2 5 43 63 12 4 53 8 35 9 45 28 27 58 7 57 41 26 3 6 34 42 30 44 61 62 29 13 38 39 14 20 49 1 36 21 50 33 46 56 25 11 18 40 24 23 52 37 48 51 32 54 60 31 10 19 47 22 55 59 16 17 15 64 
39 58 27 10 46 55 9 18 44 14 22 15 8 52 32 50 61 1 25 60 47 62 21 59 63 23 2 6 24 4 34 56 19 45 12 37 42 3 48 41 29 38 20 51 16 57 26 36 53 17 35 40 13 5 64 11 7 33 43 28 30 31 49 54 
11 20 14 62 28 64 32 42 60 21 19 55 23 25 54 30 31 22 37 57 10 27 29 40 15 1 16 5 33 17 44 51 52 7 47 13 34 58 6 35 46 63 61 59 12 53 48 49 3 43 36 56 18 26 41 2 50 38 4 39 24 8 45 9 
30 29 1 61 34 54 57 13 62 42 12 48 16 56 31 39 38 33 17 9 11 64 15 63 52 19 27 59 22 43 35 53 55 60 40 26 51 28 8 23 32 10 44 5 50 3 58 14 45 47 24 4 49 7 25 46 37 41 6 18 36 20 2 21 
51 7 50 24 36 31 59 6 38 20 17 53 40 43 3 37 5 32 16 2 4 49 35 18 64 25 47 26 55 41 8 10 11 63 9 29 44 15 27 14 22 54 62 42 19 33 45 56 39 21 34 28 30 52 58 57 46 60 12 61 13 48 1 23 
23 22 38 48 33 47 15 19 2 13 11 29 24 10 49 59 14 12 20 54 36 56 46 52 3 21 40 18 28 7 45 32 17 4 64 62 61 43 30 39 41 27 31 9 34 55 35 60 44 37 1 6 42 16 50 8 26 58 5 25 57 51 53 63 
49 56 17 41 16 52 25 37 26 34 64 18 5 47 6 46 55 39 45 51 48 19 58 28 30 60 36 12 50 54 57 9 22 24 2 53 10 59 31 20 7 4 15 8 13 21 43 1 23 33 27 14 61 63 62 38 35 40 32 3 42 29 11 44 
7 62 39 53 6 49 60 64 51 55 34 61 45 9 44 24 16 52 35 28 14 48 59 57 21 58 10 23 40 1 12 13 30 3 56 42 54 26 32 47 50 33 46 19 38 20 15 5 36 41 17 31 25 37 11 27 18 63 2 22 8 43 29 4 
52 23 9 17 51 28 13 25 10 19 37 2 49 59 36 21 20 46 61 12 27 5 22 26 50 39 11 31 35 42 29 57 6 15 33 8 1 53 16 38 64 18 34 43 30 45 54 3 56 32 60 62 63 47 14 4 40 7 58 41 48 55 44 24 
61 35 58 14 15 43 18 38 32 57 54 39 46 62 8 33 19 9 2 37 29 6 25 53 55 63 3 17 27 47 36 52 12 28 4 20 41 40 50 59 26 23 56 31 44 42 10 48 1 22 13 7 34 24 45 51 11 49 60 16 21 64 5 30 
32 47 33 8 5 57 36 30 50 27 4 20 18 22 56 1 40 43 55 15 17 34 23 10 14 54 61 2 19 16 41 37 45 35 11 31 63 60 24 7 52 49 39 29 62 51 9 21 28 58 38 48 64 12 44 42 53 6 46 13 26 3 59 25 
24 10 37 46 50 1 4 27 23 41 60 12 63 40 13 26 33 21 11 58 38 32 36 56 20 22 53 64 7 48 25 45 2 9 5 49 52 61 44 18 28 35 14 17 59 8 6 55 15 16 19 29 57 43 3 30 42 51 54 62 47 39 34 31 
29 59 55 44 26 22 2 20 30 5 48 6 7 53 11 15 13 3 47 45 39 8 31 42 4 46 34 60 43 51 56 24 14 62 23 64 17 37 25 21 16 61 40 41 36 32 63 58 52 18 49 33 54 50 35 10 38 27 1 9 19 28 57 12 
54 45 56 12 21 42 34 48 14 3 58 16 47 64 29 31 63 44 24 49 1 18 4 41 5 30 33 9 8 38 62 28 39 13 19 27 36 51 43 55 53 25 11 7 60 37 57 22 46 61 2 23 59 6 26 40 10 15 20 32 52 50 35 17 
16 11 40 31 63 19 3 41 17 38 35 25 43 42 52 28 62 54 30 50 64 60 7 51 26 15 32 44 59 18 49 6 29 46 48 22 58 10 34 57 13 24 12 2 47 27 1 4 20 55 21 9 39 8 5 53 36 23 56 14 37 33 61 45 
34 14 28 52 17 26 1 5 24 18 32 51 53 44 33 45 2 15 49 48 54 20 61 60 27 50 23 57 6 55 3 58 38 30 46 47 64 63 4 29 59 12 35 36 8 11 25 39 19 13 41 22 31 56 16 43 62 9 37 7 40 21 42 10 
4 25 54 13 47 41 6 63 9 31 5 36 56 7 27 20 28 17 19 34 57 58 1 32 48 26 49 39 30 24 37 22 51 59 52 43 53 23 62 61 2 60 45 14 15 16 42 44 64 40 10 46 29 38 8 21 55 12 11 35 50 18 3 33 
15 49 57 7 2 59 23 36 12 10 40 54 52 37 43 35 29 25 64 31 56 16 45 22 28 14 62 21 11 5 17 38 44 42 41 3 33 55 19 6 48 34 53 47 58 46 18 32 50 24 30 51 9 60 4 39 63 61 8 27 1 13 20 26 
44 43 61 58 35 33 64 50 8 2 47 34 26 6 1 38 10 14 42 40 55 24 39 7 54 32 15 29 4 59 19 18 21 56 13 28 12 16 5 60 63 51 3 20 9 31 17 27 37 62 52 25 11 45 23 36 49 48 22 57 53 41 30 46 
10 24 30 42 3 62 31 32 16 60 21 23 64 14 46 22 27 13 43 53 18 35 41 5 9 20 25 52 63 36 33 40 50 39 8 54 45 1 11 37 56 6 49 57 7 26 55 29 34 28 47 17 44 48 12 61 15 4 51 38 58 59 19 2 
12 9 51 39 60 18 16 22 11 50 28 4 62 41 57 13 23 8 6 44 46 59 63 21 35 7 1 43 53 31 64 61 27 48 34 2 15 36 58 17 40 5 19 10 37 54 38 30 55 3 20 42 14 49 33 26 45 32 47 52 29 24 25 56 
53 48 19 11 27 38 45 21 59 49 55 17 25 39 42 29 4 37 12 3 51 52 26 30 47 16 56 10 34 44 46 8 24 32 57 9 20 18 40 22 62 13 50 1 61 41 23 33 35 15 7 5 2 58 6 63 54 43 31 36 64 60 14 28 
40 8 46 20 56 37 29 55 19 58 15 30 61 3 48 63 50 47 36 11 33 38 9 62 2 42 60 45 51 12 13 41 26 31 25 14 7 35 10 49 21 64 22 28 43 4 24 52 57 53 54 18 27 59 1 32 23 5 44 17 6 16 39 34 
57 37 41 6 31 3 28 39 20 61 7 8 48 29 4 56 42 35 21 26 23 2 14 34 25 47 5 38 49 32 54 59 13 10 53 19 9 30 60 44 55 43 63 11 22 52 12 51 27 50 16 64 40 1 24 33 58 17 18 15 45 46 62 36 
13 46 34 35 61 58 5 47 43 28 38 44 11 16 19 18 53 7 29 56 63 4 20 25 24 36 17 40 62 26 9 55 31 41 6 45 21 12 42 50 39 32 48 23 10 30 33 8 59 60 14 3 22 51 52 15 1 64 57 2 49 37 54 27 
62 53 23 33 45 20 24 29 42 40 1 21 9 17 64 60 18 30 51 38 59 31 50 27 58 34 7 4 56 63 10 11 25 22 54 15 32 47 36 52 14 44 57 26 5 19 46 28 2 39 37 49 48 41 13 35 6 8 61 43 3 12 55 16 
43 4 12 25 11 14 48 40 36 59 23 24 32 2 37 62 45 61 15 55 5 44 13 49 8 6 30 46 60 57 21 50 58 20 3 39 56 27 35 1 31 42 38 16 64 17 41 54 63 29 53 10 26 18 9 28 22 52 33 34 51 19 7 47 
42 55 21 32 7 16 50 54 34 63 13 49 51 27 39 52 57 41 58 22 40 1 43 47 44 48 19 53 45 61 20 64 8 23 17 24 28 14 33 46 15 29 37 18 2 36 3 35 30 31 5 12 6 4 56 62 60 10 38 26 59 25 9 11 
9 38 18 60 49 17 8 51 31 26 3 14 12 46 55 47 52 48 10 19 24 28 32 6 33 2 35 37 16 22 23 15 63 11 7 5 57 64 29 62 61 56 1 4 27 40 59 25 54 36 58 45 21 34 43 20 30 53 41 50 44 42 13 39 
1 36 2 56 30 63 19 44 22 25 33 58 6 15 10 53 11 60 54 64 37 3 62 12 31 41 13 27 52 28 51 39 18 16 43 61 48 38 59 26 9 47 21 24 49 34 50 45 7 8 55 57 46 17 42 23 4 29 14 40 35 5 32 20 
22 52 59 64 10 15 27 26 41 35 30 5 50 57 45 54 17 36 33 39 8 9 16 46 1 12 18 42 14 3 43 29 40 2 51 34 37 49 55 4 58 53 13 60 20 7 62 6 38 11 61 32 19 25 47 44 21 56 28 31 63 23 24 48 
33 17 32 16 62 6 35 2 15 56 57 59 38 55 50 25 30 29 18 47 41 61 64 43 10 44 22 49 54 53 40 3 42 19 27 4 46 52 26 12 8 9 5 45 28 1 37 34 60 63 48 21 7 20 51 58 39 36 24 11 31 14 23 13 
59 21 60 18 13 10 22 14 40 24 16 3 54 19 51 32 7 56 34 8 58 11 17 4 38 33 12 30 39 46 27 5 1 44 20 63 2 50 45 31 57 55 26 52 53 6 36 61 41 25 42 47 28 23 37 49 64 62 9 48 15 35 43 29 
3 54 42 4 8 53 11 12 18 62 27 9 10 20 30 6 46 51 22 32 52 45 44 33 13 55 28 41 37 15 31 26 59 25 29 60 38 57 7 64 24 58 2 39 48 47 56 23 16 14 43 36 5 35 61 1 17 19 40 21 34 63 50 49 
64 63 48 49 24 39 37 61 13 7 44 11 41 26 12 43 21 16 60 1 28 10 53 15 34 4 52 47 29 25 59 14 32 36 35 23 62 9 18 5 51 31 30 38 33 22 19 50 6 54 3 27 17 40 2 55 8 57 45 20 46 58 56 42 
55 57 31 50 41 29 58 34 53 46 49 1 42 63 21 8 36 40 26 5 2 14 38 48 23 45 51 61 9 62 60 19 54 47 37 17 30 13 56 43 20 3 27 64 35 44 4 7 12 10 11 39 24 33 15 52 16 28 59 6 25 32 22 18 
26 15 20 51 1 56 52 23 28 36 29 35 37 34 47 61 25 31 62 63 9 12 54 19 6 24 42 7 64 50 16 21 53 58 49 48 40 22 39 8 60 17 43 46 41 13 14 11 4 59 45 44 32 57 30 18 2 55 3 33 5 27 10 38 
36 40 47 19 44 7 30 43 45 22 39 52 4 48 60 5 3 27 50 59 6 23 42 20 57 17 63 11 18 58 2 35 28 21 16 55 24 34 14 33 12 15 32 25 29 10 49 62 13 56 9 38 8 64 46 31 51 54 53 37 61 26 41 1 
5 27 45 28 9 25 38 46 58 17 31 64 2 33 23 14 39 57 13 35 49 37 55 24 36 8 43 20 1 56 32 48 41 51 61 10 6 11 15 3 42 16 59 54 63 18 21 40 22 19 62 26 50 53 29 34 44 47 30 4 60 7 12 52 
################proper############## 

 average_time = 743.915251 

 success runs = 1 

 total average iters = 28716087.000000 
