Success!!! 
 
 max_col = 
 64 
 
 run_time = 
 737.999966 
 
 once iters = 
 26450875 
 
63 14 21 60 3 9 58 50 45 31 15 32 5 25 36 44 43 56 13 62 7 52 57 22 18 54 49 10 23 8 17 19 1 35 53 11 59 41 27 61 38 6 2 47 46 48 40 16 39 55 24 20 29 34 4 28 42 51 37 33 30 26 12 64 
53 33 46 43 18 22 35 1 63 16 24 58 50 41 13 28 45 48 19 61 34 26 55 44 64 25 9 30 51 29 57 42 7 6 14 32 62 39 15 37 4 20 52 59 17 49 12 56 11 60 40 31 2 10 8 36 21 54 23 27 3 5 47 38 
4 41 55 47 44 7 6 16 21 33 53 11 8 14 35 62 28 63 15 64 31 46 10 23 39 59 37 20 13 38 34 2 51 17 54 24 56 36 57 48 58 30 19 1 26 50 5 27 25 45 12 52 42 3 61 9 29 22 40 60 49 18 32 43 
30 59 37 54 13 11 52 27 57 6 48 22 49 2 40 17 36 51 42 3 1 18 58 29 44 5 32 24 7 35 60 47 45 64 20 63 12 28 34 38 41 25 61 14 39 15 55 9 50 26 56 43 23 33 21 19 8 46 10 16 31 53 4 62 
32 57 64 40 56 17 42 10 34 4 39 43 47 20 52 12 9 2 30 38 16 35 8 24 36 27 61 14 41 6 11 55 26 46 3 21 50 49 23 25 28 60 33 29 22 51 53 31 62 5 18 7 54 58 63 37 15 45 13 1 19 48 44 59 
20 26 12 15 34 61 25 19 1 29 23 27 7 3 10 37 59 49 33 40 41 21 5 14 53 56 52 48 46 62 31 50 18 58 9 43 55 60 44 4 13 32 11 42 45 35 8 54 16 38 47 22 51 6 64 30 39 57 36 63 17 28 24 2 
62 29 2 39 45 51 23 28 46 18 61 64 38 19 30 9 20 4 27 54 47 12 60 32 40 21 58 1 26 63 16 3 22 5 42 33 31 8 13 10 57 24 37 44 36 7 34 43 15 48 35 17 49 59 53 41 55 11 56 50 14 6 52 25 
5 38 8 49 31 24 36 48 56 59 26 60 42 51 55 54 53 6 50 11 39 17 25 37 22 15 33 43 4 28 45 12 16 52 29 40 30 2 47 19 62 18 23 63 21 3 64 10 57 13 46 1 44 32 27 14 61 20 7 34 35 9 41 58 
14 49 60 31 52 50 17 53 29 46 27 5 16 40 19 30 38 35 6 1 59 3 36 2 63 23 39 58 56 7 61 64 43 8 37 45 44 20 41 32 51 57 48 33 34 12 9 47 54 10 22 24 13 21 15 18 62 25 26 28 4 11 55 42 
16 58 30 1 15 39 38 12 55 20 3 2 17 62 28 49 31 19 37 45 60 56 48 61 50 18 44 47 43 46 32 34 21 11 36 10 24 22 35 51 29 40 63 6 41 26 59 14 23 52 42 8 53 64 25 4 13 33 9 57 7 54 5 27 
41 56 29 21 10 63 51 45 31 9 22 13 11 24 18 34 44 62 43 33 27 4 15 52 3 26 19 55 8 48 28 14 25 61 2 42 49 38 6 59 46 5 7 50 16 20 54 35 36 40 17 12 57 60 39 47 30 32 64 58 1 37 53 23 
44 37 47 7 22 19 4 57 32 41 8 21 51 58 6 38 12 54 46 42 13 14 53 30 24 35 40 16 20 27 36 52 48 60 33 31 28 29 18 23 39 15 10 25 43 64 62 11 1 49 9 50 5 26 45 55 63 17 3 56 59 61 2 34 
24 20 11 26 64 48 27 9 12 1 33 54 60 59 61 43 16 8 5 34 51 55 29 57 31 4 38 41 25 49 21 10 53 13 39 14 15 30 50 17 42 19 28 36 2 44 23 3 46 56 63 37 62 7 32 58 18 40 35 45 22 52 6 47 
13 61 33 28 42 23 3 40 39 45 44 56 26 52 47 48 11 24 25 22 20 9 63 50 12 53 2 17 5 54 15 6 62 27 64 34 57 7 4 1 37 8 55 32 18 58 30 38 19 31 59 16 43 51 14 35 10 49 60 46 21 36 29 41 
18 32 34 25 55 35 5 62 15 53 50 23 36 4 42 57 10 21 7 58 49 47 64 39 30 11 51 60 33 37 59 9 63 56 19 3 26 40 54 46 45 22 31 52 24 1 17 13 41 2 61 29 48 27 28 6 12 38 43 8 20 16 14 44 
36 54 6 2 59 46 43 8 7 63 14 25 64 10 37 35 17 28 32 23 26 40 18 41 1 42 22 13 29 57 62 45 47 55 58 52 16 12 9 5 60 56 53 4 49 61 27 21 3 44 11 30 38 20 33 34 48 19 15 51 24 31 50 39 
21 63 45 32 57 30 16 56 6 52 40 14 25 15 8 18 55 46 23 24 61 48 9 49 62 44 1 28 38 43 47 60 35 26 59 54 5 17 2 7 19 31 29 13 33 34 41 50 4 36 39 64 37 53 12 11 51 3 27 20 10 58 42 22 
48 50 24 42 2 3 62 34 35 58 47 49 43 16 53 41 1 5 40 17 29 15 19 56 52 10 64 26 27 51 23 18 20 39 6 4 46 9 61 30 32 59 45 54 28 63 36 8 22 57 60 13 55 31 38 33 11 14 12 21 37 44 25 7 
37 19 28 59 61 13 14 60 51 64 34 4 24 57 50 56 39 10 36 31 6 44 27 26 58 20 17 21 16 15 63 11 12 41 25 49 18 47 42 52 3 43 9 22 40 53 38 55 8 7 32 46 35 5 23 54 1 29 33 48 2 62 45 30 
35 17 1 5 27 58 22 23 9 32 30 37 31 29 2 10 8 50 21 53 28 63 42 34 13 33 54 25 55 39 41 36 64 15 62 57 45 44 56 14 7 47 12 60 11 24 16 18 6 61 3 49 20 48 26 51 59 43 4 19 52 46 38 40 
39 25 38 29 6 54 11 31 17 19 5 42 3 36 45 27 64 52 18 14 57 51 13 58 4 48 12 49 59 22 7 56 10 24 63 8 33 21 55 16 61 1 30 26 20 46 37 2 44 50 62 28 41 9 43 40 32 34 47 53 15 35 23 60 
10 4 41 64 12 40 55 46 60 7 38 26 1 44 22 39 47 33 11 59 45 20 37 35 32 14 3 61 31 2 29 30 36 53 48 23 27 50 43 28 5 17 51 57 25 42 21 62 18 58 34 63 24 19 52 15 9 6 49 54 56 8 16 13 
9 8 43 20 51 44 33 18 59 11 54 48 21 46 12 61 25 32 16 60 62 41 7 4 57 34 6 45 50 42 53 24 38 37 22 13 40 19 29 3 15 23 49 64 52 27 35 58 14 17 30 10 1 2 47 56 31 36 5 26 63 39 28 55 
49 15 7 36 26 53 47 52 13 28 20 62 63 33 23 55 30 22 3 12 54 2 43 38 9 37 5 46 40 19 8 35 31 1 34 51 32 58 11 60 14 39 44 56 4 6 10 48 27 29 25 21 45 16 59 42 50 61 17 41 18 24 64 57 
57 60 26 13 58 56 29 17 25 3 9 12 15 64 49 1 37 39 62 21 50 16 23 11 7 30 28 40 61 31 52 33 46 36 38 19 8 4 24 22 18 54 35 53 42 5 43 44 47 51 20 34 59 63 10 27 14 2 41 6 32 55 48 45 
55 43 22 10 5 38 30 14 2 27 58 19 41 47 16 60 33 26 61 29 35 24 56 3 20 45 13 6 37 36 18 57 40 54 11 17 23 51 49 31 8 4 34 12 15 9 48 46 53 21 44 39 32 62 42 52 7 28 50 59 25 64 1 63 
28 64 4 53 39 16 15 6 36 44 31 55 56 37 59 45 22 14 63 32 48 60 34 10 46 29 41 8 24 26 2 51 13 33 47 35 58 5 25 21 20 52 1 11 7 23 3 17 12 30 54 18 61 40 57 50 43 62 42 9 38 27 49 19 
42 47 18 9 19 36 59 2 50 17 4 61 28 21 14 8 54 1 51 5 58 49 20 13 27 38 48 56 44 11 39 15 29 32 45 55 37 34 3 53 24 62 26 41 63 25 57 40 60 43 7 35 31 22 6 64 33 16 30 52 12 23 46 10 
40 23 48 27 35 41 32 61 20 38 51 63 10 11 57 46 52 25 12 6 8 42 45 59 54 9 55 62 1 3 14 53 2 50 44 26 64 56 7 43 47 16 36 31 58 30 19 60 37 24 13 33 17 28 5 49 4 21 22 18 34 29 39 15 
45 44 54 50 1 12 21 20 48 26 13 7 18 34 62 53 19 41 9 55 30 31 46 36 17 43 23 59 32 4 5 22 39 63 28 27 52 16 14 42 10 33 64 49 29 38 51 6 2 3 15 58 11 8 56 25 47 24 57 61 60 40 37 35 
11 7 31 52 46 37 49 51 30 5 35 40 54 39 24 33 27 47 57 15 43 53 4 28 42 63 21 12 34 64 19 25 6 18 10 60 41 62 1 20 22 50 32 55 59 2 13 61 45 23 14 38 16 29 9 48 36 8 44 17 26 56 58 3 
33 34 25 3 8 62 24 63 42 43 32 6 52 22 29 23 40 17 44 7 2 64 38 18 47 50 60 35 49 58 10 16 59 9 61 15 48 57 30 12 21 27 14 28 56 39 45 37 55 4 19 41 46 1 36 26 53 31 11 5 54 51 13 20 
19 21 14 46 37 45 1 36 8 2 55 10 61 30 15 7 49 40 31 48 56 33 59 47 51 39 29 63 18 41 9 58 54 34 35 64 17 6 5 57 12 42 4 62 50 11 25 32 13 20 26 23 28 52 22 60 24 44 16 38 43 3 27 53 
64 48 50 62 40 57 8 55 4 54 28 38 39 45 58 47 51 43 60 2 46 10 17 16 6 32 42 44 52 25 3 20 56 29 13 30 19 53 21 11 49 26 15 18 37 41 22 24 5 34 31 27 12 36 7 59 23 1 63 35 61 33 9 14 
6 24 23 56 49 43 20 38 14 42 59 41 22 63 21 32 35 58 8 44 52 50 3 45 15 1 4 27 30 53 40 37 28 2 26 12 47 61 60 18 16 48 13 39 9 36 33 19 29 25 51 55 10 11 62 57 34 5 31 64 46 7 17 54 
26 28 58 63 9 5 31 13 49 34 16 50 33 35 25 51 24 27 41 36 18 6 11 7 55 62 59 38 64 14 22 48 42 23 40 44 1 15 20 45 30 3 43 61 10 8 46 53 21 19 4 32 39 17 54 2 56 37 52 12 47 57 60 29 
60 52 61 17 33 47 54 3 64 23 62 18 44 26 27 36 13 15 53 30 21 34 39 20 16 7 31 11 28 10 12 5 8 4 24 46 9 25 37 41 63 29 58 2 38 59 6 57 49 14 1 45 56 50 35 43 40 48 51 42 55 22 19 32 
59 39 44 51 53 15 41 22 43 12 29 46 57 5 11 3 23 61 1 25 64 32 54 19 35 13 47 36 17 21 26 49 33 48 27 7 14 31 10 50 52 45 56 40 55 28 60 34 58 9 16 42 63 37 24 38 2 18 20 30 6 4 62 8 
12 16 42 34 25 27 7 35 24 56 1 9 6 60 48 19 29 55 38 63 4 37 22 62 61 57 8 2 54 23 33 46 52 43 32 36 51 59 58 49 17 64 20 21 31 14 44 5 40 47 53 15 18 30 41 3 45 26 28 13 39 50 10 11 
29 18 32 4 30 10 2 11 37 40 52 53 20 31 17 13 14 57 28 26 9 5 12 42 34 24 56 19 60 45 50 43 3 22 16 38 63 55 39 62 35 51 54 27 23 47 1 7 61 64 33 44 6 46 48 8 49 15 25 36 58 41 59 21 
43 42 10 57 38 18 9 33 41 39 60 45 4 23 34 20 56 53 29 47 63 19 28 6 59 40 24 5 14 52 30 26 61 7 21 37 36 27 62 58 1 13 46 3 54 17 15 25 64 11 48 51 8 44 16 22 35 55 32 2 50 49 31 12 
54 11 63 61 47 4 60 58 16 30 6 57 13 17 32 64 62 34 20 39 22 59 51 15 48 31 45 29 9 50 42 28 49 3 12 1 53 35 19 2 26 21 27 38 44 55 18 33 43 37 41 36 7 25 46 10 5 52 24 40 23 14 8 56 
52 40 36 22 20 21 53 39 33 62 37 3 12 50 1 11 46 44 35 9 23 30 31 25 8 61 43 4 19 17 64 7 55 57 18 56 38 13 16 26 2 49 41 48 5 32 14 45 24 27 6 59 58 42 60 29 54 47 34 15 51 10 63 28 
34 27 17 45 7 31 19 29 53 55 63 15 14 28 5 59 21 64 2 10 36 43 24 48 37 46 20 22 12 18 51 32 11 25 60 39 42 52 33 8 40 58 47 35 57 56 50 23 9 54 49 61 26 4 30 13 6 41 38 44 62 1 3 16 
51 12 59 55 50 64 44 15 27 36 21 35 46 48 56 58 61 18 52 49 17 54 26 1 23 47 11 3 39 16 25 62 30 40 5 41 10 43 45 24 53 34 8 7 6 29 42 4 28 63 2 57 14 38 31 32 37 60 19 22 33 13 20 9 
23 3 16 6 41 8 46 5 22 25 49 47 9 7 51 26 42 60 4 50 12 13 40 27 38 2 35 15 63 44 58 1 14 59 31 20 34 32 64 54 11 10 24 43 30 37 28 39 52 33 55 62 21 56 19 45 57 53 48 29 36 17 61 18 
25 1 56 30 32 26 28 49 61 24 18 44 29 38 54 2 5 7 55 16 37 57 14 8 33 41 36 34 10 60 13 27 9 51 17 48 6 23 22 47 64 12 59 19 62 52 31 63 35 15 50 40 3 39 20 53 46 58 45 43 11 42 21 4 
2 62 35 48 24 14 13 37 40 10 42 8 19 43 31 52 58 3 45 41 11 38 32 33 49 55 53 57 21 56 6 54 44 28 15 50 4 46 63 29 36 9 16 20 60 22 61 51 34 18 23 5 47 12 17 1 27 7 39 25 64 59 30 26 
22 53 51 11 63 33 56 54 52 61 7 34 27 8 44 6 15 9 39 28 3 25 47 46 10 60 26 31 2 55 1 23 41 30 43 5 29 14 36 13 48 37 50 58 35 45 20 12 42 16 21 4 19 49 18 24 64 59 62 32 40 38 57 17 
46 45 57 37 36 2 48 44 10 60 19 59 40 9 64 25 4 11 22 52 38 61 50 17 29 16 15 32 53 34 56 41 27 42 23 47 21 18 51 39 33 63 6 5 8 54 7 26 31 12 58 14 30 13 55 62 3 35 1 24 28 20 43 49 
15 13 20 12 4 32 50 43 62 14 41 24 37 55 33 16 48 36 34 35 53 8 6 63 28 64 57 54 58 5 49 39 60 45 7 9 2 26 31 40 44 46 38 10 3 18 11 30 56 59 27 25 22 47 1 17 52 42 21 23 29 19 51 61 
1 31 5 35 14 34 64 24 26 21 2 39 23 54 20 29 60 13 59 19 10 45 44 43 11 36 30 18 42 61 27 38 58 49 46 16 22 3 12 55 25 28 40 17 32 62 4 52 48 8 57 6 50 15 51 63 41 56 53 7 9 47 33 37 
3 9 27 18 28 29 39 42 11 48 57 1 58 13 63 15 2 30 56 20 55 23 41 31 21 22 62 51 35 33 4 40 17 19 52 59 61 37 38 6 43 53 60 24 14 16 47 49 32 46 64 54 36 45 34 7 25 50 8 10 44 12 26 5 
8 10 52 23 21 59 26 41 38 35 46 30 53 49 4 42 32 12 64 51 14 58 16 5 19 17 25 7 47 13 24 63 50 44 56 62 11 1 48 15 9 36 57 34 61 31 29 22 33 39 28 3 40 43 37 20 60 27 18 55 45 2 54 6 
58 55 62 38 16 60 40 30 18 47 17 28 45 56 3 31 57 37 49 27 42 7 21 54 43 12 14 50 6 20 44 59 34 10 8 25 35 24 32 33 23 41 39 51 64 19 2 1 26 53 52 11 9 61 29 5 22 63 46 4 13 15 36 48 
7 6 49 19 17 25 61 47 5 50 36 51 32 12 43 22 26 29 24 18 33 1 62 40 45 3 46 52 48 9 37 8 57 20 4 28 54 64 53 63 27 55 42 15 13 21 56 59 38 35 10 2 60 41 44 23 58 39 14 11 16 30 34 31 
17 51 13 33 11 52 63 7 23 37 12 36 2 18 60 21 3 42 26 4 19 22 30 55 25 6 27 9 62 1 35 31 32 47 50 29 39 45 59 44 54 14 5 8 48 40 24 15 20 28 43 53 64 57 58 16 38 10 61 49 41 34 56 46 
47 30 3 8 29 20 12 26 28 22 43 33 35 32 9 40 34 59 10 37 15 39 49 21 41 19 16 53 57 24 46 44 5 62 55 18 60 54 52 36 56 7 25 23 51 13 58 64 63 1 38 48 27 14 2 61 17 4 6 31 42 45 11 50 
61 46 19 14 23 55 34 4 44 15 64 16 30 1 39 63 41 38 48 57 40 11 52 60 5 58 7 42 36 59 54 21 24 31 49 6 20 33 8 9 50 2 18 37 53 10 32 28 17 62 45 56 25 35 3 12 26 13 29 47 27 43 22 51 
27 35 15 41 48 49 10 21 58 51 11 29 34 53 46 24 50 45 17 8 25 36 2 64 60 28 18 39 3 30 55 13 37 12 1 61 43 42 26 56 6 38 62 16 47 4 63 20 59 22 5 19 52 23 40 31 44 9 54 14 57 32 7 33 
56 22 39 44 54 28 37 25 19 49 45 52 62 42 41 14 7 20 47 43 5 27 1 9 2 8 10 23 11 32 48 4 15 38 57 58 13 63 40 35 31 61 17 30 12 33 26 29 51 6 36 60 34 55 50 46 16 64 59 3 53 21 18 24 
31 2 53 24 43 6 57 59 54 13 10 20 48 61 26 5 63 16 58 46 32 28 35 12 56 51 50 33 45 40 38 29 23 14 41 22 3 11 17 64 34 44 21 9 27 60 52 36 7 42 37 47 4 18 49 39 19 30 55 62 8 25 15 1 
38 36 9 58 62 1 18 32 3 57 56 31 55 27 7 50 6 23 54 13 44 29 61 51 14 49 63 64 15 47 20 17 4 16 30 53 25 48 46 34 59 35 22 45 19 43 39 42 10 41 8 26 33 24 11 21 28 12 2 37 5 60 40 52 
50 5 40 16 60 42 45 64 47 8 25 17 59 6 38 4 18 31 14 56 24 62 33 53 26 52 34 37 22 12 43 61 19 21 51 2 7 10 28 27 55 11 3 46 1 57 49 41 30 32 29 9 15 54 13 44 20 23 58 39 48 63 35 36 
################proper############## 

 average_time = 737.999966 

 success runs = 1 

 total average iters = 26450875.000000 
