Success!!! 
 
 max_col = 
 64 
 
 run_time = 
 3166.357962 
 
 once iters = 
 153932157 
 
60 13 49 59 17 19 16 25 41 63 64 32 1 26 21 52 28 24 46 54 55 20 18 7 34 12 50 58 27 56 57 29 44 53 42 2 31 51 43 23 4 8 6 22 9 61 35 14 47 38 5 40 48 3 11 36 37 10 30 62 45 39 33 15 
58 46 26 40 42 23 52 32 17 39 56 9 29 15 44 6 5 4 64 62 21 19 31 12 51 20 33 41 43 45 54 16 28 27 34 59 55 18 7 47 37 30 48 3 25 1 38 57 8 14 2 24 61 22 35 10 36 49 13 50 11 60 53 63 
55 1 8 51 14 35 24 7 27 46 18 50 4 42 30 11 37 61 10 13 47 40 32 58 3 15 9 21 48 60 2 28 6 5 63 54 33 19 57 12 36 26 43 45 62 52 41 16 49 20 23 53 59 31 34 39 38 17 64 25 22 44 56 29 
48 3 36 53 56 61 38 6 22 31 28 59 33 60 7 10 45 52 15 41 57 42 30 16 46 25 17 55 23 18 63 44 39 24 14 20 58 21 11 62 47 51 64 12 29 34 50 49 37 19 43 4 9 26 1 13 5 40 27 32 2 35 54 8 
41 39 47 43 29 28 21 31 34 37 16 20 38 23 55 62 49 50 1 48 22 26 35 36 40 53 11 8 61 7 10 5 45 60 3 32 13 30 52 17 54 56 33 27 63 44 24 2 46 25 64 6 57 18 15 12 58 59 19 9 14 51 42 4 
54 9 63 27 22 20 10 57 2 58 24 61 12 40 13 35 53 56 38 6 33 51 34 8 31 42 47 30 37 62 14 19 64 29 36 4 49 26 25 48 11 15 17 39 59 32 18 5 28 52 45 50 21 44 60 16 46 55 3 43 23 1 7 41 
34 44 64 45 4 37 15 33 14 47 49 19 36 53 43 5 2 9 3 23 11 27 63 25 39 52 38 22 6 59 13 1 56 61 41 10 8 46 50 35 7 40 42 31 60 58 28 21 51 62 54 30 17 29 32 55 48 26 20 57 24 12 16 18 
5 12 50 11 2 62 18 30 48 54 8 51 3 25 45 57 29 14 43 39 44 17 60 59 26 4 49 32 64 35 24 36 9 1 40 16 15 37 38 22 46 10 20 19 53 13 23 55 7 42 41 56 27 33 63 58 34 28 6 21 61 52 31 47 
4 22 28 49 47 7 54 21 31 50 40 63 30 2 6 29 38 43 23 18 8 36 57 61 58 16 42 60 62 5 46 10 59 33 11 56 9 14 51 32 44 52 53 24 13 17 55 25 41 35 27 34 3 37 45 19 1 48 15 20 39 64 12 26 
10 29 32 6 16 42 40 38 36 56 54 52 17 7 60 12 41 3 30 49 62 55 46 13 64 59 15 31 45 51 35 53 19 47 20 50 39 48 28 4 1 61 26 34 37 27 8 11 2 23 25 5 14 57 33 9 24 43 44 63 18 21 22 58 
30 27 18 8 57 2 56 20 61 25 46 44 53 49 48 64 42 60 40 63 32 50 26 1 33 38 22 37 14 39 52 54 5 3 21 24 23 58 10 29 12 19 36 43 45 28 31 9 11 47 17 59 15 4 16 62 51 13 41 7 34 6 55 35 
31 36 53 37 51 17 41 62 24 28 14 57 27 16 1 19 33 11 6 58 4 45 10 5 8 44 3 61 12 48 21 50 30 34 15 13 52 35 64 55 40 23 60 63 49 54 32 29 20 26 7 39 18 38 43 22 2 56 9 42 59 25 47 46 
3 26 1 44 9 43 55 60 35 21 39 18 5 20 15 33 16 7 34 17 12 14 19 27 6 23 13 24 25 41 36 40 54 62 22 53 45 8 63 61 59 2 51 64 10 47 46 50 42 56 30 29 28 58 48 49 52 57 32 4 37 31 38 11 
59 33 14 19 12 63 45 13 26 62 51 34 11 37 4 43 54 22 28 25 64 35 47 53 29 30 2 1 20 9 55 18 42 38 44 7 57 31 27 60 6 41 15 56 58 3 48 39 32 24 36 10 46 40 52 21 17 16 23 5 8 49 61 50 
46 52 15 23 50 39 48 35 58 41 13 38 59 10 32 22 51 20 9 24 37 2 29 21 57 43 7 56 34 19 47 11 36 25 26 49 12 17 1 6 33 14 18 5 4 62 16 42 53 31 8 64 55 61 44 63 27 54 45 3 28 40 60 30 
25 24 34 64 61 5 11 58 42 23 45 55 8 47 3 9 15 59 44 31 39 56 52 48 63 32 27 28 26 49 17 4 46 41 18 40 16 2 37 43 38 35 21 20 57 30 7 22 60 54 12 1 51 50 13 6 33 53 62 19 10 29 14 36 
50 31 21 25 34 64 7 8 62 43 37 15 6 63 61 16 56 57 39 2 40 5 55 54 38 45 53 51 19 28 58 20 32 12 52 44 17 33 30 42 35 59 27 14 26 60 11 4 1 9 29 48 49 10 36 24 22 18 47 23 46 3 41 13 
2 4 42 5 54 52 12 45 64 60 23 26 32 55 27 21 14 38 20 61 3 10 33 29 16 36 41 18 63 15 22 47 11 56 1 28 24 13 59 49 25 43 50 8 51 9 37 40 6 30 19 46 7 62 39 44 31 58 34 53 35 17 48 57 
20 47 37 58 23 26 39 29 9 13 50 22 57 44 19 48 17 25 51 30 6 7 15 34 49 54 35 2 3 43 62 24 4 46 64 27 40 16 31 18 28 12 56 53 55 33 61 63 21 41 32 52 60 45 5 8 59 1 11 14 42 38 36 10 
11 53 62 13 3 51 19 24 56 52 12 28 47 46 10 54 44 63 59 21 45 16 22 64 42 48 29 33 7 23 1 6 50 55 35 41 36 57 2 37 30 31 38 32 17 18 39 15 25 58 4 61 26 20 14 34 9 60 40 27 49 5 8 43 
33 48 59 15 46 55 28 10 38 51 31 36 18 35 40 7 50 1 53 19 60 58 12 24 56 34 21 9 13 26 11 17 20 39 8 14 63 45 6 5 2 62 57 49 3 29 54 41 27 22 16 43 47 42 64 23 32 4 52 30 25 61 37 44 
36 32 35 22 38 56 6 44 4 49 3 2 45 59 14 1 43 13 11 27 9 47 42 41 30 40 57 5 46 52 12 8 25 23 51 60 34 62 61 54 48 16 58 10 64 7 20 19 50 18 31 28 63 53 17 37 39 21 29 24 55 26 15 33 
63 18 60 57 41 9 27 16 25 5 17 53 34 30 42 58 31 49 52 28 36 46 8 4 37 61 32 14 50 55 39 59 26 22 48 29 38 43 19 10 24 44 45 13 1 21 47 23 15 3 11 12 40 35 51 33 6 2 54 64 7 20 62 56 
49 43 30 61 1 14 17 40 11 20 33 24 41 39 29 8 48 37 35 32 26 18 23 62 44 27 25 4 60 10 64 31 58 21 47 3 7 53 15 9 42 36 52 6 5 46 22 34 56 59 57 13 38 54 55 2 12 45 63 51 16 28 50 19 
13 28 3 10 39 40 53 43 59 35 42 49 15 24 47 38 34 23 54 14 41 22 36 57 1 7 6 20 58 44 61 33 8 16 62 18 4 27 45 19 51 21 2 26 48 31 29 60 52 50 55 63 37 12 25 17 11 30 46 56 5 32 9 64 
51 30 54 2 19 22 23 5 55 16 44 31 56 1 25 27 21 33 47 59 46 8 9 20 60 29 52 13 17 38 28 62 49 10 12 57 37 40 24 34 41 53 63 36 39 45 64 35 61 32 18 7 11 48 26 14 43 50 4 6 15 42 58 3 
57 58 52 48 63 34 37 47 6 7 62 10 14 17 46 26 11 16 56 50 5 32 64 51 24 41 31 39 22 27 4 21 61 59 25 36 29 3 9 20 23 55 40 30 18 19 12 54 13 43 1 45 2 15 38 42 44 35 8 49 53 33 28 60 
21 62 9 46 36 33 29 15 23 19 4 37 51 64 41 18 12 17 61 53 25 44 27 39 43 10 40 45 32 42 8 14 48 52 55 1 22 50 13 56 3 38 16 11 7 20 57 58 5 28 35 60 6 49 30 31 54 34 26 59 63 47 24 2 
17 35 55 56 45 49 8 59 39 29 36 13 40 43 11 2 4 48 58 10 63 31 3 19 18 5 30 16 9 54 15 12 38 26 33 47 32 60 21 14 50 24 28 42 61 6 34 27 23 44 22 57 20 64 53 46 25 37 7 52 41 62 1 51 
24 50 27 26 44 32 42 61 33 48 58 30 20 22 34 3 6 45 18 60 38 1 62 35 25 49 55 63 11 2 53 57 51 54 28 43 41 7 17 64 52 4 59 46 15 8 5 37 16 36 39 9 19 47 21 56 29 23 10 40 12 14 13 31 
12 25 41 18 7 60 20 11 50 9 21 8 52 61 53 63 26 55 2 29 24 43 13 28 36 64 46 19 51 37 3 35 15 42 30 5 6 23 44 31 56 17 14 33 32 49 1 47 34 40 10 58 4 59 62 54 45 22 39 38 27 48 57 16 
64 14 16 38 6 31 4 1 28 32 5 45 54 57 12 60 30 40 49 7 52 15 37 42 23 50 59 34 56 47 26 48 35 11 39 46 2 63 58 53 22 9 62 25 44 10 13 43 24 8 33 27 41 51 3 29 19 36 55 61 21 18 17 20 
62 61 24 30 53 45 25 2 16 1 35 46 63 29 56 42 10 58 27 34 50 59 40 44 7 60 36 49 21 3 9 64 23 19 37 8 14 6 47 39 18 57 5 4 11 12 33 52 48 51 15 55 31 13 22 38 26 41 43 17 32 54 20 28 
42 17 38 29 11 48 60 12 49 33 26 40 28 9 20 25 19 54 57 43 16 4 41 31 5 51 39 23 59 46 37 15 2 44 10 63 35 36 55 27 61 22 32 7 56 24 62 1 18 34 6 8 30 52 58 47 50 14 21 13 3 45 64 53 
23 59 43 1 18 4 3 36 44 14 7 47 37 58 64 31 13 15 63 22 48 30 24 2 12 17 61 6 28 8 33 42 62 50 29 9 54 34 41 21 55 46 35 38 40 26 49 45 39 5 53 32 56 19 20 60 10 25 16 11 52 57 51 27 
15 40 20 28 10 47 50 26 52 27 30 43 23 13 17 36 7 8 25 46 14 62 49 55 35 18 1 38 54 53 45 58 57 64 32 22 48 61 5 3 16 63 37 2 19 51 59 6 33 12 21 44 42 41 29 11 56 31 24 34 60 9 4 39 
7 21 46 9 27 6 13 37 10 45 57 41 22 8 24 34 1 36 60 33 53 11 51 38 50 63 43 44 52 32 19 25 18 30 17 26 59 20 56 28 14 48 39 15 47 42 58 31 3 4 40 49 62 16 54 64 23 61 12 35 29 55 2 5 
35 5 22 52 49 41 57 19 51 6 32 54 55 11 39 50 20 64 42 12 17 21 61 18 47 2 16 62 29 31 56 30 24 40 13 38 46 4 60 25 10 34 44 28 23 53 43 3 26 7 9 14 45 36 59 27 15 33 58 8 1 37 63 48 
14 54 56 31 32 16 33 34 18 3 19 21 61 62 59 53 23 47 5 26 35 39 45 9 20 11 24 57 10 4 48 55 52 58 7 12 43 15 42 51 64 27 29 41 8 25 60 13 63 37 50 2 1 17 46 28 49 6 38 36 44 22 30 40 
39 8 51 63 55 44 58 64 60 38 15 5 48 12 2 4 3 32 29 52 56 28 6 37 22 14 34 26 40 13 27 41 1 45 49 31 53 11 16 33 21 50 9 54 30 36 17 20 10 57 61 35 43 24 23 25 18 7 59 47 62 46 19 42 
6 63 10 17 13 1 30 27 7 26 47 62 46 32 58 55 35 31 45 9 51 12 59 50 19 24 8 40 4 22 25 39 16 49 2 23 21 38 53 11 5 28 61 29 20 14 42 18 44 48 3 15 33 43 56 41 60 64 36 54 57 34 52 37 
9 38 31 36 28 46 47 49 53 34 11 12 19 41 51 59 8 30 14 15 61 13 2 40 21 3 48 50 18 16 23 60 29 43 27 33 56 5 35 63 58 64 10 62 24 37 25 32 4 39 42 54 22 6 57 52 20 44 17 1 26 7 45 55 
44 64 40 54 26 58 2 42 37 10 6 35 50 45 57 28 32 39 22 38 27 52 43 33 53 1 14 7 55 17 30 13 3 8 9 62 18 25 12 24 49 60 4 23 34 16 21 51 29 46 63 47 36 5 31 20 61 15 56 48 19 41 11 59 
45 37 33 20 48 25 32 22 8 64 27 16 43 4 52 61 18 26 17 11 49 63 7 6 62 46 10 54 5 29 34 56 31 36 19 51 28 47 14 15 57 13 30 1 41 55 3 44 9 2 59 21 23 60 24 35 40 42 50 58 38 53 39 12 
8 7 5 55 62 53 59 50 54 44 22 23 42 21 9 39 25 19 48 56 29 3 4 47 45 37 26 36 38 64 20 32 60 13 57 61 10 52 34 41 31 33 46 35 12 2 15 17 14 11 58 18 16 27 40 1 30 24 51 28 43 63 49 6 
61 15 11 41 60 12 35 51 40 17 25 14 49 48 33 20 62 34 37 36 1 24 53 23 52 58 44 42 57 6 31 2 55 4 54 30 50 64 22 26 43 47 8 59 27 39 63 56 38 45 13 19 10 32 28 7 3 29 5 18 9 16 46 21 
43 57 19 16 21 24 34 18 3 36 1 29 31 56 38 13 58 42 41 20 54 60 5 10 61 35 28 47 15 63 59 9 37 6 46 17 44 39 32 40 45 7 11 48 52 50 26 53 55 49 51 25 64 8 12 30 4 62 2 22 33 23 27 14 
29 56 4 39 52 3 14 23 15 2 63 60 24 5 18 30 55 21 16 57 28 64 44 46 27 33 51 11 41 12 43 49 7 20 59 58 42 1 48 45 9 54 19 40 22 38 6 36 17 53 62 37 50 34 61 26 13 8 35 31 47 10 32 25 
38 19 44 50 33 36 5 3 21 30 61 25 2 27 31 40 64 18 26 47 15 37 48 11 28 6 23 17 35 20 41 45 22 14 53 55 62 32 29 13 63 1 49 58 43 4 9 8 54 16 52 51 24 39 7 57 42 46 60 12 56 59 10 34 
47 55 45 12 37 21 46 39 19 4 52 17 44 34 5 15 59 41 13 40 43 49 28 22 2 9 62 48 1 50 16 63 33 57 23 25 51 54 18 8 53 42 7 60 35 11 56 38 30 61 20 36 32 14 10 3 64 27 31 29 6 58 26 24 
52 6 25 24 31 57 64 9 63 22 20 3 60 50 49 46 27 51 55 1 34 53 54 30 4 21 19 59 39 61 7 26 10 17 56 35 11 42 36 58 15 29 12 44 28 5 45 62 40 33 47 41 13 2 37 43 14 32 18 16 48 8 23 38 
28 10 23 62 30 27 1 4 32 59 48 39 16 54 26 56 60 29 31 5 42 25 50 63 14 22 18 12 49 33 38 43 21 37 6 45 47 24 46 2 13 20 3 52 36 41 51 64 35 55 34 17 58 9 8 53 57 19 61 15 40 11 44 7 
26 51 2 7 35 18 43 54 12 57 10 11 13 28 8 24 36 44 19 16 58 23 20 52 32 56 64 53 31 25 40 27 34 63 61 15 5 41 49 38 39 37 47 17 6 22 14 33 59 60 48 62 29 46 42 50 21 9 1 55 4 30 3 45 
22 60 29 14 40 11 61 56 1 18 38 7 62 6 36 47 9 35 24 8 10 33 17 32 55 13 54 3 30 58 42 51 12 48 31 39 64 59 4 50 34 25 23 16 2 57 27 46 45 21 28 26 44 63 19 15 53 52 37 41 20 43 5 49 
16 20 48 42 8 13 63 17 45 53 41 58 9 14 37 23 61 46 4 3 2 6 21 56 15 57 5 29 47 24 44 34 43 7 60 52 26 28 40 1 19 32 31 55 50 59 10 30 12 64 49 38 25 11 27 18 62 39 22 33 51 36 35 54 
32 41 58 34 15 59 49 53 29 55 43 42 64 33 35 51 39 62 12 45 7 57 38 14 10 8 37 46 36 11 60 52 27 9 16 19 3 44 20 30 26 18 54 61 21 48 40 24 31 1 56 22 5 23 6 4 47 63 28 2 50 13 25 17 
19 45 57 33 25 38 51 48 20 11 59 56 21 52 23 41 22 2 50 55 18 29 1 26 54 62 58 27 8 36 5 7 17 32 43 34 30 12 39 46 60 3 24 9 31 63 53 10 64 15 37 42 35 28 49 40 16 47 14 44 13 4 6 61 
27 34 13 60 43 10 26 28 46 61 29 6 58 38 62 14 52 53 36 42 23 9 39 15 17 47 12 35 16 30 18 22 41 51 24 21 1 49 3 59 20 45 55 50 33 64 2 48 19 63 44 31 8 25 4 5 7 11 57 37 54 56 40 32 
56 42 39 3 5 54 62 52 47 15 53 1 26 36 28 17 63 12 7 44 31 61 14 43 48 55 60 25 2 21 32 37 40 35 50 11 19 10 33 57 29 58 13 51 38 23 4 59 22 6 24 16 34 30 41 45 8 20 49 46 64 27 18 9 
1 11 17 47 59 8 36 63 57 12 2 27 35 18 50 44 40 10 33 51 30 54 25 45 41 26 4 64 24 34 49 46 53 31 5 6 61 55 23 16 32 39 22 37 14 56 19 7 43 13 38 20 52 21 9 48 28 3 42 60 58 15 29 62 
53 23 61 35 58 29 22 14 13 42 34 33 25 31 63 45 24 6 8 37 19 41 16 49 59 28 20 43 44 40 51 3 47 2 4 64 27 9 54 7 62 5 1 57 46 15 30 12 36 10 60 11 39 56 18 32 55 38 48 26 17 50 21 52 
40 16 7 21 20 15 31 41 43 24 60 64 10 3 54 32 46 28 62 4 13 48 11 17 9 19 56 52 33 57 6 38 14 18 45 37 25 22 8 36 27 49 34 47 42 35 44 61 58 29 26 23 12 55 50 51 63 5 53 39 30 2 59 1 
18 49 6 4 24 30 9 46 5 40 55 48 39 51 22 37 47 27 32 64 20 38 56 3 13 31 45 15 53 1 50 61 63 28 58 42 60 29 62 44 8 11 41 21 16 43 52 26 57 17 14 33 54 7 2 59 35 12 25 10 36 19 34 23 
37 2 12 32 64 50 44 55 30 8 9 4 7 19 16 49 57 5 21 35 59 34 58 60 11 39 63 10 42 14 29 23 13 15 38 48 20 56 26 52 17 6 25 18 54 40 36 28 62 27 46 3 53 1 47 61 41 51 33 45 31 24 43 22 
################proper############## 

 average_time = 3166.357962 

 success runs = 1 

 total average iters = 153932157.000000 
