Success!!! 
 
 max_col = 
 64 
 
 run_time = 
 749.412191 
 
 once iters = 
 28929198 
 
57 10 31 16 59 6 36 44 29 7 5 9 11 62 41 14 47 15 58 13 49 27 1 33 3 28 26 8 46 25 32 19 60 17 35 20 48 23 56 2 21 37 52 30 51 34 54 18 4 53 61 38 39 64 22 43 45 12 40 63 50 55 42 24 
2 15 23 33 54 12 9 34 59 49 25 46 32 28 18 37 31 6 51 20 26 35 4 30 14 53 56 62 22 38 60 63 24 29 52 50 13 39 61 21 19 45 36 1 27 43 58 11 48 3 42 7 10 40 41 55 47 17 57 5 8 64 44 16 
55 52 38 13 49 47 53 25 36 23 43 20 15 4 39 30 17 19 45 29 24 56 63 9 44 6 2 1 27 58 16 31 11 28 3 57 59 8 46 64 40 42 61 12 7 33 35 22 14 21 51 5 50 26 32 62 18 60 10 37 54 48 41 34 
27 14 60 42 30 22 24 8 48 12 3 64 26 57 56 34 50 10 21 2 18 16 46 28 11 35 13 40 23 39 17 37 38 47 43 51 6 36 58 55 32 41 31 9 5 53 25 63 15 1 59 20 54 44 52 45 62 7 61 19 49 33 4 29 
56 4 41 3 11 61 26 29 63 24 60 16 22 21 51 58 48 12 14 62 55 57 36 42 5 64 10 50 20 54 18 15 7 33 34 19 45 44 40 9 47 39 59 46 17 13 8 6 27 2 28 49 37 23 25 35 38 52 31 32 30 53 43 1 
45 35 43 37 46 18 51 21 53 50 54 52 31 40 19 17 44 38 7 3 8 5 64 23 42 30 49 59 29 48 47 61 10 22 27 32 41 16 26 1 15 55 62 20 60 4 24 28 12 11 34 33 36 57 63 13 14 25 9 39 56 58 2 6 
63 40 17 58 62 39 20 50 44 2 8 1 47 45 42 35 32 43 59 60 25 54 61 34 55 41 21 33 36 7 52 57 31 53 12 5 37 14 15 4 38 49 29 64 26 3 48 10 19 16 56 9 30 6 18 24 27 46 51 13 23 11 22 28 
32 64 19 7 5 1 28 48 38 55 33 6 61 13 10 27 52 40 53 11 22 39 41 37 34 4 51 45 12 9 24 43 63 18 42 49 54 62 30 25 57 23 44 2 56 14 50 16 46 31 29 58 8 47 60 17 21 35 20 3 15 26 59 36 
60 19 58 62 61 49 63 33 27 64 37 30 23 17 16 7 18 9 13 32 57 43 50 44 45 55 15 56 14 6 48 22 26 8 39 40 25 54 38 31 3 10 4 5 28 21 51 41 53 29 47 46 20 35 34 36 11 59 42 12 24 1 52 2 
6 38 5 64 35 53 45 22 12 13 24 58 10 44 46 41 54 2 31 26 1 52 30 14 20 59 28 4 50 43 33 32 16 23 37 15 18 55 49 47 36 11 27 42 34 48 17 29 56 60 63 61 51 21 57 40 19 9 8 25 62 3 39 7 
44 39 3 14 17 50 52 20 43 56 35 54 8 18 55 2 63 11 46 64 36 38 48 5 24 25 7 34 10 26 41 30 59 51 13 21 9 61 28 60 62 47 22 6 16 40 57 37 32 12 31 19 58 45 1 42 23 27 53 4 33 15 29 49 
16 9 51 12 24 56 37 55 22 34 50 62 21 49 59 1 20 23 39 47 35 33 53 61 40 2 36 52 18 13 29 8 42 3 58 4 46 11 45 17 7 38 25 63 64 32 30 19 5 15 54 27 28 41 6 44 31 10 26 43 57 60 14 48 
28 54 11 1 15 30 43 13 33 3 31 40 4 39 20 26 58 51 10 21 34 29 60 22 53 57 19 42 63 12 5 9 41 6 2 52 35 56 27 62 24 59 14 49 45 55 46 44 23 50 7 8 25 18 48 38 61 37 32 64 36 47 16 17 
59 34 29 32 18 42 2 46 11 51 47 19 6 14 52 48 55 25 41 24 45 62 7 12 16 60 37 23 35 27 38 64 44 36 57 43 5 10 1 53 54 8 26 39 31 15 56 61 3 9 17 4 22 30 33 49 20 50 63 58 40 21 28 13 
8 23 47 57 41 40 4 36 60 25 63 29 28 32 45 61 15 17 42 19 16 59 56 27 54 21 31 46 62 49 3 11 12 7 48 22 24 30 33 50 20 1 9 52 58 18 53 43 2 13 10 26 14 39 64 37 44 51 34 38 55 6 5 35 
31 25 7 10 48 21 27 26 42 9 15 5 57 36 53 38 37 8 49 4 28 6 40 3 17 44 58 61 47 1 39 51 20 32 64 63 34 19 29 14 33 13 35 50 12 60 23 2 11 43 62 24 55 52 16 59 22 30 18 45 41 54 46 56 
48 6 36 26 39 44 41 58 61 63 17 51 29 16 62 24 59 37 4 8 20 60 42 18 31 56 47 9 57 10 21 12 15 11 23 35 22 1 43 27 34 7 28 40 19 50 55 45 64 49 33 25 2 32 3 46 5 14 13 54 52 30 53 38 
5 51 27 50 31 7 62 19 23 35 53 13 54 41 43 8 21 33 48 40 61 22 15 63 39 3 25 60 64 32 34 55 57 30 4 28 26 6 16 45 18 52 58 14 49 46 42 1 59 44 38 17 11 37 24 9 36 56 2 10 47 29 20 12 
53 57 22 47 4 35 21 24 6 37 44 3 19 64 2 33 10 28 30 56 27 51 29 52 58 38 14 36 15 40 54 42 55 50 17 41 61 32 20 18 11 5 13 31 63 59 60 12 26 7 39 45 16 34 23 8 46 62 48 49 1 25 9 43 
30 29 20 54 28 59 18 38 46 27 11 4 7 1 31 12 62 14 32 34 9 44 19 26 13 16 24 17 37 50 22 48 39 2 21 64 49 5 3 33 43 25 15 57 36 10 47 8 42 55 52 41 56 60 53 63 58 6 45 23 35 40 61 51 
1 56 52 2 10 11 15 61 14 32 45 55 50 58 48 49 46 39 25 36 3 64 6 17 63 8 33 28 43 59 30 18 47 44 62 60 7 53 19 13 27 24 51 23 29 35 38 9 54 22 20 12 40 5 21 57 42 31 16 41 4 37 34 26 
13 45 8 63 37 17 42 14 57 10 52 22 40 59 60 39 53 47 24 43 31 12 54 7 49 46 1 20 5 4 2 23 29 25 51 38 58 9 34 56 48 44 6 33 41 64 16 26 18 62 35 50 19 36 30 61 55 21 15 11 32 28 27 3 
9 12 33 34 60 32 46 43 5 38 36 47 56 25 21 42 35 41 16 55 11 13 23 49 26 62 27 44 61 53 7 45 14 10 31 37 40 24 63 52 4 2 54 22 30 20 3 39 28 6 58 15 48 1 51 29 50 19 64 17 18 8 57 59 
25 16 49 55 64 3 40 23 28 20 30 18 34 9 26 15 2 1 5 38 58 45 57 50 51 52 41 29 6 19 11 35 54 48 46 59 8 12 42 36 56 21 17 32 53 37 61 62 31 27 43 47 13 14 10 4 7 24 39 22 63 44 60 33 
4 24 32 59 63 43 19 10 51 8 57 28 9 34 1 40 33 22 37 31 53 42 25 29 30 54 35 26 60 5 50 6 61 62 56 44 14 47 2 12 45 17 49 27 3 58 21 52 20 64 11 55 41 7 36 23 39 38 46 48 16 18 13 15 
49 28 62 52 2 23 60 35 15 22 12 21 42 43 37 31 38 57 9 39 40 47 20 41 61 63 29 27 25 3 56 4 19 24 36 7 50 17 6 11 16 54 53 55 44 26 64 59 13 32 46 1 18 48 14 5 34 58 33 8 45 51 30 10 
54 61 30 8 42 13 14 9 7 41 18 63 2 60 29 16 5 58 11 35 64 10 45 46 59 20 34 43 48 36 15 53 32 39 26 31 51 49 57 28 6 33 38 62 40 1 4 23 21 52 12 3 27 25 44 19 37 47 56 50 17 24 55 22 
18 27 48 44 57 33 58 31 13 36 23 35 55 6 38 32 43 49 62 28 56 2 3 16 41 40 8 51 11 37 64 52 22 21 45 54 53 63 10 15 46 12 7 24 39 61 19 20 17 47 60 30 42 50 29 34 26 4 5 1 59 14 25 9 
21 17 50 39 20 34 22 15 64 54 46 44 53 56 11 62 1 24 12 59 51 36 26 55 19 31 42 32 33 16 10 47 27 38 8 13 4 25 5 40 30 14 48 37 9 28 18 60 35 58 45 2 57 63 61 6 43 23 3 29 7 52 49 41 
40 36 45 41 53 29 3 6 58 5 59 10 39 26 33 25 7 30 52 50 48 19 21 54 18 1 46 55 38 14 23 17 35 43 20 34 42 64 9 16 31 32 47 8 57 51 15 13 24 28 22 37 49 4 62 56 60 2 44 61 11 27 12 63 
47 11 64 46 55 38 5 12 50 4 49 45 30 19 27 52 13 60 61 15 6 14 17 8 7 39 44 22 24 28 57 58 37 41 1 18 23 29 48 3 10 56 63 36 25 42 2 34 16 26 9 43 33 51 59 54 35 40 62 21 20 31 32 53 
7 37 25 51 26 16 1 56 17 14 20 61 3 48 24 47 23 27 63 18 44 32 34 4 62 13 9 49 45 2 12 21 30 55 60 33 52 46 59 58 41 22 50 43 35 11 29 5 8 40 53 39 31 38 15 10 28 57 36 6 19 42 64 54 
43 50 13 35 56 5 10 30 52 61 38 36 60 37 63 19 39 4 44 12 15 3 49 51 33 17 22 18 53 42 28 41 8 9 25 23 16 7 14 6 29 26 11 47 46 62 40 21 45 57 48 32 24 27 58 2 1 64 59 20 31 34 54 55 
42 2 6 25 16 41 17 62 1 21 55 48 44 31 12 54 45 56 29 46 38 24 8 57 36 47 59 63 7 64 4 49 18 20 40 26 10 27 13 19 28 15 30 34 52 23 32 53 60 51 37 35 3 61 50 22 9 5 11 33 39 43 58 14 
3 55 59 45 44 19 7 11 4 17 2 41 13 47 35 29 26 64 28 61 42 18 16 20 10 34 12 14 54 57 62 25 50 58 15 53 33 21 52 43 39 60 56 38 22 5 63 27 1 30 36 23 46 8 9 31 40 48 37 24 51 49 6 32 
51 20 57 40 22 58 29 39 32 6 16 34 27 33 23 56 14 36 1 7 19 41 31 43 37 9 61 38 2 15 8 13 46 60 47 48 64 35 24 30 49 3 55 59 4 44 12 25 62 18 5 11 17 54 28 52 10 45 50 53 21 63 26 42 
61 33 24 53 36 31 48 49 18 28 62 57 45 50 8 43 27 63 22 30 5 37 58 10 60 32 52 6 40 21 20 56 3 4 54 11 12 34 51 41 2 35 42 16 1 9 13 14 47 25 55 64 26 59 7 39 15 29 17 44 38 46 19 23 
64 1 37 27 8 9 38 52 30 26 42 15 46 51 22 3 25 32 34 54 21 48 47 40 29 23 43 11 58 35 19 39 49 59 55 56 2 28 44 5 17 57 24 45 18 41 31 50 33 10 6 14 63 16 20 53 12 61 4 7 13 36 62 60 
15 60 28 21 32 14 12 47 24 59 10 39 58 20 9 53 11 55 23 17 33 50 35 13 46 48 5 3 30 45 44 26 1 63 61 62 29 38 31 57 51 36 43 7 54 6 37 64 49 4 19 40 34 42 56 41 52 16 25 18 2 22 8 27 
46 63 26 18 34 54 23 4 25 40 7 14 64 5 49 11 60 53 2 6 62 9 52 59 50 24 16 31 1 51 55 27 45 37 22 39 36 42 17 32 61 19 20 58 10 8 33 48 29 38 44 13 21 15 43 12 41 28 35 30 3 57 56 47 
50 46 61 23 6 57 11 17 41 33 29 42 52 2 64 60 49 48 15 51 32 21 27 45 8 19 63 24 9 20 13 7 36 12 38 58 30 22 18 44 25 34 5 10 47 54 1 55 43 56 16 28 4 31 35 26 59 53 14 62 37 39 3 40 
34 62 9 19 7 4 44 37 54 18 1 53 20 23 30 28 57 13 43 14 47 61 59 38 35 33 17 64 41 60 40 16 25 31 50 2 56 51 32 8 58 6 46 48 24 29 11 36 55 39 3 52 5 12 42 15 63 22 49 26 27 10 21 45 
26 43 18 28 45 27 25 3 40 15 4 7 17 38 36 6 56 42 33 58 29 30 11 2 1 12 48 10 52 34 61 50 9 19 5 55 60 13 53 24 35 63 37 41 14 49 39 31 44 8 21 22 59 62 54 64 16 32 47 51 46 20 23 57 
39 5 40 48 38 55 56 42 10 46 32 49 25 11 57 45 9 7 20 41 52 53 22 1 27 51 3 54 28 23 31 59 62 34 14 29 15 43 21 26 12 30 64 19 2 16 44 33 50 17 13 63 47 24 37 18 4 36 6 60 58 61 35 8 
14 31 10 29 51 2 13 32 16 48 21 27 63 35 47 9 6 26 17 23 54 34 39 19 22 58 11 37 4 44 46 5 64 49 59 61 57 3 41 42 60 50 8 53 62 56 28 40 7 45 30 36 1 33 38 20 24 55 43 15 25 12 18 52 
35 53 12 22 52 8 49 64 26 39 19 24 5 61 44 51 40 31 60 16 4 55 10 25 47 15 38 2 56 62 42 36 6 46 63 27 1 33 54 37 59 18 3 21 20 45 43 17 9 41 23 57 32 58 11 14 29 34 7 28 48 13 50 30 
58 41 1 24 21 20 47 59 62 43 34 56 37 55 3 22 12 35 50 63 46 8 5 36 32 18 53 39 26 30 25 14 40 45 16 10 28 4 7 23 52 51 57 13 38 27 9 15 6 19 49 60 61 29 2 48 64 33 54 42 44 17 11 31 
36 30 15 60 33 63 16 54 8 58 14 31 59 12 13 50 3 18 64 44 37 28 62 24 43 45 57 21 49 55 6 29 17 52 11 47 39 48 35 20 26 61 32 4 23 22 7 42 25 34 40 51 53 10 46 27 2 41 1 56 9 5 38 19 
62 58 53 43 27 45 55 5 19 29 22 50 51 52 54 23 42 44 47 25 59 7 12 48 4 10 18 13 3 56 14 24 28 35 33 17 31 57 11 63 1 64 39 60 6 38 20 32 40 46 2 34 15 9 49 16 8 26 30 36 61 41 37 21 
33 26 35 6 47 37 8 51 20 44 28 43 1 3 40 4 34 29 55 45 13 58 18 21 2 27 64 15 59 22 63 60 53 16 9 14 32 41 39 38 23 48 12 17 61 25 5 24 10 36 57 54 62 56 31 30 49 11 52 46 42 19 7 50 
22 32 34 30 13 60 31 2 35 42 27 33 36 8 14 21 24 46 40 9 43 11 37 64 38 26 6 48 19 17 58 1 51 56 44 25 20 45 50 61 63 28 18 54 15 52 49 4 39 5 41 53 7 55 12 47 57 3 23 59 29 16 10 62 
17 48 46 56 40 36 39 7 45 30 58 60 12 53 6 64 61 16 57 33 41 26 14 15 23 29 32 5 34 8 35 44 52 27 10 24 62 37 47 49 50 9 19 11 55 2 59 3 63 42 1 18 43 20 4 21 54 13 22 31 28 38 51 25 
38 18 63 11 19 25 64 1 34 31 48 32 62 10 17 46 8 3 56 22 2 49 51 60 9 37 30 57 39 41 45 40 58 42 7 36 55 59 12 54 44 16 21 26 43 47 27 35 61 23 50 29 52 28 13 33 53 20 24 14 6 4 15 5 
52 44 21 20 9 24 50 41 56 47 39 11 38 7 15 59 36 5 54 53 63 23 28 35 12 61 62 16 51 31 49 46 4 13 19 6 3 26 64 34 42 40 45 29 8 57 10 30 22 37 14 48 60 17 27 25 33 18 55 2 43 32 1 58 
23 42 4 15 14 28 59 16 9 57 13 2 49 63 61 18 19 20 27 10 17 1 32 31 52 43 50 25 55 33 53 54 5 40 30 46 21 60 8 29 22 58 41 51 37 36 62 7 38 24 64 6 35 3 26 11 56 39 12 47 34 45 48 44 
12 3 54 49 29 10 61 57 37 16 26 25 41 24 5 55 30 62 6 52 50 4 38 39 21 11 20 7 42 47 36 28 23 15 18 1 43 2 22 48 13 53 34 56 33 31 14 46 51 59 32 44 45 19 8 58 17 63 27 35 60 9 40 64 
41 59 16 31 23 48 54 45 49 11 40 17 18 30 7 10 64 52 26 37 12 63 43 58 57 50 60 19 44 46 51 38 13 61 24 8 47 15 25 22 5 62 2 28 21 39 34 56 36 20 27 42 6 53 55 32 3 1 29 9 14 35 33 4 
11 21 39 5 43 62 33 40 55 53 41 26 14 29 28 63 4 54 8 48 30 25 2 32 56 36 45 35 17 18 9 3 34 1 49 16 27 31 37 51 64 20 60 44 50 24 6 57 58 61 15 10 23 22 19 7 13 42 38 52 12 59 47 46 
19 49 42 38 58 52 30 28 3 60 64 23 48 54 4 20 16 61 35 27 7 31 33 62 6 14 55 41 13 24 1 10 2 57 29 12 44 18 36 39 53 43 40 15 59 17 22 47 37 63 25 56 9 46 5 51 32 8 21 34 26 50 45 11 
29 13 14 36 3 64 34 18 31 52 9 38 43 42 50 5 41 21 19 49 60 20 24 53 28 7 4 47 16 61 27 2 56 54 6 30 63 40 62 10 37 46 33 35 32 12 26 51 57 48 8 59 44 11 45 1 25 15 58 55 22 23 17 39 
20 47 2 4 50 46 6 60 21 19 51 12 33 22 25 44 29 59 36 1 14 17 9 11 15 5 39 58 32 63 37 62 43 26 53 3 38 52 55 7 8 27 23 61 42 30 45 54 34 35 24 16 64 13 40 28 48 49 41 57 10 56 31 18 
10 7 55 17 12 26 57 53 39 1 61 8 35 27 34 13 51 45 18 5 23 15 44 56 25 22 54 30 31 52 59 20 48 14 32 42 19 58 60 46 9 29 16 3 11 63 36 49 41 33 4 21 38 2 47 50 6 43 28 40 64 62 24 37 
24 8 56 9 1 51 35 63 2 62 6 37 16 15 32 57 22 50 38 42 39 46 55 47 48 49 40 53 21 29 26 34 33 64 28 45 11 20 23 59 14 4 10 25 13 19 41 58 52 54 18 31 12 43 17 3 30 44 60 27 5 7 36 61 
37 22 44 61 25 15 32 27 47 45 56 59 24 46 58 36 28 34 3 57 10 40 13 6 64 42 23 12 8 11 43 33 21 5 41 9 17 50 4 35 55 31 1 18 48 7 52 38 30 14 26 62 29 49 39 60 51 54 19 16 53 2 63 20 
################proper############## 

 average_time = 749.412191 

 success runs = 1 

 total average iters = 28929198.000000 
