Success!!! 
 
 max_col = 
 64 
 
 run_time = 
 3236.038664 
 
 once iters = 
 206778877 
 
23 42 55 12 59 36 64 4 32 14 48 11 8 5 19 56 33 15 52 21 43 24 2 40 7 17 49 54 30 63 47 50 34 20 60 45 3 28 39 10 16 37 25 31 22 58 27 18 57 41 46 35 51 26 6 1 61 62 29 53 9 44 13 38 
63 16 22 6 54 3 43 31 34 25 18 57 61 9 35 38 20 26 39 36 30 4 60 29 55 37 56 32 62 40 24 2 21 8 52 27 19 47 51 49 1 14 41 7 42 23 44 5 53 59 17 15 50 48 33 13 58 11 28 46 45 10 64 12 
49 10 60 62 32 44 1 15 17 21 2 53 46 12 4 13 45 55 11 57 3 14 16 42 18 9 52 51 58 23 5 6 40 48 35 63 59 61 38 25 56 34 26 36 28 64 33 30 8 29 7 39 27 19 47 20 50 24 54 31 22 41 43 37 
24 8 18 46 58 20 40 11 33 42 1 15 22 31 39 37 47 28 63 34 44 49 23 62 41 27 19 26 64 48 59 14 56 43 7 30 55 13 53 50 45 54 29 21 12 35 10 9 3 61 25 52 16 5 38 2 17 36 32 51 60 6 57 4 
5 13 45 48 37 47 35 7 44 27 24 60 3 59 40 41 19 64 58 6 25 46 53 50 10 38 43 42 28 61 33 36 31 16 23 18 57 4 26 29 32 17 15 52 8 62 51 20 21 11 12 22 14 54 9 34 1 2 49 39 55 56 63 30 
29 2 34 21 39 57 26 30 20 63 45 49 28 55 54 10 7 35 18 22 1 51 38 59 12 13 11 8 31 3 15 4 5 17 44 6 9 33 41 58 24 46 53 43 19 61 50 47 64 60 56 37 36 32 62 40 42 16 25 14 48 52 27 23 
28 33 9 51 52 19 41 50 6 30 16 23 64 43 36 47 17 61 48 27 56 8 13 10 45 22 57 53 34 25 29 21 32 12 14 54 1 37 62 46 11 38 39 60 3 49 55 2 18 31 63 42 58 24 4 44 15 35 59 5 20 26 7 40 
61 38 25 27 53 56 14 17 50 52 26 7 51 58 62 29 41 12 9 37 54 32 5 31 35 20 16 44 1 60 46 39 36 22 2 11 24 42 15 64 48 40 13 63 4 57 59 6 10 45 43 30 28 49 23 55 21 34 8 18 3 33 47 19 
52 19 56 35 6 16 12 63 55 31 20 30 10 1 23 61 9 25 13 47 29 50 51 26 2 53 46 59 57 5 27 37 62 24 32 64 36 21 3 17 49 28 43 33 41 14 8 39 48 4 45 34 60 42 18 38 40 7 15 22 44 11 58 54 
44 30 46 18 49 60 61 27 41 45 36 29 33 64 59 24 1 10 62 48 35 7 39 6 3 23 28 38 14 54 4 32 2 42 11 13 8 40 43 9 22 50 52 15 34 53 47 26 12 17 21 58 56 55 19 63 57 20 5 25 51 37 31 16 
40 57 36 11 20 50 29 41 60 48 54 19 7 2 56 28 12 16 64 46 53 58 4 27 8 31 63 1 39 22 34 24 14 44 51 35 47 59 5 38 55 3 23 42 10 37 13 21 43 15 52 6 32 61 26 25 18 17 30 45 33 9 62 49 
33 14 21 42 24 53 15 23 12 51 63 6 58 4 5 11 18 49 3 52 19 61 30 44 47 16 45 41 20 43 13 25 39 50 26 37 46 31 10 34 17 32 36 38 27 59 54 57 62 35 64 8 22 9 40 7 55 60 1 56 2 29 48 28 
10 26 48 13 2 1 51 37 15 47 50 46 53 18 8 22 38 43 56 17 24 21 34 57 6 44 62 9 61 11 42 30 49 33 58 41 7 45 55 63 20 16 5 25 29 60 4 40 59 28 36 14 39 27 31 54 32 19 23 12 64 35 3 52 
39 5 58 55 64 43 9 54 16 38 34 42 35 52 37 3 11 8 45 32 41 28 59 2 48 10 15 40 26 51 17 60 1 25 61 22 18 57 30 27 31 19 12 62 46 7 63 56 44 33 50 24 49 29 20 23 47 21 14 36 13 4 53 6 
47 32 31 4 17 7 45 28 40 44 49 39 62 13 14 25 5 63 22 60 15 54 33 23 36 50 55 29 21 19 64 18 6 56 48 20 53 12 16 52 30 9 24 61 51 1 58 35 41 2 10 3 11 46 57 37 38 59 42 26 27 34 8 43 
34 25 8 3 62 59 22 38 27 26 21 32 9 17 57 43 36 20 37 42 55 40 31 14 33 58 12 56 7 52 35 49 54 19 4 23 15 29 60 28 18 6 48 11 2 44 45 64 51 5 30 13 1 53 16 47 46 39 24 50 61 63 10 41 
12 7 62 52 23 2 47 36 25 59 33 20 6 53 15 39 50 31 32 41 38 10 56 28 14 60 1 55 24 18 44 5 3 57 16 17 34 48 45 61 40 8 64 51 21 54 9 63 13 49 42 26 46 58 27 11 43 29 37 35 4 19 30 22 
11 6 44 58 31 14 21 48 43 1 5 9 17 40 55 50 51 62 15 30 12 23 20 64 42 34 29 3 38 47 45 53 46 32 56 10 37 7 13 54 36 27 19 26 39 24 57 59 2 63 22 61 35 4 60 52 49 33 18 41 28 16 25 8 
57 22 27 16 51 38 37 29 10 64 4 54 31 24 42 32 52 3 25 9 14 26 8 45 21 6 50 20 13 41 40 33 60 63 36 53 35 23 12 47 34 30 46 49 43 15 61 62 17 19 18 55 7 28 56 39 2 44 48 59 58 1 5 11 
55 15 43 8 33 39 32 42 3 23 13 35 12 37 48 27 61 44 19 59 21 1 6 54 64 49 7 28 52 46 2 10 11 4 40 14 29 5 22 26 58 53 20 56 31 18 60 25 24 9 57 45 47 16 41 30 34 51 38 17 63 36 50 62 
60 17 61 45 18 13 54 49 62 56 30 41 52 19 63 46 53 34 40 7 42 16 22 47 51 59 9 39 27 57 32 8 50 58 64 15 38 2 20 43 35 1 11 29 37 4 28 48 36 44 23 12 33 25 10 5 6 26 31 3 24 21 14 55 
41 40 30 50 35 63 25 5 28 61 47 8 2 26 18 21 13 36 27 43 33 11 55 46 31 48 58 19 4 37 16 56 42 62 9 44 49 1 24 59 23 52 17 10 6 38 14 22 34 51 20 53 54 64 3 29 45 12 7 15 39 60 32 57 
1 56 53 10 34 26 24 59 7 60 58 38 11 44 22 16 29 18 4 63 49 5 57 17 15 62 30 23 35 36 54 12 25 41 19 28 39 27 52 51 13 45 2 32 33 50 3 55 31 37 6 48 21 14 43 8 9 40 64 47 46 42 20 61 
3 46 64 9 19 28 4 20 51 49 14 36 57 29 45 34 24 58 35 2 48 39 37 60 61 63 22 25 11 17 43 26 18 55 6 31 21 8 33 30 41 12 42 44 5 47 16 7 40 38 32 1 15 59 50 62 27 56 10 54 53 23 52 13 
27 50 63 59 47 17 19 43 38 22 8 13 37 16 3 64 54 51 29 26 9 52 61 7 28 4 20 15 46 21 1 57 48 14 39 40 60 35 11 24 62 31 33 34 53 36 49 45 58 23 41 25 6 10 12 18 56 5 55 30 42 2 44 32 
9 60 35 20 1 4 8 57 11 29 32 5 34 62 58 17 15 59 53 31 37 44 45 55 50 61 14 48 10 2 38 41 33 49 43 21 12 54 63 56 19 7 30 18 64 27 6 42 16 52 39 28 3 40 22 24 25 23 47 13 36 51 46 26 
13 31 51 56 30 58 52 33 42 55 19 26 23 20 46 63 2 1 36 10 11 57 3 41 25 5 53 60 49 6 39 17 44 64 37 4 16 18 28 22 54 61 47 9 15 8 12 24 32 14 62 43 29 21 48 45 7 38 35 27 40 50 34 59 
42 21 38 25 11 22 3 53 59 50 15 24 47 14 10 4 49 6 33 58 60 30 12 8 34 19 64 35 18 44 23 7 45 36 27 51 20 32 9 57 46 43 40 17 13 16 52 28 37 54 26 5 55 1 2 56 62 63 61 29 31 39 41 48 
45 54 2 61 14 49 5 34 31 41 51 18 40 30 1 6 39 42 24 23 28 27 21 4 62 32 59 43 3 58 36 63 52 7 53 47 26 10 19 55 38 22 50 48 35 56 25 29 20 64 44 46 8 17 13 33 37 57 12 11 16 15 9 60 
36 64 29 39 15 40 18 6 49 7 35 44 54 48 28 33 43 32 47 56 62 19 25 63 30 8 42 12 16 27 9 55 17 59 31 46 13 34 61 1 2 5 3 41 20 26 23 37 4 50 51 38 53 60 11 57 14 10 21 58 52 45 22 24 
26 23 32 37 7 12 44 24 56 9 52 43 25 21 60 53 64 48 38 50 16 35 46 22 11 33 40 47 54 45 31 13 15 2 41 5 62 30 29 42 39 51 14 58 57 55 1 10 27 36 19 49 63 34 59 61 8 18 4 20 6 3 28 17 
46 48 10 41 16 55 28 62 2 57 61 45 36 39 27 12 40 14 34 20 5 17 18 13 52 51 24 22 56 26 37 29 38 3 8 50 25 58 6 23 44 63 59 4 60 21 32 11 47 42 35 7 9 31 30 15 64 53 43 33 19 49 54 1 
43 53 54 33 12 6 62 14 63 5 31 16 45 50 47 42 58 17 21 15 40 22 49 36 27 30 8 34 48 59 61 23 9 13 25 29 41 38 44 37 64 60 4 19 26 52 20 3 55 39 28 18 2 51 1 32 24 46 56 10 57 7 11 35 
35 37 7 63 60 5 10 58 21 12 39 14 4 8 53 44 46 57 41 64 51 48 27 1 29 56 18 16 2 55 26 38 47 28 15 24 54 43 17 3 59 11 22 40 62 31 42 49 23 6 9 36 25 52 34 50 13 61 20 19 32 30 33 45 
21 47 52 19 45 41 27 61 29 15 59 17 20 11 30 51 26 5 10 25 50 56 7 24 13 40 6 36 32 4 3 62 64 53 63 34 58 39 18 2 9 23 57 8 1 48 37 44 33 43 49 16 31 35 42 46 22 54 60 28 12 55 38 14 
25 3 49 38 55 23 42 51 58 28 6 27 60 36 34 48 4 9 2 13 20 18 62 33 44 64 37 50 43 35 10 46 16 52 59 57 61 22 7 11 12 41 63 45 30 32 24 54 26 56 8 19 17 47 21 14 29 31 39 40 1 5 15 53 
15 20 1 44 26 18 11 8 57 33 37 3 38 56 64 62 30 54 16 39 31 60 63 19 17 21 5 49 9 28 53 22 55 35 42 48 10 14 32 45 29 25 51 6 50 46 36 34 61 7 58 40 12 13 24 41 4 47 52 43 59 27 23 2 
59 39 4 2 40 29 17 22 9 46 25 55 26 61 32 54 34 23 43 38 52 42 44 35 19 24 33 57 45 12 41 47 8 1 20 60 31 49 21 62 27 56 58 13 7 28 15 14 11 30 5 63 10 3 64 53 51 6 36 16 18 48 37 50 
31 24 57 30 46 32 36 64 35 13 40 1 19 41 49 18 55 45 28 12 47 37 14 61 60 11 51 63 25 7 52 54 27 23 5 26 50 6 56 33 10 39 21 53 16 43 2 17 22 48 15 4 20 38 29 59 3 8 62 9 34 58 42 44 
50 28 16 34 48 9 13 56 52 24 23 10 43 22 7 2 3 11 6 8 59 29 32 53 1 15 39 31 42 20 14 58 4 40 12 19 30 51 46 36 5 35 61 47 55 33 18 38 54 27 37 62 45 57 44 60 41 49 17 63 26 64 21 25 
64 55 17 54 61 51 57 32 47 34 29 37 50 45 26 60 22 53 31 5 6 9 36 48 58 18 44 2 33 16 30 40 7 38 1 56 28 25 23 12 8 62 35 20 59 10 39 27 63 13 11 21 19 15 14 42 52 43 41 4 49 46 24 3 
4 59 12 36 50 62 33 45 18 3 64 25 14 42 21 49 56 7 44 51 17 47 15 38 20 41 23 37 19 29 8 28 43 9 46 52 27 16 31 6 61 26 1 2 32 5 11 13 60 22 24 10 34 30 39 58 35 48 57 55 54 53 40 63 
19 63 24 53 9 25 31 21 5 32 43 51 39 23 33 35 27 40 12 14 18 20 54 30 59 42 10 64 55 13 62 3 22 37 29 36 44 26 8 15 6 49 7 57 58 34 48 41 52 46 61 17 4 45 28 16 60 1 50 2 11 38 56 47 
56 44 20 1 29 30 46 26 22 11 38 12 24 6 13 36 32 2 61 28 34 59 43 37 49 47 54 52 63 39 7 48 19 5 45 62 51 60 42 53 21 4 18 3 9 25 31 23 50 57 40 27 41 8 55 35 10 15 33 64 17 14 16 58 
37 41 15 40 5 8 48 3 4 58 62 56 55 7 44 19 60 50 1 24 10 63 29 21 32 43 26 45 53 9 57 27 35 47 30 39 11 17 2 20 14 64 54 22 52 42 46 16 38 12 59 31 23 33 49 51 28 13 6 34 25 61 36 18 
38 34 6 60 43 52 23 18 46 16 27 31 63 10 61 20 25 19 49 33 45 62 35 11 24 36 17 5 15 56 21 51 57 54 50 58 14 41 4 13 47 55 44 28 40 29 53 12 1 3 48 9 37 2 32 64 30 42 22 7 8 59 26 39 
14 58 28 49 22 35 39 13 54 53 17 59 1 57 2 40 8 52 42 55 46 64 41 16 38 25 61 4 60 50 11 31 10 34 21 33 32 3 48 18 15 24 45 37 63 30 43 51 7 62 47 56 26 36 5 6 19 27 9 44 23 12 29 20 
7 27 42 47 10 11 16 2 48 8 9 52 15 28 41 30 57 13 23 4 39 3 26 58 46 14 35 6 12 34 22 1 59 61 55 49 63 24 64 40 33 36 38 50 56 17 19 60 25 20 29 54 18 44 53 43 5 32 45 62 37 31 51 21 
54 52 19 22 41 37 2 44 24 43 7 21 13 63 6 58 31 56 14 61 23 53 42 9 26 12 25 33 59 1 18 34 30 46 38 32 17 15 35 60 50 10 27 55 36 20 40 8 5 16 3 11 64 39 45 28 48 4 51 57 47 62 49 29 
58 49 39 15 21 45 34 46 1 36 56 48 42 60 16 26 28 33 51 3 22 55 17 20 4 29 31 30 47 14 63 61 41 27 54 9 23 44 57 7 43 2 62 35 18 13 5 53 6 24 38 59 52 37 25 19 11 64 40 32 50 8 12 10 
30 43 13 29 25 24 38 40 23 2 28 22 5 54 11 31 16 46 60 44 64 41 10 34 56 35 21 27 37 8 51 20 53 6 33 42 48 36 49 19 4 47 32 39 45 12 17 52 15 26 55 57 62 50 63 9 59 58 3 61 14 18 1 7 
6 12 33 57 36 48 63 10 37 40 3 62 44 27 52 55 35 47 30 29 8 13 50 5 22 7 32 46 17 42 60 16 28 45 18 2 64 11 34 39 51 59 49 23 38 41 26 58 14 21 1 20 43 56 61 4 54 9 53 24 15 25 19 31 
8 51 23 32 28 42 50 35 14 39 41 34 49 38 17 59 63 27 57 18 4 45 58 12 9 55 36 10 6 62 19 15 24 26 47 61 43 52 1 5 25 29 16 64 11 3 7 31 46 53 33 60 40 22 54 48 44 37 13 21 30 20 2 56 
16 62 47 17 4 27 59 9 30 20 57 61 32 51 25 45 21 38 54 11 7 36 19 15 43 52 2 58 44 53 48 64 29 10 3 55 40 50 37 14 63 33 60 1 24 6 56 46 35 18 31 23 13 12 8 49 26 28 34 42 41 22 39 5 
20 11 5 64 3 31 55 1 8 4 53 47 18 33 50 15 37 39 26 62 2 43 48 49 23 54 41 24 40 38 28 45 12 51 13 25 22 56 59 16 57 42 9 30 14 19 21 61 29 58 34 32 44 7 36 10 63 52 27 60 35 17 6 46 
53 18 14 26 56 61 7 60 19 10 46 64 29 35 12 9 6 24 59 1 32 25 40 52 57 39 3 13 5 49 50 11 20 31 62 8 4 63 58 21 28 44 37 54 48 22 34 15 30 47 27 2 42 41 51 17 33 45 16 23 38 43 55 36 
22 4 59 31 63 64 30 55 39 18 44 40 16 32 20 1 42 41 17 49 57 34 24 56 54 26 38 14 8 15 58 43 51 60 28 3 2 46 47 35 52 21 10 5 23 11 62 36 45 25 53 33 48 6 7 27 12 50 19 37 29 13 61 9 
62 1 37 24 57 10 60 52 45 17 12 63 59 25 29 5 44 21 46 40 36 6 11 18 16 2 13 61 41 64 55 19 23 39 22 38 42 53 14 48 7 20 34 27 47 9 35 33 49 32 54 50 30 43 15 26 31 3 58 8 56 28 4 51 
18 35 50 23 27 21 20 25 61 19 55 4 56 34 43 52 14 37 8 45 26 33 47 51 5 46 60 62 36 10 12 9 13 30 24 16 6 64 40 31 3 48 28 59 54 39 29 32 42 1 2 44 38 63 58 22 53 41 11 49 7 57 17 15 
51 29 40 7 42 15 53 16 13 6 22 28 48 49 9 57 10 30 50 19 63 2 52 32 37 1 27 17 23 31 20 59 58 21 34 12 56 62 54 44 26 18 8 14 61 45 41 43 39 55 4 64 24 11 35 3 36 25 46 38 5 47 60 33 
2 45 26 14 8 46 6 12 53 54 42 58 21 47 31 7 62 22 20 16 13 38 1 3 63 28 4 11 50 32 49 35 61 15 10 59 33 55 25 41 37 57 56 24 17 51 64 19 9 34 60 29 5 23 52 36 39 30 44 48 43 40 18 27 
32 36 3 5 13 33 56 39 26 37 10 50 41 15 51 23 48 60 7 54 61 31 9 25 53 57 34 18 29 30 6 44 63 11 17 43 45 19 27 4 42 58 55 16 49 40 38 1 28 8 14 47 59 62 46 12 20 22 2 52 21 24 35 64 
17 61 11 28 44 54 58 47 36 62 60 33 30 3 38 14 23 29 5 35 27 12 64 43 39 45 48 7 51 24 56 42 26 18 49 1 52 9 50 8 53 15 31 46 25 2 22 4 19 40 13 41 57 20 37 21 16 55 63 6 10 32 59 34 
48 9 41 43 38 34 49 19 64 35 11 2 27 46 24 8 59 4 55 53 58 15 28 39 40 3 47 21 22 33 25 52 37 29 57 7 5 20 36 32 60 13 6 12 44 63 30 50 56 10 16 51 61 18 17 31 23 14 26 1 62 54 45 42 
################proper############## 

 average_time = 3236.038664 

 success runs = 1 

 total average iters = 206778877.000000 
