Success!!! 
 
 max_col = 
 64 
 
 run_time = 
 917.509553 
 
 once iters = 
 44419523 
 
40 17 13 16 64 33 44 53 22 36 63 41 27 50 58 59 56 60 38 15 55 45 35 10 19 14 20 11 25 29 28 26 52 49 7 2 42 46 6 47 8 5 34 37 32 39 54 48 57 3 61 9 62 18 30 31 51 23 24 21 1 43 12 4 
29 19 8 27 51 14 32 18 56 39 9 52 5 25 38 30 26 2 44 34 63 24 31 28 53 48 3 43 4 49 17 6 23 11 1 45 13 16 62 55 21 50 47 15 20 36 10 64 12 40 33 59 60 58 42 37 41 57 46 7 35 22 54 61 
35 26 28 9 50 58 10 59 12 48 14 23 44 24 60 29 53 27 57 40 13 47 33 11 55 2 16 8 42 61 63 18 22 54 36 34 21 15 38 37 46 1 51 62 7 3 30 56 41 4 52 5 43 19 45 20 6 49 25 17 32 39 31 64 
23 46 49 54 34 48 3 38 21 28 2 31 47 32 6 35 19 62 1 36 4 25 42 37 41 27 12 59 39 24 58 57 18 29 50 51 30 14 43 8 16 55 44 63 61 9 52 45 53 10 13 22 17 64 26 7 20 60 33 40 11 15 5 56 
56 39 5 20 37 4 24 52 17 45 13 64 51 62 8 55 7 54 43 12 6 32 21 29 30 36 46 33 47 60 22 15 61 10 31 26 48 44 40 57 14 42 25 59 18 19 41 2 50 23 49 11 27 63 1 35 58 3 16 38 53 34 28 9 
36 55 22 45 7 11 2 61 3 40 42 4 16 15 19 10 9 20 51 59 41 30 49 18 62 64 56 54 1 50 44 34 5 39 25 60 58 53 17 33 43 28 12 57 24 31 35 23 8 48 6 38 14 46 21 32 27 26 29 37 63 52 13 47 
43 15 12 47 30 6 42 1 18 53 57 49 26 61 33 7 16 17 5 39 14 46 52 50 31 23 9 13 38 21 37 51 35 3 64 20 63 41 19 32 29 58 11 4 60 27 22 40 34 44 25 54 24 28 55 56 10 8 36 62 2 48 45 59 
63 57 21 62 60 31 25 41 20 54 1 43 37 11 46 34 61 58 48 22 23 8 64 3 5 32 40 52 10 35 45 7 27 28 24 59 4 12 56 9 49 33 53 17 38 26 13 6 36 2 16 29 39 47 51 15 55 19 14 44 18 50 42 30 
59 64 48 61 58 43 55 44 51 56 46 21 38 30 23 25 32 53 4 2 28 9 8 42 6 34 22 5 57 45 13 40 41 60 62 50 47 27 24 7 33 37 35 31 52 12 26 36 15 19 1 20 3 17 18 39 29 10 54 63 16 49 11 14 
51 42 9 17 32 26 35 54 48 57 64 50 10 31 41 27 52 14 11 49 56 3 63 45 7 4 18 47 61 46 20 28 36 38 6 12 34 59 39 40 55 13 24 23 29 16 2 62 44 21 30 43 25 60 53 22 8 5 58 15 37 33 19 1 
30 40 27 57 15 25 62 63 34 18 52 20 24 6 26 2 13 29 19 5 61 41 55 48 17 53 54 39 50 56 60 21 9 37 3 31 1 8 16 28 44 45 22 58 43 49 7 11 10 59 23 51 33 32 14 4 64 47 12 42 38 46 35 36 
41 29 56 31 13 49 36 45 42 60 54 63 32 5 14 39 23 7 10 21 12 33 17 44 11 24 58 26 37 38 52 1 46 4 55 19 43 51 35 2 64 47 20 3 30 25 15 53 48 8 27 16 9 57 28 34 40 6 62 61 50 59 18 22 
19 24 2 60 8 38 11 21 61 58 44 17 62 12 7 22 37 50 47 1 15 51 46 36 3 55 23 41 16 32 43 49 42 18 54 53 33 5 63 25 40 9 57 10 48 59 34 14 45 35 31 56 29 52 6 64 39 20 13 28 30 26 4 27 
46 23 34 22 39 20 37 47 8 1 3 55 9 13 45 4 43 26 54 60 62 35 16 38 48 31 33 25 36 59 12 19 57 21 14 30 29 10 64 15 63 18 32 6 27 56 28 41 11 42 50 61 5 40 49 58 2 17 7 24 51 44 53 52 
6 18 10 4 52 7 5 3 40 33 37 28 19 16 49 53 27 30 39 24 57 22 59 25 51 62 15 44 35 64 29 14 58 13 48 17 11 56 32 20 1 61 42 54 50 46 8 60 38 26 36 2 63 12 41 47 21 34 55 31 23 45 9 43 
1 50 16 53 12 28 33 14 59 15 29 47 11 36 35 43 40 6 34 18 58 31 20 64 63 10 2 27 9 42 30 8 45 26 61 23 22 52 49 44 38 17 19 39 4 51 21 5 55 62 46 37 54 24 7 13 57 32 60 56 41 25 3 48 
2 10 11 64 57 40 43 28 13 27 26 9 7 41 54 19 3 1 52 29 32 38 60 8 25 51 45 6 14 44 59 12 49 36 30 48 24 34 21 35 56 39 37 50 47 5 62 61 46 20 53 18 15 42 22 23 31 58 17 55 33 4 16 63 
50 31 44 59 4 13 16 33 63 20 25 56 3 29 52 62 46 51 9 57 47 11 58 53 2 35 7 64 60 39 42 22 37 32 40 6 23 55 61 18 28 21 43 19 12 17 49 38 1 30 54 24 8 34 48 10 15 41 45 27 14 5 36 26 
38 32 20 51 26 62 7 12 30 61 21 5 18 39 53 17 49 10 45 42 22 2 24 31 27 13 37 19 63 47 33 4 56 14 57 1 64 50 9 41 15 8 46 25 6 52 59 29 28 11 58 40 16 55 36 43 34 44 48 35 54 3 60 23 
58 1 47 15 35 53 30 48 45 8 11 60 40 42 4 49 36 37 27 13 44 50 6 12 29 17 24 34 3 43 23 10 62 25 26 22 59 39 52 5 57 63 18 20 55 54 16 51 19 31 7 14 41 56 33 21 61 9 64 2 46 28 38 32 
54 21 52 42 45 34 8 29 28 31 35 38 64 22 32 51 33 23 62 17 59 15 25 40 1 20 5 49 46 55 48 30 11 19 60 3 16 63 53 58 7 4 26 2 36 41 14 10 27 47 9 44 12 61 13 50 43 18 56 6 24 37 57 39 
60 36 19 56 9 22 27 24 47 50 6 44 59 14 15 23 63 55 16 54 18 34 39 21 26 41 61 28 58 57 31 53 8 20 12 43 10 13 33 46 42 32 30 48 64 35 45 3 51 5 17 4 2 37 38 25 49 11 52 29 7 40 1 62 
5 3 63 46 41 17 18 25 55 37 12 10 2 43 48 58 4 28 14 26 20 64 61 56 52 54 36 50 40 16 62 11 51 45 27 15 7 42 31 38 34 53 9 33 1 24 23 44 6 29 35 32 57 49 39 60 47 30 21 22 8 19 59 13 
14 37 6 39 55 61 49 23 24 16 33 1 57 46 34 36 5 48 35 41 19 43 7 30 56 15 32 18 21 8 38 9 28 47 44 29 2 17 4 54 31 11 58 27 13 60 40 22 62 63 64 45 52 3 59 26 25 50 42 12 20 10 51 53 
20 35 23 24 40 29 48 46 62 12 4 8 52 17 61 28 57 5 49 31 42 58 18 63 13 26 44 7 11 1 50 32 10 33 9 64 41 47 3 14 2 56 21 43 59 55 51 27 25 54 34 30 22 39 16 53 60 38 37 45 36 6 15 19 
52 16 43 1 53 5 59 7 14 19 27 51 13 64 11 18 38 33 25 4 9 26 15 54 8 46 55 37 24 28 10 45 12 17 21 57 49 58 34 62 3 6 31 61 22 32 39 30 35 60 2 42 40 41 29 36 56 63 50 47 48 23 20 44 
22 58 15 26 49 8 47 31 41 25 16 57 48 9 1 5 60 44 61 14 50 13 23 6 35 29 17 20 56 2 27 38 43 53 18 36 39 30 55 51 45 34 10 24 40 63 37 52 59 33 11 19 21 7 3 46 4 62 28 54 42 32 64 12 
64 60 45 36 17 41 6 55 35 23 58 39 29 49 30 20 2 21 53 7 3 16 27 51 18 52 63 42 33 14 61 59 19 1 28 24 15 38 22 4 50 25 54 12 8 48 47 46 43 13 32 10 37 44 56 62 26 31 5 9 34 57 40 11 
4 54 32 18 14 2 21 42 60 44 59 3 50 53 10 56 35 43 37 64 11 48 19 22 15 47 39 62 12 36 34 25 6 8 52 63 20 40 5 31 26 49 1 9 41 29 38 58 23 55 51 28 61 45 24 57 46 27 30 16 17 13 33 7 
12 61 3 63 33 56 39 30 43 47 31 34 54 55 24 40 17 46 36 32 1 29 41 62 22 49 64 4 48 5 9 16 44 35 11 37 60 2 59 45 23 19 7 28 42 20 57 13 52 15 38 6 26 27 50 18 14 53 51 25 21 8 10 58 
44 25 62 13 28 51 19 27 38 2 32 22 63 33 37 21 34 47 40 56 45 39 10 52 57 3 60 23 30 6 53 58 16 7 46 42 50 61 54 26 5 15 14 36 17 11 18 4 20 64 12 31 48 1 9 8 35 29 49 41 59 55 43 24 
57 11 50 38 10 37 9 34 7 6 15 26 42 45 36 46 24 59 8 28 30 20 12 55 40 21 19 31 43 54 51 41 29 48 13 56 25 32 27 23 60 62 16 64 35 53 44 33 17 58 63 47 49 14 4 5 52 1 3 18 22 61 39 2 
37 62 61 58 25 60 38 39 53 22 24 18 46 27 55 47 28 16 42 19 31 54 32 34 14 44 1 57 8 52 11 23 26 30 59 5 17 43 45 13 41 12 33 35 51 40 4 50 9 49 20 21 6 36 64 29 63 2 10 48 15 56 7 3 
32 22 51 40 27 59 57 36 54 11 39 45 15 10 25 38 14 49 17 30 35 5 1 41 50 56 34 21 6 58 18 63 20 46 2 9 55 7 60 16 13 52 3 47 31 44 61 28 24 53 4 48 42 43 23 33 12 37 26 19 64 62 29 8 
21 7 53 50 31 3 28 35 37 63 49 59 60 2 9 8 51 22 24 62 10 18 56 47 45 5 30 46 13 26 40 64 4 23 41 52 32 36 29 39 17 43 48 14 58 42 20 34 54 38 55 25 19 15 12 44 11 16 1 57 6 27 61 33 
49 9 1 43 5 30 34 13 36 17 41 58 31 19 20 6 12 61 33 11 2 27 45 7 39 38 4 51 62 15 3 54 64 63 53 21 35 28 42 48 37 22 56 55 26 23 29 18 32 57 10 8 46 59 60 16 50 14 40 52 47 24 44 25 
11 41 29 48 56 42 64 20 33 14 5 32 12 52 62 50 39 40 58 63 21 57 4 9 37 43 35 55 59 7 19 47 54 15 51 25 6 1 44 24 10 46 36 8 45 2 27 16 26 34 28 17 18 30 61 3 38 22 23 60 13 53 49 31 
10 8 33 2 46 63 4 15 26 30 34 7 23 57 28 1 55 52 60 3 64 37 44 59 32 61 29 16 22 53 49 48 38 27 56 11 12 18 14 50 6 24 5 21 9 62 25 19 13 51 47 35 58 31 40 45 42 54 43 36 39 20 17 41 
24 47 14 44 18 23 52 17 4 43 51 29 35 40 16 13 20 8 15 38 48 6 26 46 36 25 28 12 41 31 2 42 33 22 49 61 3 19 58 10 32 57 60 7 63 64 53 54 56 27 37 39 11 50 62 1 59 21 9 5 45 30 55 34 
16 45 55 19 54 12 26 6 64 21 61 42 56 3 44 48 50 36 29 23 25 53 13 43 60 33 27 10 20 9 24 17 40 57 8 62 31 37 47 34 11 38 59 30 39 15 1 49 2 41 14 52 7 22 5 63 32 4 18 51 28 35 58 46 
31 5 4 12 24 21 23 40 32 49 20 6 39 28 2 14 58 45 3 46 60 7 9 27 42 37 50 15 55 11 8 61 30 34 29 13 19 35 48 1 52 44 62 41 16 18 64 25 22 43 26 36 56 38 57 17 54 59 53 33 10 47 63 51 
42 27 39 49 2 45 41 62 29 9 55 46 17 18 3 54 48 13 63 33 43 10 22 20 44 40 6 56 34 25 26 24 60 51 37 32 5 31 57 64 53 30 28 38 14 7 58 12 21 52 15 1 59 23 47 19 36 35 4 8 61 11 50 16 
17 53 46 35 43 47 1 26 15 24 38 36 22 63 13 31 41 11 21 8 54 59 37 5 12 16 57 3 29 4 7 27 50 62 45 40 52 23 28 56 39 48 55 42 34 33 32 20 64 61 60 49 10 51 2 6 19 25 44 30 9 58 14 18 
9 13 64 28 20 57 14 11 10 5 53 25 4 37 12 45 42 19 6 47 49 61 34 24 38 30 21 48 52 62 39 2 17 59 33 8 36 26 18 43 51 54 50 56 15 22 60 63 3 7 40 58 44 16 35 27 1 46 41 23 31 29 32 55 
34 63 30 29 44 18 61 56 58 41 19 62 21 48 59 42 1 12 26 52 38 4 50 32 23 60 43 36 51 33 35 5 3 55 16 7 14 22 25 49 47 10 17 40 11 8 46 37 31 28 39 53 20 13 54 9 45 24 15 64 27 2 6 57 
8 33 58 3 16 10 54 50 27 7 23 11 1 44 56 61 64 35 55 51 40 62 53 15 59 22 49 45 17 41 32 13 47 24 4 39 46 21 2 42 9 31 6 26 19 57 36 43 5 18 29 63 30 25 37 14 28 12 20 34 52 60 48 38 
25 6 37 55 48 36 22 51 16 52 50 35 8 34 40 60 18 57 30 44 29 17 14 23 54 28 31 63 64 19 47 20 53 41 58 10 38 9 15 27 59 2 61 49 21 13 24 1 4 12 62 46 45 33 32 11 3 7 39 43 56 42 26 5 
7 59 60 52 38 19 15 32 57 64 47 30 33 51 43 26 31 39 28 25 36 56 2 16 58 9 10 1 53 18 14 46 63 6 20 44 61 54 11 12 27 23 45 29 5 4 3 35 42 24 8 50 55 48 34 41 17 40 22 13 49 21 62 37 
45 30 18 10 6 52 20 2 19 38 28 16 34 59 63 3 25 64 50 43 53 23 5 49 21 11 8 35 7 22 4 39 1 31 47 14 57 62 12 17 24 36 27 13 37 58 33 42 40 9 48 60 51 54 15 61 44 55 32 46 26 41 56 29 
48 44 41 7 62 46 56 49 11 13 30 15 43 47 50 37 22 63 31 10 17 36 51 14 9 1 52 58 19 40 5 60 39 2 34 38 26 33 8 21 12 20 64 32 28 61 55 57 29 45 18 3 53 6 27 24 23 42 35 59 4 16 25 54 
61 43 31 34 42 27 17 16 46 55 7 14 25 35 18 12 30 9 56 6 8 19 28 57 10 50 26 2 54 23 15 3 24 52 32 58 53 64 41 11 62 29 40 51 49 38 5 47 33 39 21 13 4 20 44 59 22 48 63 1 60 36 37 45 
53 4 59 25 11 15 63 64 2 42 56 54 36 21 5 9 47 34 20 58 39 60 48 61 16 18 62 24 49 12 57 55 13 44 23 28 27 45 51 29 35 14 41 22 10 1 6 17 30 37 19 7 32 26 46 38 33 43 8 50 3 31 52 40 
28 14 36 33 23 1 29 5 6 10 62 27 45 8 39 24 11 18 32 16 26 52 40 4 20 59 13 61 31 30 41 37 55 42 19 49 56 48 46 60 54 7 2 44 3 34 43 9 63 50 22 64 47 35 25 12 53 51 38 58 57 17 21 15 
13 51 40 37 3 35 58 19 44 29 17 61 53 26 22 57 59 38 2 27 46 21 62 1 33 45 14 32 28 63 64 43 25 16 5 54 9 20 36 30 4 60 15 52 23 50 48 31 49 56 41 55 34 8 10 42 18 39 47 11 12 7 24 6 
39 12 26 32 21 54 60 9 1 4 40 33 49 23 51 52 44 15 41 55 24 42 29 35 47 6 53 38 27 48 25 36 7 43 22 18 37 3 50 59 30 16 63 11 46 45 56 8 58 14 57 62 31 2 17 28 5 13 61 10 19 64 34 20 
55 38 57 8 47 24 50 22 31 32 60 48 20 58 64 41 45 3 7 37 33 12 54 13 34 42 51 29 44 17 46 56 15 61 63 35 40 4 10 6 18 26 39 53 25 21 19 59 16 1 5 23 36 11 43 52 30 28 2 14 62 9 27 49 
27 48 17 21 59 9 12 4 39 26 10 37 55 1 57 44 15 31 23 53 51 40 43 58 64 8 42 60 45 34 36 33 32 56 35 16 62 25 30 61 19 3 38 46 54 47 63 7 18 22 24 41 50 5 11 49 13 52 6 20 29 14 2 28 
3 49 25 14 63 39 40 43 5 34 18 13 28 4 17 11 29 32 12 9 52 55 57 2 46 7 41 22 15 27 56 50 59 64 10 47 51 6 20 36 48 35 23 45 62 30 42 26 37 16 44 33 38 21 19 54 24 61 31 53 58 1 8 60 
62 34 54 30 36 16 46 57 50 59 22 40 58 38 31 64 21 24 18 45 7 28 11 33 49 63 25 14 23 13 1 52 2 5 42 27 8 29 37 53 61 41 4 60 44 6 12 15 39 32 43 26 35 10 20 48 9 56 19 3 55 51 47 17 
15 56 24 23 1 55 51 58 49 62 43 19 6 20 29 16 10 41 46 35 37 44 47 60 61 57 59 30 26 3 54 31 21 50 38 33 28 11 13 63 25 40 52 18 53 14 9 32 7 17 45 27 64 4 8 2 48 36 34 39 5 12 22 42 
47 28 35 11 61 32 13 60 25 3 45 53 41 7 42 33 62 56 64 50 5 49 36 19 4 58 38 40 18 51 16 44 48 9 17 46 54 24 23 22 20 27 8 34 2 10 31 39 14 6 59 12 1 29 52 55 37 15 57 26 43 63 30 21 
18 52 7 6 29 64 31 8 23 46 36 2 14 56 27 32 54 4 59 61 16 63 3 17 43 39 48 9 5 20 21 35 34 12 15 55 44 60 26 19 22 51 13 1 33 37 50 24 47 25 42 57 28 53 58 30 62 45 11 49 40 38 41 10 
33 20 42 41 19 50 45 37 52 51 8 24 30 60 47 63 6 25 22 48 34 1 38 26 28 12 11 53 2 10 55 62 14 58 39 4 18 49 7 3 36 59 29 5 57 43 17 21 61 46 56 15 13 9 31 40 16 64 27 32 44 54 23 35 
26 2 38 5 22 44 53 10 9 35 48 12 61 54 21 15 8 42 13 20 27 14 30 39 24 19 47 17 32 37 6 29 31 40 43 41 45 57 1 52 58 64 49 16 56 28 11 55 60 36 3 34 23 62 63 51 7 33 59 4 25 18 46 50 
################proper############## 

 average_time = 917.509553 

 success runs = 1 

 total average iters = 44419523.000000 
