Success!!! 
 
 max_col = 
 64 
 
 run_time = 
 829.441303 
 
 once iters = 
 28533885 
 
1 12 36 38 21 52 32 8 4 39 2 37 25 23 18 24 59 31 14 33 15 60 61 28 19 46 20 63 47 16 10 45 17 51 9 29 58 13 30 62 35 55 42 64 41 56 3 11 53 54 57 26 44 40 5 6 22 50 43 27 7 34 49 48 
23 24 54 3 16 28 9 31 14 43 33 40 51 61 5 7 27 21 2 10 45 44 11 37 57 39 36 41 34 35 62 29 55 53 19 64 52 20 6 22 13 60 25 30 63 12 49 26 47 32 17 46 50 8 48 42 4 15 56 59 58 38 18 1 
59 10 17 13 33 63 7 11 9 47 38 29 26 3 50 28 64 4 40 34 56 52 53 41 2 23 42 49 54 37 8 18 45 57 15 12 16 48 32 24 27 1 58 43 6 39 22 21 55 61 25 30 60 51 62 31 35 19 5 46 36 14 20 44 
27 41 49 61 20 57 55 2 52 54 17 21 36 15 22 8 19 32 35 18 63 9 42 3 38 48 6 26 40 12 64 4 56 44 50 5 33 7 14 59 16 31 37 24 62 51 29 46 45 43 1 23 34 11 58 10 30 13 28 47 25 53 39 60 
37 62 5 22 4 25 26 18 42 46 57 32 11 48 13 41 12 49 16 47 8 20 30 38 58 60 28 56 24 14 50 52 1 43 63 40 27 31 10 34 53 61 2 44 33 54 9 19 59 3 35 7 15 39 36 21 55 23 45 51 6 17 29 64 
46 30 34 19 51 58 42 53 31 35 56 44 6 64 45 10 55 39 62 17 1 48 23 7 25 22 21 32 33 5 43 59 28 49 36 3 4 8 60 41 40 18 38 52 47 50 20 15 13 14 37 29 24 63 9 27 16 54 12 61 11 26 2 57 
6 44 56 35 15 14 43 64 34 53 27 12 49 19 60 62 57 58 50 51 25 29 54 36 7 55 1 3 31 61 30 13 11 39 2 46 21 47 26 42 5 45 4 23 48 17 59 10 18 22 38 33 16 20 52 28 63 37 41 24 32 40 8 9 
40 47 48 39 45 29 50 60 63 1 16 59 30 58 55 20 24 13 22 26 5 6 43 46 27 11 51 53 9 17 15 44 38 18 54 35 25 61 37 23 57 34 7 36 28 32 14 8 49 12 56 4 2 41 64 19 33 21 10 31 62 52 42 3 
52 61 59 25 40 55 15 35 29 2 45 24 9 41 51 54 6 17 38 58 4 21 34 20 44 8 10 23 18 57 12 46 62 42 14 7 1 53 31 48 50 63 33 3 30 47 13 39 56 11 64 36 43 16 26 49 37 5 27 32 60 22 19 28 
60 27 32 24 63 51 6 38 64 22 1 30 58 49 28 47 54 46 59 23 62 53 52 13 3 5 56 15 55 26 7 9 29 10 33 37 39 11 43 19 14 16 45 21 34 8 4 20 25 41 12 50 40 48 31 35 17 57 44 18 2 42 61 36 
53 31 18 23 13 43 3 19 25 5 39 7 46 55 59 34 10 30 9 64 40 47 48 8 36 21 2 1 41 52 63 11 44 4 45 22 15 50 58 35 51 27 6 49 12 57 56 42 60 33 28 17 37 54 61 32 62 38 26 20 16 29 24 14 
45 16 21 47 62 5 34 37 8 11 19 26 42 10 12 27 36 61 3 60 35 49 50 55 13 38 40 48 17 25 29 22 52 41 32 57 64 63 56 9 1 23 43 28 18 15 24 2 20 4 46 53 30 14 51 44 7 33 58 6 54 39 31 59 
33 11 29 50 12 48 2 54 17 57 18 6 40 20 23 36 45 15 1 39 16 27 56 32 43 24 53 4 64 58 37 14 60 38 8 51 5 30 55 28 26 9 22 41 31 52 44 61 3 47 13 42 19 7 59 62 10 46 35 25 63 49 21 34 
17 8 7 56 64 46 28 1 53 52 60 63 44 31 4 14 5 19 18 25 24 57 22 26 42 30 33 39 49 54 45 20 16 21 12 27 6 40 61 36 37 35 32 48 38 62 11 59 23 55 10 34 9 29 2 58 50 51 15 13 43 47 3 41 
39 22 9 58 14 10 49 4 16 37 43 61 13 62 56 35 11 12 42 44 41 28 33 63 47 32 60 31 50 34 51 27 18 59 46 26 17 2 20 3 29 7 36 19 25 5 55 54 8 21 24 6 45 57 15 38 52 40 48 1 30 64 53 23 
36 20 26 44 42 41 30 57 15 32 3 50 38 21 48 33 29 51 31 2 43 37 7 14 16 28 59 6 19 62 61 35 34 24 47 13 23 54 49 25 58 10 53 17 60 46 40 64 63 27 22 5 52 1 39 18 12 4 8 56 9 45 55 11 
21 59 6 10 43 61 44 20 45 40 11 55 56 33 42 63 38 18 36 49 50 34 12 57 5 25 4 37 14 3 46 8 9 29 62 47 48 51 23 52 31 58 54 2 16 64 28 24 19 53 30 27 7 32 22 41 60 17 13 39 15 35 1 26 
25 1 30 15 60 42 54 29 38 8 22 47 4 50 37 16 17 40 55 59 10 23 6 31 51 13 39 19 35 48 28 62 61 34 27 18 32 44 36 63 52 53 14 12 3 26 43 33 2 20 5 21 46 49 45 64 58 24 11 7 41 57 9 56 
4 33 47 41 11 2 56 51 36 29 9 35 52 7 26 1 60 5 64 45 54 61 63 44 49 59 58 17 16 24 32 53 3 13 43 38 40 46 21 14 48 42 39 50 57 19 23 30 31 18 62 15 10 28 12 25 8 55 22 37 34 6 27 20 
16 57 35 36 19 49 24 13 5 41 31 58 62 14 43 18 30 22 33 37 26 32 15 29 12 7 61 47 21 1 27 50 4 20 28 53 10 64 25 39 34 8 55 51 17 9 63 38 54 6 59 44 23 60 11 56 46 3 42 48 40 2 52 45 
48 5 52 34 3 38 18 63 2 30 12 54 24 46 64 19 7 27 20 42 13 1 28 43 29 15 41 55 10 56 9 60 58 26 11 8 59 37 22 45 44 21 47 61 36 25 35 6 16 17 39 14 57 33 40 4 23 31 49 50 53 51 32 62 
62 17 8 45 32 9 12 23 6 3 61 15 27 60 34 21 39 53 52 46 14 25 47 16 11 26 64 18 63 20 31 30 54 2 5 55 57 41 24 49 59 22 40 13 37 4 7 56 50 1 43 48 58 42 35 51 29 44 36 38 10 28 33 19 
7 37 14 26 39 64 53 58 20 48 25 28 23 57 44 13 56 41 19 62 21 11 24 51 52 2 22 33 38 42 34 40 35 6 60 50 30 17 15 31 46 32 5 10 49 1 45 27 29 8 9 61 3 36 55 63 59 16 18 54 4 43 47 12 
55 50 31 28 46 40 22 27 51 10 53 49 59 32 17 39 9 48 58 8 2 3 35 4 6 57 45 43 44 36 54 23 42 33 1 16 19 56 7 12 18 62 11 15 29 20 60 41 52 24 34 47 26 13 38 37 64 14 21 63 5 61 25 30 
61 60 63 40 59 50 16 62 26 25 4 17 7 30 8 12 3 56 39 1 19 54 38 45 35 51 27 22 52 11 47 36 32 46 34 6 14 24 2 57 43 28 31 29 20 42 37 23 41 48 21 18 5 44 33 55 15 49 9 58 64 13 10 53 
41 9 20 12 31 56 10 6 46 21 36 45 22 44 53 51 8 29 57 63 58 55 64 25 54 42 26 24 60 28 23 33 49 62 35 61 47 3 48 1 17 19 13 18 39 2 34 5 43 38 15 32 4 52 50 30 14 11 59 40 37 27 16 7 
14 36 42 55 25 39 13 34 11 60 48 31 15 1 32 6 35 33 53 30 61 62 37 50 18 64 43 46 5 59 3 58 19 63 10 56 41 26 9 17 4 47 57 16 54 7 38 49 28 29 51 40 12 27 24 22 21 8 20 2 44 23 45 52 
43 54 15 17 8 47 38 49 55 20 41 14 57 34 24 58 13 59 27 22 7 5 21 9 10 4 31 62 45 19 2 63 33 37 39 52 28 18 40 44 56 64 60 26 61 35 36 32 1 23 6 11 42 53 25 16 48 30 29 3 12 46 51 50 
29 45 24 33 57 53 5 52 3 28 47 19 35 9 63 42 32 11 43 48 31 4 2 15 37 1 8 44 56 49 13 41 23 64 51 59 12 22 16 27 30 46 21 25 40 55 50 58 26 10 20 60 54 34 14 7 6 18 61 36 39 62 17 38 
64 3 37 2 27 1 4 32 18 33 62 43 16 59 54 29 14 42 51 12 28 26 10 23 40 9 48 20 61 50 17 39 8 45 30 21 7 25 13 38 63 24 15 6 52 11 53 44 35 58 19 49 47 46 57 36 56 60 55 34 31 41 5 22 
51 28 19 30 23 35 48 46 49 61 10 39 64 13 38 50 40 52 47 6 20 18 44 17 34 53 16 29 25 7 55 21 15 11 58 43 31 36 5 60 3 41 12 1 14 59 27 22 62 9 2 8 63 37 56 45 54 26 24 33 57 32 4 42 
26 58 44 18 22 7 11 21 56 23 5 2 37 27 52 40 49 24 60 41 46 16 36 34 32 6 30 14 15 38 57 12 53 55 29 20 50 4 42 54 8 33 62 45 9 10 51 48 64 13 61 3 39 31 17 59 43 1 25 28 47 19 63 35 
31 38 11 4 48 36 29 55 32 64 26 20 8 53 19 49 41 7 56 61 33 45 27 12 28 3 9 60 51 15 42 34 43 58 52 30 54 6 18 46 2 25 63 14 22 37 39 16 44 35 50 24 59 5 1 57 40 47 17 23 21 10 62 13 
49 63 46 7 50 12 35 9 60 34 13 22 54 43 3 31 53 37 17 57 64 38 59 58 62 56 18 2 29 4 48 24 51 23 40 32 36 27 33 11 47 15 26 55 45 21 6 1 42 19 41 25 20 10 30 61 39 28 16 8 52 44 14 5 
47 13 1 52 6 24 27 42 37 59 21 36 10 2 58 57 23 60 46 15 30 63 55 62 64 61 50 35 12 32 14 17 7 16 25 34 45 49 39 5 19 44 48 8 11 40 31 28 4 51 53 9 29 56 18 33 26 20 38 41 3 54 22 43 
44 34 43 53 54 59 41 56 47 55 7 52 63 39 25 23 16 1 5 35 29 2 14 48 8 19 11 13 46 40 33 37 12 50 31 42 26 60 17 4 10 20 9 38 64 18 58 62 22 15 49 45 21 6 28 3 61 36 32 57 51 24 30 27 
58 39 2 16 10 32 20 26 44 14 29 48 1 12 46 30 22 50 49 9 52 19 13 21 45 41 23 59 36 31 25 6 37 61 38 15 24 28 64 53 33 5 51 34 4 43 57 3 27 40 7 54 62 17 47 8 42 35 63 60 18 56 11 55 
19 23 25 64 28 17 45 30 41 51 50 9 18 35 62 38 42 3 10 11 44 40 39 47 55 54 52 58 53 27 5 49 22 48 21 1 20 14 57 8 7 29 56 32 59 24 61 60 36 16 26 63 13 43 37 34 2 6 31 4 46 15 12 33 
22 21 51 60 18 62 33 14 61 15 40 27 28 17 6 5 20 26 4 24 34 36 8 54 1 16 63 57 43 10 44 7 2 47 3 9 35 59 29 56 42 30 23 53 46 13 41 52 12 31 48 39 38 55 32 11 45 25 50 49 19 58 64 37 
3 40 57 37 5 15 8 61 33 4 42 16 45 24 11 56 43 6 28 31 32 51 25 18 22 20 38 21 30 39 26 47 41 19 55 44 13 62 63 10 36 50 27 54 35 49 17 12 46 2 58 52 14 64 23 60 1 9 34 53 48 59 7 29 
63 35 55 29 17 54 61 59 40 26 58 46 32 28 36 11 33 16 34 13 18 56 60 53 30 14 3 27 23 6 49 19 10 52 22 45 2 5 62 37 24 12 1 7 50 44 21 47 51 25 8 57 31 15 43 20 41 64 39 42 38 9 48 4 
32 46 38 1 30 11 25 12 43 18 15 10 41 47 7 37 48 23 26 27 9 39 3 49 61 40 34 16 13 29 35 2 31 28 24 33 44 42 8 50 64 57 17 20 56 14 5 63 21 52 4 19 36 62 60 54 53 59 51 22 45 55 58 6 
28 4 23 9 24 13 52 50 59 56 8 60 31 42 27 22 62 35 15 43 47 10 41 64 20 45 57 5 32 55 11 26 46 14 6 63 49 29 51 58 25 36 34 37 53 33 54 18 30 39 3 12 1 38 16 48 19 2 7 44 17 21 40 61 
34 26 39 8 7 22 57 43 48 44 20 5 33 6 30 17 51 45 32 19 12 42 29 59 60 50 15 28 58 41 4 64 47 40 61 25 53 38 54 21 49 13 3 11 55 27 52 9 37 56 18 2 35 23 46 24 31 63 14 62 1 16 36 10 
18 2 16 42 49 19 31 40 35 63 54 13 29 45 14 55 50 38 21 5 37 8 1 61 24 43 62 52 59 44 53 10 57 17 64 36 9 15 3 32 22 48 46 39 51 58 30 4 11 7 27 41 28 26 6 47 20 34 23 12 33 60 56 25 
15 64 10 14 41 27 37 3 21 16 49 4 53 25 9 2 63 20 7 55 36 46 40 24 33 31 17 42 48 47 56 51 39 12 23 60 43 35 1 18 38 6 59 62 19 28 8 45 34 5 44 58 61 22 13 29 57 32 52 30 26 11 50 54 
5 6 58 48 53 60 47 36 62 50 24 34 3 51 57 52 28 25 44 54 22 31 17 30 21 18 12 7 1 9 39 38 20 27 16 4 56 19 11 26 41 2 61 40 10 23 42 35 33 59 32 64 55 45 63 14 49 43 37 29 13 8 46 15 
20 51 33 62 56 44 21 45 19 12 23 64 39 38 1 61 4 2 6 14 11 58 57 52 63 36 54 8 37 46 22 25 13 30 59 48 34 55 41 7 15 26 29 60 32 31 16 43 40 50 42 10 49 9 53 17 5 27 47 35 24 3 28 18 
8 15 61 43 36 37 1 44 23 58 35 41 50 26 29 45 21 14 11 16 55 7 31 6 46 12 19 38 3 22 20 56 40 9 17 2 63 10 28 13 54 4 24 42 5 34 33 53 32 64 60 51 25 47 27 39 18 48 62 52 59 30 57 49 
54 52 62 27 26 16 23 28 57 13 46 3 2 22 20 15 25 44 8 4 42 12 51 39 50 47 49 10 11 18 59 31 48 5 53 24 61 58 19 30 32 38 64 63 43 45 1 37 7 34 14 55 6 35 41 9 36 29 40 21 56 33 60 17 
38 48 60 51 55 3 46 39 30 31 59 33 47 56 21 44 26 10 54 53 57 15 19 35 17 37 13 9 27 63 16 32 6 25 42 14 29 23 34 20 12 52 50 58 7 36 18 40 5 62 11 28 8 61 49 1 24 45 64 43 22 4 41 2 
35 19 13 32 29 30 59 22 24 27 6 53 5 63 39 25 58 34 41 56 49 50 18 2 14 62 44 64 57 43 21 15 26 36 7 11 51 1 52 47 61 3 10 9 8 60 48 31 17 45 40 20 33 12 4 46 38 42 54 55 28 37 23 16 
42 18 12 63 9 4 64 24 54 36 32 51 55 11 40 60 52 28 29 20 48 59 45 22 41 34 35 30 7 8 1 61 21 15 37 49 38 39 46 33 62 14 19 56 27 16 2 17 57 44 23 43 53 3 10 26 47 58 6 5 50 25 13 31 
10 53 41 31 47 21 14 5 7 38 28 42 34 52 49 4 37 43 30 40 23 17 62 27 48 33 24 36 2 51 60 55 59 3 57 54 8 45 12 64 20 11 35 22 26 6 25 13 58 63 16 56 18 50 29 15 32 39 19 9 61 1 44 46 
57 49 50 6 2 20 17 33 10 62 64 8 19 37 16 9 1 36 61 3 60 24 46 5 26 52 25 40 4 45 58 42 27 56 18 41 22 32 44 43 55 39 28 47 23 29 15 51 38 30 31 59 48 21 54 13 11 7 53 14 35 12 34 63 
56 25 45 11 58 34 40 7 12 17 14 1 43 18 61 48 47 64 63 32 38 13 9 33 53 29 5 54 39 23 6 28 50 60 4 31 62 16 35 55 21 49 30 59 44 41 46 57 24 36 52 37 22 19 42 2 51 10 3 26 27 20 15 8 
2 32 27 57 61 26 60 10 13 19 30 23 14 8 47 53 44 54 25 21 17 35 5 1 4 58 7 34 62 33 18 43 64 22 49 39 55 52 38 15 6 51 41 31 42 63 12 36 9 37 29 16 11 24 3 50 28 56 46 45 20 48 59 40 
13 55 22 5 44 18 36 15 39 6 37 56 21 54 31 59 61 62 12 38 27 64 49 40 9 63 46 50 8 60 24 16 14 1 48 23 42 33 4 51 11 43 20 57 2 53 19 25 10 28 45 35 32 58 34 52 3 41 30 17 29 7 26 47 
9 14 64 46 34 8 51 25 58 49 52 18 20 4 41 43 2 63 24 50 53 33 32 56 39 10 55 61 22 30 38 3 5 54 13 28 11 57 45 6 23 17 16 35 1 48 47 29 15 26 36 62 27 59 7 40 44 12 60 19 42 31 37 21 
12 43 28 21 38 45 62 47 22 42 63 11 17 16 33 46 31 57 23 36 3 14 4 10 59 35 37 25 20 64 41 1 30 32 56 19 60 34 53 29 39 40 8 27 24 61 26 7 48 49 54 13 51 18 44 5 9 52 2 15 55 50 6 58 
11 56 3 54 52 6 63 41 27 9 34 25 12 36 35 26 18 55 45 29 59 30 58 42 23 17 47 51 28 53 19 48 24 7 20 10 46 21 50 40 60 37 44 4 15 22 62 14 39 57 33 31 64 2 8 43 13 61 1 16 49 5 38 32 
30 7 4 59 35 33 58 48 28 24 55 62 60 29 10 3 15 8 37 52 51 22 16 19 56 44 14 11 6 21 40 5 36 31 26 17 18 9 27 2 45 54 49 46 13 38 32 50 61 42 47 1 41 25 20 12 34 53 57 64 23 63 43 39 
50 29 53 20 37 31 19 17 1 45 51 57 61 40 2 64 34 9 48 7 39 41 26 60 15 49 32 12 42 13 36 54 25 8 44 62 3 43 47 16 28 59 52 5 58 30 10 55 6 46 63 38 56 4 21 23 27 22 33 11 14 18 35 24 
24 42 40 49 1 23 39 16 50 7 44 38 48 5 15 32 46 47 13 28 6 43 20 11 31 27 29 45 26 2 52 57 63 35 41 58 37 12 59 61 9 56 18 33 21 3 64 34 14 60 55 22 17 30 19 53 25 62 4 10 8 36 54 51 
################proper############## 

 average_time = 829.441303 

 success runs = 1 

 total average iters = 28533885.000000 
