Success!!! 
 
 max_col = 
 64 
 
 run_time = 
 935.980955 
 
 once iters = 
 38741247 
 
46 11 32 43 7 63 53 31 45 50 62 29 17 23 49 27 54 36 12 24 47 44 60 35 33 38 59 6 5 51 26 48 39 61 52 9 58 28 64 3 21 1 18 42 4 55 40 10 16 15 22 41 20 8 34 56 57 37 14 13 25 2 19 30 
34 51 12 62 3 2 28 17 36 38 25 56 64 58 21 30 42 8 55 13 46 29 52 45 37 61 7 19 32 4 43 10 57 44 54 20 26 24 1 59 48 27 31 63 5 39 41 22 6 18 23 9 50 47 11 14 33 16 15 40 49 35 53 60 
49 8 14 56 4 47 40 50 1 41 34 52 10 26 5 2 37 59 18 3 33 9 7 6 45 62 17 35 63 60 23 24 22 25 29 31 11 21 42 55 51 15 57 58 43 16 38 28 36 53 48 61 30 13 19 12 64 27 32 44 39 46 54 20 
35 60 36 55 48 1 6 10 22 51 37 57 4 42 12 32 19 40 58 21 63 28 61 30 34 14 13 52 54 46 50 31 62 15 33 41 2 18 16 27 53 23 9 20 8 47 64 7 29 25 44 43 45 49 39 24 59 5 56 3 38 11 17 26 
41 29 57 24 44 42 27 61 3 6 28 9 39 48 14 18 17 53 32 51 1 16 10 25 8 56 15 64 36 21 55 20 43 35 40 46 47 45 5 30 60 13 26 19 11 2 49 37 38 58 31 4 59 52 33 54 34 22 23 7 62 12 63 50 
25 64 16 54 52 30 18 19 61 44 55 15 59 53 20 47 14 22 34 23 39 49 62 56 2 9 42 11 57 41 40 1 37 38 63 6 7 48 13 60 12 33 3 45 46 32 50 17 10 26 28 5 35 27 51 21 58 31 43 4 24 8 29 36 
22 37 20 33 45 5 23 15 63 16 13 40 54 35 60 19 11 26 4 43 50 38 31 48 44 49 58 39 3 47 27 18 14 10 53 8 36 51 32 12 25 62 56 34 29 24 30 59 46 2 64 42 17 57 7 55 28 41 1 9 6 52 21 61 
38 39 9 26 21 58 59 13 11 46 43 8 33 31 7 24 2 41 27 15 64 5 57 20 12 22 30 16 25 28 29 53 50 17 49 56 23 34 4 19 54 36 6 61 52 44 35 14 40 60 63 32 1 62 3 37 51 10 42 48 47 55 45 18 
16 27 60 10 50 53 33 47 17 7 19 54 14 41 28 26 21 61 1 48 40 51 8 42 38 31 39 63 29 32 35 56 5 64 43 23 30 49 22 45 3 55 59 6 58 18 34 15 62 37 12 2 25 4 57 44 13 20 52 24 11 9 36 46 
3 44 1 31 14 24 32 46 62 8 9 59 37 49 47 34 45 18 19 2 57 20 35 27 11 50 36 25 15 16 52 30 4 56 55 28 6 60 48 41 40 10 61 33 64 22 13 39 7 38 54 17 42 5 53 51 21 63 29 12 26 43 58 23 
2 20 61 34 22 4 57 48 21 13 31 32 6 11 35 40 25 60 39 59 36 24 30 41 23 64 51 10 44 42 12 55 8 27 14 26 37 15 29 52 56 54 45 9 28 19 7 63 50 43 49 1 16 3 58 46 62 53 5 47 18 38 33 17 
30 6 29 64 41 39 42 38 57 2 18 27 22 51 52 12 15 9 28 55 43 7 56 54 21 4 47 58 33 37 3 61 25 62 13 63 40 17 20 53 46 14 5 60 23 50 32 16 45 36 11 8 24 31 26 59 19 49 35 10 48 1 44 34 
55 58 7 12 8 40 9 37 29 24 23 60 15 56 39 25 13 17 22 11 5 34 3 44 62 2 48 26 6 18 1 46 59 31 51 35 38 54 36 32 20 47 21 49 41 43 57 53 30 14 61 63 19 33 10 52 42 4 64 45 50 28 16 27 
28 17 13 63 36 49 51 23 55 1 64 30 50 38 43 16 52 58 62 12 10 31 32 33 5 34 53 54 60 45 8 9 18 7 47 21 42 46 19 44 35 26 29 37 24 48 4 11 20 22 39 56 40 6 27 15 41 2 25 57 61 3 14 59 
5 43 18 15 59 35 19 54 33 36 63 42 20 46 48 45 53 6 38 4 16 14 47 26 13 57 41 49 22 40 24 17 11 58 50 3 61 2 39 10 52 51 44 25 1 27 62 12 9 32 21 34 29 23 64 28 8 60 55 56 30 31 37 7 
62 21 52 45 56 25 11 26 53 4 44 58 3 10 61 5 64 50 23 49 37 63 46 29 28 7 19 59 27 14 20 43 34 1 9 24 57 16 12 33 31 2 42 30 17 38 36 8 18 48 47 55 41 35 60 13 32 54 51 15 22 40 39 6 
57 26 41 59 63 14 21 2 34 31 42 22 23 52 8 54 6 27 11 35 51 58 1 49 61 33 16 24 46 39 7 25 47 53 38 18 55 40 28 48 32 44 30 3 36 62 37 9 4 50 56 45 64 10 20 17 60 13 12 5 29 19 43 15 
60 16 34 4 10 17 1 35 46 49 12 7 36 30 6 50 43 3 2 47 20 55 33 37 32 8 28 42 51 56 13 22 19 63 61 57 25 31 52 9 38 21 48 41 27 5 45 64 54 29 53 39 58 15 24 23 11 26 44 59 14 18 40 62 
36 22 23 9 58 3 38 52 15 40 47 10 21 19 63 60 26 24 45 56 54 53 48 64 30 6 35 5 2 31 11 59 44 33 7 29 12 62 41 50 17 61 28 55 39 4 43 25 57 46 14 13 32 42 49 18 20 51 37 8 34 27 1 16 
56 49 27 53 20 50 47 25 4 14 24 3 62 5 37 58 10 12 41 32 60 46 17 18 19 43 55 21 52 15 36 29 16 13 59 11 45 64 23 42 57 6 22 26 35 33 8 1 34 51 40 31 63 9 44 61 2 30 38 54 7 39 28 48 
31 40 54 46 30 37 13 55 44 45 32 61 38 27 25 35 39 15 50 14 42 19 29 62 63 26 49 12 41 23 34 57 6 4 1 58 8 56 43 24 18 11 20 16 7 60 52 51 47 5 2 3 48 59 28 36 9 21 53 64 17 22 10 33 
48 42 5 7 18 32 45 51 64 28 59 39 11 13 56 41 31 23 44 8 61 36 34 9 4 3 10 62 1 50 58 60 20 14 17 22 27 37 30 49 63 53 12 40 2 29 15 54 21 33 19 52 43 26 38 16 24 6 46 55 57 25 47 35 
19 61 62 39 28 43 12 64 18 17 2 53 29 33 26 55 7 38 16 63 13 21 59 57 20 40 45 48 9 27 37 44 51 60 15 54 3 10 35 5 14 34 49 24 47 56 31 46 1 30 6 22 11 25 41 8 23 50 36 58 52 4 32 42 
15 33 24 44 29 11 8 6 20 57 48 43 16 1 9 51 22 4 52 28 25 30 40 5 54 47 14 53 38 17 18 64 46 36 32 39 34 26 2 21 58 50 13 59 19 42 10 23 12 62 55 27 37 60 35 7 45 56 61 63 31 49 41 3 
58 56 37 52 23 33 60 12 54 63 14 62 41 2 51 17 4 45 48 31 11 39 19 28 59 46 20 8 50 24 47 6 1 34 64 42 15 29 61 43 13 9 16 44 26 21 27 57 5 49 7 10 3 38 36 25 30 55 40 22 35 53 18 32 
63 48 42 11 15 26 14 39 58 21 22 64 30 59 1 29 60 49 24 7 56 6 2 40 35 10 61 27 18 5 53 54 33 55 3 16 44 36 38 4 62 12 51 28 25 37 20 19 31 52 8 23 34 43 32 41 50 57 17 46 9 45 13 47 
21 46 6 25 35 59 22 5 49 10 36 37 61 47 24 38 55 57 13 9 41 1 58 16 43 19 31 23 40 12 63 33 52 30 8 53 28 27 62 20 7 42 32 56 50 15 29 18 39 17 45 64 54 48 2 26 14 11 34 51 4 60 3 44 
44 50 38 32 64 34 55 41 40 53 27 25 60 57 11 8 47 14 3 42 62 43 5 52 17 28 37 45 7 13 9 15 24 2 26 10 48 22 51 58 23 63 39 31 30 54 46 6 19 61 1 59 21 18 4 35 12 33 16 29 56 36 20 49 
4 3 43 13 57 31 54 28 50 55 46 20 19 18 33 44 51 34 8 53 15 25 27 22 16 42 11 41 62 2 64 21 17 40 35 32 39 9 7 56 45 59 38 10 14 49 60 36 37 6 58 30 12 63 47 29 61 1 24 26 23 48 52 5 
8 18 17 61 19 20 10 27 32 52 26 35 7 9 45 3 38 29 54 36 44 23 37 50 1 58 34 60 56 30 57 14 12 21 5 13 63 59 49 47 24 64 43 4 22 40 55 48 51 28 42 33 53 16 46 11 15 39 31 6 41 62 2 25 
7 1 53 29 40 36 2 62 12 39 56 28 43 16 31 48 32 10 33 30 59 18 64 46 55 51 4 3 49 26 25 52 45 23 60 14 50 6 54 57 47 35 17 5 61 34 11 41 22 24 9 20 13 44 15 27 38 19 63 21 42 37 8 58 
47 24 49 30 51 45 16 9 5 34 15 4 42 6 23 13 63 35 20 26 12 17 21 61 36 29 22 38 39 44 48 32 41 18 37 19 31 25 46 11 1 52 8 2 3 58 53 33 14 56 50 57 60 55 40 62 27 28 54 43 10 7 59 64 
23 28 63 37 33 29 39 44 26 64 3 21 56 60 13 53 9 1 59 57 34 27 49 7 42 48 25 43 24 58 19 2 61 11 16 5 62 20 18 17 22 4 40 8 54 35 12 47 52 31 32 15 55 46 30 10 6 36 50 38 45 14 51 41 
6 59 45 57 25 51 36 3 2 5 29 47 34 12 54 9 44 20 10 33 26 61 41 63 50 60 27 1 21 52 62 11 53 8 28 48 56 7 15 38 39 31 23 32 18 46 16 13 49 42 4 24 14 19 43 40 22 64 30 37 58 17 35 55 
40 5 11 35 61 27 62 18 28 43 10 51 8 22 50 57 29 42 60 17 24 15 16 19 31 23 3 55 47 53 4 34 58 39 6 64 21 14 37 46 59 41 25 7 56 30 63 20 2 13 36 48 38 1 45 33 52 12 26 32 44 54 49 9 
42 55 50 38 53 46 64 22 19 35 4 23 58 17 15 63 8 32 36 39 18 47 45 11 14 5 6 56 16 57 28 41 29 49 34 52 10 30 26 13 33 37 24 62 21 1 51 60 25 59 27 54 44 12 9 3 7 48 2 61 40 20 31 43 
14 32 10 16 31 52 48 4 41 20 6 44 49 61 36 11 58 30 21 5 55 54 50 23 40 15 8 22 12 33 51 26 60 19 25 45 59 1 9 35 42 38 64 53 34 28 2 43 17 57 29 7 18 37 63 39 47 62 3 27 46 13 56 24 
9 30 47 20 12 7 43 60 48 42 52 38 24 14 55 1 35 31 25 40 28 22 4 3 18 54 46 37 59 49 10 13 32 41 23 27 51 63 44 2 26 17 11 36 57 45 19 50 8 64 5 6 62 56 61 58 16 34 21 33 53 29 15 39 
54 15 19 49 26 8 58 21 27 18 40 31 32 45 62 37 12 51 6 46 38 56 13 2 39 30 29 7 20 64 17 63 36 3 57 43 33 55 24 22 9 5 10 14 48 61 44 52 53 34 41 35 23 50 16 47 25 42 28 1 60 59 4 11 
13 2 56 1 24 41 17 34 16 30 7 33 25 39 59 46 48 43 37 64 52 62 53 14 9 35 38 44 61 36 32 45 42 12 4 40 54 47 50 31 55 49 58 29 15 6 3 27 26 11 20 51 28 21 22 60 18 8 57 23 19 63 5 10 
50 4 51 3 6 38 30 59 43 56 45 55 13 37 34 10 16 47 64 52 35 57 36 53 41 32 21 33 11 19 22 58 2 42 31 61 20 5 27 25 44 48 7 46 9 12 54 40 60 39 17 18 15 14 1 49 63 24 62 28 8 23 26 29 
32 12 33 42 17 10 41 20 60 25 53 1 48 44 29 23 49 5 9 54 6 13 24 15 56 27 62 4 26 63 61 35 30 37 36 59 43 19 14 28 64 45 34 47 16 31 22 38 55 8 52 58 57 40 21 50 46 7 18 39 3 51 11 2 
37 63 8 47 46 62 29 56 30 26 11 24 5 28 2 15 34 19 61 1 17 3 42 43 7 45 60 40 14 54 31 39 49 48 18 12 22 38 58 6 10 57 55 52 51 53 33 21 13 23 35 36 27 20 59 64 44 9 41 16 32 50 25 4 
1 36 58 14 13 61 44 53 7 32 54 18 31 63 38 33 41 2 40 20 23 12 22 8 52 24 50 34 17 25 16 28 64 9 39 47 60 3 55 51 6 56 27 35 62 26 5 4 43 19 10 11 46 45 29 48 49 15 59 42 37 21 30 57 
64 57 25 60 43 18 7 16 9 59 35 12 27 21 19 36 62 33 14 45 31 37 38 10 53 44 1 46 55 8 30 51 23 54 11 4 13 50 40 15 49 28 41 39 32 17 58 29 42 3 24 26 61 2 6 63 48 47 20 52 5 56 34 22 
52 9 28 22 5 48 26 49 8 61 51 50 40 62 16 4 30 39 7 27 58 32 11 59 57 20 43 18 23 3 6 38 10 46 21 1 17 41 56 29 36 19 60 15 42 63 24 2 44 47 33 25 31 53 37 34 35 45 13 14 12 64 55 54 
27 31 35 2 11 19 34 45 39 58 17 14 57 3 46 49 56 63 26 18 21 48 25 55 47 13 9 15 64 29 42 5 7 52 24 44 16 32 33 8 61 20 50 23 37 59 1 30 41 12 51 28 4 54 62 22 40 43 6 60 36 10 38 53 
39 23 55 21 54 15 24 40 6 47 20 41 52 64 22 42 50 28 46 44 29 60 51 4 49 59 12 36 48 10 2 37 35 26 62 34 53 57 45 63 11 18 14 43 13 8 25 3 32 9 16 38 56 7 5 30 31 61 19 17 33 58 27 1 
24 54 40 50 60 56 4 43 35 12 16 13 51 7 42 6 5 25 17 37 27 45 14 38 10 36 2 47 28 61 49 19 48 22 41 15 64 8 59 18 34 46 52 1 33 23 26 62 58 55 3 44 39 30 31 57 53 29 11 20 63 32 9 21 
20 45 39 36 9 13 25 42 47 33 61 34 44 32 18 62 3 52 49 58 53 41 63 12 6 55 56 30 37 11 59 16 40 5 27 38 24 43 21 1 4 22 15 17 31 7 14 35 64 54 60 50 26 29 8 2 10 46 48 19 28 57 23 51 
17 53 48 27 1 57 61 63 10 22 30 11 55 29 64 31 46 54 42 16 19 4 26 21 15 41 18 32 45 43 38 62 9 20 12 36 49 52 3 39 8 60 37 51 59 25 56 24 35 7 34 40 33 28 23 6 5 58 47 2 13 44 50 14 
59 41 26 18 38 44 52 7 37 23 8 5 2 24 4 43 33 11 15 61 48 64 6 39 46 21 63 29 34 20 54 12 28 50 10 30 14 53 17 62 27 58 19 57 49 3 9 45 56 16 13 47 51 32 25 1 36 35 22 31 55 42 60 40 
51 14 22 5 37 64 49 11 25 19 39 17 63 15 3 56 28 44 47 50 9 35 43 24 26 53 23 13 31 1 33 42 55 57 2 60 29 58 34 61 41 40 54 12 38 20 6 32 27 21 62 46 10 36 48 45 4 18 8 30 59 16 7 52 
12 34 46 23 47 28 31 29 59 54 57 48 45 50 58 21 40 56 30 10 32 2 20 60 22 52 64 17 8 35 44 3 63 51 42 37 4 13 6 7 43 16 53 11 55 36 39 5 24 41 15 14 9 61 18 19 26 25 27 49 1 33 62 38 
33 19 3 8 2 55 15 30 38 60 1 26 28 40 53 52 23 62 57 34 7 59 18 36 48 39 24 51 58 9 14 27 54 32 46 25 35 44 31 16 50 29 63 21 10 13 47 42 11 4 43 49 5 22 12 20 56 17 45 41 64 6 61 37 
10 62 21 6 32 16 35 58 14 9 41 49 46 36 27 20 1 13 31 29 22 8 55 51 60 25 40 57 4 7 5 50 26 45 56 33 19 11 47 23 28 30 2 18 44 64 48 61 59 63 37 53 52 17 42 38 54 3 39 34 43 15 24 12 
29 10 2 40 27 23 63 24 56 48 21 46 12 25 41 22 57 16 35 19 45 52 15 1 51 17 54 50 30 38 39 36 13 43 58 7 18 42 11 37 5 3 4 64 53 9 28 49 61 44 59 60 47 34 14 31 55 32 33 62 20 26 6 8 
18 7 44 17 62 6 50 36 52 3 38 63 53 54 32 61 27 21 51 22 30 11 39 34 29 16 26 20 42 55 60 4 15 28 48 49 5 23 57 14 37 43 35 13 12 41 59 31 33 10 46 19 8 24 56 9 1 40 58 25 2 47 64 45 
43 25 64 58 55 60 3 14 42 62 50 16 26 20 10 39 24 46 53 6 8 33 44 47 27 12 52 9 13 59 45 23 31 29 19 2 32 61 63 34 15 7 36 54 40 11 18 56 48 1 30 21 22 41 17 4 37 38 49 35 51 5 57 28 
45 47 15 19 49 9 56 1 24 29 33 2 18 8 57 64 59 37 63 60 4 50 28 13 58 11 5 61 43 22 41 40 21 6 44 17 46 35 10 26 30 25 62 48 20 14 23 55 3 27 38 12 36 51 54 32 39 52 7 53 16 34 42 31 
26 52 59 41 34 21 46 57 31 11 58 45 9 55 30 14 20 48 29 38 2 40 54 17 25 37 32 28 53 6 56 49 3 47 22 51 1 39 8 36 16 24 33 27 60 10 42 44 63 35 18 62 7 64 13 5 43 23 4 50 15 61 12 19 
53 38 30 51 42 12 37 8 13 15 60 19 47 34 40 59 36 64 5 62 14 10 23 32 3 18 33 31 35 48 21 7 56 16 20 50 41 4 25 54 2 39 1 22 6 52 61 26 28 45 57 29 49 58 55 43 17 44 9 11 27 24 46 63 
11 35 4 28 16 22 20 32 51 27 5 36 1 43 17 7 61 55 56 25 49 42 12 31 24 63 44 2 19 34 15 47 38 59 30 62 9 33 60 64 29 8 46 50 45 57 21 58 23 40 26 37 6 39 52 53 3 14 10 18 54 41 48 13 
61 13 31 48 39 54 5 33 23 37 49 6 35 4 44 28 18 7 43 41 3 26 9 58 64 1 57 14 10 62 46 8 27 24 45 55 52 12 53 40 19 32 47 38 63 51 17 34 15 20 25 16 2 11 50 42 29 59 60 36 21 30 22 56 
################proper############## 

 average_time = 935.980955 

 success runs = 1 

 total average iters = 38741247.000000 
