Success!!! 
 
 max_col = 
 64 
 
 run_time = 
 1409.071761 
 
 once iters = 
 69812356 
 
64 22 52 47 6 38 33 4 36 12 53 48 57 26 50 23 39 29 32 24 54 2 15 21 8 62 35 20 56 9 18 43 41 19 34 27 44 63 31 28 17 30 55 58 40 25 11 16 61 42 45 37 59 51 10 13 49 60 5 3 7 14 46 1 
46 59 7 62 24 45 56 32 55 25 20 1 40 41 13 16 28 19 51 48 31 12 33 11 22 2 37 39 63 42 64 53 14 38 58 30 26 36 54 6 35 44 43 5 9 21 61 34 57 60 49 3 29 15 18 27 17 47 23 10 4 50 52 8 
10 9 27 40 15 39 41 50 59 3 35 6 42 60 47 33 55 1 45 43 20 52 49 34 44 30 38 29 54 5 36 26 53 62 13 17 22 16 7 57 37 8 14 18 23 56 4 12 63 21 58 28 46 64 48 11 2 25 51 61 19 24 32 31 
11 48 25 16 58 57 30 63 19 7 29 43 56 10 34 17 53 18 61 14 23 62 6 46 15 24 21 45 31 41 13 28 37 64 4 42 32 1 12 40 3 2 51 50 26 49 33 60 52 5 39 36 20 47 8 54 55 22 44 38 27 9 59 35 
3 43 18 36 44 42 19 2 15 30 24 37 52 21 61 11 25 8 60 40 64 9 22 4 58 32 27 57 49 55 46 12 48 51 47 33 59 29 10 5 1 38 31 63 13 6 39 20 17 7 14 26 50 23 53 35 62 54 28 16 34 45 41 56 
1 12 23 13 60 55 8 61 39 22 38 31 51 14 54 27 5 35 44 26 36 7 37 3 47 4 11 10 33 17 59 40 43 2 56 49 25 50 21 18 52 46 57 28 62 42 48 45 24 9 6 34 41 16 19 32 58 63 53 20 29 15 30 64 
53 20 29 31 14 17 5 21 4 62 64 2 45 28 49 8 47 38 42 59 58 13 16 63 50 7 52 34 51 61 19 48 35 9 11 23 46 60 39 3 41 10 32 24 54 36 15 27 25 1 55 33 56 44 22 30 6 26 37 57 18 12 43 40 
26 34 49 37 54 28 35 51 63 9 46 58 44 5 32 18 41 50 57 10 27 30 56 17 3 23 60 16 25 14 6 1 24 55 52 45 8 20 61 15 19 7 22 29 47 64 53 59 62 12 38 43 4 2 31 40 36 48 39 21 11 42 13 33 
31 33 35 8 18 26 58 24 22 11 47 44 30 50 41 52 16 55 10 13 9 14 42 6 20 61 17 51 39 62 23 56 46 45 40 21 27 4 3 43 36 49 2 48 60 34 37 25 5 63 54 15 32 38 28 53 1 59 19 29 64 7 57 12 
40 2 3 6 10 30 38 56 31 53 49 24 28 58 15 35 60 45 59 57 52 22 39 50 63 54 16 21 48 34 8 13 36 44 1 51 42 12 18 14 9 64 46 7 61 62 27 41 29 55 17 20 19 11 33 4 25 23 43 37 5 26 47 32 
12 46 44 61 7 13 52 48 51 40 57 26 55 1 59 2 58 62 38 8 19 5 64 47 9 25 3 31 36 45 27 4 15 32 29 22 41 56 11 34 18 39 53 17 21 63 28 33 43 6 23 35 30 24 16 37 14 42 49 60 20 54 10 50 
57 23 37 45 11 5 4 27 32 48 14 13 10 18 7 20 15 2 29 44 51 21 3 61 53 60 43 33 59 38 35 19 64 24 63 54 52 28 50 30 6 1 47 22 42 26 12 8 36 49 9 25 31 56 62 39 34 40 17 55 46 58 16 41 
25 15 60 32 16 51 36 42 43 27 45 9 62 46 64 38 20 30 37 33 56 54 11 12 14 26 22 5 57 47 40 18 23 53 39 2 17 31 49 48 10 52 29 35 59 55 19 24 13 34 50 41 1 58 61 7 8 21 63 28 6 3 4 44 
39 55 22 34 62 29 54 43 6 23 61 42 17 37 19 5 1 49 4 53 18 27 63 36 46 12 10 24 64 32 28 41 59 60 35 57 9 7 20 25 16 58 30 56 51 45 50 40 26 44 52 8 3 14 47 21 13 2 31 11 15 48 33 38 
19 17 63 64 59 9 1 14 21 16 36 54 60 29 4 39 40 23 43 34 41 26 25 28 2 49 44 30 42 7 50 55 6 58 33 61 47 13 8 37 5 32 38 11 3 31 20 15 46 45 10 57 22 48 51 12 24 27 52 35 56 18 53 62 
49 21 47 50 28 41 53 20 33 63 8 3 34 12 56 25 24 46 31 35 48 17 7 32 37 29 6 1 52 15 11 58 55 10 26 19 38 62 5 16 13 23 4 54 43 44 14 57 40 27 42 64 18 59 60 2 22 36 45 9 30 51 39 61 
30 41 45 58 20 8 9 55 18 57 3 38 19 64 24 60 44 36 17 61 11 56 26 48 5 42 2 27 10 46 25 35 13 63 50 15 21 34 1 51 14 47 40 43 22 32 54 49 59 29 33 12 39 62 7 16 37 31 4 52 53 6 28 23 
59 31 21 2 64 35 29 5 28 6 15 32 1 63 37 56 8 54 47 19 30 3 43 7 13 55 20 36 12 58 16 39 17 33 62 26 49 40 52 41 57 50 27 4 48 10 25 23 53 51 60 42 14 45 44 9 38 24 46 34 61 11 22 18 
61 44 26 52 27 12 62 36 8 20 43 10 23 45 29 21 37 58 46 1 57 40 34 2 17 47 59 48 28 49 56 9 30 11 64 3 18 14 42 39 60 53 19 38 7 51 16 31 32 25 41 6 24 50 4 22 63 35 55 15 33 5 54 13 
4 57 13 22 23 47 63 46 54 51 11 36 14 7 9 30 27 41 52 18 25 38 60 45 24 15 32 40 50 6 33 34 29 35 48 44 16 8 53 55 28 21 26 62 56 37 3 1 19 17 5 31 64 20 2 61 42 10 12 39 49 59 58 43 
18 28 34 19 39 11 15 1 41 47 25 5 12 49 40 22 6 13 62 55 33 4 10 59 38 52 29 3 45 53 43 51 2 7 31 60 24 23 57 32 64 61 42 20 63 35 8 44 30 36 56 46 58 37 54 48 21 50 27 26 14 16 17 9 
60 53 56 51 48 49 32 37 61 44 26 16 46 42 55 13 31 15 50 20 14 23 35 9 21 63 7 54 62 8 22 64 4 27 59 5 12 38 28 19 24 33 17 36 6 18 58 39 47 52 3 10 11 34 57 43 45 30 41 1 25 40 29 2 
42 16 10 17 38 43 6 40 48 39 31 33 58 59 35 50 64 12 28 49 32 53 51 24 4 41 19 23 14 11 60 61 47 54 22 37 56 25 46 45 29 5 9 34 2 30 52 55 1 15 21 13 26 63 27 18 44 8 7 36 57 62 20 3 
7 24 54 33 50 14 25 3 17 52 4 34 53 27 2 62 22 16 39 63 42 29 21 5 57 44 18 26 1 30 37 31 58 6 20 9 43 61 36 10 45 41 59 13 15 12 46 11 23 8 28 40 38 35 49 55 51 56 47 32 60 19 64 48 
22 50 30 38 35 6 40 31 37 34 13 7 24 8 53 54 33 59 49 39 1 45 58 19 23 51 61 46 15 4 52 29 62 5 32 55 28 42 14 47 11 17 48 41 27 43 18 26 64 10 57 56 36 25 9 63 3 16 60 2 12 44 21 20 
13 47 5 15 33 32 23 59 9 10 39 52 63 35 46 51 3 48 54 16 29 41 20 60 36 19 14 22 7 44 21 45 56 31 2 12 40 18 6 26 25 4 49 42 37 61 24 28 50 53 62 58 17 1 30 38 27 57 34 43 8 64 11 55 
58 45 48 10 4 61 28 18 49 60 19 17 11 15 22 1 46 26 30 12 47 6 57 55 59 16 41 9 2 3 32 27 33 25 38 63 54 37 29 20 34 56 62 40 44 13 64 7 14 39 43 24 21 8 42 23 50 5 36 31 52 35 51 53 
63 39 1 12 29 21 46 49 57 58 33 56 48 55 3 28 51 11 5 42 22 36 44 23 64 6 53 18 40 25 62 8 19 50 27 16 10 43 24 17 2 31 60 30 20 38 32 52 15 41 13 47 35 26 45 34 59 4 54 14 9 37 61 7 
14 11 2 27 3 60 42 7 16 21 12 64 29 32 25 41 56 24 63 31 40 34 62 43 35 37 48 28 26 50 54 17 8 13 44 4 15 59 23 49 33 57 36 9 58 53 45 51 55 61 22 19 5 52 6 20 39 46 38 47 1 10 18 30 
9 52 16 55 37 24 34 25 26 31 30 50 6 62 43 44 14 61 7 64 4 28 38 53 42 13 63 58 60 57 5 20 22 39 36 41 51 11 45 46 21 19 15 8 35 1 47 10 18 59 27 54 2 32 12 3 56 33 48 40 23 17 49 29 
41 36 64 43 51 56 44 57 20 4 40 27 38 23 42 45 17 9 2 25 13 32 8 18 49 39 34 47 55 1 10 33 21 52 53 35 7 30 58 61 50 14 3 12 29 54 59 5 48 11 31 16 28 60 37 46 15 19 6 62 22 63 26 24 
62 8 20 53 17 19 26 54 2 59 18 14 5 61 36 47 10 37 27 21 15 35 50 52 12 56 31 11 38 43 24 30 1 34 9 48 3 57 64 60 39 63 23 55 16 22 6 46 49 33 7 29 51 4 40 44 28 32 58 45 13 41 42 25 
34 3 12 18 57 54 49 62 53 1 22 11 50 17 27 36 26 40 56 58 2 31 45 20 41 43 55 38 30 51 7 5 42 46 37 14 6 24 59 13 8 9 64 47 32 52 60 4 39 35 16 48 25 29 63 28 10 44 61 23 21 33 15 19 
21 58 51 1 36 31 39 19 62 43 2 63 15 9 5 61 42 4 13 23 7 46 29 57 60 48 50 44 53 22 26 37 12 8 41 18 45 32 27 35 38 6 25 33 28 40 49 17 10 56 24 52 47 30 3 59 20 11 14 64 16 34 55 54 
55 25 59 35 13 64 60 45 34 24 44 49 37 31 57 10 43 63 22 11 17 18 53 62 40 8 4 2 3 16 29 42 5 30 7 38 36 52 48 9 26 54 56 51 14 58 41 61 21 23 20 32 6 33 15 19 12 1 50 46 39 47 27 28 
16 37 50 20 43 52 7 11 47 29 55 41 33 56 30 58 21 60 3 51 35 24 27 14 32 17 13 63 6 28 9 49 26 61 23 25 19 39 15 1 59 48 12 53 10 46 42 36 8 62 44 5 54 31 34 64 57 18 40 4 45 2 38 22 
24 6 61 29 30 4 48 41 42 8 16 60 18 51 14 40 38 25 64 15 34 33 32 37 56 1 23 19 46 10 57 59 44 28 55 53 2 21 47 54 27 3 11 39 45 20 31 63 9 22 12 50 7 36 17 58 5 13 62 49 26 43 35 52 
2 14 33 26 56 53 17 28 52 46 54 35 21 39 38 3 61 5 9 41 44 19 48 10 45 34 47 12 18 31 15 36 20 4 51 50 64 22 62 63 7 24 1 16 30 57 23 43 11 13 37 49 27 40 55 60 32 29 42 25 59 8 6 58 
32 5 38 42 9 46 47 10 64 26 23 25 7 4 20 19 36 28 8 6 50 59 12 39 27 33 54 62 61 52 58 21 16 40 3 43 60 49 34 11 44 35 13 37 55 15 22 29 2 14 51 18 45 57 41 1 30 17 56 53 48 31 24 63 
27 40 8 44 63 23 22 15 45 28 48 59 32 13 12 6 54 47 1 30 55 16 52 49 11 35 25 64 20 39 14 24 10 17 57 31 33 58 56 29 62 34 50 19 18 5 2 21 38 4 61 53 42 43 46 26 7 37 9 51 41 60 3 36 
43 56 6 60 26 40 20 8 50 19 32 28 36 44 1 63 2 17 15 52 21 57 13 41 7 45 46 14 58 64 48 54 61 22 16 24 55 9 51 53 4 18 39 23 49 11 34 47 31 3 30 62 33 27 5 25 35 38 10 59 37 29 12 42 
5 35 4 11 61 59 21 13 10 41 27 51 49 33 58 26 32 6 20 36 37 39 28 30 62 3 40 55 23 24 17 15 52 47 54 29 63 19 25 56 48 45 44 1 12 2 38 22 7 46 8 9 34 53 14 42 18 43 64 50 31 57 60 16 
36 10 32 14 31 16 50 38 46 37 52 8 25 48 45 55 11 42 33 47 60 63 61 22 6 18 5 56 4 59 12 44 28 41 21 64 35 17 30 2 43 62 20 57 24 27 51 19 58 54 40 1 23 49 26 29 53 39 15 7 3 13 9 34 
51 64 15 30 2 3 55 44 12 5 7 57 31 16 23 9 29 56 53 62 59 50 4 26 19 21 1 41 34 27 39 38 60 49 10 11 58 6 43 8 54 42 52 25 17 14 63 37 28 24 18 45 61 13 35 47 40 20 22 33 36 32 48 46 
54 7 62 48 42 33 57 53 30 18 17 21 13 20 60 14 45 44 12 46 5 10 31 35 25 28 49 32 16 29 47 11 34 23 15 36 50 3 40 4 58 55 61 64 8 59 9 56 22 37 2 38 43 19 39 52 41 6 1 24 51 27 63 26 
52 29 24 46 19 22 18 34 35 38 42 61 47 53 39 4 23 43 55 7 16 25 9 64 51 50 8 60 13 37 63 57 31 1 14 62 48 5 32 27 15 40 41 3 33 28 26 30 44 20 36 59 12 10 11 6 54 49 2 58 17 21 56 45 
28 63 41 23 12 37 27 58 24 54 6 22 64 3 62 29 19 14 34 38 49 8 1 40 10 9 30 53 43 33 42 2 45 26 18 20 39 46 13 59 31 16 5 60 50 7 36 35 51 57 32 21 48 17 56 15 52 55 11 44 47 61 25 4 
17 49 39 25 47 1 45 9 56 2 34 40 59 43 11 15 18 3 58 27 24 48 54 51 31 20 26 35 22 36 61 52 38 12 42 7 57 44 37 33 53 13 10 6 46 29 21 32 60 64 4 63 16 55 50 41 19 14 30 8 62 28 23 5 
23 13 17 57 21 25 2 47 29 61 58 12 8 38 10 34 4 33 35 3 46 44 40 56 16 31 39 7 27 20 51 6 9 18 30 32 62 26 63 42 49 28 24 45 19 60 1 54 37 48 15 14 53 41 52 50 43 64 59 22 55 36 5 11 
29 38 11 56 32 44 31 12 3 42 37 39 9 47 63 48 59 57 16 54 26 43 19 58 33 5 64 8 17 40 41 62 50 15 60 46 34 10 35 21 22 36 7 14 53 23 13 2 20 30 25 61 55 28 1 51 4 52 18 6 24 49 45 27 
48 62 43 24 1 36 61 26 23 33 51 46 2 30 17 59 52 31 6 37 8 47 55 13 18 53 28 15 11 12 3 10 40 20 45 58 29 64 16 7 32 27 34 44 4 50 5 38 54 19 63 39 49 22 21 56 60 9 35 41 42 25 14 57 
8 51 40 54 53 10 3 22 44 56 60 55 20 24 6 43 50 27 18 9 45 64 23 1 34 38 36 42 47 2 49 46 39 14 25 59 37 48 41 31 12 15 35 52 11 17 29 62 16 58 26 4 57 7 32 5 61 28 33 13 63 30 19 21 
35 18 28 9 41 7 16 30 25 13 5 15 27 11 31 53 49 20 36 32 62 60 24 29 48 14 45 43 37 54 4 63 3 57 61 52 1 51 19 22 56 59 6 21 39 47 55 58 42 2 64 17 44 46 38 33 26 34 8 12 40 23 50 10 
20 42 46 59 49 27 64 39 1 45 41 19 35 22 28 32 34 7 14 5 10 51 2 15 26 58 9 52 21 23 30 50 54 56 24 6 13 55 4 38 40 25 63 61 31 33 57 18 12 43 47 11 60 3 36 8 29 62 16 48 44 53 37 17 
33 4 58 5 55 50 37 6 14 49 62 18 54 52 16 57 63 21 41 22 12 42 30 25 1 59 24 61 19 13 44 60 11 36 28 47 53 2 17 23 51 26 8 46 64 48 43 3 35 40 34 27 10 9 29 45 31 15 20 56 32 38 7 39 
45 60 19 63 34 15 14 52 40 64 50 4 26 36 21 7 48 53 11 28 39 61 17 38 29 22 57 25 35 56 55 32 27 43 49 8 5 33 44 12 20 37 16 10 41 9 30 42 6 31 59 23 62 18 13 24 46 51 3 54 58 1 2 47 
38 26 31 4 46 58 11 17 5 15 10 62 41 25 18 64 12 52 19 29 28 49 36 44 61 27 56 37 8 60 2 16 63 48 43 40 20 45 22 50 47 51 33 59 1 39 7 14 3 32 35 30 13 21 23 57 9 53 24 42 54 55 34 6 
50 61 36 41 52 20 13 60 38 35 56 47 22 57 48 49 9 51 24 45 43 55 46 27 30 40 33 59 44 21 31 3 32 16 6 1 23 15 26 58 42 29 18 2 5 4 62 53 34 28 19 7 37 54 64 17 11 12 25 63 10 39 8 14 
44 54 55 28 22 63 43 29 27 32 9 30 16 34 8 46 35 64 23 4 6 37 14 33 39 11 42 49 5 19 53 7 51 59 17 56 31 47 2 24 61 20 21 26 25 3 10 13 41 50 1 60 40 12 58 36 48 45 57 18 38 52 62 15 
37 19 53 7 40 62 59 16 13 36 28 20 3 2 26 24 30 32 25 17 61 15 47 54 55 57 51 50 29 48 1 14 18 42 12 39 11 41 33 64 63 60 45 27 34 8 44 9 4 38 46 22 52 6 43 10 23 58 21 5 35 56 31 49 
47 27 9 49 45 34 12 33 11 50 59 23 39 40 51 42 57 10 21 60 53 1 5 8 52 64 15 13 24 35 38 25 7 29 46 28 14 54 55 62 30 22 58 32 36 41 17 6 56 18 48 2 63 61 20 31 16 3 26 19 43 4 44 37 
6 1 57 3 5 18 10 35 60 17 63 29 61 54 33 31 62 22 48 2 38 20 59 42 43 36 58 4 41 26 34 47 49 21 19 13 30 53 9 44 23 12 37 15 52 24 56 50 45 16 11 55 8 39 25 14 64 7 32 27 28 46 40 51 
15 30 42 39 25 2 51 64 7 14 21 45 43 19 52 37 13 34 26 56 63 58 41 31 54 46 12 6 32 18 20 23 57 3 8 10 4 35 60 36 55 11 28 49 38 16 40 48 27 47 53 44 9 5 24 62 33 61 29 17 50 22 1 59 
56 32 14 21 8 48 24 23 58 55 1 53 4 6 44 12 7 39 40 50 3 11 18 16 28 10 62 17 9 63 45 22 25 37 5 34 61 27 38 52 46 43 54 31 57 19 35 64 33 26 29 51 15 42 59 49 47 41 13 30 2 20 36 60 
################proper############## 

 average_time = 1409.071761 

 success runs = 1 

 total average iters = 69812356.000000 
