Success!!! 
 
 max_col = 
 64 
 
 run_time = 
 846.153072 
 
 once iters = 
 30428409 
 
50 49 25 62 19 2 7 12 34 6 47 46 9 41 18 31 17 36 52 33 1 21 42 24 23 45 57 39 64 38 26 15 53 59 14 54 5 60 61 29 4 27 43 63 30 35 3 44 48 58 10 20 37 56 28 51 32 40 13 55 8 11 22 16 
11 57 15 60 36 34 23 22 39 54 45 27 28 29 10 14 53 58 50 44 6 20 63 18 49 55 24 33 4 48 40 2 52 35 17 3 25 8 46 26 61 38 32 16 5 12 47 59 42 21 31 30 13 1 9 64 62 19 7 43 37 41 51 56 
3 5 59 52 39 8 13 18 26 33 20 58 51 36 62 42 56 38 49 15 9 29 4 35 7 61 28 11 43 16 41 27 31 47 48 64 40 45 34 6 60 55 54 37 22 10 2 17 53 25 24 19 12 23 32 14 21 46 1 57 44 30 50 63 
26 35 30 4 9 21 54 64 2 53 8 60 43 7 40 23 55 28 14 57 39 41 19 51 42 1 44 25 5 31 58 37 33 50 38 62 36 22 32 56 20 6 48 18 45 13 15 46 63 49 16 11 34 27 61 59 17 12 29 52 10 47 3 24 
20 53 56 63 45 16 43 32 19 50 1 38 12 37 3 59 61 46 2 47 40 62 8 13 35 30 29 17 18 36 54 60 27 55 9 28 39 51 10 57 14 24 49 34 21 52 42 11 22 7 15 44 5 26 6 41 33 25 4 31 64 23 58 48 
48 33 10 41 44 55 58 42 35 22 56 61 49 11 13 52 30 3 54 27 64 43 34 32 14 20 50 19 12 6 51 59 16 21 63 4 15 18 24 37 1 57 23 31 8 25 9 7 29 2 17 62 47 40 60 46 5 36 38 26 45 53 39 28 
38 61 1 24 27 46 31 17 5 25 21 32 64 63 30 57 10 59 16 37 26 48 7 12 13 52 9 22 62 47 8 56 20 11 44 41 42 49 43 23 19 28 58 40 51 53 29 50 4 3 39 36 33 55 45 54 6 35 14 2 18 34 15 60 
40 6 37 47 29 51 14 28 48 4 24 15 55 16 17 44 31 11 22 5 60 25 45 23 46 21 63 53 34 10 3 32 1 7 30 12 19 13 2 58 64 26 62 56 36 41 33 39 8 18 57 43 38 50 35 52 9 20 54 49 42 27 61 59 
14 46 3 37 63 26 1 53 36 9 43 23 21 55 39 45 58 44 8 35 48 10 29 61 28 12 5 20 60 11 57 50 17 42 16 52 47 27 7 2 32 4 6 41 15 38 25 40 62 59 13 34 22 19 56 49 54 51 30 64 31 33 24 18 
13 59 40 9 25 39 18 57 61 51 35 47 20 30 54 48 23 62 46 53 50 56 6 5 45 33 34 2 1 63 17 21 10 12 19 60 44 24 49 55 31 64 37 36 16 22 14 42 41 52 4 29 3 7 11 27 43 38 15 58 32 26 28 8 
62 56 21 35 16 5 49 50 58 32 60 17 7 42 64 8 37 14 39 41 54 3 26 63 36 10 19 51 9 52 47 61 59 31 4 40 11 38 28 34 33 30 27 1 46 18 23 12 57 24 44 53 45 15 55 43 48 6 2 22 29 20 13 25 
24 17 48 51 7 44 15 47 14 41 57 3 34 6 56 53 21 64 4 28 27 12 33 45 31 32 37 42 35 59 49 18 23 54 13 22 20 30 1 63 52 9 61 29 19 43 39 10 38 26 60 58 25 8 2 50 55 62 36 16 11 5 46 40 
61 52 32 6 58 38 55 19 49 5 25 44 13 31 63 16 51 60 15 2 34 42 59 22 62 7 56 24 30 4 46 41 18 26 64 48 43 36 29 50 11 35 28 20 53 45 8 47 1 40 14 17 10 33 54 21 3 37 39 27 57 9 12 23 
29 36 2 11 31 23 20 8 27 37 12 22 4 15 38 19 32 24 1 18 52 55 43 30 54 64 40 13 6 26 44 14 39 33 3 46 53 57 25 41 49 62 21 51 17 56 59 58 16 48 63 28 61 42 5 9 7 10 35 50 34 60 47 45 
12 41 60 30 43 27 4 34 33 62 10 28 59 40 24 11 36 57 31 19 38 9 16 49 8 15 22 3 29 25 53 23 5 58 61 32 35 56 37 45 26 54 2 7 13 55 50 48 64 46 6 39 18 51 47 20 52 1 21 44 17 14 63 42 
33 10 64 45 28 42 22 54 52 18 29 50 26 2 1 46 25 20 47 40 7 17 13 11 39 38 55 43 27 58 48 16 6 51 62 9 8 21 14 15 63 34 24 57 60 3 44 5 35 30 12 31 36 32 23 37 49 59 41 56 61 4 19 53 
56 23 55 59 50 58 33 45 16 63 37 4 36 12 31 5 47 9 30 48 62 28 64 15 17 13 46 1 8 49 25 57 40 18 21 34 38 10 41 11 7 3 20 24 43 14 22 26 6 53 54 2 35 29 44 39 60 27 61 51 52 32 42 19 
25 51 7 3 40 29 48 52 6 2 44 20 38 47 28 34 39 61 27 60 4 8 41 26 50 35 23 21 45 24 64 9 55 43 32 17 22 37 42 49 5 31 57 59 33 11 16 54 10 12 19 56 46 30 18 62 63 14 58 1 13 15 53 36 
64 13 9 57 53 18 37 21 62 11 52 54 45 1 14 33 29 23 42 49 22 44 32 50 55 4 31 28 59 41 2 58 36 27 7 20 24 48 39 60 46 12 35 15 61 19 38 6 47 16 8 51 63 5 3 34 40 26 17 30 56 25 43 10 
36 20 19 14 22 17 26 41 18 15 3 7 60 48 23 24 11 1 51 45 58 46 10 59 12 47 53 5 16 54 61 43 57 13 8 50 6 35 44 52 29 63 30 25 32 4 21 56 27 64 38 40 28 9 42 55 2 34 31 37 49 39 62 33 
47 42 11 43 38 49 62 46 22 13 27 41 39 58 59 26 33 34 37 14 12 54 40 3 60 19 7 30 51 18 36 44 56 61 29 15 9 63 4 16 53 1 50 64 10 17 55 2 32 31 20 45 57 48 52 25 28 23 8 5 24 6 21 35 
10 1 39 8 4 28 27 24 32 46 40 42 57 19 35 29 43 6 25 13 36 31 55 53 26 56 48 34 63 20 37 3 14 30 2 5 62 33 59 54 47 52 45 23 9 51 58 18 15 17 7 41 60 21 49 61 50 22 64 12 38 44 16 11 
6 12 54 15 34 63 16 61 50 56 49 21 10 25 51 30 20 18 5 7 2 24 35 17 33 27 32 38 22 29 52 40 26 46 53 19 58 64 31 47 37 60 42 39 44 8 28 62 36 23 59 14 43 11 1 13 4 55 48 9 3 57 45 41 
30 32 44 31 60 35 2 5 9 17 55 43 8 61 53 64 63 52 38 16 21 19 56 57 11 6 10 62 15 42 14 39 45 28 25 1 23 12 3 51 13 48 41 27 40 36 34 49 26 4 22 33 50 37 24 58 18 54 59 20 47 29 7 46 
19 34 52 16 13 41 12 14 7 31 4 9 47 49 46 28 2 40 20 43 10 22 21 39 6 53 58 8 32 51 55 1 3 60 33 25 37 54 17 27 23 45 56 61 42 26 35 57 50 63 18 48 29 59 62 15 64 24 44 38 5 36 11 30 
21 45 5 55 11 22 29 44 13 39 38 1 27 54 52 43 34 16 3 51 23 58 37 7 40 24 35 50 14 62 60 4 28 9 6 59 41 26 8 10 17 53 36 30 18 49 63 19 56 57 46 47 64 20 31 2 61 33 42 32 15 48 25 12 
17 47 23 50 30 9 36 20 59 16 19 33 40 10 8 55 28 13 60 62 11 5 57 42 22 18 12 48 2 43 31 64 63 39 45 56 61 15 53 14 58 44 46 3 4 34 6 24 51 32 25 35 27 41 38 7 26 49 52 21 1 54 37 29 
4 58 63 54 6 10 64 15 21 42 14 37 25 35 11 32 45 41 9 26 56 33 27 48 34 3 30 36 47 39 28 5 50 62 12 49 2 31 19 46 8 51 60 22 38 59 1 29 24 61 55 52 40 13 17 44 57 7 18 23 53 16 20 43 
49 39 28 53 24 61 46 40 60 30 17 48 23 51 50 12 64 29 55 63 8 35 54 1 41 26 11 37 25 9 56 33 38 5 18 47 52 44 57 32 10 14 15 62 7 16 20 31 34 43 21 4 58 22 36 42 45 2 19 59 6 3 27 13 
60 62 33 26 42 7 35 43 3 45 58 2 29 57 22 20 46 25 19 31 18 53 15 6 59 44 17 52 38 61 63 13 30 23 11 24 21 34 36 1 50 32 64 47 27 40 48 37 39 54 9 10 16 49 12 5 56 28 51 4 55 8 41 14 
59 8 27 25 57 48 32 38 53 36 15 56 62 18 6 63 44 47 61 12 17 49 24 52 29 23 45 10 19 21 20 42 4 22 51 16 64 7 40 13 39 41 11 43 2 5 54 55 37 1 33 26 14 3 30 28 34 50 46 60 35 58 31 9 
31 2 18 56 37 3 51 1 41 34 64 26 44 24 5 61 4 50 32 30 59 14 38 36 16 57 15 49 46 7 27 54 43 48 35 42 55 29 58 20 9 21 52 12 28 33 13 25 45 6 53 8 11 60 19 23 10 47 63 17 62 22 40 39 
43 14 61 36 54 62 3 2 4 59 42 64 6 53 34 47 12 49 33 21 51 50 17 9 38 28 25 23 56 55 39 22 58 29 46 44 32 11 27 19 45 15 16 52 37 20 5 41 13 35 30 63 7 18 10 60 8 31 57 48 40 24 1 26 
27 44 35 33 17 32 10 13 45 38 28 31 11 50 26 51 8 48 36 20 42 39 1 14 57 43 18 54 49 15 6 19 41 40 56 61 60 3 5 4 62 22 63 46 24 2 7 34 25 9 23 37 21 58 29 47 30 16 12 53 59 55 64 52 
16 28 24 29 48 19 52 30 56 8 2 18 54 32 20 17 57 7 45 38 15 23 11 60 21 41 27 40 61 5 62 35 22 63 43 55 10 42 50 53 44 36 59 13 49 64 12 4 33 39 26 3 1 6 51 31 25 9 47 46 14 37 34 58 
37 60 49 58 21 15 38 39 55 12 23 5 63 3 27 1 41 26 29 34 44 4 62 2 9 14 52 46 31 32 50 36 8 25 24 57 13 6 18 48 30 40 47 17 35 42 10 33 19 22 64 61 53 16 59 11 20 43 28 45 54 7 56 51 
57 11 6 64 1 4 47 9 44 21 13 35 48 52 19 7 59 55 43 56 25 27 53 37 58 51 16 12 33 2 42 10 34 36 31 45 49 20 26 30 18 8 39 14 3 23 32 60 40 28 5 54 24 62 46 17 22 61 50 15 41 63 29 38 
8 22 34 12 55 25 63 23 37 58 36 62 16 46 49 39 54 5 24 10 30 32 61 40 44 48 60 64 3 45 29 20 15 14 59 38 17 47 9 7 28 50 51 6 1 31 26 53 2 42 41 27 52 57 43 56 13 11 33 35 19 18 4 21 
51 26 31 7 20 40 45 56 29 57 22 25 14 43 41 60 16 63 35 3 47 18 28 46 24 8 13 59 37 53 1 30 12 52 39 2 33 23 64 62 48 61 9 11 54 58 19 21 49 55 34 50 15 38 4 32 42 44 10 6 27 17 36 5 
41 18 46 42 5 50 53 59 30 40 33 24 61 9 15 10 13 19 58 22 31 6 52 64 47 34 26 63 7 17 4 11 35 1 37 51 28 16 54 21 43 56 25 55 29 27 57 38 14 44 48 12 8 36 20 45 23 32 3 39 60 2 49 62 
5 24 36 49 52 33 57 4 54 43 18 16 30 62 47 13 35 10 64 6 63 60 23 34 53 11 3 61 26 44 45 17 32 41 50 8 51 58 38 28 55 59 22 42 31 1 37 14 20 19 56 21 2 12 25 29 39 15 40 7 48 46 9 27 
1 9 16 32 10 45 41 3 46 64 11 53 17 44 55 50 19 8 12 58 43 2 25 4 30 36 59 14 23 22 35 48 42 6 49 37 63 39 62 31 15 5 13 60 56 21 61 51 28 27 47 7 26 54 33 40 38 29 34 24 20 52 18 57 
2 43 38 28 15 59 42 51 12 48 41 52 35 60 32 25 5 37 40 36 53 7 47 21 4 49 39 6 20 1 33 34 13 24 10 11 29 19 55 18 27 58 8 45 50 44 46 63 30 62 3 22 9 14 64 57 31 56 16 54 26 61 23 17 
55 40 13 17 23 54 50 26 24 19 63 36 42 14 61 15 48 51 59 1 33 16 18 20 52 62 38 9 58 60 5 29 25 56 57 27 7 2 47 22 34 11 3 35 6 32 64 30 31 37 49 46 39 45 53 8 41 4 43 28 21 12 10 44 
34 31 53 48 64 30 39 7 38 1 9 40 2 28 33 27 26 22 56 52 14 57 46 44 51 37 41 32 42 8 19 25 61 17 5 21 54 59 60 12 16 49 18 4 20 29 24 23 43 15 11 6 55 10 58 36 47 63 45 62 50 13 35 3 
46 19 20 61 56 47 60 37 31 29 59 34 3 4 7 6 50 32 62 39 28 30 49 27 15 2 21 55 10 57 16 63 44 64 40 26 45 14 33 36 54 43 53 38 12 48 17 9 18 51 52 13 23 35 41 24 11 5 25 42 58 1 8 22 
63 29 8 22 62 11 25 6 23 10 51 57 58 56 37 21 15 42 17 24 3 45 31 41 18 46 54 27 13 12 43 28 48 20 34 30 16 53 35 9 40 7 19 26 47 39 52 36 61 60 1 5 44 4 50 38 14 64 49 33 2 59 55 32 
35 21 14 27 18 12 44 58 20 26 39 8 22 5 45 49 38 54 13 61 55 11 9 29 56 50 47 31 40 64 24 7 46 4 52 23 3 1 15 43 25 10 33 2 57 62 41 28 59 34 42 16 32 17 48 63 53 30 6 19 36 51 60 37 
54 16 57 39 41 52 61 11 28 24 26 14 50 27 44 35 22 2 23 8 49 40 3 43 20 58 36 18 48 19 7 46 9 53 1 31 4 32 45 25 56 17 34 10 59 47 51 13 55 38 62 60 42 63 37 6 12 21 5 29 30 64 33 15 
45 7 29 34 26 31 59 55 25 52 5 11 37 39 16 2 42 27 10 17 20 38 36 19 43 9 62 41 21 56 15 51 24 8 58 63 14 61 23 33 35 46 4 54 64 57 53 3 12 50 40 18 30 47 22 1 44 60 32 13 28 49 48 6 
28 30 51 18 12 20 9 33 64 3 48 10 31 59 43 62 7 56 11 54 24 26 5 47 63 60 49 29 17 37 34 53 2 16 42 13 46 41 21 40 36 39 14 8 52 6 27 1 58 45 61 32 19 44 15 4 35 57 22 25 23 50 38 55 
15 63 58 1 8 24 40 49 47 55 32 6 33 17 21 56 62 45 48 29 41 59 60 25 64 54 42 57 39 14 12 38 37 3 28 36 27 5 52 35 22 20 44 19 23 50 30 43 11 10 2 9 51 34 13 16 46 18 53 61 4 31 26 7 
32 38 43 23 46 37 6 48 1 7 54 29 19 34 36 4 14 15 21 50 61 64 51 31 5 25 33 44 55 13 22 26 60 57 20 10 30 62 56 39 42 2 12 49 58 63 18 45 3 8 35 24 17 28 27 53 59 41 9 11 16 40 52 47 
44 50 4 13 35 60 19 10 42 20 46 51 18 22 58 38 52 12 53 32 57 37 39 55 1 16 2 47 28 30 23 8 11 15 26 29 34 43 6 17 21 25 40 33 62 9 31 61 5 41 36 59 49 64 7 48 24 45 27 3 63 56 14 54 
42 3 22 21 2 64 56 25 63 23 61 49 53 13 12 40 18 33 34 9 35 1 30 16 27 31 4 45 11 50 59 6 19 44 47 7 48 55 51 38 24 37 5 28 41 15 60 32 46 14 29 57 54 52 39 26 36 58 62 8 43 10 17 20 
53 27 62 5 47 14 17 36 15 60 30 45 41 8 57 9 6 4 44 46 13 63 58 28 10 40 61 35 24 3 32 52 54 49 22 18 59 50 12 64 38 29 26 48 55 7 11 16 23 20 43 25 56 31 21 33 19 39 37 34 51 42 2 1 
23 54 47 38 14 13 8 31 11 28 34 63 32 45 4 58 40 21 18 59 46 61 12 56 25 22 43 15 52 27 9 62 64 37 41 33 57 17 20 5 3 42 7 44 26 30 49 35 60 29 51 55 48 2 16 10 1 53 24 36 39 19 6 50 
7 4 50 44 3 1 5 16 51 14 6 13 56 23 42 18 27 43 26 55 29 52 48 33 37 59 64 58 54 40 30 24 49 32 60 35 31 9 22 61 2 47 10 53 25 46 62 8 21 36 45 38 20 39 63 19 15 17 11 41 12 28 57 34 
58 15 17 19 32 56 34 63 10 61 50 30 46 20 25 41 24 31 57 4 37 36 44 38 48 29 8 60 53 23 21 45 7 2 27 6 12 52 13 3 51 18 55 5 39 54 40 64 9 11 28 1 62 43 14 22 16 42 26 47 33 35 59 49 
9 25 45 20 49 36 24 62 40 27 53 39 52 33 60 3 1 30 41 64 5 13 14 10 32 63 6 16 44 35 38 31 51 34 15 43 56 28 48 42 57 19 29 50 11 61 4 22 17 47 37 23 59 46 26 12 58 8 55 18 7 21 54 2 
18 37 12 46 33 53 30 29 43 49 31 55 24 38 2 54 9 17 28 23 16 15 22 8 3 39 14 26 57 34 11 47 21 19 36 58 50 4 63 59 6 13 1 32 48 60 45 20 7 5 27 42 41 61 40 35 51 52 56 10 25 62 44 64 
22 55 42 2 61 43 11 27 57 35 62 59 15 26 48 36 60 39 6 25 45 34 20 58 19 5 51 7 41 28 18 49 47 10 54 14 1 46 30 24 12 16 17 21 63 37 56 52 44 33 50 64 31 53 8 3 29 13 23 40 9 38 32 4 
52 64 26 10 59 57 28 35 8 47 16 12 1 21 9 37 3 53 7 42 19 51 2 62 61 17 20 4 50 46 13 55 29 45 23 39 18 40 11 44 41 33 38 58 14 24 36 15 54 56 32 49 6 25 34 30 27 48 60 63 22 43 5 31 
39 48 41 40 51 6 21 60 17 44 7 19 5 64 29 22 49 35 63 11 32 47 50 54 2 42 1 56 36 33 10 12 62 38 55 53 26 25 16 8 59 23 31 9 34 28 43 27 52 13 58 15 4 24 57 18 37 3 20 14 46 45 30 61 
################proper############## 

 average_time = 846.153072 

 success runs = 1 

 total average iters = 30428409.000000 
