Success!!! 
 
 max_col = 
 64 
 
 run_time = 
 2561.822492 
 
 once iters = 
 223703856 
 
61 48 8 37 33 21 25 64 34 18 47 13 59 10 62 7 22 23 12 32 56 40 39 63 17 16 49 24 27 53 60 1 42 14 41 45 46 20 3 50 44 9 6 58 30 54 43 28 55 26 11 29 15 57 2 36 35 5 19 31 52 38 4 51 
11 44 27 41 20 34 10 4 23 40 63 1 6 2 32 5 28 37 53 30 15 61 54 48 56 36 19 8 9 43 62 14 25 58 29 49 60 57 26 59 31 42 21 17 13 35 3 38 64 50 22 39 7 24 52 51 33 46 18 16 45 47 55 12 
51 22 31 38 3 35 40 53 33 21 8 29 16 46 64 19 17 43 49 20 7 60 27 36 34 55 39 25 50 61 54 52 32 47 1 37 5 12 4 15 57 26 14 59 41 56 45 11 13 42 62 18 23 10 58 28 48 6 30 63 24 2 9 44 
42 18 58 13 29 46 7 57 51 35 50 49 36 26 41 22 31 21 59 55 8 44 38 14 64 5 45 12 3 20 10 11 2 6 52 63 53 27 16 24 23 33 1 40 48 25 37 15 47 54 30 9 4 56 19 43 17 34 39 28 32 60 62 61 
24 23 54 16 14 19 49 17 52 3 43 4 53 20 37 28 9 11 45 1 64 50 5 57 46 13 41 40 51 58 6 38 56 61 18 55 33 30 35 7 62 2 63 39 47 12 27 10 44 31 34 32 60 48 25 59 42 22 15 26 8 36 21 29 
60 9 32 47 59 43 63 36 39 31 55 24 56 12 17 38 33 13 58 19 25 52 46 62 42 2 15 30 26 4 28 7 54 44 40 34 51 21 10 48 50 61 22 29 20 18 49 16 35 53 8 5 14 45 6 3 27 1 41 23 64 37 57 11 
50 5 15 26 6 30 39 52 42 45 44 57 27 9 54 11 16 18 47 2 51 3 34 4 29 33 21 48 59 22 63 35 43 23 28 36 31 64 17 62 32 8 60 7 24 55 19 53 12 37 41 46 40 38 1 61 13 10 58 14 20 25 56 49 
56 1 28 55 45 2 12 62 61 60 14 25 58 48 15 30 6 10 41 35 42 26 24 29 31 57 47 37 44 18 23 32 38 13 19 11 39 9 8 22 34 4 51 5 36 64 46 52 27 63 49 21 20 17 33 16 40 43 54 50 3 53 59 7 
30 25 40 35 1 55 14 37 44 28 64 60 17 8 36 58 27 38 7 47 13 63 45 19 22 43 59 53 49 62 42 31 50 2 5 9 23 29 12 51 18 56 54 15 39 26 33 41 6 34 3 10 48 46 57 52 20 24 32 4 21 61 11 16 
33 2 52 32 42 27 15 7 31 53 29 16 41 45 57 39 8 28 30 50 61 24 55 49 10 46 63 51 47 54 19 37 36 35 26 58 34 38 18 60 20 64 40 12 62 21 23 6 22 13 43 4 17 9 11 25 59 3 44 56 5 48 1 14 
3 31 21 46 9 22 38 49 62 23 20 35 63 56 18 48 37 25 5 11 26 16 2 43 28 12 24 57 39 6 36 29 64 53 7 15 61 10 14 52 17 1 4 8 50 44 30 60 59 47 54 55 33 41 32 19 45 27 40 34 42 51 13 58 
34 41 12 57 19 13 5 59 11 1 3 9 38 61 33 49 54 22 56 18 58 15 53 42 52 48 20 55 21 26 27 60 6 17 46 32 4 28 40 44 2 47 35 45 25 24 51 37 16 64 14 50 39 29 63 23 10 8 7 62 43 31 36 30 
26 64 36 18 56 20 45 43 37 24 13 6 14 22 4 10 57 41 44 62 48 12 32 31 58 30 5 50 2 8 1 17 33 11 59 39 49 47 54 27 3 52 61 34 46 16 7 19 21 38 42 35 51 40 28 15 63 29 23 25 60 9 53 55 
63 29 24 10 54 51 47 16 19 7 27 40 55 30 26 59 39 52 46 34 9 35 6 1 23 56 32 4 61 44 45 3 21 41 62 48 57 25 13 42 11 43 28 49 22 58 38 14 60 20 5 53 31 36 12 8 37 50 2 17 33 15 18 64 
62 28 44 60 58 11 50 48 47 34 5 51 52 15 46 21 36 14 3 23 17 10 4 59 41 25 33 64 16 9 38 40 22 37 45 20 63 8 43 56 29 55 31 32 53 27 42 13 30 1 18 24 26 2 61 7 12 35 49 57 39 19 54 6 
23 6 4 53 39 8 17 61 25 12 42 2 54 50 43 32 21 40 29 64 60 20 33 51 15 14 18 7 11 35 34 13 55 16 24 31 1 3 30 19 59 5 36 10 57 9 63 48 62 45 56 37 27 44 49 58 52 41 46 22 38 26 28 47 
59 55 18 58 12 47 33 24 36 2 32 52 15 21 31 23 38 6 42 4 35 54 30 7 43 19 62 5 41 46 8 16 61 63 34 60 3 1 27 26 37 10 17 13 56 40 50 29 51 48 9 49 57 25 45 39 44 11 20 64 28 22 14 53 
38 40 1 14 60 31 61 32 22 6 17 19 7 44 59 62 3 33 11 49 53 51 64 28 63 10 57 36 30 27 55 56 35 15 20 25 41 4 9 5 45 24 52 21 43 48 2 42 34 8 46 16 50 54 29 26 39 12 47 58 18 23 37 13 
15 3 53 52 30 44 2 39 8 9 26 43 46 18 35 37 5 29 24 22 59 56 17 40 47 20 54 14 45 28 61 21 13 64 50 7 16 58 19 23 36 11 41 57 49 6 31 62 42 12 10 38 63 27 55 4 25 48 33 60 34 32 51 1 
13 8 26 5 36 41 57 35 29 33 30 34 47 24 55 12 45 44 27 25 43 9 61 60 6 50 48 38 42 7 31 23 10 52 37 22 17 49 56 39 28 20 32 46 1 51 53 58 18 62 15 14 11 21 40 64 19 2 4 59 63 3 16 54 
46 20 48 45 17 23 22 50 60 10 49 54 42 58 27 4 12 63 62 14 57 31 47 15 37 18 25 34 32 11 3 24 53 28 36 51 29 2 38 21 64 59 16 35 26 39 61 33 1 30 19 6 56 5 13 44 41 7 9 43 55 52 8 40 
54 7 34 21 28 25 6 51 63 64 11 56 39 13 38 16 32 48 50 36 20 46 19 41 44 1 52 58 40 49 33 4 24 42 30 47 8 18 59 57 55 14 3 27 9 22 15 12 37 17 35 43 53 23 60 2 61 62 45 10 31 29 5 26 
16 42 9 56 11 49 62 10 48 61 40 41 45 57 20 1 34 8 13 39 18 37 23 58 2 26 64 59 29 15 51 53 12 54 32 43 55 31 44 14 7 25 5 38 63 19 60 4 28 52 33 47 24 3 36 22 6 30 27 21 35 50 17 46 
4 19 29 43 27 64 37 63 50 25 53 28 5 3 14 51 2 26 21 10 1 55 52 16 60 22 9 13 35 39 17 12 40 45 6 46 62 48 33 11 54 30 8 23 44 47 34 18 7 58 61 41 59 32 20 31 56 57 38 36 49 42 15 24 
10 24 39 34 52 9 64 28 53 48 45 8 51 1 22 25 18 15 17 13 4 41 29 30 57 59 16 56 58 21 20 47 49 3 43 33 6 5 62 12 42 32 55 50 14 36 11 35 26 46 60 23 2 61 44 27 54 40 31 19 37 7 38 63 
48 51 5 33 25 54 43 55 3 41 61 15 34 23 49 36 59 53 6 56 40 58 12 50 30 7 46 60 37 24 32 45 19 26 10 35 14 44 63 1 38 17 64 28 31 52 13 8 29 22 16 57 18 20 9 47 21 42 62 39 4 11 2 27 
45 49 46 50 8 62 23 18 20 52 21 63 2 11 6 17 48 47 28 27 37 22 1 26 9 51 40 44 55 31 4 54 34 25 56 61 7 39 57 38 10 19 58 30 12 5 41 24 36 32 64 15 42 43 59 33 14 53 35 29 16 13 3 60 
44 27 11 40 41 63 36 31 24 29 58 62 12 28 47 50 14 16 55 57 3 39 35 2 53 38 17 15 23 64 26 61 8 32 51 18 42 45 60 37 43 22 20 25 21 33 56 54 52 7 13 19 10 4 34 1 49 59 48 6 30 5 46 9 
12 59 56 30 37 14 29 21 57 38 54 31 44 27 10 26 7 61 32 51 46 11 42 64 18 52 8 43 6 2 41 19 4 40 9 53 13 55 20 28 39 16 15 63 23 60 62 34 49 35 48 3 25 58 5 24 47 33 50 1 36 45 22 17 
2 58 22 61 35 16 3 38 18 32 7 64 33 37 42 60 62 19 25 44 5 45 21 24 14 39 12 63 1 13 49 27 11 30 15 17 52 59 46 36 47 40 26 48 29 57 4 9 31 6 28 54 8 53 41 50 51 56 34 55 23 20 43 10 
20 57 47 42 13 7 32 15 14 55 9 46 4 59 19 56 63 60 38 33 10 34 43 23 5 28 35 3 62 36 29 50 31 22 64 16 58 54 48 41 1 49 2 37 27 53 6 44 39 51 40 17 45 11 21 30 26 18 24 61 12 8 52 25 
53 60 6 17 26 4 19 1 40 43 16 5 30 35 39 13 49 36 20 31 54 8 9 52 33 34 11 42 22 10 48 25 29 27 21 24 50 23 2 47 46 3 45 61 18 7 59 51 14 55 63 56 38 12 37 62 15 28 57 41 58 64 44 32 
22 21 10 24 63 50 20 3 45 62 48 38 29 32 56 6 41 54 34 15 39 59 31 5 12 61 13 47 19 30 57 55 26 4 14 27 35 42 53 64 8 46 44 60 28 23 40 1 2 16 52 58 43 49 7 9 11 37 36 33 51 17 25 18 
36 16 7 28 43 61 8 41 46 58 39 22 26 25 34 18 1 49 63 3 47 64 37 13 20 35 27 32 60 42 5 6 30 51 11 44 2 15 24 10 12 57 33 9 19 17 29 50 40 21 4 31 62 59 23 53 38 55 56 52 14 54 48 45 
1 54 17 48 64 45 42 34 5 27 24 59 57 41 8 2 50 46 61 60 32 53 40 10 16 29 37 62 7 52 22 33 9 49 23 6 36 56 28 25 26 35 13 47 58 43 18 31 38 14 55 12 44 51 15 11 3 4 21 20 19 30 63 39 
39 15 59 12 46 58 26 2 10 16 51 3 28 17 23 61 30 20 9 52 19 14 36 35 49 54 56 11 48 38 24 44 18 60 22 5 47 32 29 45 4 21 27 6 37 34 25 55 57 33 1 8 41 64 42 63 50 31 53 13 7 62 40 43 
9 35 33 27 55 57 56 5 4 36 1 47 49 14 40 44 23 51 26 6 21 2 62 11 25 3 58 31 8 63 53 18 52 38 12 19 43 17 41 13 48 7 39 54 42 45 22 30 10 29 37 61 28 34 50 20 64 32 60 46 59 16 24 15 
47 53 25 51 62 32 60 14 54 63 31 30 64 19 50 52 44 17 43 7 33 42 16 55 4 23 1 26 28 41 40 46 59 21 8 3 48 61 37 20 24 36 11 2 15 38 10 5 56 39 27 13 6 35 18 45 22 9 12 49 29 57 58 34 
18 30 37 4 38 52 44 13 7 20 33 11 60 43 53 55 29 24 57 45 12 25 28 56 39 9 50 10 15 59 21 36 16 46 31 1 40 63 34 58 51 62 49 41 64 61 14 3 19 5 26 48 32 22 54 17 8 23 42 47 2 6 27 35 
29 11 23 6 49 40 31 19 35 37 12 21 9 42 13 15 58 4 8 48 27 38 22 18 51 45 14 2 17 34 64 43 62 33 39 57 54 7 50 55 56 63 59 53 16 20 52 32 24 60 36 25 30 47 3 46 28 61 10 44 26 1 41 5 
31 45 51 63 15 17 11 6 43 42 10 18 37 53 29 41 46 62 4 5 38 27 48 33 1 47 61 20 54 40 25 39 14 55 57 50 12 34 7 3 21 58 24 52 2 13 64 49 9 44 59 26 16 30 35 32 60 19 22 8 56 28 23 36 
52 61 2 9 47 3 46 58 59 44 56 33 8 36 51 57 11 30 60 53 49 19 13 20 7 6 10 21 12 50 43 22 28 31 25 64 37 26 39 32 40 29 48 14 55 63 35 17 41 24 23 42 34 15 62 5 18 38 16 54 1 27 45 4 
43 39 50 19 18 5 27 12 28 14 4 58 61 60 7 46 10 35 2 24 22 21 59 3 32 17 30 29 63 16 9 42 48 8 44 13 38 52 45 6 15 34 37 20 54 1 36 23 33 56 57 11 49 55 47 40 31 51 26 53 25 41 64 62 
32 62 64 20 48 26 41 23 17 13 22 12 24 6 30 54 55 7 16 43 14 36 44 37 59 60 53 19 46 3 15 57 1 9 63 40 56 35 42 4 5 38 50 33 51 8 39 47 25 28 45 27 58 18 31 29 34 52 61 11 10 21 49 2 
35 37 14 25 53 1 4 56 38 5 34 23 62 31 9 40 42 58 18 63 28 32 41 6 45 11 55 52 24 33 2 64 27 36 17 54 22 16 47 49 30 44 19 26 61 3 57 46 50 10 21 51 12 39 8 60 43 20 13 7 15 59 29 48 
7 33 60 44 21 29 24 30 16 50 52 20 48 39 25 27 40 64 54 26 45 23 15 47 8 58 34 35 31 51 18 49 46 59 61 41 10 19 5 53 9 6 62 43 11 4 28 56 3 36 38 2 1 14 22 13 32 17 55 12 57 63 42 37 
55 38 49 59 34 10 28 22 1 15 2 26 32 64 45 47 51 31 39 8 52 17 57 9 36 37 23 41 13 48 56 5 58 62 33 29 11 43 21 30 27 60 12 18 7 42 16 25 54 61 53 20 19 63 4 6 24 44 14 40 50 46 35 3 
8 36 57 54 16 42 13 40 21 49 35 55 19 63 11 3 25 50 1 12 34 29 56 61 38 62 26 27 4 14 44 28 51 20 60 2 15 24 23 18 22 45 53 31 10 41 32 59 17 43 7 52 64 37 46 48 30 39 5 9 47 58 6 33 
64 17 55 7 61 24 59 9 2 22 37 53 43 33 63 29 20 34 35 21 36 1 18 38 3 4 28 54 14 45 58 30 47 12 42 23 19 13 11 31 60 39 25 44 6 32 48 57 46 15 50 40 52 62 16 56 5 26 51 27 41 49 10 8 
25 50 42 15 4 48 18 33 41 17 46 39 20 52 5 9 64 55 10 40 11 62 3 45 27 31 2 61 53 12 35 26 44 24 38 30 28 36 1 16 58 54 23 22 59 14 8 43 32 57 47 34 29 13 51 49 7 21 63 37 6 56 60 19 
41 10 63 29 44 28 30 11 64 54 36 50 31 7 58 8 56 57 33 17 16 49 60 12 13 40 51 18 38 32 39 15 3 34 48 62 45 22 6 43 52 37 42 4 5 46 47 27 23 9 24 59 21 19 26 14 55 25 1 2 53 35 61 20 
21 52 43 8 32 56 34 46 26 19 6 44 40 47 60 24 53 59 51 54 50 30 7 25 11 63 42 23 5 1 16 9 20 39 58 4 27 41 15 35 13 18 29 36 17 49 55 2 45 3 31 22 61 33 10 37 62 64 28 38 48 14 12 57 
49 14 19 1 23 38 54 60 56 57 28 61 11 55 3 45 24 42 15 29 6 47 26 22 50 21 43 33 36 25 52 8 63 18 53 59 9 37 32 2 41 51 10 16 34 62 20 40 4 27 12 64 5 7 48 35 58 13 17 30 46 44 39 31 
57 13 16 31 5 39 35 27 15 59 62 48 18 51 12 42 19 32 23 9 63 4 8 46 24 41 29 6 10 47 37 20 7 50 49 56 25 14 64 17 61 28 30 3 33 11 26 21 58 2 44 1 55 60 53 38 36 54 52 45 40 43 34 22 
6 47 20 2 51 37 58 26 32 30 38 10 35 16 1 34 13 39 48 61 41 5 14 27 19 49 44 22 57 55 59 62 60 29 54 8 21 40 52 46 53 12 7 56 45 31 9 64 63 25 17 28 36 42 43 18 23 15 3 24 11 4 33 50 
40 12 3 62 22 36 53 45 13 4 25 27 23 49 21 14 52 2 37 28 31 43 58 44 48 64 7 17 56 60 46 34 57 5 55 10 26 33 51 61 19 15 38 24 35 50 1 63 20 11 6 30 54 8 39 41 29 16 59 32 9 18 47 42 
58 63 61 39 7 53 55 8 27 11 59 14 3 5 28 31 47 56 22 16 44 33 50 34 40 15 38 49 20 29 13 41 17 19 4 12 64 46 36 9 35 48 18 51 32 2 21 26 43 23 25 45 37 1 24 54 57 60 6 42 62 10 30 52 
17 32 45 11 40 12 21 20 49 47 15 37 22 29 16 64 26 5 52 46 30 7 51 39 62 8 31 1 43 56 14 59 41 48 3 42 24 60 58 54 63 23 57 19 4 10 44 61 53 18 2 33 13 6 38 34 9 36 25 35 27 55 50 28 
19 34 30 64 57 59 9 25 58 26 60 36 21 38 48 63 61 27 40 42 2 13 11 53 54 24 6 46 18 23 12 51 15 43 47 28 20 50 49 33 16 31 56 55 8 29 17 22 5 4 32 62 35 52 14 10 1 45 37 3 44 39 7 41 
5 26 13 3 50 6 16 29 55 56 23 42 1 62 61 43 60 9 14 58 24 18 10 32 35 53 36 28 33 37 30 2 45 7 27 38 44 51 22 34 25 41 47 64 52 15 12 39 8 59 20 63 46 31 17 57 4 49 11 48 54 40 19 21 
27 56 41 23 31 18 51 54 6 46 57 32 10 4 24 33 35 3 36 37 55 48 49 21 26 44 60 39 64 17 50 63 5 1 2 52 59 62 25 8 14 13 34 11 40 28 58 45 61 19 29 7 9 16 30 42 53 47 43 15 22 12 20 38 
28 43 38 36 10 60 52 42 30 8 19 45 13 34 2 20 4 1 31 41 23 57 63 54 55 27 22 9 25 5 11 48 39 56 35 21 18 53 61 40 6 50 46 62 3 37 24 7 15 49 58 44 47 26 64 12 16 14 29 51 17 33 32 59 
14 46 35 22 24 33 48 47 9 39 18 17 25 40 44 53 15 12 19 59 62 28 20 8 61 42 4 45 52 57 7 58 37 10 16 26 32 6 55 29 49 27 43 1 38 30 54 36 11 41 51 60 3 50 56 21 2 63 64 5 13 34 31 23 
37 4 62 49 2 15 1 44 12 51 41 7 50 54 52 35 43 45 64 38 29 6 25 17 21 32 3 16 34 19 47 10 23 57 13 14 30 11 31 63 33 53 9 42 60 59 5 20 48 40 39 36 22 28 27 55 46 58 8 18 61 24 26 56 
################proper############## 

 average_time = 2561.822492 

 success runs = 1 

 total average iters = 223703856.000000 
