Success!!! 
 
 max_col = 
 64 
 
 run_time = 
 1898.488186 
 
 once iters = 
 91683425 
 
57 15 40 3 49 48 61 11 58 35 25 38 63 17 42 39 4 22 51 1 29 60 28 43 45 10 26 41 32 46 36 64 7 20 50 30 24 31 21 54 5 16 55 23 13 62 12 34 52 9 37 47 53 6 8 18 14 2 59 27 33 44 19 56 
29 22 36 6 27 9 52 18 62 19 61 59 12 33 26 7 50 44 35 47 14 54 21 13 15 23 55 63 30 3 51 57 45 10 64 32 2 56 53 25 46 37 48 43 8 17 58 4 41 49 60 42 11 34 1 38 16 24 39 40 20 5 31 28 
2 30 42 39 60 31 25 1 5 43 47 8 28 34 48 40 17 33 23 18 62 12 64 15 11 7 21 59 52 56 50 54 63 16 37 19 4 49 9 38 57 14 41 27 61 35 32 53 46 44 20 24 36 58 3 26 51 10 6 29 45 22 13 55 
63 59 38 34 58 28 13 20 56 4 14 10 55 51 36 44 24 8 52 16 7 3 46 53 1 27 42 9 5 37 62 60 40 61 35 18 6 26 41 43 2 22 39 30 19 25 15 49 45 12 33 32 17 31 54 29 21 47 48 57 50 11 64 23 
56 64 35 55 45 19 26 17 37 2 16 21 32 3 31 18 59 58 36 30 27 5 11 6 22 20 38 43 4 12 48 29 42 39 34 1 14 33 23 60 51 10 24 40 28 52 44 47 15 13 57 25 50 61 62 7 53 54 49 41 63 8 9 46 
32 51 62 8 4 50 53 10 64 6 23 13 20 45 22 1 49 55 37 26 42 61 9 41 40 25 19 17 24 39 33 47 36 46 52 57 44 12 28 5 63 7 31 29 54 11 38 59 43 56 21 48 14 2 16 27 60 3 35 18 34 30 58 15 
16 7 14 37 24 5 54 44 49 9 30 15 46 60 27 41 39 63 20 19 45 48 57 31 53 2 35 13 18 58 34 61 8 47 17 3 62 29 55 11 6 64 21 26 56 50 36 33 28 23 51 4 22 10 40 59 32 42 12 38 52 25 1 43 
33 23 47 41 12 43 21 46 52 29 50 53 24 57 54 11 10 25 56 38 2 40 34 32 8 16 31 49 44 6 14 28 48 22 59 15 51 58 13 27 42 1 3 20 45 9 18 60 63 5 30 55 35 64 39 19 17 62 26 4 36 61 7 37 
60 36 20 5 19 27 10 51 8 26 48 14 23 12 34 45 29 7 17 44 52 35 6 46 28 57 15 4 58 13 54 25 32 41 42 38 55 43 50 62 33 53 22 39 21 61 11 64 24 18 63 1 30 16 9 49 56 59 40 31 2 47 37 3 
54 62 37 13 21 53 39 61 18 57 11 29 58 24 9 20 60 51 38 3 4 64 36 14 55 42 33 7 23 35 5 22 47 44 56 16 10 6 30 26 12 31 46 1 63 48 49 25 17 2 19 59 27 52 34 40 45 41 8 43 28 50 15 32 
43 33 52 44 46 17 50 48 54 27 63 47 56 28 55 42 57 61 22 34 16 39 8 1 21 6 59 60 51 53 37 26 31 49 36 35 64 2 19 20 4 41 40 10 62 45 23 9 14 15 13 38 5 11 32 3 25 30 7 24 12 58 29 18 
8 29 45 32 18 2 42 7 50 51 62 61 3 22 1 33 28 54 9 15 30 31 41 47 52 63 49 56 20 11 46 14 4 57 24 40 23 13 58 59 36 19 38 35 27 5 6 17 10 25 43 44 60 53 37 12 39 34 16 64 55 48 26 21 
23 47 34 35 14 3 49 22 4 15 31 25 41 36 43 64 63 32 12 48 21 18 5 33 2 8 27 50 19 1 9 40 51 11 28 29 45 61 52 37 13 30 42 59 16 55 7 24 26 62 6 56 46 57 58 39 54 60 38 20 17 53 44 10 
26 25 9 1 59 57 15 41 2 46 21 37 40 16 60 38 23 10 24 53 49 55 13 42 29 45 64 30 48 47 44 36 12 34 5 27 18 14 17 39 32 8 58 3 52 56 43 51 33 4 31 20 28 7 50 54 61 19 11 35 22 63 62 6 
31 4 28 58 64 56 38 16 44 53 32 17 7 35 6 30 20 59 50 2 11 27 40 19 10 61 12 62 39 43 24 3 21 9 48 8 63 1 25 46 37 60 57 15 18 34 26 54 47 55 41 29 45 51 22 42 5 49 33 13 23 14 52 36 
11 12 6 30 55 63 24 40 10 39 59 52 49 5 13 19 25 56 45 43 58 37 62 26 17 32 34 38 16 18 31 41 60 53 33 54 15 22 7 3 28 2 50 44 14 47 20 29 35 61 36 23 21 48 64 8 1 51 57 9 4 42 46 27 
64 55 18 57 13 10 6 23 41 32 39 1 44 48 28 43 40 38 21 24 34 15 58 49 14 9 16 33 2 5 17 37 52 56 7 25 11 50 31 36 61 47 27 8 3 30 19 22 59 42 54 53 29 26 63 51 4 45 60 62 46 35 12 20 
45 9 56 62 34 59 5 14 25 61 27 30 26 52 23 3 51 41 47 32 8 29 16 10 20 11 6 22 7 40 55 12 17 28 54 46 48 35 1 4 43 15 37 49 39 53 60 58 57 24 44 2 64 50 33 13 38 18 19 36 42 21 63 31 
37 54 46 24 2 4 44 43 38 36 58 33 22 7 50 8 35 30 39 42 60 52 17 23 57 59 3 19 15 63 10 45 27 26 29 5 9 16 47 6 62 13 32 56 55 51 41 31 20 21 12 28 48 18 25 1 64 53 61 11 40 34 49 14 
17 19 3 12 42 52 29 15 47 59 64 18 34 20 53 16 22 2 61 27 5 56 31 11 24 4 54 21 36 41 49 58 10 60 51 44 39 57 62 33 7 48 1 45 40 63 46 23 9 32 35 8 38 30 14 37 28 13 25 26 43 55 6 50 
28 60 41 53 40 16 7 58 15 49 46 55 51 21 4 13 1 20 48 45 12 44 54 37 25 26 43 47 27 50 56 38 18 42 23 63 32 64 59 14 11 52 34 36 2 29 33 35 5 6 17 62 31 19 10 61 22 57 9 3 30 24 39 8 
22 48 61 31 35 47 8 30 63 42 37 45 10 9 24 14 6 13 57 36 64 25 26 3 34 46 18 32 60 62 29 1 2 19 55 53 58 20 12 21 59 50 28 17 4 44 54 38 49 40 11 39 43 15 23 56 52 5 51 16 27 7 33 41 
38 1 49 11 51 20 63 27 60 62 29 54 6 31 56 57 7 43 19 33 9 53 50 28 61 48 30 23 35 64 39 42 3 24 40 34 41 8 37 13 25 18 26 14 5 16 21 12 36 22 4 46 58 55 52 45 44 17 2 32 10 15 59 47 
25 21 39 33 26 32 36 50 40 5 19 35 11 2 17 12 18 62 4 59 55 46 14 63 44 31 13 8 53 52 28 51 38 15 45 43 22 30 49 61 10 57 64 9 6 20 24 42 16 3 27 7 41 47 60 34 23 48 37 54 1 29 56 58 
39 3 26 20 22 12 57 59 24 54 33 31 50 44 32 48 46 4 7 9 56 42 52 27 41 60 37 25 62 55 6 30 19 1 2 61 5 23 45 35 15 49 17 53 38 18 34 13 58 64 40 16 8 14 51 10 11 43 47 63 21 28 36 29 
13 17 7 16 61 42 4 45 35 55 3 62 30 11 12 46 64 28 32 29 18 8 43 34 39 21 1 24 59 15 53 31 25 27 60 56 36 47 51 50 14 63 44 37 9 57 48 40 19 41 23 5 6 33 26 52 2 20 10 22 58 49 54 38 
27 52 54 51 32 23 58 6 19 41 10 22 29 43 47 26 12 49 11 60 38 59 37 48 16 56 7 2 42 14 63 34 24 18 8 13 17 3 15 40 64 28 33 55 1 39 4 21 30 53 50 36 57 20 35 44 62 61 5 46 9 31 25 45 
46 40 63 14 11 18 62 28 13 20 7 34 15 64 57 59 2 23 55 22 53 10 47 17 9 12 45 51 26 29 61 48 43 30 58 41 37 52 32 44 35 27 56 16 50 31 5 36 39 38 25 49 54 21 4 24 6 33 1 60 8 3 42 19 
53 38 33 19 37 1 48 9 21 40 56 49 52 42 5 2 31 14 44 50 39 51 25 36 3 58 8 18 11 4 32 13 28 59 20 64 12 10 54 57 47 46 60 6 23 41 22 26 62 43 45 61 34 29 55 63 30 35 17 15 7 27 16 24 
24 50 8 29 56 35 47 55 14 60 28 6 45 1 51 36 58 26 40 61 15 63 33 5 23 49 20 57 17 54 27 43 9 38 16 21 31 53 11 42 30 3 25 19 10 2 52 62 12 7 46 18 32 13 48 22 59 64 41 44 37 39 34 4 
41 5 44 2 43 34 31 25 9 38 8 27 4 18 16 61 3 21 1 54 6 30 24 57 47 19 50 36 22 10 64 35 46 14 39 33 49 62 63 55 20 45 7 32 12 58 29 11 37 28 42 60 15 59 56 17 48 23 53 52 51 26 40 13 
30 10 21 60 15 36 64 49 17 23 53 39 37 25 58 63 19 45 62 20 13 41 35 16 38 33 5 52 46 28 40 44 34 6 26 22 7 4 29 48 8 54 59 42 51 24 61 43 1 11 2 3 47 9 27 31 18 55 14 50 56 57 32 12 
9 18 15 26 3 7 41 37 20 45 43 16 47 29 59 27 56 11 28 14 1 32 61 24 6 39 62 5 64 57 4 2 49 33 38 50 40 34 35 31 53 23 51 54 25 42 8 46 48 63 52 58 55 17 44 36 13 12 22 30 19 10 21 60 
1 2 12 36 54 46 40 4 42 31 57 28 33 13 37 58 48 5 59 51 20 7 55 35 49 44 32 11 34 22 30 10 39 29 15 45 52 25 27 8 56 61 19 50 47 26 64 14 21 60 18 9 23 41 6 43 3 63 62 53 38 17 24 16 
6 61 29 10 8 45 22 63 48 50 5 60 35 39 41 62 42 19 16 49 3 38 23 4 7 53 51 55 37 17 20 21 1 32 9 2 59 54 14 18 34 43 12 28 30 36 40 44 13 33 24 11 56 27 57 46 15 25 64 58 31 52 47 26 
44 56 55 25 16 21 34 47 11 12 38 46 18 14 52 24 8 17 13 64 43 6 30 54 60 1 61 45 9 31 42 59 22 63 3 48 19 37 26 23 58 39 49 2 15 32 35 27 7 10 5 51 20 62 28 53 40 50 36 33 29 4 41 57 
52 42 30 50 48 49 43 5 1 63 34 19 54 8 3 23 27 60 2 40 36 21 39 58 56 14 24 26 12 25 13 46 44 17 62 20 53 51 57 64 9 11 6 33 22 10 45 41 29 37 16 31 4 38 15 47 7 28 55 61 18 32 35 59 
35 58 60 23 20 38 11 64 32 56 6 51 53 55 49 17 44 52 18 41 46 22 45 12 27 15 36 29 63 19 47 33 61 43 21 10 16 28 24 7 3 5 62 13 59 4 31 57 40 54 1 34 26 25 30 50 9 39 42 8 14 37 48 2 
51 13 53 28 57 24 33 32 22 21 44 26 2 4 15 25 34 31 63 62 37 47 10 9 43 50 40 35 3 38 58 52 41 12 6 42 56 55 36 30 18 20 29 48 60 7 17 16 8 19 59 64 39 45 61 14 46 1 23 5 49 54 27 11 
19 31 27 59 62 14 17 39 30 7 40 36 64 61 10 9 53 50 26 25 57 33 15 29 54 28 23 48 8 16 41 18 5 4 47 11 13 60 46 58 21 38 63 24 37 1 55 52 2 35 3 22 12 42 49 32 34 44 45 56 6 20 43 51 
12 57 1 46 7 62 16 3 43 11 45 2 19 40 8 22 33 6 53 5 25 24 42 52 36 17 47 20 54 61 21 39 26 31 10 58 35 41 34 29 27 9 14 60 44 23 30 15 51 50 56 63 37 49 38 64 55 32 18 28 59 13 4 48 
58 26 4 54 41 13 30 8 53 14 55 63 61 37 25 51 43 39 46 21 31 57 59 50 18 35 9 42 49 44 52 56 16 64 32 12 1 48 60 19 45 34 20 47 11 6 28 10 23 29 7 33 62 40 17 15 24 38 27 2 3 36 5 22 
18 63 59 47 10 61 51 42 34 52 13 64 39 32 44 29 26 9 3 7 35 58 12 62 5 43 57 28 31 33 60 4 53 37 46 17 20 40 22 45 54 25 2 41 36 38 56 19 11 48 55 27 16 1 24 6 50 8 30 21 15 23 14 49 
15 32 31 56 29 55 19 24 16 28 4 3 60 38 46 10 61 40 30 11 41 20 22 44 64 37 25 34 1 59 23 50 14 13 63 39 54 27 5 52 49 51 53 7 43 21 62 48 42 26 8 45 2 36 18 57 12 9 58 47 35 6 17 33 
34 14 50 9 52 37 35 60 23 1 17 24 5 15 7 49 45 27 8 63 54 2 19 64 48 38 58 3 29 30 11 6 55 21 44 36 33 18 4 56 39 42 13 22 57 40 59 61 31 47 28 12 25 32 46 41 43 26 20 10 53 16 51 62 
49 39 43 48 17 33 23 53 59 47 9 50 21 27 30 54 38 36 34 10 28 4 56 18 62 41 46 14 13 26 22 32 15 2 11 7 57 24 6 51 31 12 8 64 58 37 16 55 3 52 61 35 19 44 20 5 29 40 63 25 60 1 45 42 
5 6 2 45 25 11 20 21 36 58 41 57 48 26 18 56 14 15 49 17 47 1 60 51 12 40 10 16 55 8 7 27 30 62 43 23 42 38 3 28 29 32 35 52 24 33 63 50 53 34 9 54 13 22 59 4 19 31 44 37 64 46 61 39 
40 28 22 38 44 64 27 36 12 33 42 20 31 62 35 6 13 16 29 37 48 23 32 55 19 51 63 53 45 24 2 15 50 25 49 9 8 59 61 47 1 26 4 18 17 46 3 5 60 14 58 43 10 39 21 30 57 52 54 7 41 56 11 34 
50 53 25 61 33 40 56 29 7 37 51 12 36 23 38 5 21 1 54 46 63 11 4 39 13 18 44 31 28 42 26 24 59 35 14 47 27 45 8 32 55 17 30 58 20 43 10 6 64 16 34 57 52 60 2 62 49 22 15 19 48 41 3 9 
4 20 57 15 39 58 12 35 45 48 54 43 25 30 21 34 52 3 14 6 24 9 7 22 51 47 53 40 50 60 16 11 64 5 13 49 29 36 2 63 26 56 23 61 41 8 1 18 38 59 10 19 44 37 31 55 33 27 46 42 32 62 28 17 
3 37 24 64 5 26 55 52 31 10 18 40 16 63 62 15 41 57 42 23 17 45 27 60 4 36 2 39 38 34 59 8 11 58 61 28 46 19 33 1 50 21 47 25 49 13 53 32 22 30 48 6 7 12 29 9 35 14 56 51 44 43 20 54 
36 43 48 49 63 41 2 38 6 3 52 11 8 46 61 47 55 29 64 31 19 50 51 25 32 5 17 12 14 27 1 7 23 54 18 4 34 21 16 10 22 44 9 62 33 59 57 28 56 39 15 26 40 35 42 20 37 58 13 45 24 60 30 53 
62 27 11 17 31 8 59 54 33 24 2 44 9 50 20 60 15 35 5 56 40 36 49 61 30 22 48 58 10 45 25 19 6 55 53 26 43 39 42 41 38 4 52 51 7 3 37 63 32 46 14 21 18 28 13 23 47 29 34 1 16 12 57 64 
42 16 23 21 28 44 1 19 26 17 35 56 59 58 29 55 30 12 10 13 32 34 53 38 46 3 52 15 41 20 57 49 62 51 22 37 25 7 48 9 60 40 36 11 31 64 14 45 54 27 47 50 63 24 43 33 8 6 4 39 61 2 18 5 
10 45 51 22 47 30 14 34 57 13 49 32 27 19 64 28 16 18 33 8 26 62 20 2 37 55 29 6 61 21 43 9 56 50 12 52 60 44 38 17 24 35 54 46 48 15 42 39 4 1 53 41 3 5 11 58 63 36 31 59 25 40 23 7 
7 46 32 18 9 6 60 13 39 22 1 41 42 53 14 4 37 47 43 58 44 28 48 59 63 54 56 64 33 23 35 62 57 40 30 31 3 15 20 24 16 29 5 12 34 19 27 2 61 45 49 17 51 8 36 25 10 11 21 55 26 38 50 52 
59 49 10 63 23 15 3 33 28 34 20 5 13 6 39 50 32 24 27 4 61 43 2 7 31 30 14 54 57 9 38 55 35 45 25 62 26 17 18 16 40 58 11 21 64 12 51 37 44 8 22 52 42 56 41 60 36 46 29 48 47 19 53 1 
61 8 58 4 1 60 37 56 3 16 24 23 14 47 63 31 5 48 25 35 33 13 44 21 26 62 22 10 43 51 19 20 29 52 57 59 50 11 64 12 17 55 18 38 42 27 9 7 6 36 39 30 49 46 53 28 41 15 32 34 54 45 2 40 
20 44 5 7 38 25 32 31 55 8 26 48 62 41 2 37 9 34 6 12 10 16 3 45 58 64 11 46 47 36 18 63 33 23 4 51 21 42 40 49 52 24 43 57 53 22 39 30 50 17 29 15 1 54 19 35 27 56 28 14 13 59 60 61 
55 41 64 27 53 51 18 62 29 30 60 7 43 49 11 21 54 42 31 39 50 17 63 56 59 13 28 44 40 32 45 23 20 8 19 24 47 9 10 15 48 36 16 5 46 14 25 1 34 58 38 37 61 3 12 2 26 4 52 6 57 33 22 35 
47 11 13 52 50 54 45 12 61 64 15 9 17 56 19 35 36 37 41 55 51 14 29 20 33 34 4 1 6 48 3 53 58 7 27 60 28 46 43 22 44 62 10 31 32 49 2 8 25 57 26 40 59 63 5 16 42 21 24 23 39 18 38 30 
48 34 16 42 30 22 46 57 27 25 36 4 1 54 33 52 62 53 15 28 59 19 18 40 35 29 39 61 21 7 12 17 13 3 31 14 38 32 56 2 41 6 45 63 26 60 50 20 55 51 64 10 24 23 47 11 58 37 43 49 5 9 8 44 
21 24 19 43 6 29 28 2 51 44 12 42 38 59 40 32 47 46 58 57 22 26 1 30 50 52 60 27 25 49 8 16 37 36 41 55 61 5 39 53 23 33 15 34 35 54 13 56 18 31 62 14 9 4 45 48 20 7 3 17 11 64 10 63 
14 35 17 40 36 39 9 26 46 18 22 58 57 10 45 53 11 64 60 52 23 49 38 8 42 24 41 37 56 2 15 5 54 48 1 6 30 63 44 34 19 59 61 4 29 28 47 3 27 20 32 13 33 43 7 21 31 16 50 12 62 51 55 25 
################proper############## 

 average_time = 1898.488186 

 success runs = 1 

 total average iters = 91683425.000000 
