Success!!! 
 
 max_col = 
 64 
 
 run_time = 
 711.367056 
 
 once iters = 
 29832007 
 
40 17 50 16 34 13 44 18 22 36 62 41 26 24 58 59 60 11 37 15 63 45 35 55 30 19 20 28 25 29 32 10 52 14 4 56 42 46 6 47 7 5 61 54 53 2 64 48 57 3 39 9 21 23 33 31 51 8 27 38 1 43 12 49 
51 19 8 27 47 23 55 64 56 39 9 52 5 44 38 30 49 58 32 34 25 24 33 28 53 48 46 6 26 63 17 43 22 11 1 45 13 16 62 31 14 50 15 10 3 36 21 20 37 40 41 59 60 2 42 12 4 57 18 29 35 7 54 61 
35 26 48 9 10 58 37 59 12 60 63 23 27 15 50 29 53 42 57 41 13 47 8 7 62 2 16 55 4 61 40 18 43 3 36 34 21 54 38 33 46 1 51 30 44 11 56 28 49 25 52 5 14 19 45 20 6 22 24 17 32 39 31 64 
45 46 49 54 2 14 3 38 48 28 16 43 21 32 6 35 19 62 1 36 4 44 61 31 41 27 12 59 13 24 58 57 18 29 23 51 25 50 10 8 39 9 34 63 37 55 52 42 53 11 47 22 17 64 26 7 20 60 33 40 30 15 5 56 
56 39 4 20 32 36 24 52 17 45 13 64 14 31 8 46 38 54 43 12 5 29 21 10 42 11 51 33 47 60 22 15 61 7 44 26 2 49 40 37 57 62 25 59 18 19 41 35 50 58 16 1 27 63 30 6 55 3 48 53 23 34 28 9 
29 21 22 61 7 11 33 28 3 25 42 4 51 55 19 10 9 20 40 59 27 30 2 18 49 64 56 54 1 50 44 34 5 39 57 60 58 53 17 15 45 16 12 6 24 31 43 23 8 48 36 38 62 46 35 32 41 26 14 37 63 52 13 47 
43 15 12 5 30 6 42 1 18 53 57 49 40 61 33 7 16 39 26 17 14 51 52 50 31 23 9 36 38 21 37 3 35 48 64 20 63 41 19 32 29 8 47 4 60 27 22 58 34 44 13 54 24 28 55 56 10 2 25 62 45 11 46 59 
63 57 41 62 60 31 25 53 20 54 1 47 37 11 2 34 48 3 56 22 46 23 64 6 5 14 8 52 39 35 45 7 27 28 24 59 30 12 55 9 49 33 32 17 38 26 13 40 10 4 43 29 61 18 51 15 58 19 36 44 21 50 42 16 
17 64 29 59 31 43 2 44 51 56 46 21 54 30 23 25 32 53 38 24 28 4 16 42 55 34 58 41 57 45 13 8 49 60 40 6 47 27 22 50 33 18 35 62 52 12 26 36 15 61 1 20 7 48 19 39 9 10 3 63 5 37 11 14 
50 55 9 35 6 62 32 27 37 57 2 33 47 13 41 48 52 14 11 40 56 3 63 45 7 31 18 39 61 46 20 5 36 51 12 28 34 59 54 26 4 49 64 38 29 24 15 10 44 21 30 43 25 60 53 22 19 16 58 8 42 17 23 1 
52 40 25 57 15 8 36 42 49 18 34 20 29 6 26 55 13 27 19 5 61 41 58 39 28 32 17 35 50 56 60 21 62 37 3 31 1 24 16 48 43 44 22 2 51 9 7 11 4 59 23 63 33 45 14 10 46 47 12 64 38 54 53 30 
30 18 56 51 58 49 48 45 42 64 15 63 32 5 14 39 23 60 10 54 12 33 9 44 11 24 2 26 29 38 52 1 46 4 55 19 43 35 7 41 37 31 8 21 47 25 20 53 27 17 3 16 13 57 28 34 40 6 62 61 50 59 36 22 
54 63 37 60 41 38 11 21 45 24 44 61 62 52 10 58 26 50 47 1 15 7 46 22 3 53 23 43 16 64 12 49 42 18 14 17 33 8 5 25 30 55 48 57 32 59 34 19 40 35 31 56 9 36 6 51 39 20 13 28 2 29 4 27 
46 23 20 22 39 26 34 61 8 1 3 31 38 12 9 60 43 37 25 55 62 6 17 21 63 40 54 4 36 59 48 19 57 52 53 30 29 10 64 2 16 45 13 14 27 56 28 41 11 42 50 32 5 47 49 58 18 44 7 24 51 33 15 35 
19 10 24 13 33 7 5 3 40 27 17 28 22 16 4 53 18 30 48 35 8 36 59 57 51 62 15 44 37 25 47 14 58 63 9 11 39 56 32 20 1 61 42 23 50 54 6 60 38 26 64 2 29 12 41 46 21 34 55 31 49 45 52 43 
1 53 16 4 12 28 47 14 59 19 50 7 11 36 35 43 51 29 34 49 2 31 20 64 22 10 33 27 9 42 30 6 45 21 61 23 38 15 13 44 63 17 58 39 46 3 40 5 55 18 62 37 54 24 8 52 57 32 60 56 41 26 25 48 
2 28 11 64 57 35 39 40 13 58 26 27 19 4 54 21 29 16 49 20 41 38 60 8 1 9 45 46 51 52 59 12 63 36 30 48 24 34 56 22 10 47 37 50 6 44 25 61 62 32 53 18 15 5 7 23 31 43 17 55 33 3 14 42 
20 31 54 50 4 44 16 25 63 48 6 56 34 14 52 62 46 51 9 57 47 11 36 23 2 35 7 64 10 39 42 40 37 32 58 15 3 55 21 18 38 28 43 19 12 17 49 30 1 33 59 24 8 61 22 13 29 41 45 27 53 5 60 26 
38 32 6 56 8 53 7 12 30 61 39 5 25 50 40 17 10 15 45 42 22 2 24 3 14 13 37 19 63 47 33 4 41 20 60 1 64 43 9 49 54 21 46 27 48 57 59 29 28 31 58 11 16 55 36 26 34 62 52 35 18 44 51 23 
58 37 19 15 26 10 30 13 7 8 11 60 42 9 45 49 44 33 27 62 55 1 6 61 29 17 24 22 3 43 23 50 47 25 52 57 59 40 53 5 31 63 18 20 39 35 16 51 48 34 12 14 41 56 54 21 36 4 64 2 46 28 38 32 
9 3 52 45 55 59 1 29 38 31 35 12 64 22 18 28 54 13 7 53 58 32 25 40 60 20 5 34 8 49 27 30 11 19 16 2 23 44 61 51 15 4 26 33 36 41 14 62 43 47 46 10 42 37 17 50 56 63 21 6 24 48 57 39 
41 36 46 21 24 22 27 48 47 37 29 44 59 43 15 23 63 17 12 52 18 34 50 14 26 55 61 57 58 28 31 53 39 62 8 13 10 6 33 35 42 32 60 56 64 5 45 3 51 20 9 4 2 30 38 25 49 11 16 54 7 40 1 19 
5 60 63 49 43 17 18 33 55 3 20 10 2 41 32 51 4 28 21 26 37 64 31 56 48 54 36 11 44 16 62 25 50 12 27 46 7 42 14 38 24 53 9 58 1 52 23 34 6 29 35 45 57 40 39 19 47 30 15 22 8 61 59 13 
34 47 14 42 51 61 62 23 24 16 33 1 57 46 53 36 5 48 59 19 35 43 39 30 6 15 32 18 21 41 38 56 28 26 17 29 31 45 4 54 40 11 55 22 13 7 8 2 60 63 49 64 52 3 44 27 12 50 9 25 20 10 58 37 
23 35 45 24 56 29 8 46 62 12 31 51 52 17 55 16 57 5 33 9 19 58 18 63 13 26 64 40 11 1 50 32 10 34 7 44 22 25 3 14 2 42 21 43 41 49 47 27 59 54 61 28 48 39 4 53 60 38 37 30 36 6 20 15 
59 16 43 1 53 5 52 7 19 47 27 14 13 64 11 18 25 23 51 4 20 26 38 54 8 46 55 37 24 44 10 28 9 17 21 12 49 30 57 58 3 6 31 61 22 32 39 33 35 60 34 15 40 41 29 36 2 56 50 42 48 62 45 63 
60 58 15 26 11 39 51 31 9 46 28 32 8 42 1 5 14 6 61 44 50 13 49 37 27 29 38 20 35 2 43 17 56 53 18 62 41 47 48 36 59 34 10 24 40 63 30 52 12 16 33 57 22 7 3 45 25 55 54 21 19 23 64 4 
64 22 2 36 50 41 6 55 35 23 58 39 60 49 30 20 17 21 53 7 3 16 27 52 18 59 63 42 33 14 61 45 19 1 28 24 15 38 43 29 9 25 54 12 8 48 51 4 46 13 32 47 37 44 56 62 26 31 5 10 34 57 40 11 
4 25 47 18 14 20 21 10 41 44 59 29 3 53 57 56 35 43 2 64 40 48 42 60 15 49 39 62 12 36 34 22 6 8 54 63 61 32 31 52 26 46 1 45 11 50 38 37 23 19 51 30 55 58 24 5 27 9 28 16 17 13 33 7 
12 42 44 63 17 33 49 30 34 15 54 50 48 10 61 24 31 46 36 32 1 22 41 62 47 4 57 25 56 5 9 16 64 40 11 37 60 39 59 45 23 19 7 28 55 20 29 13 52 2 38 6 26 27 21 18 14 53 51 43 3 8 35 58 
27 13 62 38 28 48 19 54 21 2 7 22 63 33 37 40 34 47 55 56 45 39 10 11 52 3 60 23 30 6 53 58 16 35 51 42 50 26 46 4 5 15 44 36 17 18 57 14 20 64 25 31 43 1 9 8 32 29 49 41 59 12 61 24 
57 61 32 3 40 37 9 34 25 4 43 26 6 45 36 38 24 59 8 28 30 15 12 29 19 21 31 7 48 54 51 41 2 33 13 55 20 5 27 23 60 58 16 64 35 53 62 56 17 10 63 42 49 14 50 11 52 1 47 18 22 46 39 44 
37 50 61 58 25 60 38 39 53 22 24 55 46 27 34 47 42 32 16 14 31 54 28 2 40 44 1 8 18 57 11 62 26 30 43 5 17 19 45 13 41 12 33 35 23 51 4 49 9 36 20 21 6 52 64 29 63 59 10 48 15 56 7 3 
32 8 51 47 27 21 57 36 54 11 18 45 15 39 25 42 33 7 17 30 10 5 1 41 50 56 34 14 6 58 49 63 20 38 2 64 16 9 60 46 13 52 59 26 31 40 61 44 24 53 4 48 3 43 23 55 22 37 29 19 28 35 62 12 
14 7 13 31 42 40 28 35 10 63 49 59 41 62 48 8 56 22 24 18 34 61 51 47 45 5 30 21 53 26 3 64 4 23 50 52 32 36 29 39 17 43 20 55 58 46 60 6 19 38 54 25 44 15 12 37 11 33 1 57 16 27 9 2 
49 9 30 29 1 46 43 63 36 7 37 58 31 19 20 3 12 26 13 11 6 27 55 53 17 38 4 51 23 15 41 54 8 61 59 21 35 28 42 62 34 22 56 48 5 64 2 18 32 57 10 39 45 33 60 16 50 14 40 52 47 24 44 25 
22 62 55 48 52 56 64 20 33 14 5 6 12 2 60 50 39 40 58 63 21 57 4 9 37 43 35 10 59 7 19 24 54 15 41 25 11 51 44 1 8 29 36 3 45 42 27 16 26 30 28 17 46 34 61 47 38 18 23 32 13 53 49 31 
10 11 33 2 5 34 4 15 26 30 32 38 23 57 28 1 45 49 60 3 64 52 44 59 16 61 22 47 46 55 29 48 14 27 56 53 12 18 24 63 21 39 19 25 9 62 37 50 13 51 7 8 58 31 40 35 42 54 43 36 6 20 17 41 
24 41 23 44 18 3 59 17 4 43 51 35 9 40 16 13 20 8 15 38 29 25 19 46 36 52 28 12 60 31 2 39 48 22 49 33 6 37 58 10 32 57 14 7 63 47 53 54 56 50 5 27 11 42 62 1 61 21 26 45 64 30 55 34 
16 45 53 19 54 12 26 6 64 21 52 17 56 29 44 61 50 36 62 23 48 35 37 43 32 33 27 13 20 9 25 42 40 57 31 3 55 7 47 34 11 38 28 1 30 15 10 24 2 41 14 49 18 22 59 63 5 58 4 51 39 60 8 46 
31 24 10 12 48 2 23 4 32 49 21 9 39 28 7 14 58 45 44 46 60 18 26 5 64 51 40 15 55 11 8 61 30 54 29 50 19 20 35 42 52 13 62 41 59 16 3 25 22 43 6 36 56 38 34 17 1 27 53 33 37 47 63 57 
42 27 3 43 49 45 41 62 29 40 38 46 17 18 24 54 2 52 63 33 7 10 48 20 39 36 6 56 34 32 26 31 60 13 37 4 5 11 51 64 28 30 57 53 14 1 58 12 21 23 15 55 59 35 47 44 16 25 22 9 61 19 50 8 
53 1 39 46 21 30 17 26 15 20 47 36 35 63 13 6 37 61 31 8 54 50 22 24 25 16 29 3 41 4 7 27 38 49 45 40 52 23 28 56 55 48 5 42 34 33 32 9 64 62 60 19 10 51 2 57 59 12 44 11 14 58 43 18 
13 5 64 28 20 57 14 11 60 42 53 25 61 37 12 45 40 19 6 47 49 9 34 27 38 30 21 48 52 62 24 2 17 59 33 8 18 31 36 43 51 54 50 29 15 22 44 63 3 7 26 58 39 16 1 4 35 46 41 23 56 55 32 10 
36 29 35 34 44 18 61 56 58 26 19 62 50 48 59 31 1 41 39 21 38 12 11 32 57 37 43 60 42 33 54 23 3 55 63 7 14 22 25 16 47 10 17 40 49 8 46 64 5 28 27 53 20 13 52 9 45 24 30 15 4 2 6 51 
8 33 58 40 16 63 54 50 27 41 10 11 55 1 3 22 64 35 42 51 23 62 15 4 59 12 49 9 17 53 5 13 44 47 32 39 46 21 2 57 56 26 6 18 19 60 36 43 45 24 29 61 30 25 37 14 28 7 20 34 52 31 48 38 
25 6 38 55 9 47 22 51 16 52 23 8 4 34 56 44 59 57 30 29 43 17 14 13 58 28 50 63 45 19 35 20 53 41 62 10 48 1 15 27 61 2 11 37 21 39 24 7 31 12 40 46 32 54 18 33 64 49 42 60 26 36 3 5 
7 59 60 52 37 19 15 32 57 5 64 30 33 51 43 2 3 55 28 25 36 56 53 16 44 47 10 1 22 18 14 46 24 9 6 61 26 58 34 12 27 23 45 31 20 4 35 38 42 49 8 50 63 11 48 41 17 40 39 13 54 21 29 62 
21 30 18 10 45 42 20 2 28 38 60 34 24 59 63 9 36 64 50 43 32 8 23 49 35 25 3 16 7 22 4 55 1 31 47 14 57 62 12 17 53 37 27 13 26 58 33 46 54 52 48 40 51 6 15 61 44 39 19 5 11 41 56 29 
48 44 34 7 64 54 56 49 46 50 30 15 43 47 62 37 22 63 4 10 17 14 13 51 9 1 52 58 19 40 39 60 25 2 5 38 36 33 11 21 12 20 41 32 28 61 55 57 29 45 18 3 53 8 27 24 23 42 35 59 31 16 26 6 
61 43 31 17 22 27 29 41 11 55 14 18 7 35 42 12 30 9 52 6 57 19 56 25 10 50 44 2 54 23 28 26 15 46 34 58 53 64 8 24 62 36 40 51 16 38 5 47 33 39 21 13 4 20 32 59 3 48 63 1 60 49 37 45 
6 4 59 53 23 1 63 16 2 33 61 54 36 21 5 19 47 34 20 58 39 60 45 15 56 18 62 24 49 12 57 51 13 44 10 32 27 48 41 28 35 14 3 52 42 29 9 17 30 37 11 7 31 26 46 38 43 64 8 50 40 25 22 55 
28 14 36 33 62 24 35 5 6 10 4 13 45 8 39 27 11 18 3 16 26 46 40 48 20 41 59 61 31 30 15 37 23 42 19 49 56 29 52 60 50 7 2 44 43 34 1 22 63 9 55 12 47 17 25 64 53 51 38 58 57 32 21 54 
11 51 40 37 13 52 58 19 44 29 25 3 53 26 22 57 28 38 5 27 59 21 62 1 33 45 14 32 43 8 64 47 55 16 20 54 9 61 39 30 6 60 63 49 4 23 48 31 41 56 2 35 34 50 10 42 15 17 46 7 12 18 24 36 
39 12 26 32 46 15 60 9 1 17 40 16 49 23 51 52 55 31 41 2 24 42 29 35 21 6 53 38 27 48 63 36 7 43 22 18 37 3 50 59 64 56 30 11 25 45 54 8 58 14 57 44 19 62 5 28 33 13 61 47 10 4 34 20 
55 38 57 8 3 25 50 47 31 32 56 48 20 58 64 41 61 44 54 37 33 53 7 12 34 42 13 29 5 17 46 11 51 45 26 35 40 4 63 6 18 24 39 15 10 21 19 59 16 1 22 23 36 49 43 60 30 28 2 14 62 9 27 52 
44 48 27 25 59 9 12 58 39 6 55 37 1 3 47 4 15 10 23 60 51 40 57 26 43 7 42 5 28 34 36 33 32 56 35 16 62 17 30 61 19 64 38 46 54 13 63 45 18 22 24 41 50 21 11 49 8 52 31 20 29 14 2 53 
3 49 21 14 63 4 10 22 5 34 45 40 28 25 17 11 41 2 29 50 52 37 43 38 46 57 19 31 32 27 56 9 59 64 15 47 51 13 20 7 48 35 23 8 62 30 42 26 36 55 44 33 12 53 16 54 24 61 6 39 58 1 18 60 
62 34 28 30 36 16 40 43 50 59 22 57 58 38 31 64 21 24 18 13 11 55 32 33 61 63 25 45 14 37 1 52 29 5 42 27 8 2 49 53 44 41 4 60 7 6 12 15 39 46 19 26 35 10 20 48 54 23 56 3 9 51 47 17 
15 54 17 23 35 55 13 24 43 62 41 19 16 20 29 63 6 56 46 39 53 59 47 58 12 22 26 30 64 3 18 44 21 50 38 9 28 60 37 11 25 40 52 5 61 14 31 32 7 8 45 51 1 4 57 2 48 36 34 49 27 42 10 33 
47 56 42 11 61 32 46 60 14 35 12 53 44 7 49 33 62 1 64 45 9 28 5 19 4 8 41 50 40 51 16 59 31 58 48 36 54 63 23 55 20 27 24 34 2 10 18 39 25 6 17 52 38 29 13 3 37 15 57 26 43 22 30 21 
18 52 7 6 29 64 31 8 23 13 36 2 10 56 46 32 27 4 14 61 16 63 3 17 54 39 48 49 15 20 21 35 34 24 25 43 44 57 26 19 22 51 53 9 33 37 50 1 47 5 42 60 28 59 58 30 62 45 11 12 55 38 41 40 
33 20 1 41 19 50 45 37 52 51 8 24 30 60 27 26 7 25 35 48 42 49 54 34 23 58 11 53 2 10 55 38 12 6 39 22 4 14 18 3 36 59 29 47 57 43 17 21 61 15 56 62 64 9 31 40 13 5 32 46 44 63 16 28 
26 2 5 39 38 51 53 57 61 9 48 42 18 54 21 15 8 12 22 31 44 20 30 36 24 60 47 17 62 13 6 29 33 10 46 41 45 52 1 40 58 3 49 16 56 28 11 55 14 27 37 34 23 32 63 43 7 35 59 4 25 64 19 50 
################proper############## 

 average_time = 711.367056 

 success runs = 1 

 total average iters = 29832007.000000 
