Success!!! 
 
 max_col = 
 64 
 
 run_time = 
 1240.415431 
 
 once iters = 
 60405635 
 
7 52 2 13 64 22 15 6 33 4 34 19 24 42 17 10 48 35 29 12 51 30 21 16 55 27 43 8 63 39 58 23 31 44 40 32 53 59 3 37 9 56 62 25 14 41 60 61 36 50 45 11 26 18 54 57 46 5 20 38 28 1 47 49 
19 62 4 54 34 44 35 45 61 46 56 36 9 18 39 15 24 2 49 27 40 60 6 25 38 37 1 50 47 29 42 5 64 8 28 52 17 16 21 33 12 11 58 20 51 7 63 43 3 55 22 48 59 30 23 41 57 53 10 13 31 14 32 26 
12 61 57 33 51 11 56 1 41 20 47 44 23 25 16 29 34 50 3 42 31 4 18 38 53 49 40 22 59 60 62 10 9 14 13 27 45 48 35 46 39 28 32 26 54 55 36 30 6 58 21 64 19 37 52 5 8 7 63 43 2 15 24 17 
43 14 40 55 21 31 29 47 26 60 7 30 11 38 8 54 32 13 37 63 59 41 53 64 28 17 4 35 25 9 51 20 58 61 50 24 15 23 1 10 5 6 49 33 42 48 34 57 62 27 56 2 46 16 44 12 36 39 22 19 3 18 52 45 
38 32 50 3 18 16 17 42 40 55 51 59 43 13 27 45 58 26 56 23 62 5 39 28 57 14 11 48 30 24 52 61 12 36 25 29 41 49 54 63 31 15 2 35 19 37 22 46 10 8 7 53 20 47 60 1 21 33 34 4 64 6 44 9 
20 10 49 63 25 53 23 37 35 2 12 62 57 21 31 28 44 19 45 47 11 15 1 9 46 54 3 26 6 64 7 36 39 30 34 18 22 60 4 5 27 29 38 8 50 17 24 52 61 33 32 40 51 14 43 13 41 16 48 59 42 56 58 55 
41 59 24 60 8 9 39 5 53 48 6 37 58 64 32 49 22 54 46 36 43 14 10 52 56 44 2 19 12 16 33 15 26 62 57 51 11 20 55 7 4 3 47 18 13 1 21 45 34 28 31 63 42 29 38 17 61 23 35 40 30 50 27 25 
46 58 26 28 27 36 48 30 22 63 1 14 50 3 5 52 57 17 7 61 33 20 8 55 45 13 34 31 21 18 41 32 42 47 2 19 56 43 6 38 10 59 64 53 23 40 16 44 4 25 24 35 49 9 15 39 60 12 62 51 11 29 54 37 
5 56 52 19 54 21 60 58 31 57 25 16 29 49 41 27 13 9 35 40 26 11 4 42 63 23 39 62 2 30 37 46 53 50 33 61 24 8 38 36 17 45 43 7 44 14 20 6 64 1 51 28 32 15 47 34 18 48 3 12 55 10 22 59 
15 38 22 26 12 33 3 25 34 56 20 58 62 46 52 48 21 60 24 7 23 43 32 47 16 57 18 59 61 13 9 29 55 1 27 4 44 5 37 11 8 30 39 36 35 54 2 51 42 14 63 31 53 19 49 10 50 40 6 17 45 41 64 28 
2 31 6 20 62 59 18 41 36 9 5 10 55 63 35 61 17 28 12 45 52 22 34 30 50 1 44 3 4 38 40 19 51 15 47 21 54 46 58 60 11 25 23 57 37 49 48 64 56 43 8 33 24 13 29 27 7 32 53 39 14 26 42 16 
34 51 32 4 43 8 36 17 47 21 33 40 6 37 2 19 38 53 61 18 3 1 59 49 15 26 10 14 35 27 24 64 57 7 16 45 63 25 62 39 42 31 28 56 41 50 13 5 22 9 52 23 48 20 12 55 44 29 54 60 58 11 46 30 
63 16 35 44 47 57 55 14 7 15 42 51 13 26 54 30 50 39 5 58 10 33 64 36 12 11 20 28 43 48 6 22 3 56 19 49 23 41 40 29 32 62 59 34 53 9 1 38 45 18 60 46 25 2 17 21 4 31 52 24 61 27 37 8 
10 1 53 64 42 7 61 9 44 11 4 45 32 50 24 22 63 14 55 6 19 29 41 48 17 31 58 21 54 25 47 8 43 20 12 59 34 18 28 26 60 52 40 15 27 33 46 3 39 38 62 30 37 35 57 16 56 51 5 49 36 23 2 13 
50 49 28 45 23 30 27 40 8 3 39 60 1 14 59 17 25 62 15 31 16 46 44 37 7 51 55 42 33 53 56 34 13 48 64 2 9 22 52 32 61 18 12 24 63 29 10 58 41 54 36 26 6 5 4 11 35 20 47 21 57 43 38 19 
11 46 37 48 39 29 24 13 38 12 53 23 18 28 43 64 20 51 57 2 56 8 54 27 49 41 52 5 36 32 45 60 14 10 42 30 35 6 17 31 26 19 4 16 22 21 55 47 59 40 3 44 50 58 7 61 9 34 15 1 62 63 25 33 
30 64 41 5 59 4 31 2 29 51 63 3 60 40 23 7 14 49 32 50 38 55 45 10 22 33 36 18 62 35 1 58 54 16 20 12 57 61 26 9 48 34 25 47 21 19 52 27 43 17 28 15 11 46 37 44 6 56 13 42 8 39 53 24 
53 54 56 57 1 37 26 20 49 27 44 46 52 36 11 58 29 24 47 30 17 61 15 41 48 34 12 13 19 8 38 6 21 63 14 7 43 2 10 28 62 39 60 45 31 3 4 33 9 64 40 22 55 25 5 42 23 35 16 32 59 51 18 50 
33 23 12 14 32 17 52 7 16 42 43 35 26 8 1 34 60 6 19 13 21 39 58 22 31 61 9 25 53 5 2 30 44 41 18 50 55 36 11 47 59 57 46 40 20 10 51 15 24 49 38 56 27 45 62 29 37 64 28 3 4 54 48 63 
21 40 29 8 35 24 16 15 39 19 57 2 45 10 18 6 54 12 34 44 5 7 3 4 37 46 14 64 41 20 49 26 59 53 17 23 42 62 30 27 50 22 63 28 55 43 56 9 13 51 61 52 47 32 48 58 38 25 11 31 33 60 1 36 
44 3 11 58 61 49 50 39 62 54 55 48 56 32 21 12 23 18 31 28 53 59 25 26 51 63 27 47 45 57 29 42 37 40 46 5 8 33 22 52 64 36 13 38 30 24 7 17 1 16 10 6 14 60 35 4 34 41 43 2 20 19 9 15 
27 28 60 46 22 55 13 48 30 31 14 17 53 24 15 4 64 57 63 9 20 62 36 11 43 32 21 10 3 23 39 40 25 35 45 1 38 56 34 51 2 37 6 44 26 42 54 16 8 19 50 18 12 33 41 59 29 61 58 5 49 52 7 47 
36 47 51 43 6 45 25 38 59 5 22 41 61 9 64 13 2 33 52 46 42 48 37 56 24 4 28 55 11 50 44 16 32 19 60 15 39 3 29 49 58 35 53 14 18 23 8 1 54 21 30 20 34 31 63 7 40 57 17 10 27 12 26 62 
18 34 63 62 9 10 42 19 25 37 50 28 47 33 20 38 1 16 51 8 27 40 35 43 60 59 56 15 52 7 54 17 4 58 6 13 31 64 24 48 41 5 11 61 29 32 49 12 26 3 2 36 57 39 53 23 30 45 55 22 21 44 14 46 
28 60 31 25 37 46 59 56 52 38 40 5 19 12 48 24 7 32 2 21 4 18 55 13 34 9 35 49 14 36 15 45 47 64 23 6 3 39 42 43 20 51 50 58 10 57 30 8 11 44 33 17 1 41 16 62 26 63 29 53 54 22 61 27 
13 7 48 2 17 32 41 34 37 29 60 20 30 1 62 11 26 38 54 24 15 27 22 58 47 10 59 40 8 55 23 56 19 12 52 44 33 45 16 53 3 63 42 5 49 31 28 36 57 35 18 43 39 61 6 46 64 14 50 9 25 21 4 51 
9 11 5 53 45 23 33 36 21 22 13 6 31 58 34 2 43 30 20 52 61 12 28 35 29 38 32 16 46 62 60 50 24 57 8 26 49 63 51 59 7 4 55 39 25 18 27 37 47 48 42 14 3 54 56 64 10 15 19 41 1 40 17 44 
42 27 18 51 29 14 21 55 28 33 41 56 39 57 49 44 8 36 23 53 60 64 47 19 20 52 61 12 26 1 63 7 40 4 30 62 10 50 48 22 54 17 35 43 16 2 9 24 15 5 58 38 13 59 25 31 32 46 37 45 6 34 3 11 
35 24 38 1 44 43 22 50 32 36 18 9 7 23 63 59 31 10 40 16 46 3 62 51 33 64 37 58 39 54 17 4 27 25 11 41 60 13 15 61 53 26 14 21 6 56 47 29 55 52 34 12 30 28 19 45 48 42 49 57 5 8 20 2 
16 6 58 39 40 52 19 26 54 17 3 47 35 4 55 42 49 63 44 59 50 45 57 5 25 18 41 2 51 11 27 53 34 31 32 46 21 37 14 1 15 61 22 64 62 12 38 48 29 60 20 8 10 24 9 36 28 13 56 33 7 30 23 43 
61 4 10 47 3 63 62 57 45 8 64 15 51 53 50 16 42 34 17 14 41 25 33 29 21 30 5 43 24 6 48 13 38 54 55 56 28 9 20 2 1 44 19 60 52 46 11 32 37 7 23 27 40 26 22 49 12 59 36 35 18 58 39 31 
8 20 15 49 30 64 12 54 10 26 61 27 46 43 25 14 39 37 1 11 48 9 56 6 44 42 19 57 22 28 31 3 36 17 29 35 5 58 7 18 23 33 45 41 40 34 59 13 21 2 4 50 63 53 51 32 24 47 60 55 52 62 16 38 
57 36 30 29 5 2 38 43 51 39 26 61 14 31 13 37 19 59 25 35 22 34 42 40 23 8 62 52 48 44 64 24 41 6 7 60 12 4 53 3 33 54 15 49 17 45 50 11 16 46 47 1 9 21 20 28 63 55 18 27 56 32 10 58 
51 25 45 10 46 54 44 31 9 40 35 55 17 20 47 60 28 52 33 4 24 32 43 12 5 53 38 56 18 14 61 39 16 49 1 42 37 29 50 15 63 23 36 22 8 62 26 19 7 41 59 13 58 27 11 6 3 30 2 48 34 57 21 64 
1 22 64 18 11 20 49 21 42 10 24 33 54 7 45 53 61 5 9 57 14 50 27 15 35 6 29 34 17 63 59 2 62 43 58 38 40 31 23 55 46 16 51 3 60 25 37 56 32 39 48 19 44 4 36 30 52 28 8 26 13 47 12 41 
24 41 62 34 55 28 14 23 50 1 48 49 25 11 22 18 56 3 36 64 6 63 16 39 13 40 31 4 20 37 46 21 5 32 44 54 30 27 8 19 57 38 10 9 43 47 58 2 53 26 35 42 52 12 61 51 59 17 7 15 29 33 45 60 
3 42 16 17 52 60 58 35 43 41 23 29 12 59 6 8 30 20 38 26 7 54 11 45 32 55 50 33 10 15 28 27 63 22 24 47 2 57 36 13 44 21 48 1 61 39 5 4 25 31 14 37 18 64 34 56 51 19 9 62 53 46 49 40 
48 33 61 40 63 6 32 53 57 62 36 52 27 16 28 5 46 55 21 37 8 13 17 2 26 47 42 54 60 58 19 41 11 9 59 10 51 35 56 14 18 24 20 12 34 30 64 7 49 29 43 3 15 23 45 38 1 22 44 25 39 31 50 4 
56 37 47 50 26 39 9 4 63 64 2 32 15 19 44 46 53 29 58 51 1 10 49 62 30 16 25 45 7 3 12 57 20 18 21 48 52 34 33 17 13 41 31 27 59 6 42 28 5 22 54 55 60 40 24 8 43 11 14 36 23 38 35 61 
59 19 27 12 13 15 7 8 4 30 21 34 38 56 58 3 47 48 18 41 44 23 60 31 9 43 49 36 1 51 22 11 61 28 39 64 46 26 45 25 55 40 52 29 32 35 53 14 33 10 17 57 62 50 2 63 5 54 24 20 16 37 6 42 
54 21 17 36 28 58 2 64 15 32 9 18 3 22 61 50 33 56 48 43 34 37 40 53 27 5 51 41 13 26 4 59 60 46 62 31 29 55 47 16 25 8 44 30 38 11 35 49 52 24 57 7 45 6 14 20 39 1 12 23 19 42 63 10 
14 12 3 61 24 18 8 52 23 16 37 63 59 39 40 51 9 7 60 1 47 36 29 21 42 58 22 32 56 2 55 28 35 45 38 11 19 44 49 54 34 20 26 50 33 13 41 10 46 53 64 25 17 62 27 15 31 43 4 30 48 5 57 6 
40 50 55 35 7 56 51 63 17 45 54 42 5 29 26 41 6 22 11 49 57 44 30 20 39 48 33 38 64 46 8 14 28 13 36 43 25 10 12 21 19 60 9 52 58 27 61 18 31 23 1 47 4 34 32 3 62 2 59 37 24 16 15 53 
32 45 1 6 16 27 34 49 56 35 30 25 33 62 4 47 10 58 14 5 28 26 13 63 61 7 23 24 57 43 36 52 48 59 15 9 50 40 41 42 22 2 17 54 64 53 12 31 19 37 29 39 8 44 21 18 55 60 38 46 51 20 11 3 
29 26 23 41 15 47 11 60 13 53 10 21 28 48 46 36 4 45 50 17 39 2 19 3 6 20 63 1 44 31 25 35 8 37 22 34 14 24 18 57 43 7 56 42 5 16 62 55 12 30 49 59 38 51 33 9 58 27 61 54 32 64 40 52 
62 5 59 37 4 48 57 33 1 58 8 11 44 34 12 31 16 41 27 38 35 42 61 23 54 19 45 9 50 49 30 18 56 52 53 17 64 32 63 20 6 46 3 51 24 15 14 39 2 36 55 10 43 22 40 60 47 21 25 7 26 13 28 29 
25 39 9 30 38 13 53 22 24 43 19 57 2 60 7 20 18 46 64 55 54 31 52 59 10 12 16 37 15 17 3 62 33 27 5 58 4 51 61 6 29 32 1 23 47 28 40 21 50 63 11 41 35 48 42 26 14 36 45 34 44 49 8 56 
31 43 44 42 20 19 46 10 64 6 52 38 49 27 14 55 62 25 8 15 12 51 24 32 11 60 53 29 40 34 21 47 2 23 26 3 7 1 39 30 37 48 57 63 4 36 45 59 58 61 13 5 16 56 28 54 17 18 41 50 9 35 33 22 
26 48 54 31 50 12 5 51 60 49 58 39 34 61 42 56 35 43 4 29 13 21 14 24 36 45 46 63 16 19 57 33 18 55 41 37 20 47 32 23 30 10 27 6 7 52 15 25 17 11 44 9 22 3 64 53 2 8 40 28 38 59 62 1 
45 15 46 38 49 35 64 27 3 47 31 50 16 55 36 9 5 44 6 34 37 58 26 61 4 62 7 17 29 40 18 12 30 2 56 22 1 53 25 8 24 43 33 13 11 59 57 23 28 32 19 21 54 52 39 14 42 10 51 63 41 48 60 20 
4 8 25 23 19 61 47 44 2 7 28 22 64 51 37 33 59 31 53 54 45 57 20 17 3 21 48 60 27 52 14 55 6 42 9 63 13 15 43 50 40 1 16 32 46 38 39 26 35 62 41 34 5 49 10 24 11 58 30 29 12 36 56 18 
52 30 7 16 56 40 6 3 14 59 11 1 8 5 38 57 15 23 22 32 9 49 50 60 41 39 64 53 34 42 13 43 10 29 48 28 62 19 44 24 45 47 37 4 2 20 31 54 51 12 27 58 36 63 18 25 33 26 21 61 46 17 55 35 
39 18 13 21 53 42 63 11 27 24 15 12 48 35 29 26 36 64 10 62 55 16 2 46 59 22 54 51 49 47 20 9 17 5 31 40 61 38 57 58 56 14 41 19 28 44 3 60 30 4 6 45 33 1 8 43 25 50 32 52 37 7 34 23 
17 9 36 59 58 1 20 62 18 44 32 43 41 6 53 25 52 11 39 56 30 19 51 7 8 50 24 23 28 10 26 37 49 33 4 16 27 14 64 34 21 42 61 48 12 63 29 35 38 15 46 60 2 55 31 40 13 3 57 47 22 45 5 54 
60 55 33 32 57 34 10 28 19 23 45 4 21 54 30 40 41 1 42 3 63 47 48 18 2 25 15 44 58 61 5 38 52 51 35 39 26 11 46 12 49 64 8 62 36 22 17 50 20 13 16 29 56 7 59 37 53 24 27 6 43 9 31 14 
22 2 43 24 14 41 37 29 46 52 62 13 20 17 10 63 40 27 28 33 25 38 12 8 1 35 30 6 32 56 11 31 7 21 3 36 59 54 60 45 51 53 5 55 9 58 18 34 48 57 26 61 23 42 50 47 16 49 64 44 15 4 19 39 
47 29 42 9 60 38 54 16 20 34 27 64 22 52 3 43 11 4 41 39 58 6 23 33 19 2 57 7 5 21 35 1 45 26 37 14 18 17 31 62 28 55 30 10 48 51 25 53 40 59 12 49 61 8 13 50 15 44 46 56 63 24 36 32 
58 63 34 11 36 26 30 32 5 13 17 31 10 45 51 35 12 61 59 48 18 24 9 57 14 28 6 20 55 22 53 25 1 39 49 33 47 52 27 64 16 50 29 46 15 60 44 41 23 56 37 62 7 38 3 19 54 4 42 8 40 2 43 21 
6 57 39 56 41 25 43 24 48 18 46 53 40 30 19 62 55 21 13 20 32 28 5 44 52 29 47 11 42 33 50 49 15 60 61 8 36 12 59 35 14 58 54 37 45 64 23 63 27 34 9 4 31 10 1 2 22 38 26 16 17 3 51 7 
64 13 8 22 2 51 28 59 6 25 16 26 42 15 57 23 27 40 62 10 49 17 63 1 58 36 60 46 38 4 34 44 50 11 54 55 32 7 9 56 52 12 21 31 3 61 33 20 14 45 5 24 41 43 30 35 19 37 39 18 47 53 29 48 
49 53 14 7 33 5 40 12 55 50 38 8 63 2 56 21 37 47 26 60 64 52 31 34 62 15 17 27 9 41 43 51 29 3 10 25 16 42 19 44 36 13 24 59 1 4 32 22 18 20 39 54 28 11 46 48 45 6 23 58 35 61 30 57 
55 44 20 52 48 3 1 18 12 61 49 24 37 41 60 32 51 42 30 25 36 35 46 14 64 56 26 39 31 45 10 54 23 34 43 53 6 21 13 4 38 9 7 2 57 8 19 40 63 47 15 16 29 17 58 22 27 62 33 11 50 28 59 5 
37 35 21 27 31 62 45 46 11 28 59 54 4 44 33 39 3 15 16 19 29 53 7 50 40 24 8 61 23 12 32 48 22 38 63 57 58 30 2 41 47 49 18 17 56 5 43 42 60 6 25 51 64 36 26 52 20 9 1 14 10 55 13 34 
23 17 19 15 10 50 4 61 58 14 29 7 36 47 9 1 45 8 43 22 2 56 38 54 18 3 13 30 37 59 16 63 46 24 51 20 48 28 5 40 35 27 34 11 39 26 6 62 44 42 53 32 21 57 55 33 49 52 31 64 60 25 41 12 
################proper############## 

 average_time = 1240.415431 

 success runs = 1 

 total average iters = 60405635.000000 
