Success!!! 
 
 max_col = 
 64 
 
 run_time = 
 1012.255086 
 
 once iters = 
 39945673 
 
7 52 2 13 64 23 15 6 24 4 34 19 33 42 17 10 48 35 29 12 3 30 22 16 55 27 51 21 63 39 58 11 31 44 40 32 53 59 37 20 9 56 54 25 14 41 60 61 36 50 45 8 43 18 62 57 46 5 38 28 26 1 47 49 
19 62 61 54 34 58 4 45 27 46 56 52 16 18 39 43 24 2 49 55 40 60 6 25 12 37 41 50 47 15 26 5 64 30 35 1 17 36 21 33 29 44 8 20 42 51 28 63 3 22 9 48 59 11 23 38 57 53 10 13 31 14 32 7 
9 49 44 33 51 11 56 1 41 20 47 23 14 63 61 58 57 50 42 19 31 4 34 36 53 38 46 22 59 60 62 40 48 28 45 27 18 16 13 10 30 12 7 26 39 55 32 2 6 25 21 64 54 37 52 5 8 15 3 43 35 29 24 17 
43 14 40 10 38 31 55 47 26 60 64 30 1 7 15 8 32 13 37 63 59 41 53 51 28 17 4 35 25 18 42 20 11 61 50 24 9 23 3 58 5 6 49 33 62 48 34 57 29 27 56 2 46 16 44 12 36 39 22 52 21 19 54 45 
21 32 50 3 35 16 17 42 38 48 51 11 59 40 36 45 18 26 27 23 62 47 39 28 57 14 56 13 30 24 52 61 12 8 25 29 41 49 54 5 31 15 58 43 19 37 22 46 10 55 7 53 20 63 60 1 2 33 34 4 64 6 44 9 
20 22 18 63 30 53 29 37 35 2 12 62 57 21 31 28 44 8 45 15 11 5 1 9 43 54 3 10 6 64 7 36 47 14 34 46 19 60 39 4 27 59 38 40 50 17 24 52 61 33 51 32 41 26 49 13 25 16 48 42 23 56 58 55 
41 59 24 60 8 12 39 5 53 54 13 9 25 49 6 44 64 56 46 38 43 10 21 52 48 23 2 19 29 16 33 32 26 62 57 51 22 15 55 7 4 3 36 18 47 1 35 45 34 28 14 58 31 30 42 17 61 11 63 40 37 50 27 20 
46 57 25 28 27 36 48 26 22 29 55 37 50 3 5 32 14 17 7 61 33 20 54 58 45 9 34 31 49 44 8 1 38 42 2 52 56 43 6 63 10 13 64 53 23 11 21 16 4 19 24 35 40 47 15 39 60 12 62 51 18 41 59 30 
5 56 52 58 54 21 60 25 31 57 20 2 29 38 41 33 13 9 51 24 26 16 4 7 49 48 39 42 35 23 37 43 53 50 30 63 40 8 44 36 17 45 46 62 59 14 27 6 64 1 61 28 32 15 47 34 18 55 19 12 3 10 11 22 
15 36 49 26 12 33 3 44 34 56 39 58 62 46 52 48 38 60 40 22 54 43 32 47 7 57 18 59 61 21 9 29 55 37 27 4 13 5 1 11 8 30 28 2 35 23 25 51 20 14 63 31 53 19 41 10 50 42 6 24 45 17 64 16 
2 11 6 64 62 59 18 41 49 9 63 10 55 23 35 16 17 28 12 45 52 1 8 30 36 34 44 3 4 38 40 19 58 15 47 21 54 46 61 60 22 31 43 57 37 50 48 20 42 5 29 56 24 13 51 27 7 32 53 39 14 33 26 25 
38 51 32 55 43 8 31 17 36 21 6 40 47 37 27 19 34 53 61 18 35 33 59 11 15 26 10 2 50 63 24 64 57 25 16 45 20 39 62 14 42 7 4 56 41 49 13 5 30 9 52 23 48 22 12 3 44 29 54 60 1 58 46 28 
63 16 35 37 47 57 34 14 7 15 42 51 18 26 13 30 62 39 50 58 10 44 64 48 22 11 20 28 5 55 6 33 3 56 19 49 23 41 17 29 32 36 12 24 53 9 1 38 45 54 60 46 25 21 43 2 4 31 52 59 61 27 40 8 
10 1 53 20 42 7 61 9 44 11 4 45 32 50 24 22 63 14 3 6 19 29 41 55 46 31 27 8 17 25 47 30 43 12 18 59 34 48 28 26 60 52 40 15 54 21 64 58 57 38 62 37 39 35 33 16 56 51 5 49 36 23 2 13 
50 19 28 45 23 30 27 40 8 3 1 60 5 14 59 54 25 21 15 31 42 46 49 37 13 62 12 51 53 58 56 16 9 7 64 2 24 22 52 32 61 29 44 34 63 39 10 33 17 18 36 26 6 55 4 11 35 20 47 57 41 43 38 48 
29 46 4 48 39 22 24 13 61 12 53 17 28 25 43 64 20 23 57 2 5 56 36 27 1 52 54 14 41 32 45 60 10 33 42 38 35 6 51 31 26 11 18 16 3 19 55 47 59 40 8 44 50 58 7 49 9 34 15 21 62 63 30 37 
30 64 41 5 59 4 42 39 29 51 25 3 60 55 49 7 50 38 32 20 56 40 10 6 31 33 36 18 62 35 1 53 54 16 14 12 63 2 45 9 48 19 23 47 34 58 15 27 43 17 28 11 61 46 37 44 21 26 13 22 8 52 57 24 
53 54 56 1 22 37 26 20 2 27 44 63 23 36 46 12 29 24 47 42 17 61 58 14 38 13 11 34 19 8 49 55 21 57 52 7 43 18 10 28 33 39 60 45 6 3 31 4 41 64 48 15 62 25 5 40 30 35 16 32 59 51 9 50 
33 23 12 14 32 17 52 7 16 40 43 35 15 8 1 34 60 31 19 13 21 39 11 18 6 59 9 61 56 5 44 22 46 27 36 26 55 62 41 47 37 57 25 63 20 10 51 30 58 49 50 24 42 45 53 29 28 64 2 3 4 54 48 38 
62 2 29 8 60 24 16 15 39 19 57 38 45 10 18 6 54 49 34 5 12 7 3 4 32 46 14 40 23 20 48 26 59 53 44 11 42 64 30 17 50 22 41 28 21 61 56 43 13 51 35 52 47 9 27 55 63 25 58 31 33 37 1 36 
44 31 11 21 3 49 50 28 62 47 33 48 56 32 54 52 23 45 55 27 53 59 25 26 24 63 37 30 58 2 29 42 22 40 51 5 8 61 35 19 64 9 13 38 46 36 7 17 1 16 10 6 14 60 57 4 34 41 43 18 20 39 12 15 
27 40 48 46 61 55 13 19 30 31 17 14 58 24 11 4 35 57 16 9 28 64 15 22 51 41 21 47 3 43 39 10 25 20 23 37 38 56 34 50 2 62 52 44 26 42 54 1 8 36 32 18 12 33 63 59 29 45 60 5 49 53 7 6 
36 58 51 43 6 45 25 38 59 42 22 41 61 9 26 13 2 33 52 46 63 48 37 44 16 4 28 57 12 50 64 27 29 1 60 15 39 3 32 49 55 5 53 14 18 24 8 35 19 21 30 20 34 31 54 7 40 56 17 10 11 47 23 62 
18 34 57 47 9 10 35 63 64 37 50 28 21 5 20 53 1 62 41 8 30 36 51 43 60 25 45 15 52 7 54 17 4 58 6 13 31 33 24 48 40 16 11 59 29 32 49 12 56 3 2 22 23 39 38 26 19 61 42 55 27 44 14 46 
28 4 37 9 7 46 59 56 52 63 40 12 19 33 48 35 39 32 24 21 64 18 55 13 34 60 30 5 14 36 15 45 42 31 49 6 3 53 26 54 20 51 50 23 10 57 2 8 11 44 38 17 1 41 16 62 47 43 29 25 58 22 61 27 
35 61 14 2 17 13 30 34 37 8 60 20 51 1 62 11 26 12 54 16 58 27 47 46 40 10 59 38 22 53 41 7 23 43 55 44 33 45 15 52 3 25 42 5 49 31 63 36 28 29 18 39 57 32 6 24 64 48 50 9 56 21 4 19 
11 60 5 62 45 40 33 36 54 22 21 6 31 58 34 49 43 30 20 7 61 14 28 15 29 32 52 48 2 9 17 50 24 19 8 57 25 63 38 59 56 4 55 39 27 18 16 37 47 35 42 13 3 23 26 64 10 1 51 41 12 46 53 44 
42 27 55 51 29 18 21 57 28 30 41 56 39 64 2 23 8 36 53 60 44 52 19 38 33 20 61 12 26 1 63 47 14 4 46 62 10 50 48 22 54 17 35 58 13 7 9 24 15 43 5 40 49 59 25 31 32 3 37 45 6 34 16 11 
25 24 38 15 44 43 22 50 32 36 9 42 7 57 16 59 31 10 6 51 4 3 62 2 37 64 35 58 46 54 23 39 27 41 11 18 60 13 40 61 53 26 14 21 1 45 47 29 55 56 34 12 30 48 19 52 33 28 49 17 5 8 20 63 
16 6 31 39 53 52 19 58 55 17 3 47 24 4 29 38 49 63 23 59 50 45 57 5 25 18 8 11 51 62 27 56 34 64 32 35 21 37 2 1 15 28 22 41 43 12 44 48 46 60 20 33 10 61 9 36 26 13 40 14 7 30 42 54 
3 26 10 23 63 1 32 48 45 53 14 15 44 13 50 5 42 34 17 40 41 25 33 29 21 55 6 43 24 49 57 4 16 47 28 56 12 9 20 30 62 60 19 61 52 46 11 64 37 7 58 27 51 54 22 8 38 59 36 35 2 18 39 31 
8 20 47 49 41 64 12 54 10 26 61 27 46 43 25 18 22 37 1 11 48 9 56 35 44 42 19 16 13 28 31 3 36 17 29 39 5 58 7 51 38 33 32 6 40 30 59 34 50 2 4 14 63 53 45 21 24 52 23 62 55 60 15 57 
51 3 30 41 5 56 38 43 57 7 26 36 13 31 45 37 59 44 10 35 22 34 42 40 64 8 62 63 21 29 60 24 19 6 39 61 2 4 53 12 52 54 15 49 55 16 50 11 25 48 47 1 9 14 17 28 23 46 18 27 32 20 33 58 
40 25 7 19 46 54 44 31 9 61 35 18 17 20 47 39 28 52 33 4 51 32 43 12 5 53 15 56 36 14 59 13 49 10 1 42 45 29 50 3 63 23 2 22 8 62 26 60 16 58 41 38 27 24 11 6 48 30 55 37 34 57 21 64 
1 18 64 59 11 20 49 21 42 10 24 33 54 53 63 25 7 5 9 57 14 15 27 50 35 6 38 52 39 48 61 2 62 22 58 16 28 31 23 55 46 34 51 3 45 43 37 56 32 4 40 19 44 29 36 30 41 47 8 26 13 12 17 60 
24 47 62 34 50 28 14 23 51 1 48 49 6 11 22 60 56 3 36 64 25 63 16 39 41 40 31 4 20 37 55 46 5 32 13 54 30 27 8 43 57 38 10 17 44 33 58 19 21 26 53 42 52 12 18 61 59 9 7 15 29 35 45 2 
32 42 16 17 52 60 58 35 43 41 5 29 12 59 8 55 46 20 30 26 23 54 2 45 27 44 50 33 11 57 18 34 63 36 24 47 15 7 14 38 39 21 48 1 61 6 4 9 22 31 13 62 37 64 10 56 51 19 25 53 28 49 3 40 
48 33 63 29 36 6 2 8 40 62 23 32 27 16 28 14 61 55 21 37 38 13 60 53 17 47 42 54 10 26 19 58 44 9 59 41 51 35 56 57 18 24 30 12 25 64 5 7 49 46 43 3 15 34 20 45 1 22 11 50 39 31 52 4 
57 37 22 53 26 39 9 4 19 50 2 46 64 56 44 15 6 29 58 49 1 11 17 62 30 16 25 45 7 3 12 23 20 18 21 48 52 34 33 40 13 41 31 27 32 47 42 28 5 59 54 55 60 8 35 51 43 63 14 36 24 38 10 61 
61 45 27 12 13 15 10 55 4 52 58 34 38 30 21 3 47 48 18 41 8 19 24 31 9 43 49 32 1 51 22 28 37 60 17 64 46 26 11 25 59 40 20 29 36 35 53 14 33 23 39 57 7 50 2 63 6 54 44 56 16 5 62 42 
54 13 17 36 20 9 5 2 15 32 18 21 3 28 64 50 16 19 48 43 34 37 40 56 63 51 33 41 31 11 4 59 61 46 62 58 44 55 47 27 25 35 1 30 60 22 38 49 52 24 57 7 45 6 29 42 39 14 12 23 53 26 8 10 
14 12 3 44 24 27 8 52 23 16 37 61 11 39 40 51 30 7 60 1 47 55 29 21 42 58 22 26 43 13 28 54 35 45 38 19 50 10 36 2 34 20 6 64 33 63 41 18 9 53 59 25 17 62 56 15 31 57 4 46 48 32 49 5 
56 50 15 35 55 41 51 30 63 45 54 44 9 29 42 24 36 22 38 53 57 12 18 20 39 5 60 49 64 46 3 14 28 13 31 43 48 25 16 21 7 8 17 52 58 27 61 10 26 34 1 47 11 4 32 23 62 2 59 6 19 40 37 33 
34 38 1 6 25 32 53 49 17 35 46 5 30 62 4 47 10 58 14 33 15 26 45 63 61 50 23 24 48 27 36 52 41 59 20 9 11 40 29 42 19 2 57 54 16 28 12 31 39 37 64 43 8 44 21 18 55 60 56 7 51 13 22 3 
31 21 23 16 40 47 11 60 13 38 10 59 53 48 56 36 4 6 2 17 39 28 9 3 20 7 32 1 44 45 25 35 8 49 22 34 57 24 18 15 43 37 26 42 5 29 62 55 12 30 46 50 19 51 14 33 58 27 61 54 52 64 63 41 
37 43 59 57 4 48 7 33 25 58 8 22 26 34 12 31 5 41 35 50 49 42 61 23 47 19 16 9 18 6 30 62 56 52 54 17 64 32 63 53 44 46 3 51 24 15 14 39 2 10 55 36 13 27 40 60 45 21 20 1 38 11 28 29 
26 39 45 61 18 29 62 22 1 43 19 57 2 60 7 20 11 46 64 52 27 31 13 59 10 12 55 37 15 17 38 8 33 3 5 30 14 51 4 6 23 32 56 50 9 53 40 21 54 63 49 41 35 28 48 58 16 36 24 34 44 42 25 47 
64 63 58 42 28 19 46 10 33 6 52 55 49 27 14 41 51 25 8 54 24 62 44 32 56 2 53 29 40 34 21 57 39 23 26 60 7 1 12 37 11 48 47 36 4 13 45 59 38 61 22 5 16 3 31 20 17 18 35 30 9 15 50 43 
12 48 26 31 21 5 20 51 18 49 7 39 34 61 10 56 15 54 4 29 13 2 14 24 50 45 58 62 16 19 43 41 30 55 33 53 37 47 42 23 6 63 27 60 17 52 46 25 35 11 44 9 22 40 64 32 3 8 28 38 57 59 36 1 
45 15 9 38 16 35 64 27 3 5 31 50 52 6 55 29 53 18 44 47 37 58 26 61 4 30 7 17 28 40 14 12 32 2 56 22 1 20 25 34 24 43 33 13 11 59 57 23 62 8 19 21 36 49 39 46 42 10 41 63 54 48 60 51 
4 7 54 50 19 61 47 53 11 64 28 25 22 51 37 42 33 59 5 36 45 57 20 17 3 21 48 60 27 52 46 6 15 63 9 10 49 44 43 8 35 1 16 32 31 38 39 26 14 13 23 34 55 2 24 41 12 58 30 29 40 62 56 18 
23 28 33 18 56 44 41 3 14 59 15 1 8 12 38 57 40 43 22 32 16 49 50 60 26 39 64 53 34 42 13 9 6 29 48 31 62 19 58 24 45 47 37 7 2 20 36 54 51 52 27 63 5 10 30 25 11 17 21 61 46 4 55 35 
13 8 46 52 49 42 63 11 60 24 27 16 48 35 19 26 21 64 31 62 55 51 30 10 59 22 29 36 54 47 20 18 17 5 41 40 61 38 57 39 58 14 9 4 28 44 3 15 53 12 6 45 33 56 1 43 37 50 32 2 25 7 34 23 
17 30 36 40 58 25 1 62 47 44 32 43 41 2 53 9 52 11 39 56 46 23 63 19 8 49 24 55 57 10 51 37 18 35 4 28 27 14 64 16 21 42 61 48 12 34 29 50 31 15 3 60 38 7 59 54 13 6 33 20 22 45 5 26 
39 55 60 32 57 34 6 59 21 23 45 4 36 54 30 40 41 1 25 3 7 35 48 42 2 15 63 44 33 61 5 38 52 51 12 50 26 11 46 13 49 10 62 8 64 56 19 22 18 20 16 29 58 17 28 37 53 24 27 47 43 9 31 14 
22 10 43 24 14 2 37 29 46 33 62 13 20 17 58 63 9 27 28 34 6 38 12 8 23 35 1 25 32 56 11 31 7 21 3 36 59 54 60 45 51 53 5 55 30 40 18 41 48 57 26 61 4 42 50 47 52 49 64 44 15 16 19 39 
47 9 42 30 1 38 54 16 20 34 36 64 43 52 3 27 58 4 56 39 60 6 23 49 11 61 57 7 8 31 35 21 45 26 37 14 29 17 22 62 28 55 59 19 51 25 33 53 40 41 12 10 2 5 13 50 15 44 46 48 63 24 18 32 
58 41 34 11 15 26 36 32 5 13 59 31 10 45 51 17 12 61 63 30 18 24 35 57 14 28 40 6 55 22 53 25 1 39 7 33 47 52 27 64 16 50 29 46 48 60 20 44 23 62 37 49 56 38 3 19 54 4 9 8 42 2 43 21 
6 29 13 56 37 51 43 24 48 18 30 53 40 15 57 62 55 16 11 44 2 21 5 64 52 1 47 46 42 33 50 49 60 54 61 3 36 12 59 41 14 58 63 10 7 26 23 32 27 39 31 4 28 20 8 9 22 38 45 19 17 25 35 34 
60 44 8 22 2 63 28 64 6 25 16 24 42 19 23 46 27 40 62 10 9 17 52 1 58 36 5 20 38 4 34 51 50 48 53 55 32 57 49 56 41 18 21 31 15 54 30 13 7 45 11 59 26 43 61 35 14 37 39 33 47 3 29 12 
49 53 39 7 33 14 40 12 56 55 38 8 63 22 60 21 37 47 13 28 20 50 31 34 62 29 43 27 9 41 2 15 51 11 10 25 16 42 19 44 36 64 45 35 57 4 52 3 24 32 17 54 18 1 46 48 5 23 26 58 30 61 6 59 
55 5 20 4 48 3 45 18 12 39 49 7 37 41 32 2 19 42 59 25 36 22 46 33 54 56 26 64 60 30 10 44 13 34 43 23 6 21 31 35 1 61 24 9 38 8 17 40 63 47 15 16 29 52 58 14 27 62 57 11 50 28 51 53 
59 35 21 27 31 62 57 46 50 28 11 54 4 44 33 61 3 15 26 14 29 53 7 41 19 24 17 23 45 12 32 48 2 38 63 8 58 30 9 18 47 49 39 37 56 5 43 42 60 6 25 51 64 36 34 22 20 40 1 16 10 55 13 52 
52 17 19 25 10 50 23 61 58 14 29 26 35 47 9 1 45 51 43 48 32 8 38 54 18 3 13 39 37 59 16 63 40 24 15 20 4 28 5 46 12 27 34 11 22 2 6 62 44 42 33 30 21 57 55 53 49 7 31 64 60 36 41 56 
################proper############## 

 average_time = 1012.255086 

 success runs = 1 

 total average iters = 39945673.000000 
