Success!!! 
 
 max_col = 
 64 
 
 run_time = 
 908.029820 
 
 once iters = 
 39621345 
 
41 19 21 15 11 38 52 60 37 35 44 63 16 9 55 20 18 53 34 42 33 5 49 27 22 54 14 57 10 24 31 8 58 23 1 40 45 4 36 26 25 61 12 62 3 30 59 47 28 2 39 29 32 51 17 7 48 50 43 46 56 64 6 13 
17 7 4 64 12 18 23 29 6 32 58 59 40 13 56 26 44 57 20 50 43 36 19 41 39 1 63 49 5 47 42 16 9 51 33 46 54 38 60 3 31 37 28 35 27 2 14 10 53 8 30 52 62 24 25 48 15 11 45 21 34 55 61 22 
8 28 56 26 48 44 1 40 22 46 12 53 31 47 54 49 23 3 59 51 35 63 14 4 58 37 11 43 64 45 25 38 27 19 55 20 7 39 34 17 33 13 29 52 41 32 21 6 60 9 18 5 36 50 15 61 16 2 42 62 10 30 57 24 
50 2 32 45 27 57 61 58 15 24 5 43 33 42 51 60 6 46 52 37 40 26 17 38 19 29 30 34 56 12 18 9 10 11 13 28 62 8 64 63 16 48 55 20 49 53 36 22 21 47 41 59 44 3 31 35 25 14 4 54 1 39 7 23 
53 13 36 49 54 51 43 31 17 11 14 41 57 34 21 19 9 62 48 58 10 30 64 39 35 46 55 3 7 32 28 40 47 61 50 2 25 29 24 42 15 38 45 63 8 5 18 4 22 16 56 6 33 1 23 37 60 52 26 59 12 27 20 44 
47 33 22 55 35 30 20 42 38 48 61 10 50 1 7 64 54 11 29 25 2 15 16 24 6 4 62 23 36 52 44 60 41 18 32 37 5 53 59 21 51 26 39 58 56 46 34 40 27 14 43 57 12 13 19 45 3 49 63 9 28 17 8 31 
14 46 5 3 10 37 9 34 52 2 27 8 28 62 39 25 45 56 55 61 47 7 12 22 21 15 41 17 51 48 13 59 57 16 30 31 49 6 43 44 50 19 1 24 64 23 54 60 11 40 20 38 26 4 63 42 35 32 29 53 36 58 33 18 
39 62 63 24 16 6 25 59 3 18 23 29 36 4 45 30 1 60 32 21 13 28 31 8 26 20 33 2 27 50 61 53 15 12 14 56 35 48 22 52 17 9 7 11 42 43 57 44 34 54 10 58 49 55 64 46 38 47 19 41 51 40 5 37 
29 11 52 34 38 16 63 49 60 61 43 23 12 25 46 28 56 42 26 36 50 54 37 9 53 30 40 45 48 6 8 1 14 27 39 18 17 32 57 31 13 51 41 15 35 47 22 59 64 20 7 10 24 5 3 44 33 19 58 55 62 21 4 2 
44 56 23 22 24 35 50 6 51 39 47 13 27 2 59 10 29 16 33 8 49 61 57 20 18 12 37 11 55 43 41 4 3 9 54 5 64 58 30 19 21 36 53 42 62 48 7 17 40 52 31 15 1 26 14 32 46 25 28 34 45 60 38 63 
57 59 58 40 4 47 14 8 21 19 34 17 32 26 33 55 62 22 38 12 53 60 44 3 2 10 52 9 35 25 50 46 16 28 24 15 63 43 48 1 61 5 37 45 23 54 31 49 36 29 51 11 13 30 18 27 6 42 7 64 41 20 39 56 
48 30 39 27 1 25 41 13 18 15 35 54 9 38 3 22 52 31 23 40 5 55 21 28 49 51 19 33 47 29 20 7 53 6 26 42 36 61 11 56 63 2 4 32 60 58 44 64 8 62 46 37 34 45 43 17 24 10 50 16 57 59 12 14 
9 42 64 10 46 21 55 15 49 36 56 58 41 52 62 37 43 1 13 45 27 35 7 19 28 57 3 24 16 63 32 17 2 44 38 23 33 34 20 47 26 6 18 30 14 50 25 8 54 48 53 60 39 12 59 4 51 40 11 29 61 31 22 5 
31 53 51 7 3 33 5 17 29 45 11 1 64 24 14 6 2 34 4 18 48 46 59 15 61 60 54 58 26 56 27 39 50 13 62 35 21 52 8 40 9 20 16 38 10 28 12 19 49 63 25 22 42 57 41 55 37 43 36 23 30 44 47 32 
43 32 60 12 28 54 26 19 44 42 40 20 7 63 5 16 25 64 6 10 51 41 30 11 31 36 23 38 14 13 34 62 46 49 37 29 59 45 4 22 57 1 52 39 55 3 33 24 50 58 2 47 61 21 35 56 53 18 27 48 8 9 15 17 
2 37 61 62 18 20 45 36 57 50 31 48 30 53 4 8 14 58 24 39 17 47 32 63 15 64 59 5 44 42 22 21 51 55 60 25 41 7 10 12 56 34 40 27 11 29 43 46 23 19 6 33 38 9 28 16 49 13 3 26 52 54 35 1 
11 17 33 35 52 64 47 44 54 37 38 56 43 10 23 59 24 7 8 3 46 19 20 1 27 41 50 12 32 39 15 42 26 58 31 22 4 9 55 48 2 49 63 18 21 57 29 61 5 53 28 16 14 36 6 34 40 45 13 51 60 25 30 62 
62 38 7 50 60 63 32 46 55 29 13 30 26 28 12 48 22 15 45 57 64 39 34 10 8 5 18 53 49 2 14 24 21 3 27 54 6 16 56 11 52 23 9 43 19 42 51 33 31 37 61 44 58 25 47 40 1 35 17 36 20 41 59 4 
54 55 43 37 15 19 16 27 4 1 57 61 5 46 18 33 42 41 14 35 30 2 63 60 11 21 29 31 3 40 7 13 44 45 25 59 47 50 28 51 53 22 20 34 17 6 39 36 24 23 62 12 48 52 38 64 58 8 49 56 9 26 32 10 
3 25 26 29 57 1 36 56 9 14 53 7 8 16 31 41 61 33 37 4 6 62 52 13 51 23 58 28 45 55 46 20 63 38 49 39 19 35 42 34 5 12 54 40 47 59 60 30 18 17 27 32 10 15 22 11 44 24 21 2 43 50 64 48 
49 20 14 5 23 8 40 28 45 21 36 52 2 64 22 44 59 9 56 43 29 32 50 53 4 34 26 48 30 10 47 35 60 62 57 61 24 17 18 13 27 11 58 1 25 37 38 3 19 46 42 55 51 7 33 41 54 12 16 39 6 63 31 15 
59 6 2 21 31 48 10 30 47 40 25 39 35 60 19 51 26 54 28 17 36 44 5 58 52 16 22 63 33 37 9 61 7 41 43 12 53 23 32 29 14 50 8 64 24 4 62 15 1 13 57 49 45 56 20 3 42 55 18 38 46 11 27 34 
13 39 34 61 58 45 51 4 24 6 42 49 3 20 27 17 40 12 47 16 18 11 48 55 38 19 1 25 60 62 36 64 5 8 52 33 30 15 2 46 32 10 26 56 44 31 28 41 63 35 59 21 50 43 54 9 14 23 22 37 7 57 53 29 
24 22 18 9 42 12 53 41 63 58 62 15 34 50 11 32 21 49 25 38 31 27 51 23 43 44 6 56 59 17 54 57 64 10 36 14 1 40 37 20 35 45 46 16 48 7 55 13 30 4 29 2 8 39 26 60 5 61 52 28 19 33 3 47 
64 40 19 42 32 61 34 51 28 8 54 25 18 41 50 52 7 43 1 13 20 49 60 57 63 11 16 59 24 9 10 2 55 17 35 58 48 30 46 36 37 15 47 26 33 39 5 23 3 45 12 31 29 53 62 21 22 6 44 4 27 14 56 38 
4 16 44 1 6 53 37 57 20 56 2 32 49 59 9 39 51 63 61 34 3 38 41 64 29 48 36 52 8 15 33 54 45 31 42 19 11 47 26 62 30 7 24 13 22 17 58 18 55 5 40 25 28 14 27 10 43 46 35 60 50 12 23 21 
33 9 13 20 17 22 59 43 36 44 1 35 24 7 63 47 28 25 58 5 45 4 10 16 23 40 46 37 41 34 55 31 18 64 29 53 3 12 38 14 49 56 32 60 61 21 27 62 57 6 52 8 19 2 42 50 30 26 39 15 54 48 11 51 
21 41 15 60 14 2 3 45 53 27 29 5 17 43 57 46 12 44 35 48 26 37 40 18 13 47 4 50 61 20 62 58 23 33 9 49 22 51 63 54 10 64 36 55 6 16 52 25 59 32 38 34 56 11 39 30 7 31 24 19 42 28 1 8 
35 50 38 63 8 49 56 7 33 30 26 31 61 23 10 42 55 6 27 59 15 14 9 54 60 32 25 64 21 44 51 3 39 40 2 24 52 5 13 4 19 46 57 28 12 34 45 11 20 22 1 48 43 41 37 58 47 17 53 18 29 36 62 16 
55 26 27 52 30 36 28 54 11 16 37 40 48 3 38 12 47 29 2 24 62 23 33 17 42 45 5 6 39 19 43 22 56 15 21 57 32 10 25 50 59 31 14 8 4 1 53 51 7 18 60 35 46 49 44 63 64 9 34 13 58 61 41 20 
25 10 31 58 47 39 62 12 13 34 45 4 22 55 6 15 46 8 21 19 42 56 11 30 14 7 38 35 57 27 53 18 61 20 16 41 28 37 1 60 43 54 44 29 50 63 48 2 9 36 64 26 23 17 51 24 32 59 33 5 3 49 52 40 
18 23 11 46 5 29 24 48 14 51 19 62 60 21 64 58 39 50 36 53 32 52 22 31 30 17 12 1 28 26 56 49 6 59 8 34 43 44 7 27 3 40 38 41 20 9 35 42 61 33 54 4 47 16 13 15 63 37 57 45 25 2 10 55 
28 8 50 19 61 43 7 32 10 38 3 12 25 29 53 5 36 18 44 47 14 6 46 62 45 39 13 51 52 59 2 63 20 35 23 30 37 33 41 57 54 4 34 9 58 22 24 27 17 64 49 40 21 60 16 31 26 56 15 11 55 1 48 42 
22 49 25 39 53 40 42 62 43 47 30 14 20 54 26 13 33 35 5 29 52 64 4 32 34 6 61 36 37 31 23 41 11 63 46 48 12 19 44 9 55 16 60 3 2 8 1 45 15 27 58 18 59 38 56 51 57 21 10 50 17 7 24 28 
45 48 46 54 55 24 58 11 23 41 4 22 15 17 32 21 19 40 7 31 61 16 43 59 33 53 27 18 38 30 1 50 13 52 56 8 26 49 3 10 42 14 62 51 63 12 37 35 44 28 36 9 2 29 57 25 39 64 5 20 47 34 60 6 
12 47 1 17 36 27 38 20 31 57 59 2 63 19 61 50 13 51 10 56 11 42 15 34 62 26 64 54 29 58 3 5 25 60 18 55 40 14 39 32 28 21 23 7 30 49 41 52 35 43 48 24 6 22 46 53 4 33 37 8 44 16 45 9 
51 52 30 2 13 34 35 33 48 55 9 64 37 58 16 7 63 26 60 27 24 17 39 45 10 25 49 20 40 46 4 15 28 50 22 1 42 21 31 61 36 18 43 44 57 38 6 56 47 11 19 62 54 8 5 12 59 53 41 14 23 32 29 3 
16 4 10 14 56 31 64 26 8 28 60 45 42 49 24 62 50 38 57 1 41 3 58 21 12 9 35 44 43 22 48 11 54 34 59 7 27 36 47 6 20 29 17 53 13 15 40 5 33 39 55 61 37 32 30 23 19 51 2 52 63 18 46 25 
23 29 9 57 44 41 60 18 40 33 51 46 1 6 35 56 8 37 53 55 25 22 54 12 32 28 17 7 42 21 16 14 4 5 64 45 58 24 15 2 48 59 11 19 31 10 47 39 26 50 13 3 63 20 34 52 27 30 61 43 38 62 36 49 
5 21 3 6 37 59 15 63 34 52 18 36 11 39 44 27 49 23 30 20 28 9 2 48 57 8 56 55 19 60 24 47 29 53 51 17 38 62 16 43 64 25 33 46 32 61 26 50 14 7 45 42 41 10 4 1 13 58 31 22 40 35 54 12 
58 44 8 4 2 26 19 3 7 31 21 60 47 45 20 36 64 17 40 33 23 1 18 56 41 24 57 46 53 16 38 10 30 54 6 52 9 25 12 15 39 43 49 61 29 14 63 37 32 55 11 51 22 59 48 28 34 27 62 42 35 5 13 50 
38 61 41 33 49 13 22 55 5 17 50 19 14 37 30 53 34 32 9 11 54 43 25 42 3 58 21 60 62 23 12 51 36 57 28 27 8 26 40 64 46 44 59 4 7 35 10 20 39 31 16 56 52 63 2 47 29 1 48 6 15 24 18 45 
10 14 37 47 63 7 12 24 26 64 41 42 56 51 15 54 58 27 46 6 59 45 35 61 48 33 9 4 13 28 39 19 17 29 11 50 55 1 53 16 22 30 5 2 40 18 3 31 62 44 34 36 20 23 60 38 8 57 25 49 32 52 21 43 
30 60 45 18 51 15 29 52 35 49 10 44 58 61 48 38 41 20 63 28 12 50 36 2 54 27 8 14 1 5 37 32 43 39 34 47 23 22 21 33 62 24 42 57 53 11 13 55 46 25 26 19 4 40 9 6 17 7 59 3 31 56 16 64 
40 27 20 11 25 28 48 1 62 12 39 16 59 33 8 29 38 24 22 52 21 51 53 37 36 55 43 42 2 18 64 30 35 56 63 3 31 13 45 5 6 47 15 23 26 19 32 34 58 61 50 17 7 54 49 57 41 44 60 10 14 4 9 46 
34 43 42 23 50 56 46 35 25 9 6 24 13 57 40 18 16 55 62 49 7 48 3 14 20 22 31 26 17 11 45 52 32 4 44 38 10 41 19 59 1 60 51 21 36 27 64 28 37 15 5 53 30 33 29 8 61 54 12 58 2 47 63 39 
36 64 6 59 9 17 54 39 27 22 46 55 4 32 1 43 15 5 19 60 57 31 8 29 44 61 47 40 50 49 63 34 24 14 58 62 2 20 51 7 12 41 48 33 52 25 56 16 42 10 21 13 3 35 45 18 11 28 23 30 53 38 37 26 
32 31 16 53 62 5 57 21 2 63 28 3 23 11 52 34 30 10 39 26 4 13 47 44 25 56 7 15 6 35 59 29 42 48 61 60 18 46 49 37 58 17 50 54 9 45 8 38 41 24 14 1 64 27 12 43 20 22 55 40 33 19 51 36 
26 45 59 16 34 62 27 23 58 10 48 9 55 18 60 14 37 30 17 7 56 29 6 51 50 3 32 19 4 41 5 25 40 1 12 43 39 64 52 53 8 63 22 49 54 24 61 57 13 38 15 28 31 47 11 20 2 36 46 33 21 42 44 35 
42 18 12 25 39 60 44 2 64 13 15 47 29 8 36 24 20 59 3 62 38 58 28 5 56 49 51 22 23 53 17 33 31 30 4 16 61 63 14 41 34 27 21 50 43 52 11 9 45 26 32 7 35 46 1 19 10 48 40 57 37 6 55 54 
1 54 49 32 20 9 11 10 46 4 52 34 6 27 2 31 53 13 50 41 63 18 55 25 40 42 39 16 12 7 26 43 62 21 47 36 51 3 23 28 38 35 30 48 15 64 19 58 56 59 37 14 57 44 24 33 45 5 8 61 22 29 17 60 
15 5 40 31 43 3 4 14 59 23 20 28 62 30 41 57 48 19 54 2 60 33 42 47 64 63 34 21 46 61 35 36 49 7 17 32 56 55 50 8 45 53 13 6 37 44 16 29 25 12 22 27 9 58 10 39 18 38 1 24 11 51 26 52 
61 36 57 56 19 46 13 64 50 53 16 33 21 35 49 45 31 4 11 14 22 8 1 26 37 59 15 27 58 38 52 44 34 25 10 6 60 2 29 24 47 42 3 5 18 40 20 7 48 51 23 41 17 62 55 54 12 63 9 32 39 43 28 30 
7 24 48 51 33 55 8 47 19 5 63 37 39 44 43 61 10 21 12 9 16 40 23 49 1 62 45 30 18 54 29 6 22 46 20 11 57 59 35 38 41 32 25 36 28 26 17 14 52 60 3 64 53 42 50 2 31 4 56 27 13 15 34 58 
6 35 28 41 21 52 30 37 12 54 17 11 38 22 25 3 27 36 15 32 44 34 45 46 24 2 20 10 31 57 60 55 48 26 19 9 13 42 58 18 4 33 56 59 39 51 23 1 29 49 63 43 40 61 8 5 62 16 14 47 64 53 50 7 
63 58 29 38 22 50 17 53 56 7 32 26 51 40 42 1 57 52 43 64 39 24 61 35 47 14 48 13 9 8 11 28 33 37 5 44 15 54 27 45 60 55 31 10 46 62 2 12 6 34 4 30 16 18 21 36 23 41 20 25 49 3 19 59 
56 1 54 48 41 14 39 5 30 25 7 50 46 36 17 35 32 28 51 63 19 53 27 40 16 43 60 8 11 3 49 37 59 42 15 13 44 31 6 58 23 52 10 47 45 55 4 26 38 57 9 20 18 34 61 29 21 62 64 12 24 22 2 33 
60 57 53 28 59 58 18 16 41 43 8 6 10 31 29 9 5 39 64 22 55 12 24 52 7 35 42 47 34 51 40 56 19 32 45 26 14 11 54 30 44 62 27 17 1 20 15 48 2 21 33 23 25 37 36 13 50 3 38 63 4 46 49 61 
37 34 55 13 64 32 21 50 16 26 33 57 54 56 47 11 4 48 18 30 8 20 62 6 5 52 44 61 15 14 19 23 12 2 3 63 29 27 17 49 40 58 35 25 38 36 9 43 10 1 24 46 60 31 53 22 28 39 51 7 59 45 42 41 
19 15 24 30 7 42 6 9 61 59 49 38 52 12 13 2 17 14 31 23 34 10 56 43 46 18 28 39 25 33 58 45 37 36 53 21 16 57 5 35 29 3 64 22 51 60 50 54 4 41 44 63 27 48 32 62 55 20 47 1 26 8 40 11 
52 12 62 44 45 23 49 25 32 60 55 21 53 14 37 40 11 61 41 46 1 59 13 33 17 38 24 29 54 4 57 27 8 22 48 64 20 18 9 39 7 28 2 31 34 56 42 63 51 3 47 50 5 6 58 26 36 15 30 35 16 10 43 19 
27 63 35 36 40 11 31 38 39 20 24 51 19 5 34 4 3 2 49 54 58 25 29 50 55 13 53 41 22 64 6 26 1 47 7 10 46 56 62 23 18 8 61 12 16 33 30 21 43 42 17 45 15 28 52 59 9 60 32 44 48 37 14 57 
20 3 17 43 26 4 2 61 42 62 22 18 45 15 28 23 35 47 16 44 37 57 38 36 9 50 10 32 63 1 21 48 52 24 40 51 34 60 33 25 11 39 19 14 59 41 46 53 12 30 8 54 55 64 7 49 56 29 6 31 5 13 58 27 
46 51 47 8 29 10 33 22 1 3 64 27 44 48 58 63 60 45 42 15 9 21 26 7 59 31 2 62 20 36 30 12 38 43 41 4 50 28 61 55 24 57 6 37 5 13 49 32 16 56 35 39 11 19 40 14 52 34 54 17 18 23 25 53 
################proper############## 

 average_time = 908.029820 

 success runs = 1 

 total average iters = 39621345.000000 
