Success!!! 
 
 max_col = 
 64 
 
 run_time = 
 2698.439982 
 
 once iters = 
 157543439 
 
37 1 15 32 55 61 3 31 8 40 14 24 33 38 36 12 2 44 6 54 21 52 29 49 26 57 35 17 20 28 19 5 42 53 58 62 16 34 22 13 45 18 9 47 23 51 27 10 56 41 48 11 50 46 30 59 25 4 7 63 64 43 60 39 
60 58 56 49 57 17 44 13 34 18 27 2 29 31 54 32 28 11 48 35 50 43 51 7 59 38 21 63 41 12 10 16 46 47 25 30 52 3 24 40 64 20 42 5 37 4 61 15 19 23 55 14 53 33 39 22 6 45 8 62 26 9 36 1 
25 2 40 39 41 63 29 59 35 16 46 26 5 50 19 48 58 17 57 12 62 20 13 33 11 23 18 54 45 14 43 37 36 4 9 27 49 7 51 44 60 56 1 52 30 8 3 31 32 10 64 42 38 34 6 61 22 28 47 21 55 15 53 24 
54 30 22 27 21 6 14 18 47 9 11 53 13 52 15 58 40 55 45 34 5 10 4 41 42 1 36 48 64 44 31 33 50 57 29 12 43 39 8 20 38 28 7 59 24 16 62 26 37 49 51 3 63 25 60 35 32 17 19 23 56 2 61 46 
19 9 10 23 33 62 4 52 30 20 63 64 22 7 43 49 26 53 37 46 16 18 39 47 40 32 24 8 56 13 61 3 6 11 1 21 38 59 60 17 36 34 14 35 41 55 50 25 45 44 2 5 31 15 57 28 48 58 51 29 54 12 42 27 
53 16 35 12 51 64 5 48 25 55 45 39 42 21 62 6 14 1 15 59 8 38 23 24 30 34 27 46 22 60 7 50 56 61 19 2 41 28 18 63 54 44 57 32 13 29 58 49 9 47 43 17 36 20 4 26 3 33 40 10 31 37 52 11 
24 7 45 28 34 50 42 43 61 37 1 17 57 59 41 44 64 9 60 63 36 56 27 3 15 4 53 25 47 55 29 51 54 31 48 32 26 10 33 23 6 22 11 46 2 19 40 39 16 58 52 13 62 12 8 21 30 35 38 5 18 20 49 14 
11 20 46 36 47 38 8 26 4 51 10 60 28 56 3 23 19 42 22 61 31 32 25 30 2 62 49 9 39 6 52 58 55 64 37 15 35 45 14 5 17 43 12 63 21 53 33 48 27 7 1 40 29 54 18 24 59 13 34 16 57 41 50 44 
8 49 64 37 46 30 11 4 41 2 31 3 60 1 24 7 29 13 26 38 19 39 36 45 6 10 43 57 42 56 48 61 23 17 53 5 18 21 50 55 27 62 32 25 63 54 51 35 40 12 34 47 58 9 59 20 15 14 22 33 52 28 44 16 
34 32 44 33 22 57 1 41 27 39 37 29 52 49 35 25 47 15 10 56 6 50 12 63 14 55 9 60 28 19 58 4 51 59 46 36 54 40 16 8 11 64 13 43 61 7 45 53 23 62 26 24 2 31 42 30 21 38 17 3 48 5 18 20 
5 56 28 54 12 59 15 39 43 21 44 36 9 32 40 26 49 31 35 17 18 60 42 1 38 7 33 30 51 24 20 27 62 22 45 37 47 2 63 3 16 41 50 19 48 14 55 58 52 11 25 6 4 53 61 64 29 23 10 34 46 8 13 57 
20 48 26 53 17 42 10 58 51 23 6 13 8 62 5 38 43 2 14 33 55 25 7 11 63 52 54 3 40 32 49 12 57 34 30 64 61 15 44 41 22 37 24 9 29 18 31 36 28 56 35 60 16 1 21 46 27 59 50 45 39 47 19 4 
14 55 63 21 7 2 43 3 33 30 12 59 61 34 16 50 54 41 62 4 32 22 53 51 44 11 13 64 46 25 39 45 19 1 52 38 28 48 10 35 47 23 40 26 42 15 60 20 29 8 57 18 49 17 27 5 9 6 36 58 24 31 37 56 
23 45 38 47 40 9 60 29 20 46 64 10 18 28 42 19 48 24 5 44 59 61 57 16 37 50 17 26 21 53 36 8 27 32 39 11 13 58 12 31 33 4 34 56 3 2 6 52 14 51 15 54 41 22 7 63 35 25 55 1 62 49 43 30 
6 18 31 52 19 36 25 27 17 54 55 58 53 4 63 22 3 8 23 37 20 21 28 40 1 2 62 34 16 47 35 15 29 42 14 56 24 26 9 33 57 5 30 49 46 39 12 59 43 13 45 10 48 44 38 50 7 51 64 61 41 11 32 60 
50 62 16 35 13 24 61 51 14 48 56 15 47 57 11 45 34 58 52 64 30 27 46 9 5 29 23 59 31 18 22 41 49 20 7 4 60 25 6 43 44 38 10 8 17 21 28 1 39 32 36 55 3 19 37 33 2 26 42 54 53 40 12 63 
15 13 14 41 3 29 12 53 16 42 62 21 4 44 8 1 24 30 20 49 25 54 34 23 19 43 51 2 58 11 55 7 5 63 56 40 45 61 46 36 31 39 27 22 28 50 17 47 60 35 18 37 33 32 52 48 10 57 26 64 59 6 9 38 
55 61 37 42 44 16 59 7 29 38 49 57 54 27 33 40 15 46 2 53 39 9 63 48 31 22 10 47 3 64 23 14 35 28 62 50 19 6 32 12 26 24 8 20 52 30 18 11 25 45 58 34 51 43 56 13 1 60 41 17 5 4 21 36 
40 31 23 1 52 45 49 35 28 63 3 61 11 24 51 34 33 59 19 7 22 58 55 17 57 36 25 50 18 8 41 6 39 54 13 10 2 20 21 38 32 60 44 14 64 46 53 9 15 29 62 4 42 26 5 16 47 37 43 56 27 30 48 12 
38 34 19 56 27 28 9 50 59 53 2 18 32 39 10 64 1 16 31 43 35 12 47 52 17 63 15 5 62 61 4 26 37 24 44 14 22 60 30 51 49 54 33 48 25 57 21 45 7 36 41 20 6 40 46 55 8 3 13 11 23 29 58 42 
30 8 32 48 26 46 51 54 23 47 13 25 56 17 6 5 50 4 61 3 45 64 60 14 21 35 28 1 38 33 59 24 58 29 57 41 27 11 43 7 2 16 37 55 40 34 36 42 10 53 19 9 44 63 12 31 62 18 52 20 49 22 39 15 
47 4 36 43 58 10 57 24 22 41 60 7 19 12 9 15 27 21 11 26 29 8 62 37 34 39 16 42 48 20 32 40 64 18 59 31 53 49 55 52 3 35 23 6 56 13 5 63 17 30 28 61 1 38 14 2 50 44 45 46 33 51 54 25 
17 60 25 22 11 21 18 5 55 31 20 43 46 35 45 37 57 10 41 36 42 6 32 44 49 56 30 53 54 52 13 29 26 48 33 3 15 4 34 9 51 58 38 7 62 61 1 12 50 59 27 39 64 23 47 8 24 63 16 14 40 19 28 2 
2 6 33 62 64 39 20 63 36 14 58 48 50 26 52 30 38 56 28 18 40 51 5 13 27 46 60 12 9 37 45 44 25 8 47 1 17 42 23 16 19 59 29 15 4 10 41 43 22 24 49 21 11 3 54 57 61 31 53 7 34 32 35 55 
31 28 60 44 16 11 22 10 58 43 54 63 45 3 59 36 37 7 27 21 38 48 30 62 55 8 26 15 4 46 53 49 12 51 64 57 32 14 2 6 24 40 25 29 33 42 23 61 41 39 50 52 18 35 20 47 56 9 1 13 17 34 5 19 
52 53 2 55 49 51 23 34 37 33 30 28 7 22 48 14 10 32 13 41 17 59 43 58 39 40 50 16 27 38 6 57 1 9 8 42 62 19 56 61 35 15 46 54 5 44 11 3 4 31 29 63 45 21 24 60 64 20 25 18 12 36 26 47 
9 35 17 57 29 32 21 38 50 25 52 11 34 19 49 20 60 51 64 2 54 63 44 5 12 30 56 18 23 10 14 62 40 41 27 33 48 31 47 59 58 13 36 28 6 26 22 16 42 55 37 43 7 61 15 1 46 8 39 53 45 24 4 3 
42 64 5 6 25 41 48 61 38 15 47 12 2 16 18 13 39 29 34 24 56 3 14 50 58 54 63 36 19 51 1 22 43 26 17 46 20 52 53 60 9 31 4 21 45 32 49 62 11 28 30 8 57 27 33 40 23 55 37 35 7 44 59 10 
58 19 62 40 45 27 30 14 6 4 21 56 1 42 55 9 16 20 25 8 26 36 35 15 33 60 59 31 5 7 37 48 63 39 24 18 44 22 28 50 12 17 52 53 38 64 47 41 3 46 13 32 23 2 34 10 43 49 57 51 29 54 11 61 
43 24 54 8 37 26 50 20 39 5 61 27 40 53 46 29 9 19 49 1 12 55 31 4 64 47 32 28 17 3 25 42 11 7 15 13 23 35 36 45 34 57 63 10 18 48 2 56 58 38 44 62 14 59 22 51 52 41 60 30 16 33 6 21 
59 39 3 46 56 12 7 47 10 17 35 62 26 8 32 41 52 18 33 57 23 11 45 42 20 61 44 13 43 29 24 2 34 21 38 25 55 16 4 49 1 19 51 50 60 37 14 30 48 54 9 64 5 6 53 36 63 40 15 28 58 27 22 31 
1 33 4 18 63 15 13 36 64 24 23 31 44 51 60 57 53 61 40 22 47 46 6 28 35 21 41 45 11 9 34 52 30 58 5 29 3 54 37 10 55 27 59 39 8 20 43 7 49 26 17 56 12 16 19 25 14 2 32 48 38 42 62 50 
28 63 42 10 62 52 6 15 19 7 50 55 12 29 17 47 56 60 1 23 33 13 48 25 36 26 22 51 59 40 11 46 41 38 20 35 30 9 58 53 61 14 49 44 34 3 39 18 57 21 5 31 8 4 64 27 37 54 24 43 2 45 16 32 
39 40 27 59 32 1 24 64 18 44 42 30 38 20 13 56 11 57 54 58 28 16 52 61 48 49 19 21 60 2 5 53 8 10 3 47 34 51 45 26 50 25 31 36 43 6 46 33 55 63 7 15 35 37 23 12 41 62 4 22 9 14 29 17 
33 50 30 51 60 4 55 44 40 11 26 49 59 46 22 28 35 43 17 29 9 62 24 32 10 13 34 37 12 41 18 1 14 15 61 63 6 56 25 54 7 52 45 42 27 5 64 38 20 3 16 2 19 36 48 58 53 47 31 57 21 39 23 8 
3 37 11 38 5 19 16 49 54 32 57 33 64 25 61 62 44 40 63 14 51 26 2 36 50 42 4 35 8 43 9 20 31 12 23 28 7 29 48 1 21 10 53 24 47 41 15 17 6 34 22 46 13 30 45 39 55 52 18 59 60 56 27 58 
36 25 9 17 61 20 34 22 31 27 16 8 51 5 23 21 59 45 18 30 53 47 10 55 29 44 39 56 14 58 38 28 24 19 4 52 46 43 64 32 37 48 35 2 54 1 57 13 62 50 33 49 60 41 26 42 11 7 12 40 15 63 3 6 
57 21 29 45 8 31 47 12 3 58 53 6 48 43 14 39 5 64 46 27 4 49 41 34 16 24 7 23 15 63 54 30 2 55 22 60 50 18 13 37 56 51 20 62 9 59 26 40 44 17 11 1 52 28 10 32 36 19 33 38 42 61 25 35 
41 46 7 13 54 43 53 2 52 36 4 35 24 15 34 60 12 6 42 31 37 19 20 38 61 64 45 55 33 27 3 17 44 49 11 59 39 57 62 21 23 63 28 16 22 58 32 8 18 14 40 25 56 47 9 29 26 1 5 50 30 10 51 48 
48 26 18 14 35 23 58 56 2 45 9 41 63 37 1 10 22 50 7 39 3 15 21 8 32 25 52 6 57 31 62 47 17 40 36 16 5 33 42 27 29 12 19 30 55 11 4 60 51 61 54 53 59 24 43 38 20 64 28 49 44 13 46 34 
7 44 52 60 14 3 62 40 13 26 15 16 30 63 47 27 51 48 38 50 10 23 56 64 46 9 1 61 36 22 8 55 59 33 18 49 4 32 17 57 43 45 39 11 20 31 25 24 35 2 6 29 37 42 28 41 54 5 58 12 19 21 34 53 
64 38 8 4 30 34 37 16 46 10 43 5 62 41 44 52 61 22 9 6 11 29 3 20 24 17 14 58 26 59 60 13 15 23 2 39 36 63 1 28 18 47 21 12 51 33 54 55 53 48 31 50 27 57 49 19 40 56 35 42 32 25 7 45 
32 29 24 11 39 13 56 42 12 22 19 40 58 60 25 31 55 33 44 45 43 28 54 53 18 15 20 41 35 62 64 21 61 3 6 51 37 50 7 30 10 9 48 27 57 49 34 14 5 1 63 38 46 8 17 23 16 36 59 2 4 52 47 26 
51 5 58 31 43 33 19 55 32 57 39 45 14 64 28 54 21 49 12 40 1 42 37 46 52 6 29 10 44 34 27 63 47 16 35 53 25 62 26 11 13 50 41 38 59 60 8 2 24 22 20 7 61 56 36 4 18 48 9 15 3 17 30 23 
18 15 6 26 9 22 45 46 49 61 59 42 37 2 21 24 36 27 30 52 63 14 8 35 25 51 47 40 53 48 57 31 60 13 43 54 12 41 19 56 4 7 5 17 58 23 44 64 34 33 3 16 55 10 32 11 38 50 62 39 28 1 20 29 
27 59 1 2 50 35 63 17 56 6 48 51 20 55 53 11 18 25 4 19 24 7 16 57 23 28 3 49 32 39 12 38 9 45 21 34 58 8 5 42 15 61 22 37 36 62 30 29 64 43 60 26 47 52 40 54 31 10 44 41 13 46 14 33 
12 41 49 25 48 54 28 57 1 50 17 4 36 23 29 18 31 47 59 60 34 5 58 2 7 45 11 19 30 16 33 56 20 27 10 22 40 38 52 24 46 53 6 3 26 35 42 32 21 15 14 44 39 62 13 9 51 43 61 37 63 55 8 64 
10 47 20 61 23 53 36 21 9 35 38 34 3 33 7 8 13 39 32 62 15 41 17 26 54 37 42 4 50 5 2 43 48 46 31 44 14 55 29 64 63 1 16 40 19 52 56 28 59 18 12 30 25 51 58 45 60 11 27 6 22 57 24 49 
61 42 53 58 28 48 54 11 45 34 33 44 10 6 27 2 25 26 16 32 46 4 64 56 51 41 40 14 52 23 50 18 3 36 49 43 59 47 15 62 39 29 55 60 1 9 24 37 12 20 8 19 22 5 63 7 17 30 21 31 35 38 57 13 
63 17 12 19 59 37 35 9 42 60 18 52 31 40 26 51 7 23 50 13 57 53 61 10 62 48 2 43 6 1 47 32 45 44 54 55 33 27 20 34 5 8 15 58 49 56 38 21 30 64 46 36 28 11 29 3 4 39 14 24 25 16 41 22 
26 52 43 29 38 8 46 45 63 49 32 14 16 54 20 35 30 5 47 42 48 37 22 39 13 33 12 11 55 15 17 10 4 25 51 9 57 23 31 19 28 3 64 18 44 40 59 27 2 60 21 58 24 50 41 53 34 61 6 36 1 62 56 7 
13 27 55 5 6 56 64 62 24 3 28 50 25 30 12 59 41 34 58 9 14 2 1 21 8 20 31 39 61 45 63 54 22 52 16 26 29 37 11 46 48 42 47 23 53 36 7 57 38 40 4 35 10 18 44 17 19 15 49 32 43 60 33 51 
22 3 21 20 36 40 39 25 57 56 7 37 15 9 64 53 6 38 24 11 44 35 59 29 4 16 5 27 49 30 28 19 13 60 12 17 63 1 61 18 14 26 2 41 31 43 10 50 54 42 32 33 34 55 51 62 58 46 48 8 47 23 45 52 
49 51 57 24 2 44 41 33 48 1 29 22 23 61 38 4 62 63 43 15 60 17 40 19 53 58 46 7 25 21 26 36 28 30 50 8 64 5 35 39 52 32 54 13 11 45 20 34 31 6 47 27 9 14 16 56 42 12 3 55 37 59 10 18 
16 23 50 34 18 7 31 30 21 62 8 46 55 47 58 43 20 36 51 28 27 33 49 12 9 3 38 44 24 57 42 60 10 2 32 48 56 53 41 14 25 6 17 61 35 22 19 4 13 52 59 45 15 39 1 37 5 29 63 26 11 64 40 54 
4 14 47 15 10 60 32 1 11 13 5 19 41 36 39 17 8 54 3 55 52 45 18 31 22 59 37 29 34 35 56 64 21 6 40 7 42 24 38 58 30 33 62 51 12 63 16 46 61 57 23 48 26 49 25 43 44 27 20 9 50 53 2 28 
62 43 48 7 1 47 40 8 5 28 24 32 49 10 30 46 23 37 21 16 61 44 19 6 45 31 55 52 13 36 15 11 53 14 34 58 9 17 3 29 41 2 60 33 39 27 63 22 26 4 56 57 20 64 35 18 12 42 54 25 51 50 38 59 
35 57 39 50 20 25 33 60 53 29 51 54 27 18 2 42 63 28 8 48 64 30 26 22 3 12 61 24 7 49 21 59 52 56 55 19 10 36 40 15 62 46 43 34 32 47 37 6 1 9 38 41 17 13 11 44 45 16 23 4 14 58 31 5 
21 54 51 3 31 18 38 37 60 12 41 1 43 45 4 33 42 14 56 5 13 24 9 27 47 53 8 20 63 17 16 34 7 50 26 23 11 46 39 22 59 30 58 57 15 25 48 44 36 19 61 28 40 29 55 6 49 32 2 52 10 35 64 62 
46 10 41 63 53 14 26 23 15 59 36 9 35 48 31 3 32 62 29 20 7 34 11 54 60 19 57 22 37 4 51 39 38 43 28 45 1 44 49 2 8 55 61 64 16 24 13 5 47 25 42 12 30 58 50 52 33 21 56 27 6 18 17 40 
45 22 34 64 15 55 52 32 44 8 25 47 17 14 37 61 46 12 39 51 41 31 38 18 56 5 58 62 29 50 40 23 33 35 42 6 21 13 27 48 20 11 3 4 10 28 9 19 63 16 53 59 54 7 2 49 57 24 30 60 36 26 1 43 
29 36 59 9 4 49 17 6 26 52 40 23 39 13 50 16 45 3 55 10 58 57 33 43 41 27 64 38 2 42 44 25 18 62 63 20 8 30 54 47 53 21 56 1 7 12 35 51 46 5 24 22 32 60 31 14 28 34 11 19 61 48 15 37 
56 11 13 16 24 5 2 19 7 64 34 38 21 58 57 55 4 52 53 47 49 40 50 60 28 18 6 33 1 54 30 35 32 37 41 61 31 12 59 25 42 36 26 45 14 17 29 23 8 27 10 51 43 48 62 15 39 22 46 44 20 3 63 9 
44 12 61 30 42 58 27 28 62 19 22 20 6 11 56 63 17 35 36 25 2 1 15 59 43 14 48 32 10 26 46 9 16 5 60 24 51 64 57 4 40 49 18 31 50 38 52 54 33 37 39 23 21 45 3 34 13 53 29 47 8 7 55 41 
################proper############## 

 average_time = 2698.439982 

 success runs = 1 

 total average iters = 157543439.000000 
