Success!!! 
 
 max_col = 
 64 
 
 run_time = 
 815.145106 
 
 once iters = 
 29398007 
 
64 26 7 60 51 41 47 49 11 21 28 2 13 6 61 32 53 35 48 10 50 4 27 23 55 44 38 22 37 39 29 36 31 43 56 19 20 45 59 62 24 8 25 63 52 5 33 46 54 1 58 57 18 14 17 42 9 12 3 16 40 34 30 15 
34 17 28 52 45 56 2 5 47 53 48 58 39 24 38 1 57 46 62 14 61 21 20 11 18 9 51 31 23 60 59 30 63 64 36 32 50 55 26 49 42 40 15 19 27 3 6 13 29 10 22 44 41 4 12 16 25 33 54 37 43 8 7 35 
24 46 14 36 27 35 39 12 8 49 30 5 57 33 59 62 32 45 3 51 43 37 22 55 20 48 16 52 63 21 15 2 42 13 10 18 25 40 34 6 58 1 44 56 4 29 54 9 38 7 23 26 28 60 64 53 17 31 61 11 47 19 41 50 
55 6 31 42 16 54 50 53 20 63 36 10 37 17 35 44 15 19 25 29 52 2 12 47 64 45 33 62 14 34 32 40 1 48 58 22 41 4 57 8 23 61 26 21 43 7 11 38 3 56 9 49 51 27 30 46 24 13 39 60 28 18 5 59 
29 37 33 32 63 57 62 19 52 41 43 3 4 42 12 60 49 16 26 17 54 1 5 36 13 25 8 10 58 53 61 11 2 9 39 46 35 7 51 30 59 64 47 28 34 48 18 20 24 15 55 40 50 6 31 21 23 44 56 45 27 22 38 14 
48 59 1 38 58 30 8 10 29 55 7 15 19 18 45 40 56 60 42 9 34 44 33 41 46 4 5 50 24 27 28 43 11 3 21 54 12 47 23 14 31 22 16 2 17 53 37 57 35 39 63 61 13 25 36 32 6 26 62 52 20 49 51 64 
21 15 20 40 3 43 18 25 26 22 46 23 9 34 16 54 39 58 64 31 63 7 6 13 42 19 47 12 17 35 49 56 44 27 24 37 38 28 29 61 30 41 14 62 50 60 51 55 52 59 48 33 5 11 8 45 10 4 36 2 1 32 57 53 
9 4 23 61 11 44 13 22 56 31 25 51 64 27 50 14 40 28 30 18 59 38 8 24 57 41 6 1 3 54 26 7 53 60 16 17 5 15 33 52 32 10 45 49 35 39 36 12 2 62 19 43 34 47 37 20 63 29 58 42 46 55 48 21 
27 43 29 59 54 22 63 61 5 48 13 31 16 1 19 23 52 51 47 39 40 50 58 32 26 8 10 56 41 49 4 14 6 57 2 12 18 62 9 25 44 60 21 20 64 46 30 11 7 3 53 55 42 33 34 28 38 36 37 24 15 45 35 17 
26 20 47 62 33 3 9 11 17 43 57 60 51 35 55 45 2 61 53 13 19 5 14 64 7 31 34 16 36 23 18 44 32 41 28 1 29 37 50 56 12 52 63 42 58 6 8 22 15 4 54 27 40 10 24 38 48 49 21 46 59 30 25 39 
45 13 37 31 15 58 4 39 40 28 47 22 24 10 11 2 38 12 44 34 48 33 41 30 19 27 53 25 6 32 35 50 23 21 8 42 17 60 3 43 49 51 54 61 7 57 29 14 9 5 36 46 20 56 52 59 1 18 64 63 16 26 55 62 
56 14 32 25 19 50 40 18 44 42 8 63 34 4 41 20 3 22 29 36 10 28 55 26 60 37 39 46 52 33 47 21 30 38 59 53 48 16 45 64 35 43 9 24 23 15 62 17 61 49 11 13 6 58 2 1 57 51 7 27 5 31 54 12 
16 12 24 44 42 7 49 34 27 37 53 52 38 36 58 15 63 25 6 35 18 56 21 62 5 2 61 43 11 3 57 55 14 39 54 51 46 22 40 31 1 33 48 4 59 50 10 47 17 8 64 45 60 30 26 19 41 28 29 20 32 23 13 9 
28 64 57 23 60 1 35 6 49 50 3 14 18 12 46 59 27 42 17 43 24 11 54 45 48 58 30 9 38 62 51 13 47 20 7 55 33 61 15 36 40 32 5 26 2 37 34 31 25 44 29 41 63 21 16 39 52 8 19 53 10 4 56 22 
17 48 5 10 41 2 30 46 39 9 64 61 62 21 29 56 7 23 37 8 49 15 16 1 63 54 59 24 20 45 42 12 34 4 26 13 19 44 52 11 38 28 27 53 36 55 25 18 50 35 57 47 32 51 22 31 60 43 33 6 3 14 40 58 
51 21 8 55 53 52 38 36 7 33 26 25 32 54 30 6 46 59 20 60 9 31 57 4 22 17 29 28 40 15 64 1 49 24 35 10 58 5 63 27 16 45 19 3 13 41 39 56 37 18 14 48 12 43 62 23 61 42 2 44 34 50 11 47 
40 36 30 18 32 29 17 7 45 51 11 53 12 63 5 22 34 20 55 58 23 25 61 50 43 52 2 27 42 24 19 31 37 1 46 64 13 8 60 26 28 35 10 57 54 44 21 33 41 47 16 14 3 62 38 6 39 56 49 15 4 59 9 48 
49 28 38 24 64 14 56 54 6 7 16 39 44 13 18 42 60 9 27 15 8 41 35 40 21 55 3 17 59 26 37 22 62 31 23 4 53 34 61 2 11 29 51 52 1 47 43 19 32 48 5 10 25 45 33 57 30 46 50 12 58 63 20 36 
59 63 15 20 13 25 33 21 31 14 17 9 27 38 49 57 45 43 56 3 28 32 24 37 62 47 46 35 61 44 54 51 5 36 48 16 11 58 30 10 6 2 55 8 39 26 23 4 18 12 40 52 29 22 1 50 34 19 41 64 60 7 53 42 
50 11 41 5 61 19 26 27 23 2 52 24 54 55 36 37 48 4 10 42 22 39 17 16 45 56 28 64 29 38 60 57 25 6 32 43 63 12 7 9 14 15 53 40 18 49 20 62 31 34 13 59 58 46 21 30 33 47 44 1 35 51 8 3 
43 34 39 47 22 23 52 62 61 30 50 20 8 48 64 4 18 57 46 2 38 59 11 49 36 53 15 40 32 6 1 41 54 19 55 44 3 33 28 51 13 5 17 12 56 63 58 25 42 24 27 9 37 7 60 35 31 14 10 21 26 16 29 45 
2 57 58 3 6 9 16 42 25 59 19 47 10 60 62 29 13 30 12 1 5 64 44 53 34 11 4 18 7 14 8 33 20 15 40 21 45 17 41 35 36 50 24 38 31 61 46 48 63 26 56 51 43 23 39 49 27 32 22 54 37 52 28 55 
60 31 51 48 55 45 1 44 15 35 32 34 46 3 21 43 19 47 33 26 62 6 63 14 9 49 12 20 10 13 25 58 24 52 50 38 56 29 39 42 37 16 7 59 30 27 22 41 28 36 4 64 53 2 54 8 40 11 17 57 18 61 23 5 
8 10 35 46 37 12 53 4 41 1 40 33 58 56 26 28 51 31 7 21 29 36 52 54 50 30 48 23 16 63 39 5 27 22 47 14 57 59 49 18 45 3 32 34 9 42 60 64 44 19 20 17 15 55 11 61 13 2 6 38 62 25 43 24 
18 45 54 63 62 27 55 3 24 64 49 40 56 43 48 26 58 44 16 23 36 57 32 15 17 35 52 47 13 59 53 4 51 34 31 9 37 10 38 60 41 14 61 39 46 30 12 42 1 50 6 28 22 20 5 2 8 7 11 19 25 21 33 29 
10 42 36 35 52 6 20 56 32 11 39 27 60 37 2 50 30 62 5 54 53 61 47 8 49 14 43 15 31 12 7 45 3 28 25 40 64 26 22 63 33 13 4 18 16 19 9 34 21 17 38 29 24 57 51 48 46 1 55 41 44 58 59 23 
47 53 59 4 14 15 25 13 38 19 44 16 6 41 17 61 11 33 21 52 60 3 7 39 28 64 24 26 51 18 27 10 35 56 29 50 49 46 2 5 54 63 20 43 22 58 1 23 34 55 30 42 8 37 40 12 62 9 45 48 36 57 32 31 
1 44 22 16 49 40 60 29 54 58 42 36 3 57 51 5 43 55 38 59 12 27 28 25 11 50 56 2 62 41 30 34 33 32 14 23 39 48 20 19 26 21 64 7 37 24 52 8 47 46 45 31 9 15 13 18 4 53 35 10 17 6 61 63 
7 24 11 30 26 33 12 32 53 15 14 28 45 46 52 31 37 13 35 64 42 34 10 9 16 1 40 21 8 48 55 23 58 18 27 36 61 43 17 4 57 47 3 29 5 2 56 6 19 63 41 25 62 39 59 44 50 20 38 22 51 54 60 49 
46 23 21 28 2 51 48 43 13 18 62 7 1 59 9 63 14 24 45 40 20 19 29 6 38 33 54 37 25 61 22 39 8 42 57 41 55 30 16 12 50 17 31 44 15 32 49 60 36 58 35 4 11 53 10 3 56 34 5 26 64 27 47 52 
19 41 34 39 9 17 57 31 30 47 35 8 55 23 22 33 50 1 49 4 46 51 56 18 29 5 63 58 60 42 20 3 15 11 45 6 62 52 21 44 25 27 36 48 38 10 53 59 64 61 43 7 14 26 32 54 16 24 12 28 13 40 2 37 
38 8 64 37 50 61 5 58 4 34 29 21 25 20 10 12 31 17 41 22 2 63 26 48 44 46 9 57 19 36 6 32 13 59 53 7 24 1 54 47 62 55 35 11 40 51 45 28 16 33 49 60 23 52 27 56 15 39 14 43 42 3 18 30 
14 49 60 19 30 8 28 38 64 52 27 57 53 7 33 11 36 54 15 44 13 62 37 31 41 6 21 55 9 22 34 18 61 23 12 56 32 2 35 17 51 20 42 16 47 25 4 58 40 43 24 5 39 59 29 63 45 50 26 3 48 1 46 10 
52 61 44 2 17 26 43 23 34 24 6 48 49 47 42 58 25 64 51 63 14 9 50 20 30 40 62 45 57 29 38 27 22 46 11 28 15 13 55 39 56 54 59 1 32 33 5 10 53 16 60 3 4 8 19 41 36 37 31 7 21 35 12 18 
32 29 6 54 7 4 11 45 2 38 1 30 41 5 31 39 28 10 61 57 35 46 60 58 15 12 36 33 56 50 43 59 16 40 64 27 42 19 18 48 63 49 62 17 8 34 3 21 20 37 26 23 52 13 14 47 55 22 51 9 53 44 24 25 
20 40 9 33 24 16 58 47 21 23 55 56 59 50 28 3 1 2 18 32 41 12 19 27 52 26 35 4 54 25 14 64 10 51 5 29 31 49 37 7 22 39 43 45 53 38 48 30 46 42 44 62 57 34 6 36 11 60 63 17 61 13 15 8 
15 39 42 51 31 13 64 1 37 62 45 29 35 40 14 36 16 26 34 5 4 22 43 7 10 3 17 19 44 47 23 53 60 33 30 24 59 63 8 21 9 46 50 41 57 11 55 27 48 2 12 18 54 61 28 25 20 58 32 49 38 56 52 6 
41 5 63 50 46 21 36 57 12 8 18 26 15 16 32 25 55 52 11 33 39 24 3 42 61 20 60 48 2 7 31 28 38 53 9 47 1 54 44 58 19 6 40 37 29 13 64 35 45 30 51 22 10 49 56 17 59 23 27 62 14 43 34 4 
22 25 3 34 56 53 27 55 19 54 10 13 17 9 44 46 47 49 59 30 6 23 48 21 37 16 58 51 5 8 63 42 36 62 52 20 4 41 43 45 7 18 60 14 24 12 61 26 11 32 1 38 35 31 50 15 2 57 40 29 33 64 39 28 
35 62 48 12 18 10 59 37 60 20 63 4 22 61 43 51 17 29 8 56 45 40 53 38 1 39 13 32 46 11 24 49 57 26 34 25 6 50 14 3 15 36 52 31 28 23 2 44 33 21 7 58 27 64 55 9 47 5 16 30 41 42 19 54 
23 33 45 7 34 18 22 20 48 27 15 43 2 25 56 8 26 21 63 47 57 53 64 17 59 42 44 49 1 37 3 52 12 30 61 60 28 36 31 16 39 24 58 55 11 14 13 29 6 51 10 32 38 35 46 62 54 40 4 5 19 9 50 41 
62 30 2 21 39 55 44 60 3 13 33 37 11 29 6 35 59 56 14 41 32 58 51 5 23 61 64 54 12 43 46 16 17 50 49 45 27 53 4 38 18 7 34 36 10 52 19 40 57 22 15 20 47 9 63 26 28 25 42 8 24 48 31 1 
25 56 26 8 47 5 6 52 42 12 23 1 50 30 24 34 4 48 28 16 55 10 9 43 39 51 18 38 33 31 62 17 40 54 19 3 7 32 11 46 21 53 57 35 20 59 27 15 14 45 2 37 36 41 44 58 64 63 13 61 22 29 49 60 
53 16 40 15 12 32 19 9 62 26 22 41 7 28 57 10 61 38 23 50 27 18 45 2 56 13 20 6 55 5 36 8 29 63 43 58 14 42 47 24 48 37 33 25 60 31 44 54 49 64 59 11 1 17 3 4 35 30 46 51 52 39 21 34 
11 3 43 17 57 49 46 24 14 36 9 45 21 31 60 55 62 40 22 20 30 52 34 44 53 32 27 7 47 58 10 63 26 35 15 59 23 39 5 1 61 42 6 64 51 4 41 50 8 13 25 54 19 28 48 29 12 38 18 33 2 37 16 56 
4 35 27 14 10 42 29 48 59 44 5 38 52 19 39 18 54 6 13 49 1 8 31 46 40 24 11 60 30 57 2 26 21 37 22 33 51 64 25 41 3 62 56 9 63 28 47 32 55 53 34 50 16 12 61 43 58 45 15 23 7 17 36 20 
31 50 61 64 28 36 41 51 58 17 20 54 63 53 4 49 12 15 24 37 3 29 42 19 35 34 22 14 21 9 48 25 55 10 18 2 52 6 13 57 8 38 23 46 45 1 16 5 39 60 33 56 30 40 7 27 44 59 47 32 11 62 26 43 
37 58 13 1 59 38 54 63 46 16 61 32 47 51 40 64 33 11 36 7 25 60 39 35 4 15 19 41 50 28 45 29 9 8 20 48 44 56 62 34 43 12 22 30 49 17 26 2 23 31 42 24 21 5 18 52 3 55 57 14 6 53 10 27 
33 19 16 27 35 31 24 15 9 6 60 17 42 39 47 38 44 41 4 61 56 48 23 34 12 10 45 3 53 40 50 54 43 7 1 52 2 14 64 59 55 11 37 13 25 21 32 63 51 57 28 8 46 18 20 22 29 62 30 36 49 5 58 26 
63 52 56 49 21 20 7 14 28 3 12 64 40 15 25 41 35 53 32 62 16 54 38 10 51 36 26 5 18 55 9 48 46 58 33 8 30 23 42 13 60 44 2 6 19 22 31 39 43 11 50 1 61 29 4 24 37 17 59 34 45 47 27 57 
44 32 12 45 36 47 34 2 55 10 24 35 20 22 8 30 29 5 31 25 11 43 18 33 58 23 42 13 27 16 21 60 39 17 3 49 26 51 53 15 46 56 28 50 61 62 57 1 59 6 52 19 64 63 41 37 14 48 9 40 54 38 4 7 
30 60 62 9 25 48 3 50 57 29 56 44 36 32 1 27 24 14 58 45 26 47 40 59 8 43 7 61 22 46 41 37 19 12 4 11 10 20 6 55 64 34 49 51 42 54 15 16 5 23 17 39 2 38 53 13 21 35 52 18 31 28 63 33 
57 22 55 6 23 11 51 40 63 4 58 59 26 62 54 7 42 27 1 28 37 17 49 60 2 38 25 44 39 56 52 19 50 61 41 34 36 21 24 29 5 9 8 47 48 18 35 53 10 14 31 30 45 32 15 33 43 64 20 13 12 46 3 16 
5 54 17 13 4 28 10 8 43 45 2 46 33 49 23 53 64 50 39 19 15 20 36 63 31 59 14 29 35 1 11 6 18 47 44 57 22 9 48 37 52 30 41 27 3 40 38 7 62 25 21 12 26 16 58 34 32 61 24 56 55 60 42 51 
39 18 53 43 1 59 61 41 51 5 37 50 14 11 13 19 21 3 57 12 7 30 46 52 32 63 49 34 4 64 17 62 28 16 38 31 60 35 56 40 10 26 29 58 33 20 24 45 27 54 47 36 48 42 9 55 22 15 23 25 8 2 6 44 
58 38 46 26 29 37 42 64 16 61 21 18 31 52 34 48 9 8 2 6 51 55 13 22 24 28 57 30 15 20 33 47 45 5 62 63 54 25 27 32 17 4 12 23 14 36 59 43 56 40 3 35 7 44 49 60 19 10 53 39 50 41 1 11 
3 1 10 58 43 39 21 17 33 46 41 11 28 26 7 9 22 32 40 55 31 49 2 51 54 29 50 59 48 19 16 35 52 14 60 5 34 57 12 23 4 25 30 15 6 45 63 37 13 20 61 53 44 36 42 64 18 27 8 47 56 24 62 38 
36 55 49 57 20 34 32 35 50 56 38 62 29 14 27 52 23 18 9 24 58 42 30 12 6 60 37 53 64 17 44 61 48 45 13 15 8 11 19 28 47 31 1 54 26 16 7 51 4 41 39 2 33 3 25 40 5 21 43 59 63 10 22 46 
6 7 25 41 8 60 37 16 18 32 54 49 48 44 15 17 5 34 50 46 21 35 4 3 27 22 23 11 43 2 58 20 59 55 42 39 47 24 10 53 29 19 13 33 12 9 14 61 30 38 62 63 56 1 45 51 26 52 28 31 57 36 64 40 
54 2 19 56 38 24 15 33 35 39 59 55 23 45 37 47 20 63 52 27 64 26 62 28 25 7 41 8 49 30 13 46 4 44 51 61 16 31 1 22 53 48 11 10 21 43 40 36 60 29 18 6 17 50 57 5 42 3 34 58 9 12 14 32 
12 47 4 53 48 46 45 30 1 40 31 42 61 64 20 21 10 37 19 11 33 14 25 57 3 18 32 36 34 51 5 9 41 2 63 62 43 38 58 50 27 59 39 22 44 56 28 24 26 52 8 16 55 54 23 7 49 6 60 35 29 15 17 13 
42 9 50 22 44 62 23 26 10 60 51 19 5 8 3 13 41 7 43 48 47 16 59 61 14 21 1 63 28 52 12 38 56 29 6 30 40 18 36 20 34 57 46 32 55 64 17 49 58 27 37 15 31 24 35 11 53 54 25 4 39 33 45 2 
61 51 52 29 5 63 31 28 22 25 4 6 30 2 53 16 8 36 54 38 44 13 15 56 47 57 55 39 45 10 40 24 64 49 17 26 21 27 46 33 20 58 18 60 62 35 42 3 12 9 32 34 59 48 43 14 7 41 1 50 23 11 37 19 
13 27 18 11 40 64 14 59 36 57 34 12 43 58 63 24 6 39 60 53 17 45 1 29 33 62 31 42 26 4 56 15 7 25 37 35 9 3 32 54 2 23 38 5 41 8 50 52 22 28 46 21 49 19 47 10 51 16 48 55 30 20 44 61 
################proper############## 

 average_time = 815.145106 

 success runs = 1 

 total average iters = 29398007.000000 
