Success!!! 
 
 max_col = 
 64 
 
 run_time = 
 1513.329860 
 
 once iters = 
 76420954 
 
7 52 2 13 64 11 15 6 24 4 34 19 31 33 17 10 48 35 29 12 54 30 22 16 55 27 42 23 63 39 58 8 37 44 40 38 53 59 3 20 9 56 62 25 14 41 60 61 36 50 45 32 51 18 26 57 46 5 43 28 21 1 47 49 
19 62 4 54 34 12 30 45 63 46 9 61 52 18 39 27 24 2 49 51 40 60 6 25 38 37 56 50 47 15 43 5 42 64 36 35 17 16 21 33 44 29 7 20 8 58 28 1 3 55 11 48 59 22 23 41 57 53 10 13 31 14 32 26 
21 49 61 33 51 9 56 1 41 20 47 7 15 23 36 44 57 50 3 34 31 4 10 58 53 46 32 22 59 60 62 18 14 48 2 27 28 39 45 30 12 13 63 26 16 55 35 43 6 54 29 64 40 37 52 5 8 11 25 17 42 19 24 38 
43 14 55 18 38 31 10 47 26 60 64 30 54 40 8 62 32 13 37 63 59 41 53 42 28 1 4 35 25 48 17 20 11 61 50 24 15 23 9 58 5 6 49 33 34 51 21 57 19 27 56 2 46 16 44 12 36 39 22 52 7 3 29 45 
35 32 26 3 50 16 17 42 55 11 51 59 58 48 13 45 18 38 56 23 62 36 39 28 57 14 40 10 30 24 52 61 12 8 25 29 41 49 54 5 31 15 47 2 19 37 22 46 21 43 7 53 20 63 60 1 27 33 34 4 64 6 44 9 
20 29 40 63 22 25 53 37 35 2 12 16 57 21 43 28 44 26 45 15 11 5 1 9 19 54 3 49 6 64 7 36 31 10 34 46 18 60 32 4 27 59 39 24 50 17 42 52 61 33 8 62 38 14 47 13 41 23 48 55 30 56 58 51 
41 59 24 60 8 23 39 5 49 29 56 6 53 25 32 42 64 19 46 27 43 14 47 52 12 44 2 21 11 16 33 13 26 62 57 51 22 1 55 7 4 3 54 18 38 48 36 45 34 28 9 58 31 30 10 17 61 15 63 40 35 50 37 20 
46 58 57 28 27 36 48 44 22 38 1 37 50 3 5 14 33 17 7 61 20 8 21 55 45 51 34 31 29 9 26 41 47 63 13 19 56 43 6 52 10 11 64 53 23 40 30 32 4 25 24 35 49 42 15 39 60 12 62 59 2 18 54 16 
5 56 52 11 60 54 55 4 31 57 63 38 29 2 41 16 13 9 23 48 26 21 7 35 27 15 39 42 33 30 37 51 53 50 44 25 20 8 19 36 17 45 24 59 62 43 46 6 64 1 49 28 32 47 61 34 18 3 58 12 14 10 40 22 
15 36 44 26 12 33 3 17 34 56 5 58 62 46 52 48 38 60 40 22 16 43 32 47 54 57 18 59 61 2 9 29 55 28 27 37 13 7 1 11 39 30 4 23 35 49 20 51 42 14 63 31 53 19 8 10 50 45 6 24 25 41 64 21 
2 31 49 21 62 59 18 41 8 9 23 10 55 6 35 22 17 28 12 45 52 64 36 30 16 34 44 3 4 38 53 19 51 15 47 61 54 46 63 60 29 25 57 14 37 50 48 58 56 20 5 40 24 13 43 27 7 32 26 39 1 42 33 11 
32 51 6 58 43 8 34 25 47 21 27 40 36 37 20 19 5 53 61 18 3 50 59 49 1 7 10 26 31 63 24 64 57 14 16 45 4 30 62 38 42 44 52 56 41 11 13 2 39 9 22 23 48 15 12 33 35 29 54 60 55 17 46 28 
63 16 35 64 47 57 20 14 7 15 42 51 33 13 26 30 34 39 24 58 10 62 44 54 50 11 55 28 22 21 6 43 3 56 12 49 23 41 40 29 32 19 5 36 53 9 1 38 45 18 17 46 25 60 37 2 4 31 52 48 61 27 59 8 
10 1 53 37 42 7 61 9 44 54 4 45 32 50 24 18 63 14 41 6 19 29 8 11 46 17 52 20 12 25 47 58 43 21 64 59 34 48 39 26 60 27 40 15 31 28 33 22 57 38 62 30 55 35 3 16 56 51 5 49 36 23 2 13 
50 19 28 45 23 30 27 40 17 3 39 60 1 14 59 25 42 46 15 31 33 55 51 37 41 49 48 8 35 13 56 62 58 9 5 2 24 22 52 32 61 34 12 7 63 64 10 18 54 29 36 26 6 21 4 11 44 20 47 16 57 43 38 53 
29 46 22 48 39 38 24 13 61 12 53 43 11 28 49 64 20 56 57 2 25 1 4 27 40 23 5 36 14 32 45 60 18 33 42 10 35 6 17 31 26 8 3 16 54 21 55 47 59 52 41 44 50 58 7 51 9 34 15 37 62 63 30 19 
31 64 41 5 59 4 42 39 29 40 20 3 60 49 23 7 11 6 32 38 51 61 30 10 22 33 36 18 62 35 1 34 54 16 45 12 14 2 15 9 48 52 58 47 46 26 25 27 43 17 28 50 37 55 57 44 21 56 53 19 8 13 63 24 
53 54 56 1 30 37 26 20 2 27 44 46 5 36 63 15 29 31 47 49 17 22 12 14 13 61 58 40 19 8 42 57 21 11 52 7 43 33 10 28 62 39 60 45 55 3 34 9 41 64 48 6 23 25 24 4 38 35 16 32 59 51 18 50 
33 23 12 14 32 17 52 7 39 53 43 35 47 8 1 34 60 18 19 13 21 40 63 56 24 59 9 11 37 5 44 25 27 36 46 26 55 62 22 50 30 57 31 41 20 10 51 16 58 49 61 15 42 45 38 29 6 64 28 3 4 54 48 2 
60 61 29 8 35 24 16 15 38 19 57 17 45 10 18 6 54 62 34 5 7 44 3 4 48 55 12 46 49 20 23 26 59 53 41 32 42 64 30 63 50 22 43 28 21 14 56 37 13 51 2 52 47 11 27 40 39 25 9 31 33 58 1 36 
44 3 11 55 21 49 50 28 62 52 33 48 56 32 58 12 23 24 39 42 53 59 25 26 47 63 43 6 2 31 29 30 60 40 19 5 8 61 51 57 64 35 13 38 18 4 7 17 1 16 10 36 14 9 54 46 34 41 45 22 20 37 27 15 
27 47 48 46 40 22 13 58 30 31 14 24 16 26 11 4 15 57 50 9 28 20 41 36 51 10 21 64 3 45 39 53 25 37 35 23 38 56 34 17 2 61 1 44 6 42 54 33 8 19 32 18 12 62 63 59 29 43 55 5 49 52 7 60 
36 57 51 43 6 45 25 38 59 55 22 41 61 9 54 13 2 33 52 46 58 48 37 64 60 4 28 16 50 27 14 32 29 1 18 47 39 3 44 49 19 5 53 63 15 24 8 23 35 21 30 20 34 31 56 7 40 26 17 10 11 12 42 62 
18 34 63 62 9 10 2 19 21 37 50 28 25 42 64 51 1 16 55 8 27 35 45 43 56 41 38 15 52 7 54 17 13 58 6 4 31 20 24 48 59 36 11 40 29 32 49 12 26 3 33 22 60 39 5 53 30 47 61 57 23 44 14 46 
28 4 31 20 53 46 59 56 52 64 40 42 19 12 48 9 39 32 38 47 35 18 55 13 34 5 30 14 60 36 15 45 49 54 24 6 3 25 26 51 23 37 50 43 10 57 2 8 11 44 21 17 1 41 16 62 63 7 29 33 58 22 61 27 
23 13 14 2 57 55 35 34 37 30 60 20 51 1 62 11 26 12 54 52 24 27 64 53 7 48 59 47 41 40 8 22 10 17 39 44 33 45 46 43 3 63 42 5 49 31 16 36 29 58 18 38 56 61 6 32 15 28 50 9 19 21 4 25 
9 40 5 25 45 27 33 36 54 22 6 21 35 58 34 24 43 30 20 16 61 15 28 19 29 62 37 38 17 11 2 50 23 31 8 53 57 63 14 59 56 51 55 39 7 18 32 4 47 46 42 12 3 48 13 64 10 1 49 41 52 60 26 44 
42 60 16 51 29 18 21 3 28 33 41 56 39 38 55 49 8 36 2 7 23 46 57 44 20 52 61 12 26 1 63 10 64 4 30 62 19 50 48 22 58 17 35 34 27 13 9 24 15 5 40 43 54 59 25 31 32 14 37 45 6 53 11 47 
37 24 38 41 44 43 22 50 32 36 18 2 7 63 16 59 31 10 51 40 4 3 62 6 49 64 46 58 56 54 57 9 15 27 11 52 60 13 35 61 53 26 14 21 25 1 47 29 55 39 34 33 30 28 19 45 23 48 12 42 5 8 20 17 
11 6 7 39 61 52 19 26 57 17 3 47 14 4 31 29 49 63 42 59 50 45 58 5 25 18 35 55 51 53 27 33 34 41 32 1 21 37 28 40 15 62 22 64 44 12 38 48 23 60 20 24 10 8 9 36 2 13 56 46 54 30 16 43 
64 63 10 47 1 58 62 48 45 8 13 15 44 5 50 53 14 34 17 60 41 25 33 29 21 32 23 43 24 6 4 16 38 42 55 56 2 9 20 12 54 28 19 61 52 46 11 30 37 7 51 27 57 26 22 49 3 59 36 35 18 40 39 31 
8 30 15 49 17 32 12 54 10 26 61 27 46 43 25 23 21 37 1 11 48 9 56 22 44 42 19 13 39 28 31 3 36 47 29 16 5 58 7 18 6 33 20 60 40 45 59 41 50 2 4 14 63 53 35 52 24 55 57 51 38 34 62 64 
57 10 30 29 5 63 38 43 19 39 26 14 21 31 45 37 59 51 44 35 22 34 42 40 32 8 62 56 23 55 61 24 2 6 60 17 12 4 53 16 52 54 15 49 36 25 50 11 7 48 47 13 9 1 20 28 64 46 18 27 41 33 3 58 
16 25 54 19 46 51 44 31 9 7 35 55 17 20 47 58 28 52 33 4 15 32 43 12 5 53 60 39 36 14 64 27 61 49 1 42 40 29 50 13 63 23 45 22 59 62 26 3 24 41 38 8 18 10 11 6 48 30 2 56 34 57 21 37 
1 22 64 4 11 20 49 21 42 10 24 33 18 15 60 54 61 5 9 57 14 7 27 50 35 6 41 34 48 29 38 2 62 43 58 3 45 31 23 55 46 47 51 17 39 16 37 56 32 59 53 19 44 40 36 30 28 63 8 26 13 25 52 12 
24 2 62 34 18 28 41 23 53 50 48 49 13 11 22 61 56 3 36 64 6 63 16 39 17 40 31 4 20 37 46 1 5 32 14 54 30 27 8 47 57 38 10 19 43 33 58 44 25 26 60 42 52 12 51 21 59 9 7 15 29 35 45 55 
3 42 47 17 52 60 58 35 43 41 25 29 12 30 6 8 46 20 53 26 49 54 2 45 11 13 50 33 57 18 59 28 63 22 7 39 9 36 38 15 55 21 48 1 61 34 4 5 16 31 23 37 27 64 14 56 51 19 44 62 24 32 10 40 
48 33 32 50 36 6 14 8 40 62 46 52 27 16 28 5 25 55 21 37 30 23 13 38 26 47 63 54 10 58 19 42 44 57 59 11 51 35 56 41 18 24 9 12 60 2 64 7 49 34 43 3 15 29 45 61 1 22 20 53 39 31 17 4 
56 37 59 40 26 39 9 53 64 51 2 23 63 57 44 32 19 29 58 24 1 11 60 62 30 16 25 45 7 3 12 15 20 18 21 48 52 34 33 10 13 41 8 27 42 6 31 28 5 35 54 55 4 46 17 22 43 50 14 36 47 38 49 61 
61 7 27 12 13 15 45 55 4 1 36 34 38 59 56 3 47 48 18 41 8 10 17 31 9 43 49 52 21 51 22 44 24 19 28 64 46 26 37 25 20 40 32 29 30 35 53 14 33 62 58 57 39 50 2 63 11 54 60 23 16 5 6 42 
54 28 17 36 4 2 31 64 15 32 21 18 3 22 61 50 9 44 48 43 34 37 40 33 63 38 8 41 5 26 51 59 35 46 62 60 11 55 47 27 25 16 23 30 13 53 14 49 52 24 57 7 45 6 29 20 58 42 19 1 56 39 12 10 
14 12 3 59 24 56 8 52 23 16 37 5 9 39 40 55 51 7 60 1 47 13 29 21 42 58 22 32 43 49 18 54 19 45 38 30 44 10 36 2 11 20 28 35 33 63 41 64 62 53 46 25 17 27 34 15 31 61 4 6 48 26 50 57 
40 50 25 35 15 41 51 63 56 45 54 44 24 29 42 38 30 22 16 36 57 12 18 20 39 31 11 48 64 46 55 14 28 13 17 43 37 5 4 21 34 10 6 52 58 27 61 60 9 23 1 47 19 3 32 26 62 2 59 7 53 49 8 33 
34 27 1 6 7 5 32 49 33 35 17 64 30 62 4 47 10 58 14 53 46 26 11 63 61 20 45 24 28 23 36 52 48 59 15 9 29 40 41 42 43 2 56 54 57 19 12 31 38 37 50 39 8 44 21 18 55 60 13 25 51 16 22 3 
26 21 23 61 37 47 11 60 13 48 10 63 28 53 46 36 4 49 6 17 39 52 19 3 33 2 16 1 44 57 25 35 8 20 22 34 50 24 18 14 7 9 38 42 5 29 62 55 12 30 59 56 43 51 31 58 45 27 40 54 32 64 15 41 
62 18 45 44 20 48 57 33 25 58 8 26 59 34 12 31 35 41 27 54 5 42 61 23 4 19 6 9 13 50 30 7 56 52 53 63 64 32 16 1 22 46 17 51 24 15 3 39 2 36 55 10 11 49 40 60 14 21 38 43 37 47 28 29 
30 39 9 53 16 13 29 22 1 43 19 57 2 60 7 20 62 45 64 55 38 31 24 59 10 12 27 37 15 17 3 56 33 25 54 58 49 51 61 6 8 32 18 50 26 47 40 21 28 63 14 41 35 4 48 42 52 36 11 34 44 46 23 5 
38 43 58 42 55 19 46 10 51 6 52 11 49 27 14 41 50 25 8 28 2 56 15 32 62 60 53 29 40 34 21 47 39 23 26 31 7 57 12 3 1 48 44 37 4 36 45 59 22 61 13 5 16 33 64 54 17 18 24 30 9 20 35 63 
12 48 50 31 54 53 5 51 18 49 15 39 34 61 10 56 7 21 4 29 13 2 14 24 43 45 33 63 16 19 28 40 46 55 20 57 62 47 42 23 35 60 27 58 64 52 6 25 17 11 44 9 22 32 30 3 37 8 41 38 26 59 36 1 
45 15 18 38 49 35 64 27 16 47 31 50 6 55 29 52 53 23 30 3 37 58 26 61 36 9 7 17 46 62 41 12 32 2 56 22 1 44 25 8 40 43 33 13 11 59 57 34 14 4 19 21 5 20 39 24 42 10 51 63 28 48 60 54 
4 8 46 10 19 61 7 2 36 42 28 25 22 51 37 33 6 59 5 44 45 57 20 17 3 21 14 60 27 52 48 23 41 35 9 50 63 15 43 53 24 1 16 32 47 38 39 26 31 13 64 34 62 54 49 55 12 58 30 29 40 11 56 18 
52 26 33 30 56 44 40 16 14 59 11 1 8 7 38 57 36 43 22 32 9 49 50 60 15 39 64 53 34 42 13 4 6 29 48 28 10 19 58 24 45 31 37 3 2 20 5 54 51 12 27 63 41 23 18 25 47 17 21 61 46 62 55 35 
13 9 39 57 3 42 63 11 60 24 58 4 48 35 21 26 16 64 10 62 12 51 54 46 59 22 29 30 18 47 20 55 17 5 31 40 61 38 49 37 41 14 36 8 28 44 19 50 53 15 6 45 33 56 1 43 25 52 32 2 27 7 34 23 
17 20 36 23 58 1 47 62 3 44 32 9 41 19 53 43 52 11 25 56 55 39 31 15 8 26 24 51 54 10 49 37 16 30 4 18 27 14 64 34 21 42 61 48 12 7 29 63 46 40 35 60 28 2 59 38 13 57 33 50 22 45 5 6 
25 55 60 32 28 34 6 59 27 23 45 12 64 54 30 40 41 1 35 19 63 47 48 18 2 50 57 44 58 61 5 38 52 51 33 21 26 11 13 39 49 4 46 62 22 56 17 15 10 8 16 29 36 7 42 37 53 24 3 20 43 9 31 14 
22 41 43 24 14 21 37 29 46 5 62 13 20 17 2 63 40 27 28 33 42 38 34 8 6 35 1 25 32 56 11 31 7 12 3 36 59 54 60 45 51 53 30 55 9 23 18 10 48 57 26 61 58 52 50 47 16 49 64 44 15 4 19 39 
47 38 42 16 41 29 54 57 20 34 55 36 10 52 3 2 58 4 13 39 60 6 23 51 31 30 15 7 8 43 35 21 45 26 37 14 48 17 11 62 28 64 59 9 1 22 27 53 40 56 12 49 61 5 33 50 19 44 46 18 63 24 25 32 
58 45 34 15 25 26 36 32 5 13 59 31 23 41 51 17 12 61 63 21 18 24 9 57 14 28 20 62 55 22 40 6 1 39 49 33 47 52 27 64 16 50 29 46 48 60 44 35 30 10 37 11 7 38 53 19 54 4 42 8 3 2 43 56 
6 11 37 56 63 62 43 24 48 18 7 53 40 64 57 1 55 54 31 20 44 16 5 2 52 29 47 19 42 33 50 49 9 60 61 41 36 12 59 46 14 58 25 10 45 39 23 13 27 32 3 4 26 34 28 8 22 38 35 21 17 15 51 30 
51 44 8 22 2 14 28 30 6 25 16 62 42 24 15 60 27 40 11 10 64 17 49 1 58 36 54 5 38 4 34 46 50 7 23 55 32 53 57 56 33 18 21 31 3 61 63 19 20 45 52 59 13 43 41 35 26 37 39 47 12 29 9 48 
49 53 13 7 33 64 1 12 50 63 38 8 43 56 19 21 37 47 62 14 32 28 35 34 23 25 51 27 9 41 60 11 4 3 10 15 16 42 29 44 36 55 26 6 17 30 52 20 18 22 39 54 2 24 46 48 5 40 31 58 45 61 57 59 
55 5 20 9 48 3 60 18 12 61 49 32 37 45 27 35 22 42 59 25 36 19 46 41 64 56 26 57 1 44 10 39 30 34 43 13 6 21 31 54 38 7 2 4 51 8 24 40 63 47 15 16 29 17 58 14 33 62 23 11 50 28 53 52 
59 35 21 27 31 40 23 46 11 28 30 54 4 44 33 39 3 15 26 50 29 53 52 7 37 24 17 61 45 12 32 48 22 38 63 8 58 18 2 19 47 49 41 57 56 5 43 42 60 6 25 51 64 36 62 9 20 16 1 14 10 55 13 34 
39 17 19 52 10 50 4 61 58 14 29 22 26 47 9 46 45 8 43 30 56 33 38 48 18 3 13 2 53 59 16 63 40 24 51 20 25 28 5 35 37 12 34 11 32 54 15 62 44 42 31 1 21 57 55 23 49 6 27 64 60 36 41 7 
################proper############## 

 average_time = 1513.329860 

 success runs = 1 

 total average iters = 76420954.000000 
