Success!!! 
 
 max_col = 
 64 
 
 run_time = 
 1238.502666 
 
 once iters = 
 50606187 
 
37 64 11 19 29 17 54 35 44 24 41 58 30 36 51 40 28 2 56 5 45 49 4 6 50 15 42 31 12 46 38 34 63 21 59 13 18 43 47 62 52 33 23 55 53 27 3 9 20 60 10 22 25 7 14 26 1 32 57 48 16 8 61 39 
32 3 58 62 60 57 63 21 31 11 25 4 1 5 43 61 53 46 8 13 16 7 15 64 10 22 28 9 49 54 47 55 44 41 27 23 38 20 37 14 56 24 19 39 48 35 59 30 42 12 52 40 51 18 50 33 45 29 26 34 36 17 6 2 
20 6 18 4 49 22 25 46 13 54 33 29 28 34 32 35 44 39 42 59 27 14 60 9 5 63 40 56 52 51 62 61 12 26 1 57 55 19 48 10 37 36 8 31 2 38 58 47 21 45 16 15 30 11 17 53 64 43 3 41 7 24 23 50 
13 48 36 27 38 8 52 24 9 56 14 37 22 12 39 55 32 61 40 50 35 47 11 63 26 6 33 23 29 2 30 43 54 17 25 16 3 45 49 60 7 1 57 46 62 21 41 51 31 28 34 4 58 64 19 5 53 20 44 42 15 59 10 18 
7 12 31 9 43 53 28 14 6 62 8 23 17 45 16 15 26 51 33 57 30 20 3 41 11 64 21 37 27 35 48 58 34 42 40 5 22 36 32 56 18 44 25 29 13 61 10 50 24 59 2 1 54 49 39 46 63 52 4 55 60 19 47 38 
16 40 44 5 56 39 15 55 20 59 38 26 27 10 18 53 1 21 19 36 54 52 37 22 45 60 17 24 3 57 4 41 30 7 51 2 29 11 8 50 34 49 6 12 42 64 43 63 47 61 48 32 23 62 9 13 25 33 14 28 35 46 58 31 
1 42 41 45 23 33 2 34 46 63 60 48 21 50 47 49 43 25 31 58 29 10 12 55 19 16 18 7 39 44 59 14 24 52 15 64 6 53 61 28 4 26 32 17 11 20 40 22 37 35 38 57 56 8 36 3 51 13 54 30 27 5 62 9 
30 10 59 51 50 47 26 61 2 3 42 52 57 64 7 19 23 62 17 34 48 38 18 24 36 25 13 53 8 32 1 20 46 35 33 31 39 4 9 58 60 28 5 15 16 45 54 14 63 55 43 44 6 41 29 27 11 40 56 49 37 12 22 21 
35 41 50 18 8 26 9 63 36 20 57 53 3 15 58 13 45 6 55 60 34 64 25 51 52 23 39 28 62 19 14 40 22 31 42 32 56 17 12 54 27 46 21 59 24 16 38 61 1 37 29 47 44 30 7 2 33 4 11 5 49 48 43 10 
19 46 6 11 54 52 29 59 55 50 7 24 63 38 26 8 5 44 32 49 47 4 53 61 64 12 43 33 48 25 51 2 13 40 10 41 30 9 45 16 62 3 60 1 17 56 34 35 57 39 18 21 31 22 28 14 37 23 58 15 20 42 27 36 
17 44 4 25 45 37 30 15 18 32 6 19 46 61 11 1 56 3 35 33 58 8 28 31 7 47 50 42 55 38 10 54 57 59 39 62 43 63 51 21 14 23 52 64 49 5 12 13 60 20 27 48 36 9 26 34 41 24 29 22 2 53 16 40 
53 61 32 3 39 5 56 13 37 31 48 27 44 35 10 47 11 30 62 23 38 57 7 1 29 46 34 4 24 22 60 59 14 19 55 25 15 49 58 18 43 41 26 6 20 36 2 28 64 40 50 33 12 42 16 52 54 9 8 45 51 21 17 63 
43 14 22 49 36 58 64 60 42 41 62 12 54 28 34 23 63 52 2 16 17 9 40 46 32 45 20 26 21 15 56 13 47 1 3 6 33 27 4 24 53 29 18 8 55 50 37 48 25 19 11 5 10 61 51 59 39 38 35 57 31 30 44 7 
28 31 2 48 42 12 33 1 30 21 49 56 29 17 25 52 20 13 10 15 22 37 39 19 27 9 57 58 36 18 16 44 64 60 8 46 50 35 5 26 45 47 40 32 51 54 11 7 43 41 53 38 63 4 24 23 61 62 34 3 14 6 55 59 
38 16 20 24 34 21 57 27 4 40 45 60 2 22 59 51 54 43 18 14 12 50 48 29 41 5 1 8 37 17 63 30 52 23 11 53 28 61 7 36 58 10 31 42 44 9 39 33 49 15 6 62 55 13 3 35 47 64 25 56 46 26 19 32 
10 47 62 40 55 23 7 51 43 5 39 9 14 16 64 33 27 24 36 21 41 26 59 42 61 35 53 11 6 31 49 3 48 38 44 34 20 2 29 37 22 57 30 25 63 19 4 15 32 46 58 8 17 54 45 56 50 12 18 13 52 1 28 60 
46 34 45 57 40 16 35 18 52 28 15 51 25 23 27 56 49 22 50 55 61 58 62 33 42 41 54 63 30 6 2 31 60 20 64 24 19 59 1 39 5 12 44 26 36 48 8 21 4 43 13 9 11 29 37 47 38 17 10 53 32 3 7 14 
29 43 30 8 3 19 20 58 54 33 2 14 36 59 40 17 9 38 16 32 4 48 56 57 13 34 46 39 7 11 23 64 18 47 28 52 51 21 50 55 31 27 62 49 37 24 15 41 35 42 60 63 5 53 6 10 22 26 61 12 1 44 45 25 
42 2 1 56 62 15 60 26 21 35 37 8 7 63 61 30 41 12 11 40 13 53 19 10 57 20 55 25 18 9 5 52 58 33 14 44 36 48 43 3 6 38 22 23 39 34 45 54 59 17 28 50 27 46 32 51 16 47 31 64 24 49 4 29 
54 63 9 37 4 64 41 33 48 43 32 47 42 53 13 31 46 5 28 39 23 24 29 60 1 50 12 15 26 45 17 10 6 16 57 38 25 62 34 7 40 52 3 61 58 2 18 19 14 22 44 30 49 55 20 8 56 35 59 27 11 36 21 51 
12 5 28 39 32 6 55 53 41 38 3 11 10 18 4 34 25 27 37 31 20 44 36 35 21 59 58 14 51 43 29 62 9 22 46 61 8 23 40 49 13 17 47 57 30 7 56 1 16 48 64 26 24 45 2 15 19 50 42 54 33 63 60 52 
49 25 24 14 22 51 13 7 58 29 26 57 20 44 6 5 17 45 47 64 43 2 1 3 60 40 4 48 28 36 27 32 37 11 41 12 54 42 10 30 59 9 63 53 35 46 50 16 52 33 56 61 21 19 31 38 23 34 62 39 55 18 8 15 
27 21 47 38 61 50 59 23 60 19 22 62 24 1 12 64 30 42 34 54 14 18 63 52 16 49 44 3 35 33 37 8 15 5 56 45 26 31 17 53 29 51 4 10 28 55 32 11 39 25 36 41 7 57 58 40 20 6 46 2 43 9 48 13 
52 17 48 36 31 11 44 10 49 16 9 39 50 46 55 45 6 59 15 7 26 21 51 8 53 61 56 38 47 24 19 22 27 32 35 63 4 29 2 13 33 64 42 43 14 60 20 25 18 62 1 34 3 23 12 54 40 37 30 58 41 28 5 57 
56 27 8 15 52 62 24 49 35 57 29 46 31 26 42 39 18 11 53 12 60 6 16 30 25 28 48 44 2 63 50 36 1 55 4 14 10 40 59 9 3 37 64 13 5 17 22 20 23 38 33 43 34 47 21 41 32 7 51 61 19 45 54 58 
55 1 19 35 37 18 4 47 64 34 61 21 59 32 53 50 24 17 7 20 10 45 9 23 38 33 22 6 16 41 43 42 62 13 2 26 12 56 57 51 46 8 58 48 15 39 44 36 11 29 30 3 52 60 54 28 49 5 63 14 25 31 40 27 
58 20 43 17 7 9 34 40 10 51 47 6 60 11 54 18 29 48 26 37 55 1 27 38 35 24 64 5 14 49 12 39 33 3 30 28 16 50 36 52 19 42 61 21 45 63 31 2 8 53 22 25 62 59 4 32 57 15 13 44 23 56 46 41 
11 59 42 21 30 41 10 6 5 44 19 25 43 27 14 12 2 28 49 22 63 32 61 39 40 53 3 60 9 8 31 29 20 34 24 35 37 46 54 48 23 7 56 47 52 1 33 26 15 51 17 45 57 58 13 50 55 16 64 18 38 4 36 62 
31 39 5 60 57 25 61 28 40 8 17 41 4 30 2 38 19 64 52 3 33 43 54 58 34 51 23 46 11 13 7 1 21 44 49 27 32 22 15 45 10 59 24 62 12 18 14 6 56 16 63 42 26 20 55 36 29 53 50 35 48 37 9 47 
22 26 46 13 48 2 14 38 16 52 24 55 23 3 45 36 31 57 4 56 40 51 44 50 58 37 62 21 15 59 20 19 11 18 53 47 63 60 64 8 9 25 29 34 54 41 28 32 61 5 35 7 1 39 27 49 30 42 43 6 17 10 12 33 
63 50 29 16 33 54 53 12 28 15 20 13 37 9 62 22 36 35 41 42 21 46 8 47 55 10 45 27 56 26 32 17 25 61 38 58 7 5 23 19 57 43 49 60 40 51 30 4 6 24 31 64 14 48 18 44 34 2 1 52 39 11 59 3 
45 51 23 32 64 44 3 36 33 49 56 7 48 58 1 63 62 14 13 25 15 59 5 34 4 52 47 61 54 30 57 18 29 43 6 17 31 39 42 41 55 50 53 35 27 11 16 38 9 10 37 19 2 40 46 12 60 22 24 21 8 20 26 28 
60 24 10 55 11 29 43 37 7 4 36 20 62 2 28 6 59 1 21 45 52 15 14 25 31 8 49 18 61 23 44 26 38 39 54 9 27 41 30 5 12 63 46 40 34 13 48 3 22 56 19 16 35 50 64 42 58 57 53 33 47 32 51 17 
23 9 34 41 21 35 22 4 47 14 52 42 15 37 46 57 33 16 5 48 49 55 43 17 56 7 36 20 50 39 6 28 2 24 58 19 44 64 25 32 30 61 27 51 8 29 53 62 13 18 54 11 45 10 59 31 26 60 38 1 3 40 63 12 
25 32 16 12 5 3 58 50 19 48 34 61 35 49 38 59 13 40 29 30 64 36 10 44 51 17 27 47 41 1 45 9 7 62 26 42 53 57 28 63 15 2 20 33 31 22 6 18 46 4 14 39 60 37 43 21 24 8 23 11 54 52 56 55 
39 36 13 64 6 46 17 45 51 55 10 54 12 33 63 58 37 7 61 53 56 62 47 20 43 11 15 57 42 34 25 35 3 50 16 29 40 18 60 59 49 21 28 4 26 32 23 52 41 8 5 2 9 1 38 24 27 19 48 31 44 14 30 22 
26 28 27 7 59 1 31 56 22 30 18 43 16 60 17 3 38 63 51 41 39 34 2 12 24 48 19 10 40 21 58 53 4 46 37 33 11 8 13 47 25 45 54 5 50 14 42 55 62 44 23 6 29 32 52 57 9 49 36 20 61 15 64 35 
48 62 54 63 53 42 40 8 11 64 13 44 32 25 9 41 60 4 23 19 50 31 58 27 3 38 14 55 22 12 46 5 61 45 21 49 1 52 20 43 35 16 10 24 47 57 7 56 26 36 15 51 33 34 30 17 18 28 37 29 59 2 39 6 
18 15 33 52 47 61 38 19 39 27 23 31 45 40 29 21 57 32 9 8 24 22 46 26 37 13 30 2 59 4 54 16 35 6 34 48 14 51 56 12 11 60 17 44 1 58 36 64 7 63 20 53 28 3 49 55 10 41 5 43 62 25 50 42 
44 49 57 30 2 14 51 20 50 1 53 5 56 24 8 26 3 54 6 35 18 28 42 11 63 29 32 52 60 62 64 33 55 10 36 22 23 15 31 17 41 39 38 37 9 43 19 59 40 27 61 58 48 12 47 25 21 45 16 46 4 7 13 34 
9 54 37 28 20 13 27 22 57 2 64 59 51 29 52 43 14 8 25 61 46 35 50 49 6 62 38 41 31 58 11 47 40 30 63 1 24 10 33 44 36 15 7 3 23 42 5 34 55 21 4 56 32 26 53 45 48 39 19 17 12 60 18 16 
47 58 40 23 17 10 62 42 3 26 50 1 11 31 56 20 55 15 22 29 19 54 64 48 12 4 52 30 32 37 39 63 28 2 43 59 60 14 18 25 51 6 33 9 46 8 21 45 5 13 49 35 41 36 61 16 7 44 27 38 53 34 57 24 
21 35 56 50 41 48 49 64 53 58 16 36 33 7 37 62 39 34 63 10 3 23 57 5 44 42 29 13 1 20 22 27 45 12 32 55 9 54 19 6 47 18 14 28 59 40 25 60 38 31 46 24 8 17 11 30 15 51 2 4 26 61 52 43 
36 19 26 34 14 7 6 11 27 18 28 32 5 8 24 10 16 47 30 43 62 17 31 40 59 21 25 51 57 53 3 60 56 4 48 39 41 13 38 15 2 35 50 20 61 37 64 49 33 58 9 12 22 52 44 1 46 63 55 23 45 29 42 54 
3 55 51 44 24 31 45 29 34 60 40 35 38 19 22 46 4 53 58 28 59 13 6 32 15 26 61 54 23 64 8 7 17 49 50 11 47 16 52 42 63 62 12 56 41 30 27 43 2 57 25 10 18 14 48 39 5 21 20 36 9 33 1 37 
61 60 12 1 63 4 32 16 23 47 55 15 6 21 30 54 52 36 45 27 9 41 20 2 33 18 5 17 46 14 24 56 53 51 29 8 62 26 22 35 48 13 39 19 38 31 57 44 34 3 7 28 42 43 40 37 59 58 49 50 10 64 25 11 
8 52 25 59 18 43 46 39 61 42 4 17 9 13 44 14 12 26 60 51 1 33 38 37 49 2 16 36 34 48 40 45 23 64 5 20 21 7 3 57 24 58 55 11 22 53 29 10 27 50 62 54 15 6 63 19 28 31 32 47 56 35 41 30 
57 33 53 2 15 38 5 30 45 25 12 63 41 39 49 48 7 18 24 44 11 42 21 56 28 55 35 19 43 10 9 50 31 36 61 37 46 58 27 34 32 54 1 16 4 26 52 17 29 47 59 60 20 51 23 64 6 3 40 62 22 13 14 8 
5 29 49 43 35 45 12 54 14 17 21 40 55 42 50 2 61 9 48 11 7 63 32 28 23 57 8 62 19 56 33 37 41 27 47 36 59 30 26 38 16 22 34 52 18 6 13 53 10 64 51 31 46 24 1 4 44 25 15 60 58 39 3 20 
34 23 7 46 10 20 18 32 62 13 1 22 8 57 5 25 58 56 59 26 36 40 49 21 9 39 63 64 53 27 61 12 43 37 19 50 52 3 14 2 44 31 45 41 29 33 17 42 54 6 47 55 38 35 15 60 4 11 28 51 30 16 24 48 
6 4 38 22 44 40 19 9 59 61 51 30 26 43 23 60 8 10 3 24 31 16 35 45 48 32 2 34 13 47 18 11 42 29 20 15 17 33 39 64 50 5 36 7 56 25 55 37 12 14 21 27 53 28 62 58 52 1 41 63 57 54 49 46 
15 56 3 58 28 60 42 48 38 7 31 10 34 4 36 44 51 20 39 52 37 12 30 62 54 14 41 50 45 29 55 21 16 8 13 40 57 24 63 46 1 32 11 27 64 47 35 23 17 9 26 49 19 25 33 43 2 61 6 59 18 22 53 5 
64 37 17 33 1 27 50 57 24 6 63 45 39 54 19 16 15 41 14 38 2 5 55 18 22 36 60 40 44 28 35 51 32 53 31 4 58 25 11 61 20 48 9 30 21 49 62 46 3 34 8 52 59 56 42 7 43 10 12 26 13 47 29 23 
2 8 63 47 25 30 39 62 56 12 11 3 52 20 33 27 64 23 57 1 53 29 17 4 46 43 24 59 38 42 15 6 49 9 60 18 34 28 21 22 26 14 51 54 19 10 61 58 44 32 41 36 13 16 5 48 31 55 7 37 40 50 35 45 
24 13 61 31 26 55 16 41 15 53 58 18 64 47 48 32 50 33 46 6 25 27 34 54 17 1 10 49 20 3 52 4 51 56 12 7 5 44 35 23 28 40 43 63 57 59 60 8 45 30 39 29 37 2 22 11 36 14 21 9 42 62 38 19 
59 11 14 53 51 36 21 52 29 9 46 28 49 41 35 37 22 60 44 47 42 19 13 43 30 31 7 16 58 5 26 25 10 48 62 54 45 6 55 1 38 4 15 2 3 12 24 39 50 23 40 18 61 63 57 20 8 56 17 32 34 27 33 64 
51 57 35 54 16 24 1 5 17 36 43 33 13 48 20 11 42 50 64 63 44 39 52 14 2 27 31 22 10 40 53 49 26 28 18 60 61 34 41 29 8 56 37 58 6 62 46 12 30 7 55 23 47 15 25 9 3 59 45 19 21 38 32 4 
4 53 55 10 12 63 11 44 26 37 27 38 18 52 41 7 21 58 43 62 6 3 45 15 47 19 59 29 33 16 34 46 50 54 22 30 2 1 24 40 17 20 48 14 32 28 9 57 51 49 42 13 39 5 8 61 35 36 60 25 64 23 31 56 
62 38 21 20 58 59 48 17 32 22 30 2 40 55 31 4 35 29 1 9 8 56 33 53 18 54 51 12 25 61 28 23 19 57 7 10 64 47 6 11 42 34 13 45 60 15 49 5 36 52 3 46 16 44 41 63 14 27 39 24 50 43 37 26 
14 18 39 6 13 49 47 25 1 45 59 34 19 56 57 42 10 37 54 46 5 30 22 36 62 58 26 43 4 52 41 24 8 15 9 3 35 12 44 27 21 55 16 50 7 23 63 31 53 11 32 20 64 38 60 29 17 48 33 40 28 51 2 61 
33 22 15 26 27 34 8 3 63 46 5 64 53 14 21 28 47 49 20 2 32 60 23 13 39 56 6 45 17 50 42 57 36 25 52 43 48 37 16 4 61 19 41 38 10 44 51 24 58 54 12 59 40 31 35 18 62 30 9 7 29 55 11 1 
50 7 64 29 19 32 23 2 12 10 44 49 61 62 60 9 34 31 27 17 57 25 41 59 8 3 11 1 5 55 21 48 39 14 45 51 13 38 46 20 54 30 35 36 43 52 47 40 28 26 24 37 4 33 56 6 42 18 22 16 63 58 15 53 
41 30 52 61 46 56 37 43 25 23 35 16 58 51 15 24 40 19 12 4 28 11 26 7 20 44 9 32 64 60 36 38 5 63 17 21 42 55 62 31 39 53 59 18 33 3 1 29 48 2 45 14 50 27 10 22 13 54 47 8 6 57 34 49 
40 45 60 42 9 28 36 31 8 39 54 50 47 6 3 29 48 55 38 18 51 61 24 16 14 30 37 35 63 7 13 15 59 58 23 56 49 32 53 33 64 11 2 22 25 4 26 27 19 1 57 17 43 21 34 62 12 46 52 10 5 41 20 44 
################proper############## 

 average_time = 1238.502666 

 success runs = 1 

 total average iters = 50606187.000000 
