Success!!! 
 
 max_col = 
 64 
 
 run_time = 
 935.772789 
 
 once iters = 
 37869843 
 
17 8 2 33 4 52 22 28 1 46 21 53 3 25 58 56 40 13 41 48 30 45 7 34 16 43 11 38 61 19 10 6 36 14 44 24 37 15 50 18 26 12 49 57 39 63 60 35 64 9 54 29 32 51 62 55 31 20 47 23 42 59 5 27 
27 34 56 58 3 14 16 25 29 33 62 50 22 19 7 28 26 35 21 32 11 37 49 5 31 20 44 60 1 15 55 40 45 12 23 53 51 10 6 48 9 43 64 4 59 42 8 46 2 52 47 41 61 24 63 30 17 54 38 57 39 13 18 36 
26 47 18 54 7 43 35 5 13 64 51 23 10 36 30 8 14 57 33 15 6 4 55 60 58 9 45 42 41 37 28 62 32 38 27 59 2 34 11 61 48 40 29 53 24 25 21 19 16 39 44 17 22 20 31 46 12 50 52 56 49 63 1 3 
11 24 31 19 20 50 55 36 48 18 41 40 54 38 9 16 61 56 51 28 53 52 2 3 34 25 30 39 7 12 33 4 5 47 21 46 63 57 17 49 45 37 23 13 27 6 22 32 59 42 26 60 35 43 1 14 44 15 10 29 58 8 62 64 
63 44 53 60 41 13 46 21 52 57 43 17 20 45 6 24 22 31 39 9 62 59 27 25 56 5 23 51 29 54 35 32 42 40 1 7 64 4 55 26 61 47 38 10 15 58 14 50 18 37 49 8 36 3 12 33 48 30 28 2 19 16 34 11 
37 30 62 12 61 64 38 51 35 60 4 55 5 31 32 14 10 63 23 50 19 42 43 36 18 57 52 49 47 2 59 21 25 39 16 22 8 13 29 56 44 17 41 3 54 1 34 20 45 7 15 48 28 58 11 27 33 26 40 53 46 9 24 6 
9 1 45 40 39 10 15 6 47 12 59 37 2 49 42 26 58 8 29 54 20 38 17 44 27 24 48 53 14 64 46 63 33 35 52 3 28 31 19 60 51 18 11 30 62 7 36 16 34 57 25 5 50 13 56 23 22 55 4 21 61 43 41 32 
32 42 49 29 57 59 23 48 44 63 11 27 34 61 15 39 24 16 46 1 64 12 47 18 17 3 36 50 8 26 22 13 62 54 41 20 58 43 30 9 33 31 52 28 2 56 5 55 38 53 21 10 19 6 40 4 60 14 7 25 35 51 37 45 
38 33 27 47 6 24 29 34 54 40 22 63 53 48 57 58 41 64 45 2 15 8 20 21 43 59 49 19 56 62 5 50 14 18 17 42 36 23 61 30 37 32 12 7 26 46 25 39 52 35 51 55 13 4 10 3 11 28 1 9 31 44 60 16 
53 49 19 17 35 55 12 58 42 4 36 34 6 1 8 37 28 30 60 27 47 63 5 31 10 46 38 44 26 24 48 11 39 50 54 29 25 51 62 3 52 61 56 33 13 20 41 45 9 16 59 40 7 21 23 64 32 2 18 14 57 22 15 43 
1 13 64 44 23 26 63 60 5 28 24 43 19 27 31 62 7 46 54 36 32 14 39 52 4 22 18 15 3 40 21 20 49 48 9 10 33 2 38 57 30 11 34 47 17 16 50 51 29 56 6 45 25 61 8 42 37 35 12 55 41 58 59 53 
56 48 30 28 25 5 18 16 39 59 26 15 7 64 2 11 57 51 3 34 38 23 10 13 42 6 54 35 37 55 14 33 8 1 32 60 46 21 27 41 43 9 31 58 29 19 40 4 53 36 22 49 63 44 50 12 20 17 61 24 45 52 47 62 
54 57 10 15 14 40 61 9 12 25 45 21 38 32 35 18 42 33 48 37 17 22 59 43 52 36 16 28 13 29 1 51 20 64 55 11 44 26 4 19 62 53 3 63 5 8 49 27 30 58 41 24 60 31 47 2 6 7 34 39 50 56 46 23 
41 21 11 3 22 51 62 4 14 13 56 20 16 60 23 50 1 18 55 29 9 58 25 49 7 61 34 45 17 53 30 31 37 52 5 12 40 35 28 47 57 59 2 24 6 10 44 48 32 43 27 26 15 33 46 39 54 63 8 64 38 42 36 19 
39 20 43 31 45 2 59 32 46 51 55 41 30 52 33 10 12 19 44 56 40 61 50 35 9 63 8 47 64 60 57 58 13 34 53 6 7 24 15 16 14 1 42 36 23 22 54 21 28 62 17 38 18 37 48 11 27 29 25 49 5 3 4 26 
46 36 7 42 52 37 8 50 9 17 49 44 47 29 3 61 6 53 24 11 4 16 62 26 2 27 25 41 12 39 32 23 59 58 45 31 56 22 43 63 55 64 28 35 60 18 38 15 54 14 20 1 5 34 19 57 13 48 51 10 30 40 33 21 
3 53 58 13 44 39 30 64 57 20 46 10 14 50 28 7 17 41 59 61 52 56 12 45 15 26 35 18 34 8 25 29 31 49 51 54 5 55 48 22 2 62 37 40 9 11 19 60 4 27 36 21 23 32 43 16 47 24 42 38 63 1 6 33 
50 14 16 23 51 35 45 43 64 42 32 52 9 5 11 31 30 20 40 4 54 62 15 6 28 58 63 33 55 59 61 60 56 24 3 37 29 12 1 27 38 46 36 34 41 49 39 10 48 47 13 57 17 25 2 26 8 19 22 7 44 53 21 18 
22 37 15 62 27 38 56 29 4 19 8 61 25 43 47 33 36 23 50 60 46 5 1 42 11 52 9 6 39 48 44 16 53 41 13 26 35 64 2 34 24 3 58 18 45 21 12 7 55 51 28 30 54 59 14 63 40 32 57 31 20 17 49 10 
57 28 61 10 17 12 19 59 3 29 44 39 13 26 51 22 25 27 38 18 33 55 34 8 36 2 14 23 54 20 7 45 9 4 46 43 21 40 16 42 6 5 53 48 63 47 32 1 31 64 24 35 41 50 52 49 56 37 60 58 15 62 11 30 
52 40 34 7 55 46 9 1 15 27 23 60 48 35 18 54 31 10 57 21 43 28 53 37 13 47 12 32 24 49 51 22 6 36 30 19 50 17 63 62 59 42 14 26 44 64 16 33 56 11 58 20 29 8 39 38 2 4 41 3 25 5 45 61 
48 63 24 25 60 49 33 26 40 21 38 36 55 6 17 12 9 29 2 7 35 32 11 51 19 41 62 5 30 31 64 37 58 45 28 57 15 47 8 39 50 27 20 61 56 4 43 13 44 3 42 53 10 1 22 18 23 34 14 46 52 54 16 59 
5 41 4 2 31 47 54 18 59 58 34 24 45 37 1 30 16 39 14 3 44 49 48 63 53 17 42 21 57 56 50 27 61 10 7 25 11 38 32 20 28 23 55 8 22 15 51 52 60 6 12 62 40 46 33 19 36 64 29 43 9 26 13 35 
21 11 20 8 32 36 6 42 2 16 53 56 62 63 49 41 47 58 13 24 26 64 19 22 3 4 40 1 46 43 38 10 18 59 33 52 60 44 14 23 31 29 30 54 25 35 17 57 7 34 9 15 45 5 61 37 51 27 55 12 28 48 50 39 
29 61 23 64 5 56 25 53 37 32 18 7 58 22 43 42 60 28 11 10 12 1 38 27 40 45 41 36 31 46 9 3 54 63 20 44 13 30 26 17 15 21 24 55 8 39 6 2 19 48 52 34 33 14 57 62 59 49 35 47 16 4 51 50 
10 32 28 37 18 63 48 33 31 26 19 38 59 11 44 5 49 24 30 55 23 6 41 64 57 56 47 22 62 58 16 35 43 42 8 61 53 7 46 25 13 34 17 1 52 51 45 3 50 60 39 9 4 2 20 36 14 12 27 54 40 21 29 15 
6 35 50 41 13 27 7 46 33 45 40 49 64 30 39 53 59 14 8 31 25 21 18 54 20 60 2 11 23 44 34 1 12 37 29 56 9 62 51 28 47 4 48 38 43 57 42 36 17 10 5 32 58 16 3 15 52 61 19 26 24 55 22 63 
59 15 36 55 30 16 52 62 24 56 60 1 46 12 21 48 50 61 9 35 3 19 40 4 54 13 5 8 51 25 63 43 11 2 22 45 57 32 34 10 27 28 26 14 53 23 20 58 49 44 31 64 38 47 37 29 7 42 33 6 17 18 39 41 
14 12 38 49 43 4 57 24 63 2 20 6 17 55 34 51 33 62 15 5 37 29 26 46 59 48 32 10 42 61 39 19 52 27 58 35 3 50 47 21 16 22 7 41 18 60 9 31 23 28 30 54 8 56 13 40 53 25 36 45 1 11 64 44 
34 26 42 20 9 8 1 54 41 36 47 4 23 57 29 15 51 44 58 22 63 48 45 56 30 28 50 52 33 17 53 14 38 19 60 39 18 16 24 31 5 49 59 12 10 61 64 40 21 55 35 11 6 27 7 25 3 43 2 13 62 37 32 46 
60 51 39 11 58 21 2 44 16 3 28 13 61 14 62 25 52 32 34 17 57 53 36 47 24 49 26 7 27 38 18 55 64 15 4 5 48 6 40 33 54 50 19 29 46 37 35 63 43 22 1 12 42 45 41 59 9 31 30 8 23 10 20 56 
31 19 22 45 47 3 17 40 10 50 54 8 27 9 52 35 43 42 7 20 16 39 13 2 64 12 29 37 6 21 4 15 1 55 36 14 49 41 23 59 11 56 32 62 30 44 33 25 63 61 46 18 24 53 26 51 34 57 58 28 48 60 38 5 
2 18 59 38 24 58 41 17 19 8 61 46 39 15 48 47 44 26 31 64 22 11 33 14 32 54 37 13 4 16 43 49 63 7 42 9 6 25 10 50 12 60 5 27 21 40 53 56 51 23 45 52 20 36 29 1 35 3 62 34 55 30 28 57 
62 43 44 35 36 48 5 49 6 52 9 18 32 16 25 13 34 3 27 38 28 60 46 20 29 14 61 26 11 10 56 41 22 30 57 21 4 53 45 1 64 39 50 51 7 59 55 8 42 2 33 19 31 40 24 54 63 47 15 37 12 23 58 17 
12 10 3 50 26 7 31 63 60 11 58 64 40 20 22 27 53 45 36 42 18 57 61 48 23 21 24 17 15 1 62 5 41 29 14 51 19 59 13 46 49 35 44 2 16 34 28 43 37 30 55 47 56 38 32 9 39 6 54 4 8 33 52 25 
64 55 13 16 33 25 4 37 49 38 57 26 28 2 53 34 15 5 17 23 1 51 32 9 6 19 58 63 40 45 8 47 60 3 43 62 31 54 44 24 18 52 10 42 61 41 30 14 39 12 50 27 11 48 59 35 46 56 20 22 21 36 7 29 
15 9 6 22 53 57 40 45 7 30 50 5 51 21 12 17 19 54 47 59 29 10 56 24 39 35 46 20 38 42 36 28 34 8 37 49 55 61 58 52 23 48 13 31 33 62 4 11 41 63 3 14 64 26 25 43 18 44 16 1 32 2 27 60 
20 52 14 27 8 30 42 61 23 24 1 62 56 54 37 59 63 4 16 49 55 43 35 7 33 18 3 31 44 34 2 25 15 26 38 47 32 39 12 64 46 36 9 19 57 17 29 6 22 5 53 28 21 60 58 10 45 11 50 51 13 41 40 48 
23 54 29 39 56 28 34 19 55 10 3 35 43 33 4 63 62 21 12 41 58 25 6 30 51 50 64 27 48 52 60 53 2 5 40 16 20 36 18 11 32 45 22 37 1 24 47 26 46 17 7 13 44 57 15 8 42 59 49 61 14 38 31 9 
51 46 47 32 21 1 60 11 45 31 29 42 36 41 14 44 39 2 37 40 8 13 52 50 22 7 55 57 59 30 12 9 23 28 56 27 17 48 33 35 63 20 25 15 3 54 58 38 6 49 4 16 62 18 34 61 43 53 26 5 10 64 19 24 
36 16 9 26 63 17 53 3 28 35 7 47 52 34 27 20 45 12 22 43 50 24 64 32 14 31 19 55 25 51 11 61 46 62 10 30 42 8 49 54 60 33 6 39 37 38 15 59 58 1 48 56 2 23 4 21 29 13 5 41 18 57 44 40 
18 56 41 4 15 32 13 12 36 61 64 30 63 62 50 9 54 60 42 52 14 20 8 55 1 37 22 58 43 28 27 26 21 31 25 38 45 19 39 44 40 51 47 23 11 5 2 24 57 33 29 6 16 35 17 34 49 10 53 59 3 46 48 7 
8 2 57 5 50 61 37 55 43 6 39 19 31 44 60 40 46 11 1 13 7 34 63 62 49 10 56 54 21 33 23 24 26 53 64 36 12 58 59 29 42 41 27 17 14 45 48 18 3 15 32 22 47 28 51 20 16 52 9 30 4 35 25 38 
58 29 54 43 38 60 44 30 56 55 33 2 57 3 24 45 48 59 35 26 31 41 37 28 5 42 39 40 16 9 13 46 50 17 34 32 52 1 20 6 25 8 4 21 64 53 62 12 10 19 18 61 14 49 27 7 15 22 63 11 36 47 23 51 
49 59 48 51 10 31 27 7 11 1 5 22 12 8 46 21 3 15 61 30 39 47 29 38 45 34 57 4 32 18 52 64 28 13 2 23 16 63 60 43 19 58 35 20 55 26 56 9 25 41 40 44 53 42 36 50 62 33 6 17 37 24 54 14 
25 45 35 34 42 11 20 23 51 14 13 48 4 17 38 32 21 40 18 19 56 44 57 53 47 62 6 12 2 36 29 7 55 9 15 33 22 27 41 37 3 10 16 49 28 30 1 54 26 24 43 59 46 63 5 52 61 39 64 50 60 31 8 58 
33 62 1 6 46 22 28 52 25 54 10 16 15 42 59 29 27 49 5 58 51 9 23 17 50 53 60 48 20 41 3 30 40 56 47 4 24 18 35 14 34 63 57 44 31 36 7 61 8 38 11 37 39 64 55 13 26 21 45 19 2 32 43 12 
24 64 21 14 40 19 47 39 53 23 37 58 41 18 26 49 2 25 6 16 36 33 4 10 8 38 17 59 63 35 15 44 3 57 11 48 61 5 7 51 22 13 43 50 32 52 46 29 12 54 60 31 9 62 30 45 28 1 56 20 34 27 42 55 
13 17 32 9 29 45 49 22 20 34 2 59 50 51 40 55 35 38 64 46 41 15 21 11 48 8 1 14 53 47 42 18 7 43 24 28 54 3 31 4 10 19 63 6 58 33 26 23 36 25 57 39 27 12 44 60 5 62 37 16 56 61 30 52 
35 50 25 52 48 42 36 27 21 43 6 28 11 7 41 60 55 22 10 44 49 30 51 19 37 23 59 64 58 4 40 34 16 20 26 2 1 14 56 5 39 54 8 46 12 9 24 53 61 32 62 63 3 29 45 17 38 18 13 33 47 15 57 31 
4 3 8 21 12 62 64 56 32 5 35 33 42 53 16 1 20 9 26 45 34 27 28 57 61 29 13 46 36 63 19 52 51 6 39 15 23 49 25 58 41 38 40 59 47 43 11 37 24 31 14 2 55 30 18 22 10 60 44 48 7 50 17 54 
44 60 37 59 54 18 51 41 38 39 12 29 49 56 45 23 8 6 4 62 5 7 24 58 55 15 31 30 9 3 26 2 17 22 35 63 27 52 21 13 1 14 61 64 50 28 57 42 47 40 34 33 43 10 16 48 25 46 32 36 11 19 53 20 
55 38 63 61 2 53 14 31 22 15 25 57 8 58 64 52 23 48 43 47 13 17 3 59 60 51 20 62 10 11 6 39 30 33 19 50 34 37 36 12 4 44 18 16 49 32 27 5 1 46 56 7 26 54 42 41 24 9 21 40 29 45 35 28 
47 5 26 30 19 6 24 15 61 44 27 31 18 4 10 46 37 52 25 39 42 40 54 33 41 16 21 43 35 50 45 56 48 32 62 64 38 11 57 55 17 7 60 22 36 29 3 34 20 13 8 51 49 9 53 28 1 58 23 63 59 14 12 2 
16 7 46 1 11 23 43 10 62 37 17 14 26 13 54 3 18 36 63 12 2 50 60 29 38 32 33 24 28 27 49 57 47 44 61 40 41 9 53 8 56 25 15 45 20 48 31 30 35 4 19 58 59 52 21 5 64 51 39 42 22 6 55 34 
40 39 33 57 28 34 58 20 30 48 63 9 24 47 36 19 32 1 56 53 61 31 14 16 12 44 7 25 22 5 54 17 29 46 59 18 10 60 42 45 35 2 21 52 51 55 13 62 15 50 38 23 37 11 64 6 4 41 3 27 43 49 26 8 
28 22 40 18 49 44 50 2 34 62 15 25 1 24 20 4 13 37 32 57 10 36 9 23 21 39 51 3 45 6 58 42 27 11 12 17 26 46 5 7 53 16 54 60 19 14 52 41 33 59 63 43 48 55 38 56 30 8 31 35 64 29 61 47 
19 6 12 48 34 41 21 35 50 7 52 3 33 10 56 38 64 47 62 8 27 46 31 15 63 11 53 16 5 13 37 59 4 60 49 58 43 29 22 36 20 55 51 32 40 2 23 17 14 26 61 42 30 39 28 44 57 45 24 18 54 25 9 1 
7 23 55 53 62 20 39 8 26 47 31 11 21 46 5 36 38 34 28 6 48 3 22 40 44 33 10 56 49 14 24 54 19 61 63 1 30 42 9 32 29 15 45 43 35 13 59 64 27 18 37 25 57 41 60 58 50 16 17 52 51 12 2 4 
61 27 5 24 1 33 26 57 18 49 16 12 29 39 13 43 11 7 19 14 60 54 58 41 25 30 15 34 52 32 17 36 35 23 48 8 47 45 37 2 21 6 46 56 4 3 63 44 40 20 64 50 51 22 9 31 55 38 59 62 53 28 10 42 
30 31 60 63 16 15 10 13 8 9 42 54 35 28 61 57 4 55 49 25 21 2 44 1 62 64 43 29 50 7 20 48 24 51 18 41 59 56 52 40 58 26 39 11 38 27 37 47 5 45 23 3 12 17 6 53 19 36 46 32 33 34 14 22 
43 58 52 56 59 9 11 38 27 22 30 45 44 40 63 6 29 17 20 51 24 35 16 39 46 55 28 61 60 23 47 12 10 21 31 34 14 33 64 53 36 57 62 25 42 50 18 49 13 8 2 4 1 19 54 32 41 5 48 15 26 7 3 37 
45 25 51 36 37 29 3 47 17 53 14 32 60 23 55 64 5 50 52 63 59 18 42 12 26 1 4 2 19 22 41 38 57 16 6 13 62 20 54 15 8 30 33 9 48 31 61 28 11 21 10 46 34 7 35 24 58 40 43 44 27 39 56 49 
42 4 17 46 64 54 32 14 58 41 48 51 37 59 19 2 56 43 53 33 45 26 30 61 35 40 27 9 18 57 31 8 44 25 50 55 39 28 3 38 7 24 1 5 34 12 10 22 62 29 16 36 52 15 49 47 21 23 11 60 6 20 63 13 
################proper############## 

 average_time = 935.772789 

 success runs = 1 

 total average iters = 37869843.000000 
