Success!!! 
 
 max_col = 
 64 
 
 run_time = 
 1635.639945 
 
 once iters = 
 79001118 
 
61 35 42 51 20 58 40 4 19 23 21 53 11 54 55 34 27 30 28 25 1 9 7 8 3 46 31 49 44 50 17 2 10 64 13 39 47 24 6 12 48 18 22 38 37 33 26 43 59 41 56 52 45 57 14 36 60 15 63 32 62 29 5 16 
48 25 57 18 47 24 17 46 44 31 30 45 39 35 52 49 20 32 14 54 38 53 4 10 13 61 11 16 64 27 29 41 33 43 58 22 5 62 1 42 34 63 8 12 36 56 40 15 6 7 55 21 51 28 60 2 19 23 37 50 26 9 59 3 
34 1 53 14 3 64 2 50 7 58 32 43 36 27 59 4 45 51 24 31 52 6 12 18 40 20 60 39 22 42 48 8 23 16 57 56 63 41 44 19 21 35 55 17 5 28 62 29 37 11 9 46 54 61 26 15 33 47 13 49 10 38 30 25 
37 13 33 52 59 29 41 12 1 2 18 40 62 56 9 26 64 34 11 22 43 5 49 36 14 15 28 54 6 47 30 10 60 21 38 51 31 50 53 8 46 16 45 24 58 19 20 57 3 48 63 4 32 44 23 25 7 42 55 35 61 39 17 27 
10 15 38 6 8 49 21 54 14 41 63 47 64 16 37 13 39 46 48 40 44 2 19 17 26 1 55 57 52 5 25 53 30 36 18 3 29 45 61 4 60 59 23 9 42 7 31 32 50 43 62 22 12 35 27 33 11 20 56 28 24 58 34 51 
55 43 7 60 5 39 23 31 57 33 48 3 12 8 29 10 15 56 41 35 61 63 37 50 34 32 36 62 51 19 24 59 20 28 46 9 27 26 14 11 4 49 25 2 64 53 47 13 42 18 38 16 1 17 30 58 22 44 45 40 6 21 52 54 
16 56 27 19 22 9 32 45 42 50 20 28 60 6 24 25 57 58 59 62 13 55 26 21 33 63 43 37 38 23 7 18 52 48 17 54 15 35 49 34 1 3 11 44 30 61 41 51 10 5 29 39 40 47 53 8 31 14 64 2 12 36 4 46 
26 44 11 36 28 30 62 63 61 51 46 22 5 17 38 15 3 47 23 29 42 33 60 16 9 58 21 4 56 12 35 45 7 55 32 59 25 2 40 37 10 54 14 6 52 27 39 50 31 64 13 19 49 34 24 20 43 48 18 1 41 53 57 8 
7 31 21 10 64 53 54 19 46 55 3 33 42 28 62 36 41 52 47 57 27 39 5 20 15 50 16 17 18 1 23 51 37 35 49 12 32 48 29 30 6 2 61 26 34 8 9 11 63 25 58 13 60 56 4 24 45 59 14 22 38 40 43 44 
38 12 25 1 43 44 50 56 53 18 8 13 15 10 2 59 37 23 9 19 49 45 32 35 41 54 42 20 47 46 27 57 63 3 24 60 39 4 5 62 33 40 64 48 28 21 22 31 26 14 17 7 36 16 55 6 34 58 30 52 11 51 61 29 
57 48 55 5 2 27 49 29 47 43 35 60 32 52 25 16 54 64 4 42 15 51 30 24 63 53 34 58 28 31 8 9 46 20 26 61 38 59 7 56 18 41 62 45 44 23 10 14 19 21 3 40 22 37 11 12 36 33 39 6 17 1 50 13 
15 4 18 28 24 32 36 20 12 54 27 50 14 48 17 57 13 1 63 2 29 34 6 26 35 37 64 25 40 22 11 33 55 47 42 58 52 44 31 45 43 19 60 49 7 38 30 3 39 61 59 41 53 51 9 46 23 10 62 16 8 5 56 21 
39 8 22 17 33 13 6 11 41 19 5 37 61 49 45 44 10 25 43 56 60 50 40 59 38 21 30 26 32 7 52 55 16 14 27 23 36 1 34 51 58 15 57 53 12 47 24 4 54 62 48 28 2 20 31 29 42 63 35 64 46 3 9 18 
45 16 40 9 35 63 3 51 39 4 64 11 26 58 34 21 33 44 46 18 17 36 61 55 43 29 19 48 62 14 6 60 2 57 41 28 53 22 10 15 56 1 32 20 50 59 13 52 49 8 42 27 30 5 38 23 25 54 47 24 31 12 37 7 
52 34 61 26 60 62 58 23 30 24 51 20 56 38 40 29 8 48 7 53 22 31 14 11 59 12 4 36 3 45 13 5 6 17 9 33 21 25 50 18 42 27 16 39 54 37 46 63 35 47 1 43 44 64 10 32 41 28 19 55 57 2 15 49 
42 59 37 30 41 46 47 14 6 7 1 63 31 9 22 23 21 62 3 16 12 28 38 58 39 56 2 10 24 49 61 44 40 19 54 8 64 11 43 13 36 25 35 29 51 17 5 55 34 33 50 45 57 15 18 52 48 60 27 26 20 4 32 53 
5 52 44 32 46 22 4 16 63 15 17 38 25 31 8 45 28 14 42 41 24 37 11 19 6 57 54 21 49 18 59 39 64 53 36 47 33 58 20 10 30 56 29 43 13 48 2 61 62 51 12 3 9 23 35 40 1 27 34 7 50 26 60 55 
43 47 35 38 55 6 13 26 37 60 40 1 58 4 19 56 44 10 8 12 23 54 9 5 51 14 33 63 2 61 64 28 3 59 50 11 62 15 18 17 49 53 34 52 27 46 25 20 48 42 39 32 24 7 45 21 16 57 31 30 36 41 29 22 
36 21 15 2 51 60 1 58 32 53 41 30 43 7 26 6 35 29 34 45 64 48 56 27 24 19 46 52 11 20 50 62 25 38 22 42 9 13 28 55 16 57 54 8 47 31 37 40 61 17 49 18 4 10 59 14 12 3 33 63 5 44 23 39 
54 3 59 31 23 10 33 61 29 14 12 64 50 22 44 18 55 43 49 13 6 30 17 57 53 40 47 34 36 25 58 4 24 56 16 1 2 19 45 48 35 62 63 21 39 5 7 9 60 26 27 8 41 11 52 37 32 51 38 15 42 46 28 20 
29 45 63 37 7 57 27 62 2 11 47 5 28 20 36 48 53 4 25 51 39 15 3 40 31 9 56 55 17 30 44 23 49 46 52 41 60 54 12 61 32 14 26 22 19 42 50 59 58 16 64 38 34 13 33 1 6 8 24 21 18 35 10 43 
19 40 39 34 25 41 48 18 62 52 10 23 51 24 61 9 63 33 16 7 47 38 2 31 37 45 12 29 42 60 22 35 27 44 21 30 14 32 8 26 11 55 58 3 4 36 1 28 15 20 57 50 43 6 46 5 59 13 17 53 64 54 49 56 
49 50 17 12 56 14 11 53 27 46 13 55 54 39 57 42 59 20 62 52 58 26 21 61 8 3 41 5 16 32 15 1 35 7 6 63 43 34 23 31 38 24 51 60 18 64 33 10 25 29 47 44 28 30 36 22 40 45 4 19 9 48 2 37 
30 28 24 8 9 20 42 64 21 35 16 59 49 34 33 3 18 22 32 36 46 60 50 1 48 10 26 7 27 43 38 13 51 29 39 4 40 57 37 5 12 17 15 23 41 6 44 45 55 53 31 2 63 54 56 19 47 25 61 58 52 11 14 62 
8 24 9 33 34 1 31 44 26 25 55 19 45 60 46 39 61 59 20 5 37 22 53 4 18 36 27 35 63 62 54 52 21 11 40 48 56 6 42 64 15 28 3 50 49 58 23 38 7 57 14 30 29 32 2 13 51 43 16 12 47 17 41 10 
56 29 19 59 11 3 39 57 38 47 52 6 53 43 4 12 2 41 50 27 7 14 44 13 45 64 20 30 33 48 42 26 15 63 10 34 28 37 32 46 5 31 24 54 16 35 51 62 18 1 36 55 17 9 25 61 58 49 21 60 23 8 22 40 
21 27 5 7 61 43 64 6 33 1 37 51 63 36 56 17 40 38 10 3 28 35 57 29 55 60 49 32 23 13 19 24 4 41 31 45 30 16 52 58 2 20 12 14 26 11 34 39 44 54 8 59 42 22 62 47 53 18 15 9 25 50 46 48 
62 54 48 42 14 23 60 25 40 61 2 9 34 44 41 11 1 16 6 63 55 52 33 64 4 47 15 31 7 10 39 58 8 49 59 26 50 53 51 24 45 29 36 18 56 30 17 22 12 35 46 20 37 43 21 27 5 19 3 38 32 57 13 28 
46 38 4 63 10 55 51 15 49 32 24 14 21 13 31 62 36 54 45 60 19 12 34 25 50 44 29 9 53 56 37 43 22 1 61 35 18 17 47 20 7 64 41 57 8 40 6 48 5 28 16 58 23 33 3 39 27 2 11 42 30 52 26 59 
18 20 45 50 36 40 37 17 54 42 28 15 23 5 35 58 32 11 31 49 30 47 51 39 22 34 61 38 8 16 21 14 12 9 2 57 19 29 3 7 13 43 46 59 10 25 52 27 24 56 53 60 26 41 48 4 44 55 6 62 33 64 1 63 
28 22 2 35 58 16 52 30 18 57 7 10 20 29 50 8 56 42 26 17 9 62 43 48 46 41 40 59 25 51 12 3 13 27 60 5 55 23 39 33 44 37 1 47 53 4 32 21 11 49 19 15 64 38 6 63 24 31 36 14 34 45 54 61 
53 32 12 49 13 47 26 41 59 48 22 27 16 3 64 30 24 15 21 23 8 18 58 46 17 5 1 6 57 28 2 11 54 62 43 14 44 38 36 25 61 33 42 19 9 55 63 60 45 50 40 31 10 52 51 34 37 7 20 29 39 56 35 4 
22 49 64 45 27 59 63 60 23 56 44 31 46 14 13 38 29 9 37 58 2 40 18 47 1 55 35 53 19 8 33 25 39 5 7 20 4 36 24 50 57 52 10 61 43 16 15 54 28 12 34 26 6 48 42 30 17 11 51 3 21 32 62 41 
2 7 16 13 54 18 43 8 15 36 26 34 22 61 10 63 42 19 56 46 14 64 45 60 47 62 57 12 48 58 32 17 11 23 29 37 49 27 41 6 3 39 21 30 59 44 28 33 4 9 51 53 50 24 5 31 52 40 1 20 55 25 38 35 
11 58 14 48 40 17 44 5 4 12 6 24 47 42 21 53 50 35 38 55 3 59 20 23 16 28 39 43 45 26 60 37 32 25 51 13 10 31 62 2 8 7 18 1 46 9 36 64 27 52 41 29 19 49 57 56 54 34 22 61 63 30 33 15 
24 42 46 25 1 28 20 37 48 45 57 35 33 55 43 5 30 6 51 34 63 8 13 22 61 23 38 2 41 11 31 54 59 18 56 52 16 9 58 40 26 32 50 27 62 49 4 53 17 15 7 36 21 60 39 3 29 12 10 47 44 14 19 64 
47 19 6 23 53 12 30 39 11 40 29 32 59 50 18 41 16 61 54 43 57 17 48 49 52 42 44 46 9 36 10 64 1 34 3 15 8 28 21 22 20 45 31 51 14 63 35 24 38 2 33 62 13 25 37 55 4 56 7 5 58 60 27 26 
51 26 36 29 32 38 9 52 3 20 25 39 8 19 7 2 4 27 33 28 5 41 1 62 49 22 24 15 21 34 18 30 17 61 12 55 46 64 54 57 47 6 40 56 11 60 42 58 43 63 10 35 14 45 44 16 13 50 48 59 37 31 53 23 
33 55 56 57 21 4 10 3 9 49 54 16 52 62 27 37 7 26 44 15 25 11 31 12 29 51 6 13 50 59 63 20 53 60 14 38 35 47 30 43 41 34 48 5 23 22 19 17 64 40 32 1 61 58 8 18 39 36 28 46 45 42 24 2 
41 62 31 61 15 50 35 34 51 30 60 58 17 1 28 64 52 21 36 24 10 32 39 53 5 27 7 3 4 40 14 56 45 42 48 19 26 63 33 44 37 13 2 55 38 12 29 25 22 59 23 11 47 46 20 54 9 6 8 43 49 18 16 57 
6 18 30 64 57 33 19 27 45 63 61 8 37 53 42 7 48 12 2 14 41 10 28 56 20 49 3 11 29 54 46 36 43 26 4 31 13 51 59 52 17 21 38 40 15 32 16 34 23 55 5 24 25 62 50 44 35 22 9 39 1 47 58 60 
32 5 10 40 50 54 34 1 52 9 36 44 13 57 14 31 46 37 18 59 53 61 25 6 2 39 22 41 43 35 47 27 28 58 62 16 23 21 11 63 55 4 49 33 24 20 60 19 30 38 45 17 56 42 15 26 8 64 29 51 48 7 3 12 
17 2 29 41 12 25 46 24 43 22 34 18 4 59 51 27 9 5 60 8 40 3 64 7 57 13 23 50 14 15 62 21 42 32 37 36 20 33 55 35 54 47 30 11 1 26 45 56 16 39 28 48 52 63 58 53 38 61 49 10 19 6 44 31 
13 53 28 62 39 21 59 47 60 16 49 56 2 15 48 46 11 31 17 26 33 57 22 52 30 38 51 19 55 37 1 7 44 50 45 10 24 3 27 54 63 5 6 58 29 43 12 23 8 32 61 14 35 40 64 9 20 41 42 25 4 34 18 36 
44 61 20 11 48 37 56 49 35 39 38 17 40 33 54 1 51 45 27 21 36 23 47 30 58 24 9 18 26 63 53 42 29 15 34 25 6 12 64 60 52 22 28 62 3 41 57 8 2 19 4 10 46 31 7 43 14 32 50 13 59 16 55 5 
23 63 52 15 42 8 45 7 20 29 19 26 6 11 3 28 38 55 58 4 62 13 35 32 56 59 48 64 10 44 16 31 61 30 5 2 17 49 57 47 39 50 9 36 25 18 14 46 51 60 22 34 33 12 1 41 21 53 43 37 54 27 40 24 
35 14 58 3 16 31 22 9 5 64 50 21 41 32 23 55 43 24 29 1 34 19 54 63 25 52 45 60 12 17 4 6 56 39 8 53 48 40 46 38 27 10 7 42 2 51 61 44 13 36 18 37 20 59 47 49 26 62 57 33 28 15 11 30 
60 36 26 55 4 51 38 43 24 10 58 62 30 25 12 47 49 50 15 39 20 42 16 44 32 8 5 40 34 33 28 61 14 22 19 7 1 18 9 41 53 48 59 31 35 13 64 37 29 6 21 57 3 27 54 11 56 17 46 23 2 63 45 52 
63 41 60 43 29 48 57 40 17 5 45 2 1 64 39 52 34 7 19 47 35 56 36 38 27 6 59 33 46 9 20 49 18 51 53 44 58 8 4 3 25 30 13 10 22 50 11 16 32 23 26 12 55 14 61 62 28 24 54 31 15 37 21 42 
64 11 3 53 37 61 28 38 22 8 31 41 24 30 63 14 12 17 52 48 50 49 27 2 44 4 25 51 60 39 40 29 19 45 55 43 54 5 15 23 59 42 20 34 57 1 21 26 46 10 6 47 18 36 16 35 62 9 58 56 13 33 7 32 
20 46 13 39 45 26 8 36 55 62 15 57 35 47 11 43 23 18 22 9 4 44 42 54 10 30 37 61 31 41 3 50 34 33 63 6 12 56 16 28 19 51 27 32 60 52 53 7 21 58 24 49 38 29 17 64 2 5 40 48 14 59 25 1 
12 23 50 21 31 35 25 55 58 38 42 36 7 26 6 33 14 63 1 30 45 46 10 41 62 16 8 47 54 57 56 34 48 13 64 32 22 61 60 9 24 44 5 15 17 29 49 2 40 4 37 51 59 53 43 28 3 39 52 18 27 19 20 11 
9 33 47 16 18 52 7 42 10 44 53 12 29 21 49 61 62 39 40 37 59 58 8 51 19 2 14 28 5 24 43 32 41 31 35 46 11 20 17 27 23 36 4 64 48 45 56 6 1 3 54 25 15 50 13 60 57 30 26 34 22 55 63 38 
27 30 32 56 44 34 24 10 50 59 4 25 9 37 20 54 26 60 5 61 16 21 15 28 12 17 18 42 13 55 45 38 62 52 1 49 7 14 2 36 40 58 39 46 31 3 43 47 33 22 11 63 48 8 19 57 64 29 53 41 35 23 51 6 
14 17 51 4 62 19 15 59 28 3 23 48 27 18 60 32 31 13 53 6 11 20 29 33 21 7 58 22 1 64 26 63 47 40 25 24 57 10 38 39 9 12 37 41 61 54 55 35 52 45 30 56 5 2 34 42 49 46 44 8 16 43 36 50 
58 6 1 54 49 2 5 22 34 13 56 46 19 40 16 51 25 3 57 64 32 24 55 43 11 35 52 23 15 53 36 48 50 37 30 21 59 42 26 29 62 38 33 28 63 14 8 18 20 31 44 9 27 39 41 7 61 4 12 17 60 10 47 45 
50 51 54 46 19 45 29 21 36 34 14 61 38 63 5 20 47 53 35 11 18 27 41 3 64 43 62 1 58 4 55 16 9 12 15 40 42 39 22 32 31 60 52 13 33 10 59 49 56 44 2 23 8 26 28 48 30 37 25 57 7 24 6 17 
31 9 62 27 38 36 18 48 13 17 43 42 10 23 32 40 6 49 61 50 26 7 59 37 28 33 63 24 39 52 41 46 57 4 47 29 45 30 56 1 64 11 19 16 21 2 54 12 53 34 25 5 58 55 22 51 15 35 60 44 3 20 8 14 
25 57 23 24 52 56 12 33 8 37 9 54 48 45 1 50 17 28 55 32 21 29 63 15 60 11 53 27 35 2 5 40 38 10 44 62 34 7 19 16 22 61 43 4 6 39 58 30 14 46 20 64 31 3 49 59 18 26 41 36 51 13 42 47 
4 64 49 22 17 5 55 2 25 6 62 29 3 12 47 60 58 36 13 20 54 16 23 9 7 18 50 56 59 38 57 19 26 24 28 27 37 52 35 14 51 8 44 63 45 15 48 42 41 30 43 33 39 21 40 10 46 1 32 11 53 61 31 34 
40 60 43 58 6 15 61 13 56 28 33 49 44 51 30 35 22 8 39 10 31 1 46 34 36 25 32 14 37 21 9 47 5 54 23 17 3 55 48 59 50 26 53 7 20 24 18 41 57 27 52 42 11 4 12 38 63 16 2 45 29 62 64 19 
59 39 41 44 26 7 14 35 31 21 11 4 55 2 53 19 60 57 64 33 51 43 24 42 54 48 13 45 30 3 34 22 58 8 20 50 61 46 63 49 29 23 47 25 40 62 38 1 36 37 15 6 16 18 32 17 10 52 5 27 56 28 12 9 
3 10 8 20 63 11 16 28 64 26 59 7 57 46 15 22 19 40 30 38 48 25 52 45 42 31 17 44 61 6 51 12 36 2 33 18 41 60 13 53 14 9 56 37 32 34 27 5 47 24 35 54 62 1 29 50 55 21 23 4 43 49 39 58 
1 37 34 47 30 42 53 32 16 27 39 52 18 41 58 24 5 2 12 44 56 4 62 14 23 26 10 8 20 29 49 15 31 6 11 64 51 43 25 21 28 46 17 35 55 57 3 36 9 13 60 61 7 19 63 45 50 38 59 54 40 22 48 33 
################proper############## 

 average_time = 1635.639945 

 success runs = 1 

 total average iters = 79001118.000000 
