Success!!! 
 
 max_col = 
 64 
 
 run_time = 
 3512.021155 
 
 once iters = 
 225836924 
 
33 6 38 3 59 44 49 60 32 23 19 26 47 4 15 48 8 18 1 7 57 21 58 52 51 5 22 53 56 25 29 24 54 55 20 16 11 40 2 45 13 31 36 10 28 35 42 50 63 64 14 43 41 62 12 27 39 9 46 34 61 30 17 37 
16 24 18 51 19 62 35 43 7 44 25 61 50 41 46 63 55 14 30 13 22 47 28 15 26 52 59 34 45 4 58 1 64 6 9 42 36 38 27 56 8 17 11 5 54 37 39 53 20 33 32 23 10 60 40 49 21 31 12 57 2 29 3 48 
13 53 50 28 36 34 26 31 43 6 52 17 40 39 54 12 56 33 64 5 32 25 45 16 10 18 48 38 62 57 8 42 46 7 30 63 4 59 58 21 27 9 15 55 24 47 2 20 3 61 37 22 11 44 29 1 41 49 23 51 19 35 14 60 
40 14 42 48 32 4 2 47 31 9 8 49 30 29 59 16 6 37 41 39 12 44 43 53 17 63 13 19 7 3 27 21 26 33 10 35 61 22 57 28 56 1 60 64 58 23 34 46 51 50 25 36 52 54 45 18 5 62 20 11 38 55 15 24 
22 21 61 12 45 46 11 17 53 24 56 42 35 55 38 5 34 36 3 23 50 63 40 27 20 2 31 30 37 60 28 54 18 41 32 1 51 49 14 25 62 29 33 43 59 26 6 52 57 48 7 39 16 15 19 9 58 44 47 10 8 4 64 13 
1 5 37 55 56 52 9 8 34 62 18 3 14 20 33 10 60 24 51 38 31 49 35 48 12 64 39 15 11 16 44 36 53 29 23 19 50 43 17 47 45 30 57 41 25 63 7 61 58 2 4 21 42 28 13 46 59 26 27 54 6 40 32 22 
27 15 39 7 63 20 23 58 57 37 21 45 11 64 1 36 17 29 59 54 4 10 9 2 6 61 33 14 49 46 55 41 44 13 60 24 3 62 12 48 51 22 32 38 16 40 18 19 8 26 31 47 34 30 5 35 52 43 50 53 42 25 56 28 
54 64 29 30 10 41 57 25 58 60 13 51 22 2 27 28 61 46 19 11 42 26 20 62 23 35 50 40 32 9 47 43 52 8 39 15 37 34 31 5 48 3 44 12 14 49 4 21 53 59 55 56 6 17 38 24 1 63 36 45 33 16 7 18 
8 52 21 31 42 40 58 61 6 29 22 63 3 49 47 9 1 48 17 34 23 15 25 55 37 41 54 10 4 30 16 12 50 46 27 38 43 33 26 44 64 5 39 18 57 53 45 62 35 60 11 32 19 20 36 13 56 14 51 7 28 24 2 59 
46 32 24 43 5 57 55 28 56 31 27 7 38 45 21 41 47 11 26 52 39 12 42 4 18 34 44 33 63 19 25 23 59 64 29 51 14 17 62 61 16 36 2 6 30 3 13 60 15 9 10 50 54 40 1 58 8 53 22 49 37 48 35 20 
41 19 48 23 35 10 59 36 16 26 12 57 51 11 39 33 64 40 56 45 63 14 38 22 3 60 49 29 2 58 31 47 20 34 53 54 55 13 6 18 15 43 24 42 21 1 37 7 27 4 5 61 8 25 30 28 17 32 44 9 50 62 52 46 
15 54 20 64 7 45 6 4 8 14 2 25 58 19 43 61 36 10 5 50 27 46 21 31 9 17 53 13 28 48 62 57 32 24 1 56 49 35 23 42 12 44 51 40 63 29 52 22 33 3 59 37 47 18 26 16 34 60 30 55 11 41 38 39 
37 16 49 62 53 33 50 27 64 17 23 5 48 46 18 60 32 57 13 28 20 35 2 58 55 39 40 21 52 38 24 11 30 4 19 25 47 63 22 31 9 10 8 61 56 59 41 14 6 7 44 29 51 43 42 34 12 36 45 26 3 15 1 54 
11 39 22 60 44 25 63 12 50 30 40 54 4 15 53 35 43 16 29 3 37 61 62 9 56 59 14 51 46 1 42 64 10 57 45 41 52 8 7 36 34 20 23 33 32 28 17 26 31 24 21 55 48 49 2 38 6 18 5 58 27 47 13 19 
9 1 2 29 13 30 17 14 62 10 32 36 42 37 34 24 53 59 44 51 18 60 33 7 15 8 6 20 26 5 50 35 21 3 11 58 48 12 28 16 54 55 47 27 49 38 19 31 64 41 46 45 22 52 56 39 4 25 57 63 40 61 43 23 
3 51 34 47 18 56 38 26 20 52 1 28 13 59 44 55 41 8 49 24 19 54 6 30 22 45 43 27 36 61 7 32 39 2 5 40 60 9 15 37 11 25 50 46 35 48 58 4 12 23 62 14 57 53 17 63 16 10 42 29 64 31 33 21 
56 17 3 46 34 39 14 49 59 22 26 53 32 28 55 21 50 64 52 29 8 7 27 61 48 11 9 44 6 47 10 62 42 20 2 23 38 24 16 60 1 57 18 35 51 12 31 63 13 43 19 40 25 37 54 41 33 45 15 4 36 5 58 30 
51 35 16 58 28 22 61 57 4 1 37 39 63 38 9 43 3 31 40 60 24 32 5 46 64 33 34 42 8 50 36 19 41 26 49 45 10 15 56 17 23 7 13 48 11 25 54 6 52 62 30 44 53 2 59 21 47 27 55 18 20 14 29 12 
26 63 13 24 30 43 33 48 29 19 60 31 25 34 35 50 15 54 23 56 14 16 10 12 52 3 45 2 58 18 5 20 8 62 55 9 28 61 47 6 22 32 41 4 37 21 40 17 36 11 39 57 64 27 49 7 44 38 1 59 46 51 53 42 
60 37 52 54 38 59 27 29 12 5 48 8 10 33 20 7 2 53 57 30 62 28 36 41 13 4 16 25 17 55 14 22 40 63 18 46 19 51 64 58 43 34 49 3 50 15 44 56 45 47 26 24 1 42 9 31 35 61 6 21 23 39 11 32 
64 31 7 11 9 2 44 42 49 47 17 56 16 54 3 45 19 55 20 25 6 18 22 13 1 40 61 57 53 28 60 15 29 21 59 33 39 27 34 32 26 52 5 58 46 36 10 30 4 12 35 38 23 48 14 51 37 24 43 50 41 63 62 8 
45 12 5 21 41 36 18 55 40 27 64 58 15 6 14 42 44 51 34 35 38 11 59 1 39 43 46 54 23 24 30 37 13 31 4 48 7 52 25 3 53 8 61 2 62 60 47 33 50 63 29 16 28 22 32 20 49 19 26 56 17 9 10 57 
25 50 6 4 15 53 62 10 2 51 44 41 24 52 30 23 45 26 58 37 48 42 17 47 32 29 27 35 21 49 63 59 57 36 43 12 54 5 1 11 38 39 16 19 20 14 28 9 61 55 56 60 33 46 18 8 22 40 13 3 7 64 31 34 
20 23 8 1 40 19 47 32 13 61 62 18 46 36 11 57 33 21 4 49 43 9 63 39 38 51 56 41 31 12 26 7 22 30 14 37 44 53 50 35 29 45 59 24 42 64 55 27 5 58 34 10 15 6 3 17 2 52 48 60 16 54 28 25 
42 33 35 49 55 31 10 23 38 48 43 40 41 44 29 37 57 32 7 53 51 52 1 14 62 20 63 16 9 26 18 34 58 19 61 4 22 2 11 54 3 27 28 17 36 6 30 59 24 46 15 64 50 12 47 25 45 56 21 39 13 60 8 5 
29 13 36 44 57 16 12 22 26 2 54 24 34 10 58 62 21 28 6 43 55 59 39 23 47 56 37 49 1 53 45 38 5 27 25 50 30 60 8 7 46 18 42 63 40 20 35 48 14 51 9 11 17 41 31 52 61 4 64 33 32 3 19 15 
50 60 63 14 2 6 52 21 19 20 31 30 27 3 42 15 13 9 35 17 46 22 18 54 11 32 41 43 5 8 64 58 24 59 37 62 57 45 29 1 49 53 25 56 47 61 51 12 40 44 33 26 4 10 39 23 48 7 38 28 34 36 16 55 
19 47 56 5 8 17 4 9 21 50 53 33 6 16 25 46 42 60 63 61 3 29 44 20 54 13 36 7 12 40 35 28 49 10 26 31 18 64 48 15 39 41 14 37 1 11 32 57 30 38 45 34 62 55 22 59 27 2 58 23 24 43 51 52 
28 58 54 27 64 61 30 59 52 18 9 11 36 63 7 14 48 2 37 12 33 45 31 49 29 46 25 4 15 21 39 55 51 17 40 32 6 41 38 34 44 23 19 22 26 24 5 8 60 42 16 53 56 13 43 3 50 1 10 35 62 57 20 47 
62 11 40 26 39 48 1 38 5 45 59 35 23 8 22 51 10 41 24 15 56 30 16 34 42 19 52 50 57 17 6 14 47 53 3 36 13 28 55 43 21 60 64 31 4 58 33 54 2 20 18 49 32 7 27 61 46 29 9 12 25 37 63 44 
7 18 32 20 46 37 25 41 55 12 28 4 56 13 64 17 27 47 8 58 40 38 11 19 60 48 51 24 61 22 2 3 16 52 33 44 42 23 9 39 50 15 43 34 45 10 62 29 21 5 54 35 63 1 57 36 14 59 53 6 26 49 30 31 
34 43 45 15 51 3 24 53 39 32 49 47 61 60 57 1 25 50 62 4 5 64 26 36 33 27 10 59 30 44 23 31 63 14 12 21 20 56 35 46 2 16 7 52 9 13 38 55 28 19 48 58 29 8 6 37 40 41 11 22 54 42 18 17 
32 30 4 8 37 35 53 45 63 3 34 1 26 31 19 2 18 27 33 48 58 55 52 25 7 21 47 17 22 20 49 5 43 9 36 64 12 57 42 13 24 56 46 14 29 62 23 10 44 28 61 15 39 38 16 11 54 51 40 41 59 6 60 50 
61 10 26 36 6 18 39 5 17 11 4 64 54 57 12 40 16 44 43 42 59 41 37 24 19 15 35 31 25 13 9 45 14 60 51 27 63 58 32 2 20 47 3 53 38 50 22 34 56 49 8 7 30 23 33 48 55 28 62 46 1 52 21 29 
2 25 33 50 49 21 64 46 15 39 16 60 7 14 23 30 9 5 45 20 34 13 19 38 40 6 32 61 55 10 52 18 17 56 54 47 53 1 44 24 41 37 12 28 48 57 63 51 22 29 27 4 59 36 35 62 26 11 8 43 31 58 42 3 
43 48 23 41 17 55 19 44 18 58 38 22 28 21 61 49 11 30 53 2 1 40 14 56 34 24 57 36 59 39 12 16 62 25 7 26 29 31 4 8 35 42 45 32 5 33 60 64 37 52 3 6 46 51 50 54 20 47 63 15 10 13 9 27 
57 7 27 9 60 11 16 13 33 36 47 62 44 5 51 20 22 3 28 6 35 23 46 8 63 58 2 37 48 29 56 50 15 38 21 39 59 18 10 41 52 61 55 25 43 54 26 40 34 1 12 42 14 31 24 32 64 17 4 19 30 53 49 45 
31 42 47 52 1 54 56 15 9 43 41 46 59 53 37 25 12 63 36 57 60 62 7 29 27 44 38 28 64 14 3 51 23 61 6 5 40 30 49 50 4 11 58 39 19 18 8 2 10 45 13 17 21 26 20 55 24 35 34 32 22 33 48 16 
38 40 14 34 22 58 3 24 48 13 29 32 8 27 10 6 31 61 50 47 21 51 49 64 4 42 23 62 54 11 33 26 19 45 28 52 35 46 20 55 36 59 30 15 44 17 16 1 9 18 53 41 43 63 60 5 7 39 25 37 57 56 12 2 
63 29 51 59 20 12 28 62 24 35 42 52 55 50 45 56 39 15 54 26 10 4 32 17 8 53 30 60 41 43 1 46 37 48 34 22 16 11 3 33 31 49 21 7 6 27 9 13 25 40 2 19 58 47 64 57 36 23 18 5 14 38 44 61 
44 22 64 32 27 26 40 63 37 57 3 13 18 23 50 4 58 20 38 9 41 19 53 45 5 25 7 52 60 31 17 39 61 28 15 11 21 6 36 59 30 14 1 49 33 8 29 35 62 54 51 2 55 24 46 12 42 48 56 16 47 10 34 43 
39 20 15 17 58 5 8 2 27 41 55 34 45 35 62 47 46 43 25 63 16 56 48 57 14 28 11 9 51 59 38 30 1 12 52 3 23 7 37 10 61 64 22 54 53 4 36 42 19 31 50 33 44 29 21 40 60 13 49 24 18 32 26 6 
47 3 28 25 21 23 46 18 42 16 51 12 20 1 56 31 59 22 14 36 49 34 30 33 57 54 55 45 19 37 4 6 35 39 13 8 64 50 63 53 40 26 62 60 7 43 27 24 48 15 52 9 5 32 41 10 29 58 2 17 44 11 61 38 
35 57 60 56 61 38 43 33 10 53 7 6 21 30 8 11 62 52 42 55 44 2 54 26 16 22 18 12 40 34 32 48 4 47 24 20 45 29 41 27 59 46 9 13 23 5 50 15 39 17 36 28 49 58 37 14 63 3 19 31 51 1 25 64 
14 59 19 53 4 13 42 52 60 40 15 44 49 9 24 29 23 35 12 32 11 50 47 3 2 10 62 46 20 41 61 27 31 43 48 34 25 54 51 26 18 58 63 45 17 55 56 39 16 57 6 1 38 64 8 22 30 33 28 36 5 21 37 7 
48 55 41 37 31 51 36 50 25 38 39 59 43 32 63 54 7 17 10 21 29 5 24 6 49 23 1 64 13 15 53 8 60 58 42 2 62 19 33 30 57 28 34 44 12 16 3 47 11 27 20 18 26 56 61 45 9 22 14 52 35 46 40 4 
12 49 30 45 11 1 34 54 36 64 33 14 52 17 26 19 37 13 61 18 28 31 15 40 24 47 29 58 44 42 21 63 56 16 46 55 9 32 5 22 6 38 20 51 10 2 48 41 23 25 60 3 7 35 4 43 53 50 59 27 39 8 57 62 
10 9 62 16 24 29 7 6 61 28 46 2 5 58 48 22 4 39 27 1 64 8 51 60 50 36 26 3 35 56 43 33 38 18 57 14 17 44 40 49 32 19 37 21 31 52 11 25 59 30 47 63 13 34 53 42 23 15 54 20 55 12 45 41 
23 56 12 35 54 15 21 40 51 7 57 27 2 48 52 44 20 42 60 62 13 53 64 5 59 31 28 8 38 63 41 25 3 50 47 18 32 55 61 9 10 33 29 36 34 39 24 58 17 22 43 46 37 4 11 26 19 30 16 14 49 45 6 1 
4 26 43 19 25 49 41 51 11 59 10 38 1 61 28 3 35 6 47 14 17 27 8 21 44 9 58 55 24 45 22 13 7 54 56 60 34 39 30 62 37 40 31 57 15 46 53 23 18 16 42 20 12 5 63 50 32 64 29 48 52 2 36 33 
24 34 57 10 52 63 60 39 46 21 45 15 12 56 41 64 29 19 16 22 36 33 23 43 30 26 3 5 42 27 20 40 6 1 38 17 31 4 53 14 55 50 48 62 18 7 61 32 49 35 58 13 2 59 44 47 51 8 37 25 9 28 54 11 
17 36 11 13 3 42 31 7 22 33 20 16 53 25 6 34 26 49 15 46 61 39 55 10 43 62 21 47 18 23 54 60 2 51 8 28 58 37 52 19 63 35 38 1 27 41 59 45 29 32 40 30 9 14 48 64 57 12 24 44 4 50 5 56 
6 44 58 61 16 27 29 37 47 63 24 19 60 18 17 26 38 25 32 31 30 1 41 50 53 7 4 56 14 33 57 10 48 40 22 13 46 20 21 12 5 2 54 11 8 9 64 49 55 36 28 51 3 45 52 15 62 34 39 42 43 59 23 35 
5 2 9 22 50 64 32 30 35 49 14 55 37 62 36 8 52 45 48 59 7 3 4 63 61 16 12 1 39 6 11 17 33 44 41 29 15 42 24 57 28 51 26 47 13 19 20 43 54 56 23 25 31 21 34 53 10 46 60 38 58 18 27 40 
53 8 46 33 62 47 45 20 23 54 58 50 9 42 31 32 28 56 18 40 2 24 57 11 35 37 15 48 34 51 19 29 36 49 16 59 5 25 43 64 14 6 4 30 52 22 12 44 38 10 1 27 61 39 7 60 3 21 41 13 63 17 55 26 
59 38 55 18 14 28 48 1 30 4 5 43 29 40 13 39 51 12 9 44 54 58 34 37 36 49 64 32 50 52 46 2 11 35 63 10 27 26 45 23 42 21 17 16 60 56 25 3 41 6 57 8 24 33 62 19 31 20 7 61 15 22 47 53 
18 45 1 6 23 24 20 35 41 34 61 48 39 43 40 27 49 62 2 19 25 37 56 42 46 38 60 63 16 32 51 9 55 15 50 30 26 21 54 52 47 13 53 59 22 31 14 5 7 8 17 12 36 11 10 33 28 57 3 64 29 44 4 58 
49 27 59 57 43 8 37 19 28 55 30 23 62 12 2 58 63 34 21 16 47 48 13 44 45 14 42 22 3 54 40 61 25 11 31 7 56 10 18 38 33 24 6 29 39 32 46 36 26 53 64 52 35 50 51 4 15 5 17 1 60 20 41 9 
30 62 10 40 12 14 5 56 54 25 11 20 57 22 32 13 24 4 55 64 9 6 61 59 31 50 17 23 33 7 34 52 45 37 58 43 2 3 39 51 19 63 27 8 41 44 15 18 1 21 49 48 60 16 28 29 38 42 35 47 53 26 46 36 
36 4 25 39 48 50 15 3 14 46 35 21 19 51 5 53 30 58 22 27 52 17 29 32 41 12 8 18 47 64 59 56 9 42 62 6 1 16 60 20 7 54 10 26 61 34 49 28 43 13 38 31 40 57 55 44 11 37 33 2 45 23 24 63 
52 28 53 42 29 7 54 64 45 8 6 9 17 24 60 59 5 1 31 41 26 36 50 18 58 55 20 11 43 35 37 49 12 22 44 57 33 47 19 40 25 4 56 23 3 51 21 38 46 14 63 62 27 61 15 2 13 16 32 30 48 34 39 10 
58 61 17 38 26 32 22 16 44 56 63 10 64 47 4 18 14 23 46 33 15 20 3 28 21 1 24 39 27 36 13 53 34 5 35 49 8 48 59 29 60 62 52 9 2 30 57 11 42 37 41 54 45 19 25 6 43 55 31 40 12 7 50 51 
55 46 44 2 33 9 51 34 1 15 50 37 31 7 49 52 54 38 11 10 45 57 60 35 28 30 5 26 29 62 48 4 27 32 17 53 41 36 13 63 58 12 40 20 64 42 43 16 47 39 24 59 18 3 23 56 25 6 61 8 21 19 22 14 
21 41 31 63 47 60 13 11 3 42 36 29 33 26 16 38 40 7 39 8 53 43 12 51 25 57 19 6 10 2 15 44 28 23 64 61 24 14 46 4 17 48 35 50 55 45 1 37 32 34 22 5 20 9 58 30 18 54 52 62 56 27 59 49 
################proper############## 

 average_time = 3512.021155 

 success runs = 1 

 total average iters = 225836924.000000 
