Success!!! 
 
 max_col = 
 64 
 
 run_time = 
 1695.662809 
 
 once iters = 
 87945942 
 
54 17 29 6 28 11 56 23 31 41 1 13 40 53 5 33 37 27 45 42 64 35 50 19 30 14 46 57 39 18 48 51 36 61 15 10 2 34 62 60 21 47 49 7 26 9 25 20 12 4 32 63 52 8 58 24 38 16 55 22 59 44 43 3 
46 53 36 31 60 3 45 37 27 54 30 2 29 50 9 17 51 8 34 25 11 63 7 56 15 35 41 13 5 20 47 59 24 12 44 16 18 57 58 42 4 6 39 55 32 62 1 14 38 22 21 33 28 43 61 26 23 19 64 52 49 48 10 40 
38 2 35 49 42 30 9 5 55 47 12 14 20 21 16 59 23 62 15 24 60 22 39 28 11 26 56 61 10 1 52 64 41 43 32 4 46 7 3 25 8 31 48 57 13 37 45 29 34 6 18 19 44 40 54 27 50 33 58 36 17 63 51 53 
39 22 55 34 1 32 63 40 25 37 6 38 10 51 36 11 46 26 2 47 18 9 5 13 49 53 42 23 12 43 27 60 29 33 59 45 52 17 35 19 16 30 58 28 44 64 24 54 20 3 48 50 62 7 41 14 57 31 4 21 15 61 56 8 
10 41 51 44 16 8 13 61 32 43 15 39 18 3 57 63 14 54 4 30 20 52 12 59 17 22 45 40 6 58 55 33 48 47 49 31 21 27 50 26 19 36 38 42 53 5 35 60 23 25 37 2 56 1 64 46 29 7 62 24 9 34 11 28 
58 48 57 21 26 50 33 14 42 24 46 44 35 62 8 45 38 3 43 16 31 10 55 32 7 34 29 63 36 37 4 19 28 1 64 30 40 23 39 9 52 22 61 56 12 18 17 59 11 49 53 15 13 60 51 47 20 41 54 5 6 2 27 25 
24 18 19 20 12 27 47 4 64 58 7 22 52 48 28 60 21 61 29 40 57 44 49 17 38 25 2 50 3 8 16 62 63 55 53 6 56 13 54 5 51 23 43 41 15 11 34 33 35 9 31 45 36 10 59 42 14 1 26 37 39 32 46 30 
59 64 15 25 62 43 52 7 4 34 19 61 23 49 26 56 1 36 48 58 41 6 33 53 44 9 24 21 31 28 32 54 14 22 20 51 11 8 37 38 2 3 46 40 27 50 10 63 30 5 17 16 55 29 39 57 60 35 45 47 18 13 12 42 
21 26 10 35 59 31 15 16 19 49 50 11 6 24 39 48 41 53 60 3 63 4 58 7 40 57 12 43 38 14 30 44 17 23 22 9 62 52 13 28 61 33 29 8 36 54 56 51 18 2 5 46 64 55 20 37 47 42 34 27 25 1 45 32 
36 12 60 7 27 47 6 2 10 23 4 46 5 41 25 9 22 43 61 21 8 51 64 52 24 19 63 56 11 49 33 20 15 44 40 14 38 55 31 30 34 42 32 50 28 16 57 13 48 59 35 17 45 26 3 1 58 18 29 53 54 62 37 39 
33 14 17 1 58 19 20 45 26 44 53 54 64 37 60 32 62 10 12 18 47 38 27 57 28 61 25 3 22 21 8 35 6 39 5 29 43 56 24 36 9 46 23 49 2 40 11 48 31 52 42 30 7 41 34 13 15 4 59 50 55 51 63 16 
48 43 44 3 34 24 39 46 35 38 51 33 30 15 20 27 26 50 56 6 25 11 31 49 16 2 32 42 47 64 29 23 8 21 4 57 53 63 60 61 37 55 19 59 1 45 52 18 40 28 58 54 22 62 9 36 10 5 17 13 12 14 41 7 
18 49 64 37 40 29 4 51 36 17 52 45 63 57 47 61 5 46 9 13 14 20 16 35 54 7 62 48 41 55 39 10 11 50 26 32 42 59 34 1 6 25 31 58 30 21 12 27 44 56 19 23 60 38 15 53 33 8 2 28 24 3 22 43 
57 56 53 54 32 28 11 55 29 3 58 62 14 16 13 2 40 19 30 59 42 1 15 37 18 50 51 31 52 34 26 5 7 41 46 25 12 20 49 45 60 24 47 17 38 63 44 22 43 33 27 39 8 6 4 10 21 36 9 64 23 35 61 48 
41 5 8 22 63 61 42 9 12 59 43 34 56 40 31 55 17 24 23 32 29 28 44 2 1 27 13 4 46 36 15 45 10 58 18 54 48 19 33 37 62 7 64 39 3 53 20 35 16 51 47 49 14 50 21 25 52 6 60 57 26 11 30 38 
30 52 13 62 38 25 23 50 8 42 21 7 1 28 22 18 36 48 33 34 54 55 45 39 59 60 6 37 17 53 9 58 16 3 35 2 27 51 47 64 26 43 4 5 14 10 41 15 63 61 57 29 11 24 32 12 56 40 44 46 31 49 19 20 
62 9 59 64 61 6 17 57 28 45 2 58 7 33 3 14 56 25 52 29 22 13 43 24 27 23 4 34 44 41 37 53 46 49 63 19 1 16 51 12 38 18 40 26 47 35 50 8 21 30 39 55 10 20 5 60 31 48 36 11 32 54 42 15 
34 42 20 30 52 26 46 1 22 5 60 9 36 35 59 53 61 39 41 15 10 49 63 12 13 31 18 2 14 50 54 6 25 11 37 44 47 38 29 3 32 21 33 48 55 58 62 16 8 27 56 64 23 51 28 40 17 45 24 7 43 4 57 19 
35 7 23 5 45 16 54 28 24 13 11 1 47 56 44 51 8 64 18 62 34 27 40 33 29 49 38 15 26 9 43 55 53 31 14 48 17 32 36 21 3 39 25 20 19 60 37 30 57 12 6 58 61 4 42 59 46 22 10 2 63 41 52 50 
2 29 33 60 3 10 38 48 34 40 31 15 41 52 49 23 47 21 55 4 17 53 28 42 51 62 11 39 64 57 22 32 9 27 8 26 61 5 6 58 12 13 36 63 45 24 43 56 7 46 14 44 54 18 50 19 59 20 37 30 1 25 16 35 
31 13 49 43 8 39 25 56 63 19 17 32 61 27 18 50 16 6 38 26 30 59 1 58 42 3 7 45 48 60 21 40 57 20 62 34 23 28 22 15 11 41 5 54 10 4 2 46 24 53 36 47 37 35 52 33 12 64 51 29 44 9 14 55 
12 63 27 18 21 36 51 15 30 55 16 8 43 20 4 37 31 44 35 54 32 23 19 11 58 47 17 59 24 46 5 52 64 40 13 50 33 2 41 10 7 1 34 29 22 14 42 57 62 45 25 9 38 3 26 48 61 28 39 49 53 56 60 6 
32 4 37 40 55 44 24 41 6 25 64 21 26 46 10 12 45 20 57 14 3 5 48 50 19 36 28 16 1 56 63 61 42 30 54 52 35 60 7 39 31 53 51 9 49 27 59 23 29 15 22 11 34 2 43 17 13 38 8 62 58 18 33 47 
14 19 22 47 11 53 50 58 38 57 62 29 39 54 48 42 60 2 7 51 46 36 37 9 10 33 35 30 8 12 20 25 43 4 24 18 55 45 59 56 17 28 44 52 64 61 15 6 13 41 16 31 1 63 49 32 27 26 40 23 3 5 21 34 
61 57 14 32 51 1 8 13 2 28 44 16 33 64 56 36 53 11 59 37 27 47 29 43 20 48 9 46 4 26 19 34 22 38 7 60 45 49 40 63 55 35 21 30 25 31 54 58 42 23 24 18 17 12 10 15 3 39 5 41 50 52 6 62 
53 33 63 16 18 12 10 22 48 14 23 60 49 43 55 21 20 51 5 28 38 3 62 34 37 8 58 6 2 27 17 7 4 9 29 56 44 15 1 41 59 26 42 45 50 57 36 39 52 32 11 61 31 30 47 35 40 25 19 54 46 24 64 13 
43 27 34 29 49 42 5 26 37 51 47 20 46 17 30 13 9 45 63 44 15 54 2 55 62 21 50 24 25 3 1 38 58 16 10 23 31 48 52 18 41 4 28 11 6 19 53 12 59 7 64 14 40 39 56 22 32 61 57 8 35 33 36 60 
9 25 7 23 4 41 37 36 40 6 27 53 31 63 62 22 42 49 32 61 21 16 52 48 5 29 54 11 59 35 10 15 39 46 57 33 26 50 20 14 64 8 56 3 17 1 47 24 28 34 51 60 19 44 13 58 45 55 43 12 38 30 2 18 
56 40 21 2 44 46 31 59 58 35 5 4 57 18 50 54 30 23 6 22 36 39 8 10 32 12 14 41 60 52 45 42 55 13 47 28 19 64 25 24 15 51 7 38 61 33 48 43 9 29 3 62 63 27 37 20 1 53 16 34 11 26 49 17 
64 54 62 39 20 45 3 60 9 7 26 10 19 38 34 52 33 13 24 57 12 50 25 40 22 55 47 51 61 31 28 63 35 42 11 17 36 6 30 59 23 32 2 16 37 46 18 5 41 8 43 1 4 21 53 49 48 58 56 15 27 29 44 14 
11 24 6 15 17 48 28 35 39 8 29 12 3 42 45 1 18 41 19 56 4 58 60 14 64 44 53 33 30 23 49 57 2 32 27 43 37 61 5 54 22 62 52 10 40 20 13 34 46 16 26 38 25 36 55 50 9 47 63 51 21 7 59 31 
19 30 58 38 50 52 55 47 61 32 41 59 25 11 24 15 7 1 64 31 35 17 46 26 39 56 43 18 16 40 36 13 3 51 34 21 8 62 12 53 14 49 63 27 60 29 9 44 2 48 54 57 5 45 33 6 22 10 28 4 42 20 23 37 
22 20 52 59 6 15 18 25 53 29 33 56 34 10 41 64 19 37 51 60 50 30 35 8 47 63 44 9 28 24 7 48 13 54 1 61 14 4 46 16 40 11 26 32 62 55 3 49 5 36 38 12 58 23 2 43 42 17 27 39 45 21 31 57 
28 35 50 10 31 5 29 33 23 46 36 40 21 19 14 4 15 9 47 64 6 57 24 45 60 51 52 55 54 11 41 30 26 63 39 22 49 44 56 7 25 12 17 61 58 43 38 42 27 37 1 13 3 53 18 8 16 62 32 20 34 59 48 2 
42 3 43 36 9 62 57 21 45 12 48 35 11 1 6 47 58 33 27 41 28 2 22 63 14 17 8 5 32 39 18 46 51 52 31 38 20 10 19 55 53 60 37 34 54 59 30 64 50 44 40 4 16 15 7 29 49 24 25 56 13 23 26 61 
27 11 41 26 2 60 16 63 15 18 3 49 55 44 17 43 4 5 31 52 13 56 59 61 53 37 22 1 21 62 58 36 30 28 42 40 32 24 9 23 29 19 45 6 39 48 8 50 54 20 33 25 47 64 57 34 7 51 12 35 14 46 38 10 
8 1 24 61 48 64 58 54 60 30 22 25 59 5 38 28 3 12 21 20 49 34 17 62 57 13 23 19 50 15 40 27 37 2 43 35 41 11 18 47 56 63 16 31 46 44 14 7 26 39 10 42 51 32 45 52 53 9 6 33 29 55 4 36 
51 39 45 56 23 40 44 12 16 26 63 50 58 7 61 20 32 29 10 36 55 14 11 38 6 43 64 49 42 25 2 4 59 34 33 27 57 53 48 8 35 9 15 21 18 13 5 28 60 62 46 24 41 17 22 31 54 3 47 19 30 37 1 52 
37 34 46 13 14 4 19 49 62 31 32 51 42 8 54 39 44 7 53 48 23 40 26 1 33 38 3 20 35 29 61 16 45 25 50 36 64 12 21 17 24 57 10 2 41 52 27 47 6 55 63 59 9 56 30 11 43 60 22 58 28 15 18 5 
7 47 32 55 30 38 53 17 52 27 9 57 37 13 2 24 39 16 42 46 43 18 54 25 34 45 59 26 56 10 12 31 5 62 6 3 60 58 15 29 36 20 1 51 33 22 23 4 14 21 49 35 48 28 19 61 44 63 41 40 64 50 8 11 
45 58 28 63 36 49 32 27 13 56 18 24 60 39 12 8 48 40 20 33 52 43 4 22 35 64 30 7 57 2 31 41 47 10 23 59 15 42 55 6 44 34 53 14 5 25 29 1 17 50 61 3 26 9 46 54 19 11 21 38 37 16 62 51 
55 23 30 12 46 13 60 24 21 11 38 6 44 9 1 5 35 28 54 17 26 37 61 51 43 4 34 27 58 63 59 47 50 14 2 62 25 3 57 31 49 48 41 15 52 42 64 19 53 18 45 40 33 22 16 39 8 29 20 32 10 36 7 56 
6 10 39 53 5 35 64 20 43 62 34 30 4 55 23 3 29 14 16 2 9 25 57 36 52 32 49 44 15 51 42 24 54 7 60 37 13 33 28 27 58 56 59 18 11 17 61 26 19 1 12 8 21 47 38 41 63 46 31 45 48 40 50 22 
16 51 48 19 54 57 43 52 14 15 35 36 50 25 53 40 10 55 11 8 1 24 42 18 45 46 61 38 29 17 13 56 34 5 9 41 39 22 64 44 33 37 60 47 20 23 21 32 49 31 62 6 59 58 63 7 4 12 30 3 2 27 28 26 
3 8 56 50 33 59 62 11 7 48 45 47 54 31 42 58 64 15 46 63 19 12 53 21 36 1 60 14 55 16 23 39 52 17 30 49 29 40 26 20 43 27 57 24 51 38 22 10 37 35 4 28 32 13 25 2 5 44 61 18 41 6 34 9 
40 21 2 9 47 22 34 31 57 20 61 28 51 29 52 49 6 60 3 45 62 32 41 5 50 10 26 53 18 19 11 37 56 24 38 12 63 1 16 4 46 54 30 35 7 8 39 55 36 14 23 27 15 48 44 64 25 43 42 59 33 17 13 58 
26 38 25 17 15 14 61 42 33 22 37 27 32 2 63 41 59 58 13 23 44 7 34 30 21 28 48 54 9 6 3 8 18 53 19 46 51 35 45 11 50 16 12 62 4 36 40 31 10 24 20 5 43 57 29 56 64 52 49 60 47 39 55 1 
1 44 4 41 37 18 7 29 46 16 10 26 17 59 64 19 49 56 50 27 39 31 38 47 25 5 40 22 20 33 62 12 61 36 48 8 58 21 32 43 63 45 6 13 9 2 28 3 55 60 34 52 30 42 11 51 35 15 23 14 57 53 54 24 
29 60 18 4 24 58 36 39 47 21 42 37 38 26 27 35 34 57 1 53 7 8 56 31 2 54 15 64 63 45 25 3 62 19 55 20 59 9 17 51 30 5 13 22 48 28 46 11 33 40 52 10 49 14 12 16 6 23 50 44 61 43 32 41 
47 6 38 27 41 33 49 30 1 50 54 23 8 4 32 31 25 22 14 10 40 21 36 46 61 52 55 35 19 13 56 18 60 57 3 58 24 39 63 34 20 64 9 43 29 12 26 53 15 11 44 48 42 59 17 62 2 37 7 16 51 28 5 45 
50 61 54 42 56 21 40 43 3 33 24 63 48 6 51 62 12 38 39 11 2 26 23 29 9 20 36 58 53 7 60 17 44 8 52 5 10 30 4 13 47 59 27 37 16 15 19 41 45 64 55 32 46 34 35 28 18 57 14 1 22 31 25 49 
52 55 1 48 57 9 59 19 44 61 28 43 13 12 7 29 54 35 58 49 5 45 3 16 31 40 33 10 23 22 24 50 32 18 41 15 6 46 14 2 42 38 62 36 63 56 51 25 39 47 30 26 53 37 8 4 34 27 11 17 60 64 20 21 
20 28 12 51 13 37 35 10 18 2 59 17 53 36 15 57 24 42 44 9 33 48 30 64 26 6 5 32 34 4 46 43 27 45 25 47 16 31 11 22 54 14 55 23 8 39 49 40 1 19 7 41 50 61 60 21 62 56 38 63 52 58 3 29 
25 15 5 46 22 23 2 62 56 9 40 64 16 14 19 34 13 52 17 55 61 60 47 41 12 30 37 28 51 59 57 11 49 26 36 42 7 43 38 35 18 44 50 1 21 32 6 45 58 63 29 20 24 31 27 3 39 54 48 10 4 8 53 33 
17 16 3 45 7 63 26 53 5 39 20 55 22 58 11 30 27 18 28 19 51 15 32 4 8 41 21 62 49 42 44 14 1 37 12 64 50 29 23 48 10 61 35 60 31 34 33 52 56 54 2 43 57 25 6 38 24 59 13 9 36 47 40 46 
44 32 31 11 64 34 14 8 41 10 49 52 45 60 46 25 43 63 37 50 59 62 6 20 48 16 39 29 27 47 38 1 40 56 21 53 28 54 61 33 57 17 3 4 24 7 58 2 22 13 9 51 18 5 36 23 26 30 35 55 19 42 15 12 
63 46 11 24 53 51 30 6 50 52 13 41 2 61 35 10 28 17 8 12 16 33 14 60 55 18 31 47 37 44 64 21 38 48 58 7 54 26 43 32 45 29 20 19 59 3 4 9 25 57 15 56 27 49 62 5 36 34 1 42 40 22 39 23 
60 31 47 33 43 17 1 3 11 63 39 48 24 32 58 44 52 4 40 5 53 41 21 54 56 15 27 25 45 30 51 26 19 29 28 55 34 36 2 62 13 50 18 12 42 49 7 38 61 10 59 22 20 16 23 9 37 14 46 6 8 57 35 64 
5 45 40 57 29 7 22 38 51 64 8 18 9 47 43 16 2 31 26 39 37 19 13 27 41 58 20 52 62 32 34 49 21 59 61 24 30 14 10 46 48 15 54 33 23 6 63 36 4 42 60 53 35 11 1 55 28 50 3 25 56 12 17 44 
4 37 26 14 39 54 21 44 59 53 55 5 28 22 40 6 57 34 49 38 56 64 9 23 46 11 10 12 7 48 35 2 20 15 51 1 3 18 42 52 27 58 8 25 43 30 31 62 32 17 50 36 29 19 24 45 41 13 33 61 16 60 47 63 
13 36 9 28 25 2 27 32 17 1 57 3 15 45 33 26 50 47 62 35 24 42 18 44 23 59 16 8 43 38 6 22 31 60 56 63 5 37 53 49 39 10 14 46 34 51 55 61 64 58 41 7 12 54 40 30 11 21 52 48 20 19 29 4 
15 59 61 58 10 20 41 64 49 60 56 42 12 34 21 46 63 30 22 7 45 29 51 6 3 24 19 36 40 5 14 28 23 35 16 13 4 25 27 50 1 52 11 53 57 26 32 17 47 43 8 37 39 33 48 44 55 2 18 31 62 38 9 54 
23 62 42 52 19 56 12 34 20 4 25 31 27 30 29 38 55 32 36 1 48 61 10 15 63 39 57 60 13 54 50 9 33 64 17 11 22 47 8 40 5 2 24 44 35 41 16 37 3 26 28 21 6 46 14 18 51 49 53 43 7 45 58 59 
49 50 16 8 35 55 48 18 54 36 14 19 62 23 37 7 11 59 25 43 58 46 20 3 4 42 1 17 33 61 53 29 12 6 45 39 9 41 44 57 28 40 22 64 56 47 60 21 51 38 13 34 2 52 31 63 30 32 15 26 5 10 24 27 
################proper############## 

 average_time = 1695.662809 

 success runs = 1 

 total average iters = 87945942.000000 
