Success!!! 
 
 max_col = 
 64 
 
 run_time = 
 1001.255865 
 
 once iters = 
 68520431 
 
50 47 31 10 43 48 20 42 9 23 14 55 18 11 41 37 21 34 49 26 56 63 36 7 30 29 12 52 46 33 53 2 40 28 17 58 45 25 32 16 62 15 5 6 64 35 4 59 61 22 44 27 19 60 39 24 13 57 51 38 8 1 54 3 
16 40 58 46 44 1 41 7 25 28 45 10 17 30 15 4 23 9 59 47 32 39 48 24 3 11 51 8 55 60 50 62 49 18 64 27 5 37 13 57 61 2 21 38 20 29 53 19 54 34 56 14 42 12 6 36 22 33 43 31 63 52 26 35 
52 30 53 3 22 33 19 64 44 27 58 1 36 57 40 49 28 4 13 2 17 25 6 61 24 38 47 54 32 5 18 63 21 9 56 51 15 62 35 29 8 39 37 11 23 43 31 50 10 55 20 16 26 45 48 46 14 12 60 41 42 59 7 34 
49 35 61 38 6 51 18 29 21 64 50 53 24 16 22 7 54 1 46 43 62 33 20 12 45 41 40 23 59 39 14 15 42 2 60 31 55 10 19 34 32 47 63 25 26 27 36 44 17 57 3 52 5 9 13 8 48 56 30 11 4 37 58 28 
5 37 59 27 13 17 8 54 51 34 32 52 3 26 56 62 40 18 11 29 58 31 64 44 9 21 28 57 16 22 48 7 24 4 36 20 41 63 53 23 49 30 14 45 60 12 10 42 38 25 1 2 35 33 43 15 46 55 50 19 6 47 61 39 
56 4 39 55 57 24 32 11 60 20 35 48 46 61 19 54 16 37 53 14 22 42 38 8 31 27 64 10 49 26 1 17 44 12 6 47 50 43 30 52 51 34 33 13 40 18 3 28 58 62 29 7 21 59 63 41 5 23 25 9 36 45 2 15 
45 34 25 63 36 14 15 12 31 47 13 5 42 2 8 33 30 60 50 57 51 55 19 41 6 43 58 44 35 20 61 37 54 3 59 26 48 39 7 38 52 56 24 22 46 9 16 1 4 23 28 11 18 53 49 40 32 21 27 29 64 62 10 17 
60 2 28 21 9 62 26 23 59 6 29 12 63 39 38 43 3 35 10 52 27 45 5 15 34 56 36 4 19 25 13 42 1 61 33 22 46 8 11 14 57 48 55 41 54 58 7 17 37 30 31 32 50 51 47 64 16 44 18 49 53 24 20 40 
35 24 41 2 59 4 50 6 7 12 27 39 26 34 43 57 45 5 22 63 37 3 61 9 33 42 1 56 51 46 8 13 30 23 29 15 40 47 44 21 10 58 18 16 49 54 19 31 32 53 11 36 55 38 62 60 64 17 14 48 25 28 52 20 
30 28 33 8 54 61 10 53 41 37 55 56 5 47 11 25 51 19 39 6 1 14 49 17 63 31 4 29 27 52 38 22 59 42 24 34 58 7 46 2 20 12 43 48 44 23 60 9 15 45 13 57 40 16 64 35 3 32 26 36 21 18 50 62 
55 13 47 9 5 46 16 38 58 35 52 59 4 19 62 18 26 27 44 34 42 8 43 57 50 48 25 7 3 32 60 11 64 33 12 45 14 41 37 10 24 36 53 28 15 22 1 6 31 54 17 20 56 21 29 63 2 51 61 23 39 40 49 30 
3 44 45 1 34 29 39 56 23 42 24 64 33 48 36 17 2 40 15 20 50 7 16 47 12 6 30 43 61 57 49 55 27 25 13 19 28 54 18 11 38 62 59 37 32 21 51 26 41 52 8 10 9 14 5 58 4 53 46 35 60 22 63 31 
19 63 40 11 12 43 58 49 28 3 61 32 1 31 16 46 64 13 41 24 25 60 29 53 35 10 21 20 54 62 37 23 26 8 50 36 22 51 55 48 5 14 52 39 2 45 17 56 34 18 4 47 59 27 30 6 15 9 42 57 44 7 38 33 
31 26 17 22 7 52 23 15 53 14 30 60 21 13 29 2 59 54 32 10 36 18 46 38 64 24 19 28 45 9 47 58 20 16 57 39 62 4 56 63 55 61 42 34 33 40 35 8 49 50 48 25 43 44 3 51 37 27 12 1 11 5 41 6 
27 32 48 62 51 60 42 57 22 63 10 38 15 20 9 40 55 33 4 58 52 30 23 21 36 18 44 17 53 14 16 39 3 35 43 6 49 1 31 5 11 25 64 46 47 41 50 13 28 26 24 37 61 2 7 12 45 34 54 8 56 19 59 29 
20 25 36 18 64 21 37 14 50 45 44 8 6 54 49 51 12 62 31 11 35 28 56 48 41 26 5 40 15 34 2 59 61 32 9 53 52 38 17 60 30 27 7 63 3 57 29 4 46 42 23 33 22 39 19 1 58 24 47 55 10 16 13 43 
1 58 7 42 16 63 4 46 61 13 51 50 28 24 60 36 6 43 45 3 53 26 9 27 18 23 55 5 62 49 22 10 57 11 35 44 64 34 41 39 12 19 15 32 48 30 2 33 47 8 14 38 37 40 20 31 21 52 29 17 54 25 56 59 
34 15 8 40 33 32 3 31 42 53 7 14 12 17 35 29 41 59 52 25 13 46 2 10 37 36 39 11 6 64 9 1 38 45 48 43 21 58 60 56 63 54 4 23 57 49 28 61 55 19 27 51 16 62 22 26 50 30 20 47 18 44 5 24 
48 36 13 14 56 54 29 24 2 26 21 63 27 49 47 31 39 64 35 16 19 37 55 20 38 50 15 61 60 28 43 33 53 59 40 3 32 17 9 12 58 8 46 18 6 25 42 52 5 10 45 44 30 23 1 4 7 11 62 22 57 41 34 51 
62 27 18 49 45 53 64 25 16 10 8 23 11 3 52 22 57 56 12 42 33 61 44 50 20 4 26 14 31 58 34 30 36 15 47 55 51 19 28 54 60 40 41 1 35 24 5 43 29 17 59 6 13 7 46 21 39 63 48 37 38 9 32 2 
17 50 30 52 41 37 21 59 6 44 40 18 43 64 25 38 1 23 60 22 4 5 54 49 46 57 63 24 8 53 51 45 14 7 26 62 31 29 20 27 47 13 11 36 9 16 56 3 42 2 34 39 48 58 35 32 12 28 55 15 19 10 33 61 
6 55 19 28 61 57 22 35 30 59 4 20 39 33 54 45 11 47 63 21 7 51 15 62 48 32 2 12 13 41 40 44 5 50 25 37 16 46 1 24 53 10 17 27 29 31 38 34 60 56 64 18 52 43 36 9 42 14 49 26 23 3 8 58 
38 43 5 44 26 9 60 39 48 56 46 58 55 37 34 15 18 29 17 28 24 40 32 31 54 19 3 27 42 7 52 47 22 10 8 30 6 23 2 33 50 59 20 21 62 14 64 51 25 63 12 61 49 11 41 57 36 13 53 16 35 4 1 45 
23 11 2 47 10 20 12 51 62 57 41 9 19 32 5 1 58 36 38 8 14 48 34 30 25 35 16 59 29 56 17 21 52 49 18 63 61 13 4 42 37 44 45 7 39 55 26 22 53 33 54 3 15 24 50 28 40 64 6 27 31 43 46 60 
54 3 60 25 39 40 43 28 49 50 22 17 30 10 59 52 62 7 57 53 6 27 4 34 11 51 48 16 24 12 33 56 9 21 32 13 44 35 15 1 23 5 26 42 18 8 47 20 2 14 61 58 64 31 55 38 29 46 41 45 37 63 19 36 
61 49 51 32 14 55 13 4 15 38 26 62 44 18 23 28 5 46 19 31 43 17 40 3 59 60 29 2 63 10 20 8 58 37 42 48 54 36 33 22 56 7 6 30 21 53 25 35 52 11 50 45 47 41 24 39 34 1 9 64 16 12 27 57 
9 29 42 41 11 45 17 33 19 4 34 57 58 27 7 47 60 55 36 48 8 12 13 37 22 52 62 1 30 35 23 32 16 20 38 64 39 2 51 40 43 31 10 14 59 61 15 54 26 21 46 28 25 63 56 44 6 50 24 5 3 49 18 53 
37 1 10 57 24 5 31 30 56 21 54 61 25 36 12 63 33 52 28 15 64 20 50 58 27 46 43 55 41 47 39 18 7 26 53 14 23 6 59 17 9 11 29 19 16 44 45 2 3 60 49 13 8 32 34 48 51 22 38 42 40 35 62 4 
2 19 62 26 50 47 38 27 32 11 3 37 9 5 6 16 29 14 25 56 23 35 39 1 58 15 49 53 44 21 45 40 55 46 31 57 12 28 34 61 41 64 22 60 51 13 63 24 59 4 42 43 33 36 18 10 30 8 52 20 48 54 17 7 
63 48 21 56 8 7 6 22 40 46 64 29 60 35 53 20 42 32 2 61 16 38 24 59 13 34 54 50 37 17 4 3 43 62 10 18 11 45 47 41 1 33 49 52 36 39 27 55 30 12 51 9 23 19 57 5 31 25 28 58 15 14 44 26 
15 16 64 34 46 18 59 52 43 55 1 24 31 45 39 8 22 41 21 44 54 47 51 26 42 14 38 9 36 61 19 5 56 27 30 25 3 50 63 49 17 4 28 57 12 48 58 62 7 6 37 53 29 35 40 20 11 10 23 13 2 33 60 32 
36 53 35 12 20 23 44 58 13 41 33 2 48 51 14 42 9 45 18 30 10 49 11 63 28 64 31 26 7 6 57 25 19 5 52 4 29 60 24 8 40 3 32 50 37 46 34 38 62 27 22 15 1 17 54 16 47 43 21 59 61 55 39 56 
59 7 9 53 28 11 27 43 20 31 25 41 40 8 17 60 46 30 5 36 61 1 26 6 15 3 18 35 33 51 55 24 29 14 54 21 63 64 48 4 13 50 58 10 56 37 22 12 16 47 62 19 57 52 38 34 44 45 2 39 32 23 42 49 
10 8 46 36 38 12 49 60 18 16 19 22 2 63 26 13 43 58 51 50 48 15 53 45 62 37 42 21 11 31 59 6 41 47 3 52 33 56 5 7 27 32 39 29 28 4 44 23 9 40 55 17 14 20 25 30 57 61 1 24 34 64 35 54 
18 62 24 35 47 56 63 44 1 32 48 7 38 58 28 64 49 16 37 19 60 34 21 42 26 2 23 25 52 4 10 54 46 31 55 8 43 22 40 50 45 57 30 9 61 5 20 14 39 15 36 41 51 3 27 59 17 29 11 12 33 53 6 13 
29 33 23 5 40 22 30 50 47 36 57 21 45 44 37 14 31 11 9 41 18 54 12 56 39 1 61 46 17 27 58 49 15 13 20 10 34 24 42 53 16 38 51 59 19 52 43 25 6 35 26 60 32 64 8 2 63 62 4 7 28 48 3 55 
39 57 32 58 42 25 1 17 11 51 62 15 52 55 3 34 4 10 23 59 2 22 35 33 53 13 20 64 38 30 36 14 12 19 27 28 26 9 45 6 7 24 47 54 8 60 40 49 44 48 21 46 63 29 61 37 56 31 16 18 5 50 43 41 
14 21 55 16 3 34 52 61 39 43 6 49 56 53 24 27 20 44 7 17 38 62 63 13 5 40 45 32 50 8 12 29 37 1 51 59 2 57 25 35 48 46 36 33 31 26 41 64 23 28 10 4 54 18 11 42 9 58 15 60 22 30 47 19 
4 64 37 31 15 13 54 41 46 29 5 35 10 50 42 12 14 28 40 27 57 24 47 55 19 7 9 63 48 44 56 16 60 38 39 32 30 61 23 18 2 17 3 62 11 34 6 21 33 49 43 1 45 22 58 53 8 20 36 25 59 26 51 52 
51 20 26 6 48 19 45 2 54 33 23 30 59 4 61 9 32 39 8 64 3 29 25 52 57 22 60 34 47 43 41 28 62 17 44 16 36 11 49 58 15 42 35 55 1 63 18 53 50 24 7 56 12 5 31 13 38 40 37 46 27 21 14 10 
24 9 44 48 21 8 2 16 14 40 42 31 53 41 63 10 19 61 64 62 46 59 7 29 60 30 27 49 18 3 26 51 17 22 34 12 25 52 43 13 54 35 38 20 50 32 37 11 36 39 57 5 58 6 28 56 33 47 45 4 1 15 55 23 
12 18 34 30 32 38 7 36 8 22 60 6 20 46 33 21 35 48 26 13 28 58 17 16 55 54 50 45 9 19 63 64 11 24 23 41 27 3 14 37 25 1 2 53 4 10 52 39 40 61 15 49 62 47 42 29 59 5 56 43 51 57 31 44 
11 22 20 61 1 10 14 37 45 24 36 26 57 52 51 44 34 49 43 23 9 56 3 25 40 5 41 6 39 2 31 35 33 30 4 46 53 16 38 15 64 63 48 58 17 42 12 47 13 59 18 8 7 50 21 55 62 54 19 32 29 60 28 27 
58 46 29 54 60 6 33 5 64 2 9 16 49 7 1 48 15 63 47 4 39 52 45 40 17 53 11 22 12 24 42 43 18 44 21 50 59 20 26 19 3 28 57 56 55 62 13 36 27 51 32 35 31 30 14 23 10 38 34 61 41 8 37 25 
43 23 3 19 55 49 56 45 4 61 59 34 13 12 58 50 44 42 27 38 21 57 37 51 14 20 10 15 25 16 28 52 32 36 1 35 47 31 64 62 18 60 40 8 5 6 24 29 63 41 53 22 17 54 9 33 26 39 7 2 30 46 11 48 
25 42 4 64 31 26 53 63 17 5 43 54 62 28 30 3 24 2 55 18 12 50 60 14 47 59 33 36 23 29 32 48 45 39 61 56 8 40 57 9 46 41 27 44 7 51 49 15 11 1 19 34 38 10 37 52 20 16 35 6 58 13 22 21 
41 52 15 50 27 59 40 47 35 39 37 11 29 38 55 56 53 22 20 54 30 36 8 32 61 62 13 58 34 1 46 57 51 48 7 60 10 5 6 28 31 23 19 26 45 33 21 16 24 43 2 12 4 25 44 3 49 18 17 63 14 42 64 9 
13 17 57 39 35 28 51 62 27 15 18 47 23 25 32 19 10 31 6 33 11 41 1 5 8 44 7 37 56 38 21 4 63 54 2 29 42 49 58 55 14 9 34 43 22 59 61 30 64 20 60 26 46 48 16 45 52 3 40 53 12 36 24 50 
40 5 63 29 25 3 35 34 24 49 16 28 51 23 18 26 56 50 42 45 15 53 31 11 43 58 57 19 4 55 6 9 47 52 41 2 7 14 10 20 36 21 61 64 13 1 8 48 22 38 39 30 60 46 33 62 27 59 44 54 17 32 12 37 
44 56 49 45 4 30 11 20 12 19 63 33 37 6 31 58 13 21 1 55 29 64 27 43 16 47 32 42 14 36 25 61 28 60 22 24 17 26 8 46 34 53 54 35 52 38 62 7 48 9 41 59 3 57 51 18 23 2 10 40 50 39 15 5 
28 12 54 51 17 39 48 32 34 52 38 13 35 9 27 59 36 6 62 7 47 19 57 46 10 8 56 18 2 11 64 26 4 63 5 33 37 53 29 44 22 16 60 49 14 15 23 40 20 58 25 50 24 1 45 61 43 41 3 30 55 31 21 42 
8 14 22 23 53 64 62 21 55 1 15 46 54 43 4 11 17 3 33 49 26 16 58 18 7 28 35 31 40 13 24 50 25 6 45 9 38 30 27 59 39 37 44 51 10 20 32 41 12 5 52 29 34 42 2 19 60 48 57 56 47 61 36 63 
26 60 27 33 19 2 9 13 10 25 17 40 50 22 20 61 38 24 14 35 59 23 41 4 29 39 52 48 1 37 54 12 34 55 16 42 57 15 21 51 28 43 31 5 30 3 11 63 56 44 6 64 36 49 32 47 18 7 8 62 45 58 53 46 
57 41 6 7 18 50 36 1 29 8 39 3 64 14 2 53 52 51 48 37 5 32 10 60 44 49 34 30 20 45 62 46 35 40 11 23 56 12 61 31 19 55 9 4 42 47 59 58 43 13 63 21 27 15 17 54 28 26 22 33 24 38 25 16 
47 59 43 24 37 31 46 55 5 60 56 36 41 42 45 32 61 20 54 40 44 9 30 22 51 17 53 3 21 63 15 38 50 58 62 49 1 48 39 64 26 18 25 12 27 2 33 57 8 7 16 23 28 4 10 11 19 35 13 34 52 6 29 14 
42 38 16 15 52 58 61 10 57 62 47 44 7 21 48 30 25 8 34 12 63 2 28 39 23 33 22 41 5 59 27 60 13 43 19 54 18 32 36 3 29 6 56 17 24 50 46 45 35 37 40 31 53 55 26 14 1 49 64 51 9 20 4 11 
32 45 14 43 2 35 28 40 63 58 12 27 61 15 57 55 50 17 16 51 49 4 33 64 52 25 6 60 26 42 44 19 48 41 46 11 9 18 3 36 59 29 13 47 38 7 30 10 1 31 5 54 20 34 53 22 24 37 39 21 62 56 23 8 
7 51 1 4 58 16 24 3 33 17 53 43 32 29 44 35 48 38 61 60 41 11 18 28 56 12 14 13 10 23 5 34 8 64 37 40 20 59 50 45 21 22 62 31 25 19 54 27 57 36 9 42 39 26 15 49 55 6 63 52 46 2 30 47 
33 31 38 20 63 41 25 18 36 30 28 51 34 56 13 39 37 15 24 1 45 44 59 2 21 55 46 62 57 48 11 27 10 29 58 7 4 42 22 26 35 49 23 61 53 64 14 5 19 16 47 40 6 8 52 50 54 60 32 3 43 17 9 12 
64 39 12 13 49 44 47 9 38 54 31 4 22 60 21 6 8 25 3 5 34 10 62 19 2 16 24 33 28 50 7 53 23 57 15 61 35 27 52 32 42 20 1 40 63 17 48 37 51 46 30 55 11 56 59 43 41 36 58 14 26 29 45 18 
53 10 52 59 30 36 55 19 37 48 49 45 16 1 46 5 47 57 56 9 20 13 42 54 32 63 8 38 43 15 29 41 2 34 14 17 24 21 12 25 6 26 50 3 58 11 39 60 18 64 33 62 44 61 23 27 35 4 31 28 7 51 40 22 
22 54 50 17 62 27 57 26 52 7 11 19 47 59 10 23 63 12 29 46 31 43 14 35 4 45 37 39 58 40 3 36 6 53 49 1 13 55 16 30 33 51 8 15 41 56 9 18 21 32 38 24 2 28 60 25 61 42 5 44 20 34 48 64 
46 6 11 37 29 15 34 48 26 9 2 42 8 62 64 41 7 53 30 39 40 21 52 23 1 61 59 51 22 18 35 20 31 56 28 5 60 44 54 47 4 45 16 24 43 36 55 32 14 3 58 63 10 13 12 17 25 19 33 50 49 27 57 38 
21 61 56 60 23 42 5 8 3 18 20 25 14 40 50 24 27 26 58 32 55 6 22 36 49 9 17 47 64 54 30 31 39 51 63 38 19 33 62 43 44 52 12 2 34 28 57 46 45 29 35 48 41 37 4 7 53 15 59 10 13 11 16 1 
################proper############## 

 average_time = 1001.255865 

 success runs = 1 

 total average iters = 68520431.000000 
