Success!!! 
 
 max_col = 
 64 
 
 run_time = 
 1532.630211 
 
 once iters = 
 89437147 
 
48 15 40 55 49 27 61 11 39 18 25 58 63 17 42 23 4 59 22 14 51 54 28 43 45 10 26 57 60 46 32 64 34 20 50 52 24 31 1 7 5 19 12 35 13 62 21 3 30 9 37 41 56 47 6 8 36 2 16 38 33 44 53 29 
29 22 36 41 3 9 52 25 62 6 61 8 47 57 26 35 50 55 37 1 5 40 21 13 44 23 51 63 30 19 17 4 45 10 64 32 2 56 53 54 46 16 48 27 43 33 58 59 7 49 60 42 12 34 11 38 15 24 39 31 20 18 14 28 
2 35 42 39 60 31 57 1 43 5 54 12 28 34 48 40 47 33 23 18 62 7 64 15 11 25 21 59 52 9 36 29 27 16 37 30 4 49 13 38 63 14 50 41 61 32 8 53 46 44 20 24 17 58 3 26 51 10 6 19 45 22 56 55 
34 59 38 30 58 28 24 13 56 4 14 10 20 51 36 19 44 8 32 16 17 12 46 53 1 27 42 7 5 41 62 3 40 55 11 18 6 26 23 21 2 22 39 37 49 25 15 57 45 29 33 35 52 31 54 43 9 47 48 61 50 60 64 63 
56 64 19 53 45 5 26 17 16 7 2 21 59 3 31 55 38 58 36 30 27 61 11 6 22 20 35 37 50 12 48 54 44 39 43 63 14 33 9 60 28 51 24 40 34 52 29 47 15 23 18 4 10 1 62 25 32 42 49 41 46 8 13 57 
32 51 62 20 4 50 63 18 24 37 64 13 33 45 22 1 49 29 60 52 42 56 9 41 61 15 6 8 38 39 43 47 36 46 25 19 17 12 28 5 10 31 26 55 54 11 7 44 57 53 21 48 14 2 16 27 23 3 35 40 34 30 58 59 
16 33 14 37 10 44 7 21 49 9 30 15 46 60 27 41 39 63 20 19 26 48 57 31 53 2 24 56 18 58 34 55 8 47 61 3 62 29 35 42 6 64 23 38 4 17 36 45 13 32 51 28 50 22 40 59 54 12 5 11 52 25 1 43 
8 23 47 6 12 43 54 46 52 29 50 53 32 38 44 11 10 25 35 45 2 24 34 3 49 16 31 40 33 13 14 28 41 22 59 15 51 58 57 48 42 1 20 30 56 9 18 60 63 5 36 55 61 64 39 19 21 62 26 4 17 27 7 37 
60 36 32 5 55 30 18 51 2 14 48 19 23 12 34 45 29 49 17 20 52 35 6 46 28 57 15 62 58 7 54 25 4 41 42 38 22 43 10 37 33 53 61 39 21 50 11 64 24 56 63 1 26 16 9 40 44 59 27 13 8 47 31 3 
54 62 37 13 46 53 8 61 18 57 11 29 49 24 9 20 59 51 38 3 7 64 10 14 55 42 33 60 23 4 5 31 47 21 56 16 44 6 30 26 27 40 58 1 63 48 43 25 17 12 19 36 22 52 34 35 45 41 50 2 28 39 15 32 
43 42 52 44 17 57 50 48 54 27 63 38 56 28 55 25 40 61 24 34 16 39 8 1 21 6 59 22 51 53 46 26 31 49 36 35 64 15 19 20 4 41 47 10 62 45 23 29 14 2 13 32 30 11 5 3 60 33 7 9 12 58 37 18 
23 29 45 56 2 39 27 7 50 51 62 61 3 22 15 42 18 54 9 47 30 31 41 11 37 63 49 35 20 52 24 14 59 57 48 8 33 13 58 32 36 28 38 46 19 5 16 12 10 25 43 44 60 53 64 6 1 34 17 26 55 4 40 21 
22 47 34 35 14 3 49 10 37 26 31 44 36 41 43 33 63 4 12 48 21 60 5 32 2 8 27 50 19 1 9 40 51 11 28 29 23 61 52 62 13 30 42 59 7 55 17 24 38 18 45 15 46 57 58 39 56 6 64 20 54 53 16 25 
26 24 9 1 59 6 25 41 46 58 21 64 40 16 60 10 57 22 33 53 15 55 13 42 29 45 30 43 48 47 44 36 12 34 5 2 18 14 17 39 32 8 49 3 52 56 37 51 27 4 31 20 28 7 50 54 61 19 11 35 23 63 62 38 
31 4 28 58 64 33 38 16 8 53 32 17 7 35 6 30 23 44 50 2 43 27 62 19 10 61 12 3 11 56 13 39 24 9 45 40 63 1 25 46 34 60 57 15 18 20 26 54 59 55 41 47 42 51 21 37 5 49 22 29 48 14 52 36 
12 63 20 11 21 19 15 40 59 39 4 52 1 5 13 47 25 56 45 28 58 37 36 26 17 32 34 38 16 18 64 41 60 53 55 27 54 50 7 3 31 2 22 44 14 35 6 9 62 61 49 23 33 48 8 29 30 51 57 43 10 42 24 46 
40 55 18 57 53 2 44 23 41 32 45 39 51 46 28 43 17 64 21 24 34 15 58 49 52 9 16 33 4 5 10 37 38 56 7 25 11 19 31 36 1 47 27 8 6 30 54 22 3 42 59 50 29 13 63 61 48 26 60 62 14 35 12 20 
45 9 56 19 22 64 5 14 57 61 27 30 26 52 1 3 51 41 62 8 55 29 16 10 20 11 2 13 7 40 6 58 17 32 54 23 48 35 63 4 43 12 37 49 39 53 60 50 47 24 44 34 15 28 33 46 38 18 25 36 42 21 59 31 
37 54 46 16 34 4 13 43 20 42 58 33 22 7 24 8 35 30 39 9 11 52 38 27 57 59 3 19 15 50 49 60 18 26 29 5 61 28 47 6 62 63 32 56 55 36 41 31 1 21 12 2 48 14 25 51 64 53 23 45 40 17 44 10 
17 11 3 15 63 52 29 27 47 59 5 40 34 48 53 18 22 2 61 26 60 25 31 23 24 12 54 21 36 45 35 42 16 44 51 39 1 57 62 33 58 7 14 20 9 4 46 10 41 37 64 8 38 30 32 49 28 13 19 55 43 56 6 50 
28 60 61 24 7 12 10 58 15 49 16 36 55 21 23 13 1 20 48 37 47 44 54 18 25 26 43 14 32 30 56 38 50 42 46 41 45 64 59 27 11 52 40 51 2 29 33 35 5 6 17 62 31 19 53 4 22 57 9 63 3 34 39 8 
38 48 8 31 35 47 6 30 11 60 37 25 64 50 4 14 42 32 57 36 3 45 12 56 34 46 18 55 63 62 29 1 2 24 52 53 58 20 21 13 59 15 28 17 26 44 61 19 54 40 9 39 43 23 10 22 49 5 51 16 27 7 33 41 
49 1 41 62 51 20 42 59 12 63 29 54 6 9 56 31 7 43 19 33 50 53 14 28 47 44 17 23 27 64 39 61 3 60 40 34 10 22 37 8 25 18 21 13 5 16 48 38 36 57 11 26 35 55 52 45 4 30 2 32 58 15 46 24 
25 21 39 33 26 32 36 50 38 44 19 35 10 62 17 2 13 5 4 59 6 46 40 63 41 31 53 48 22 8 28 51 14 15 12 43 9 30 49 55 45 57 64 23 3 34 24 42 16 20 56 7 27 18 60 58 47 61 37 54 1 11 29 52 
63 3 23 9 43 16 12 57 10 54 33 31 50 44 58 48 32 46 7 42 56 20 52 59 64 4 37 25 62 60 55 30 19 1 2 22 5 24 45 35 61 49 15 53 38 18 34 26 39 13 40 14 8 41 51 17 11 29 47 27 21 28 36 6 
13 17 7 21 61 42 31 45 35 55 3 32 37 11 12 46 64 27 53 29 18 8 43 51 39 5 1 34 59 15 63 49 25 38 41 56 36 47 60 50 14 48 44 16 28 57 9 40 19 62 23 30 6 33 26 52 2 20 10 22 4 24 54 58 
27 28 54 51 20 34 58 52 19 41 59 22 29 43 47 26 12 38 6 60 25 11 37 55 16 56 7 2 42 14 53 32 63 18 23 48 49 3 15 40 64 13 33 24 1 39 4 21 35 36 50 5 57 61 44 10 62 17 8 46 30 31 9 45 
46 25 44 14 11 18 62 22 40 64 13 34 15 53 57 63 2 23 28 61 4 10 47 17 9 48 45 51 26 6 41 12 42 33 8 7 30 52 32 59 35 27 56 29 50 31 55 36 20 38 58 16 54 21 37 24 39 43 1 60 5 3 49 19 
53 38 1 59 37 26 48 32 21 62 56 49 30 42 5 52 31 14 44 50 39 9 19 36 3 58 8 18 24 54 11 13 28 27 20 64 12 10 51 57 47 46 60 6 23 41 22 17 4 43 2 25 45 29 55 63 16 35 33 15 7 40 34 61 
24 50 4 8 56 35 39 55 14 36 28 6 45 1 51 60 58 26 40 54 49 63 33 5 23 29 20 47 57 21 27 43 9 61 17 13 31 53 11 16 30 3 25 19 10 2 52 62 12 7 46 18 32 15 22 34 59 64 41 44 37 38 42 48 
41 5 33 2 40 29 47 6 9 38 8 27 4 18 16 61 3 21 1 15 57 30 24 34 31 19 50 36 17 10 22 35 46 14 39 54 43 62 55 44 20 45 7 32 58 37 12 11 28 64 42 60 49 59 56 48 52 23 53 25 51 26 63 13 
30 10 64 60 15 36 19 49 17 23 39 20 24 25 2 7 48 45 41 62 13 22 35 16 38 33 61 52 46 28 40 44 21 6 26 58 37 4 34 29 8 54 59 42 51 63 5 43 53 11 1 3 47 9 27 31 18 55 14 57 56 50 32 12 
33 18 15 26 9 7 41 20 42 45 47 16 58 29 59 56 27 11 3 22 1 32 61 24 6 39 62 5 13 57 4 19 49 8 38 50 40 34 2 31 53 37 51 54 25 23 35 14 44 63 52 46 55 17 28 36 43 48 12 30 64 10 21 60 
36 2 12 32 1 46 40 54 5 31 51 26 25 13 37 27 62 7 59 43 20 42 55 35 58 49 14 11 34 22 30 10 39 29 33 45 52 44 41 28 56 17 19 50 47 61 64 4 21 60 6 9 23 24 48 18 8 63 15 53 38 57 3 16 
44 61 51 3 8 45 22 63 48 50 7 60 35 39 41 62 56 10 16 49 36 38 23 4 15 53 64 24 37 17 20 21 6 54 9 1 59 32 14 18 57 42 29 28 30 43 40 46 26 33 5 11 34 27 12 13 19 25 55 58 31 52 47 2 
59 56 55 25 16 21 34 47 4 12 38 46 9 14 52 24 5 13 8 64 48 6 30 54 60 28 32 45 44 35 42 33 22 63 3 57 19 11 26 23 7 39 31 2 15 58 49 27 43 10 62 51 1 37 20 53 40 50 36 18 29 61 41 17 
52 37 30 50 42 49 43 5 1 34 55 3 18 8 54 36 19 60 2 40 14 21 39 57 56 7 46 26 12 25 61 63 48 17 62 20 53 51 27 64 9 11 6 33 59 10 45 41 29 58 16 31 4 38 15 47 13 28 44 24 22 32 35 23 
35 13 60 23 62 38 11 64 32 19 6 63 53 20 49 17 28 52 18 41 46 58 45 12 27 51 36 29 2 31 47 48 61 43 21 10 16 25 24 15 3 5 55 22 8 1 44 34 40 54 30 56 59 50 57 7 14 39 42 33 9 37 4 26 
6 58 29 28 57 24 53 4 22 21 44 23 2 33 10 15 34 31 63 51 37 47 17 9 43 50 40 41 3 38 59 52 7 12 35 42 56 55 36 30 18 20 13 48 60 26 32 16 8 19 25 64 39 45 61 14 46 1 62 5 49 54 27 11 
19 31 27 10 48 14 17 39 30 43 40 28 11 61 64 57 53 50 26 25 44 33 15 29 54 1 23 9 8 55 16 18 5 4 47 37 13 60 46 58 21 38 63 36 12 24 62 52 2 35 3 22 41 42 49 32 34 7 59 56 6 20 45 51 
18 46 2 34 33 62 16 3 63 11 9 45 19 40 8 22 24 6 58 5 53 23 25 52 36 17 47 20 54 61 21 56 26 31 10 12 35 38 48 43 39 50 1 60 44 42 30 15 51 41 27 29 37 49 7 64 55 32 4 28 59 13 57 14 
58 26 63 45 29 13 4 8 25 56 23 50 61 37 46 16 43 39 55 21 31 57 60 48 18 35 9 30 49 44 51 27 1 64 32 14 7 54 3 19 12 34 41 47 11 6 28 33 42 52 53 59 62 40 17 15 24 38 20 10 2 36 5 22 
64 41 59 47 19 61 51 42 27 52 10 14 39 4 32 12 20 9 46 7 35 18 3 33 5 43 57 28 31 11 60 34 53 37 44 17 29 40 22 45 54 25 2 62 36 38 56 13 58 48 55 63 16 6 24 1 50 8 30 21 15 23 26 49 
15 32 31 49 54 55 56 24 34 28 43 62 60 64 3 29 61 40 30 11 38 41 42 44 14 37 25 4 1 59 23 50 20 13 63 46 39 27 5 52 19 10 53 7 16 21 51 48 22 26 8 45 2 36 18 57 12 9 58 47 35 6 17 33 
39 14 21 12 52 1 30 60 44 20 17 24 5 15 7 49 45 19 13 63 54 2 22 64 48 38 58 42 29 26 8 6 55 28 34 36 41 18 4 11 37 9 35 61 57 40 59 23 31 47 10 33 25 32 46 50 27 56 43 3 53 16 51 62 
9 7 50 48 27 17 23 35 58 47 53 51 21 59 30 54 26 36 34 10 28 4 56 37 62 41 13 32 45 3 52 46 15 2 24 33 57 16 6 25 49 43 8 31 22 14 20 55 11 39 61 12 19 44 38 5 29 40 63 64 60 1 18 42 
5 6 53 43 25 11 20 28 36 2 41 57 48 26 18 38 14 15 49 17 8 1 59 47 12 40 10 16 55 33 7 22 30 62 60 21 42 23 50 51 29 32 52 64 24 27 63 58 9 34 35 54 13 3 4 56 31 44 45 37 19 46 61 39 
57 40 22 38 44 10 37 36 13 33 42 1 31 55 35 6 16 62 29 27 12 51 32 50 19 64 63 53 39 24 2 15 56 58 49 9 8 59 61 47 17 26 4 18 45 46 3 5 60 14 28 43 21 20 23 30 25 52 54 7 41 48 11 34 
50 12 25 36 32 40 33 19 7 15 57 59 42 23 38 5 21 1 54 46 29 26 4 39 13 18 44 49 28 43 37 24 11 35 14 47 27 45 8 56 55 61 30 58 20 51 10 6 52 16 34 53 64 60 2 62 3 22 31 17 63 41 48 9 
61 20 57 4 39 58 35 9 45 48 60 43 17 30 25 34 52 16 14 6 24 3 7 22 51 21 19 12 53 2 50 11 64 5 13 49 15 36 29 63 40 56 18 26 41 8 1 28 37 59 54 38 44 10 31 55 33 27 46 42 32 62 23 47 
3 30 48 64 5 63 55 15 31 10 18 37 16 36 62 4 41 57 42 23 45 59 27 60 40 22 38 39 47 34 26 8 52 19 58 61 46 2 33 1 50 21 11 25 17 13 53 32 49 28 24 6 7 12 29 9 35 14 56 51 44 43 20 54 
62 43 49 29 41 60 2 38 6 3 46 11 54 63 61 28 55 35 64 31 19 50 51 25 32 36 5 17 14 27 1 7 23 48 18 4 34 21 16 10 22 44 9 12 33 59 47 39 56 8 15 57 40 26 42 20 37 58 13 52 24 45 30 53 
51 27 11 17 31 8 46 53 33 24 52 47 44 2 20 9 15 12 5 56 40 36 49 61 30 60 48 58 10 42 25 45 32 59 6 26 55 39 54 41 38 4 62 43 37 3 57 63 50 22 14 19 18 35 13 23 7 21 34 1 16 29 28 64 
42 16 24 54 28 56 1 37 26 40 35 55 8 58 29 50 30 17 10 13 32 34 53 38 46 3 52 15 41 20 57 59 62 51 22 44 25 7 12 9 60 23 36 45 31 64 14 49 48 27 47 21 63 5 43 33 6 11 18 39 61 2 19 4 
10 45 26 22 47 23 14 34 64 13 49 56 27 19 21 51 33 18 11 44 63 62 20 2 4 55 29 6 61 16 31 9 43 50 53 28 60 37 38 17 24 35 54 52 48 15 42 7 32 1 39 58 3 46 30 41 57 36 40 59 25 12 8 5 
7 52 6 18 13 59 21 44 53 22 1 41 12 32 14 39 37 47 43 58 9 28 48 8 63 54 56 64 35 23 33 62 57 40 30 31 3 42 20 24 16 29 5 34 46 19 27 2 61 45 4 17 51 25 36 11 10 60 38 49 26 55 50 15 
11 49 10 63 23 15 3 33 28 8 20 5 13 6 39 59 60 24 27 4 61 43 2 7 42 30 55 54 9 32 38 57 35 45 16 62 26 17 18 14 51 58 34 21 40 12 31 37 64 50 22 52 36 56 41 44 53 46 29 48 47 19 25 1 
4 8 58 46 6 37 28 56 3 16 24 18 14 47 63 21 11 48 25 35 33 13 44 30 26 62 22 10 43 51 19 20 29 52 57 59 50 5 64 12 15 55 17 9 42 54 38 61 23 31 7 27 53 39 1 60 41 45 32 34 36 49 2 40 
20 44 5 7 38 25 32 31 55 1 26 48 62 27 50 37 9 34 56 12 10 16 63 45 8 47 11 46 64 36 18 2 33 23 4 51 21 41 40 49 52 24 43 57 53 22 39 30 6 3 29 61 58 54 19 42 17 15 28 14 13 59 60 35 
55 53 35 27 50 51 60 62 29 46 12 7 43 49 11 58 54 3 31 39 41 17 18 21 59 13 28 44 40 63 45 23 10 30 19 24 32 9 42 61 48 36 16 5 64 47 25 1 34 15 38 37 20 8 14 2 26 4 52 6 57 33 22 56 
47 57 13 52 18 54 45 12 61 35 15 9 41 56 19 64 36 37 51 55 23 14 29 20 33 34 4 1 6 48 3 53 58 7 27 60 28 46 43 22 44 62 10 11 32 49 2 8 25 17 26 40 24 63 59 16 42 31 21 50 39 5 38 30 
1 34 16 42 30 22 64 29 23 25 36 4 52 54 33 44 46 53 15 32 59 19 26 40 35 14 39 61 21 49 12 17 13 3 31 11 38 48 56 2 41 6 45 63 27 60 50 20 55 51 57 10 5 62 47 28 58 37 24 8 18 9 43 7 
21 19 43 61 24 41 59 2 51 17 34 42 38 31 40 32 6 28 47 57 22 5 1 62 50 52 60 27 25 29 58 16 37 36 15 55 20 8 39 53 26 33 46 14 35 7 13 56 18 30 48 49 9 4 45 12 63 54 3 23 11 64 10 44 
14 39 17 40 36 48 9 26 60 30 22 2 57 10 45 53 8 42 52 38 64 49 50 58 7 24 41 31 56 37 15 5 54 25 1 6 47 63 44 34 23 59 3 4 29 28 19 18 33 46 32 13 11 43 35 21 20 16 61 12 62 51 55 27 
################proper############## 

 average_time = 1532.630211 

 success runs = 1 

 total average iters = 89437147.000000 
