Success!!! 
 
 max_col = 
 64 
 
 run_time = 
 917.049453 
 
 once iters = 
 30932913 
 
61 35 42 51 20 58 57 4 19 23 50 53 11 37 54 34 28 30 55 25 7 9 21 8 3 12 31 49 44 62 17 2 10 64 45 39 47 24 13 27 48 18 22 38 32 1 26 43 59 41 56 52 33 46 14 36 60 15 63 6 40 29 5 16 
48 25 27 18 47 24 17 46 44 31 30 40 62 35 52 49 20 32 14 54 38 53 4 10 13 39 11 16 64 26 29 41 43 21 22 12 42 5 61 33 34 63 8 58 57 56 50 15 6 7 55 28 51 45 60 2 19 23 37 59 9 36 1 3 
34 1 53 40 3 64 2 50 7 58 32 39 59 27 18 4 45 51 24 31 52 6 12 36 23 46 60 20 22 42 48 8 63 16 57 56 62 41 44 19 21 35 55 17 5 28 14 29 37 11 9 43 54 61 26 15 33 47 13 49 10 38 30 25 
37 13 33 52 59 29 41 12 1 57 21 43 42 56 2 26 64 34 11 35 23 5 49 18 14 30 28 54 6 47 15 10 60 58 38 31 9 50 53 8 46 16 40 24 36 19 20 45 3 48 4 63 32 22 25 17 55 51 44 62 61 39 7 27 
10 49 45 55 56 38 21 54 14 51 63 47 16 48 41 13 39 46 44 40 43 2 19 17 57 1 33 32 52 25 61 53 30 36 18 3 29 15 6 4 60 59 23 9 42 7 31 37 50 5 62 64 12 35 27 8 11 20 28 34 24 58 26 22 
5 43 7 6 31 39 23 15 60 33 9 3 12 17 29 10 48 56 41 22 61 50 37 27 40 63 36 34 51 19 24 59 20 28 46 55 1 26 14 11 62 49 13 25 64 53 47 2 42 18 38 16 44 57 30 58 8 32 45 35 4 21 52 54 
16 8 36 19 22 9 32 60 45 55 20 28 64 6 24 25 57 59 63 15 13 58 26 62 38 7 43 37 50 27 5 18 52 51 17 54 23 35 49 34 4 3 33 44 30 61 11 41 10 21 29 39 40 47 53 1 31 14 56 2 12 48 42 46 
26 44 11 14 28 30 62 63 61 8 46 22 5 36 38 15 3 47 1 29 42 33 60 16 9 58 21 4 56 55 35 45 7 48 32 59 25 2 40 37 10 54 12 6 52 27 39 51 23 31 13 19 49 34 24 20 43 50 18 17 41 53 57 64 
7 53 3 10 54 21 19 51 46 42 5 55 61 28 23 36 41 60 12 57 27 39 18 47 15 50 16 17 20 1 45 38 37 35 49 62 32 48 29 30 6 2 64 26 34 8 9 11 63 25 58 13 52 56 4 24 22 59 14 33 31 40 43 44 
38 20 25 1 64 44 50 56 53 7 8 62 15 13 12 59 37 23 9 19 49 45 32 35 41 54 42 58 47 46 27 57 18 3 24 60 51 4 5 22 33 40 16 14 48 21 10 55 39 43 11 17 36 26 31 28 34 6 30 52 63 2 61 29 
12 48 57 5 2 11 49 29 31 43 35 10 32 47 25 16 54 64 4 42 15 40 1 24 63 53 34 33 28 21 8 9 46 20 26 27 38 59 7 56 18 41 62 51 61 23 30 52 19 14 60 44 22 37 3 6 36 58 39 45 17 55 50 13 
35 4 15 28 24 32 36 8 39 54 27 48 33 14 17 57 13 63 7 20 29 34 30 26 49 37 64 25 40 22 11 12 55 47 6 58 52 44 31 45 42 19 60 1 38 50 43 3 2 61 59 41 53 51 9 46 23 10 62 16 21 5 56 18 
59 27 22 17 33 13 6 39 41 19 38 11 18 49 45 44 10 50 43 2 5 56 36 25 26 61 30 31 32 7 52 55 16 14 9 63 28 1 34 23 58 15 35 53 4 57 24 47 54 62 48 40 21 20 12 29 51 42 8 64 46 3 37 60 
62 18 37 9 34 63 61 31 40 4 64 24 26 58 50 21 33 44 46 52 17 51 14 55 43 29 19 48 3 23 6 60 2 39 41 57 53 36 10 15 56 28 32 20 7 59 13 22 49 8 42 27 30 5 16 45 25 54 47 1 35 12 11 38 
52 41 23 26 60 40 58 43 30 2 51 20 56 29 34 3 8 48 16 53 22 31 6 11 62 59 4 36 18 14 13 5 61 54 42 33 21 25 50 12 44 27 45 39 17 37 46 63 35 47 1 55 10 64 38 32 15 28 19 7 57 9 24 49 
42 16 14 30 45 46 47 55 6 9 1 63 37 52 22 60 21 38 3 62 59 28 61 58 39 56 2 10 24 35 51 44 40 19 13 8 64 11 43 17 36 25 49 31 54 29 5 12 34 33 7 50 57 15 18 23 20 48 27 26 32 4 41 53 
54 52 44 32 46 22 4 16 63 15 17 38 25 20 8 45 58 10 37 41 24 11 42 31 27 57 53 21 49 18 59 39 64 56 36 47 33 6 19 5 30 7 29 43 13 48 51 61 62 3 12 14 9 23 35 40 1 26 34 28 50 60 2 55 
43 47 35 38 14 6 13 26 37 56 40 1 10 4 19 9 44 52 8 46 32 54 16 29 51 15 25 63 36 61 64 28 3 17 59 11 22 62 12 18 49 53 34 27 58 33 2 50 48 42 39 60 24 7 55 21 45 57 31 30 5 41 23 20 
36 21 51 41 5 2 1 58 55 32 53 30 43 7 26 6 35 9 34 45 64 14 56 23 24 19 46 52 11 20 50 62 25 38 15 42 4 13 28 44 8 57 54 60 47 31 37 40 61 17 49 22 16 10 59 18 63 3 33 29 48 27 12 39 
64 3 59 37 23 10 33 61 29 14 12 58 44 22 60 18 55 28 49 17 6 30 5 53 48 40 47 8 31 54 34 4 24 43 16 46 2 57 1 50 35 62 63 56 39 20 21 36 41 26 27 45 19 11 52 25 9 13 38 15 42 51 32 7 
29 45 63 39 50 7 27 62 47 11 31 5 28 2 36 48 12 4 25 51 40 15 3 57 33 9 56 55 17 30 44 23 54 53 52 49 60 61 20 41 32 14 26 16 22 42 19 59 58 37 64 8 34 13 1 38 6 46 21 24 18 35 10 43 
9 40 31 34 25 57 48 18 62 52 41 13 51 24 61 64 63 19 33 7 47 38 39 2 37 16 12 29 42 60 22 35 27 26 21 45 14 10 8 58 11 55 28 3 23 6 1 5 15 20 50 32 43 30 46 4 59 44 17 53 36 54 49 56 
49 15 56 12 17 60 11 53 27 50 34 54 46 39 57 42 61 20 62 13 21 26 43 59 2 3 41 5 14 32 58 1 35 7 48 30 63 55 23 31 38 24 9 52 18 45 25 10 44 29 47 6 28 33 36 51 16 8 4 40 64 37 22 19 
30 28 24 8 55 19 42 20 21 49 16 59 35 3 33 23 27 22 48 36 18 60 50 1 45 10 6 26 7 43 38 13 9 29 39 34 40 32 37 51 12 17 15 46 41 64 44 4 57 53 31 2 63 54 56 5 47 25 61 58 52 11 14 62 
56 30 9 62 27 1 31 44 8 25 28 19 45 33 46 40 24 16 59 5 37 22 34 20 18 36 54 35 63 52 32 26 21 11 47 48 39 53 42 64 15 6 61 50 49 58 23 38 55 57 14 7 29 4 2 13 41 43 51 12 3 17 60 10 
45 29 19 24 11 3 39 57 38 47 52 6 55 16 14 12 2 25 50 27 44 41 23 13 4 64 20 7 33 48 42 51 15 63 10 9 56 37 32 28 43 31 5 54 60 35 22 62 18 30 36 46 26 17 34 61 53 49 1 21 58 8 59 40 
21 54 5 7 61 14 52 33 22 13 37 51 20 53 56 17 40 43 10 3 28 35 57 64 55 60 49 62 23 2 19 24 6 41 31 4 30 16 36 1 63 12 18 45 26 11 34 39 32 38 8 59 42 44 58 47 46 27 15 9 25 50 29 48 
40 64 48 42 13 23 60 25 18 61 10 9 34 44 4 11 1 14 6 63 55 52 33 7 31 47 15 39 16 3 41 58 8 49 54 26 50 45 51 46 2 29 36 59 56 30 17 24 12 35 53 20 37 43 21 27 5 19 22 32 38 57 62 28 
46 38 34 63 10 55 15 6 49 1 24 27 21 42 31 62 36 54 45 60 19 12 51 4 50 44 29 9 53 56 37 43 22 59 61 35 18 17 58 20 7 64 41 57 8 40 32 48 5 28 16 3 23 25 33 39 26 2 11 14 30 52 13 47 
18 59 4 50 37 43 20 17 26 36 48 15 23 5 35 58 32 11 31 39 9 47 53 49 22 34 61 38 8 45 30 14 12 57 2 40 19 29 3 7 13 10 46 21 28 25 52 27 24 56 51 1 60 41 62 54 44 55 6 42 33 64 16 63 
8 22 2 35 58 16 51 28 57 39 7 29 41 32 43 50 56 42 26 38 30 62 17 48 46 21 27 59 13 10 12 40 33 44 5 25 55 23 52 60 14 37 1 47 53 4 3 20 11 49 19 15 64 9 6 63 24 18 36 31 34 45 54 61 
53 32 12 49 36 47 26 41 59 3 2 60 54 63 64 30 15 29 21 61 8 18 58 46 17 5 1 6 57 28 25 11 34 62 43 14 13 38 27 24 16 44 42 19 51 55 33 9 45 50 40 48 31 52 10 22 37 7 20 23 39 56 35 4 
24 31 64 45 21 59 63 14 23 18 44 35 36 43 13 56 29 41 47 58 2 37 38 22 1 55 62 53 19 40 33 25 39 5 7 20 46 3 4 49 57 52 10 61 27 16 15 54 28 12 34 26 6 48 42 30 17 11 50 60 51 32 9 8 
2 7 39 13 19 18 43 49 33 38 45 34 22 61 10 63 50 15 52 1 14 32 62 60 47 42 57 12 26 58 54 56 11 23 29 37 44 27 41 6 3 36 21 30 59 51 28 8 4 9 17 53 46 24 5 31 48 40 16 20 55 25 64 35 
11 58 16 48 40 17 44 5 4 12 6 26 47 50 21 53 18 35 23 55 3 42 20 54 36 28 63 43 45 8 60 37 32 25 51 13 10 31 62 2 39 56 24 22 46 9 7 64 27 52 41 29 1 19 57 14 38 34 59 61 49 30 33 15 
28 42 46 25 1 27 54 38 48 24 57 31 58 55 15 39 30 6 51 34 10 8 13 33 61 49 35 22 41 5 2 17 59 18 56 52 16 9 21 40 26 32 50 23 62 63 4 53 43 64 20 36 11 60 45 7 29 12 3 47 44 14 19 37 
22 36 60 53 51 12 30 3 11 40 29 32 49 59 42 41 16 61 39 43 57 17 48 63 52 23 44 24 9 64 10 46 1 34 50 15 8 28 38 55 45 20 31 18 14 47 35 19 25 2 54 62 13 58 37 33 4 56 7 5 6 26 27 21 
47 55 26 29 32 37 9 52 3 20 25 14 8 19 7 2 4 27 56 28 53 59 45 5 6 48 50 15 21 34 18 30 17 61 12 24 36 64 54 57 40 43 38 33 11 60 42 58 51 63 10 35 39 49 44 16 13 31 41 22 62 23 46 1 
33 56 61 57 8 4 10 23 9 46 54 16 52 62 27 37 7 26 19 49 25 64 11 12 29 51 39 13 38 59 31 20 53 60 14 22 35 47 30 43 1 34 48 5 6 44 41 17 21 40 32 18 50 55 15 3 58 36 24 63 45 42 28 2 
41 62 6 20 15 50 35 34 51 30 60 64 17 1 28 5 9 21 36 24 31 46 44 40 16 27 7 3 4 11 14 32 45 42 58 19 26 63 33 48 37 13 2 55 12 49 29 25 22 59 23 38 47 8 61 56 52 39 10 43 54 18 53 57 
6 26 18 64 57 33 55 27 32 63 61 8 53 15 37 7 42 12 60 14 34 48 28 56 20 35 3 19 2 49 46 36 23 45 4 38 43 51 59 52 17 21 30 40 10 41 16 13 29 1 5 24 25 62 50 44 54 22 9 39 11 47 58 31 
32 5 10 3 43 42 34 1 52 45 36 44 13 57 48 54 46 37 2 59 20 63 40 6 25 22 38 41 39 50 47 27 28 9 62 16 17 21 11 35 55 4 14 49 24 15 60 31 30 19 33 58 56 53 23 26 61 64 29 51 8 7 18 12 
17 2 29 46 53 49 40 24 42 22 14 18 4 38 59 27 25 31 58 8 35 3 64 9 34 13 23 57 5 15 62 21 41 32 37 36 20 7 55 26 54 33 51 11 1 43 45 56 16 39 28 12 61 63 47 52 50 60 48 10 19 6 44 30 
13 19 21 4 39 28 59 47 43 16 49 56 2 34 62 46 53 5 17 18 33 57 22 52 54 14 51 30 55 37 1 7 44 50 60 10 31 58 24 63 27 61 6 8 29 32 12 23 64 15 45 11 3 40 48 9 35 41 42 25 26 20 38 36 
44 50 20 11 48 54 56 22 35 41 26 17 60 31 40 1 51 45 27 21 36 23 47 30 58 24 9 18 29 63 53 42 13 15 34 61 49 12 64 25 52 39 37 62 19 3 57 28 7 6 46 10 2 38 8 43 14 33 32 4 59 16 55 5 
23 63 52 15 35 8 45 7 20 29 19 12 6 11 39 28 38 55 61 4 62 13 54 32 56 26 48 64 10 44 16 31 42 30 27 2 3 33 57 47 5 50 25 36 9 18 58 46 17 60 22 34 14 59 51 41 21 53 43 37 1 49 40 24 
58 14 41 31 16 61 25 30 5 64 33 21 50 9 51 55 43 24 29 26 11 19 10 39 59 52 45 60 12 17 4 6 56 1 8 53 48 40 46 54 47 22 7 42 2 38 63 44 13 36 18 37 35 32 20 49 27 62 57 3 28 15 34 23 
60 9 62 36 12 51 38 37 24 10 58 23 30 25 3 47 49 1 15 16 41 44 7 50 32 8 40 11 43 33 28 61 29 22 19 5 6 18 39 14 53 48 59 35 20 26 64 34 31 55 21 57 4 27 54 42 56 45 46 13 2 63 17 52 
51 12 47 43 29 48 22 40 17 5 42 2 1 64 6 52 34 7 32 56 60 61 63 38 35 41 59 50 27 9 20 49 4 46 53 44 58 39 18 3 25 30 57 10 16 13 62 14 8 23 26 31 55 36 11 37 28 24 54 19 15 33 21 45 
15 11 38 21 7 53 28 2 12 48 3 41 24 30 63 14 52 17 57 23 50 49 27 44 5 4 37 51 60 39 40 29 19 31 55 43 54 8 45 61 59 42 20 34 33 22 36 26 46 10 6 47 18 16 64 35 62 9 58 56 13 1 25 32 
20 46 13 60 41 26 8 36 34 62 15 57 39 54 11 43 31 18 22 9 1 4 35 21 10 45 55 61 25 24 7 64 47 33 63 28 12 56 16 59 19 51 27 32 37 52 53 6 14 58 30 49 38 29 17 50 2 5 40 48 23 44 3 42 
57 23 50 61 62 35 37 19 58 44 22 36 7 26 55 38 14 33 54 30 45 10 25 41 12 6 8 47 46 16 56 34 48 13 64 32 5 42 60 9 24 1 3 29 15 2 49 21 40 4 63 51 59 28 43 53 39 17 52 18 27 31 20 11 
55 33 58 16 18 52 3 9 10 53 47 45 29 21 49 61 62 39 40 37 46 36 8 51 19 2 14 28 54 31 43 48 50 27 35 6 11 20 17 38 23 5 4 64 44 12 56 7 1 32 24 25 15 42 13 60 57 30 26 41 22 34 63 59 
27 39 32 56 44 34 24 10 50 59 4 25 9 60 20 8 26 58 5 47 16 55 15 28 30 17 18 42 62 13 3 22 49 52 1 23 7 14 2 36 41 45 11 63 31 46 40 35 33 54 61 21 48 12 19 57 64 29 53 38 37 43 51 6 
14 17 30 59 4 31 64 42 28 37 23 33 27 18 32 51 11 13 53 6 12 20 29 19 21 38 58 44 1 57 26 63 62 40 25 41 24 22 15 10 9 47 39 48 43 54 55 60 52 45 3 56 5 2 7 34 49 61 35 8 16 46 36 50 
63 6 1 54 49 25 5 45 13 35 56 46 19 40 16 31 59 3 42 64 48 24 2 43 11 32 52 23 15 53 36 33 51 37 30 21 57 34 26 29 61 38 58 28 50 17 8 18 20 22 44 9 27 39 41 62 7 4 12 55 60 10 47 14 
39 57 54 33 42 62 29 21 36 34 18 61 38 46 5 20 47 53 35 11 26 27 41 3 64 43 22 1 58 4 55 16 14 12 40 51 15 19 9 32 31 60 52 13 63 10 59 49 56 44 2 23 8 6 28 48 30 37 25 50 7 24 45 17 
31 24 55 27 38 36 18 48 2 17 43 42 63 23 9 32 6 40 20 50 51 7 59 37 28 33 26 14 30 12 39 52 57 4 3 29 45 49 56 13 64 46 19 15 21 5 54 16 53 34 25 61 58 1 22 11 10 35 60 44 47 62 8 41 
19 10 40 2 9 56 12 11 54 60 55 37 48 45 1 33 17 62 28 32 58 21 31 61 53 20 24 27 35 29 23 3 38 8 44 7 34 52 63 42 22 26 43 4 25 39 6 30 47 46 57 5 41 50 49 59 18 16 64 36 14 13 15 51 
4 60 17 22 52 41 46 64 25 6 62 50 3 8 47 29 23 36 13 12 54 16 55 15 7 18 5 56 59 38 57 19 26 24 28 1 37 30 35 39 51 58 44 2 45 14 48 42 9 27 43 33 20 21 40 10 32 63 49 11 53 61 31 34 
50 61 43 58 6 15 7 59 56 28 13 49 14 51 30 35 22 8 38 10 63 1 46 34 44 25 32 40 37 36 9 47 5 55 23 17 27 54 48 62 20 11 53 41 3 24 18 33 60 16 52 42 45 31 39 64 12 21 2 57 29 19 4 26 
25 34 49 44 26 5 14 35 15 21 59 4 31 10 53 19 60 57 64 33 39 43 24 42 8 11 13 45 48 41 63 54 58 2 20 50 61 46 22 16 29 23 47 7 40 62 38 1 36 51 37 30 17 18 32 12 3 52 55 27 56 28 6 9 
3 51 8 23 63 20 16 13 64 26 11 7 57 12 44 22 19 49 30 48 4 25 52 45 42 31 17 2 61 6 21 50 36 10 33 18 41 60 47 53 28 9 56 37 35 34 27 32 38 24 15 54 62 14 29 55 40 1 5 46 43 59 39 58 
1 37 28 47 30 45 53 32 16 27 39 52 40 41 58 24 5 2 18 44 56 29 9 14 60 62 10 46 34 51 49 15 31 6 11 64 59 43 25 21 50 8 17 12 55 36 61 57 26 13 35 4 7 3 63 19 42 38 23 54 20 22 48 33 
################proper############## 

 average_time = 917.049453 

 success runs = 1 

 total average iters = 30932913.000000 
