Success!!! 
 
 max_col = 
 64 
 
 run_time = 
 2024.230596 
 
 once iters = 
 102828433 
 
13 36 33 60 39 46 27 43 45 52 51 55 25 54 4 11 15 40 32 37 3 34 47 26 17 6 14 64 50 41 49 19 28 59 2 56 12 44 7 35 24 53 16 31 22 62 61 21 57 20 18 38 58 48 8 30 29 63 42 5 23 1 9 10 
18 7 51 12 11 35 8 6 63 40 30 14 21 48 53 56 28 24 1 57 52 2 54 10 4 36 59 3 58 33 37 9 29 26 34 41 31 25 43 61 49 50 47 46 64 20 23 19 15 5 62 42 60 13 39 55 32 16 38 22 44 45 27 17 
63 22 55 44 40 48 28 47 12 34 1 58 60 15 59 36 64 7 20 23 56 35 4 27 43 11 25 13 42 18 29 16 14 46 57 38 8 49 10 24 33 41 32 17 2 45 5 26 19 54 50 21 61 52 31 9 53 51 6 3 37 30 62 39 
50 4 52 62 54 14 64 10 32 35 39 18 17 41 20 31 29 61 6 9 60 16 44 49 22 5 55 30 26 2 12 8 40 15 3 45 53 36 33 19 59 57 27 58 38 42 1 7 23 56 43 37 34 51 46 63 11 47 24 28 21 13 48 25 
1 53 32 42 34 30 16 5 3 61 29 28 26 19 50 62 63 41 38 45 33 58 39 11 51 40 10 60 15 20 44 56 27 13 54 21 22 23 64 37 8 48 43 52 55 6 35 9 7 24 14 4 59 17 47 25 12 46 31 49 57 36 18 2 
24 49 9 20 59 26 37 25 7 22 6 5 44 13 33 64 53 17 31 36 8 50 62 21 57 23 38 45 34 48 46 54 42 58 1 47 52 30 39 51 56 15 18 60 3 28 63 12 10 41 32 11 29 27 16 2 43 14 40 35 4 19 55 61 
31 19 56 57 61 15 38 3 42 10 8 16 9 47 23 2 5 30 48 22 46 55 43 13 1 39 21 35 28 27 24 7 18 11 17 32 4 62 63 50 37 14 25 51 29 54 34 40 64 6 45 53 36 49 12 44 60 52 58 59 20 41 33 26 
17 58 21 29 2 45 23 41 27 37 49 46 57 24 38 43 42 12 59 14 18 19 51 25 61 62 52 31 63 47 32 53 5 20 55 60 16 6 9 48 10 11 4 30 36 13 44 39 28 1 35 33 40 22 3 26 7 54 8 64 50 15 56 34 
41 54 62 8 32 12 17 13 35 33 4 51 42 21 58 63 20 34 55 64 37 52 16 46 56 47 60 19 57 15 22 50 25 5 10 36 39 14 30 44 29 9 53 26 23 38 24 49 6 45 27 18 48 3 28 59 1 43 7 2 31 11 61 40 
5 3 6 24 55 20 47 33 37 19 46 25 40 44 8 26 23 49 30 11 62 27 48 32 10 41 51 34 29 45 21 59 1 42 60 53 56 28 35 12 43 18 7 63 61 39 54 64 22 4 31 57 13 9 2 16 52 50 14 36 17 58 15 38 
57 48 50 31 27 39 11 56 52 16 60 47 43 12 41 23 38 44 19 13 42 28 6 18 2 58 53 14 3 64 5 32 21 61 46 40 34 29 20 8 36 55 51 37 15 1 30 25 35 10 54 17 26 63 33 7 59 9 45 62 22 4 24 49 
64 30 26 49 53 28 45 29 24 59 34 50 31 9 56 57 36 35 22 10 12 21 61 5 7 1 44 6 38 62 17 63 52 51 27 3 43 4 15 23 32 42 41 2 20 14 16 11 25 55 8 39 47 60 40 58 13 37 54 33 48 46 19 18 
7 2 38 1 25 63 9 59 22 64 18 45 55 61 10 30 3 51 15 4 14 39 41 40 28 33 8 24 12 36 16 13 58 31 19 62 48 11 54 17 35 34 60 47 5 50 57 46 44 52 20 23 37 43 49 56 26 29 27 53 32 6 21 42 
34 52 35 43 10 42 51 19 13 17 7 1 11 27 36 39 24 50 29 2 31 56 26 60 46 18 37 4 25 54 20 61 55 16 6 9 32 22 49 59 28 58 8 45 44 40 33 48 21 30 12 14 62 53 38 15 5 57 41 47 64 3 63 23 
14 23 37 46 18 22 58 44 15 49 62 2 5 3 28 6 1 43 8 7 59 53 33 54 11 27 35 9 30 42 48 40 47 45 13 26 24 63 57 38 21 31 52 19 10 4 17 56 32 61 34 36 64 29 41 50 55 25 51 39 16 60 12 20 
21 40 16 61 36 60 15 4 54 29 20 53 32 38 48 14 25 58 63 47 57 17 9 45 52 49 23 26 55 31 43 39 41 33 37 7 2 64 50 18 22 12 62 6 13 27 3 59 5 51 19 1 11 46 24 42 8 10 35 44 30 34 28 56 
59 62 2 9 30 6 18 34 28 41 38 21 49 25 16 42 50 14 3 53 35 20 46 43 63 45 15 29 52 17 11 58 56 57 8 64 13 60 4 33 27 40 24 7 32 12 10 23 54 48 22 5 19 39 55 36 47 31 26 1 51 61 44 37 
37 17 11 39 31 19 56 60 9 36 5 44 47 35 1 7 12 54 21 38 6 64 15 48 55 53 16 20 46 28 3 30 23 10 41 25 49 42 26 52 14 51 22 50 43 61 8 62 13 58 29 45 24 59 32 57 33 2 18 63 40 27 34 4 
52 15 24 35 57 41 43 27 14 54 53 6 58 39 46 37 33 59 36 60 22 18 56 17 26 38 13 23 32 34 62 42 7 28 51 48 40 5 19 20 4 44 45 1 16 2 11 3 12 47 63 61 30 10 9 31 21 64 55 50 49 8 25 29 
23 8 47 50 14 25 3 20 64 60 15 12 48 31 62 29 4 26 61 28 24 10 7 42 36 54 2 51 39 40 9 33 59 21 58 18 27 16 55 11 53 5 17 38 63 41 6 35 34 49 46 56 44 1 37 52 30 19 22 13 43 57 32 45 
51 13 49 36 58 61 42 16 18 43 22 17 34 33 45 27 11 32 57 5 23 29 52 31 8 7 48 37 10 14 19 44 53 38 24 1 63 47 2 46 25 56 64 55 30 9 60 28 3 26 4 35 50 40 21 62 41 39 20 6 15 54 59 12 
55 10 28 33 38 40 5 22 4 11 57 8 19 51 52 3 34 2 25 63 44 45 27 39 64 59 24 41 21 1 6 31 12 35 61 43 50 32 37 30 58 46 29 49 47 26 13 54 16 60 17 20 53 18 15 23 48 36 9 42 14 56 7 62 
4 26 63 54 48 1 44 53 59 32 56 10 2 23 30 61 13 55 41 58 40 51 49 19 50 25 18 22 47 12 35 43 36 9 62 14 17 31 29 45 20 33 37 21 57 34 39 15 27 11 64 7 42 8 6 38 16 3 28 24 60 5 52 46 
29 21 12 45 64 7 32 46 55 63 26 24 13 50 40 20 37 8 16 62 30 9 1 47 60 56 4 5 49 57 61 27 44 54 22 34 6 15 3 39 18 19 59 36 42 48 31 52 43 33 28 41 2 14 25 51 23 17 11 38 53 10 35 58 
40 20 29 52 22 23 49 7 26 4 19 36 56 57 25 55 2 5 17 54 34 42 37 16 44 8 63 53 62 13 33 48 10 43 28 39 64 41 11 15 1 61 3 59 12 18 14 45 38 46 24 31 21 35 51 27 58 30 60 32 47 50 6 9 
8 28 64 32 56 47 36 58 30 42 17 22 23 20 5 9 57 10 46 41 15 31 45 12 29 16 27 2 1 6 51 52 24 50 40 33 59 35 13 3 62 54 49 34 25 43 38 55 61 63 60 19 7 44 14 37 4 53 21 26 18 39 11 48 
33 1 39 41 51 21 62 61 8 53 54 29 24 37 49 44 60 18 7 6 48 4 63 55 35 26 56 47 45 9 42 11 32 17 16 58 25 38 31 14 46 52 15 28 50 64 27 10 40 57 36 2 22 30 23 5 20 34 13 12 19 59 43 3 
48 6 43 4 16 9 25 24 2 46 35 61 7 60 15 12 39 52 50 8 21 40 30 58 37 17 3 28 14 59 38 5 22 56 20 54 1 51 18 29 26 13 11 57 19 47 42 36 53 32 10 34 45 41 64 49 27 62 33 31 63 44 23 55 
42 44 18 30 26 53 55 37 51 50 33 13 38 10 11 1 32 28 47 59 61 23 20 3 21 19 34 43 64 58 36 49 6 12 52 63 5 2 45 27 60 7 9 8 48 31 40 41 4 62 25 15 54 56 17 39 35 24 16 29 46 14 22 57 
19 57 3 10 5 2 13 31 62 14 58 41 27 43 32 34 35 33 64 49 9 36 22 38 24 30 46 12 20 50 15 18 26 23 53 8 61 37 60 21 39 6 63 56 51 16 4 44 48 59 11 47 55 42 29 1 45 7 52 25 54 40 17 28 
35 63 14 38 46 11 59 45 21 39 3 31 18 40 6 16 27 53 62 44 25 43 24 51 23 57 54 55 22 60 41 10 19 47 7 4 30 48 34 49 17 29 2 33 58 32 20 5 26 28 9 12 8 50 52 13 36 1 61 15 56 37 42 64 
12 34 27 15 60 50 54 17 48 47 52 59 28 64 63 45 56 13 26 1 19 11 14 29 39 31 40 32 61 4 7 25 9 36 42 46 57 55 44 62 30 37 21 23 24 35 22 53 20 18 3 43 16 6 58 33 10 41 2 8 5 38 49 51 
20 11 25 2 15 37 46 54 39 24 50 57 53 32 55 40 48 45 5 26 63 14 38 9 62 52 36 49 13 43 4 47 3 29 44 51 35 27 58 64 23 59 6 61 41 56 7 22 17 8 21 16 33 34 42 28 19 60 12 10 1 18 30 31 
3 9 58 27 50 49 60 51 56 2 36 20 41 16 54 17 55 6 23 42 1 13 21 53 34 37 61 11 33 63 30 22 4 19 18 24 45 10 38 31 15 8 39 48 26 5 47 43 29 14 59 62 57 12 44 35 64 28 46 52 25 7 40 32 
44 45 31 40 6 29 19 62 49 51 9 64 22 58 43 47 8 57 60 20 41 30 35 33 48 28 50 59 16 46 18 24 17 32 25 23 26 53 56 7 12 2 14 13 11 63 55 37 1 39 52 54 3 38 10 61 34 21 15 27 36 42 4 5 
22 64 53 63 28 56 48 18 19 5 10 35 30 45 26 8 46 15 44 25 47 62 59 61 27 9 12 40 23 38 14 29 34 39 49 6 60 33 42 36 54 20 57 16 1 21 52 32 31 43 7 55 51 2 50 4 37 13 3 11 24 17 58 41 
61 42 1 26 17 55 39 12 38 15 14 7 63 18 37 33 31 64 43 16 29 22 10 34 54 3 57 56 2 32 58 51 46 40 47 13 21 20 52 28 19 25 30 62 4 44 45 27 36 53 41 60 9 5 11 24 6 48 49 23 59 35 50 8 
10 14 57 13 23 5 24 30 44 25 27 4 59 62 31 60 54 37 52 17 39 12 36 50 19 21 7 42 6 35 55 1 48 8 11 2 15 61 16 41 38 28 34 53 33 3 49 18 63 64 58 40 46 26 45 32 9 22 56 51 29 47 20 43 
43 47 34 16 35 32 4 8 29 3 61 48 46 1 21 52 18 27 49 19 28 24 11 7 31 15 5 10 41 53 25 26 54 62 12 57 9 50 59 55 51 17 36 42 40 58 64 60 30 23 37 13 6 20 56 22 2 44 39 14 38 33 45 63 
38 33 59 7 41 52 21 36 6 13 23 11 12 34 42 28 51 56 58 32 2 3 40 4 20 64 39 17 8 44 45 60 37 1 63 30 14 43 5 22 31 35 10 9 46 24 50 29 47 27 49 25 15 19 48 18 57 55 53 61 62 26 54 16 
30 61 17 55 19 34 26 40 20 27 13 9 14 52 51 41 6 62 56 12 7 44 18 64 59 24 28 63 48 3 54 38 57 60 39 16 58 45 21 43 42 1 31 11 49 37 32 2 33 35 47 50 23 25 22 10 46 5 36 4 8 29 53 15 
46 27 44 59 3 18 12 57 43 8 45 60 1 11 47 19 52 22 42 31 49 25 50 28 15 29 41 21 40 16 64 35 30 53 26 61 10 24 32 4 5 36 13 20 9 23 48 38 62 2 51 6 39 7 54 34 56 33 17 55 58 63 37 14 
62 16 22 23 1 13 6 14 53 26 28 37 64 59 29 54 17 63 11 46 10 32 57 15 58 44 47 18 27 8 50 20 51 41 36 35 3 40 12 9 7 4 61 25 52 55 21 33 60 42 5 49 56 45 30 19 39 38 48 43 34 2 31 24 
56 5 4 21 24 54 29 63 25 6 12 3 16 2 18 50 14 19 40 39 58 60 34 35 9 13 26 61 53 52 23 37 11 22 48 49 33 17 47 42 64 10 46 41 45 15 51 30 8 44 55 59 38 31 36 43 28 32 1 20 27 62 57 7 
36 35 10 53 20 38 41 15 5 62 24 23 4 49 7 32 16 48 45 43 55 33 8 1 30 60 6 25 51 39 2 12 50 34 56 31 44 13 46 63 3 22 54 14 28 59 58 17 18 37 57 9 52 64 27 29 61 42 19 40 26 21 47 11 
32 60 45 64 43 8 2 11 40 58 21 42 10 36 61 48 41 9 53 30 27 54 5 37 14 22 31 33 4 55 1 34 15 7 38 19 29 18 62 6 50 47 44 12 39 57 56 63 24 3 26 46 20 28 13 17 49 23 25 16 35 52 51 59 
9 50 42 37 7 58 33 52 34 38 31 30 39 56 17 46 26 20 51 3 4 47 29 23 32 43 49 36 11 5 10 57 2 55 64 59 28 8 25 1 16 27 19 40 35 53 62 24 41 12 61 48 14 15 63 21 18 45 44 54 13 22 60 6 
39 25 48 28 47 51 31 49 33 57 55 15 35 63 44 22 59 38 13 21 36 61 2 24 45 46 42 62 19 7 56 17 20 14 23 5 37 52 27 54 6 60 26 18 34 29 43 8 11 40 16 58 1 32 4 53 50 12 10 41 9 64 3 30 
49 32 41 58 45 59 34 48 31 9 47 40 50 42 57 21 10 1 27 52 5 38 53 63 33 4 64 8 44 30 60 55 61 3 15 20 19 26 24 16 2 23 56 35 18 17 28 14 46 7 39 51 25 36 62 12 22 6 29 37 11 43 13 54 
16 43 5 3 12 62 57 64 46 23 2 52 6 14 19 53 61 21 37 55 17 49 13 22 18 51 1 7 35 25 59 28 39 4 29 50 38 58 36 47 48 63 40 24 54 11 15 20 42 31 56 30 10 33 34 45 44 26 32 60 41 9 8 27 
60 37 19 56 21 24 40 50 41 1 48 32 3 5 34 59 58 42 54 35 43 6 25 30 49 12 20 27 31 11 13 45 64 52 14 28 62 9 22 53 44 39 55 10 8 36 46 57 2 17 38 29 63 61 26 47 51 15 4 18 7 23 16 33 
15 38 23 11 29 4 20 26 61 28 16 33 51 30 22 18 19 46 24 56 50 7 60 2 6 14 58 48 17 10 34 36 8 63 59 37 55 54 41 13 9 62 1 64 27 52 25 31 49 21 44 32 43 57 35 3 42 40 5 45 12 53 39 47 
25 55 7 6 44 33 14 28 60 12 64 54 8 17 39 13 40 47 34 29 26 48 3 59 38 42 43 52 24 56 53 62 35 49 21 27 11 46 1 10 45 16 50 32 37 51 41 4 9 19 15 22 18 23 5 20 63 58 57 30 61 31 2 36 
53 39 30 22 42 36 52 9 10 45 63 38 20 26 27 4 62 16 33 15 11 8 12 44 41 61 19 54 37 21 57 23 31 2 43 17 18 56 51 32 47 49 5 29 6 7 59 34 55 13 40 24 28 58 60 48 14 35 64 46 3 25 1 50 
54 51 61 17 8 31 1 35 58 56 25 43 36 55 24 15 45 39 4 18 32 41 23 14 16 63 22 46 9 29 47 2 60 48 33 44 7 57 40 5 13 38 12 3 53 30 26 42 52 50 6 64 27 37 59 11 62 49 34 19 28 20 10 21 
27 18 46 47 13 10 63 2 11 7 44 62 37 29 35 49 9 36 28 51 64 57 31 20 40 50 32 15 5 26 39 3 45 25 30 42 23 12 6 34 61 21 33 43 60 22 19 58 14 16 53 8 41 4 1 54 17 56 59 48 55 24 38 52 
45 41 15 34 63 17 10 23 36 18 37 39 54 4 2 58 21 29 35 48 20 59 64 57 42 32 62 38 7 22 27 14 16 6 50 52 47 1 8 60 55 26 28 44 31 19 53 51 56 25 30 3 12 24 61 46 40 11 43 9 33 49 5 13 
11 29 60 25 49 27 50 32 17 21 40 56 33 8 14 10 7 4 2 61 45 1 58 6 47 20 9 44 54 19 28 15 38 30 31 55 51 3 23 57 52 64 35 22 59 46 12 13 37 36 42 63 5 16 43 41 24 18 62 34 39 48 26 53 
2 12 8 18 37 57 35 55 50 20 32 49 62 22 9 51 47 23 39 40 13 26 42 52 5 34 17 1 56 24 63 64 43 44 4 29 41 21 28 25 11 45 48 15 14 60 36 61 58 38 33 27 31 54 53 6 3 59 30 7 10 16 46 19 
58 59 40 48 62 43 22 42 16 31 11 27 45 28 13 5 30 60 9 24 53 46 19 36 25 55 29 50 18 49 26 4 33 37 32 12 20 34 17 56 41 3 23 54 7 8 2 6 39 15 1 10 35 47 57 14 38 61 63 21 52 51 64 44 
26 46 13 51 9 3 61 1 57 44 42 19 52 53 60 38 43 31 18 27 54 37 55 56 12 48 33 16 59 23 8 21 49 24 35 15 36 39 14 40 63 30 20 5 62 10 29 47 45 34 2 28 17 11 7 64 25 4 50 58 6 32 41 22 
47 24 54 5 4 64 7 21 1 55 43 63 61 6 3 25 44 11 14 50 38 15 28 8 53 10 30 57 60 51 52 41 13 18 45 22 46 19 48 2 34 32 58 39 56 33 9 16 59 29 23 26 49 62 20 40 31 27 37 17 42 12 36 35 
28 56 20 19 33 44 30 38 23 48 59 26 29 46 12 24 22 25 10 34 16 63 32 41 3 35 45 39 36 61 31 6 62 64 5 11 54 7 53 58 40 43 42 27 17 49 37 50 51 9 13 52 4 21 18 60 15 8 47 57 2 55 14 1 
6 31 36 14 52 16 53 39 47 30 41 34 15 7 64 35 49 3 12 33 51 5 17 62 13 2 11 58 43 37 40 46 63 27 9 10 42 59 61 26 57 24 38 4 21 25 18 1 50 22 48 44 32 55 19 8 54 20 23 56 45 28 29 60 
################proper############## 

 average_time = 2024.230596 

 success runs = 1 

 total average iters = 102828433.000000 
