Success!!! 
 
 max_col = 
 64 
 
 run_time = 
 1747.642961 
 
 once iters = 
 97141244 
 
7 52 2 13 64 22 15 6 33 4 34 19 31 24 17 10 48 35 29 12 3 30 8 16 55 27 51 42 63 11 58 23 37 44 40 32 53 59 38 39 9 56 43 25 14 41 60 61 36 50 45 62 26 18 21 57 46 5 20 28 54 1 47 49 
19 62 4 54 34 12 35 45 61 46 63 16 9 18 39 15 24 2 49 27 40 60 6 25 56 37 43 50 47 1 38 5 58 42 36 52 17 64 21 33 8 51 30 20 7 11 44 28 3 41 22 48 59 29 23 55 57 53 10 13 31 14 32 26 
23 49 61 33 51 11 56 1 41 40 47 20 14 48 58 8 57 50 10 34 31 4 18 36 53 44 46 22 59 60 62 32 35 63 45 27 28 16 15 30 29 12 39 26 21 55 2 13 6 54 9 64 42 37 52 5 25 43 3 17 38 19 24 7 
43 14 58 9 38 31 40 47 26 60 55 30 52 7 54 62 32 13 37 63 59 41 53 64 28 17 4 35 25 15 21 20 48 61 50 24 18 23 3 10 5 6 49 33 42 1 34 57 19 27 56 2 46 16 44 12 36 39 22 51 11 29 8 45 
21 32 50 3 18 16 17 42 56 11 51 43 13 59 27 45 38 26 5 23 62 55 39 28 57 14 40 48 30 24 52 61 12 8 25 29 41 49 54 2 31 15 47 36 19 37 22 46 10 58 7 53 20 63 60 1 35 33 34 4 64 6 44 9 
20 10 26 63 53 25 29 37 35 2 12 42 57 21 32 28 44 51 45 15 11 19 1 9 49 54 3 39 6 64 7 36 22 31 34 47 4 60 46 5 27 16 59 62 50 17 24 52 61 33 14 38 40 8 43 13 23 55 48 18 30 56 58 41 
41 59 24 60 8 44 39 5 36 64 23 6 25 49 29 53 14 21 46 20 43 22 58 52 12 13 2 19 10 16 33 9 26 62 57 51 56 1 55 7 4 3 54 18 38 48 35 45 34 28 32 30 31 11 47 17 61 15 27 40 37 50 42 63 
46 57 55 28 27 36 30 48 22 44 1 37 50 3 5 38 42 17 7 61 56 33 47 54 45 26 34 31 8 29 18 41 11 9 20 19 14 43 6 13 10 63 64 53 23 40 32 58 4 25 24 35 51 49 15 39 60 12 62 21 2 52 59 16 
5 56 52 58 22 54 60 25 31 57 20 2 29 63 41 49 13 9 38 42 26 62 7 23 15 46 39 51 35 48 37 40 53 50 44 61 19 8 14 36 17 45 24 43 59 4 27 6 64 1 3 28 32 47 30 34 18 16 33 12 21 10 11 55 
15 4 37 26 12 33 3 44 34 56 5 58 62 46 52 48 36 60 16 22 54 43 32 47 1 57 18 59 61 49 9 29 55 21 27 38 25 7 13 11 39 30 23 8 35 2 28 51 20 14 63 31 53 19 41 10 50 45 6 24 42 40 64 17 
2 36 31 21 62 59 18 41 16 9 6 10 55 23 11 22 17 28 12 45 52 40 35 30 63 5 44 3 4 38 43 19 64 15 47 58 54 46 1 60 34 29 20 14 37 33 48 50 42 8 61 49 24 13 51 27 7 32 25 39 56 26 53 57 
38 51 32 55 43 8 6 17 47 21 27 40 1 37 36 19 34 53 61 18 25 11 59 33 7 30 10 26 50 58 24 64 57 20 16 45 63 5 62 4 42 31 52 56 41 49 13 22 39 9 60 23 48 15 12 2 44 29 54 14 3 35 46 28 
63 16 35 64 47 57 34 14 7 15 42 51 26 13 60 30 50 39 55 58 10 44 21 48 36 11 20 28 12 2 6 33 3 56 24 49 23 41 40 29 32 62 18 19 53 9 1 38 45 43 17 46 25 22 5 54 4 31 52 59 61 27 37 8 
10 1 53 20 42 7 61 9 17 8 4 45 32 50 24 33 63 14 3 6 19 29 64 41 22 31 55 52 54 25 47 27 43 12 28 59 34 48 39 26 60 11 40 15 46 58 21 44 56 38 62 37 18 35 57 16 30 51 5 49 36 23 2 13 
50 19 28 45 23 30 27 40 39 3 25 44 54 14 59 35 46 24 15 31 51 1 49 37 13 34 42 16 53 62 56 8 18 17 33 2 9 22 52 32 61 64 12 57 63 7 10 5 29 55 36 26 6 21 4 11 41 20 47 60 58 43 38 48 
11 46 49 48 39 29 24 13 18 12 53 61 28 38 43 64 20 56 57 2 5 8 4 27 23 41 17 14 21 32 45 60 10 37 42 30 35 6 51 31 26 36 25 16 3 54 55 47 59 52 33 44 50 58 7 40 9 34 15 1 62 63 22 19 
31 64 41 5 59 4 42 39 29 38 21 3 60 26 20 7 30 49 32 40 58 61 22 50 51 33 36 18 62 35 1 53 54 16 52 12 13 57 45 9 48 34 46 47 25 6 14 27 43 17 28 15 2 55 56 44 63 23 11 19 8 37 10 24 
53 54 56 40 30 37 26 20 49 27 44 12 24 36 2 23 29 6 47 41 17 14 63 18 46 61 58 13 19 8 42 34 21 1 15 7 43 62 10 28 55 52 60 45 39 3 31 33 9 64 5 22 11 25 48 4 38 35 16 32 59 51 57 50 
33 23 12 14 32 17 52 7 53 54 43 35 11 8 1 34 60 44 19 13 21 39 31 56 24 25 9 2 41 5 40 16 47 22 18 46 55 36 61 37 62 57 63 59 20 10 51 15 38 49 50 6 58 45 27 29 26 64 28 3 4 42 48 30 
35 58 29 8 21 24 16 15 40 19 57 14 45 10 18 6 54 62 34 7 38 12 3 4 32 48 27 11 49 20 55 26 59 53 64 17 42 44 30 63 50 22 5 28 9 61 56 43 13 51 23 52 47 46 37 41 2 25 60 31 33 39 1 36 
44 3 11 19 6 49 50 55 62 47 58 48 56 32 46 39 23 45 24 28 53 59 25 26 31 63 12 30 37 57 29 22 4 40 51 5 8 2 35 27 64 18 13 38 36 21 7 17 1 16 10 33 14 60 61 42 34 41 43 52 20 54 9 15 
27 61 48 46 1 62 13 28 30 31 17 52 16 33 63 4 51 57 35 9 15 64 11 55 43 23 21 10 3 45 39 47 25 60 14 50 38 56 34 20 2 19 41 44 26 42 54 37 8 36 40 18 12 32 24 59 29 6 53 5 49 58 7 22 
36 60 51 43 63 45 25 38 59 5 22 41 61 9 15 13 2 33 52 46 42 48 37 10 50 4 28 56 14 6 64 44 29 11 19 26 39 3 32 49 58 35 53 24 1 23 8 16 57 21 30 20 34 31 54 7 40 47 17 55 12 18 27 62 
18 34 22 47 9 10 57 2 51 37 50 28 64 25 55 42 1 16 27 8 20 5 36 43 38 59 60 15 52 7 54 17 23 58 6 41 31 33 24 48 30 4 11 40 29 32 49 12 62 3 35 63 19 39 26 53 21 61 13 56 45 44 14 46 
28 31 25 30 35 46 59 56 52 53 40 21 19 42 48 9 64 32 2 24 4 18 55 13 34 60 14 5 33 36 15 45 38 54 49 6 3 39 26 43 37 7 50 63 10 57 20 8 11 44 51 17 1 41 16 62 12 58 29 47 23 22 61 27 
61 47 13 2 17 58 55 34 37 63 60 5 23 1 62 11 26 12 54 53 7 27 15 22 20 38 59 40 56 39 8 10 24 30 46 44 33 45 41 51 3 25 42 64 49 31 16 36 35 29 18 32 57 28 6 14 52 48 50 9 19 21 4 43 
57 11 5 1 45 53 33 36 54 22 24 38 51 58 34 12 43 30 20 21 61 52 28 14 29 9 35 32 17 37 23 50 16 19 8 15 40 63 31 59 6 27 55 39 13 18 4 60 47 48 42 56 3 26 49 64 10 7 2 41 25 46 62 44 
42 18 7 51 29 27 21 64 28 20 41 56 39 55 13 2 8 36 40 38 60 47 57 19 11 52 61 12 26 30 63 1 14 4 53 62 10 50 48 22 44 17 35 58 54 34 9 24 15 23 46 43 5 59 25 31 32 3 37 45 6 49 16 33 
9 24 38 37 44 43 22 50 32 36 33 18 7 57 49 59 31 10 23 16 35 3 62 46 41 64 6 58 48 54 2 4 27 25 11 28 60 13 17 61 53 26 14 21 45 56 47 29 55 40 39 12 30 34 19 52 15 1 63 42 5 8 20 51 
62 6 14 39 41 52 19 16 8 17 3 47 35 4 31 29 49 63 42 59 50 45 44 5 25 18 57 46 51 55 27 7 34 64 32 23 21 37 2 1 15 28 22 61 43 12 38 48 58 60 20 24 10 33 9 36 11 13 40 53 26 30 54 56 
26 40 10 23 3 63 48 4 45 30 14 15 6 64 50 44 58 34 17 51 41 25 33 29 21 49 16 43 24 13 53 62 42 47 55 56 12 9 20 57 1 5 19 2 52 46 11 32 37 7 8 27 38 54 22 61 28 59 36 35 18 60 39 31 
8 20 15 49 60 32 12 54 10 26 61 27 46 43 25 16 39 37 1 11 48 9 56 6 44 42 19 47 22 28 31 3 36 35 29 18 5 58 7 52 41 33 62 23 40 51 59 30 21 2 4 50 63 53 13 45 24 57 55 38 14 34 17 64 
3 29 30 10 5 55 38 43 63 1 26 25 21 31 64 37 7 59 51 35 22 34 42 40 48 8 62 36 13 23 61 24 39 6 60 57 2 4 53 19 52 54 15 49 44 16 50 11 41 46 47 14 9 17 45 28 33 56 18 27 32 20 12 58 
16 25 54 18 46 51 44 31 9 61 35 36 17 20 47 58 28 52 33 4 49 32 43 12 5 53 56 38 60 14 59 15 13 10 1 42 45 29 50 3 63 23 8 22 55 62 26 19 24 39 48 40 27 7 11 6 64 30 41 37 34 57 21 2 
1 22 64 53 11 20 49 21 42 10 7 33 15 40 45 54 61 5 9 57 14 50 27 38 35 6 52 34 29 63 41 2 62 43 58 16 24 31 23 55 46 39 51 4 60 25 37 56 32 18 59 19 44 12 36 30 48 28 8 26 13 17 3 47 
24 41 62 34 61 28 14 23 19 51 48 49 18 11 22 55 56 3 36 64 2 63 16 39 37 40 31 4 20 44 46 57 5 32 12 54 30 27 8 17 33 38 10 6 47 43 58 9 25 26 13 42 52 1 35 21 59 50 7 15 29 53 45 60 
32 42 57 17 52 60 58 35 43 41 30 29 12 53 23 5 11 20 26 44 6 54 13 45 27 10 50 33 39 9 28 18 63 14 7 37 49 15 22 47 59 21 48 1 61 36 3 2 16 31 38 8 4 64 34 56 51 19 24 46 55 62 25 40 
48 33 45 50 40 6 2 63 57 62 13 60 27 16 28 14 25 55 21 37 8 46 41 53 64 47 32 54 58 26 19 42 9 36 59 11 51 35 56 38 18 24 17 12 34 30 5 7 49 20 43 3 15 61 29 23 1 22 44 10 39 31 52 4 
56 37 47 4 26 39 9 8 24 50 2 32 59 6 44 46 15 29 58 19 1 23 17 62 30 16 25 45 7 3 12 11 20 18 21 48 52 34 33 40 13 41 57 27 31 28 42 64 5 22 54 55 60 10 53 51 43 63 14 36 35 38 49 61 
59 7 27 12 13 15 36 19 4 52 39 34 38 56 8 3 47 48 18 60 24 10 30 31 17 43 49 21 1 51 22 55 61 28 41 64 46 26 44 25 20 40 45 29 32 35 53 14 33 62 58 57 37 50 2 63 5 54 9 6 16 11 23 42 
54 27 17 36 16 5 31 58 15 32 9 63 3 22 56 50 18 19 48 43 34 37 40 11 33 51 38 41 2 21 4 59 60 46 62 1 29 55 47 12 25 44 28 30 8 26 64 49 52 24 57 7 45 6 14 20 39 42 61 23 53 13 35 10 
14 12 3 62 24 2 8 52 23 16 37 55 5 39 40 51 9 7 60 1 47 36 29 21 42 58 22 57 28 50 26 56 49 45 38 10 44 61 19 35 43 20 6 34 33 13 41 18 54 53 64 25 17 27 59 15 31 46 4 30 48 32 63 11 
34 50 44 35 4 41 51 26 38 45 54 17 30 29 42 18 6 22 53 33 57 16 12 20 39 55 5 8 64 46 3 14 28 13 31 43 48 25 63 21 11 60 56 52 58 27 61 10 23 19 1 47 36 9 32 49 62 2 59 7 24 15 40 37 
13 43 1 6 28 56 32 49 21 35 46 64 53 62 4 47 10 58 14 30 23 26 45 63 61 7 48 24 11 27 36 52 15 59 5 9 20 40 16 42 19 2 38 54 17 29 12 31 22 37 34 39 8 44 33 18 55 60 57 25 51 41 50 3 
40 45 23 29 7 47 11 60 13 48 10 59 33 28 61 36 4 46 56 17 39 15 2 3 16 32 63 1 44 31 25 35 8 41 22 34 37 24 18 14 57 53 9 42 5 50 62 55 12 30 21 58 43 51 38 26 19 27 49 54 52 64 6 20 
37 38 59 25 57 48 20 33 11 58 8 26 44 34 12 31 5 41 50 54 27 42 61 49 47 19 23 9 43 18 30 6 56 52 17 3 64 32 36 53 35 46 7 51 24 15 63 39 2 4 55 10 13 62 40 60 14 21 45 22 1 16 28 29 
30 39 18 61 55 9 53 22 25 43 19 57 2 60 7 20 62 38 64 52 28 31 24 59 10 12 45 37 15 17 49 13 33 27 54 4 11 51 58 6 23 32 1 3 16 14 40 21 50 63 29 41 35 48 42 46 8 36 56 34 44 47 26 5 
64 21 63 42 15 19 46 10 1 6 52 24 49 27 14 41 35 25 8 55 44 13 51 32 62 20 53 29 40 34 60 54 2 23 26 39 7 30 57 50 22 48 36 37 4 47 45 59 31 61 11 5 16 56 28 3 17 18 58 43 9 12 33 38 
60 48 6 31 20 18 7 51 2 49 36 39 34 61 21 56 33 43 4 3 13 35 14 24 26 45 54 63 16 19 57 28 32 55 30 53 50 47 12 23 40 10 27 5 15 52 46 25 17 11 44 9 22 42 64 58 37 8 38 62 41 59 29 1 
45 15 16 38 49 35 64 27 3 29 31 50 47 5 6 52 53 18 44 36 37 58 26 61 9 62 7 17 46 40 14 12 41 2 56 22 1 20 25 34 24 43 33 13 11 59 57 4 30 32 19 21 55 23 39 8 42 10 51 63 28 48 60 54 
4 13 33 44 19 61 5 53 64 55 28 11 22 51 37 25 59 23 63 29 45 57 20 42 3 21 41 60 27 52 48 58 46 49 9 35 15 10 43 8 7 1 16 32 62 38 39 26 14 12 2 34 54 40 31 24 6 17 30 50 47 36 56 18 
52 26 9 41 56 40 23 3 14 59 18 1 8 12 38 57 16 31 22 32 30 49 50 60 4 39 64 53 34 42 13 43 44 29 48 63 62 19 28 24 45 47 37 17 2 20 6 54 51 15 27 36 7 5 10 25 58 11 21 61 46 33 55 35 
12 8 46 57 54 42 63 11 60 24 15 9 48 35 16 26 19 64 25 62 55 21 10 51 59 22 29 49 18 47 20 30 17 5 39 40 61 38 37 58 56 14 31 50 28 44 36 41 53 13 6 45 33 4 1 43 3 52 32 2 27 7 34 23 
17 28 36 59 58 1 47 30 44 33 32 7 41 19 53 43 52 11 39 56 9 2 54 15 8 50 24 55 23 10 51 37 6 57 4 31 27 14 64 16 21 42 61 48 12 63 29 34 46 35 49 60 62 3 18 38 13 40 26 20 22 45 5 25 
25 55 39 32 50 34 10 62 27 23 45 4 58 54 30 40 41 1 6 47 46 7 48 17 2 15 33 44 36 61 5 38 52 51 13 21 26 11 42 18 49 8 3 60 64 22 19 35 28 59 16 29 56 20 63 37 53 24 12 57 43 9 31 14 
22 2 43 24 14 21 37 29 46 42 62 13 20 17 10 63 40 27 28 5 12 38 34 8 6 35 1 25 32 56 11 31 7 33 3 36 59 54 60 45 51 9 58 55 30 53 18 23 48 57 26 61 41 52 50 47 16 49 64 44 15 4 19 39 
47 9 42 16 25 38 54 59 20 34 11 22 10 52 3 1 21 4 31 39 64 6 23 58 60 29 8 7 5 43 35 51 45 26 37 14 57 17 49 15 28 55 2 41 18 19 33 53 40 56 12 13 61 30 62 50 27 44 46 48 63 24 36 32 
58 30 34 11 36 26 62 32 5 13 56 31 63 45 51 17 12 61 41 49 18 24 9 57 14 28 15 6 55 22 44 21 1 39 35 33 47 52 27 64 16 50 29 46 48 60 25 3 7 10 37 59 23 38 20 19 54 4 42 8 40 2 43 53 
6 63 60 56 37 13 43 46 48 18 64 53 40 30 19 32 55 54 11 26 16 28 5 35 52 2 47 20 42 33 50 49 51 7 61 25 36 12 59 62 14 58 44 10 57 45 23 1 27 34 41 4 39 24 8 9 22 38 31 29 17 3 15 21 
29 44 8 22 2 14 28 24 6 25 16 62 42 41 57 60 27 40 59 10 63 17 19 1 58 36 30 61 38 4 34 46 50 48 23 55 32 53 9 56 54 13 21 31 51 64 15 20 26 45 52 11 49 43 3 35 47 37 39 33 7 5 18 12 
49 53 40 7 33 64 45 12 55 39 38 8 43 15 26 21 37 47 62 50 32 20 60 34 19 1 11 27 9 41 17 25 30 3 10 13 16 42 29 44 36 59 4 35 22 24 52 63 18 5 31 54 28 2 46 48 56 14 23 58 57 61 51 6 
55 5 20 52 48 3 1 18 12 7 49 23 37 2 35 24 22 42 13 25 36 51 46 44 54 56 26 64 57 53 10 39 31 34 43 60 6 21 4 41 38 61 32 9 27 8 17 40 63 47 15 16 29 14 58 33 45 62 19 11 50 28 30 59 
39 35 21 27 31 23 41 57 50 28 59 54 4 44 33 61 3 15 30 14 29 53 52 2 40 24 37 62 45 12 32 48 19 38 63 8 58 18 11 46 47 49 26 7 56 5 43 42 60 6 25 51 64 36 17 22 20 9 1 16 10 55 13 34 
51 17 19 15 10 50 4 61 58 14 29 46 36 47 9 27 45 8 43 48 33 56 38 7 18 3 13 23 31 59 16 63 40 24 2 20 22 28 5 54 12 37 34 11 6 39 30 62 44 42 53 1 21 57 55 32 49 26 35 64 60 25 41 52 
################proper############## 

 average_time = 1747.642961 

 success runs = 1 

 total average iters = 97141244.000000 
