Success!!! 
 
 max_col = 
 64 
 
 run_time = 
 747.294305 
 
 once iters = 
 28074950 
 
22 40 60 14 13 20 21 4 47 58 62 57 53 10 51 56 27 52 3 28 59 9 8 5 19 26 23 48 2 50 18 30 46 11 42 54 55 34 15 16 38 33 44 24 39 61 6 63 35 29 49 37 45 25 64 32 41 1 17 12 36 43 7 31 
39 25 28 29 26 24 33 56 44 49 9 43 6 19 42 30 13 50 4 41 12 37 20 45 62 58 46 52 38 59 8 14 21 3 63 61 48 17 47 1 11 10 40 36 60 7 16 23 27 2 54 53 22 31 55 57 15 18 32 5 34 35 64 51 
46 15 52 35 55 51 61 9 24 31 12 21 54 8 1 18 43 49 58 38 29 14 56 34 57 33 7 25 20 47 3 44 23 39 4 62 13 5 45 64 26 48 22 50 41 32 30 28 42 17 6 40 11 10 36 16 37 2 19 53 59 63 27 60 
62 57 45 30 27 8 64 34 4 33 20 48 55 23 60 16 44 11 7 24 32 40 31 10 43 41 28 49 29 51 6 56 25 36 19 52 9 59 53 22 18 37 14 5 42 35 2 17 63 12 47 39 1 38 50 15 21 46 58 61 26 13 54 3 
47 2 36 32 37 53 31 23 11 28 64 50 59 34 26 46 33 22 42 61 51 57 1 15 54 39 63 24 17 35 60 55 49 43 38 14 30 12 6 7 27 13 56 58 3 62 19 20 18 44 4 48 52 21 5 41 16 10 45 40 29 25 9 8 
12 44 54 1 59 38 48 63 29 52 41 35 15 2 3 14 36 23 19 62 16 55 17 30 22 21 32 5 61 37 13 40 10 20 56 8 18 27 50 31 51 43 25 45 47 53 64 49 7 26 9 46 60 33 34 58 4 39 42 6 11 28 57 24 
19 49 10 5 16 50 18 41 27 25 37 13 36 17 63 7 39 6 48 54 47 53 64 60 1 45 9 4 11 42 31 12 26 57 2 40 58 32 35 24 52 46 34 8 21 55 15 29 51 28 56 59 62 61 3 43 30 44 23 22 20 33 38 14 
7 43 3 6 11 58 17 42 61 45 40 39 38 22 32 5 18 2 21 35 63 26 25 46 16 27 15 64 53 36 34 10 37 44 28 29 60 51 33 41 59 31 4 12 1 54 9 57 14 23 30 8 24 13 20 19 47 48 49 62 50 56 52 55 
40 51 48 19 5 42 39 8 36 3 57 64 24 27 58 37 50 60 59 25 13 43 45 17 30 22 38 55 56 28 9 31 53 54 61 33 63 52 10 11 34 16 15 21 35 29 7 2 23 14 32 44 20 4 18 62 1 41 26 47 6 46 12 49 
45 63 46 50 20 7 9 24 17 51 8 55 21 26 28 47 23 30 37 15 42 31 57 41 49 48 39 18 25 44 16 54 36 62 35 3 22 6 13 29 53 64 59 40 58 60 32 52 1 33 43 38 27 5 11 12 61 14 56 19 4 2 10 34 
2 37 26 21 23 16 58 28 50 34 1 41 35 39 44 4 51 7 10 22 54 11 38 49 12 13 33 59 46 20 24 8 55 32 25 47 31 56 60 42 17 19 6 43 63 45 5 14 64 15 53 29 61 57 9 30 36 3 62 48 52 40 18 27 
25 52 56 34 31 18 47 6 42 54 10 60 22 20 11 40 29 3 64 36 4 2 5 61 35 15 27 32 57 23 7 37 48 1 43 17 49 14 59 12 62 55 50 26 38 39 33 9 41 24 58 19 63 8 21 46 51 30 13 44 28 45 53 16 
30 35 22 60 32 12 11 53 19 62 59 45 43 46 29 63 48 34 24 33 9 47 27 39 26 4 14 50 40 6 10 58 7 38 16 2 44 57 21 37 3 1 51 61 25 56 41 18 54 13 52 42 28 36 49 31 55 20 64 17 8 23 15 5 
27 33 61 49 43 14 3 1 53 23 7 32 5 9 38 48 12 44 55 8 18 16 63 52 51 42 19 62 21 11 17 64 50 4 46 15 39 41 26 30 47 28 36 20 10 37 13 54 56 60 45 34 2 40 6 25 59 31 35 29 24 57 58 22 
54 41 44 57 4 36 10 55 6 56 13 61 14 12 2 15 58 28 46 19 40 62 32 20 3 29 52 47 63 1 43 53 18 45 51 34 5 64 9 27 24 23 8 30 22 49 31 42 26 59 39 16 35 7 17 48 38 33 50 37 21 60 25 11 
38 59 17 13 29 64 15 62 30 16 31 25 18 49 52 33 56 1 6 14 35 21 26 53 45 34 2 61 5 60 41 36 40 19 20 28 8 23 24 58 57 27 48 46 44 4 12 11 22 10 50 55 47 3 37 51 63 43 7 9 54 42 39 32 
48 64 14 59 40 52 54 5 9 6 25 63 47 58 49 2 34 31 61 27 50 30 13 22 41 28 16 17 37 15 23 24 19 35 11 7 45 20 46 44 39 4 26 38 57 12 3 53 62 55 10 43 42 18 56 29 8 21 60 1 33 51 32 36 
11 30 12 10 15 6 41 35 16 60 38 1 27 53 4 45 49 33 23 39 19 42 24 57 29 64 20 40 8 48 14 61 58 59 18 9 2 3 34 62 7 47 46 52 5 44 28 50 31 36 37 51 21 26 32 22 17 13 43 54 25 55 56 63 
16 22 47 25 50 4 63 7 41 26 44 52 10 42 20 21 35 29 9 11 37 17 12 55 39 32 57 34 60 13 45 18 8 56 33 38 6 43 51 36 49 61 27 23 19 40 48 1 46 58 2 64 30 24 54 14 5 15 59 28 31 3 62 53 
17 27 2 43 38 44 55 58 7 13 61 33 23 57 50 39 62 20 53 56 52 60 51 1 21 54 12 30 19 31 26 11 4 64 49 16 32 15 25 48 63 42 9 37 36 24 22 8 34 35 28 5 3 6 59 40 10 45 47 18 41 14 29 46 
18 13 8 23 33 19 49 57 54 59 5 12 3 48 14 34 10 40 16 46 15 36 2 64 4 38 56 44 47 62 51 1 30 52 29 55 28 26 37 63 6 11 60 32 43 31 20 21 61 50 17 45 53 41 25 27 22 42 24 39 58 7 35 9 
32 45 20 37 60 28 36 46 56 30 51 18 29 64 35 8 25 59 14 48 38 3 7 47 5 49 55 2 33 53 42 43 61 21 24 1 41 31 22 50 13 58 10 54 62 34 17 15 11 39 23 57 9 16 52 63 40 12 27 4 44 6 19 26 
42 21 29 61 3 34 24 39 40 32 55 31 46 11 15 62 5 26 28 4 45 44 43 8 58 63 22 9 36 27 35 6 54 14 23 12 10 53 17 47 33 51 41 18 2 25 59 56 49 1 13 7 48 19 38 60 50 64 37 52 57 20 16 30 
56 9 62 26 53 31 1 51 37 19 17 36 28 43 24 22 41 21 32 6 58 63 54 18 7 25 59 10 52 46 50 3 27 60 40 39 57 42 5 13 29 14 55 16 30 64 35 45 44 20 33 15 4 12 8 47 11 23 38 34 48 61 49 2 
53 17 59 3 58 40 57 13 15 35 11 4 34 47 41 61 7 12 44 18 23 10 30 9 2 43 21 39 6 29 20 33 51 27 1 49 26 36 55 60 32 45 37 19 31 48 8 24 25 38 63 56 46 50 42 64 54 16 52 14 5 62 22 28 
4 38 35 52 28 23 34 21 26 37 36 14 39 7 12 6 19 64 2 31 41 8 15 63 32 46 25 51 45 16 47 50 13 22 10 56 42 48 29 54 58 20 62 17 40 5 27 3 59 53 57 1 18 55 61 9 60 24 44 43 49 11 30 33 
55 62 42 12 9 11 22 45 21 18 3 19 17 31 5 44 6 36 39 50 1 49 16 59 56 30 8 60 15 10 57 41 34 24 53 64 37 58 23 43 25 38 54 14 51 2 47 13 48 52 26 28 40 32 27 33 46 7 63 35 61 29 20 4 
51 6 41 2 56 27 8 47 33 10 29 20 40 50 16 54 60 24 25 21 46 52 58 42 31 59 4 1 23 22 37 34 11 17 3 35 62 63 38 5 43 36 12 53 28 18 26 61 15 30 7 14 39 49 45 44 32 9 48 57 19 64 55 13 
33 18 1 31 7 61 16 14 38 55 32 58 60 56 46 23 37 54 57 13 20 35 40 48 24 19 62 36 64 9 63 26 39 12 50 25 47 44 8 28 41 30 49 59 6 52 21 10 4 22 29 11 5 43 51 17 3 53 2 42 27 34 45 15 
49 48 50 63 46 15 43 32 51 9 53 62 1 30 59 42 61 55 47 45 26 29 22 4 38 5 54 11 3 52 28 27 6 2 21 57 14 18 7 20 56 34 64 35 33 23 44 60 10 8 19 24 16 58 41 13 25 17 12 31 40 37 36 39 
36 54 19 24 44 25 20 10 52 64 28 27 8 13 45 49 53 5 62 43 17 56 11 38 55 12 58 14 42 61 48 7 9 16 41 32 33 40 30 15 22 50 63 39 29 57 4 46 21 37 31 3 34 35 60 2 18 51 6 23 1 26 59 47 
60 39 5 64 30 37 26 29 2 22 43 24 57 63 48 25 3 32 33 51 14 27 34 28 53 17 18 35 49 40 44 13 59 31 52 45 46 4 19 61 15 9 42 1 16 11 55 7 12 47 36 20 6 54 62 23 58 50 10 56 38 41 8 21 
29 1 15 46 10 13 23 25 32 11 27 17 52 36 21 50 45 37 20 59 24 4 42 35 34 55 47 58 22 14 64 19 38 48 54 31 40 8 44 3 16 60 2 33 49 26 57 51 28 56 18 9 7 53 39 5 43 62 61 63 12 30 41 6 
35 5 21 22 63 9 50 60 46 42 19 40 25 54 33 28 26 39 36 30 7 64 55 51 23 61 6 57 1 3 38 32 62 49 27 18 11 24 14 10 12 52 20 15 48 58 43 37 47 4 59 41 13 17 31 45 53 8 34 16 56 44 2 29 
37 28 58 42 8 2 51 27 5 44 47 7 26 45 55 3 46 18 34 9 6 22 33 14 40 50 49 15 62 17 52 59 63 53 39 20 56 16 4 19 64 54 38 29 13 41 11 30 36 43 12 23 25 60 57 61 48 32 31 21 35 1 24 10 
24 56 64 45 49 62 38 16 48 61 4 6 51 14 30 41 57 19 40 60 31 15 28 29 13 9 43 46 44 39 53 2 5 26 55 21 1 37 12 32 42 59 35 47 7 50 25 36 8 34 22 54 10 27 63 52 33 58 3 20 23 17 11 18 
3 36 34 47 12 26 59 43 18 39 58 38 13 37 31 9 16 10 11 44 53 1 52 50 8 56 48 63 51 54 25 4 41 29 7 30 23 2 42 45 46 24 21 55 27 17 61 32 6 19 15 62 33 20 14 35 57 60 5 64 22 49 28 40 
44 4 53 7 57 48 32 30 62 12 56 34 49 60 64 59 8 61 43 3 2 38 23 27 10 20 42 37 18 41 33 29 17 6 9 46 35 28 58 25 19 40 31 22 45 63 39 5 16 21 1 50 51 11 24 55 14 26 36 13 15 54 47 52 
52 55 11 33 6 41 40 31 43 2 24 8 20 15 23 53 17 63 54 58 5 13 49 62 27 16 35 12 26 7 36 21 22 34 57 60 64 47 61 51 10 56 1 28 9 14 18 4 30 3 44 32 29 48 46 42 45 59 25 38 39 19 50 37 
20 14 18 39 17 54 19 61 10 57 16 29 63 1 22 35 21 41 12 47 25 32 48 56 60 11 30 31 28 24 5 45 15 50 13 59 36 33 43 52 44 3 53 34 8 6 23 62 37 64 38 26 58 2 40 49 42 4 55 51 9 27 46 7 
10 20 27 56 61 55 52 33 22 24 39 15 58 59 40 1 38 42 51 32 57 46 36 31 14 3 50 19 41 18 54 17 43 13 44 26 29 45 63 53 48 35 23 4 37 9 60 12 2 5 11 47 64 34 7 21 62 28 16 49 30 8 6 25 
63 7 49 9 39 46 45 36 31 29 18 3 12 6 43 13 20 25 35 17 30 50 60 24 48 57 40 21 4 34 62 16 32 10 58 42 51 19 11 23 8 44 61 64 52 22 14 26 53 41 55 27 38 59 28 37 2 54 1 33 47 15 5 56 
41 23 6 40 34 47 30 48 57 38 60 16 42 21 53 26 1 4 8 52 11 18 37 43 44 31 36 13 27 25 61 39 56 28 64 5 24 7 2 17 55 15 33 63 46 51 62 58 20 9 35 49 54 45 12 10 19 29 22 3 32 59 14 50 
21 8 16 11 64 35 29 59 23 50 2 37 30 62 54 36 55 27 22 40 3 61 41 44 9 60 10 53 43 58 15 5 1 47 14 48 4 38 49 33 28 17 32 13 24 42 56 25 52 63 51 6 31 46 19 26 39 57 20 45 7 18 34 12 
50 31 37 15 18 57 14 38 55 47 63 11 4 51 34 17 64 56 26 10 48 7 19 23 28 8 24 29 12 2 49 52 16 9 62 41 3 61 20 46 5 39 45 6 54 21 36 59 13 32 25 30 44 22 33 1 27 35 40 60 43 53 42 58 
26 19 43 28 62 3 25 44 64 8 35 5 33 32 56 27 9 14 49 2 21 58 53 16 6 23 51 38 59 45 1 22 60 37 30 36 12 54 52 34 40 7 47 57 20 10 50 41 24 61 42 18 15 39 29 4 31 55 11 46 13 48 63 17 
13 53 32 4 42 5 60 2 20 41 49 46 61 28 7 19 63 45 15 12 33 39 62 54 64 35 11 26 30 56 55 47 31 18 6 22 25 21 57 59 1 29 16 3 34 43 38 27 58 40 14 17 8 23 48 50 52 36 9 24 37 10 51 44 
1 58 24 51 54 17 12 22 25 14 48 44 45 52 9 10 28 47 13 5 34 59 29 6 20 7 37 33 32 63 46 42 35 8 15 50 27 55 40 39 31 2 18 11 53 30 49 19 3 57 16 60 56 62 43 36 26 38 21 41 64 4 61 23 
6 61 13 8 14 63 37 64 3 53 21 10 48 44 47 24 54 46 30 55 27 23 59 26 11 52 29 20 31 5 2 38 45 15 12 58 43 25 41 18 9 57 7 42 17 36 1 34 39 62 60 4 49 51 22 28 35 56 33 50 16 32 40 19 
59 16 4 41 51 1 42 17 35 15 45 49 11 5 36 31 24 13 38 37 28 34 6 32 47 53 44 8 7 57 19 62 29 23 60 63 54 22 27 9 30 18 58 48 55 20 52 33 43 46 40 12 50 14 10 56 64 25 39 26 2 21 3 61 
57 32 30 54 36 60 44 49 34 1 50 51 64 40 8 43 22 48 63 29 39 12 4 2 59 6 17 41 55 33 58 28 20 61 5 19 53 13 56 14 35 21 11 62 26 27 10 16 38 31 3 25 37 52 15 18 9 47 46 7 42 24 23 45 
34 11 23 38 47 22 2 12 63 20 42 9 62 33 25 32 52 43 17 53 10 19 35 3 18 14 45 56 16 21 4 46 57 30 26 44 50 1 39 40 61 49 24 51 59 8 54 31 5 7 27 36 55 64 13 6 28 37 29 15 60 58 48 41 
5 10 33 48 35 21 27 52 59 7 14 23 56 16 61 12 15 62 18 57 8 41 44 11 36 51 1 3 50 30 39 25 47 46 17 37 38 49 64 2 45 32 29 60 4 28 40 22 19 42 24 63 26 9 58 20 6 34 54 55 53 31 13 43 
28 3 9 53 25 39 62 40 13 27 30 2 37 38 57 60 42 58 50 1 49 45 14 7 15 24 26 22 34 43 32 48 33 55 31 10 16 11 36 21 23 6 5 56 64 19 46 47 29 54 41 61 17 44 35 8 12 63 18 59 51 52 4 20 
15 46 55 20 24 43 7 26 58 17 54 22 19 29 18 52 31 16 56 64 36 25 21 33 61 10 60 42 13 49 40 9 28 51 48 6 59 35 32 4 37 12 3 41 50 38 63 39 57 45 34 2 23 47 53 11 44 27 8 30 14 5 1 62 
58 50 31 18 45 29 56 19 39 46 26 28 41 4 6 55 47 9 5 20 60 51 61 40 63 37 64 23 54 12 27 35 42 7 34 24 52 62 3 8 2 25 13 44 14 15 53 43 33 16 48 21 32 1 30 59 49 22 57 11 10 36 17 38 
61 34 38 36 48 49 5 15 1 40 6 47 16 41 10 20 32 57 60 63 56 33 50 12 37 44 3 54 9 19 11 51 2 42 59 27 21 29 62 55 4 8 28 31 23 13 45 64 17 25 46 22 14 30 26 7 24 52 53 58 18 39 43 35 
43 47 63 55 41 59 35 18 14 4 46 26 50 61 62 58 11 8 45 42 44 28 39 21 52 2 13 6 48 32 22 20 24 25 37 23 17 10 1 49 54 53 30 7 56 33 34 40 9 27 5 31 57 15 16 38 29 19 51 36 3 12 60 64 
64 12 39 17 22 10 6 11 28 36 52 42 9 24 13 38 4 51 27 16 62 20 18 25 33 1 34 7 35 26 21 57 14 63 47 53 15 30 54 56 60 5 19 2 61 46 29 55 40 48 8 58 43 37 44 3 23 49 41 32 45 50 31 59 
23 60 25 16 21 56 13 54 8 48 34 30 32 3 39 51 14 38 52 49 22 5 47 19 17 62 41 28 24 4 59 63 64 58 45 43 7 46 31 35 36 26 57 10 11 1 37 6 50 18 61 33 12 29 2 53 20 40 15 27 55 9 44 42 
8 26 7 44 1 30 46 3 45 63 33 59 2 25 17 57 40 15 31 34 61 48 9 36 50 18 53 27 14 64 29 60 52 5 32 11 19 39 28 38 21 22 43 49 12 16 58 35 55 51 20 13 41 42 23 24 56 6 4 10 62 47 37 54 
31 42 51 62 2 45 28 37 49 21 15 54 44 35 27 29 59 53 41 7 43 6 10 58 25 40 61 16 39 55 30 23 12 33 36 4 20 60 48 57 50 63 17 9 18 3 24 38 32 11 64 52 19 56 47 34 13 5 14 8 46 22 26 1 
9 24 40 58 19 32 4 20 12 43 22 53 31 55 37 11 2 17 29 23 64 54 3 13 46 47 5 45 10 38 56 49 44 41 8 51 34 50 18 26 14 62 52 27 15 59 42 48 60 6 21 35 36 28 1 39 7 61 30 25 63 16 33 57 
14 29 57 27 52 33 53 50 60 5 23 56 7 18 19 64 30 35 1 26 55 24 46 37 42 36 31 43 58 8 12 15 3 40 22 13 61 9 16 6 20 41 39 25 32 47 51 44 45 49 62 10 59 63 4 54 34 11 28 2 17 38 21 48 
################proper############## 

 average_time = 747.294305 

 success runs = 1 

 total average iters = 28074950.000000 
