Success!!! 
 
 max_col = 
 64 
 
 run_time = 
 2048.954717 
 
 once iters = 
 108373158 
 
33 53 22 58 6 42 15 3 47 23 64 57 26 51 9 12 17 37 1 7 4 41 35 52 10 32 56 45 38 2 8 24 31 49 20 19 11 55 44 21 61 18 25 28 50 54 29 40 63 59 13 16 5 62 34 43 39 60 46 48 36 30 14 27 
23 24 18 60 19 38 34 51 25 37 7 32 27 46 15 16 55 14 28 13 26 47 50 33 53 11 59 63 35 4 12 5 8 64 22 58 36 62 48 42 43 17 44 56 9 41 39 57 20 45 40 30 10 21 1 49 54 31 6 52 2 29 3 61 
46 61 50 28 36 14 39 31 43 6 40 17 38 10 54 56 21 30 5 29 64 25 58 16 13 18 62 52 55 20 48 42 45 41 4 1 63 24 7 35 27 59 15 34 47 8 2 60 57 37 53 33 11 3 22 23 9 49 26 51 19 12 32 44 
30 63 56 20 32 2 16 43 41 28 29 4 50 8 59 48 6 22 36 39 12 44 45 53 46 21 51 19 7 3 27 49 26 33 38 57 61 40 17 9 31 1 10 64 58 35 11 37 25 14 60 47 52 54 42 18 5 13 23 34 24 55 15 62 
13 21 29 57 52 11 37 45 2 44 19 42 35 55 61 20 43 46 3 23 10 63 40 27 16 15 17 34 33 39 1 60 18 25 14 32 51 50 28 54 62 48 49 22 30 26 5 6 36 9 12 56 8 7 24 31 58 41 47 38 59 4 64 53 
47 5 9 55 59 17 48 8 34 49 18 1 14 3 33 22 60 54 51 38 31 19 24 62 26 64 58 37 57 30 44 61 53 29 10 13 43 16 56 12 45 63 36 46 21 23 7 52 4 15 32 41 6 2 39 27 28 40 11 35 50 42 20 25 
40 7 25 4 1 62 26 49 58 24 21 45 11 30 5 36 48 42 59 15 20 61 9 18 6 54 31 14 47 29 22 41 23 52 60 39 27 34 3 2 33 32 55 38 13 16 12 53 35 64 50 44 28 46 19 51 37 43 10 8 63 17 56 57 
54 41 12 64 10 27 44 35 31 60 13 62 52 39 53 63 34 2 49 11 57 8 32 56 23 28 50 40 36 9 25 43 46 6 30 47 37 15 59 5 51 3 20 24 14 19 4 42 61 26 38 29 58 17 55 48 1 22 21 45 33 16 7 18 
60 31 51 41 42 8 1 61 6 29 59 63 3 54 47 9 22 48 12 34 23 15 25 55 35 33 5 10 28 36 19 37 30 44 27 38 50 49 26 52 64 7 43 18 46 53 13 62 58 11 16 32 57 14 17 20 56 4 39 40 45 24 2 21 
43 46 4 62 39 18 33 28 20 31 27 7 48 41 21 45 19 11 26 1 38 36 42 10 29 61 55 44 63 57 58 12 59 8 34 51 14 64 23 47 16 25 2 6 60 3 56 5 15 30 35 50 54 24 40 9 52 53 13 49 37 32 17 22 
34 50 57 52 2 10 58 26 16 51 23 11 12 32 25 4 64 40 35 45 43 59 39 7 17 60 49 21 48 54 31 38 20 13 53 46 55 18 6 29 15 22 61 42 36 14 24 1 27 63 3 37 56 19 5 28 30 33 44 41 8 62 47 9 
32 13 21 37 15 45 6 17 39 30 2 35 58 52 43 64 29 27 46 50 5 49 20 4 25 3 53 1 41 40 62 23 7 24 56 36 16 28 9 61 12 44 51 57 63 47 19 33 60 42 59 26 18 10 8 22 34 14 54 55 11 31 48 38 
35 16 36 48 55 53 23 27 18 38 46 5 15 19 40 42 44 57 17 31 2 21 56 58 52 30 13 20 11 14 24 45 54 4 33 25 62 39 22 60 49 10 8 9 32 59 37 41 6 7 47 61 51 43 29 34 12 28 50 63 64 26 1 3 
11 54 40 30 24 25 63 12 53 14 26 60 8 33 22 50 32 16 61 47 62 13 37 9 56 59 4 39 46 51 42 64 10 3 45 41 31 43 15 57 34 20 23 29 52 28 17 35 44 1 21 55 48 49 2 38 7 18 5 6 27 58 36 19 
9 44 5 29 7 19 59 14 56 10 34 36 49 37 62 24 3 18 6 28 63 60 33 51 22 8 2 32 26 47 50 15 21 17 1 42 48 12 58 11 54 55 4 27 40 38 30 31 64 41 46 45 53 52 13 39 35 25 57 20 16 61 43 23 
3 22 49 47 64 56 38 20 55 17 1 28 13 57 44 61 52 41 53 24 14 54 8 30 9 6 43 27 34 16 7 18 19 2 5 40 32 63 35 37 11 21 50 45 39 48 58 26 12 23 4 62 31 33 36 25 15 10 42 46 29 60 59 51 
1 12 3 24 34 39 5 60 59 15 14 53 32 9 35 21 61 64 52 43 17 7 27 42 48 56 8 50 45 55 10 47 41 20 2 23 38 58 16 22 46 51 18 63 6 36 44 49 13 29 57 40 19 31 54 37 33 26 25 62 30 28 4 11 
42 32 41 51 56 29 2 57 44 55 22 26 63 64 50 37 35 28 23 20 49 34 5 8 43 27 40 6 60 18 36 19 4 31 15 10 47 9 14 17 38 61 13 48 11 62 54 25 24 53 30 52 33 59 46 21 16 7 45 3 39 1 58 12 
50 35 63 43 30 46 13 48 29 19 60 31 25 34 45 2 11 10 56 54 24 16 15 12 3 39 44 33 58 23 64 53 5 62 55 26 28 61 42 8 9 52 41 17 37 21 40 4 49 36 27 20 1 22 32 7 6 38 18 59 14 51 57 47 
17 37 52 54 28 55 27 22 12 58 39 13 10 48 20 7 2 53 38 30 46 57 36 6 24 4 14 25 62 15 63 11 40 59 18 49 19 51 64 45 1 16 33 3 56 60 8 34 50 47 9 43 41 42 26 35 21 61 31 32 23 5 44 29 
64 20 7 11 38 26 19 25 3 4 56 23 16 42 17 33 62 55 44 9 18 40 47 39 1 37 61 57 52 28 13 59 29 53 35 21 60 32 50 6 58 2 5 31 24 27 22 30 45 12 51 34 14 48 10 15 49 46 43 36 41 63 54 8 
31 45 61 21 58 36 18 33 40 27 52 54 28 6 8 49 50 51 41 19 32 29 1 48 2 34 46 42 5 17 20 30 11 63 24 56 7 13 25 3 53 43 59 26 57 12 47 14 23 4 39 64 16 44 38 62 10 37 15 60 22 9 55 35 
53 4 6 23 14 44 62 59 38 5 41 47 24 36 30 51 45 26 63 37 3 31 22 60 32 29 9 35 21 49 16 54 57 12 43 33 1 46 27 48 50 39 19 7 10 15 28 20 8 55 11 25 2 61 18 58 17 52 56 64 34 40 13 42 
10 15 8 9 40 47 49 16 61 57 62 18 46 1 11 43 33 21 4 58 25 14 59 13 38 51 22 41 31 12 26 7 39 54 37 34 44 52 30 36 29 45 32 55 42 64 35 23 5 3 56 60 63 6 28 17 2 27 48 50 53 20 19 24 
45 33 64 17 60 40 10 23 37 48 8 49 43 47 29 55 57 35 58 32 15 52 21 14 62 41 16 7 9 26 53 34 44 19 61 54 22 2 24 4 36 27 30 1 18 6 46 59 31 20 25 3 50 38 51 63 42 56 12 39 13 11 28 5 
29 43 59 44 63 16 12 30 26 54 10 24 39 13 58 62 18 7 27 51 55 28 11 23 47 35 45 64 1 50 60 31 32 36 52 37 53 56 21 20 8 4 42 40 25 49 38 48 14 2 5 22 17 41 9 46 61 34 19 33 57 3 6 15 
56 1 2 14 57 6 52 21 19 20 30 3 60 44 32 11 13 9 43 17 41 46 63 25 27 40 18 38 4 8 28 58 50 15 26 62 49 5 39 23 22 37 47 51 35 61 34 12 7 33 45 42 59 29 64 54 48 24 53 10 55 36 16 31 
19 47 35 49 62 20 4 9 15 50 25 33 6 16 27 46 26 60 54 3 42 22 44 29 37 5 36 17 61 24 51 63 12 57 59 31 18 7 1 38 56 41 28 39 53 11 14 21 30 34 58 10 13 55 48 52 43 2 8 23 32 64 45 40 
28 58 54 27 8 13 42 5 22 18 9 59 36 2 31 14 12 19 39 40 53 45 61 64 11 46 29 43 32 21 23 48 51 10 17 30 6 41 34 25 44 26 3 20 33 24 55 63 47 57 15 49 37 60 56 16 50 1 4 7 62 38 35 52 
36 11 39 50 26 22 55 38 5 1 57 40 23 7 41 35 49 59 24 2 56 6 16 34 42 19 52 13 12 44 30 14 47 60 3 48 33 45 43 58 17 54 64 15 31 10 62 9 28 61 18 4 32 53 27 8 46 29 63 21 25 37 51 20 
37 18 32 7 46 61 25 41 52 34 12 51 4 53 64 17 8 47 48 36 33 38 10 31 39 20 15 54 56 6 2 3 9 55 16 63 42 27 11 28 23 5 57 19 45 13 50 29 21 62 44 35 40 1 43 24 14 59 22 58 26 49 30 60 
24 48 34 15 51 31 3 53 21 42 63 38 61 45 56 28 5 50 62 4 37 20 30 1 33 55 10 59 49 25 57 22 64 14 13 8 40 35 29 46 2 60 16 52 43 58 32 7 26 19 36 23 39 12 6 11 47 9 41 27 54 44 18 17 
8 30 20 5 3 54 53 32 63 43 17 64 57 60 19 26 41 15 33 48 35 55 18 45 7 31 37 51 23 11 49 46 58 56 36 22 12 47 2 13 24 34 62 14 38 50 9 44 10 28 61 6 21 27 16 59 29 42 40 25 1 39 52 4 
63 10 26 31 17 57 24 58 9 39 5 46 22 11 38 40 16 44 30 42 59 12 52 28 19 48 35 2 25 13 18 29 14 34 8 27 3 60 4 64 20 47 6 53 61 33 36 54 37 49 7 15 23 45 50 1 55 51 62 56 43 41 21 32 
2 25 33 34 49 35 64 46 8 53 3 30 56 14 23 29 9 62 21 60 50 37 13 38 45 47 24 61 40 10 52 16 42 28 19 5 26 1 32 43 7 11 17 58 48 57 63 51 22 39 41 18 4 36 20 55 27 44 59 15 31 6 12 54 
6 19 23 45 41 21 61 44 62 16 4 15 34 27 18 58 25 56 64 63 1 11 43 3 54 57 12 36 59 22 5 20 17 48 7 52 29 31 49 39 35 8 37 32 28 40 42 55 2 38 14 53 46 51 60 33 26 47 30 9 10 13 24 50 
16 60 27 1 29 37 47 4 33 2 36 61 55 20 51 44 24 5 14 6 58 10 46 54 63 9 39 3 30 38 56 50 15 40 21 18 59 57 62 41 52 31 12 25 26 22 23 43 34 48 8 11 42 13 35 32 64 17 7 19 28 53 49 45 
48 42 43 39 11 50 9 13 49 45 28 6 37 59 12 25 47 8 29 57 40 27 7 36 14 58 32 15 64 1 21 55 24 61 23 44 46 30 51 53 4 56 60 10 19 18 41 2 62 52 54 17 3 26 31 5 38 35 34 22 20 33 63 16 
38 40 14 36 22 52 56 7 48 13 47 41 54 21 24 32 31 20 19 53 61 51 49 2 4 42 28 62 17 34 33 26 63 50 6 35 45 25 10 55 39 15 46 59 5 1 16 27 9 44 29 58 43 64 30 12 23 11 60 18 3 57 8 37 
62 51 15 59 18 12 28 55 7 35 42 52 31 50 1 10 39 4 34 26 22 32 23 17 8 53 6 60 27 43 41 44 37 9 54 16 20 11 38 33 21 30 45 49 3 29 64 13 19 40 63 24 25 47 57 56 36 48 58 5 46 2 61 14 
44 27 47 32 31 41 40 63 50 9 48 29 21 23 13 38 58 3 45 18 60 35 53 57 5 25 54 55 20 59 17 39 61 46 12 6 34 19 36 7 30 64 1 37 49 52 33 8 51 24 22 2 26 56 15 14 4 62 28 16 42 10 11 43 
22 34 30 38 53 5 8 2 27 62 32 12 45 17 14 47 46 43 25 55 16 64 48 63 15 52 11 28 51 7 61 33 1 26 29 3 23 59 37 10 42 36 35 54 41 4 20 50 39 31 19 13 44 18 21 57 60 58 49 24 40 56 9 6 
20 3 28 25 13 23 7 18 42 26 16 56 30 58 36 31 59 61 15 12 11 62 38 22 44 49 34 47 19 37 4 6 35 39 64 45 52 21 63 50 40 53 14 60 51 43 27 24 48 46 33 9 55 32 41 10 57 8 1 17 5 54 29 2 
39 57 60 56 61 59 17 24 10 52 53 8 7 35 55 6 1 33 42 14 36 4 54 26 40 22 30 12 2 48 32 21 16 47 62 20 13 44 41 27 18 46 9 11 23 5 45 15 3 50 43 28 49 58 37 29 63 19 38 31 51 34 25 64 
14 9 19 42 4 64 11 52 60 41 15 44 33 28 34 3 23 32 13 49 8 50 51 40 18 10 63 46 29 45 38 27 56 43 48 24 25 54 57 31 26 58 22 2 17 55 59 39 16 5 6 1 62 35 12 36 53 20 61 30 47 21 37 7 
15 55 62 16 37 51 36 50 1 22 43 25 59 49 63 54 7 17 10 21 19 5 6 24 31 23 41 53 13 56 14 9 60 58 42 2 4 8 33 30 57 28 34 12 29 44 3 47 11 27 20 38 64 40 61 45 18 32 52 26 35 48 46 39 
12 49 10 33 45 1 43 54 24 64 20 39 18 40 46 19 37 34 2 27 29 56 28 47 57 16 26 58 3 42 35 36 22 32 51 11 9 53 5 15 6 38 63 21 62 31 48 61 17 25 52 8 7 30 4 60 59 50 14 13 44 23 41 55 
21 6 46 26 48 58 35 29 11 61 51 2 5 4 37 57 30 39 20 52 44 9 31 41 50 1 64 8 24 60 43 62 38 18 28 55 17 14 40 49 32 19 7 13 16 25 10 56 59 54 23 63 47 34 53 42 22 3 27 12 15 45 33 36 
59 39 42 12 54 48 21 40 35 7 44 27 2 18 52 5 20 49 60 62 13 23 64 37 30 24 47 31 15 63 6 8 3 38 9 50 57 36 55 32 28 33 29 41 34 56 51 58 43 10 17 46 22 4 11 26 19 45 16 14 61 25 53 1 
27 26 24 19 25 49 57 56 54 59 31 22 1 29 28 41 10 6 47 35 30 58 14 21 55 45 38 9 37 61 3 51 43 7 40 60 39 20 8 62 48 23 11 44 64 46 53 17 33 16 42 36 12 5 63 50 32 15 2 4 52 18 34 13 
41 23 58 10 20 63 60 15 46 36 45 21 64 56 42 39 38 25 16 61 9 3 12 19 34 43 48 5 22 35 29 40 13 1 11 17 24 4 53 14 55 50 31 62 27 7 52 32 54 18 2 59 30 28 44 47 51 6 37 57 49 8 26 33 
51 36 11 13 35 3 31 47 4 33 58 16 20 25 57 34 42 52 40 22 48 26 55 5 60 62 27 56 53 41 54 1 2 21 46 59 10 37 61 19 63 6 38 43 15 39 18 45 29 32 49 14 9 8 7 64 44 12 24 28 17 50 23 30 
7 64 53 61 16 43 29 37 13 11 38 19 17 26 3 15 36 45 32 46 27 1 41 50 12 44 21 4 14 33 39 10 48 51 25 28 54 23 47 18 5 9 24 30 8 2 49 22 55 6 31 57 34 20 52 40 62 63 35 42 58 59 60 56 
5 2 38 22 50 30 32 34 14 12 24 55 51 62 6 8 63 31 57 59 7 17 4 43 64 13 19 49 18 58 11 28 33 35 41 29 15 42 52 44 10 40 26 36 1 37 25 16 56 60 48 21 61 23 45 53 3 39 20 54 9 47 27 46 
52 8 45 6 44 33 46 62 23 47 37 50 9 63 10 60 28 29 18 56 51 53 2 15 36 17 57 26 42 32 59 25 34 30 49 64 5 22 31 16 14 35 54 4 12 20 61 19 38 58 1 27 24 39 3 13 41 21 55 11 7 43 40 48 
4 17 55 18 9 28 14 1 30 32 49 43 40 61 48 53 54 24 8 44 39 33 34 11 20 7 23 16 50 52 46 2 6 27 63 12 58 26 45 56 13 57 21 47 59 42 60 3 41 35 37 51 15 25 62 19 31 64 36 29 38 22 5 10 
25 56 48 63 21 24 41 19 57 40 61 9 44 5 26 27 15 13 50 33 34 2 62 49 51 38 60 30 16 31 45 52 55 42 32 14 64 6 20 1 59 29 53 35 54 17 43 10 46 22 28 12 36 11 47 4 8 23 3 37 18 7 39 58 
49 38 13 8 43 9 45 39 28 21 54 37 62 12 2 23 53 63 55 16 47 48 57 46 61 14 42 22 6 27 40 4 25 11 31 7 56 29 18 34 3 24 58 33 44 32 26 36 52 51 64 19 35 50 59 30 20 5 17 1 60 15 10 41 
61 62 1 40 12 4 50 10 17 25 11 20 42 24 7 13 56 38 9 64 28 30 19 59 58 36 33 23 39 5 34 32 52 37 44 43 35 3 54 51 41 49 27 8 22 63 15 18 53 21 55 48 60 16 14 2 45 57 29 47 6 46 31 26 
26 14 16 3 23 15 54 42 51 46 55 48 19 43 39 1 27 58 22 5 21 24 29 32 41 12 25 18 8 64 47 56 62 45 50 53 30 33 60 59 37 13 52 61 7 34 6 28 40 17 10 31 20 57 49 44 11 36 9 2 4 35 38 63 
57 28 37 46 5 7 30 64 45 3 6 14 47 15 60 59 40 36 31 25 54 18 17 61 49 50 20 11 43 53 55 35 27 22 58 9 2 10 12 24 19 42 56 23 4 51 21 38 1 8 26 39 29 63 33 41 13 16 32 44 48 52 62 34 
58 59 17 53 27 32 22 36 64 56 35 10 29 31 4 18 51 23 7 41 52 39 3 20 21 63 1 24 44 46 9 13 49 5 47 15 8 38 19 26 60 62 48 16 2 30 57 11 42 43 34 54 45 37 25 6 40 55 33 61 12 14 50 28 
55 29 44 2 33 34 51 6 32 8 50 58 53 38 49 52 14 1 11 10 45 42 60 35 28 26 3 48 54 62 37 57 36 16 39 4 41 17 13 63 47 12 40 5 20 9 31 46 18 56 24 7 27 15 23 61 25 30 64 43 21 19 22 59 
18 52 31 35 47 60 20 11 36 63 33 34 41 22 16 30 4 12 37 8 6 43 26 44 59 2 7 29 10 19 15 17 28 23 57 61 21 48 46 40 25 14 39 50 55 45 1 64 32 13 62 5 38 9 58 3 24 54 51 53 56 27 42 49 
################proper############## 

 average_time = 2048.954717 

 success runs = 1 

 total average iters = 108373158.000000 
