Success!!! 
 
 max_col = 
 64 
 
 run_time = 
 2294.241999 
 
 once iters = 
 113842494 
 
57 16 43 42 59 6 10 44 11 7 48 9 47 39 29 14 50 36 58 3 52 27 49 19 8 41 17 15 46 25 32 63 60 33 37 20 13 23 4 2 21 26 31 30 51 34 54 38 53 1 61 5 28 64 22 35 45 12 40 62 56 55 18 24 
2 12 23 3 54 15 9 37 59 55 5 46 32 28 18 41 17 6 51 13 31 40 4 30 14 53 56 62 1 38 64 26 24 29 52 50 49 57 34 63 19 45 36 35 27 43 58 11 48 25 42 20 10 39 21 60 47 7 61 22 8 33 44 16 
63 34 38 13 49 47 53 25 36 23 43 22 15 4 56 30 55 10 45 33 24 35 1 9 44 6 19 48 39 58 16 31 11 64 3 28 59 8 46 27 40 52 61 12 18 60 7 42 14 29 51 26 2 41 32 62 54 50 5 37 57 17 20 21 
27 31 60 33 30 14 24 8 1 50 3 64 26 57 16 37 62 20 48 2 18 61 46 28 21 13 35 40 23 11 22 52 17 47 43 51 6 39 58 55 32 41 63 9 5 53 25 56 15 12 59 45 54 44 7 38 49 10 36 19 42 34 4 29 
26 55 41 22 11 61 36 29 38 24 60 62 51 21 58 25 12 43 14 15 16 57 56 42 3 5 10 50 20 2 18 28 7 45 35 19 54 44 40 9 47 59 39 46 17 13 8 6 27 34 4 49 37 23 52 33 63 64 31 32 30 53 48 1 
45 35 4 56 46 18 51 21 53 34 12 52 31 40 19 17 44 38 7 47 8 5 64 23 42 27 49 59 29 54 60 61 30 10 22 32 48 16 26 1 15 55 62 20 37 33 24 28 6 11 3 50 36 57 63 13 14 25 9 39 43 58 2 41 
52 40 17 58 62 39 20 50 44 2 8 42 49 45 63 35 32 26 59 60 25 54 53 34 55 4 37 33 36 7 47 57 21 31 12 5 38 15 41 61 22 14 29 64 1 3 48 10 19 16 56 9 30 43 18 24 27 46 51 13 23 11 6 28 
32 64 19 7 5 1 28 48 20 54 33 6 61 13 10 27 63 41 29 11 22 39 21 37 34 30 51 45 12 9 24 43 14 18 42 36 53 62 56 25 57 23 44 2 49 4 50 16 46 31 58 40 8 47 55 17 52 35 60 3 15 26 59 38 
60 19 58 62 47 49 63 33 27 26 37 30 23 17 55 39 18 9 13 61 57 43 12 64 45 25 15 56 14 6 48 22 54 8 50 40 34 2 38 31 3 29 4 5 28 21 51 41 36 44 32 46 16 53 35 20 11 59 42 10 24 1 52 7 
6 10 21 29 35 53 45 9 12 13 24 49 58 44 64 7 54 16 5 26 1 33 30 47 2 59 28 31 50 43 57 32 37 23 17 15 46 55 3 20 36 11 27 42 22 48 52 40 4 60 63 61 51 14 38 41 19 18 8 25 62 56 39 34 
5 39 3 16 17 12 52 64 14 56 50 54 8 61 43 59 24 11 46 32 63 38 48 44 20 55 7 34 10 36 41 30 33 51 13 18 25 9 28 60 62 47 35 6 57 2 19 37 21 40 31 22 58 45 1 42 23 27 53 4 26 15 29 49 
44 46 2 20 24 51 37 34 10 3 45 33 21 9 41 1 35 23 22 59 53 29 6 56 40 17 13 52 18 49 4 8 26 36 58 16 42 11 47 62 7 38 25 63 64 32 30 61 5 15 54 27 39 28 19 55 31 43 57 12 50 60 14 48 
28 54 1 23 15 30 43 13 22 57 63 40 11 62 20 38 31 51 10 21 2 36 60 41 53 29 24 42 33 12 5 19 4 6 39 52 35 56 27 45 49 44 14 34 58 55 46 59 3 50 7 8 25 26 48 18 61 9 37 64 32 47 16 17 
59 4 11 32 8 22 50 36 28 51 47 19 46 42 52 48 34 25 55 20 45 62 7 14 16 60 23 37 35 27 38 64 44 61 57 43 5 10 1 53 54 39 26 56 31 15 12 18 29 9 17 24 6 30 33 49 13 41 63 58 40 21 3 2 
18 14 61 57 42 55 40 56 60 25 4 29 34 32 31 16 15 17 39 19 50 52 58 27 54 21 63 46 62 26 3 11 41 48 7 22 24 30 49 59 20 1 9 33 45 8 53 43 2 13 10 23 47 12 64 37 44 51 28 38 36 6 5 35 
31 25 7 41 48 38 27 26 2 18 35 5 6 36 53 15 37 8 49 4 28 42 40 3 58 44 1 61 47 39 9 51 12 32 64 63 21 19 29 14 16 13 10 50 60 24 23 17 11 43 62 34 57 52 56 59 22 30 20 45 33 54 46 55 
25 6 26 36 34 44 41 63 61 38 17 51 50 16 62 24 59 37 15 8 35 45 20 18 10 56 47 60 57 4 21 12 42 11 23 27 22 1 19 49 43 31 28 40 29 7 5 39 64 2 33 58 48 32 3 46 55 14 13 54 52 30 53 9 
62 51 27 50 31 10 16 19 23 35 53 13 18 52 45 8 21 60 41 40 61 6 5 63 39 3 25 7 64 32 43 55 57 30 4 34 26 48 12 15 33 54 58 14 44 46 42 1 28 49 38 17 11 59 24 9 36 29 2 20 47 37 22 56 
53 5 22 47 4 7 58 24 9 37 44 3 19 64 2 33 10 28 30 56 27 51 31 52 38 54 14 1 15 40 35 42 55 50 61 45 17 32 20 18 11 36 13 41 63 59 60 12 26 23 29 16 34 21 39 8 46 62 48 49 6 25 57 43 
30 29 20 54 28 59 18 3 46 27 11 4 43 6 36 22 23 47 32 34 9 44 19 26 24 16 31 17 37 50 58 13 39 14 2 21 62 5 64 33 25 49 48 57 38 10 15 8 42 55 52 41 56 60 53 63 7 45 12 61 35 40 1 51 
1 56 52 2 37 21 15 61 29 32 41 55 54 58 48 49 46 39 25 36 3 64 38 17 63 8 33 28 9 59 30 62 10 44 6 60 7 53 43 13 27 24 51 23 47 35 18 19 45 22 20 12 40 5 14 57 42 31 16 11 4 50 34 26 
13 45 8 46 39 17 11 14 57 1 31 7 40 59 60 63 53 4 24 43 42 12 54 33 49 36 22 20 5 34 2 48 29 3 51 38 58 47 9 56 52 61 6 55 50 64 16 26 18 19 35 25 62 37 30 44 32 21 15 23 41 28 27 10 
35 9 33 12 60 32 57 43 5 10 21 47 56 25 39 42 48 14 16 55 11 13 29 49 26 23 27 44 61 53 46 45 40 28 31 37 41 24 63 52 4 2 34 22 30 20 3 62 7 6 1 15 50 36 51 54 58 19 64 17 18 38 8 59 
40 38 49 55 64 48 42 23 15 20 30 34 28 14 26 12 2 1 50 62 58 7 57 22 51 52 41 29 6 19 11 18 35 25 46 59 8 54 16 36 56 21 17 32 53 37 9 45 31 27 43 47 13 61 10 4 3 24 39 5 63 44 60 33 
4 24 32 59 63 43 19 30 51 8 25 1 9 37 28 40 29 22 42 31 44 53 35 57 47 64 16 26 60 55 50 6 61 62 56 54 14 34 2 12 45 17 49 27 3 58 21 52 20 33 11 13 41 7 36 23 39 38 46 48 5 18 10 15 
20 60 62 52 40 56 12 28 54 49 57 21 22 43 42 31 38 45 9 39 46 47 41 59 61 63 29 27 25 3 44 4 15 24 8 7 36 17 6 11 35 10 53 37 19 26 1 64 16 32 2 18 55 48 50 5 34 23 33 14 13 51 30 58 
54 61 31 1 2 13 21 42 16 41 18 12 30 60 7 46 5 58 11 64 36 10 26 4 59 20 34 43 48 35 15 53 32 39 9 49 51 29 57 28 6 33 38 62 40 63 14 23 8 52 45 3 27 25 44 19 37 47 56 50 17 24 55 22 
8 15 48 44 57 33 22 27 47 36 23 35 55 63 38 32 43 49 62 28 56 2 3 16 41 7 42 51 11 14 52 5 13 53 45 31 50 58 10 37 46 12 18 24 54 39 4 20 17 64 60 30 21 40 29 34 26 6 19 1 59 9 25 61 
46 17 50 39 41 34 23 35 64 59 13 44 53 56 11 62 20 33 21 24 51 18 15 12 19 31 2 32 45 8 10 37 27 38 47 26 4 25 5 40 30 48 57 7 9 28 55 60 54 58 22 1 14 63 61 6 43 42 3 29 16 52 49 36 
9 36 45 14 53 29 38 6 58 5 15 10 39 26 33 34 7 48 52 50 40 19 25 54 18 1 46 30 21 22 23 17 3 43 20 35 55 64 42 16 31 32 47 8 59 51 61 13 24 28 57 37 49 4 62 56 60 2 44 41 11 27 12 63 
47 49 64 10 55 11 3 18 50 4 6 45 29 19 27 52 13 30 61 37 60 14 17 8 33 39 57 24 38 28 54 58 22 41 1 44 23 63 48 21 5 56 15 36 16 25 2 34 9 26 46 43 42 51 59 12 35 40 62 7 20 31 32 53 
7 37 25 51 26 16 5 58 17 14 20 61 3 48 24 2 1 27 63 6 32 23 34 55 13 62 9 49 40 56 12 36 18 52 60 33 30 46 59 19 41 22 50 43 42 11 29 44 35 47 53 39 31 38 15 10 21 57 45 8 28 4 64 54 
43 50 30 34 56 5 60 55 6 63 38 36 2 10 37 19 39 42 26 12 15 22 14 51 4 35 44 18 53 31 28 41 8 9 25 23 16 7 24 3 29 20 11 47 46 62 40 21 13 57 48 32 17 49 58 61 1 52 59 33 45 64 54 27 
42 2 6 25 16 41 17 62 30 21 55 48 44 34 12 54 45 56 23 46 38 24 61 29 36 57 59 63 7 64 33 49 47 20 40 1 10 27 13 26 18 15 8 4 52 19 32 53 60 51 37 35 3 50 28 22 9 5 11 31 39 43 58 14 
3 26 59 45 10 23 7 11 4 17 52 41 13 47 35 29 58 57 28 18 64 8 16 20 9 34 6 14 54 42 62 25 50 15 5 53 33 21 61 43 39 60 56 38 36 44 63 22 1 30 12 19 46 27 2 31 40 48 55 24 51 49 37 32 
51 20 57 40 44 58 29 39 32 31 16 14 27 33 23 26 4 2 1 7 19 41 36 43 37 15 61 38 22 13 8 47 46 60 48 56 64 35 52 30 28 3 55 59 34 6 49 25 62 18 5 11 24 54 9 45 10 17 50 53 21 63 42 12 
61 33 24 53 36 31 48 49 18 28 62 57 45 50 8 43 27 63 3 30 5 37 59 10 60 58 52 16 32 1 20 56 38 22 54 11 12 6 51 41 2 35 42 17 7 9 13 14 47 21 55 64 26 34 40 39 15 4 25 44 29 46 19 23 
64 1 37 18 52 9 8 38 56 46 42 15 5 51 22 3 25 32 34 54 21 48 47 40 29 19 43 11 27 24 17 39 49 59 55 4 2 28 44 58 23 57 30 45 12 41 31 50 33 10 6 14 63 16 20 53 62 61 35 26 7 36 13 60 
15 27 28 21 32 35 47 12 24 61 59 39 60 20 9 53 49 55 44 17 33 50 11 13 46 48 5 10 30 45 40 3 19 63 14 62 29 36 31 57 51 37 43 1 26 54 64 58 56 4 8 7 23 42 25 52 38 16 34 18 2 22 41 6 
22 63 14 19 13 54 46 4 25 40 7 58 64 1 49 11 60 53 31 35 62 9 52 6 50 12 26 23 2 51 55 21 45 37 34 39 18 42 17 32 61 27 24 16 10 5 33 48 59 38 44 36 43 15 41 29 8 28 47 30 3 57 56 20 
50 23 54 26 6 57 49 17 41 33 29 32 52 18 3 61 11 64 43 51 48 21 27 45 35 46 8 9 24 20 13 15 36 12 38 58 37 22 30 44 42 25 5 10 4 56 47 55 34 7 16 28 19 31 60 2 59 53 14 63 1 39 62 40 
29 62 9 37 7 3 44 31 43 64 1 53 4 23 30 28 61 13 17 14 47 59 50 38 12 33 58 57 63 60 19 16 25 2 18 41 56 51 32 8 34 6 46 48 24 40 11 36 55 39 26 52 5 35 54 15 20 22 49 42 27 10 21 45 
34 43 35 28 33 27 25 20 40 15 36 31 17 38 44 6 56 5 12 41 29 30 42 2 1 47 48 54 52 10 61 50 9 19 26 55 60 45 53 24 13 63 37 58 14 49 39 7 22 62 21 4 59 3 11 64 16 32 18 51 46 8 23 57 
39 52 40 48 38 42 14 46 45 22 54 11 20 49 57 10 9 7 53 58 26 32 8 1 56 51 3 55 28 23 31 59 62 34 27 29 15 43 21 5 12 30 64 19 2 16 44 33 50 17 13 63 18 24 37 47 41 36 6 60 25 61 35 4 
16 18 10 11 51 19 13 32 8 48 27 2 63 35 47 9 6 31 20 23 54 25 39 46 22 40 21 5 4 17 34 7 64 49 59 61 57 3 14 42 60 50 41 53 62 38 28 29 44 56 30 33 1 58 45 36 24 55 43 15 37 12 26 52 
36 53 5 64 61 8 56 22 26 39 19 24 25 55 21 51 40 34 60 16 4 15 10 35 62 11 38 2 44 37 42 27 31 46 63 47 1 33 54 17 59 18 3 52 20 45 43 9 12 41 23 57 32 6 49 14 29 58 7 28 48 13 50 30 
58 41 12 24 45 4 2 59 62 42 34 56 37 5 46 60 52 19 57 63 49 55 22 36 32 18 53 39 26 30 25 14 6 40 16 10 28 13 7 50 17 51 1 21 23 27 35 15 43 20 9 38 61 29 8 48 64 33 54 47 44 3 11 31 
55 30 15 60 21 63 1 47 7 58 14 16 59 12 13 50 3 18 33 44 37 28 62 24 43 45 36 64 49 41 6 29 20 4 11 48 39 52 35 23 26 8 32 54 61 22 57 31 25 42 40 51 53 10 46 27 2 34 17 56 9 5 38 19 
37 58 63 43 27 45 55 52 48 29 22 50 36 2 54 23 8 44 64 25 59 16 51 39 7 10 18 13 3 5 14 24 28 35 33 17 31 12 11 4 1 53 19 60 6 47 20 32 49 46 34 62 15 9 57 40 56 26 30 21 38 41 61 42 
33 48 51 8 20 40 26 5 35 44 32 43 1 3 59 4 57 29 2 9 34 58 23 21 17 28 62 6 41 46 63 60 53 16 15 14 45 61 39 38 24 64 12 13 25 42 37 49 10 36 47 54 22 56 31 30 18 11 52 27 55 19 7 50 
17 32 34 30 9 60 31 2 33 45 46 27 10 8 14 21 42 35 40 38 43 11 37 5 48 26 64 22 19 29 53 1 51 13 44 25 20 49 50 47 63 28 52 39 15 18 56 4 61 24 41 6 7 55 12 58 57 3 23 59 54 16 36 62 
21 11 46 35 19 36 62 54 42 30 49 60 12 53 6 56 14 24 47 48 41 26 45 7 23 38 32 8 34 15 39 44 52 27 10 57 40 37 18 64 50 9 22 31 55 61 59 5 63 3 28 2 33 20 4 16 17 13 1 43 58 29 51 25 
38 3 47 6 22 25 39 1 34 19 51 28 62 11 17 64 33 12 56 10 55 60 63 61 31 37 30 4 59 57 45 40 58 42 36 2 9 41 23 54 44 16 7 26 43 14 27 35 32 5 50 29 52 18 13 21 53 20 24 46 49 48 15 8 
56 44 13 4 18 24 64 41 52 47 39 63 38 7 15 58 36 46 54 53 20 1 28 50 27 61 12 21 51 16 49 35 43 55 19 6 3 26 62 34 8 40 45 29 11 57 10 30 23 59 14 48 60 17 42 25 33 37 22 2 31 32 9 5 
23 42 16 15 14 28 59 10 13 9 61 20 57 24 40 18 19 3 27 22 17 49 32 31 52 43 50 25 55 33 56 54 5 7 30 46 63 60 8 29 48 58 21 51 41 36 62 2 38 37 64 53 35 1 26 11 12 39 4 6 34 45 47 44 
12 7 53 49 29 50 61 57 37 16 26 25 41 31 5 55 30 62 6 52 13 4 18 15 11 2 20 58 42 47 36 9 1 56 21 24 32 59 22 48 38 34 54 3 33 23 17 46 51 8 39 44 45 19 27 43 28 63 10 35 60 14 40 64 
41 59 36 31 23 46 54 16 49 11 40 17 7 30 61 5 64 52 37 45 12 63 43 58 57 50 60 19 56 44 51 38 48 26 24 8 47 4 55 22 10 62 2 28 21 1 34 3 39 53 27 42 20 13 6 32 25 15 29 9 14 35 33 18 
11 21 39 5 43 62 33 40 55 53 9 26 14 41 32 47 28 54 36 29 30 3 2 25 15 24 45 35 17 18 59 23 34 1 49 13 27 31 37 51 64 42 60 44 8 50 6 57 58 61 19 10 4 22 16 7 48 56 38 52 12 20 63 46 
24 28 42 38 58 52 30 15 3 60 64 23 48 54 4 20 16 61 35 27 7 31 33 62 6 14 55 41 13 21 1 10 2 57 29 12 44 18 36 39 53 43 40 49 32 17 22 47 37 63 25 56 9 46 5 51 50 8 26 34 19 59 45 11 
14 13 18 63 3 64 34 7 31 52 58 38 42 29 50 45 41 21 8 49 6 20 24 53 28 9 4 47 16 61 27 2 56 54 62 30 19 40 25 10 37 46 33 15 35 12 26 51 57 48 36 59 44 11 43 1 5 60 32 55 22 23 17 39 
48 47 29 27 50 20 6 60 21 12 2 18 33 22 25 44 26 59 4 1 14 17 9 11 30 32 39 36 8 63 37 46 16 5 53 3 43 38 15 7 58 19 23 61 56 52 45 54 40 35 24 55 64 62 34 28 51 49 41 57 10 42 31 13 
10 57 55 17 12 26 4 53 19 43 28 8 35 27 34 13 51 15 18 5 23 56 44 48 25 22 54 3 31 52 29 20 59 58 32 42 61 14 33 46 9 7 16 11 39 30 36 63 41 45 49 60 38 2 47 50 6 1 21 40 64 62 24 37 
19 8 56 9 1 2 35 45 63 62 10 37 16 15 51 57 22 50 38 42 39 46 55 32 5 49 40 53 58 48 26 34 23 21 28 64 11 20 60 6 14 4 59 25 13 29 41 24 52 54 18 31 12 33 17 3 30 44 27 36 61 7 43 47 
49 22 44 61 25 37 32 51 39 6 56 59 24 46 1 36 47 40 19 57 10 34 13 60 64 42 11 12 43 62 7 33 63 17 41 9 52 50 45 35 55 5 20 18 48 31 38 27 30 14 15 21 29 8 23 26 4 54 58 16 53 2 28 3 
################proper############## 

 average_time = 2294.241999 

 success runs = 1 

 total average iters = 113842494.000000 
