Success!!! 
 
 max_col = 
 64 
 
 run_time = 
 2924.629620 
 
 once iters = 
 218132856 
 
2 39 59 34 55 10 33 27 50 35 24 26 46 29 30 21 31 64 32 38 49 11 15 53 22 44 4 61 8 12 36 23 5 63 6 47 62 9 17 14 51 18 48 45 25 1 37 16 42 7 13 43 41 52 19 20 56 28 60 54 58 57 3 40 
6 58 8 22 64 25 32 11 13 60 43 54 27 18 55 38 10 28 23 19 20 12 44 26 30 47 53 29 1 16 51 2 49 39 45 42 4 56 21 48 7 50 59 40 57 61 15 52 9 31 36 24 46 17 34 3 62 35 5 41 37 33 14 63 
40 53 57 51 12 18 48 24 31 4 42 41 33 20 1 44 6 46 34 29 17 45 43 59 50 15 60 14 56 63 7 62 19 23 10 36 13 16 58 37 8 64 47 21 3 11 35 5 54 25 39 49 28 2 55 26 22 30 9 61 27 38 32 52 
3 41 37 36 14 42 60 9 57 15 32 63 64 39 12 58 16 40 56 52 7 30 13 27 25 6 55 43 48 20 34 5 50 8 35 11 46 51 61 54 10 33 62 28 26 22 53 2 38 23 44 47 4 21 29 59 18 49 17 1 19 24 31 45 
1 50 15 7 52 63 44 56 51 9 17 36 19 61 53 2 39 57 37 60 54 5 25 8 32 3 38 13 42 45 31 49 28 43 41 64 30 24 40 27 58 29 46 12 20 14 6 34 62 10 35 18 33 11 48 22 16 4 21 55 59 26 47 23 
38 46 43 35 13 19 61 23 25 3 8 16 47 62 5 48 58 24 21 4 50 14 1 22 26 9 57 59 28 64 11 41 33 52 60 31 53 34 18 2 63 17 30 27 54 36 49 55 37 12 56 6 15 32 45 40 51 10 39 7 42 29 44 20 
45 17 47 16 26 54 5 49 52 34 56 11 14 28 37 10 3 51 2 42 35 41 18 62 19 40 46 21 58 33 39 27 55 29 59 32 20 22 7 25 24 38 23 4 60 44 9 31 61 63 50 53 64 1 57 30 36 6 8 13 12 43 48 15 
21 20 30 29 62 31 28 4 6 49 40 22 7 23 59 45 36 61 47 48 55 9 33 63 10 18 52 24 37 35 54 17 12 15 26 38 1 57 3 44 42 19 39 56 43 32 13 41 16 27 60 5 58 51 14 8 53 25 46 64 34 2 50 11 
13 24 19 47 39 30 38 34 62 40 21 27 28 26 4 43 51 60 6 18 53 8 54 52 20 35 63 57 17 49 16 22 15 58 37 46 42 32 50 7 31 12 41 23 55 9 1 25 59 56 5 36 11 44 10 48 3 45 33 29 64 14 61 2 
5 64 36 2 59 55 9 63 53 17 19 61 38 37 18 49 4 12 33 24 25 31 62 32 60 13 26 48 30 54 47 7 45 11 22 1 16 41 14 8 6 10 28 42 56 15 50 29 51 34 3 35 20 46 52 43 23 44 40 58 21 39 57 27 
44 42 29 32 16 46 53 15 59 2 60 9 39 54 33 6 41 20 5 22 37 63 34 3 40 23 31 64 14 55 43 19 4 13 38 21 10 18 25 51 57 48 52 61 62 49 36 27 24 1 47 45 30 28 12 58 17 7 50 35 26 8 11 56 
62 7 11 25 54 4 37 22 45 10 16 35 3 55 14 23 59 39 1 15 48 17 61 30 8 46 12 9 44 56 58 34 47 26 28 40 19 27 20 29 43 63 5 18 33 2 51 38 41 50 64 13 57 49 31 21 6 32 42 60 53 52 24 36 
61 40 58 57 1 3 35 52 20 22 47 42 36 25 56 50 2 14 7 64 44 23 27 55 6 28 10 53 41 5 4 29 24 31 17 62 9 54 12 59 21 39 8 13 45 16 26 11 32 38 33 19 18 63 60 15 48 34 30 43 46 51 49 37 
27 60 10 43 50 14 18 28 24 12 11 8 51 64 48 30 56 19 36 9 46 38 47 57 39 32 61 45 2 52 42 21 6 44 49 3 33 23 63 34 59 7 20 58 40 35 54 17 53 26 4 37 16 25 62 29 31 41 55 22 13 15 5 1 
17 49 12 33 56 6 21 45 44 57 13 52 41 1 32 31 11 29 35 50 10 26 28 58 27 59 36 37 51 3 62 15 48 30 5 53 64 43 2 61 22 47 19 60 24 34 4 46 39 55 42 40 14 8 7 23 25 16 54 63 18 20 38 9 
31 48 26 8 51 20 23 41 58 5 7 29 34 15 63 46 42 21 13 43 40 16 45 49 33 50 25 38 11 1 24 18 57 35 39 52 60 55 56 36 32 14 3 53 64 37 44 30 2 9 27 22 61 6 54 17 19 47 12 28 62 59 4 10 
26 12 50 46 19 38 3 58 29 23 55 13 49 5 36 16 35 1 57 34 14 52 59 45 47 41 54 51 7 53 6 24 43 56 11 20 18 37 22 39 4 42 15 9 17 63 40 48 28 44 62 64 21 10 30 27 61 2 32 33 25 31 8 60 
48 29 22 56 9 35 39 10 34 61 33 4 40 14 26 52 44 25 63 6 64 43 32 51 58 1 8 31 12 28 15 30 60 47 3 7 5 17 16 57 55 62 53 54 50 19 45 21 36 20 18 46 49 59 38 2 37 27 41 24 23 11 42 13 
59 28 7 37 45 27 13 61 19 50 20 44 12 53 58 39 40 41 49 31 16 2 24 11 5 64 62 56 9 10 52 3 8 14 46 48 36 38 54 15 47 34 33 26 23 18 32 51 6 42 29 1 43 60 63 25 30 22 57 21 17 35 55 4 
42 4 64 11 47 8 43 18 38 6 45 10 30 27 51 24 60 50 17 58 21 15 5 13 34 61 59 55 49 22 37 48 25 9 2 63 23 40 62 41 28 3 16 20 31 46 12 14 26 39 52 57 56 33 35 32 7 53 19 44 36 1 29 54 
33 54 1 31 63 21 6 30 46 47 25 7 9 57 2 35 55 27 8 28 62 39 19 18 36 29 17 16 60 23 40 32 59 49 42 44 12 64 10 58 61 22 38 37 5 52 41 43 34 13 15 14 24 53 4 11 45 20 48 51 56 50 26 3 
23 16 55 24 15 40 52 51 63 59 64 37 17 3 60 62 30 56 22 20 26 48 4 12 46 39 50 11 45 42 44 25 35 6 53 33 32 21 19 1 29 49 36 2 27 13 8 57 5 47 9 31 54 61 41 7 43 38 28 10 14 58 34 18 
32 34 25 20 41 62 17 53 43 31 22 28 42 8 15 11 46 23 54 36 33 10 38 61 14 19 21 2 13 57 18 63 26 45 50 27 52 29 30 4 64 1 7 44 35 60 56 24 12 51 40 55 48 58 3 37 5 39 6 16 47 49 9 59 
60 14 2 5 49 57 36 44 1 18 54 21 32 48 41 56 7 42 53 47 3 29 37 9 43 4 20 33 26 38 27 35 31 55 34 61 51 28 24 13 39 25 6 11 30 10 59 58 17 8 19 16 50 22 23 45 46 15 64 40 63 12 52 62 
37 62 60 39 33 50 10 29 14 42 58 64 35 17 11 27 54 32 4 1 15 61 63 2 55 7 19 34 3 59 22 12 46 57 52 23 43 44 45 9 48 36 26 51 6 30 47 8 20 40 49 21 13 38 25 53 24 5 18 31 16 28 56 41 
47 6 16 28 7 13 46 57 3 51 52 24 5 32 8 41 50 22 48 49 39 62 9 21 64 31 23 18 61 36 33 44 37 2 1 54 25 15 34 19 40 56 63 38 4 58 42 45 60 14 11 30 55 29 59 10 26 12 43 17 20 53 27 35 
49 43 54 40 31 1 59 26 33 56 50 6 63 46 13 37 25 36 16 7 47 53 57 34 9 11 24 42 4 51 45 52 22 27 30 60 21 20 55 17 62 44 35 41 10 29 5 64 3 15 61 23 2 12 28 18 58 48 38 8 39 32 19 14 
11 15 45 9 24 53 30 42 23 21 61 57 2 10 62 55 26 44 41 3 27 18 35 19 48 16 14 47 46 40 60 39 63 12 4 29 50 33 28 38 1 20 22 17 59 43 31 32 56 5 7 34 8 54 58 64 13 51 36 49 52 25 37 6 
12 55 3 64 34 52 25 35 7 30 18 48 54 9 45 60 43 8 14 17 51 56 58 5 21 38 41 26 10 6 28 20 13 32 36 16 31 59 39 42 49 61 57 24 53 33 2 50 46 62 37 44 19 27 22 47 1 11 23 4 15 40 63 29 
18 38 23 19 48 36 2 8 22 39 44 43 20 40 16 47 64 13 24 30 31 59 12 33 29 17 56 62 25 37 32 50 14 61 58 5 49 10 51 53 60 28 11 34 46 27 52 15 63 41 6 26 35 4 42 1 9 3 7 57 54 21 45 55 
63 51 27 44 4 22 14 20 49 36 29 59 31 12 34 26 38 10 60 55 23 28 42 6 13 58 15 5 57 43 1 53 56 41 7 8 40 35 64 11 37 21 25 39 19 54 18 3 52 32 24 48 45 16 17 9 2 50 61 30 33 46 62 47 
41 61 32 21 58 5 56 17 28 19 15 1 53 4 38 25 52 11 20 37 45 46 40 29 54 30 35 49 63 27 2 8 62 48 18 6 47 3 26 24 12 9 55 7 14 23 16 13 31 36 43 33 39 57 51 50 44 60 59 42 10 34 64 22 
24 47 34 1 37 56 22 59 4 63 12 17 25 38 52 15 20 48 64 10 11 58 55 41 62 21 51 32 40 8 13 33 54 60 27 45 35 50 44 16 53 6 31 43 49 42 46 28 23 19 30 29 9 3 39 61 14 18 2 26 5 36 7 57 
46 33 38 17 30 49 64 3 9 1 57 19 24 36 47 59 5 34 29 63 8 27 23 44 18 37 11 4 53 48 55 16 58 7 40 22 26 12 52 31 25 32 50 35 2 51 61 62 45 54 20 41 60 14 21 28 42 13 56 15 43 6 10 39 
7 9 42 61 28 11 57 43 26 32 27 62 37 60 35 13 21 33 18 53 12 50 6 36 41 22 5 20 15 46 63 56 1 51 48 4 2 14 29 64 54 30 40 8 39 45 17 10 47 16 58 52 25 34 44 49 38 31 24 59 55 3 23 19 
4 5 20 55 32 60 31 21 48 44 41 14 18 50 23 42 19 43 39 61 57 51 16 25 45 27 3 6 24 17 30 26 36 59 15 28 8 49 9 10 56 52 12 47 63 38 11 22 7 53 1 2 37 40 13 33 34 64 35 46 29 62 54 58 
39 44 13 63 8 41 27 50 54 16 28 5 11 22 31 53 32 2 52 35 56 60 17 15 12 57 7 19 23 61 49 43 21 62 24 34 6 25 42 47 26 55 14 64 29 3 58 37 4 59 10 38 36 18 46 51 33 1 45 48 40 9 20 30 
16 35 40 15 23 48 45 54 8 64 34 56 29 58 6 33 62 26 30 59 4 37 3 7 2 14 39 25 38 60 10 47 17 46 63 18 57 61 32 55 9 13 24 19 36 21 20 1 22 43 31 27 5 42 50 12 11 52 49 53 51 41 28 44 
19 18 51 14 6 29 26 36 10 46 49 2 43 7 21 20 1 9 45 40 28 54 22 47 59 42 64 50 52 31 35 58 39 5 13 30 41 53 38 3 23 60 34 15 16 48 33 44 8 11 57 56 62 55 24 63 27 17 4 37 32 61 25 12 
25 2 53 52 10 58 12 62 30 55 51 39 61 45 3 40 49 31 42 46 24 13 14 38 1 54 29 28 34 44 9 36 23 20 33 43 11 19 37 56 27 5 4 59 41 57 7 18 64 48 17 15 26 35 32 6 60 8 63 50 22 47 21 16 
51 37 31 38 44 9 15 33 61 14 62 49 22 21 40 5 12 7 25 39 1 35 8 4 17 52 48 54 55 47 23 28 34 64 16 19 58 42 27 43 2 24 13 3 32 53 60 20 57 6 59 11 10 45 36 41 29 63 26 56 50 18 30 46 
8 45 62 6 35 32 11 7 41 27 63 30 56 47 64 19 17 18 31 14 22 3 21 23 49 33 16 39 5 25 12 59 38 36 20 51 29 13 60 28 46 37 42 10 48 26 55 4 40 24 2 54 53 50 1 34 52 43 15 9 57 44 58 61 
55 10 48 4 21 12 1 13 18 45 39 51 6 52 25 7 28 5 19 56 32 57 46 43 42 36 2 60 50 11 41 40 3 37 54 26 61 31 53 35 38 27 58 14 44 47 63 23 30 64 16 9 29 15 33 62 8 24 22 20 49 17 59 34 
58 25 49 27 22 28 34 19 60 53 23 33 1 11 43 36 63 47 50 45 30 40 26 54 4 24 6 44 18 29 46 64 32 17 62 57 15 7 48 5 52 59 51 16 61 31 39 9 14 37 38 8 12 20 56 35 55 42 3 2 41 10 13 21 
14 23 39 42 18 59 40 2 16 58 35 34 26 13 44 17 61 38 51 33 52 64 41 24 37 43 9 8 20 62 21 31 10 25 12 55 22 45 1 50 15 54 29 30 11 56 57 6 49 4 46 3 63 48 47 5 32 19 53 27 28 60 36 7 
20 57 17 30 29 47 16 5 42 54 46 32 55 59 10 9 53 49 27 2 60 6 48 37 56 26 13 15 19 58 3 61 44 4 21 41 24 63 11 40 34 8 1 36 22 50 64 7 25 28 23 39 51 43 18 52 12 14 31 62 38 45 35 33 
43 52 41 54 53 26 50 60 37 8 3 38 48 24 28 12 15 59 10 13 29 36 20 42 63 34 1 7 35 32 57 14 2 33 9 49 56 30 47 46 45 40 17 5 18 25 62 19 55 58 21 61 22 31 27 44 39 23 16 6 11 4 51 64 
64 56 61 3 36 24 63 46 15 29 2 50 4 31 20 57 9 62 55 44 58 34 11 16 51 53 45 27 22 30 38 10 52 18 23 39 14 8 59 6 35 41 21 33 28 12 43 49 13 60 32 17 42 7 26 19 54 37 25 47 1 48 40 5 
22 30 9 62 57 33 55 39 2 52 59 53 8 6 46 32 14 45 28 11 41 20 7 1 3 63 18 10 43 24 56 37 64 16 29 50 44 60 23 26 36 31 49 25 13 40 38 54 15 21 34 42 17 47 61 4 35 58 27 19 48 5 12 51 
52 3 46 53 17 16 20 12 47 25 30 40 57 43 50 63 23 37 58 27 2 21 60 31 7 51 42 22 36 13 26 38 18 24 61 56 39 4 15 45 11 35 44 29 34 64 19 59 48 33 8 32 1 62 5 54 28 9 10 14 6 55 41 49 
10 1 24 59 5 44 4 6 56 62 37 60 23 49 9 18 13 55 38 12 63 33 36 35 61 8 28 58 16 19 48 11 42 53 32 2 54 47 41 30 20 51 45 57 15 17 21 39 29 46 22 25 27 64 40 14 50 26 34 52 3 7 43 31 
34 32 63 50 61 7 51 14 35 26 48 15 13 41 17 29 18 52 44 5 9 42 56 10 57 45 49 40 31 21 64 6 20 38 43 12 27 36 8 62 33 23 60 22 58 55 24 47 19 2 28 59 3 37 53 39 4 54 1 11 30 16 46 25 
36 19 18 48 60 45 42 38 55 33 4 12 44 51 22 28 57 15 3 26 59 25 64 40 35 5 27 17 29 39 20 54 9 34 31 14 7 6 46 49 50 2 43 1 37 62 10 63 11 30 41 58 52 24 16 13 21 56 47 32 61 23 53 8 
29 13 28 26 25 43 41 64 36 20 38 58 21 16 39 1 47 54 46 51 6 32 53 17 15 55 34 30 33 50 14 60 11 10 19 59 37 48 35 63 3 4 61 52 8 5 27 12 44 49 45 7 31 23 9 56 40 57 62 18 24 22 2 42 
56 8 21 49 2 37 58 40 27 11 14 31 10 34 7 54 24 16 61 62 19 22 39 50 23 25 32 1 47 4 59 46 51 3 55 13 17 5 57 52 41 53 9 48 42 28 30 26 35 18 12 63 6 36 43 60 20 33 29 45 44 64 15 38 
54 27 35 23 11 15 47 31 64 24 5 3 45 42 19 61 29 4 43 8 34 49 30 48 52 2 44 12 62 41 53 9 40 21 25 58 28 1 33 22 18 16 32 46 7 6 14 56 50 57 51 10 38 26 20 55 63 59 37 36 60 13 39 17 
30 22 4 10 20 51 49 55 21 28 6 25 58 2 29 8 37 3 9 23 5 44 50 39 11 60 40 41 32 26 17 45 16 54 64 24 59 52 31 18 14 46 56 62 1 7 48 42 27 61 53 12 34 19 15 57 47 36 13 38 35 63 33 43 
50 31 33 58 43 17 24 32 5 7 10 23 52 63 42 64 8 30 11 54 38 47 49 56 16 20 22 46 27 15 19 51 61 40 57 25 48 26 4 60 13 45 18 6 12 39 3 53 21 35 55 62 44 41 2 36 59 29 14 34 9 37 1 28 
35 26 14 18 27 34 54 47 40 48 53 45 60 56 49 51 33 17 59 25 36 1 29 20 31 62 43 23 39 9 8 55 30 19 44 15 3 46 5 32 16 57 37 50 52 41 28 61 58 22 63 4 7 13 64 38 10 21 11 12 2 42 6 24 
15 21 44 45 38 2 19 25 39 41 1 46 62 35 61 34 22 6 26 32 43 24 52 64 53 12 33 36 59 18 5 57 7 50 56 37 63 11 13 23 30 58 54 31 47 20 29 60 10 17 14 28 40 9 8 42 49 55 51 3 4 27 16 48 
53 63 52 12 40 23 8 16 17 13 31 20 59 19 54 4 34 35 15 21 18 55 10 28 44 49 37 3 64 2 29 1 41 42 14 9 38 62 6 33 5 26 27 32 51 24 25 36 43 45 48 60 47 56 11 46 57 61 58 39 7 30 22 50 
57 36 6 13 3 61 62 37 11 38 9 47 50 44 24 22 45 53 12 41 42 7 2 60 28 48 30 35 54 14 25 4 27 1 8 17 55 58 43 20 19 15 10 63 21 59 34 40 33 29 26 51 23 39 49 16 64 46 52 5 31 56 18 32 
28 59 5 60 46 64 29 48 12 43 36 18 15 33 57 3 27 58 40 16 13 4 31 14 38 56 47 63 6 7 61 42 53 22 51 10 34 39 49 21 44 11 2 55 9 8 23 35 1 52 54 50 32 30 37 24 41 62 20 25 45 19 17 26 
9 11 56 41 42 39 7 1 32 37 26 55 16 30 27 14 48 63 62 57 61 19 51 46 24 10 58 52 21 34 50 13 29 28 47 35 45 2 36 12 17 43 64 49 38 4 22 33 18 3 25 20 59 5 6 31 15 40 44 23 8 54 60 53 
################proper############## 

 average_time = 2924.629620 

 success runs = 1 

 total average iters = 218132856.000000 
