Success!!! 
 
 max_col = 
 64 
 
 run_time = 
 1573.793451 
 
 once iters = 
 77159764 
 
54 11 59 1 27 55 61 21 36 41 62 34 30 15 3 45 46 29 31 37 19 13 32 16 64 10 4 50 23 39 35 42 7 53 28 47 48 18 9 12 24 44 22 52 49 51 38 26 33 2 43 14 57 63 60 56 8 58 6 25 20 17 40 5 
53 42 16 44 9 18 50 13 24 28 10 47 8 37 39 55 43 22 41 4 58 38 57 60 62 20 34 25 27 29 40 15 35 33 19 23 52 30 46 54 1 48 14 32 12 17 21 45 51 6 5 11 26 49 7 36 64 56 3 63 59 2 61 31 
46 43 45 5 52 48 32 35 38 22 61 63 2 26 40 16 47 6 3 42 54 9 55 7 1 51 33 12 58 17 21 13 39 44 36 24 25 15 27 37 20 23 19 56 57 60 8 30 18 59 4 64 10 31 34 50 53 29 41 28 49 62 14 11 
58 20 49 29 57 38 22 51 14 23 42 43 1 33 25 11 17 5 34 18 36 64 10 39 8 28 9 6 45 52 60 37 32 55 56 2 59 50 41 21 31 63 3 47 40 16 35 4 62 19 30 53 61 48 46 24 44 54 15 7 26 13 12 27 
30 34 39 17 6 24 47 41 57 46 56 20 60 31 64 52 1 49 26 59 53 2 40 35 48 14 61 63 44 32 7 36 11 45 5 4 8 62 13 38 29 27 10 55 28 25 50 43 23 21 3 15 12 37 54 58 33 16 19 18 22 42 51 9 
28 14 64 63 19 25 10 7 12 48 5 58 13 4 50 27 23 33 51 56 61 44 21 62 53 46 30 3 24 59 16 26 31 49 29 17 42 60 20 43 36 18 34 6 15 54 11 2 8 41 40 45 9 39 32 22 57 47 1 38 55 52 37 35 
40 12 56 2 8 33 36 26 29 49 6 54 32 35 44 9 24 45 27 25 14 15 20 11 38 57 31 5 41 43 18 19 22 58 34 3 51 10 64 63 53 39 37 13 62 59 7 61 17 16 52 28 55 1 42 47 48 60 21 23 4 46 30 50 
23 37 3 15 60 4 31 62 19 21 17 18 7 53 51 59 12 8 50 63 30 52 28 48 56 54 11 22 55 47 49 2 26 14 6 16 57 61 1 40 58 9 42 64 33 46 5 41 44 38 29 35 13 25 27 20 36 45 10 34 39 43 32 24 
6 30 14 9 29 54 60 38 28 19 41 33 56 40 16 36 59 47 55 31 10 32 26 24 12 3 17 27 22 15 62 4 53 63 48 51 2 8 58 52 61 45 35 57 13 34 39 37 50 11 20 42 64 46 21 43 7 5 18 44 23 49 25 1 
11 10 23 26 25 20 21 44 58 27 3 53 59 9 15 42 51 40 49 12 38 63 64 14 55 1 24 35 31 33 50 43 61 47 37 34 45 16 62 4 6 30 54 46 60 28 41 56 32 17 8 36 18 5 13 7 29 57 22 2 19 39 52 48 
8 53 36 35 56 2 57 63 46 5 34 49 22 25 60 43 30 7 11 45 17 61 52 54 26 37 14 51 6 16 42 21 44 20 3 50 40 32 39 23 19 33 4 12 64 47 48 18 15 24 55 59 41 29 1 38 28 27 62 10 9 31 13 58 
22 19 32 28 3 34 16 40 62 7 26 38 18 13 12 1 2 43 23 15 9 37 60 33 63 52 47 61 36 49 44 54 41 27 46 29 5 57 56 30 21 50 55 17 20 31 14 10 48 39 35 51 53 58 25 4 59 24 45 64 6 8 11 42 
4 59 61 48 12 5 7 15 47 50 64 39 52 55 23 51 57 42 1 6 20 36 58 25 10 13 18 29 32 41 28 46 60 22 54 9 19 24 49 26 8 11 62 2 38 43 63 3 45 40 31 33 44 16 37 27 14 17 53 56 35 34 21 30 
64 58 43 51 33 52 1 46 2 14 29 17 61 11 6 37 18 4 19 28 41 8 44 13 59 34 53 45 48 57 39 23 15 12 21 25 35 38 31 10 49 16 5 42 32 24 27 7 47 22 9 56 62 3 30 60 20 36 63 50 54 26 55 40 
27 41 18 47 55 13 39 45 21 20 63 24 10 32 48 31 35 53 22 3 56 62 50 29 11 8 58 30 2 19 5 40 42 64 17 28 1 33 6 7 9 25 59 36 23 52 44 15 14 12 26 54 34 57 49 61 38 43 4 37 46 51 16 60 
37 31 42 49 50 17 62 24 8 35 4 45 57 54 30 44 39 46 21 5 48 16 27 34 9 60 7 38 20 56 25 64 18 11 43 13 55 36 59 14 40 1 58 51 53 29 26 22 52 63 6 23 19 2 28 10 32 41 47 3 12 15 33 61 
15 54 8 11 41 19 35 55 32 57 50 40 25 21 43 48 22 37 28 61 16 3 24 44 23 4 39 20 53 45 31 34 58 17 49 62 56 12 29 27 10 47 60 18 7 14 2 13 38 64 51 30 46 9 63 5 6 26 52 33 36 1 42 59 
16 57 2 64 26 42 4 9 17 36 39 59 19 18 7 28 21 50 43 30 55 54 31 27 44 24 40 37 38 62 47 41 3 13 45 61 15 52 10 6 56 5 23 20 46 12 34 63 1 29 60 32 25 8 33 49 35 51 48 58 11 14 53 22 
5 38 7 59 14 12 17 30 16 61 13 4 46 44 37 6 20 2 47 60 40 25 62 63 51 9 19 42 15 35 64 1 24 36 22 43 18 31 55 32 45 49 52 11 3 33 58 53 57 26 23 41 21 50 48 34 54 8 29 39 10 28 27 56 
45 27 52 46 47 6 48 10 56 58 33 51 23 22 29 38 49 12 64 9 26 57 8 36 30 5 63 59 3 7 13 14 50 41 44 39 11 34 21 42 32 4 1 54 55 15 61 19 35 18 16 40 24 53 17 28 37 62 31 43 25 60 20 2 
63 1 40 32 43 22 53 56 3 62 54 9 55 49 34 60 41 51 29 14 35 45 7 58 17 16 36 33 18 6 52 61 20 59 2 48 46 25 38 5 42 8 57 28 26 21 31 24 13 44 11 27 39 10 15 37 4 30 50 47 64 19 23 12 
31 50 37 21 39 3 58 61 27 45 15 41 35 14 53 47 34 48 56 33 18 10 4 1 32 55 60 28 49 11 12 8 23 16 30 54 63 26 57 51 64 29 9 25 44 62 36 59 19 20 2 52 42 43 22 6 24 13 17 46 5 40 7 38 
24 13 25 20 44 60 34 33 64 10 12 30 5 52 1 8 15 11 38 32 23 19 17 42 46 58 26 48 50 2 54 29 37 9 14 35 4 7 28 53 39 41 51 22 43 6 40 27 31 36 45 62 59 47 56 55 49 61 16 57 63 21 18 3 
18 28 51 36 62 29 49 23 20 63 11 2 24 42 31 26 13 59 53 52 6 46 39 5 25 27 57 10 43 21 56 22 33 8 60 64 47 1 40 19 48 17 30 35 16 38 37 50 7 14 12 4 58 54 61 3 9 44 55 45 15 32 34 41 
3 48 17 57 11 40 63 49 45 2 36 1 21 23 61 30 14 41 60 39 25 55 37 19 18 64 5 9 62 42 38 52 43 56 8 59 31 44 53 13 4 32 24 27 51 20 15 16 34 58 10 50 35 7 26 12 46 33 54 6 28 22 29 47 
52 24 33 50 54 9 20 34 41 15 55 14 63 28 42 22 48 62 16 53 5 51 59 23 19 6 35 44 11 36 58 56 1 40 47 45 49 29 60 25 18 37 21 38 61 26 30 46 2 13 64 39 17 27 57 32 10 31 12 4 3 7 8 43 
35 55 13 6 16 14 8 31 44 18 7 25 27 20 46 49 36 58 10 26 1 42 12 17 47 29 43 2 61 50 32 28 4 54 51 37 21 3 63 11 5 60 33 9 39 64 53 23 22 56 38 48 15 52 19 40 62 34 57 30 24 59 41 45 
25 46 26 58 32 21 59 12 11 16 31 50 17 38 33 64 29 35 18 44 15 40 56 45 4 23 13 57 8 3 22 27 62 10 39 30 28 19 42 20 54 34 43 7 14 63 47 52 41 49 37 60 6 24 36 1 61 55 51 9 48 5 2 53 
51 44 28 61 4 64 56 29 52 8 47 35 9 43 5 34 50 54 30 49 57 11 38 3 14 41 45 7 37 48 53 10 36 32 24 46 33 6 15 22 13 58 2 1 31 55 12 42 16 62 21 18 63 20 59 23 39 19 60 17 40 27 26 25 
10 22 19 27 38 1 5 47 53 39 57 26 62 51 58 24 33 28 32 2 43 31 63 4 60 21 15 17 16 54 20 59 34 35 9 7 61 41 12 64 3 56 11 50 36 40 6 48 46 8 25 55 29 45 14 30 18 52 44 13 42 37 49 23 
43 60 15 41 7 30 18 36 13 40 19 48 37 59 56 32 27 34 9 24 8 6 46 61 49 39 25 26 33 12 51 63 38 23 52 55 58 17 50 2 28 57 29 10 22 44 45 62 5 3 42 47 31 4 53 54 16 21 20 35 14 11 1 64 
39 45 62 23 37 53 2 42 6 29 60 12 4 3 54 10 64 13 7 22 52 20 47 21 31 40 55 46 34 1 24 30 48 18 26 27 14 5 16 57 25 19 41 8 17 49 59 35 28 43 33 9 11 61 51 44 58 63 38 36 32 50 56 15 
42 49 55 39 17 32 23 27 51 52 28 3 38 6 24 19 60 18 37 13 47 53 1 57 33 35 50 31 40 22 2 48 16 5 64 20 36 9 44 56 30 15 26 45 8 7 29 58 21 61 34 43 14 41 4 59 11 10 46 12 62 25 54 63 
7 40 5 24 59 28 26 57 1 60 21 61 48 30 11 63 9 16 17 8 42 34 14 6 39 15 49 52 46 58 27 47 29 51 50 10 13 53 33 45 12 36 56 19 37 4 18 38 3 25 54 31 32 35 64 62 43 2 23 55 41 20 22 44 
21 62 29 45 51 61 15 64 7 17 22 37 43 36 4 56 54 26 25 35 39 24 5 10 20 59 41 8 13 38 63 16 49 30 18 60 32 47 23 46 34 14 6 33 27 11 1 28 40 55 58 2 52 44 12 48 3 42 9 31 57 53 50 19 
19 63 30 12 22 31 38 37 15 33 20 29 64 62 8 5 7 55 45 58 2 50 36 52 43 32 44 14 28 34 1 18 54 48 35 21 41 11 26 3 46 59 61 39 10 53 42 25 9 60 57 24 47 17 23 51 40 49 13 27 56 6 4 16 
41 18 60 52 36 47 9 14 10 26 27 46 40 16 49 39 62 56 59 64 32 30 43 51 6 45 3 53 42 23 17 24 25 19 55 12 37 58 4 31 2 20 13 44 35 48 57 54 63 5 50 22 38 11 8 29 21 15 7 1 34 61 28 33 
1 4 58 3 2 10 43 48 59 53 25 13 31 12 14 41 40 38 33 23 44 29 11 20 5 26 21 54 9 64 57 60 8 42 27 15 34 22 7 61 52 55 17 62 63 50 16 32 56 46 28 6 49 36 45 19 51 18 35 24 47 30 39 37 
33 8 6 16 20 50 13 54 55 44 35 42 45 34 9 58 28 31 63 41 21 4 19 46 36 56 12 11 30 25 61 62 52 57 59 14 39 2 24 1 22 40 49 23 47 3 43 51 53 15 7 37 27 26 10 18 5 32 64 48 29 38 60 17 
44 25 35 56 34 46 11 53 50 32 2 23 54 57 47 18 3 61 12 27 49 48 15 22 7 19 10 4 29 51 37 55 28 38 63 40 6 43 17 62 60 21 64 5 9 41 24 31 42 30 39 20 1 13 16 33 52 14 26 59 45 36 58 8 
34 3 27 30 40 57 45 52 49 37 53 60 26 50 20 17 42 10 4 51 33 43 41 8 28 12 29 36 59 13 6 7 56 31 62 22 9 55 48 15 63 38 32 21 24 5 54 11 39 23 1 19 2 14 44 64 25 35 58 16 61 47 46 18 
55 9 21 62 13 44 14 59 23 43 18 57 3 19 2 40 32 30 52 1 24 27 49 15 42 11 51 16 64 10 8 58 45 7 53 41 26 28 35 60 33 61 48 4 50 22 56 20 25 34 36 63 5 12 47 46 31 39 37 54 17 29 38 6 
32 29 53 10 49 58 51 28 4 42 1 8 47 63 41 7 6 14 5 48 60 17 16 59 3 31 56 43 39 37 33 35 27 61 25 52 50 23 54 18 15 64 44 26 30 2 46 55 20 57 24 21 40 22 38 45 19 9 34 11 13 12 62 36 
50 36 4 42 5 56 46 60 25 24 44 22 33 27 10 62 31 21 20 54 63 35 3 47 15 48 38 55 26 61 19 49 2 6 57 1 16 37 14 58 23 28 12 43 34 8 13 39 29 9 18 17 7 51 52 11 30 59 40 41 53 64 45 32 
38 2 20 33 64 8 24 11 30 56 48 21 28 58 52 13 25 9 62 29 37 12 45 40 22 17 54 23 4 18 41 57 46 39 10 19 44 49 32 34 7 35 31 53 1 36 51 47 61 42 27 16 43 59 6 26 60 3 14 5 50 63 15 55 
47 6 54 18 61 63 19 25 31 55 59 11 51 29 32 15 26 36 46 57 34 39 13 28 21 62 1 24 60 27 14 5 64 4 12 42 38 40 3 8 16 52 45 49 41 37 9 17 10 33 53 58 30 56 50 35 23 7 2 22 43 48 44 20 
12 39 31 43 15 16 37 22 35 54 14 64 36 61 45 46 38 19 44 55 7 58 23 18 50 53 2 32 63 9 34 25 17 21 11 5 20 13 30 47 59 42 40 29 6 27 10 57 60 48 41 3 4 28 62 8 56 1 49 51 52 33 24 26 
26 23 1 7 48 35 41 17 9 6 16 5 34 39 38 12 53 64 61 11 50 56 22 2 45 47 20 40 52 46 30 44 51 24 33 63 29 59 43 36 62 3 25 60 18 58 19 14 55 54 13 49 37 32 31 15 42 28 27 8 21 57 10 4 
48 32 50 22 31 15 64 39 54 47 45 16 6 2 19 57 10 44 35 46 27 7 33 12 29 18 52 41 17 20 55 38 14 25 58 26 30 56 61 49 11 43 8 34 4 23 3 21 37 51 59 13 60 62 24 42 63 40 5 53 1 9 36 28 
56 7 38 53 21 26 6 58 39 64 30 32 29 60 28 61 63 57 42 47 11 41 2 37 34 25 48 62 14 8 23 3 55 43 15 36 10 51 19 44 35 13 46 24 59 18 17 5 54 4 22 1 16 40 20 9 50 12 33 52 27 45 31 49 
13 52 12 34 45 51 3 18 37 59 9 10 14 17 63 21 58 20 36 40 31 49 53 32 54 30 28 47 1 4 43 6 57 46 16 33 23 42 2 35 55 22 15 41 56 39 60 44 11 27 61 7 50 19 5 25 26 48 8 29 38 24 64 62 
36 5 57 40 28 62 25 8 22 51 38 52 49 24 13 4 19 39 15 50 59 21 29 9 2 61 46 64 10 53 45 32 63 3 41 31 7 27 34 17 47 12 16 48 58 42 20 1 30 35 56 26 33 18 43 14 55 23 11 60 37 44 6 54 
59 35 10 55 63 11 54 2 26 34 43 15 50 5 27 23 45 25 24 16 13 1 6 56 40 49 42 21 57 44 9 39 12 60 38 8 62 20 47 48 14 53 7 37 19 30 28 33 36 52 46 29 3 64 58 31 41 22 61 32 18 4 17 51 
20 61 24 4 1 27 33 19 18 11 8 7 12 41 55 3 52 23 54 17 28 14 51 38 35 50 59 58 5 60 15 31 9 29 13 53 22 64 37 39 26 62 36 63 25 32 49 40 6 45 44 10 48 34 2 57 47 46 30 42 16 56 43 21 
60 47 41 37 42 49 29 16 48 31 58 56 44 46 62 20 5 3 8 34 64 26 30 43 24 22 27 19 51 63 36 33 21 1 40 18 54 4 11 28 57 2 50 61 45 9 52 6 12 53 32 38 23 55 39 17 13 25 59 15 7 10 35 14 
9 17 46 14 30 23 44 43 33 25 40 36 42 1 35 53 4 60 48 62 22 18 61 55 37 7 16 13 56 26 11 12 59 52 32 6 24 45 5 50 38 51 27 31 54 10 64 29 49 47 63 8 28 15 41 21 2 20 39 19 58 3 57 34 
17 26 9 8 24 59 52 50 61 1 32 55 16 64 36 33 11 27 40 43 45 47 18 31 41 38 23 39 54 14 48 51 10 15 42 56 53 63 25 29 44 46 20 3 2 19 62 34 4 37 49 57 22 30 35 13 12 6 28 21 60 58 5 7 
61 56 22 38 18 36 30 20 43 4 24 27 53 48 21 14 44 63 2 19 12 23 35 41 57 42 64 49 47 31 46 9 40 62 1 11 3 54 45 33 37 7 39 15 5 13 55 60 58 28 17 25 51 6 29 52 34 50 32 26 8 16 59 10 
14 16 11 60 23 7 55 6 5 3 51 31 41 10 57 2 56 1 13 38 62 59 48 49 58 63 37 18 12 30 29 45 19 28 20 44 17 46 22 24 43 26 53 40 21 35 32 36 64 50 15 34 8 42 9 39 27 4 25 61 33 54 47 52 
57 21 63 31 35 37 12 5 40 30 46 19 39 7 22 29 8 52 14 36 3 60 54 50 16 2 32 15 25 28 26 20 6 34 23 58 64 48 51 55 27 24 18 59 42 1 4 49 43 10 47 61 45 33 11 53 17 38 56 62 44 41 9 13 
49 33 48 54 46 41 42 3 63 38 23 6 15 45 17 35 37 24 57 20 29 28 9 53 13 36 62 34 7 5 10 50 30 26 4 32 12 21 8 59 51 31 47 58 52 61 25 64 27 1 14 44 56 60 55 16 22 11 43 40 2 18 19 39 
2 15 34 19 53 45 40 4 42 9 52 44 58 47 26 50 16 32 6 10 46 22 25 30 61 43 8 60 21 55 59 11 13 37 31 38 27 39 18 41 17 54 28 14 29 56 33 12 24 7 62 5 20 23 3 63 1 64 36 49 51 35 48 57 
62 51 44 13 58 43 27 1 34 12 37 28 20 8 59 25 55 15 39 7 4 5 42 64 52 33 6 56 19 40 3 17 47 2 61 49 60 35 36 16 50 10 38 30 11 57 22 9 26 32 48 46 54 21 18 41 45 53 24 14 31 23 63 29 
29 64 47 25 10 39 28 32 60 13 49 62 11 56 18 54 61 17 58 21 51 33 34 26 27 44 22 1 35 24 4 53 5 50 7 57 43 14 52 9 41 6 63 16 48 45 23 8 59 31 19 12 36 38 40 2 15 37 42 20 30 55 3 46 
################proper############## 

 average_time = 1573.793451 

 success runs = 1 

 total average iters = 77159764.000000 
