Success!!! 
 
 max_col = 
 64 
 
 run_time = 
 3182.403557 
 
 once iters = 
 184628901 
 
64 51 7 33 12 41 25 49 6 61 2 19 13 47 35 44 53 31 5 10 23 4 27 1 55 57 38 40 28 63 22 36 58 29 48 56 59 45 34 62 30 8 15 18 52 11 24 46 54 37 26 20 60 14 17 42 9 50 39 16 32 3 21 43 
47 17 28 58 45 56 2 30 62 53 4 60 20 24 15 1 50 46 43 52 61 40 49 34 18 9 51 41 23 25 59 32 10 64 36 5 55 13 26 11 42 63 14 19 27 3 6 57 48 44 22 38 39 29 16 21 8 31 54 7 33 12 37 35 
24 27 44 36 14 52 39 19 8 32 10 5 57 33 59 17 62 45 15 51 26 37 22 38 20 48 16 31 49 21 30 35 63 46 3 18 25 40 50 6 54 2 9 58 13 29 23 64 11 7 12 43 28 1 56 53 34 60 4 42 47 55 41 61 
55 6 31 42 15 38 60 53 37 63 36 16 9 49 50 54 32 48 25 41 56 29 2 39 58 61 43 62 14 11 33 45 20 27 12 22 19 44 57 8 26 40 34 5 1 7 35 21 3 30 4 64 51 10 23 47 24 52 46 17 28 18 13 59 
29 50 11 62 63 57 32 37 52 21 43 41 42 18 25 26 30 3 16 17 19 12 28 36 13 54 8 10 34 53 64 60 2 7 39 51 35 31 33 1 49 4 47 59 48 61 45 20 24 15 55 40 58 9 46 5 23 44 56 6 27 22 38 14 
48 59 1 46 22 34 8 10 29 3 7 28 38 27 45 40 11 60 33 9 57 44 54 55 15 52 5 50 24 6 42 56 4 49 41 43 21 47 23 14 36 51 12 39 37 16 17 53 35 31 63 61 13 18 2 32 20 26 62 64 30 25 58 19 
3 26 20 40 35 4 18 21 56 30 46 23 64 34 11 48 42 58 24 14 6 7 63 13 17 19 47 12 2 29 44 39 9 32 16 37 38 28 54 61 43 41 25 31 50 60 22 55 62 59 27 33 8 52 57 45 10 36 51 49 1 15 5 53 
43 16 23 61 54 9 13 5 55 31 39 51 22 58 12 14 21 47 35 18 59 64 8 20 4 37 27 1 3 46 26 7 53 60 52 17 42 15 24 30 32 10 28 62 56 33 44 38 50 36 19 49 34 6 25 41 40 29 45 11 63 2 48 57 
27 4 8 59 29 2 41 11 7 48 13 14 16 1 19 36 52 23 47 39 40 57 58 42 26 43 56 9 20 30 37 63 49 5 54 12 18 62 6 64 17 60 21 53 25 46 32 51 28 3 50 55 61 33 34 44 35 22 38 24 15 45 31 10 
17 20 47 55 24 1 62 54 35 33 11 34 51 57 26 31 2 16 13 60 37 5 14 64 22 3 4 52 8 40 45 23 32 61 53 46 29 58 9 10 12 44 19 49 7 28 38 6 15 43 36 27 30 56 42 63 41 18 48 21 59 50 25 39 
45 13 15 37 64 58 6 12 5 25 29 43 24 10 55 23 27 51 44 19 48 33 41 63 14 31 53 32 7 34 18 50 11 21 8 42 17 60 3 38 22 39 56 61 36 57 30 54 9 49 35 46 20 16 52 59 28 2 40 1 4 26 47 62 
56 30 61 39 36 50 40 18 9 42 8 20 17 44 64 37 49 35 34 3 10 59 55 22 60 33 19 46 1 41 47 21 43 28 26 31 57 2 45 13 16 52 48 15 63 14 62 29 25 4 11 24 32 58 38 23 53 51 5 27 6 7 54 12 
25 63 3 44 9 7 43 34 38 22 53 52 27 21 58 15 36 12 6 54 18 28 56 62 42 39 61 35 11 55 57 2 14 16 24 1 20 48 40 51 41 47 33 4 59 50 10 31 17 8 64 45 5 60 26 19 32 13 49 37 46 23 30 29 
28 14 32 23 57 26 22 35 60 4 3 40 18 12 46 59 45 17 61 43 24 50 53 30 48 10 44 25 38 49 51 13 47 39 56 63 36 33 15 7 27 20 5 11 2 37 34 42 29 62 6 1 41 21 54 31 52 8 19 58 16 64 55 9 
16 48 5 49 42 31 53 46 39 28 30 61 62 50 63 47 38 11 1 8 25 15 21 32 36 6 59 29 17 54 58 12 34 41 27 19 23 4 52 37 24 45 26 35 64 55 9 18 2 10 57 51 40 13 22 7 56 43 33 44 60 14 3 20 
51 21 10 52 19 33 38 60 49 6 32 45 56 54 41 2 46 7 20 26 9 31 29 4 64 27 24 28 5 62 15 16 44 59 35 55 30 50 25 22 8 23 13 43 40 1 3 58 37 47 53 48 18 12 14 39 36 63 61 57 34 17 11 42 
40 36 9 18 6 29 17 14 45 51 62 4 43 55 39 22 34 38 58 21 64 25 24 50 61 2 30 19 52 44 63 31 41 1 32 13 47 20 7 12 56 33 35 23 54 8 37 11 53 26 16 59 3 46 28 10 60 42 27 15 5 57 49 48 
26 28 58 2 49 20 56 57 11 7 16 1 34 60 61 42 23 9 27 15 8 41 6 35 21 55 3 38 59 22 17 40 62 31 18 4 39 37 53 46 25 29 51 63 10 47 52 19 32 48 5 14 33 45 64 54 13 30 50 12 44 24 43 36 
21 45 37 38 31 11 33 22 15 14 24 9 44 17 49 27 3 61 63 30 28 32 42 40 5 64 29 48 47 35 20 51 54 36 10 16 34 57 58 50 6 13 55 7 39 26 60 41 18 23 43 52 12 62 19 1 59 4 53 2 25 8 56 46 
44 7 24 5 43 19 4 61 47 2 37 53 54 36 23 50 10 33 55 12 16 39 46 11 45 56 28 49 62 42 60 18 25 52 64 38 9 59 63 26 14 15 17 57 20 48 27 34 22 41 13 6 31 8 21 30 29 1 58 32 35 51 40 3 
50 34 39 47 48 53 52 63 25 46 64 38 8 3 13 6 18 57 59 2 45 56 17 49 32 41 1 54 36 27 4 26 33 51 23 44 11 55 28 5 61 43 58 12 30 42 21 40 20 24 15 9 29 7 60 35 31 19 10 14 37 16 62 22 
59 41 42 3 27 16 12 23 10 5 19 57 26 31 29 56 13 54 37 1 22 60 44 53 34 11 7 43 6 14 8 33 48 15 61 21 2 30 17 35 50 62 24 36 38 32 46 4 63 58 40 47 25 51 39 49 45 64 28 9 20 52 18 55 
60 15 51 54 55 10 1 64 33 35 52 30 32 63 48 21 19 26 31 20 62 14 47 43 9 24 12 57 46 13 25 58 22 56 45 40 3 29 8 42 28 16 53 44 49 5 18 59 61 38 37 50 27 2 4 36 39 11 17 34 7 6 23 41 
8 46 35 25 13 32 30 62 41 59 40 12 58 28 18 20 51 5 7 4 29 36 52 48 16 23 15 53 50 37 39 10 27 19 6 14 24 43 49 60 45 3 22 1 9 64 31 2 34 42 56 17 57 44 11 55 33 21 63 38 26 47 61 54 
18 54 41 60 8 17 48 29 24 64 25 26 3 16 56 43 35 28 22 37 36 55 32 12 57 15 58 47 13 59 23 4 51 10 40 34 5 53 38 27 52 46 61 42 6 30 63 62 1 9 20 44 14 19 31 2 50 7 11 39 45 21 33 49 
2 57 36 35 52 27 5 56 32 49 50 42 60 4 37 11 40 44 62 47 53 61 30 46 43 45 10 18 31 12 7 14 39 6 20 28 64 54 16 63 9 26 3 29 34 19 33 22 21 17 38 13 24 15 51 48 1 25 55 41 8 58 59 23 
11 64 63 45 16 25 24 13 48 17 44 10 6 38 47 39 4 8 21 34 5 3 7 23 28 26 2 51 22 56 53 61 15 35 29 50 33 46 60 55 58 54 20 40 18 49 1 14 12 52 41 42 43 59 30 27 19 9 37 62 57 36 32 31 
15 44 22 9 50 12 59 4 2 58 28 36 1 13 51 5 43 41 17 33 20 27 25 54 49 42 52 64 60 39 16 34 45 11 14 23 56 26 30 19 57 21 32 48 31 24 55 8 47 46 29 62 7 37 40 18 61 53 35 10 3 38 6 63 
34 47 49 10 26 43 37 32 53 15 14 27 45 46 52 33 56 13 38 64 42 11 18 9 19 1 40 8 21 48 62 55 24 12 7 36 61 3 31 4 59 28 44 17 5 2 41 39 6 50 58 25 35 23 63 57 30 20 29 22 51 54 60 16 
1 40 21 28 62 14 20 51 63 29 34 7 31 59 9 61 16 24 45 58 52 19 39 6 11 50 46 37 30 33 32 25 8 42 57 41 48 49 2 17 23 12 38 13 15 35 53 60 36 56 54 4 22 55 10 3 27 47 44 18 64 43 26 5 
19 53 6 7 33 39 42 31 30 41 35 18 55 23 22 8 15 1 49 57 60 51 50 14 3 29 17 20 63 5 54 38 59 58 43 9 62 52 21 44 37 27 36 25 16 10 4 47 64 61 45 34 11 26 32 28 46 24 12 48 13 56 2 40 
38 23 46 30 3 55 61 58 54 62 57 21 19 20 40 12 31 10 26 59 2 63 48 29 24 35 9 44 41 36 6 27 18 25 22 32 37 1 13 47 51 50 64 56 43 45 11 7 16 33 49 8 53 39 5 60 15 17 14 4 42 34 28 52 
22 49 29 19 47 8 28 41 23 54 27 56 53 7 16 57 37 2 64 44 15 10 62 31 52 4 39 55 9 32 34 11 61 26 38 45 50 35 43 33 20 18 42 14 46 63 40 12 13 6 30 3 21 17 59 25 5 58 36 60 48 1 51 24 
52 61 64 53 2 62 31 33 34 20 1 48 39 6 42 58 25 36 51 55 30 38 59 27 46 40 49 45 57 26 29 24 60 13 11 47 15 10 19 54 44 17 50 16 32 22 56 3 8 35 14 5 4 28 41 43 63 37 7 23 21 9 12 18 
37 10 17 21 7 15 14 6 4 38 49 2 41 19 32 51 57 52 42 5 3 34 60 58 30 12 36 33 56 50 43 59 28 40 63 48 1 22 18 20 31 11 62 47 8 9 61 13 45 16 39 23 54 24 29 26 55 27 64 46 53 44 35 25 
20 58 38 24 51 44 16 36 21 26 55 50 25 11 28 3 1 18 12 32 41 6 19 45 54 17 35 22 42 60 14 64 23 4 5 29 31 27 37 56 39 49 43 10 53 34 48 30 40 63 9 15 47 57 7 46 62 33 2 59 61 13 52 8 
63 39 54 13 60 23 11 1 64 9 45 35 59 40 14 29 17 50 46 48 4 22 43 7 10 38 62 21 15 47 28 53 16 44 30 52 8 42 51 24 33 55 57 41 58 25 5 27 49 2 18 36 37 61 12 34 26 56 32 3 19 31 20 6 
42 9 45 50 46 5 26 40 12 60 17 47 15 62 44 18 28 63 8 13 14 24 33 16 25 20 23 2 61 7 31 3 36 53 49 39 41 32 59 58 19 6 1 37 29 21 64 35 52 27 51 22 10 48 55 56 38 54 57 30 43 11 34 4 
30 25 34 57 56 18 27 43 36 52 33 13 10 61 24 46 47 49 53 23 54 35 20 21 37 16 63 5 48 8 19 44 3 62 9 64 6 12 55 2 7 59 45 60 4 15 51 26 42 32 1 58 38 31 50 11 14 41 22 29 17 40 39 28 
35 32 48 12 4 59 3 55 31 8 63 22 37 5 43 30 26 29 56 40 39 9 11 61 41 13 18 6 51 58 27 1 57 14 34 25 7 17 46 21 38 36 52 54 24 23 2 28 33 19 44 60 62 53 20 64 47 49 16 50 10 42 45 15 
23 5 26 16 44 22 55 7 46 27 15 39 2 25 6 45 64 43 9 42 63 53 4 17 62 58 48 59 19 24 3 52 12 18 28 60 13 36 20 57 35 34 37 30 11 31 14 56 38 51 10 32 1 47 61 29 54 40 41 8 49 33 50 21 
62 24 19 15 39 63 21 3 16 13 41 37 52 29 38 35 59 56 14 25 47 1 51 5 50 44 64 60 12 43 46 22 40 23 17 6 10 61 4 48 18 7 8 55 28 54 36 32 57 11 33 31 9 27 49 20 58 45 42 26 2 30 53 34 
41 1 56 4 18 6 47 52 42 12 23 8 50 26 31 34 7 20 28 16 55 62 10 24 39 30 57 27 33 38 36 17 35 54 19 3 43 9 11 49 21 53 40 51 60 59 29 15 14 45 2 37 63 5 44 58 25 48 13 61 22 32 46 64 
53 33 40 51 37 60 36 25 43 44 22 3 7 30 57 10 61 21 23 50 32 18 45 2 56 5 54 26 55 15 11 8 42 63 46 58 14 34 47 16 48 38 27 20 12 13 19 49 41 64 59 28 6 4 24 62 17 39 31 35 52 29 9 1 
32 38 43 17 11 61 46 2 14 24 9 63 21 48 33 62 60 40 30 22 35 52 34 41 31 51 20 7 53 23 10 49 26 50 1 59 45 39 27 29 47 42 6 64 57 4 58 44 55 13 25 54 19 3 36 8 12 28 15 5 18 37 16 56 
58 35 27 14 10 30 29 48 59 1 5 11 28 56 17 55 54 6 39 49 13 8 31 44 47 63 21 4 32 45 2 42 38 37 15 33 51 64 62 41 3 61 46 9 22 52 26 25 7 12 34 53 16 40 18 50 43 57 23 19 24 20 36 60 
31 8 13 64 28 42 57 50 58 36 20 54 40 53 4 49 12 15 3 29 27 48 38 19 35 34 6 14 18 9 61 37 7 24 21 2 52 25 22 32 63 1 23 33 45 41 16 5 39 60 46 56 26 30 43 17 44 59 47 51 55 62 10 11 
9 12 59 20 34 49 54 45 19 18 61 32 47 51 60 64 33 37 36 11 46 58 26 57 1 25 13 16 40 28 41 29 30 8 55 53 44 56 5 31 62 24 10 2 17 39 43 50 23 21 42 35 52 22 48 15 6 38 3 63 14 4 7 27 
33 19 16 27 41 35 10 15 40 47 60 17 48 39 20 38 6 34 4 61 1 21 23 25 12 32 45 3 44 18 50 54 13 43 58 24 53 7 64 9 11 37 31 52 42 62 59 63 51 57 28 29 46 49 8 22 2 55 30 36 56 5 14 26 
39 52 14 1 21 48 7 9 28 55 42 64 5 15 3 63 58 22 32 35 38 54 40 10 51 36 26 24 37 57 13 41 46 30 33 8 12 6 56 45 2 19 60 34 44 53 25 17 43 18 23 11 50 20 62 4 16 61 59 31 29 49 27 47 
36 31 2 32 23 47 34 20 44 10 12 24 14 22 8 13 55 19 41 28 11 43 3 33 53 60 42 15 27 16 21 62 29 17 25 49 26 51 39 40 46 56 7 50 61 58 57 1 59 5 52 30 64 63 37 6 18 35 9 45 54 48 4 38 
5 11 60 29 17 54 45 42 57 50 18 58 36 9 30 25 24 14 48 56 31 47 37 15 8 46 22 61 10 1 40 43 19 34 4 20 27 16 41 59 64 35 49 26 51 6 12 23 44 55 3 39 2 38 53 13 21 32 52 33 62 28 63 7 
57 22 62 6 25 40 51 24 26 16 54 59 61 43 53 4 44 27 29 63 50 17 5 60 38 49 34 30 39 2 52 19 37 55 42 11 32 21 1 36 10 9 41 28 47 18 8 48 56 14 31 7 45 35 15 33 3 23 20 13 12 46 64 58 
4 56 12 63 53 13 50 8 1 45 21 46 33 41 2 7 39 64 18 62 49 20 36 26 29 59 55 23 35 31 9 6 5 47 44 57 28 14 48 52 40 22 30 27 3 38 54 16 19 34 32 10 17 25 58 61 37 15 24 43 11 60 42 51 
46 18 55 43 61 28 58 38 51 23 56 31 49 37 62 19 8 59 57 53 12 30 16 52 7 14 11 17 4 64 48 5 50 3 2 10 60 63 35 15 13 32 29 21 33 20 39 45 27 54 47 26 42 36 9 24 22 34 6 25 40 41 1 44 
49 3 30 26 59 37 64 44 27 11 6 29 35 52 34 32 9 42 2 45 7 46 13 51 63 28 33 58 25 20 56 47 31 38 62 54 22 23 61 18 55 5 4 24 14 36 15 43 60 40 21 12 48 41 1 16 57 10 8 53 50 39 19 17 
6 42 57 8 30 21 15 17 18 37 31 33 11 45 7 9 22 32 40 36 51 2 12 28 59 53 50 56 16 19 24 48 55 20 60 35 54 5 14 39 4 25 63 38 23 43 49 10 46 1 61 41 44 34 3 52 64 62 26 47 58 27 29 13 
14 60 53 48 20 3 63 39 50 56 38 62 29 32 27 52 5 55 10 24 58 42 9 59 23 47 25 34 64 4 35 57 21 45 13 15 49 19 44 28 1 30 16 6 26 51 7 37 31 22 17 18 36 54 33 12 11 46 43 40 41 61 8 2 
12 55 25 41 5 36 44 16 17 34 26 49 4 14 54 28 29 62 50 46 21 23 57 47 27 22 37 11 43 3 1 20 64 9 59 7 58 24 10 53 60 31 2 8 19 40 13 61 30 39 48 63 56 32 45 51 42 6 18 52 38 35 15 33 
54 37 33 56 38 24 35 47 3 39 59 55 23 42 21 60 63 30 52 31 43 26 64 18 6 7 14 13 58 17 49 46 1 2 51 61 16 8 12 25 53 48 11 45 41 44 20 36 10 29 62 57 15 50 27 40 4 5 34 28 9 19 22 32 
10 43 4 34 58 46 9 27 61 40 47 44 12 64 1 41 20 53 19 7 33 13 35 37 2 18 32 36 29 51 5 30 52 48 50 62 63 38 42 23 15 57 39 22 21 56 28 24 26 25 8 16 55 11 6 14 49 3 60 54 31 59 17 45 
7 62 50 22 1 45 23 26 13 19 51 15 46 8 5 53 41 4 11 27 34 16 61 3 44 21 60 63 54 52 12 28 6 33 31 30 40 18 36 43 29 64 59 32 55 17 47 9 58 20 24 2 49 42 35 38 48 14 25 56 39 10 57 37 
61 2 52 31 32 51 19 28 22 43 48 6 30 35 36 16 14 25 54 38 44 49 15 56 40 8 41 39 45 10 55 9 17 57 47 26 4 11 29 3 34 58 18 46 62 27 42 33 5 53 60 21 59 64 13 37 7 12 1 20 23 63 24 50 
13 29 18 11 40 64 49 59 20 57 58 25 63 2 10 24 48 39 60 6 17 45 1 8 33 62 31 42 26 61 38 15 56 22 37 27 46 41 32 34 5 14 54 3 35 12 50 52 4 28 7 19 23 43 47 9 51 16 21 55 36 53 44 30 
################proper############## 

 average_time = 3182.403557 

 success runs = 1 

 total average iters = 184628901.000000 
