Success!!! 
 
 max_col = 
 64 
 
 run_time = 
 3237.591510 
 
 once iters = 
 192153952 
 
12 18 59 16 21 13 42 33 44 9 36 3 39 32 58 6 23 62 46 64 40 38 25 24 5 37 2 17 63 53 10 54 26 48 11 50 56 31 55 47 8 52 34 1 15 61 43 45 57 60 19 29 49 7 51 35 27 41 22 30 4 28 20 14 
37 10 40 17 20 54 19 64 8 1 59 46 2 55 56 7 4 3 32 30 53 60 48 5 22 27 29 51 11 34 12 21 62 6 43 42 45 28 33 15 14 16 25 23 24 57 26 47 63 39 36 52 18 58 41 44 35 49 9 50 38 13 61 31 
6 4 43 50 28 52 31 24 29 16 41 61 17 15 14 48 35 9 19 34 44 57 11 12 49 33 32 55 46 38 62 18 58 1 13 10 51 23 54 60 63 5 40 42 20 7 36 39 45 22 64 30 27 47 56 2 3 37 59 53 26 21 8 25 
5 30 49 8 45 36 35 11 37 25 42 23 50 22 13 40 55 7 61 2 33 43 31 52 56 4 26 19 20 14 60 64 3 41 57 63 39 16 44 24 27 38 29 28 21 58 48 6 54 34 9 32 46 1 53 59 12 47 18 51 62 17 15 10 
57 46 3 7 23 55 63 2 28 19 5 51 27 4 45 62 58 41 59 15 22 42 47 26 25 39 8 31 6 13 1 50 34 53 9 64 29 36 14 35 56 18 49 17 12 30 32 44 37 33 48 38 20 10 21 61 60 54 43 16 40 24 52 11 
44 34 38 56 41 26 9 47 12 24 63 60 57 52 11 54 29 27 36 49 17 8 1 50 35 48 40 3 61 58 42 7 20 25 5 18 4 21 59 30 22 51 13 37 64 10 2 53 28 43 15 31 16 62 14 23 32 6 55 45 33 19 46 39 
61 39 60 51 62 1 58 25 47 26 10 31 53 34 49 20 21 16 14 28 18 45 56 13 52 44 43 15 36 59 30 57 46 32 37 38 40 22 19 27 9 4 55 41 11 33 35 54 50 6 8 24 3 12 17 5 23 64 29 2 48 63 42 7 
29 48 53 32 15 27 22 14 35 18 30 43 33 64 38 21 10 54 37 20 51 63 6 39 45 16 47 28 24 9 23 41 52 61 12 8 2 7 17 49 3 59 50 46 62 60 19 31 42 26 4 55 13 11 40 25 57 56 58 1 34 36 44 5 
14 53 6 62 35 31 29 13 57 21 7 22 46 41 59 17 33 40 49 56 20 4 61 51 10 47 54 44 19 15 37 8 5 11 38 36 28 12 2 50 48 24 18 39 55 26 30 58 64 23 63 16 32 25 34 45 52 43 3 9 60 42 27 1 
60 44 12 52 55 64 8 63 15 4 62 18 5 2 32 24 41 6 45 11 37 58 29 16 26 40 34 43 42 1 46 30 56 17 54 33 25 39 9 51 57 7 19 59 61 35 10 23 21 49 27 47 53 14 28 3 13 36 50 31 22 20 38 48 
23 19 11 59 43 16 20 57 42 55 8 1 48 47 29 37 7 26 27 9 50 18 10 30 41 52 63 22 51 56 3 25 44 24 34 4 35 32 58 14 28 6 62 53 31 21 40 38 36 15 61 12 2 13 5 60 39 45 64 54 46 33 49 17 
45 2 61 9 49 46 48 22 40 58 13 10 11 43 25 52 42 28 60 8 47 5 17 14 39 53 4 59 12 36 6 32 19 3 7 16 23 27 18 21 64 29 1 33 51 20 15 56 31 62 30 41 50 54 38 26 37 34 24 57 44 35 55 63 
3 24 15 30 18 38 32 21 23 54 56 49 63 26 36 39 2 1 43 13 52 31 55 35 33 17 20 57 58 61 14 9 40 64 8 6 47 42 29 59 34 60 22 12 50 27 45 4 11 51 37 7 44 48 10 46 28 5 19 25 53 41 16 62 
4 5 47 25 27 58 56 10 51 12 35 34 20 9 44 28 54 46 23 63 19 22 21 62 50 49 60 7 64 2 31 38 55 52 53 48 1 45 57 37 36 3 32 13 8 14 16 41 18 42 33 6 39 17 24 43 15 11 26 59 30 61 29 40 
51 41 28 40 36 42 7 17 6 30 33 50 3 45 19 14 53 48 57 39 34 32 64 38 55 5 24 27 16 11 35 62 60 31 49 15 13 61 63 26 2 43 54 44 52 37 46 25 1 29 59 56 22 4 20 9 18 21 8 58 47 12 10 23 
39 33 34 26 54 37 1 50 27 60 61 38 64 16 53 31 15 12 25 44 24 3 36 59 18 45 21 13 23 28 29 48 10 22 41 30 20 43 62 46 17 63 42 11 49 47 9 5 35 8 55 40 58 19 57 52 51 4 2 7 14 6 56 32 
7 45 27 11 39 59 55 36 43 61 53 25 18 29 30 47 46 35 62 17 9 49 58 40 13 6 31 16 33 57 21 34 8 42 63 14 50 64 3 56 38 10 4 54 60 48 41 22 5 24 52 28 19 51 1 32 20 44 15 26 23 2 37 12 
30 31 62 3 22 61 13 35 64 32 46 26 15 27 23 19 57 4 11 21 45 59 34 53 2 58 49 47 10 52 9 39 48 40 33 7 24 18 1 6 55 12 17 56 29 5 20 28 44 63 43 37 14 8 60 42 36 16 25 38 50 51 41 54 
1 56 9 12 32 8 10 16 49 38 28 37 44 58 2 34 50 20 6 14 54 41 52 60 63 46 30 45 5 48 19 40 11 47 15 62 31 4 35 53 24 27 51 57 42 36 33 13 26 17 25 23 55 3 22 29 59 18 7 61 21 43 39 64 
24 54 20 38 60 15 4 46 63 40 51 7 10 48 41 8 3 55 18 25 5 13 19 1 64 29 14 56 53 22 44 27 57 39 28 43 21 34 49 36 37 9 47 58 26 23 11 61 33 59 12 2 30 45 16 50 62 32 31 35 6 52 17 42 
19 50 17 42 51 2 23 41 36 33 14 52 21 57 4 5 31 63 64 12 29 30 28 61 32 1 3 11 59 7 43 37 54 45 10 25 22 26 38 9 15 39 8 18 53 34 44 16 40 47 62 58 35 6 13 20 49 46 56 27 24 60 48 55 
43 14 44 48 29 28 52 53 45 22 3 24 1 54 31 12 37 56 26 10 15 36 23 32 60 18 61 42 8 35 25 51 30 16 55 20 59 58 41 17 6 19 64 50 40 2 62 21 38 7 34 46 57 27 49 39 4 33 5 63 13 11 9 47 
18 40 25 33 5 57 64 26 9 39 6 55 59 35 20 56 8 42 47 51 16 27 7 44 54 23 62 38 50 17 36 24 29 19 2 60 12 37 32 13 43 46 63 3 45 49 52 14 41 48 11 21 4 15 61 31 58 22 30 34 10 53 1 28 
63 21 58 47 37 49 34 6 13 17 60 16 42 50 62 11 43 39 33 24 2 48 38 22 4 28 15 20 55 26 41 12 27 44 52 51 5 46 61 23 1 25 30 31 35 32 7 59 56 54 18 10 64 53 9 36 8 29 40 14 19 57 3 45 
46 1 4 19 40 53 16 45 31 13 50 41 58 23 35 2 52 37 44 3 59 33 14 6 8 57 25 60 39 64 15 61 47 12 56 55 7 63 42 20 62 17 43 22 32 28 51 36 9 21 29 54 48 34 27 18 10 26 38 49 5 30 11 24 
26 27 2 5 13 51 49 61 21 15 18 36 22 24 47 10 45 50 54 46 4 56 12 29 7 63 17 62 32 40 33 53 31 30 39 57 52 48 28 25 11 20 38 16 44 64 1 9 59 14 60 35 37 41 3 58 19 55 34 42 43 23 6 8 
8 37 33 15 59 56 11 55 3 57 4 5 61 17 7 63 48 47 42 18 30 53 32 28 20 26 46 14 21 51 52 10 22 38 62 34 60 24 50 54 49 58 39 25 41 19 27 29 43 31 2 44 6 23 64 16 40 9 1 13 36 45 12 35 
10 63 31 14 34 44 62 60 46 28 38 8 43 51 12 30 25 21 16 36 11 55 13 7 6 24 48 2 9 27 5 19 49 58 40 45 3 35 23 64 33 54 26 47 56 18 4 57 20 61 22 42 15 32 52 1 17 59 37 29 41 39 53 50 
32 20 52 58 24 39 57 28 16 44 29 45 37 14 26 53 17 22 2 19 41 51 35 64 36 42 23 49 1 54 47 31 18 43 21 59 61 9 15 10 30 55 6 60 34 50 8 12 13 40 7 11 56 5 46 38 63 27 4 62 3 48 25 33 
41 22 36 35 47 30 25 48 59 6 49 42 54 19 52 9 20 34 40 26 58 23 62 57 38 50 56 12 44 3 13 43 2 27 1 11 16 17 8 29 5 14 31 15 46 63 24 37 55 53 45 51 10 39 4 33 64 61 60 21 7 32 28 18 
38 64 23 21 42 29 50 12 39 48 34 40 32 25 33 60 61 15 9 27 31 1 49 43 11 59 28 4 18 16 55 58 6 46 26 37 44 53 5 41 35 45 52 10 2 13 3 7 30 19 24 36 8 63 62 17 54 57 14 20 56 47 51 22 
54 7 18 6 9 43 17 3 20 62 1 11 55 56 64 27 39 10 38 60 8 24 5 63 37 34 22 29 41 30 45 35 33 36 51 13 19 14 4 32 53 42 23 61 48 59 21 40 12 50 57 25 47 28 26 49 2 15 52 46 31 16 58 44 
48 15 32 31 4 6 12 59 5 7 52 53 41 33 27 16 62 36 22 43 25 28 3 2 24 14 9 63 17 47 26 20 39 10 23 58 18 11 64 42 61 57 37 55 38 40 54 8 29 56 44 13 34 49 19 21 50 30 51 60 35 1 45 46 
33 25 37 13 14 7 27 30 50 23 32 57 38 1 60 49 16 18 35 53 56 34 46 48 12 21 39 58 40 55 61 6 51 54 20 24 43 44 45 8 19 41 36 52 63 22 29 17 10 64 47 5 11 9 42 15 31 2 62 4 28 59 26 3 
28 42 24 23 2 45 38 9 4 56 22 20 6 36 17 61 63 30 5 47 26 15 41 37 31 62 59 10 29 50 64 13 25 21 32 12 33 3 7 19 60 49 11 51 14 39 53 35 8 1 40 57 54 46 58 55 43 52 44 48 16 27 18 34 
55 49 46 29 16 11 41 43 19 10 26 28 12 3 42 44 6 32 20 1 38 14 40 17 23 54 51 36 48 37 2 52 63 13 60 56 57 30 34 62 58 50 21 45 47 9 25 24 27 18 35 4 59 61 31 22 5 53 39 33 8 64 7 15 
34 61 26 53 57 20 39 40 54 35 15 2 51 62 55 18 9 23 21 58 64 12 24 45 43 56 7 8 4 19 16 11 1 14 59 5 6 52 27 48 42 31 46 32 33 44 13 10 17 41 50 3 60 37 30 28 38 63 47 22 25 49 36 29 
17 47 64 10 44 5 51 62 14 63 9 59 8 21 39 13 11 31 4 54 49 7 42 33 57 60 1 35 22 46 34 3 53 15 29 2 26 50 36 16 20 28 27 30 18 43 56 48 24 52 23 45 25 38 6 12 41 58 61 37 32 55 40 19 
52 60 50 1 56 3 21 58 34 29 37 64 30 11 40 43 27 19 51 61 13 39 8 10 44 38 33 25 45 18 28 15 35 49 22 41 46 47 31 55 7 2 12 62 5 4 59 26 14 36 16 48 63 20 32 53 9 24 57 17 42 54 23 6 
36 35 63 22 19 18 54 8 48 31 58 47 25 46 24 45 59 52 29 57 60 44 50 55 53 30 27 41 49 5 32 42 9 4 61 40 17 38 37 28 23 15 16 34 1 3 6 64 7 2 39 26 51 33 43 62 11 20 13 56 12 10 14 21 
62 58 13 45 12 10 5 20 26 8 31 32 16 28 15 29 56 38 48 22 55 46 53 23 30 36 19 40 47 6 59 44 4 60 17 39 37 54 43 11 50 64 41 9 57 51 49 42 34 35 3 1 61 18 33 24 25 14 27 52 63 7 21 2 
27 6 16 36 7 63 59 31 55 41 44 58 4 38 50 35 64 45 24 32 3 52 30 25 14 61 42 48 56 10 18 46 15 8 47 29 53 40 20 57 26 21 60 5 54 11 34 62 23 9 51 43 28 22 2 19 33 1 17 12 39 37 13 49 
15 43 14 34 48 33 53 4 18 47 2 21 45 40 22 46 26 29 10 50 7 11 44 58 51 25 12 54 37 60 27 28 41 23 64 1 9 55 52 5 13 36 35 63 6 17 31 19 39 30 42 49 38 16 59 8 61 62 32 3 20 56 24 57 
49 51 41 44 38 22 30 56 24 52 20 48 13 63 9 42 1 59 17 31 21 40 60 54 3 55 57 34 2 45 11 23 32 35 46 28 10 25 26 61 39 47 58 29 43 15 37 33 6 12 14 27 62 64 7 4 53 8 16 5 18 50 19 36 
42 11 54 60 17 25 47 39 53 3 27 33 7 30 61 36 34 5 15 35 6 20 57 41 1 43 52 64 38 49 50 22 12 59 24 19 62 13 16 2 4 32 10 8 23 45 14 18 58 46 21 63 29 40 37 56 26 48 28 55 9 44 31 51 
9 32 35 57 26 23 3 52 11 34 19 12 56 37 51 59 28 8 63 42 39 62 2 18 58 13 53 21 15 24 4 16 7 50 14 31 27 49 48 33 25 1 61 40 30 55 22 46 47 5 20 17 36 44 45 54 29 10 6 41 64 38 43 60 
64 55 29 37 50 40 46 1 17 43 54 62 14 60 5 57 49 61 12 33 27 16 4 19 9 20 41 32 7 39 8 63 36 51 30 44 42 6 21 18 59 56 24 2 28 52 38 3 48 25 10 53 26 31 15 13 22 23 35 11 45 34 47 58 
2 28 8 24 61 21 18 19 1 64 25 39 49 10 6 23 47 43 13 37 14 9 51 36 29 31 5 33 35 62 17 26 45 34 58 3 38 56 22 63 16 44 48 27 7 53 12 20 60 32 41 50 52 57 55 11 46 40 42 15 59 4 54 30 
16 59 10 49 1 48 44 42 62 50 21 13 24 5 46 55 19 51 7 6 28 17 33 8 47 15 64 26 43 12 53 45 37 2 18 35 34 29 11 58 41 30 9 20 25 56 63 27 32 57 38 39 31 60 36 40 14 3 54 23 52 22 4 61 
22 36 7 63 6 35 40 54 41 45 11 56 60 49 16 3 24 57 39 29 48 61 9 34 42 51 18 37 14 25 58 2 17 33 4 21 32 5 30 52 46 23 59 19 13 38 28 43 15 44 53 20 12 55 8 27 47 31 10 64 1 62 50 26 
31 8 45 2 64 19 37 29 7 14 17 9 40 44 57 1 18 25 52 16 62 50 43 56 28 41 6 23 54 63 38 33 61 26 3 27 36 10 13 22 32 34 15 21 4 12 60 55 46 58 49 59 42 35 48 47 24 51 20 39 11 5 30 53 
53 12 21 43 11 60 61 38 32 20 39 27 28 18 54 33 36 14 58 55 63 26 15 49 17 10 35 30 62 4 48 56 59 7 42 46 64 1 25 31 29 22 44 6 3 24 47 52 2 37 13 9 5 50 23 51 45 19 41 8 57 40 34 16 
58 57 55 18 25 24 14 23 10 51 12 30 52 59 34 22 5 2 31 4 46 64 54 42 40 19 11 61 13 32 39 29 50 56 48 47 15 20 60 38 45 35 53 26 36 8 17 49 3 16 1 62 41 43 63 6 44 7 21 28 27 9 33 37 
13 62 5 41 46 17 28 51 61 42 64 15 26 6 63 25 32 60 30 38 23 47 20 3 21 9 16 24 27 44 22 49 43 55 19 53 14 8 40 39 31 37 33 48 10 1 57 50 4 11 54 34 45 52 29 7 56 35 12 36 58 18 2 59 
47 26 39 4 30 32 33 34 2 36 48 29 35 8 43 38 44 53 1 40 12 10 37 27 59 3 50 52 60 31 20 5 23 57 16 9 49 41 24 45 51 62 7 64 58 54 61 11 19 28 56 22 17 21 18 14 42 25 46 6 55 15 63 13 
50 3 56 20 52 9 15 27 58 53 23 19 47 31 37 4 22 13 41 45 35 21 59 11 46 7 55 1 34 8 57 36 28 62 6 54 63 51 12 44 18 40 5 14 16 42 39 2 61 10 26 64 33 24 25 30 48 38 49 32 17 29 60 43 
11 17 48 54 58 50 26 37 22 59 43 6 31 53 1 41 38 33 28 52 36 29 45 4 34 32 10 46 30 21 7 47 64 20 35 61 8 19 56 3 12 13 2 49 39 25 23 15 16 27 5 18 40 42 44 57 55 60 63 24 51 14 62 9 
20 23 51 27 63 12 36 7 30 5 55 14 62 61 8 58 40 49 50 59 1 37 16 47 15 35 13 6 25 33 24 60 42 29 44 17 48 57 39 43 52 26 45 4 22 31 18 32 53 38 46 19 9 56 54 34 21 28 11 10 2 3 64 41 
56 13 30 64 8 14 45 44 25 11 40 17 29 20 3 32 60 58 34 62 10 6 27 9 19 2 36 5 57 23 63 55 24 18 50 52 54 59 53 12 21 61 28 7 37 41 42 51 22 4 31 15 1 26 47 48 16 39 33 43 49 46 35 38 
40 29 42 46 10 4 60 49 52 27 47 54 34 13 28 64 30 24 3 41 32 2 22 21 16 8 45 50 31 43 56 17 38 9 36 26 11 33 51 7 44 53 14 35 19 6 5 63 62 55 58 61 23 59 39 37 1 12 48 18 15 25 57 20 
25 52 22 39 53 34 6 18 38 2 57 63 23 42 48 15 12 44 55 5 43 35 26 46 62 11 37 9 3 29 54 14 13 28 31 49 41 60 47 4 40 33 20 24 27 16 64 1 51 45 32 8 21 30 50 10 7 17 36 19 61 58 59 56 
35 38 19 28 31 47 2 32 60 49 45 4 9 7 21 50 14 64 56 48 57 54 39 15 61 22 44 18 26 20 51 59 16 63 25 23 55 62 46 1 10 11 3 43 17 29 58 30 52 13 6 33 24 36 12 41 34 42 53 40 37 8 5 27 
59 16 1 55 33 41 43 5 56 46 24 44 19 12 10 26 51 11 53 23 61 25 18 20 48 64 38 39 28 42 40 4 21 37 27 32 58 15 6 34 54 8 57 36 9 62 50 60 49 3 17 14 7 2 35 63 30 13 45 47 29 31 22 52 
21 9 57 61 3 62 24 15 33 37 16 35 36 39 18 51 13 17 8 7 42 19 63 31 27 12 58 53 52 41 49 1 14 5 45 22 30 2 10 40 47 48 56 38 59 46 55 34 25 20 28 60 43 29 11 64 6 50 23 44 54 26 32 4 
################proper############## 

 average_time = 3237.591510 

 success runs = 1 

 total average iters = 192153952.000000 
