Success!!! 
 
 max_col = 
 64 
 
 run_time = 
 1396.383436 
 
 once iters = 
 61945327 
 
10 22 7 16 23 6 33 64 36 12 53 48 30 26 5 25 4 29 32 24 54 52 15 50 8 62 35 20 45 9 2 43 41 19 38 27 44 34 56 28 63 3 17 58 40 31 11 18 61 42 39 37 59 51 60 13 49 46 14 21 55 47 57 1 
46 59 41 62 40 45 56 32 55 43 35 63 38 20 39 16 28 19 51 48 31 1 33 9 22 37 24 52 4 42 64 53 14 25 58 30 26 6 54 60 2 44 47 5 13 21 61 34 57 3 49 11 29 15 18 27 17 12 23 10 7 50 36 8 
3 60 27 38 15 39 57 21 59 50 33 58 42 41 23 11 55 18 45 10 62 14 49 34 44 32 46 29 54 5 36 26 53 47 13 17 22 7 16 20 37 8 9 52 6 56 4 12 31 1 30 63 48 64 28 35 2 25 51 61 19 24 43 40 
11 30 25 37 58 20 2 63 19 7 62 57 56 10 34 17 59 47 61 43 22 53 6 46 48 39 33 18 31 41 13 28 15 64 49 42 1 21 12 40 14 16 51 50 26 32 24 60 52 5 55 36 45 23 8 54 3 35 44 29 27 9 4 38 
47 42 18 36 44 61 19 13 46 37 6 3 52 21 24 4 2 8 60 40 64 11 30 63 58 51 27 57 49 55 15 12 9 43 10 33 59 31 48 5 1 38 35 29 23 25 39 20 17 7 14 26 50 41 22 53 62 54 28 16 34 45 32 56 
1 12 52 14 29 55 49 48 22 40 13 31 51 54 61 27 25 35 44 26 37 7 23 3 47 63 11 10 56 17 59 21 4 2 36 8 32 50 39 18 62 46 57 28 33 42 43 45 24 58 6 34 38 16 19 9 5 41 53 20 60 15 30 64 
53 9 4 31 8 43 5 24 1 64 60 2 45 28 49 29 17 38 42 39 58 13 16 20 40 7 19 34 61 14 30 50 35 62 11 23 46 51 3 57 41 10 48 55 54 36 15 27 25 21 47 33 56 44 32 12 6 52 37 22 18 26 59 63 
26 34 50 17 54 28 35 51 15 9 8 14 44 47 32 18 5 36 41 12 27 57 56 21 3 23 60 16 25 38 6 1 24 55 52 37 45 29 61 63 7 49 22 30 19 64 53 59 62 10 20 43 4 2 46 40 31 48 39 58 11 42 13 33 
49 33 35 10 18 26 6 31 3 11 47 44 22 50 41 8 16 55 57 13 9 56 42 29 20 61 17 51 39 62 23 19 46 45 40 14 27 4 34 43 36 58 2 54 60 48 37 25 5 63 32 15 28 24 53 59 1 30 52 38 64 7 21 12 
40 39 3 2 9 30 38 61 31 53 49 13 58 37 15 28 60 45 59 14 10 22 26 32 63 54 52 21 48 34 8 35 6 44 1 51 19 16 18 42 46 64 24 7 57 62 27 41 29 55 17 20 12 11 33 36 25 23 5 43 56 4 47 50 
12 46 44 47 7 13 52 42 51 38 57 26 55 1 63 2 50 62 58 8 19 27 64 61 9 25 3 31 36 45 56 5 20 24 29 22 21 41 11 15 18 39 53 17 28 34 49 33 43 6 23 35 30 4 16 37 14 40 48 60 59 32 10 54 
57 29 37 24 11 5 4 36 32 48 14 23 25 45 18 20 15 6 38 44 51 21 3 40 53 60 43 33 59 13 7 27 64 50 63 54 52 28 10 30 19 1 61 22 16 26 12 8 42 49 9 56 31 47 62 39 34 2 17 55 46 58 35 41 
25 15 60 45 16 51 50 56 43 27 24 9 62 46 64 6 20 30 37 33 7 54 36 5 4 26 14 38 57 47 22 18 23 53 32 2 17 12 49 48 10 52 31 35 59 55 3 40 13 34 19 41 1 58 61 21 8 44 63 28 29 11 39 42 
48 23 22 34 62 27 54 43 4 16 61 42 17 40 59 5 1 49 47 53 18 2 63 11 46 12 10 24 64 32 28 41 39 60 35 57 9 13 58 55 29 6 30 56 51 45 50 21 38 25 52 8 3 14 44 7 15 19 31 36 37 20 33 26 
19 17 58 64 59 8 1 14 21 35 36 54 60 29 56 39 41 23 4 34 52 43 12 28 2 49 50 30 44 40 11 55 25 31 3 61 47 33 7 37 5 9 38 32 42 63 20 15 46 45 10 57 22 48 51 26 24 27 6 13 16 18 53 62 
55 21 63 32 28 41 53 20 33 30 7 19 34 12 10 52 24 46 31 35 48 17 25 39 37 29 6 1 16 15 42 58 59 38 26 62 56 8 5 36 13 23 4 11 43 44 14 47 40 27 18 64 60 50 54 2 22 3 45 57 9 51 49 61 
30 41 45 58 26 49 9 55 18 57 3 38 19 64 42 60 37 5 17 61 11 35 44 48 10 2 40 27 1 46 25 8 51 63 50 15 13 56 21 34 24 47 36 43 22 6 54 14 59 29 33 12 39 20 7 32 53 31 4 52 28 62 16 23 
63 5 48 19 64 35 29 11 28 6 15 32 1 2 31 56 53 54 40 47 57 3 43 7 13 55 20 36 12 58 16 39 17 33 8 9 49 26 52 41 45 50 27 4 34 10 25 23 44 51 60 42 14 62 21 30 38 24 46 59 61 37 22 18 
61 44 23 6 27 12 36 28 8 20 43 37 41 7 40 21 19 52 46 1 2 62 34 26 57 47 59 56 60 49 35 9 30 58 64 3 11 14 42 39 17 53 29 38 48 51 16 31 50 18 45 25 24 54 4 22 63 10 32 15 33 5 55 13 
59 57 13 22 20 47 32 46 54 51 10 36 14 11 9 30 27 41 18 60 25 8 55 45 24 15 38 23 50 6 33 34 29 35 48 44 16 40 53 4 52 21 26 62 7 37 28 1 19 17 5 31 64 63 2 61 42 56 12 39 49 3 58 43 
62 40 34 8 39 24 15 1 16 47 25 5 12 49 29 22 6 13 9 38 33 4 10 59 11 52 30 45 3 53 43 51 2 7 31 60 18 23 57 32 64 61 42 20 63 35 19 55 28 36 56 46 58 37 41 48 21 50 27 26 54 14 17 44 
60 53 56 51 4 18 31 17 61 44 26 24 46 63 55 35 36 50 22 20 30 23 14 15 32 42 7 54 62 21 48 64 1 27 37 5 12 38 28 19 49 33 59 39 9 57 8 58 47 52 3 16 13 34 10 43 45 6 41 11 25 40 29 2 
42 16 10 52 38 21 43 37 48 39 4 33 23 59 13 50 32 12 28 49 56 51 58 24 61 41 63 19 14 29 17 31 47 54 22 46 25 20 62 45 3 5 40 18 2 30 60 44 1 15 11 6 26 53 27 55 36 8 7 34 57 64 9 35 
7 2 54 33 50 14 25 3 17 52 45 34 53 27 58 62 31 16 39 63 42 29 21 64 5 44 18 26 28 22 37 4 55 6 59 24 43 61 36 10 56 41 32 13 15 12 46 11 23 9 8 40 57 35 38 49 51 60 47 1 30 19 20 48 
22 50 30 61 35 10 40 7 58 34 20 28 13 8 53 38 33 3 24 59 15 45 1 60 23 19 32 46 51 4 52 48 62 5 54 55 29 42 14 47 11 17 44 21 27 43 18 26 64 57 41 9 36 25 39 63 56 16 49 2 6 12 31 37 
13 47 5 15 32 33 23 59 2 31 19 52 35 14 46 1 62 48 54 27 29 41 20 51 36 22 21 39 7 44 60 45 18 61 28 12 40 64 8 26 25 4 49 42 37 16 6 3 10 53 58 24 17 56 30 38 50 57 34 9 43 63 11 55 
39 18 38 63 55 37 28 45 42 10 17 60 11 15 22 54 44 26 30 46 47 49 57 6 14 16 61 9 2 3 27 59 48 4 33 32 31 58 50 25 34 56 7 41 29 13 64 24 12 62 43 19 21 8 1 23 52 5 36 40 20 35 51 53 
58 31 1 12 21 29 46 49 57 63 39 56 33 9 3 51 22 11 64 25 55 36 5 23 42 6 53 62 40 18 41 30 19 37 27 16 10 43 24 17 28 2 60 48 20 38 32 52 35 50 13 47 15 26 45 34 59 4 54 14 8 44 61 7 
14 11 2 27 3 60 42 62 37 21 12 64 48 32 25 41 39 63 19 31 40 34 7 43 35 28 29 8 26 50 54 17 36 13 44 56 15 59 23 49 33 57 55 9 58 53 45 51 16 61 22 4 5 52 6 20 46 18 38 47 1 10 24 30 
9 52 16 53 6 36 34 25 26 55 30 50 24 62 43 44 56 61 35 42 14 28 38 4 49 13 37 58 63 57 5 20 22 39 7 41 51 11 45 46 12 19 15 8 31 1 47 10 18 59 27 54 2 32 40 3 48 33 60 23 21 17 64 29 
41 24 64 43 51 56 44 57 49 4 40 16 29 23 7 45 58 9 2 17 13 32 8 18 12 1 34 47 55 25 10 33 21 52 53 20 38 35 30 6 50 14 63 36 61 54 59 5 48 11 31 28 46 60 37 42 27 15 19 62 22 39 26 3 
4 8 20 26 17 19 48 54 27 59 18 6 5 61 36 47 10 37 50 21 16 12 52 53 15 56 31 64 38 43 24 11 60 34 9 63 3 57 1 2 39 40 23 46 62 22 35 30 14 33 7 29 51 55 49 44 28 32 58 45 13 41 42 25 
34 14 47 18 57 54 60 5 53 1 22 43 50 17 21 36 12 58 56 16 20 31 27 52 41 3 55 7 30 51 9 40 42 46 23 26 6 24 38 13 8 11 64 37 32 49 2 4 39 35 62 48 25 29 63 28 10 59 61 44 45 33 15 19 
21 45 51 9 36 31 39 53 62 54 2 49 15 5 27 63 42 4 13 23 38 46 29 57 64 59 44 22 6 10 26 61 12 28 14 19 48 32 43 35 60 7 1 25 55 40 33 17 8 56 24 52 47 30 3 16 20 11 18 37 41 34 50 58 
38 25 49 35 13 64 22 6 34 60 9 30 59 31 20 10 43 44 11 51 17 18 53 62 50 8 4 2 33 16 29 42 5 3 57 21 36 52 40 61 26 54 56 47 14 58 41 63 37 23 46 32 7 45 15 19 12 1 55 24 39 48 27 28 
16 37 59 20 30 52 7 27 47 56 29 11 32 44 4 58 21 60 3 55 35 24 9 14 62 17 13 5 43 28 19 49 8 51 45 25 34 39 15 1 6 48 12 53 10 61 42 36 33 41 26 18 54 38 31 50 57 63 40 64 23 2 46 22 
50 3 61 29 48 4 58 41 6 24 16 8 18 42 14 19 40 64 25 15 34 33 32 37 56 35 23 11 21 1 57 36 44 30 55 53 2 63 47 7 27 31 28 51 45 39 38 46 9 22 12 10 20 59 17 5 43 13 62 49 26 60 54 52 
2 1 33 28 56 11 17 26 52 46 51 35 57 39 38 3 61 7 5 41 36 19 48 10 45 34 47 12 18 31 63 37 58 9 20 50 64 22 59 54 21 24 62 16 30 15 23 43 53 13 44 49 27 40 55 60 32 29 42 25 14 8 6 4 
24 43 40 42 19 46 62 10 64 26 23 25 7 55 12 33 63 28 8 6 50 59 45 2 27 48 54 32 15 39 58 52 37 16 4 18 60 49 41 11 9 35 13 3 44 20 22 29 36 14 51 21 61 57 34 1 30 17 56 53 5 31 38 47 
32 55 8 44 63 23 12 15 45 28 48 41 40 13 37 61 54 22 1 30 26 39 47 49 38 46 25 53 20 60 14 24 10 17 56 31 33 62 27 29 59 34 50 19 18 5 52 57 6 4 2 58 42 43 11 64 7 21 9 51 35 16 3 36 
54 63 26 60 47 40 20 19 50 62 46 59 36 35 1 48 57 32 15 52 21 6 13 41 28 43 56 14 58 64 31 16 61 22 2 45 55 9 51 53 4 18 39 23 49 17 34 7 11 8 37 30 33 27 5 25 44 38 10 3 42 29 12 24 
5 35 21 11 61 59 37 34 39 58 27 51 49 33 54 13 8 10 20 36 4 9 28 30 17 45 42 63 23 24 32 15 52 26 47 29 62 19 25 56 48 22 3 1 12 2 40 53 7 46 38 44 55 6 14 41 18 43 64 50 31 57 60 16 
36 56 32 50 31 16 8 38 10 25 52 17 37 4 45 55 46 42 33 22 60 63 61 47 6 18 5 59 9 30 12 44 28 41 21 11 35 3 64 14 43 62 20 57 24 27 51 19 2 54 40 1 23 49 26 29 58 39 15 7 53 13 48 34 
51 64 29 30 2 3 55 33 12 5 44 7 6 16 57 9 23 56 53 62 1 50 31 17 19 21 48 41 34 27 39 38 43 49 15 10 58 60 20 8 54 42 25 61 11 14 63 37 32 24 28 45 18 13 35 47 40 26 22 4 36 59 52 46 
15 7 62 48 42 53 13 4 30 18 31 21 28 38 60 14 45 2 16 64 5 26 54 35 25 11 49 40 10 61 47 29 34 23 46 36 24 17 6 50 58 55 33 44 8 59 9 56 22 39 57 3 43 19 12 52 41 37 1 32 51 27 63 20 
52 6 24 46 43 22 18 44 20 29 42 61 47 53 19 23 11 14 55 3 39 25 40 12 7 50 8 60 13 37 62 57 31 1 16 4 63 5 32 27 15 30 41 64 35 28 26 38 51 48 36 59 34 10 9 58 54 49 2 33 17 21 56 45 
28 10 14 23 12 57 27 58 24 41 32 22 64 3 8 26 29 43 34 7 49 44 37 38 51 4 1 35 46 33 53 2 54 40 18 48 39 30 13 59 31 45 5 60 50 52 36 16 21 20 42 62 63 17 56 15 19 55 11 6 47 61 25 9 
17 49 39 25 41 1 45 9 56 2 34 40 63 43 11 15 18 51 27 19 59 48 24 58 52 20 26 3 22 36 55 54 38 12 42 7 57 44 37 33 47 13 10 6 46 29 21 32 60 64 61 53 16 31 50 4 35 14 30 8 62 28 23 5 
23 13 17 57 10 25 63 47 29 61 58 12 8 60 2 34 38 33 62 9 46 42 4 56 16 31 39 50 27 20 51 6 32 18 30 49 41 37 35 22 44 28 19 45 21 7 48 54 26 43 15 14 53 1 52 24 55 64 59 5 3 36 40 11 
18 38 6 56 1 34 26 12 35 19 37 39 9 48 47 31 49 57 29 54 63 16 11 55 33 5 64 42 17 8 40 62 13 15 60 52 7 10 44 21 53 36 43 14 3 23 58 2 20 32 25 61 41 28 59 51 4 22 50 46 24 30 45 27 
45 36 43 55 60 44 61 2 23 33 64 46 21 30 51 7 52 31 6 37 8 40 59 13 18 38 28 48 11 12 3 10 26 20 62 58 53 1 29 16 32 27 34 24 4 50 5 42 54 19 63 39 49 22 57 56 47 9 35 41 15 25 14 17 
8 4 9 54 53 32 16 22 44 3 41 55 20 24 17 43 26 27 10 18 45 64 39 1 34 30 36 13 52 2 49 47 40 14 25 59 5 46 31 51 57 15 11 12 56 60 29 62 58 37 50 23 35 7 42 6 61 28 33 48 63 38 19 21 
35 58 28 40 24 7 21 30 25 13 5 15 10 56 62 53 51 20 36 32 41 60 50 22 29 14 45 43 37 54 4 63 3 11 61 64 42 55 19 9 38 59 6 31 39 47 1 49 27 2 16 17 44 33 48 46 26 34 8 12 52 23 18 57 
20 51 46 59 49 42 64 39 63 45 50 1 27 22 28 32 34 15 14 5 24 47 2 19 26 58 9 55 41 23 61 7 57 56 43 6 54 48 4 38 40 25 52 33 17 18 13 35 30 12 21 60 11 3 36 8 29 62 16 31 44 53 37 10 
27 48 31 5 37 62 41 50 14 49 11 18 54 52 16 57 3 21 43 58 12 30 35 25 1 53 22 15 19 59 44 60 33 36 24 47 28 2 17 23 51 26 8 63 64 46 55 61 4 40 34 38 10 9 29 45 13 42 20 56 32 6 7 39 
29 19 11 3 33 15 14 52 40 42 38 4 26 36 6 59 48 53 7 28 23 61 17 44 21 24 57 25 35 56 46 32 45 8 39 34 50 27 63 12 20 37 16 10 41 9 30 22 55 47 64 5 62 18 13 31 60 51 43 54 58 1 2 49 
43 20 55 4 46 58 11 40 41 15 54 62 3 25 30 64 47 17 52 29 28 10 19 36 60 27 2 37 8 26 18 13 63 48 5 38 61 45 22 31 16 51 14 59 1 33 7 39 56 44 35 50 32 21 23 57 9 53 24 42 12 49 34 6 
33 61 19 41 52 50 51 60 38 22 56 47 31 57 35 49 9 24 12 45 43 55 46 27 30 40 16 44 53 7 21 3 11 32 6 1 23 15 26 58 42 29 18 2 5 4 62 48 34 28 59 13 37 36 64 17 39 20 25 63 10 54 8 14 
44 54 36 49 22 63 30 29 5 32 55 53 16 34 48 46 35 40 23 4 6 37 60 8 39 33 51 28 42 19 50 56 27 59 17 43 14 47 2 24 61 20 21 26 25 3 10 13 41 31 1 7 9 12 58 11 64 45 57 18 38 52 62 15 
31 62 53 7 34 17 59 16 13 36 28 20 2 6 26 24 30 25 63 11 3 15 51 54 55 57 41 61 29 52 1 14 50 42 12 39 4 18 33 64 23 60 45 27 47 8 44 9 49 38 48 22 19 46 43 10 37 58 21 35 40 56 5 32 
56 27 12 13 45 9 3 8 11 23 59 10 39 51 50 42 14 1 21 57 53 5 22 33 43 64 15 49 24 35 38 25 7 29 34 28 37 54 55 62 30 32 58 40 36 41 17 6 63 60 4 2 52 61 20 18 16 47 26 19 48 46 44 31 
6 26 57 1 5 38 10 35 60 17 63 29 61 18 33 40 64 59 48 2 32 20 62 42 31 36 58 4 47 11 34 46 49 21 19 13 30 53 9 44 22 12 37 15 52 24 56 28 45 16 54 55 8 39 25 14 23 7 3 27 50 43 41 51 
64 28 42 39 25 2 47 18 7 14 21 45 43 19 52 37 13 34 26 56 44 58 41 31 54 9 12 6 32 48 20 23 16 10 51 35 8 36 60 3 55 63 46 49 38 11 57 50 15 30 53 27 40 5 24 62 33 61 29 17 4 22 1 59 
37 32 15 21 14 48 24 23 9 8 1 27 4 58 44 12 7 39 49 50 61 38 18 16 59 10 62 17 5 63 45 22 56 57 41 40 20 25 46 52 35 43 54 34 53 19 31 64 3 26 29 51 6 42 47 33 11 36 13 30 2 55 28 60 
################proper############## 

 average_time = 1396.383436 

 success runs = 1 

 total average iters = 61945327.000000 
