Success!!! 
 
 max_col = 
 64 
 
 run_time = 
 3638.917372 
 
 once iters = 
 395606102 
 
55 61 19 21 64 26 6 38 63 8 56 43 20 44 28 34 52 3 14 59 45 17 12 50 32 35 10 48 41 4 27 36 18 51 57 24 37 49 42 60 46 7 58 16 33 23 53 47 5 54 11 25 15 2 39 30 40 29 22 13 62 31 1 9 
3 47 33 49 28 50 36 58 42 27 24 55 11 41 54 38 39 57 32 9 53 31 18 61 34 30 51 7 14 12 16 20 64 44 17 15 62 13 6 26 29 25 43 4 37 22 60 52 10 40 45 63 59 48 21 1 8 5 56 35 2 46 19 23 
11 35 51 14 43 29 42 2 46 31 10 48 64 17 9 62 28 47 13 7 54 6 25 58 63 23 33 5 38 61 22 37 50 30 4 8 20 45 53 3 19 1 18 56 26 40 49 34 36 60 12 32 41 52 16 24 27 59 15 55 44 39 21 57 
31 4 56 37 10 24 52 34 15 26 53 16 23 12 22 25 1 43 2 33 40 49 60 63 55 28 13 3 19 8 62 42 54 32 35 47 27 5 58 7 50 59 51 44 9 21 39 38 18 14 6 57 64 29 20 46 48 11 36 41 61 17 30 45 
48 17 32 16 13 25 39 57 49 1 14 5 37 35 4 7 44 21 41 62 34 30 38 51 64 46 43 11 59 60 45 6 40 23 2 63 52 36 29 28 10 24 3 31 55 12 15 8 9 19 61 33 22 56 26 27 42 50 18 47 54 20 58 53 
44 63 5 59 45 1 46 7 19 3 29 36 52 33 40 32 11 64 23 42 22 20 56 15 39 21 26 58 17 47 54 18 55 14 48 34 25 31 61 9 30 41 28 57 13 62 2 27 51 35 50 38 4 53 49 8 16 6 60 12 24 37 10 43 
20 54 27 60 23 41 40 15 6 51 45 21 30 39 18 58 8 29 4 10 19 48 55 37 53 52 2 44 50 57 24 9 16 22 12 38 56 46 59 1 42 11 61 36 5 14 63 35 34 62 47 31 17 13 3 43 49 33 64 26 25 28 32 7 
22 8 9 30 53 18 62 12 61 60 47 57 13 50 59 2 46 26 36 5 35 16 24 27 29 15 1 56 25 31 49 40 21 39 11 10 33 19 41 43 48 6 32 17 64 54 45 20 44 42 37 58 28 7 55 23 4 34 63 52 14 3 51 38 
26 22 47 43 58 54 38 5 14 25 46 4 24 45 50 56 37 20 28 51 18 53 59 7 9 17 6 19 23 15 31 49 63 27 39 62 10 35 36 55 2 33 44 60 61 11 57 40 48 12 41 1 8 42 32 16 30 3 34 21 52 64 29 13 
12 33 50 56 9 61 45 6 17 39 22 26 38 32 49 11 13 14 62 8 25 4 27 3 1 57 63 36 40 43 64 10 58 28 31 41 44 15 47 29 59 52 30 55 20 34 21 48 35 46 19 37 7 54 5 53 23 42 24 2 60 18 16 51 
60 49 28 19 62 27 59 24 33 6 8 53 35 52 36 21 32 30 64 16 5 58 48 47 25 54 4 12 7 42 61 3 13 2 34 50 57 11 22 20 37 39 1 43 45 29 51 56 63 10 15 18 26 55 23 38 46 17 40 9 41 44 31 14 
13 41 48 57 7 2 15 51 60 47 42 10 28 27 62 55 24 63 52 31 36 43 35 44 5 50 21 37 39 18 46 53 17 33 59 14 9 56 8 16 23 54 64 19 38 3 32 26 20 25 29 30 40 22 45 34 11 58 1 6 12 49 61 4 
32 64 52 31 63 21 29 36 1 9 15 54 12 34 16 3 40 23 60 46 41 10 19 6 38 44 14 22 48 26 58 30 61 45 18 7 53 25 51 42 49 27 8 28 50 35 24 17 13 59 39 2 57 11 43 4 37 56 55 33 20 62 5 47 
53 3 42 20 55 10 25 17 37 23 59 64 48 7 31 41 57 12 1 29 61 11 2 34 33 47 56 32 27 16 28 35 6 40 43 26 30 52 19 24 18 14 62 15 46 5 4 13 60 36 58 21 49 44 9 51 39 54 50 45 38 22 63 8 
8 23 46 11 16 35 30 18 2 29 40 44 19 63 61 5 33 39 17 15 42 22 9 49 51 13 45 55 52 20 41 34 4 1 60 32 21 37 38 54 53 58 47 7 10 36 6 12 56 64 24 14 31 50 62 3 26 48 25 27 57 59 43 28 
1 14 37 40 44 39 34 4 43 30 58 20 57 13 51 18 55 45 56 26 50 54 21 38 11 24 62 8 29 59 60 2 49 48 23 64 46 12 3 5 9 22 16 41 25 63 42 31 28 52 27 47 33 17 61 6 10 7 32 15 35 36 53 19 
58 29 22 34 61 6 7 10 18 53 51 39 2 14 64 13 48 5 19 35 24 55 46 60 26 41 27 54 42 1 8 62 15 49 33 40 28 20 23 25 56 63 9 38 31 37 52 16 17 50 59 45 44 4 30 57 12 47 43 36 32 21 11 3 
19 40 24 27 60 37 64 62 25 5 35 34 50 49 29 43 23 17 39 36 1 8 61 16 15 32 20 4 44 30 7 55 14 38 9 52 3 22 54 46 11 45 33 6 21 58 18 41 47 26 56 53 12 10 28 2 31 57 51 48 13 63 42 59 
49 52 23 54 38 46 56 63 31 37 61 28 10 3 42 22 21 7 51 6 12 25 26 2 45 58 48 14 16 50 59 33 5 36 55 13 43 17 11 32 4 47 20 53 57 39 44 24 29 34 64 19 62 8 15 41 18 30 35 60 1 27 9 40 
41 1 14 15 35 33 48 53 21 56 27 19 63 8 38 46 62 9 43 54 30 59 58 13 47 22 28 6 57 49 40 12 45 18 10 37 42 26 4 44 3 64 36 34 2 32 29 60 31 51 52 5 23 39 7 11 55 24 20 61 50 16 17 25 
42 36 18 2 25 51 32 45 59 44 62 52 47 48 15 4 64 50 11 37 3 56 41 20 23 61 53 60 9 38 5 24 31 12 7 57 29 27 63 8 13 17 49 30 1 19 28 55 40 21 33 43 16 35 58 14 22 39 26 46 10 54 6 34 
30 59 3 12 5 13 47 44 54 16 23 17 55 57 24 36 53 34 42 40 4 45 33 52 43 31 64 39 37 51 11 56 60 21 1 6 58 61 48 35 26 62 46 50 8 7 27 10 25 22 18 20 9 49 63 32 14 2 29 38 19 15 28 41 
57 21 39 9 17 43 31 11 26 58 30 40 41 1 20 33 18 28 38 32 14 27 49 10 36 29 35 2 63 3 52 13 34 19 24 53 47 50 16 51 15 5 25 59 12 61 22 23 55 6 42 54 48 37 46 60 44 64 45 62 8 7 4 56 
50 16 26 55 4 28 20 8 7 11 12 9 32 6 60 45 63 22 31 44 47 15 57 29 10 25 17 18 21 19 34 46 59 62 30 56 64 41 39 2 54 48 40 35 51 42 43 14 3 27 13 36 24 38 1 61 52 23 53 58 37 5 49 33 
5 31 58 52 19 17 57 26 39 54 16 35 4 15 48 14 61 40 44 56 9 21 45 18 60 42 29 38 64 27 47 50 25 43 53 46 59 8 13 62 24 37 55 49 63 1 36 28 22 23 2 34 30 6 41 20 33 12 7 10 51 32 3 11 
54 7 59 32 20 48 35 28 56 19 6 63 18 47 11 40 43 41 34 12 29 60 42 57 62 53 9 45 49 17 10 52 24 50 3 36 38 39 1 14 44 23 4 33 15 30 25 58 21 37 5 16 27 46 51 31 64 55 61 8 26 13 2 22 
6 46 10 51 12 42 16 21 58 50 43 49 5 22 37 31 3 8 30 23 48 52 32 11 54 4 7 1 56 36 44 26 9 63 40 35 34 28 27 47 41 2 60 18 39 20 61 57 64 33 55 24 13 15 29 25 53 62 59 14 45 19 38 17 
63 30 64 25 33 36 61 14 34 45 7 27 26 24 13 20 49 46 5 39 17 50 15 59 57 18 23 43 58 11 2 8 41 29 19 16 55 51 60 12 35 42 31 3 53 48 10 22 62 47 40 44 52 32 38 28 6 9 21 4 56 1 54 37 
24 13 62 8 49 56 1 27 3 12 33 46 36 55 44 28 2 6 63 53 37 38 64 4 31 14 34 51 30 48 39 22 32 7 21 61 17 10 20 15 16 26 50 40 43 59 9 45 42 58 54 11 19 18 60 35 57 25 5 29 23 41 47 52 
37 60 53 50 39 55 41 29 32 17 25 23 9 38 2 51 26 62 24 13 10 35 22 14 19 59 16 15 46 6 21 5 33 42 56 44 11 4 49 18 52 12 27 47 54 8 34 64 7 3 1 61 36 57 48 45 58 63 28 40 30 43 20 31 
40 2 44 4 22 15 11 43 8 41 1 60 29 61 30 10 7 54 27 19 55 47 36 33 20 12 25 13 24 28 3 63 52 58 64 23 45 57 31 37 21 32 5 62 6 38 56 51 39 17 53 9 50 59 14 26 34 18 46 49 16 48 35 42 
18 34 45 23 47 38 3 9 62 64 52 59 53 42 21 57 20 1 25 58 28 51 16 31 41 37 40 61 55 35 33 32 30 54 5 22 2 6 26 48 7 29 13 46 11 17 14 19 8 49 43 4 56 63 10 12 36 44 27 50 15 24 39 60 
9 10 55 41 51 59 12 42 35 49 19 15 45 28 47 1 31 27 37 11 20 32 8 22 21 33 18 17 62 29 63 44 46 4 16 39 5 60 40 52 34 36 7 26 56 13 48 2 50 43 25 6 58 61 57 54 38 14 3 24 53 30 23 64 
47 27 16 28 6 30 43 54 36 46 11 51 21 10 5 24 17 59 33 3 63 26 40 1 22 56 38 64 53 41 9 31 48 34 8 18 35 32 7 13 55 4 37 23 52 45 62 25 12 2 14 60 39 20 42 19 61 49 57 44 58 29 50 15 
7 58 35 62 14 5 37 25 16 63 2 29 59 31 39 53 12 49 55 52 56 34 23 36 50 43 60 30 11 32 6 19 42 9 15 54 61 44 10 21 20 38 57 64 41 24 47 3 45 13 48 8 46 33 22 40 1 27 17 28 4 51 18 26 
21 24 2 3 48 11 23 22 4 14 50 42 60 54 8 37 9 44 47 45 7 61 62 30 12 26 46 16 13 58 20 15 53 55 63 59 36 29 57 41 31 18 10 51 32 28 17 39 38 5 49 52 35 1 27 64 19 43 33 25 34 40 56 6 
34 15 20 36 29 44 19 61 27 33 48 22 7 40 41 17 25 60 16 18 6 64 4 39 28 5 47 35 2 52 57 23 3 26 45 49 14 43 24 38 58 21 63 12 30 46 50 1 37 53 51 55 11 62 56 9 59 31 8 54 42 10 13 32 
52 38 40 45 18 60 4 33 13 57 64 12 3 26 34 61 5 15 35 14 58 24 50 41 27 48 54 49 8 55 37 25 19 17 28 31 51 1 2 56 6 43 53 22 42 9 16 11 59 30 10 29 32 23 36 44 21 20 62 39 46 47 7 63 
39 32 1 46 50 8 26 49 55 52 18 56 43 20 23 6 38 19 57 28 21 13 54 53 42 10 61 34 4 24 51 59 12 25 58 11 22 62 30 64 27 40 29 14 35 60 33 44 16 7 63 17 3 47 31 15 2 37 9 5 36 45 41 48 
56 53 57 13 31 63 17 64 30 32 38 62 25 9 58 44 10 2 29 48 51 42 43 46 14 45 3 40 36 7 1 39 37 20 47 27 6 23 50 33 5 8 54 61 59 15 19 49 4 41 28 26 18 34 24 21 60 16 52 11 55 35 22 12 
43 42 17 5 34 20 27 31 23 40 26 7 1 51 14 50 35 33 46 24 13 57 10 62 59 3 39 52 6 45 56 16 29 61 25 58 54 47 18 11 32 55 12 8 49 64 41 63 2 38 21 15 53 30 4 22 9 19 44 37 28 60 48 36 
28 45 12 29 26 19 24 23 20 35 32 13 16 37 6 42 59 4 50 25 8 18 34 55 40 51 44 53 10 5 30 61 39 15 38 60 41 33 9 63 62 46 56 48 17 52 1 36 43 57 7 3 14 31 54 58 47 21 11 22 27 2 64 49 
59 6 38 18 11 22 8 3 44 10 54 41 46 43 57 49 15 16 53 30 64 7 17 26 48 36 32 29 35 33 12 60 51 13 27 45 23 21 52 40 28 50 39 9 34 2 37 61 24 63 62 42 47 5 19 56 20 4 58 1 31 14 25 55 
2 44 54 53 52 62 14 30 38 36 9 25 61 58 27 15 19 31 21 60 32 63 29 28 49 11 55 47 26 13 17 64 56 5 6 42 50 16 37 4 57 51 22 45 7 43 35 33 41 20 8 48 1 40 18 59 3 46 12 23 39 34 24 10 
4 51 15 35 40 16 33 48 47 22 63 30 56 2 52 64 27 36 12 1 43 41 37 45 24 20 50 57 28 46 42 7 44 59 49 3 8 34 32 10 60 31 19 13 14 53 58 21 23 61 9 39 29 25 11 55 5 38 54 17 18 6 26 62 
10 9 7 47 41 57 21 39 28 55 4 11 34 53 17 29 51 58 40 38 52 44 5 54 2 8 19 63 31 23 15 1 62 35 46 30 12 48 14 22 25 3 24 27 18 26 20 42 6 16 36 49 60 64 37 50 56 45 13 32 43 33 59 61 
61 25 36 58 37 32 13 50 24 62 39 3 33 5 19 60 56 42 20 49 2 23 11 48 4 27 22 9 18 21 38 14 7 31 26 43 1 55 64 17 40 10 59 29 47 16 54 6 46 44 34 28 45 51 12 52 41 53 30 57 63 8 15 35 
64 56 63 1 46 49 55 60 12 48 21 8 31 18 45 59 14 61 22 47 39 3 6 9 37 34 58 41 54 62 25 43 36 24 20 2 19 53 28 57 38 30 15 5 23 44 11 4 33 32 17 27 10 26 35 13 50 40 16 51 7 42 52 29 
51 19 43 48 21 58 63 41 5 38 49 61 14 56 3 54 42 32 59 34 11 37 39 64 18 40 52 20 22 9 13 27 26 60 36 55 16 30 44 50 8 35 17 1 4 57 12 7 15 24 23 62 25 28 2 47 45 10 6 31 29 53 33 46 
45 5 25 33 32 23 2 55 51 15 44 37 17 4 26 27 54 13 6 50 62 29 28 35 8 60 30 24 61 56 14 38 20 47 22 1 18 42 34 53 63 16 48 39 36 49 64 46 11 9 31 59 43 21 52 10 7 41 19 3 40 57 12 58 
35 57 49 6 56 40 18 13 29 20 60 1 8 19 10 30 41 48 61 2 16 12 63 23 17 64 31 62 47 39 26 54 43 37 51 21 7 9 46 27 45 15 11 58 28 33 3 32 53 55 38 50 34 36 44 42 25 22 4 59 5 52 14 24 
36 28 61 42 3 64 54 37 40 2 57 18 22 46 25 47 4 55 8 20 15 9 1 43 7 6 41 23 32 34 53 45 38 10 13 29 49 59 35 19 14 60 21 52 24 31 26 50 30 56 16 12 5 58 33 39 62 51 48 63 17 11 44 27 
27 11 31 10 30 34 44 59 45 43 41 24 39 23 53 9 47 38 7 22 46 36 52 40 58 1 42 33 12 25 4 29 28 8 32 48 15 14 56 6 51 20 2 54 19 55 5 62 26 18 57 64 63 3 17 49 35 13 37 16 21 61 60 50 
46 39 60 17 15 14 9 52 50 42 55 32 6 16 7 12 58 56 10 21 31 5 3 25 35 19 11 59 51 63 48 57 23 64 54 33 40 24 62 45 43 53 34 37 44 47 38 18 61 4 22 41 20 27 13 29 28 36 2 30 49 26 8 1 
29 20 4 7 1 53 50 47 11 59 28 33 62 36 35 52 60 18 26 57 49 19 14 24 44 16 5 10 3 37 55 21 2 41 61 17 63 58 12 31 22 13 23 25 27 6 30 9 54 8 32 46 51 45 40 48 43 15 42 56 64 38 34 39 
62 26 8 38 24 12 22 16 64 34 13 31 58 21 63 48 30 53 45 27 44 33 51 17 46 49 15 50 43 2 36 28 11 57 52 5 4 3 25 39 61 56 41 42 29 10 40 59 14 1 60 35 37 19 6 7 54 32 47 18 9 23 55 20 
14 55 41 64 8 52 10 40 48 18 17 47 27 62 43 26 34 37 15 61 59 28 20 12 3 2 49 25 1 53 19 11 22 56 29 9 31 54 21 36 39 44 38 32 60 51 13 30 58 45 46 7 6 24 50 5 63 35 23 42 33 4 57 16 
15 48 21 44 36 31 28 20 22 7 37 45 51 64 55 39 6 35 58 43 23 14 47 5 16 63 8 26 34 10 32 4 57 46 42 12 60 38 17 49 33 61 52 24 62 50 59 29 27 11 30 56 2 9 53 18 13 1 41 19 3 25 40 54 
25 62 13 24 42 45 51 46 41 21 36 58 54 11 33 23 50 52 9 55 38 39 30 19 6 7 57 27 60 14 29 48 35 16 44 20 32 40 15 59 64 34 26 2 3 56 8 5 1 31 4 10 61 43 47 63 17 28 49 53 22 12 37 18 
23 43 30 39 57 7 53 35 52 4 5 14 15 29 56 63 16 24 3 17 60 2 13 42 61 55 36 46 33 40 50 51 1 11 62 25 26 18 45 34 47 19 6 20 58 41 31 54 49 28 44 22 38 12 59 37 32 8 10 64 48 9 27 21 
38 50 6 61 27 4 58 1 53 28 34 2 42 25 32 16 29 11 54 41 57 62 44 8 52 9 59 31 45 22 23 17 10 3 37 51 13 63 33 30 12 49 14 21 48 18 7 43 19 15 35 40 55 60 64 36 24 26 39 20 47 56 46 5 
33 12 29 26 54 47 60 32 9 24 20 6 40 30 1 19 45 10 49 63 27 46 7 21 56 38 37 28 5 44 18 41 8 53 14 4 48 64 55 58 36 57 35 11 22 25 23 15 52 39 3 13 42 16 34 17 51 61 31 43 59 50 62 2 
17 18 34 63 59 3 5 19 57 13 31 50 49 60 46 8 22 51 48 64 33 40 53 56 30 39 12 42 20 54 35 47 27 6 41 28 24 2 43 61 1 9 45 10 16 4 55 37 32 29 26 23 21 14 25 62 15 52 38 7 11 58 36 44 
16 37 11 22 2 9 49 56 10 61 3 38 44 59 12 35 36 25 18 4 26 1 31 32 13 62 24 21 15 64 43 58 47 52 50 19 39 7 5 23 17 28 42 63 40 27 46 53 57 48 20 51 54 41 8 33 29 60 14 34 6 55 45 30 
################proper############## 

 average_time = 3638.917372 

 success runs = 1 

 total average iters = 395606102.000000 
