Success!!! 
 
 max_col = 
 64 
 
 run_time = 
 1357.756476 
 
 once iters = 
 59321907 
 
38 39 59 23 4 10 33 27 50 35 24 26 54 34 30 21 31 64 32 29 16 11 15 53 22 44 49 61 43 2 36 5 55 63 6 1 62 9 17 14 51 18 48 45 25 12 37 52 42 60 13 58 41 7 19 20 56 28 46 47 8 57 3 40 
31 58 8 22 24 25 32 60 13 38 2 27 6 18 39 55 10 28 23 19 63 12 44 14 21 45 53 29 1 4 11 51 64 47 7 42 26 20 56 35 15 50 61 40 57 16 9 5 43 30 36 52 46 17 34 3 62 49 59 41 37 33 48 54 
40 53 16 51 12 18 5 55 31 29 42 15 33 20 1 44 57 46 34 37 49 45 43 9 23 8 17 63 56 24 7 62 19 4 10 21 13 41 48 38 59 36 47 60 58 11 35 3 54 25 39 50 28 2 14 26 22 30 61 64 27 6 32 52 
3 41 37 64 13 43 47 9 57 60 10 63 46 19 4 58 35 40 52 42 56 30 5 27 34 6 55 14 48 20 32 15 50 8 12 11 39 51 61 54 7 53 62 21 26 22 28 2 38 23 44 49 33 16 29 59 18 25 17 1 36 24 31 45 
1 50 15 7 52 63 44 56 17 40 36 62 41 61 53 51 39 59 2 60 6 54 25 8 28 3 38 13 12 42 31 57 49 16 37 45 30 24 43 27 33 29 46 64 20 32 19 34 47 10 35 11 18 21 48 22 9 4 5 55 58 26 14 23 
11 36 57 35 14 19 61 42 16 3 8 43 47 7 5 48 1 24 21 4 50 22 58 62 26 9 46 59 25 64 33 41 31 52 60 28 53 34 18 2 30 17 23 27 63 54 49 55 37 12 56 6 15 32 45 40 51 10 39 13 38 29 44 20 
45 17 46 54 62 48 2 49 25 9 56 11 14 28 37 52 26 51 13 20 3 41 18 7 30 40 47 60 58 50 39 27 5 29 59 32 36 22 23 33 8 38 10 4 6 44 42 31 61 63 24 53 64 1 57 55 19 35 21 34 12 43 16 15 
21 20 30 29 26 34 28 6 12 49 32 22 64 23 59 45 36 61 47 38 55 17 33 48 10 18 52 19 37 35 54 16 46 15 58 40 25 57 3 44 1 13 14 56 43 39 24 41 4 27 31 9 5 51 62 8 53 63 60 7 42 2 50 11 
13 25 19 47 39 11 38 34 4 26 21 42 51 8 63 43 62 60 6 18 30 2 54 59 20 35 15 57 17 27 12 22 24 58 49 37 46 32 50 7 31 16 52 23 55 9 1 28 45 56 5 36 40 44 10 48 3 41 33 29 64 53 61 14 
27 64 36 2 59 55 9 35 53 17 19 61 38 40 18 37 4 12 33 51 25 31 13 32 29 30 26 48 63 54 47 7 45 11 22 62 16 43 14 8 6 10 5 42 60 15 50 57 1 34 3 41 20 46 52 49 23 44 58 24 21 39 28 56 
44 24 29 32 30 46 53 15 59 2 60 9 39 54 12 6 41 20 5 22 37 63 34 3 40 23 25 64 14 55 43 19 4 13 38 31 10 1 21 51 26 48 36 61 62 49 56 27 28 16 57 33 58 42 47 18 52 45 50 35 17 8 11 7 
62 7 10 12 54 4 37 22 45 14 16 58 30 3 64 23 53 39 1 15 48 55 61 52 8 46 44 9 5 60 56 34 47 26 28 41 20 27 57 29 43 63 17 18 33 2 51 25 11 50 59 13 35 24 31 21 6 32 42 49 19 40 38 36 
61 40 58 14 1 42 16 52 33 22 47 31 36 25 56 50 24 17 7 64 8 23 27 57 6 2 10 53 41 49 4 28 35 5 18 3 9 54 12 59 21 39 44 13 45 29 20 11 19 62 32 30 38 63 60 15 48 34 55 43 46 51 37 26 
50 60 6 43 57 3 18 28 24 34 11 41 20 62 48 49 56 19 36 9 46 14 47 10 42 32 39 45 16 52 38 21 33 44 17 23 64 55 63 25 22 7 8 58 40 35 54 59 53 26 4 37 51 12 61 29 31 2 27 30 13 15 5 1 
17 49 41 33 63 56 21 45 44 10 13 52 27 1 32 5 11 29 35 50 28 26 42 58 61 59 36 37 51 3 62 31 48 60 40 53 6 15 2 30 38 47 19 12 24 34 4 46 39 55 64 23 14 8 43 7 25 16 54 22 18 20 57 9 
5 48 26 8 51 20 23 31 29 46 7 55 28 15 57 35 38 21 44 43 40 16 45 49 33 50 1 58 11 13 24 18 39 61 19 52 42 56 34 36 32 14 3 53 41 37 64 30 2 9 25 22 27 6 54 17 59 12 47 63 62 60 4 10 
26 55 50 46 19 35 3 58 62 23 30 13 60 5 36 16 20 14 57 34 2 52 59 45 18 38 54 51 7 53 6 49 11 56 32 64 1 37 22 39 47 4 31 9 17 63 40 48 10 44 28 24 21 29 15 43 42 27 41 33 25 12 8 61 
48 29 12 56 9 22 39 57 52 50 33 10 40 4 26 34 44 35 63 24 64 43 32 51 58 61 8 31 28 14 15 25 7 27 3 47 5 17 16 41 55 62 53 54 19 42 45 21 36 6 18 46 49 59 38 2 37 20 1 60 23 11 30 13 
59 61 28 37 10 27 13 36 19 21 20 44 12 53 58 39 40 41 49 6 7 5 11 30 45 64 62 24 47 17 16 3 8 14 46 48 43 38 9 15 35 34 33 26 23 18 29 51 31 42 63 54 56 60 1 25 50 22 57 32 2 52 55 4 
42 4 64 11 47 8 43 18 38 6 45 49 3 27 51 24 60 50 17 58 21 46 1 13 41 37 59 55 9 22 34 48 25 36 2 63 31 40 62 23 28 56 7 20 10 52 12 32 5 39 30 57 61 33 35 14 54 15 19 44 26 16 53 29 
33 54 1 31 16 21 63 30 9 47 25 7 15 57 14 2 55 27 8 28 62 39 19 18 46 11 20 36 60 23 52 32 6 49 42 44 12 29 59 58 61 22 38 37 5 24 41 43 34 64 26 17 50 53 4 13 10 40 48 51 56 35 45 3 
23 6 20 24 15 40 52 51 63 42 64 37 17 46 55 61 25 56 22 31 26 48 4 12 1 39 50 5 10 29 44 30 60 35 53 33 54 21 19 57 58 49 59 2 27 13 8 16 32 47 9 7 11 3 41 45 43 38 28 62 14 36 34 18 
32 34 25 17 41 62 7 53 43 31 22 28 35 29 8 11 16 23 54 36 33 10 38 61 56 19 21 2 13 57 42 63 26 45 50 20 52 18 24 4 64 1 15 44 30 60 3 14 12 51 40 55 48 58 27 37 5 39 6 46 47 49 9 59 
60 14 2 5 49 44 45 38 1 18 54 59 32 48 41 56 3 42 53 47 15 9 37 29 43 4 33 40 26 12 27 35 10 55 34 61 51 28 30 13 39 25 6 11 50 46 57 36 20 8 52 16 22 62 23 19 17 7 64 21 63 31 24 58 
6 62 42 36 33 39 4 29 3 19 58 64 7 17 35 46 54 5 37 1 47 61 63 2 55 15 11 34 30 38 22 12 59 57 52 60 18 44 45 20 56 9 26 51 32 48 43 8 23 40 27 21 13 10 25 53 14 50 24 31 16 28 49 41 
12 16 34 28 7 47 46 11 22 51 52 24 5 32 60 41 50 43 48 49 39 62 9 64 25 31 23 18 61 6 8 44 37 21 1 56 29 19 54 3 40 15 63 36 4 10 13 45 14 57 58 59 55 38 2 33 26 53 30 17 20 42 27 35 
49 43 54 1 31 14 59 24 20 56 50 6 63 37 13 27 58 36 60 7 23 53 57 34 9 29 5 21 4 10 45 52 22 51 30 46 47 25 55 17 62 44 35 41 42 33 2 64 3 15 11 18 16 26 28 12 61 48 38 40 39 32 19 8 
37 15 45 9 48 53 55 61 23 11 1 57 2 10 62 42 32 16 41 3 27 18 40 21 64 36 14 26 46 63 60 39 12 43 4 38 50 33 28 24 20 31 30 17 59 19 5 47 56 7 49 34 8 54 22 35 13 51 44 58 29 25 52 6 
10 52 3 60 18 64 25 26 54 55 40 21 4 9 45 31 30 38 14 56 51 33 17 22 27 7 41 32 24 59 28 20 13 2 36 16 8 35 39 42 49 61 57 34 53 58 6 50 62 29 37 44 19 48 5 47 1 11 23 12 15 46 63 43 
2 38 23 19 20 13 35 8 14 30 44 16 43 39 33 47 45 15 24 25 31 59 12 26 48 17 56 62 40 37 3 50 63 32 61 34 49 10 58 53 11 28 60 22 46 27 52 29 51 41 6 64 9 4 42 1 36 5 7 57 54 21 18 55 
63 51 27 44 50 30 22 40 49 36 29 8 48 12 34 26 42 10 20 55 35 28 46 6 13 58 19 16 57 43 1 53 15 41 5 9 7 14 64 11 37 21 25 39 54 23 18 38 52 32 60 31 45 61 17 24 47 3 4 56 33 59 62 2 
41 57 32 21 58 5 56 17 28 61 15 18 53 59 38 25 13 11 4 52 44 29 8 19 54 47 35 33 49 51 2 42 62 48 27 6 40 23 26 31 12 3 55 7 14 1 16 24 46 36 43 63 39 20 30 50 45 60 9 37 10 34 64 22 
24 47 22 30 56 37 10 59 46 63 12 40 25 38 52 20 23 1 29 48 11 58 55 41 32 21 60 15 64 8 13 17 54 31 45 51 35 50 44 34 9 6 28 43 49 53 33 62 16 19 42 3 4 36 39 61 27 18 2 26 5 14 7 57 
46 31 11 63 64 54 60 3 8 1 61 29 24 36 17 59 5 34 42 39 45 27 28 44 19 41 18 4 62 16 55 33 58 7 25 22 57 12 40 9 48 32 50 35 2 51 26 13 49 53 20 47 52 14 21 23 38 6 56 15 43 37 10 30 
7 9 13 61 28 57 14 43 42 15 27 35 21 60 47 62 52 32 18 53 12 50 64 36 63 22 37 20 38 46 40 56 1 6 48 5 2 26 49 16 25 30 4 8 39 45 17 10 41 11 33 29 54 34 44 58 24 31 51 59 55 3 23 19 
39 42 18 55 32 49 17 21 48 16 41 14 45 51 23 13 33 25 43 61 57 8 24 63 50 27 3 6 53 44 30 26 36 59 15 29 19 52 4 10 5 60 12 47 56 38 11 22 7 31 1 2 37 40 9 28 46 64 35 20 34 58 54 62 
34 44 4 20 8 41 36 50 26 32 28 5 11 22 31 53 19 2 56 35 17 60 6 15 12 57 7 43 23 61 49 24 21 62 63 27 3 64 42 47 54 55 16 52 29 14 58 37 30 59 10 38 25 18 46 51 33 1 45 48 40 9 13 39 
16 35 40 15 23 38 48 5 7 64 34 56 9 58 6 33 59 26 30 62 4 37 3 54 2 14 51 25 45 39 10 47 17 46 8 18 28 61 32 55 63 20 24 19 36 21 31 1 22 43 50 27 57 13 12 60 29 52 49 53 11 41 42 44 
19 1 51 27 6 29 26 33 10 54 49 2 37 43 50 18 21 9 16 40 20 7 22 47 59 42 48 11 52 31 35 58 14 39 13 30 41 53 38 60 23 64 34 15 3 57 46 44 8 5 45 56 62 55 24 63 4 17 36 28 32 61 25 12 
25 2 53 52 45 58 12 62 30 4 55 39 19 44 3 57 49 31 51 46 10 13 14 38 5 54 29 28 34 36 9 1 23 20 33 43 24 11 37 56 27 42 41 59 18 61 7 40 64 48 17 15 26 35 32 6 60 8 63 50 22 47 21 16 
51 5 31 38 37 9 15 63 61 44 62 33 49 21 40 10 28 48 25 30 1 35 39 4 17 52 12 54 55 56 23 29 34 64 16 19 58 42 27 43 2 24 13 3 11 36 53 20 57 14 22 32 60 45 7 41 8 47 26 6 50 18 59 46 
8 45 7 25 35 52 11 47 41 27 63 54 29 30 28 19 17 18 31 14 22 56 21 42 49 33 16 39 3 5 20 59 38 12 62 36 23 13 60 48 46 37 1 10 61 26 55 4 6 24 2 40 53 50 51 34 64 43 15 9 57 44 58 32 
55 10 48 4 21 12 6 13 18 45 39 51 42 52 25 7 43 8 64 59 32 57 60 5 36 28 2 1 50 11 41 40 3 37 54 26 61 31 53 46 19 27 58 14 44 47 63 23 9 20 16 35 29 15 33 62 30 24 22 38 49 17 56 34 
58 33 49 40 22 28 62 19 34 53 48 23 1 13 2 36 63 47 50 45 54 3 26 11 4 24 6 44 15 18 46 60 32 17 35 57 14 7 25 5 52 59 51 16 64 31 39 9 27 37 38 8 12 43 56 30 55 42 20 61 41 10 29 21 
14 23 39 18 44 32 34 2 58 59 38 47 26 64 16 17 61 7 12 33 52 40 41 24 37 53 9 8 42 25 21 43 51 10 20 55 22 45 1 50 57 54 29 30 35 56 15 6 13 4 46 48 63 49 3 5 11 19 31 27 28 62 36 60 
20 30 17 16 29 59 57 54 6 5 46 32 55 56 43 9 34 49 27 2 53 36 51 37 62 26 31 47 19 48 58 61 44 24 21 4 15 63 11 40 41 8 42 38 22 50 60 7 25 28 23 39 10 64 18 52 12 14 13 3 1 45 35 33 
43 27 60 42 53 26 1 41 37 8 3 50 22 24 11 12 15 6 10 13 29 19 20 46 38 34 64 7 35 32 57 14 2 33 9 49 56 30 47 28 45 40 18 5 48 25 62 17 55 58 21 61 36 31 59 44 39 23 16 54 52 4 51 63 
64 56 61 3 36 24 50 46 15 57 35 4 31 14 20 60 9 62 55 44 58 38 23 16 51 13 45 27 22 30 63 10 52 18 41 39 59 8 29 6 34 12 21 33 28 43 32 49 17 54 47 1 42 19 26 11 7 37 25 2 53 48 40 5 
22 37 9 62 17 33 31 39 2 52 59 30 18 6 46 32 64 45 28 11 14 20 56 1 3 63 43 10 44 47 26 8 61 23 29 50 27 60 7 19 36 41 49 25 13 40 38 54 15 21 34 42 24 57 55 4 35 58 53 16 48 5 12 51 
52 3 43 53 2 16 20 12 47 25 23 17 57 26 24 63 6 37 46 27 13 21 35 31 7 51 42 22 36 62 59 38 18 30 39 58 32 4 15 45 60 19 11 29 34 64 44 56 48 33 8 5 1 28 40 54 49 9 10 14 61 55 41 50 
18 13 24 59 5 6 27 44 56 62 37 60 8 49 9 40 2 55 38 12 41 51 36 23 39 16 28 50 20 19 48 11 42 53 64 54 33 47 10 1 4 35 45 57 15 17 21 61 29 46 14 25 30 22 58 32 63 26 34 52 3 7 43 31 
47 32 63 50 61 7 40 4 35 48 14 3 34 41 15 29 18 52 19 5 9 42 16 33 57 56 13 49 27 21 64 6 20 38 43 12 44 36 8 62 10 23 22 24 31 55 59 58 60 2 51 26 17 37 53 39 28 54 11 45 30 1 46 25 
36 19 55 48 60 51 42 10 64 33 4 12 44 50 22 28 7 57 58 26 59 25 30 40 35 5 61 17 29 45 18 54 56 34 31 14 11 6 46 49 53 2 20 1 37 62 47 39 63 38 41 43 3 52 16 9 21 13 32 8 24 23 15 27 
29 46 38 26 25 45 41 64 11 20 51 36 61 16 21 1 47 54 39 10 60 32 53 17 15 55 34 30 33 58 14 4 28 9 24 59 37 48 35 63 3 52 43 50 8 5 27 12 44 49 7 19 31 23 13 56 40 57 62 18 6 22 2 42 
56 8 21 49 34 1 58 14 27 39 43 53 10 31 7 54 22 44 61 63 24 15 62 50 60 25 32 23 2 40 37 46 57 3 55 13 17 5 41 52 42 51 9 48 16 28 30 26 35 18 12 45 6 11 36 64 20 33 29 4 59 19 47 38 
54 28 35 57 11 15 30 23 55 58 5 45 13 42 19 38 29 4 3 8 34 49 48 43 52 1 24 12 31 41 53 9 40 25 26 2 21 16 51 22 18 33 32 46 7 6 14 63 50 61 62 10 59 47 20 27 44 56 37 36 60 64 39 17 
30 22 47 10 55 60 49 20 21 28 6 25 52 45 29 15 37 3 9 23 5 44 50 39 11 43 40 41 32 26 17 36 16 54 51 24 4 2 31 18 14 46 56 62 1 7 48 42 59 13 53 12 34 27 63 57 58 61 8 19 35 38 33 64 
4 18 33 39 43 31 24 32 60 7 17 34 58 63 42 64 51 30 11 54 38 47 49 56 16 20 22 46 8 15 19 23 41 40 57 25 48 59 52 26 13 45 27 6 12 3 61 53 21 35 55 62 44 5 37 36 2 29 14 10 9 50 1 28 
35 26 14 45 27 50 54 25 40 12 53 48 23 47 49 8 46 33 59 17 36 1 29 20 31 62 63 56 39 9 51 55 43 19 11 7 60 3 5 32 16 57 37 28 52 30 10 15 58 22 61 4 2 41 64 38 34 21 18 42 44 13 6 24 
15 21 44 34 38 2 51 7 39 41 18 46 62 35 61 30 14 22 45 32 43 24 52 25 53 12 57 42 59 33 5 64 29 50 56 8 63 49 13 37 17 58 54 31 47 20 36 60 40 1 19 28 23 9 6 10 16 55 3 11 4 27 26 48 
53 63 52 6 40 23 8 16 5 13 31 20 59 55 54 4 12 58 15 21 19 34 10 28 44 49 27 3 18 1 29 2 9 42 14 17 38 62 33 61 50 26 64 32 51 41 25 35 24 45 48 60 47 56 11 46 57 36 43 39 7 30 22 37 
57 12 62 13 3 61 19 37 36 24 9 38 50 11 44 22 8 53 26 41 42 4 2 60 14 48 30 35 54 28 25 45 27 1 23 10 55 58 6 64 29 43 40 63 21 59 34 18 33 17 15 51 7 39 49 16 32 46 52 5 31 56 20 47 
28 59 5 58 46 36 29 48 51 43 57 1 56 33 10 3 27 13 40 16 18 64 31 35 47 60 4 38 6 7 61 37 53 22 44 15 34 39 20 21 24 11 2 55 9 8 23 19 26 52 54 14 32 30 50 42 41 62 12 25 45 63 17 49 
9 11 56 41 42 17 64 1 32 37 26 19 16 2 27 14 48 63 62 57 61 6 7 55 24 10 58 52 21 34 50 13 30 28 47 35 45 46 36 12 44 5 39 49 38 4 22 33 18 3 29 20 43 25 8 31 15 59 40 23 51 54 60 53 
################proper############## 

 average_time = 1357.756476 

 success runs = 1 

 total average iters = 59321907.000000 
