Success!!! 
 
 max_col = 
 64 
 
 run_time = 
 1451.717825 
 
 once iters = 
 61664089 
 
47 53 60 57 4 20 3 50 37 14 2 10 25 29 34 6 41 23 45 36 15 55 8 49 19 42 56 18 35 59 64 16 7 22 61 43 40 52 33 38 21 51 17 9 27 63 58 46 62 12 1 48 32 39 31 5 44 24 28 26 13 11 54 30 
46 45 42 16 17 27 34 39 30 26 55 40 64 47 5 11 24 21 56 33 37 54 53 14 10 62 4 2 6 51 22 31 59 20 8 25 50 1 13 63 7 23 28 38 15 48 36 32 3 19 41 18 44 9 58 35 57 61 12 43 49 29 60 52 
33 24 10 38 6 43 25 28 59 20 58 9 49 12 31 7 60 32 48 63 11 5 26 62 13 36 44 27 14 8 34 23 16 51 55 53 35 3 2 46 42 39 47 45 61 50 57 41 52 56 30 29 40 54 17 37 18 21 4 64 15 19 22 1 
56 2 31 5 23 30 19 40 52 41 35 51 63 60 48 62 44 38 20 18 57 39 34 4 46 53 21 28 50 49 1 61 37 58 17 14 36 15 26 42 29 3 24 11 54 12 22 6 64 16 8 55 13 43 25 10 32 47 9 27 59 7 45 33 
54 21 32 35 36 64 15 52 19 44 53 61 27 8 24 43 22 28 2 1 59 12 51 58 9 63 7 47 60 3 40 37 62 29 30 45 41 49 23 5 13 10 4 18 14 34 25 20 26 50 11 33 38 42 6 57 39 17 16 48 31 46 55 56 
1 12 13 7 55 59 14 37 17 18 36 28 45 39 50 57 52 46 16 42 9 29 25 64 38 48 11 33 30 26 24 54 4 27 47 34 56 60 32 31 19 53 8 62 44 43 40 35 61 63 15 23 21 22 49 51 2 41 3 20 10 5 6 58 
26 8 61 18 48 11 29 49 23 4 54 42 22 46 15 13 7 31 50 6 10 19 3 17 20 32 39 25 58 5 41 43 24 28 44 64 57 21 12 9 33 16 30 56 1 59 52 55 45 34 14 27 2 36 47 60 63 53 35 40 38 37 51 62 
22 41 62 44 63 51 58 9 3 32 21 33 1 56 38 16 43 13 61 27 47 40 30 35 52 12 29 55 17 45 15 57 11 39 18 19 54 6 10 48 31 60 37 26 5 49 64 2 20 53 4 28 46 59 24 7 34 25 14 8 50 36 42 23 
53 30 25 21 29 1 54 17 34 57 63 15 36 14 6 32 39 7 38 8 45 9 52 12 35 47 40 60 43 2 61 13 48 64 58 31 23 5 42 27 37 44 56 55 46 22 4 28 16 10 26 3 49 18 19 33 51 62 20 50 11 24 41 59 
27 48 9 47 43 40 13 44 54 28 38 25 53 33 45 24 62 22 49 59 55 1 29 20 41 17 46 10 19 63 39 51 36 37 7 35 8 56 14 6 52 18 11 32 50 26 42 16 23 4 57 31 5 61 21 34 3 2 30 15 60 12 58 64 
49 39 56 4 59 7 11 64 12 60 13 41 55 20 8 27 53 5 18 51 50 31 44 46 36 3 62 23 42 16 33 48 30 19 57 10 32 28 47 24 15 1 58 63 45 25 29 21 2 9 52 14 17 38 54 40 35 43 22 37 34 26 61 6 
3 22 20 33 12 57 50 15 61 42 18 19 2 59 7 46 40 34 27 17 26 64 11 30 54 14 5 4 32 24 29 56 53 45 52 41 21 9 63 1 10 8 49 43 60 35 48 38 37 39 47 62 58 51 13 6 16 55 31 25 44 23 28 36 
55 42 2 23 61 8 32 60 51 11 22 16 62 40 4 35 6 10 47 28 54 37 21 41 1 20 52 58 31 38 26 44 46 25 34 15 43 12 3 18 5 27 53 14 64 30 24 7 63 29 48 45 59 56 50 36 33 19 49 39 17 13 57 9 
6 18 35 37 5 10 16 62 1 47 31 26 9 48 29 23 58 14 36 2 19 43 24 32 28 11 30 53 64 22 57 55 50 13 59 4 49 61 38 33 3 40 54 34 51 41 39 17 42 44 25 15 20 60 46 12 52 27 8 45 7 63 56 21 
52 19 45 36 14 58 24 38 64 37 17 39 30 3 56 10 33 63 4 61 23 15 16 13 34 8 25 9 7 50 21 49 29 55 20 54 51 26 60 44 12 2 62 57 6 47 31 59 41 28 27 32 22 11 35 43 5 46 1 42 53 40 48 18 
41 46 28 51 31 63 26 34 5 49 44 21 52 43 58 50 56 25 42 57 60 48 35 3 18 45 15 6 12 37 59 27 17 16 39 40 22 2 62 11 20 36 33 23 13 61 9 19 1 7 64 8 30 53 55 24 54 10 29 32 47 14 4 38 
59 23 3 55 44 14 63 19 7 27 26 24 42 57 52 41 36 1 40 49 48 50 31 10 21 2 37 15 51 43 4 28 5 33 12 6 47 35 54 62 60 45 38 17 11 46 8 18 22 25 29 16 39 34 64 30 20 9 61 58 56 53 32 13 
11 62 57 26 8 37 39 42 40 54 56 50 32 19 36 61 4 60 59 46 3 20 63 24 29 7 33 5 27 9 58 6 14 49 25 16 34 51 53 43 23 48 22 21 10 64 2 1 18 13 17 44 15 55 41 31 12 30 45 38 52 28 47 35 
32 5 18 43 50 29 38 31 35 6 37 23 21 22 9 30 55 61 17 44 2 51 54 52 40 64 24 26 20 12 56 45 13 11 1 48 19 42 8 39 28 41 57 47 34 14 3 33 49 58 60 63 36 4 62 53 10 15 25 7 16 59 27 46 
9 27 64 48 25 36 7 2 45 12 47 62 58 10 49 33 29 16 34 21 6 56 15 39 60 35 22 17 38 61 8 18 63 23 28 32 31 55 20 26 54 30 40 50 53 24 13 51 11 46 43 42 1 37 52 59 41 5 19 14 4 57 44 3 
13 1 51 54 28 15 61 58 63 48 46 8 59 5 17 18 38 11 41 23 27 32 57 37 53 39 50 44 34 10 3 25 56 4 22 7 30 40 21 52 43 35 19 49 16 42 20 9 14 2 12 6 33 47 45 26 24 29 60 62 64 55 36 31 
30 33 46 20 45 12 53 21 25 31 51 64 28 16 60 34 42 19 8 35 14 58 13 22 32 52 54 11 62 57 47 41 38 61 9 24 15 36 59 10 55 4 63 6 37 29 5 44 50 3 40 56 27 48 7 23 1 26 2 18 39 49 43 17 
4 16 22 10 40 35 41 6 44 53 3 43 13 1 11 38 5 47 62 26 12 28 18 45 49 55 31 14 59 36 48 30 64 2 60 46 29 58 50 17 56 25 61 39 52 7 27 15 19 24 51 21 57 20 32 9 8 33 37 63 23 54 34 42 
60 47 17 34 24 52 49 56 39 55 29 4 20 2 14 15 25 64 43 9 53 30 7 33 63 1 23 13 16 42 46 19 44 3 41 27 45 18 37 57 26 12 59 36 58 32 62 31 38 54 5 35 10 28 8 61 40 51 21 22 48 6 50 11 
64 15 7 27 11 39 37 8 58 50 61 22 60 55 35 59 13 9 52 4 30 49 36 34 6 46 17 19 63 31 5 33 40 43 24 20 14 62 57 51 1 42 16 53 23 38 56 12 54 18 28 10 48 32 29 2 45 3 26 47 21 44 25 41 
31 43 52 45 54 19 33 48 62 3 42 1 47 51 30 28 12 2 26 58 24 11 37 15 59 25 27 41 56 64 13 21 34 18 29 63 6 10 44 32 36 7 39 5 49 17 60 40 8 57 35 61 4 16 23 22 38 14 55 53 20 9 46 50 
21 4 29 14 9 23 59 55 32 34 12 38 17 44 57 40 8 39 28 64 46 3 47 16 26 61 10 37 18 62 2 52 49 48 31 5 7 19 35 41 50 15 20 33 22 13 6 43 58 51 63 53 42 25 30 45 27 11 36 60 24 56 1 54 
50 49 53 41 18 6 56 61 36 24 19 11 16 4 33 39 21 43 22 10 32 63 14 7 47 54 8 42 1 48 20 60 3 46 15 55 27 37 64 13 45 26 34 30 31 2 28 25 44 17 9 59 62 12 38 52 23 58 57 29 35 51 40 5 
35 40 47 32 26 17 46 10 8 21 27 29 7 64 23 49 50 6 44 55 31 53 19 25 14 30 38 39 45 58 43 9 61 60 16 12 1 22 4 56 62 54 18 59 57 3 51 48 5 41 24 36 37 13 11 20 28 63 42 34 2 33 52 15 
62 51 1 58 57 2 5 20 31 63 48 54 10 37 46 52 45 59 35 40 38 18 61 42 12 24 28 34 29 23 36 3 21 47 26 39 25 30 11 53 9 19 41 64 8 44 55 14 56 15 33 60 50 49 43 27 7 16 6 4 32 17 13 22 
16 63 30 12 3 38 42 24 20 56 43 13 18 53 25 9 27 51 57 41 5 33 60 23 11 22 32 40 15 7 44 50 28 17 36 2 59 54 52 45 61 37 35 4 47 58 10 29 34 14 21 46 6 1 26 55 19 64 39 49 62 8 31 48 
28 25 44 13 34 60 22 36 41 15 5 6 14 45 26 2 17 54 29 56 1 62 20 48 16 57 55 51 53 35 49 4 42 50 23 33 58 38 9 8 27 32 21 46 24 52 63 11 39 40 19 47 7 31 3 64 59 18 10 30 37 43 12 61 
17 3 8 1 56 5 51 53 48 16 20 32 46 49 18 58 31 62 15 22 13 42 59 29 64 28 2 54 41 55 63 12 9 57 37 11 10 45 61 23 47 43 36 40 39 27 44 26 24 52 50 34 19 14 4 21 30 60 33 6 25 35 38 7 
61 13 6 15 60 9 12 41 47 10 14 27 50 24 22 36 23 56 53 54 21 4 43 51 45 19 20 30 44 18 37 29 39 59 42 62 38 63 17 40 57 11 1 7 2 16 49 8 35 32 46 25 55 33 5 58 48 52 34 3 28 31 64 26 
20 54 4 24 19 34 10 57 60 62 30 37 33 38 51 45 35 58 14 11 52 7 9 26 8 27 59 21 22 47 50 5 18 36 46 44 28 29 1 12 53 17 64 25 48 6 61 56 31 43 3 49 63 40 2 16 55 39 13 23 41 42 15 32 
23 31 55 11 52 33 64 25 21 59 39 57 54 6 2 63 46 41 12 3 36 61 1 38 42 56 48 35 13 34 60 58 15 7 4 49 16 50 43 22 18 14 5 28 9 10 32 24 51 27 44 30 53 26 20 8 17 37 40 19 45 62 29 47 
7 36 59 63 49 45 47 22 55 17 28 12 61 9 40 4 2 30 19 34 33 44 5 27 57 16 53 32 39 6 31 38 41 35 13 3 26 24 25 21 51 62 15 58 20 23 37 52 60 1 42 64 56 29 18 48 11 50 46 54 43 10 14 8 
39 14 58 40 42 18 43 32 15 1 64 44 31 52 19 56 20 55 37 50 25 24 28 60 61 26 9 62 33 17 23 46 47 53 48 8 2 27 6 30 35 29 3 22 41 21 34 13 57 36 38 54 45 7 10 11 49 59 63 16 12 4 5 51 
44 35 26 29 16 21 62 27 42 43 25 34 8 41 13 5 49 57 32 48 63 10 17 40 3 15 36 7 11 4 51 24 54 14 33 52 64 31 55 58 46 50 45 19 38 60 12 30 28 6 59 37 47 23 22 39 61 56 18 2 9 1 20 53 
2 37 50 30 38 48 28 46 29 23 11 53 35 7 3 26 64 18 39 47 16 6 45 8 25 49 43 1 52 14 10 40 51 56 32 60 5 20 34 19 63 59 31 54 42 55 33 4 9 61 62 13 41 15 12 17 58 57 27 21 36 22 24 44 
34 17 33 2 30 16 27 18 49 13 4 46 29 58 47 60 3 26 64 32 7 59 41 36 55 44 45 43 23 19 38 20 12 15 56 22 42 8 31 14 40 52 10 24 35 11 21 50 6 48 39 1 9 62 37 54 25 28 5 51 63 61 53 57 
12 38 43 49 39 28 44 13 18 19 7 14 5 34 42 25 51 50 11 24 61 60 58 53 17 37 41 56 10 52 16 59 6 62 21 29 33 64 45 35 32 20 9 15 4 54 26 57 27 8 36 22 3 2 63 46 31 48 47 1 40 30 23 55 
42 52 19 50 51 22 57 3 16 64 9 35 12 11 28 55 15 33 21 29 40 45 10 31 24 13 60 8 47 53 62 14 27 38 2 37 48 7 58 54 30 63 25 1 43 36 46 5 32 26 61 20 23 17 56 4 6 34 59 44 18 41 39 49 
36 32 48 62 64 54 35 59 56 22 57 3 37 61 41 53 30 12 6 19 20 17 42 47 5 29 26 46 49 15 25 2 23 34 43 1 63 11 51 55 39 28 44 27 33 31 7 45 10 60 58 40 18 52 14 50 21 13 38 24 8 16 9 4 
58 10 40 56 20 4 6 63 26 30 50 45 43 21 1 44 57 48 23 13 8 16 39 5 51 9 12 64 3 54 11 22 32 52 49 36 17 25 46 28 14 34 2 61 18 37 38 47 53 42 55 41 31 24 59 15 62 35 7 33 29 27 19 60 
14 11 15 25 21 41 23 1 33 51 10 48 38 17 54 31 18 35 55 52 34 27 46 2 39 40 63 50 28 30 32 7 57 9 5 47 61 4 24 20 58 64 6 8 62 53 59 60 43 49 13 19 12 44 16 29 26 42 56 36 22 45 3 37 
29 60 5 31 46 53 9 7 24 36 52 2 39 62 27 8 37 4 1 43 28 38 49 63 48 58 34 57 61 21 6 42 26 10 40 59 18 44 19 16 22 13 23 12 55 56 41 3 30 47 45 51 35 64 33 25 15 54 32 17 14 50 11 20 
45 61 37 8 47 24 55 26 6 40 59 63 15 23 32 20 54 44 25 62 56 14 22 9 4 33 1 31 36 27 18 35 60 41 3 30 53 13 39 50 16 49 48 51 29 19 17 42 21 11 7 5 34 57 28 38 43 12 58 52 46 64 2 10 
57 58 21 52 53 26 45 16 43 38 23 49 44 36 59 22 28 29 10 31 39 46 33 19 15 51 6 12 5 32 7 63 20 42 14 50 4 47 41 3 17 56 55 60 25 8 35 61 48 62 54 2 64 30 27 13 37 40 11 9 1 34 18 24 
63 55 54 60 7 47 40 35 28 25 1 30 56 13 61 19 16 24 5 12 22 34 6 57 50 10 58 38 4 20 14 11 45 44 51 17 37 53 36 29 64 21 26 2 59 18 43 23 15 33 32 39 52 8 9 41 46 49 48 31 42 3 62 27 
24 59 49 19 1 25 31 29 9 45 6 58 41 27 12 54 32 53 60 38 35 2 64 11 62 21 13 61 48 39 30 17 8 5 10 26 46 43 18 34 44 57 42 16 3 15 14 37 36 20 22 7 51 50 40 63 47 4 23 56 55 52 33 28 
38 50 34 22 41 46 18 14 57 33 15 52 4 35 62 17 59 8 58 37 43 36 48 55 2 31 64 3 26 56 19 47 1 6 27 61 60 23 28 49 11 24 32 20 40 9 30 39 29 45 16 12 25 5 44 42 53 7 51 13 54 21 10 63 
37 6 11 28 33 32 30 4 14 2 60 31 34 50 20 42 63 17 13 7 41 21 40 56 44 18 16 24 54 46 27 8 35 12 19 9 55 48 15 25 49 22 51 52 36 62 1 10 47 59 23 43 61 58 53 3 29 45 64 5 57 38 26 39 
48 44 39 9 15 61 20 43 10 7 8 18 40 32 64 3 47 42 54 14 51 26 4 50 22 23 35 45 55 41 52 53 2 21 62 13 24 57 56 59 34 5 27 29 28 33 19 63 46 37 31 38 11 6 1 49 60 36 17 12 58 25 30 16 
5 64 23 42 62 13 36 51 46 39 24 55 48 63 37 21 9 49 3 15 44 52 27 1 43 59 57 29 25 40 28 34 22 30 54 58 11 33 16 7 6 38 50 31 12 45 47 53 17 35 56 4 26 10 60 18 14 32 41 61 19 20 8 2 
10 56 27 17 2 3 8 12 11 5 16 47 51 26 53 29 61 45 30 20 62 25 23 18 37 60 49 36 9 33 42 1 31 32 63 38 52 39 40 64 41 46 13 48 7 4 54 58 55 21 34 24 14 19 57 28 50 22 44 59 6 15 35 43 
15 20 38 3 32 50 1 45 53 8 33 60 19 18 16 51 14 52 24 5 4 13 12 21 56 6 42 48 40 25 9 26 10 63 64 28 39 46 30 36 2 55 43 37 17 57 23 54 59 31 49 11 29 35 61 47 22 44 62 41 27 58 7 34 
51 28 63 59 27 44 60 23 4 46 32 7 11 42 39 48 10 36 9 45 17 41 55 54 58 43 19 20 2 1 12 64 25 31 35 18 62 16 22 15 38 61 29 3 56 5 50 49 33 30 6 52 24 21 34 14 13 8 53 57 26 47 37 40 
43 34 12 64 35 55 4 30 13 52 49 56 57 31 44 37 11 40 46 16 18 47 32 6 23 41 14 63 21 29 45 15 33 54 38 42 9 59 27 61 24 58 60 10 19 1 53 22 7 5 2 26 8 3 39 62 36 20 50 28 51 48 17 25 
25 57 36 61 10 42 17 11 22 9 41 59 23 54 55 14 26 15 7 39 29 8 2 43 30 38 3 49 46 13 53 62 58 24 45 51 20 34 5 47 4 6 12 44 32 28 18 27 40 64 37 50 16 63 48 1 56 31 52 35 33 60 21 19 
19 7 14 46 37 31 2 33 38 29 62 17 3 25 21 1 34 20 63 30 42 22 50 61 27 4 18 59 24 44 54 36 55 40 11 57 13 32 48 60 8 47 52 35 26 51 16 64 12 23 53 58 28 41 15 56 9 6 43 10 5 39 49 45 
18 26 24 39 22 62 52 54 27 58 34 5 6 28 63 64 1 3 33 60 49 35 56 44 31 50 47 16 37 11 17 10 19 8 53 21 12 41 7 4 48 9 14 13 30 40 45 36 25 38 20 57 43 46 51 32 42 23 15 55 61 2 59 29 
40 29 16 53 58 56 48 47 50 35 45 36 26 15 10 12 19 37 51 25 64 57 62 28 33 5 61 52 8 60 55 39 43 1 6 23 3 17 49 2 59 31 7 41 21 20 11 34 13 22 18 9 54 27 42 44 4 38 24 46 30 32 63 14 
8 9 41 6 13 49 21 5 2 61 40 20 24 30 43 47 48 27 31 53 58 23 38 59 7 34 51 22 57 28 35 32 52 26 50 56 44 14 29 37 25 33 46 42 63 39 15 62 4 55 10 17 60 45 36 19 64 1 54 11 3 18 16 12 
################proper############## 

 average_time = 1451.717825 

 success runs = 1 

 total average iters = 61664089.000000 
