Success!!! 
 
 max_col = 
 64 
 
 run_time = 
 955.162804 
 
 once iters = 
 41373646 
 
47 60 31 37 1 33 5 2 17 58 38 40 57 4 12 41 9 6 26 11 32 10 21 52 50 25 54 48 44 15 22 14 49 42 13 35 30 20 45 23 8 63 3 53 61 27 7 16 34 36 64 51 62 56 59 19 18 46 28 55 24 29 39 43 
51 52 23 54 34 49 61 25 39 59 18 20 19 55 7 31 12 45 14 3 8 13 46 48 27 36 17 29 26 56 38 24 11 58 44 28 50 40 64 5 9 32 30 47 62 4 6 22 37 41 60 15 43 53 35 33 1 10 57 2 63 16 42 21 
7 64 12 57 6 46 44 10 13 16 25 3 37 2 34 1 54 38 42 53 36 19 27 62 4 35 40 51 41 8 45 9 21 56 32 15 63 47 55 29 52 59 60 43 17 31 49 39 61 18 26 14 48 28 24 22 58 33 11 50 23 5 20 30 
28 19 29 50 9 35 20 42 27 56 64 15 24 32 21 43 30 7 5 63 2 51 16 49 39 55 53 33 11 52 60 34 22 26 10 61 62 18 31 4 14 36 58 45 44 48 13 37 54 38 23 46 3 1 8 57 41 6 12 25 59 40 47 17 
36 39 13 32 45 62 24 8 10 50 30 48 61 46 42 63 40 60 37 28 29 20 15 43 7 21 49 59 57 12 31 64 53 51 27 38 17 2 19 33 56 11 1 55 41 25 23 18 9 5 58 47 6 44 16 52 22 26 4 34 14 3 54 35 
16 41 30 26 21 14 27 43 53 22 33 60 52 28 51 23 25 31 55 64 47 17 1 4 37 18 19 3 58 20 32 62 39 57 34 6 12 59 7 9 35 2 54 15 42 5 24 46 40 45 29 10 11 49 63 50 36 8 38 48 61 44 56 13 
15 53 11 4 18 55 17 38 9 29 5 36 14 45 44 6 61 22 24 59 50 35 56 58 28 16 30 63 43 10 47 23 8 3 41 1 52 46 48 54 26 34 64 40 21 57 51 33 25 2 7 42 20 39 13 12 60 32 19 49 37 62 27 31 
58 3 40 56 59 48 22 63 54 62 49 47 35 26 8 11 33 34 39 41 23 44 57 18 5 13 6 2 46 61 42 1 16 24 37 25 60 43 14 36 12 28 10 19 38 50 20 29 17 27 32 55 31 4 30 21 9 51 7 15 52 45 64 53 
8 22 4 60 2 3 16 1 56 5 20 25 58 39 61 7 62 13 59 51 18 48 42 6 36 45 44 11 15 63 24 40 64 32 46 50 38 34 9 10 41 26 23 21 47 53 35 52 43 29 37 33 55 31 49 30 27 28 17 19 54 57 12 14 
38 33 18 45 44 5 32 55 30 8 15 29 43 19 3 52 41 1 35 57 31 27 10 24 21 42 34 49 16 50 13 48 12 17 6 7 28 54 63 56 37 58 59 46 60 2 25 62 51 11 47 36 14 61 26 9 39 4 40 22 20 64 53 23 
43 61 49 27 42 25 41 48 38 37 57 35 59 50 1 54 15 17 21 55 12 46 52 19 53 60 18 28 2 9 33 56 4 11 39 26 22 14 47 20 44 16 51 7 30 32 40 3 24 6 34 23 45 63 58 64 5 29 8 62 13 36 31 10 
14 7 20 31 35 30 13 62 63 26 36 22 51 10 9 17 8 64 45 60 3 28 4 47 32 12 25 54 19 6 52 61 40 37 48 23 49 58 15 53 27 57 56 29 1 34 11 42 38 16 39 59 5 50 44 46 33 2 55 24 43 41 21 18 
57 29 28 36 10 63 19 23 55 32 11 44 4 62 14 60 7 26 49 2 16 22 50 30 43 64 27 46 39 5 58 51 61 31 45 21 59 42 33 18 6 17 20 13 8 24 15 12 1 40 56 48 41 3 53 54 52 9 37 35 25 38 34 47 
24 17 21 39 40 51 56 59 64 48 6 16 33 53 47 13 20 61 23 34 9 37 29 54 3 26 41 4 8 31 1 35 44 43 52 5 19 60 30 27 36 14 28 10 55 38 50 45 18 25 42 22 2 12 57 62 7 58 32 11 46 49 63 15 
64 11 50 6 53 26 47 12 46 23 31 21 41 34 49 27 5 14 58 43 39 40 36 38 57 30 37 22 59 17 62 10 25 2 29 3 55 8 35 24 19 9 33 63 54 18 48 4 32 13 28 60 52 7 15 20 61 44 51 56 42 1 45 16 
9 58 37 15 54 52 34 46 24 42 45 18 28 12 40 2 11 33 63 25 53 56 32 44 38 47 29 55 23 7 14 20 1 41 62 57 16 36 13 51 31 22 39 5 49 43 61 64 21 10 19 35 17 8 27 4 26 60 48 6 50 30 59 3 
2 24 63 17 27 19 62 28 44 46 16 52 9 48 30 42 3 59 13 36 54 8 51 5 45 50 61 56 34 47 7 15 26 20 31 43 23 4 38 40 33 39 57 22 64 21 10 49 14 53 35 32 58 6 18 37 11 12 29 60 41 55 1 25 
11 25 38 10 33 18 3 64 19 53 39 43 40 41 57 20 2 44 1 37 46 42 9 22 58 8 48 12 24 32 4 21 17 45 60 47 6 5 49 35 59 54 26 14 23 55 56 28 7 52 31 27 29 13 34 15 30 36 61 63 62 51 16 50 
23 49 36 46 8 59 60 57 6 18 27 7 29 3 15 25 26 19 56 35 11 43 20 40 52 37 64 42 13 44 41 2 9 12 33 30 1 55 54 16 63 51 62 50 31 45 38 34 22 4 24 17 61 21 10 5 32 39 53 47 28 48 14 58 
44 55 9 21 56 50 1 14 49 11 4 64 2 47 28 33 63 23 27 61 48 6 58 15 16 29 46 39 40 57 3 18 13 25 59 10 24 41 62 32 17 35 53 36 7 60 8 30 19 51 45 38 12 20 54 26 42 5 31 37 22 34 43 52 
35 45 34 61 16 6 39 26 58 12 54 5 32 22 38 14 17 25 7 52 57 33 47 41 10 20 63 31 62 30 9 55 37 36 51 44 21 64 53 28 3 27 18 1 29 13 43 11 59 56 50 2 49 42 48 60 4 23 46 40 8 15 19 24 
13 40 58 41 48 15 37 5 34 21 23 31 1 56 50 36 28 32 12 38 14 24 62 64 26 51 60 53 49 54 35 11 7 27 22 18 61 19 29 42 4 44 46 6 25 52 16 47 63 9 30 8 39 55 43 3 20 59 10 33 2 17 57 45 
20 31 53 51 30 7 12 52 45 24 60 62 55 63 13 59 49 18 29 10 34 4 39 21 23 5 38 43 33 27 17 22 15 46 50 11 14 48 8 58 32 19 61 42 40 37 41 2 57 1 25 44 16 36 47 28 3 56 54 26 35 9 6 64 
32 47 54 42 4 22 43 29 26 35 61 37 17 51 10 8 31 50 30 16 45 60 55 53 19 59 28 14 25 1 6 36 34 52 3 63 2 56 39 57 20 24 5 12 15 58 9 48 64 33 62 11 40 46 23 41 13 18 49 7 27 21 44 38 
10 37 32 48 41 39 36 27 60 57 51 61 63 31 52 46 14 24 62 8 5 50 33 26 1 43 23 30 35 2 25 49 6 55 58 34 45 22 4 44 38 21 15 56 16 42 53 17 12 19 11 3 7 54 9 13 47 40 20 64 29 28 18 59 
63 26 15 12 13 31 50 17 62 38 47 42 25 37 33 53 34 49 18 48 44 54 6 11 8 39 57 60 21 24 51 41 28 10 35 29 7 27 32 59 5 40 55 61 43 3 45 23 30 64 14 16 56 22 20 36 2 1 52 58 19 4 46 9 
21 56 42 2 38 58 18 60 48 34 9 10 5 44 22 40 1 41 16 12 59 61 64 36 29 63 4 26 54 14 37 47 3 30 8 52 31 62 46 19 24 33 13 32 20 6 28 35 53 50 55 25 15 51 17 49 45 7 43 27 57 23 11 39 
53 23 64 62 24 57 49 4 14 3 56 8 20 11 16 39 37 21 15 58 43 30 28 7 18 6 22 34 9 19 55 46 2 40 38 48 13 50 25 41 51 1 47 31 36 29 52 44 35 61 10 26 59 33 45 27 54 63 5 42 17 12 32 60 
59 43 5 34 14 1 6 47 35 2 50 4 23 30 32 64 45 20 19 46 27 29 3 63 15 7 56 13 52 58 61 28 60 9 53 37 51 11 17 49 18 12 25 26 39 54 22 10 62 8 44 40 57 38 41 42 24 31 16 21 36 33 55 48 
54 30 46 25 19 45 9 44 41 28 7 55 18 36 26 58 53 57 4 47 40 32 22 39 12 31 20 17 27 42 48 33 23 64 16 24 43 61 56 15 49 50 8 11 2 59 62 63 5 60 52 21 37 29 1 34 6 35 14 38 3 13 10 51 
55 51 61 8 28 29 52 40 12 19 24 6 54 59 17 49 10 56 9 13 35 2 25 42 64 11 32 38 3 36 16 45 20 5 26 33 47 21 1 14 7 46 4 34 57 41 27 60 39 63 18 58 23 43 31 48 37 53 44 30 15 22 50 62 
3 16 22 35 7 20 11 33 15 45 29 1 13 43 27 21 23 55 38 31 51 52 17 60 40 44 59 50 5 62 10 53 54 18 63 42 36 12 57 39 64 48 9 37 58 19 30 14 47 46 6 28 32 2 4 24 25 34 41 61 49 56 26 8 
19 9 33 55 32 10 14 3 61 41 42 58 47 40 31 12 27 4 54 62 60 15 59 37 34 48 36 57 64 21 20 16 46 49 56 13 29 26 22 8 43 5 6 23 11 1 63 25 28 24 2 18 30 17 38 53 51 52 39 45 44 50 35 7 
49 2 47 58 29 27 57 35 23 14 44 59 48 52 20 26 13 46 17 1 33 36 63 9 60 32 8 18 51 39 40 4 30 54 43 64 53 31 37 11 45 42 7 24 34 16 19 50 56 62 12 41 25 5 55 6 38 3 15 10 21 61 22 28 
62 8 59 7 43 28 48 56 51 64 3 9 34 6 35 24 22 2 52 44 30 57 31 29 13 41 11 37 45 46 5 19 32 21 47 20 15 25 42 38 53 49 17 60 4 26 14 36 10 23 61 39 50 27 40 63 12 16 33 18 1 54 58 55 
6 21 39 30 36 13 40 22 4 60 32 19 8 27 62 50 58 48 25 18 61 23 45 35 47 38 42 7 10 28 54 29 14 33 55 16 41 24 51 34 57 56 12 2 3 20 46 15 31 44 9 43 1 11 52 59 53 64 63 17 26 37 5 49 
26 1 24 5 15 44 4 16 7 36 13 54 21 57 55 29 56 42 64 19 41 49 38 51 25 53 2 52 14 59 63 17 18 28 23 12 39 9 50 3 10 30 35 58 37 61 33 27 8 32 48 20 47 34 22 45 62 11 6 43 40 31 60 46 
37 34 17 20 51 38 64 54 43 63 1 46 56 49 18 30 21 8 11 14 10 53 40 12 9 22 3 58 50 35 26 6 59 61 19 2 57 52 5 45 29 41 31 62 28 39 44 55 15 7 13 4 33 60 42 16 48 47 24 36 32 25 23 27 
25 63 41 52 60 12 42 31 11 17 53 38 16 33 45 15 39 28 32 6 20 26 5 50 30 24 55 62 61 23 56 43 27 48 1 36 58 10 44 7 54 64 40 18 59 22 47 51 46 49 57 37 21 14 3 35 29 19 2 9 4 8 13 34 
46 18 45 53 50 61 23 11 22 25 28 39 10 5 2 37 43 16 3 7 55 47 24 34 49 1 12 15 31 33 27 44 63 6 17 4 40 35 60 62 21 13 38 52 48 8 32 9 58 26 51 54 19 64 36 29 14 42 30 59 56 20 41 57 
1 38 26 18 31 24 28 21 40 20 14 12 3 64 53 32 47 52 36 29 25 34 43 55 2 27 45 35 56 49 57 37 48 7 42 54 8 13 59 6 11 62 16 41 51 9 39 19 44 17 5 30 63 15 50 58 23 22 60 46 33 10 61 4 
30 57 51 63 22 17 45 19 42 54 48 2 50 13 39 4 60 11 31 21 64 7 41 46 33 62 15 23 55 16 8 3 24 29 9 49 44 1 10 25 61 52 43 27 35 14 26 59 6 28 40 34 53 32 37 18 56 38 58 5 12 47 36 20 
60 36 55 44 37 42 15 9 31 30 46 41 62 29 59 45 57 12 22 26 56 1 49 10 6 17 50 61 63 48 21 58 43 34 20 19 35 33 40 2 28 18 32 64 5 23 4 38 13 39 16 52 54 47 14 51 8 24 25 3 53 27 7 11 
56 46 14 3 61 41 33 50 5 43 52 26 7 15 11 28 35 37 48 54 4 9 53 23 20 34 51 10 60 38 39 59 58 62 30 27 32 16 12 63 2 47 44 17 22 40 36 57 42 21 8 19 24 45 25 1 55 49 13 31 64 18 29 6 
34 27 8 16 11 40 54 13 1 55 37 24 49 9 56 44 38 62 28 20 15 5 2 33 22 4 43 36 53 18 12 31 41 14 64 17 46 39 61 47 58 6 50 25 63 7 60 21 26 59 3 57 10 48 29 23 35 45 42 52 30 32 51 19 
52 4 62 29 25 2 7 39 57 61 35 23 22 17 36 38 59 58 50 27 6 45 8 32 44 19 47 1 30 13 28 26 5 53 18 31 56 51 21 55 42 10 49 3 33 15 34 24 60 12 20 64 46 41 11 43 40 48 9 54 16 14 37 63 
5 59 48 23 20 43 58 49 21 47 8 63 6 18 60 10 19 39 51 42 24 16 30 61 14 40 9 41 32 25 64 52 57 4 28 45 11 38 3 37 13 55 29 54 53 46 12 31 27 22 33 7 36 35 56 2 15 62 50 44 34 26 17 1 
12 32 35 47 64 53 10 6 33 51 19 34 27 58 25 16 18 40 44 17 63 14 13 3 42 54 7 24 29 11 46 5 50 15 36 60 26 23 52 22 1 8 48 30 45 56 37 20 55 31 49 62 4 9 61 38 57 21 59 28 39 43 2 41 
40 28 3 24 5 56 35 61 25 15 55 14 46 16 48 47 51 30 33 9 37 21 18 59 17 58 1 27 4 26 36 7 38 50 11 53 20 63 2 52 34 43 19 44 12 64 31 41 29 57 54 6 22 23 32 10 49 13 45 8 60 39 62 42 
18 13 52 59 63 34 8 15 50 44 58 45 11 24 29 61 36 54 6 39 42 31 23 20 56 57 16 9 47 60 19 25 51 1 4 46 37 49 41 17 22 7 21 38 27 33 3 32 48 55 43 12 26 40 62 14 64 30 35 53 10 2 28 5 
31 6 25 14 12 4 26 37 18 52 59 51 30 1 5 3 55 47 8 15 19 64 60 17 46 2 24 32 28 22 34 63 42 35 21 62 10 7 43 13 48 45 36 57 9 49 58 56 33 20 41 53 27 16 39 61 44 50 23 29 38 11 40 54 
41 20 57 9 17 11 38 30 37 6 10 49 39 21 64 56 32 29 53 22 62 58 61 2 59 23 35 45 42 55 43 54 33 60 5 8 25 28 26 31 47 4 63 16 24 51 1 40 36 34 15 50 13 52 19 44 46 27 3 14 18 7 48 12 
42 10 60 33 23 64 21 45 28 9 63 32 26 20 19 22 48 27 34 4 1 38 7 13 41 61 62 40 6 29 49 39 55 16 15 14 3 44 18 12 50 53 37 8 52 30 17 54 11 58 46 5 35 25 2 47 31 43 36 57 51 59 24 56 
22 44 16 43 62 32 2 53 36 27 17 57 12 54 23 34 46 35 10 56 49 63 26 25 51 14 13 64 48 3 50 38 45 39 24 40 9 29 58 61 55 15 42 28 18 11 5 6 4 30 21 31 60 59 7 8 19 20 1 41 47 52 33 37 
50 48 27 1 49 36 29 58 8 7 40 53 31 60 4 62 16 43 57 5 52 41 12 14 11 33 21 44 20 37 18 30 19 47 54 22 34 6 23 64 46 25 2 39 10 35 59 13 3 42 38 45 51 24 28 56 17 15 26 32 55 63 9 61 
39 54 7 19 55 47 46 51 2 33 43 13 42 38 41 35 50 3 40 24 28 11 44 45 31 10 52 5 12 53 15 8 36 59 57 56 48 32 27 30 23 60 14 20 26 62 29 61 49 37 63 1 9 18 64 17 21 25 34 16 58 6 4 22 
17 14 10 22 3 8 25 24 20 13 26 28 53 61 63 57 44 5 2 50 21 62 37 1 54 9 33 6 36 43 11 12 35 23 7 32 64 15 34 60 40 31 52 51 56 47 18 58 16 48 4 49 42 30 46 55 59 41 27 39 45 19 38 29 
45 50 2 38 57 60 51 20 29 31 41 11 64 23 54 18 24 9 46 32 7 12 14 28 63 15 26 8 37 34 30 42 47 19 40 59 4 3 16 43 25 61 27 48 13 17 21 5 52 35 22 56 44 58 33 39 10 55 62 1 6 53 49 36 
61 35 44 11 47 37 30 7 52 1 2 50 60 42 6 5 29 10 41 45 26 25 34 27 55 49 39 21 17 64 59 13 62 38 12 58 18 57 28 48 15 23 22 33 32 63 54 53 20 43 36 24 8 19 51 31 16 14 56 4 9 46 3 40 
4 12 56 49 46 16 63 36 3 40 22 33 44 14 37 55 64 15 20 30 58 59 48 31 62 28 5 25 1 45 29 60 52 13 61 51 27 17 11 50 39 38 24 35 19 10 2 43 41 47 53 9 18 57 6 32 34 54 21 23 7 42 8 26 
27 62 43 64 39 54 53 41 47 10 34 56 15 35 46 9 4 51 61 23 17 3 19 8 48 52 31 20 18 40 44 32 29 63 49 55 33 45 24 21 16 37 11 59 6 36 42 7 50 14 1 13 38 26 60 25 28 57 22 12 5 58 30 2 
48 42 19 28 52 23 31 34 16 49 12 27 38 8 58 51 6 63 60 33 13 39 54 57 35 56 14 47 7 41 53 50 10 22 25 9 5 37 36 1 30 29 45 4 46 44 55 26 2 3 59 61 64 62 21 40 43 17 18 20 11 24 15 32 
29 5 1 40 26 21 59 18 32 4 62 17 36 25 24 19 42 53 43 49 22 55 11 56 61 3 58 16 38 51 23 57 31 44 2 39 54 30 6 46 60 20 41 9 14 28 64 8 45 15 27 63 34 10 12 7 50 37 47 13 48 35 52 33 
33 15 6 13 58 9 55 32 59 39 21 30 45 7 43 48 52 36 47 40 38 18 35 16 24 46 10 19 22 4 2 27 56 8 14 41 42 53 20 26 62 3 34 49 50 12 57 1 23 54 17 29 28 37 5 11 63 61 64 51 31 60 25 44 
################proper############## 

 average_time = 955.162804 

 success runs = 1 

 total average iters = 41373646.000000 
