Success!!! 
 
 max_col = 
 64 
 
 run_time = 
 1319.778096 
 
 once iters = 
 66754339 
 
61 12 59 16 21 13 1 18 58 9 44 54 36 32 20 31 6 46 51 64 40 38 49 24 30 37 2 17 63 53 10 5 26 48 11 42 56 23 55 47 8 52 43 22 15 3 14 45 57 60 19 29 33 7 27 35 39 41 62 4 50 28 34 25 
45 10 54 17 20 39 19 64 1 41 59 46 2 55 56 48 61 3 32 30 53 52 14 5 22 27 7 11 8 34 12 21 13 6 29 50 43 58 33 15 24 16 28 23 60 57 4 47 63 26 36 25 37 62 18 44 35 49 9 51 38 40 42 31 
30 4 43 50 28 52 31 24 29 15 23 19 8 61 14 17 35 9 25 58 44 57 11 12 49 33 32 13 46 38 62 18 51 1 41 10 45 64 54 60 63 39 40 42 20 7 34 36 16 22 47 55 5 48 56 2 3 37 59 53 26 21 6 27 
60 5 49 8 53 36 35 11 37 25 42 62 50 22 13 40 55 7 10 2 33 26 31 43 56 4 45 28 19 14 51 64 3 30 57 44 39 16 59 24 27 38 29 61 21 58 48 6 41 20 9 32 46 1 34 23 12 47 52 54 18 15 17 63 
63 46 3 57 23 40 22 48 10 26 5 51 27 33 45 7 15 37 59 41 19 42 47 4 25 39 31 29 6 61 1 50 34 53 9 62 52 36 14 35 56 18 55 17 64 30 32 44 58 54 28 38 49 12 21 13 60 20 43 16 2 24 8 11 
44 34 41 56 62 38 7 47 12 24 60 16 57 52 11 28 29 27 36 23 17 8 1 50 35 48 40 3 9 26 58 54 20 25 5 18 4 21 63 31 19 51 13 10 37 49 2 53 42 43 15 64 39 6 14 59 22 46 55 61 33 32 30 45 
55 2 42 51 6 26 58 25 47 63 3 30 53 34 49 39 21 62 56 28 18 45 20 13 16 43 52 15 36 59 60 57 46 32 37 38 40 22 19 27 9 1 5 41 12 33 35 54 50 31 8 24 4 11 17 61 23 44 29 48 10 14 64 7 
29 37 33 32 15 27 9 14 35 18 21 43 6 64 38 4 16 54 22 48 60 63 34 39 44 42 47 55 24 20 23 41 28 61 12 8 2 7 17 49 25 59 50 46 62 26 11 31 53 51 10 3 45 30 40 52 57 58 13 1 19 36 56 5 
36 53 11 14 35 6 29 10 57 21 54 22 17 41 59 46 33 40 49 56 31 5 61 26 19 47 13 44 7 15 30 8 52 4 38 64 28 12 2 50 48 24 18 39 55 62 58 37 60 32 51 16 20 25 23 45 34 43 3 9 63 42 27 1 
5 25 12 52 13 59 50 63 15 4 62 18 7 2 28 24 19 6 45 11 37 58 29 46 26 40 34 43 42 1 32 55 56 41 54 33 51 39 9 48 57 60 31 30 61 35 8 23 21 49 27 47 53 14 64 3 44 16 17 10 22 20 38 36 
23 19 30 47 43 16 20 57 42 55 8 49 48 39 32 37 17 12 27 9 59 18 10 60 4 41 63 22 51 56 3 25 44 24 35 58 1 62 11 14 7 6 54 53 52 21 40 38 34 29 61 15 2 13 5 36 31 45 64 50 46 33 26 28 
2 44 61 9 55 46 48 22 16 11 13 10 58 43 25 52 42 28 20 8 47 7 21 14 39 17 53 59 12 54 6 36 18 3 34 63 23 27 32 19 64 29 1 33 51 45 15 49 31 62 30 41 50 4 38 26 37 5 24 57 40 35 60 56 
3 24 15 60 18 45 64 21 23 47 56 31 30 26 36 53 51 1 43 32 16 2 55 35 33 5 20 57 58 10 14 38 40 46 8 6 59 42 29 61 34 17 22 12 50 27 28 9 11 39 37 7 44 52 54 63 13 4 19 25 62 41 49 48 
4 1 38 7 27 58 56 8 51 12 35 40 20 9 44 14 54 23 30 63 34 22 25 62 50 49 60 46 64 2 31 28 55 5 53 16 21 45 57 37 36 3 32 13 19 10 26 41 18 42 33 6 48 17 24 43 52 11 61 59 47 29 15 39 
41 51 28 40 37 42 32 17 5 34 33 6 3 45 19 29 53 48 4 39 50 15 64 38 52 61 24 27 16 11 35 62 60 31 49 36 13 47 7 26 2 20 14 44 43 63 46 25 1 59 57 56 22 10 55 9 18 21 8 30 12 54 58 23 
39 31 34 62 54 49 33 26 63 60 61 38 64 27 50 1 41 13 44 52 24 3 36 57 18 45 21 9 23 37 29 48 10 22 17 30 20 43 15 25 59 4 42 11 16 47 56 5 28 8 46 40 58 19 35 12 51 55 2 7 14 6 53 32 
56 45 62 24 64 55 59 36 61 5 53 25 46 29 30 47 43 16 60 27 9 49 58 40 13 6 8 42 33 57 21 34 17 44 28 14 50 18 3 63 38 10 39 48 11 54 41 22 26 7 52 4 19 51 1 32 20 31 15 35 23 2 37 12 
12 40 27 3 22 63 13 35 31 32 38 23 16 18 2 19 57 4 11 21 45 59 33 53 61 25 49 47 37 52 9 39 62 64 7 46 24 48 1 6 28 55 17 56 29 5 20 8 44 15 43 58 14 60 50 42 36 34 10 26 30 51 41 54 
1 61 9 30 32 8 10 16 6 54 28 37 34 57 58 49 50 47 62 14 2 41 17 52 63 46 26 45 5 48 19 40 11 59 15 20 31 4 35 53 43 27 51 36 42 60 33 13 3 12 25 23 55 56 22 29 24 18 7 44 21 38 39 64 
7 54 20 38 60 28 4 31 64 40 51 52 10 48 41 15 3 55 18 25 5 13 19 1 2 44 14 56 53 22 36 16 21 39 33 43 47 34 45 29 23 9 49 58 26 12 57 61 27 24 59 8 35 37 11 30 62 32 50 46 6 17 63 42 
19 39 17 42 51 2 46 50 36 33 14 60 21 24 4 8 31 35 23 12 64 30 28 6 1 29 3 32 59 7 43 10 54 37 22 25 57 26 58 9 15 63 52 18 53 34 44 16 40 48 62 13 38 47 41 20 49 56 5 27 45 11 61 55 
43 14 44 48 29 23 52 53 45 42 22 3 1 20 7 12 37 26 61 10 15 36 63 32 51 18 58 31 11 35 27 24 30 38 56 55 5 8 41 13 6 19 64 50 40 2 62 21 46 17 34 9 57 54 49 39 4 33 25 28 60 59 16 47 
18 11 25 33 5 57 41 15 44 39 26 55 59 35 27 56 8 42 29 51 48 34 7 20 54 23 62 38 50 17 64 30 49 19 2 60 12 10 36 40 14 46 47 3 32 4 37 24 45 6 16 21 63 28 61 31 58 9 22 52 1 53 13 43 
47 21 58 26 49 37 34 6 13 17 43 9 63 50 62 11 22 39 46 24 56 54 38 44 41 28 15 20 55 60 4 12 27 42 52 51 16 32 61 23 45 25 30 31 35 1 7 59 36 2 18 10 64 53 33 5 8 29 57 14 48 19 3 40 
46 16 45 19 58 53 39 42 40 13 50 41 55 23 35 2 14 17 3 54 1 33 12 22 8 57 25 60 15 64 44 61 47 52 27 59 7 63 26 20 62 43 56 32 36 37 51 4 9 21 29 48 34 31 28 18 10 6 38 49 5 30 11 24 
26 13 2 37 12 51 49 9 24 16 18 36 22 7 47 20 45 50 57 44 4 56 6 29 5 63 17 62 10 40 33 53 31 58 55 15 30 38 42 54 11 61 27 28 46 59 52 39 32 14 60 35 1 41 3 25 19 64 34 21 43 23 48 8 
8 27 4 36 59 56 11 33 3 57 10 5 15 17 31 63 48 53 42 18 30 47 32 28 20 26 46 14 39 9 55 7 12 21 62 34 60 24 50 64 49 58 38 25 41 19 22 29 43 37 2 54 6 23 52 16 40 61 1 13 51 45 44 35 
10 60 31 5 34 44 62 1 46 38 4 53 43 51 12 30 25 21 16 49 11 55 37 63 6 24 48 2 32 27 56 19 9 28 40 45 3 35 23 36 33 54 26 47 8 18 13 7 20 61 64 42 15 58 57 22 17 59 14 29 41 39 52 50 
32 63 50 20 24 15 57 28 8 44 29 45 37 14 26 21 52 58 2 19 41 51 35 59 36 54 23 49 1 30 47 31 22 43 39 48 61 17 18 10 55 64 6 60 34 16 9 12 13 40 7 11 56 5 46 38 42 27 4 62 53 3 25 33 
48 22 18 35 47 30 25 41 59 19 6 42 54 49 52 27 64 34 40 60 20 23 62 61 38 50 29 12 21 3 13 43 2 16 1 11 14 46 8 56 5 31 57 15 44 17 24 63 55 53 45 51 10 39 4 33 32 36 26 58 7 37 28 9 
38 64 23 21 40 29 55 61 39 48 34 58 32 25 33 60 36 31 9 15 46 43 26 7 11 59 28 4 18 51 52 42 6 49 13 37 44 53 5 41 35 45 10 1 2 50 3 14 30 19 24 27 8 63 62 17 54 57 47 20 56 16 12 22 
54 7 52 6 14 43 17 3 28 62 1 11 61 56 64 9 39 10 38 13 8 24 5 27 37 34 22 16 41 58 45 35 33 29 51 57 19 25 4 32 30 42 23 20 48 53 21 40 59 50 12 44 47 36 26 49 2 15 46 63 31 60 55 18 
15 41 10 31 4 3 12 59 56 7 52 8 40 5 53 16 62 36 6 43 25 28 23 33 24 14 9 63 17 47 26 32 39 11 20 22 18 55 64 42 61 2 37 35 38 44 54 57 29 34 48 1 27 49 19 21 50 51 30 60 13 58 45 46 
14 20 37 13 25 7 27 39 50 23 32 26 38 1 60 61 4 18 35 34 51 16 56 45 12 21 33 58 22 55 48 6 29 54 43 24 46 44 49 8 31 41 19 52 63 40 30 17 10 64 5 36 11 9 42 15 59 2 53 3 28 47 62 57 
28 9 35 23 2 61 38 45 19 6 30 20 42 4 17 18 63 22 5 47 26 64 41 48 31 62 59 10 29 50 37 13 36 7 32 12 25 3 51 21 60 49 11 24 14 39 53 56 8 33 40 57 54 46 58 55 43 52 44 15 16 27 1 34 
6 49 55 29 16 11 24 43 27 37 12 57 41 3 10 44 46 15 50 1 32 14 40 17 7 2 39 36 4 18 53 52 38 13 60 19 48 30 34 62 58 28 21 45 47 9 25 51 22 63 35 26 59 61 31 56 5 54 42 33 8 64 23 20 
34 48 32 53 57 64 26 40 54 35 15 2 51 62 55 22 9 24 21 20 58 12 3 37 43 56 61 8 44 19 16 11 1 47 59 5 6 52 27 45 42 23 46 4 33 13 36 10 14 41 50 17 60 18 30 28 38 63 39 31 25 49 7 29 
17 47 36 58 44 5 51 62 14 28 9 59 33 21 39 13 11 29 7 53 49 31 30 42 64 60 1 35 54 46 34 3 57 15 63 56 26 2 10 16 20 50 8 55 18 43 27 48 24 52 23 45 25 38 6 4 41 22 12 37 32 61 40 19 
52 42 46 1 56 54 21 30 34 29 36 64 49 11 63 43 27 19 39 61 13 60 8 10 57 38 51 40 45 28 25 15 35 14 23 41 33 50 31 58 3 7 12 62 5 22 59 26 37 47 44 2 16 20 32 53 9 24 48 17 4 55 18 6 
33 50 63 22 19 18 8 60 48 31 58 47 25 46 24 45 2 52 54 57 38 44 59 55 42 30 27 23 49 5 41 20 53 40 61 4 17 9 37 28 29 15 16 34 1 32 6 64 7 13 39 12 51 3 43 62 11 26 35 56 36 10 14 21 
62 58 40 45 36 1 5 20 18 8 31 32 29 28 15 34 56 38 48 22 55 46 53 23 10 16 30 19 47 6 59 44 4 63 26 39 37 54 43 17 50 13 41 9 57 51 49 42 12 35 3 52 61 33 2 24 25 14 27 11 64 7 21 60 
27 6 16 34 7 10 63 51 55 58 41 50 44 38 5 35 28 45 64 31 3 40 24 30 14 32 42 48 56 36 18 46 15 8 47 29 53 61 20 57 26 21 60 59 54 11 17 62 23 9 4 43 13 22 25 19 33 1 37 12 39 52 2 49 
57 32 14 28 48 33 23 4 60 2 46 21 47 40 22 6 26 25 13 50 7 29 44 58 34 53 12 54 27 43 15 51 41 36 64 1 9 11 52 18 37 5 35 63 10 55 31 19 39 30 42 49 17 16 59 8 61 62 45 38 20 56 24 3 
49 56 24 41 38 22 30 37 4 52 20 48 13 63 9 62 1 59 17 35 14 21 60 54 3 55 57 26 2 45 11 23 25 12 46 28 10 40 44 51 39 36 58 43 6 61 29 33 47 18 31 34 32 64 7 27 53 8 16 5 42 50 19 15 
42 43 39 11 17 25 47 46 53 3 27 33 12 30 61 54 10 5 15 36 6 20 57 41 60 52 64 7 38 49 50 22 59 35 24 13 62 19 16 2 4 32 34 8 23 14 45 18 56 1 21 63 29 40 37 58 26 48 28 55 9 44 31 51 
9 35 60 44 26 12 3 52 11 64 19 7 56 16 51 59 32 8 63 42 39 62 2 18 58 13 4 21 61 24 28 37 23 50 14 31 27 49 48 33 22 47 25 40 30 15 1 46 38 5 55 53 36 45 20 54 29 10 6 41 34 57 43 17 
64 55 29 59 50 31 54 19 17 43 49 1 45 36 37 57 34 61 12 33 27 11 4 16 9 20 41 25 40 39 8 63 32 60 30 7 42 6 21 5 53 56 24 2 28 52 38 3 48 10 14 62 26 44 15 51 46 23 18 22 35 13 47 58 
53 15 8 2 61 21 18 13 26 14 25 39 24 10 42 23 49 43 47 37 52 9 51 19 29 31 5 33 35 62 17 1 45 34 58 3 38 56 22 55 16 44 48 27 7 64 12 20 6 46 41 50 28 57 60 11 63 40 32 36 59 4 54 30 
16 33 7 49 1 32 44 56 62 50 37 13 60 19 46 55 24 51 26 6 21 53 48 8 47 15 10 64 43 12 42 45 58 2 18 35 34 29 28 59 41 30 9 5 25 20 63 11 17 57 38 39 31 27 36 40 14 3 54 23 52 22 4 61 
22 36 48 63 3 35 40 54 41 45 11 56 14 58 16 42 7 57 1 29 28 61 9 34 27 51 18 24 13 25 39 2 37 33 4 21 32 5 6 52 46 12 59 19 49 38 10 43 15 44 53 20 23 55 8 60 47 30 31 64 17 62 50 26 
31 8 53 55 41 19 37 29 7 10 17 24 18 44 57 3 12 56 52 16 62 50 43 25 23 36 54 30 48 63 20 33 61 26 45 27 22 14 13 46 32 34 15 21 4 6 60 28 64 58 49 59 42 35 9 47 1 38 40 39 11 5 51 2 
11 18 21 43 39 60 61 38 9 20 40 27 28 53 54 33 59 14 58 55 63 32 15 49 17 35 6 37 26 4 46 56 7 23 42 47 36 1 25 30 51 22 44 29 31 24 64 52 2 3 13 5 62 50 48 34 45 19 41 8 57 12 10 16 
58 57 47 10 45 24 14 23 21 30 39 12 52 59 34 36 5 2 31 46 22 4 54 64 40 19 11 61 62 32 38 29 50 56 48 17 15 20 60 44 13 35 53 26 3 8 16 55 51 25 1 18 41 43 63 6 28 7 49 42 27 9 33 37 
13 62 5 12 46 17 28 2 32 51 63 15 26 6 8 25 20 30 19 38 23 27 42 3 21 9 16 41 14 44 22 49 43 55 10 53 64 31 40 39 1 37 33 57 45 48 47 50 4 11 54 61 52 24 29 7 56 35 60 34 58 18 36 59 
51 26 64 4 30 20 42 34 2 1 48 29 35 47 43 38 44 33 37 40 10 39 18 36 53 3 50 52 60 31 5 59 8 57 16 9 49 41 24 11 17 62 7 54 58 23 61 27 19 28 56 22 12 32 45 14 15 25 21 6 55 63 46 13 
50 59 6 25 52 9 15 27 49 22 64 61 4 31 23 5 47 60 41 45 35 17 13 11 28 7 55 1 34 8 57 58 19 62 3 54 63 51 12 38 18 40 36 14 56 42 39 2 33 16 26 37 30 21 10 46 48 53 20 32 24 43 29 44 
37 52 26 54 11 50 16 5 25 59 2 35 31 15 1 41 38 32 33 17 29 6 45 51 46 10 43 34 30 21 7 4 64 20 19 40 8 13 56 3 12 14 62 49 39 36 23 58 61 27 22 28 18 42 47 57 55 60 63 24 44 48 9 53 
20 23 51 27 63 48 36 7 30 46 55 14 62 42 29 58 40 49 8 4 12 37 16 47 59 1 56 6 25 33 24 60 5 10 44 61 54 57 39 43 52 26 45 64 13 31 18 32 35 38 17 19 9 15 53 50 21 28 11 2 3 34 22 41 
25 28 13 15 8 14 45 44 20 61 57 17 11 37 3 32 60 41 34 62 36 10 27 9 55 64 19 5 31 23 63 47 24 18 50 52 29 59 53 12 21 33 2 7 22 56 42 1 54 4 6 30 40 26 51 48 16 39 58 43 49 46 35 38 
40 29 56 46 42 4 43 49 52 27 47 34 19 13 18 64 30 63 14 26 54 1 22 21 32 8 35 50 57 16 2 17 48 9 36 23 11 28 38 7 44 53 61 51 24 41 5 60 62 55 58 31 3 59 39 37 6 12 33 45 15 25 20 10 
24 30 22 39 9 34 6 12 38 53 7 63 23 60 48 10 58 44 55 5 43 35 52 2 45 11 37 18 3 29 54 14 42 51 31 49 41 33 47 4 40 57 20 16 27 28 50 15 25 56 32 46 21 8 13 1 64 17 36 19 61 26 59 62 
35 38 19 18 31 47 53 32 22 49 45 4 9 54 21 50 23 64 28 59 57 48 39 15 62 58 44 51 20 13 61 26 16 27 25 2 55 60 46 1 10 11 3 6 17 29 43 30 52 36 63 33 24 34 12 41 7 42 56 40 37 8 5 14 
59 17 1 64 33 41 60 55 43 36 24 44 5 12 6 26 18 11 53 3 61 25 50 56 48 22 38 39 28 42 40 27 63 45 21 32 58 15 62 34 54 8 4 37 9 46 19 35 49 23 20 14 7 2 16 10 30 13 51 47 29 31 57 52 
21 3 57 61 10 62 2 58 33 56 16 28 39 8 40 51 13 20 24 7 42 19 46 31 15 12 36 53 52 41 49 9 14 17 6 26 35 37 30 22 47 48 63 38 59 25 55 34 5 45 11 60 43 29 44 64 27 50 23 18 54 1 32 4 
################proper############## 

 average_time = 1319.778096 

 success runs = 1 

 total average iters = 66754339.000000 
