Success!!! 
 
 max_col = 
 64 
 
 run_time = 
 806.533651 
 
 once iters = 
 36314860 
 
22 40 14 11 4 20 10 63 57 35 62 21 47 58 51 56 27 50 3 28 59 9 8 5 19 52 23 48 2 24 13 30 26 15 42 54 55 34 44 16 38 33 60 18 39 61 6 31 53 29 49 37 45 25 64 32 41 1 17 12 46 43 7 36 
52 25 3 29 24 39 33 7 60 49 9 43 6 19 42 30 13 4 22 62 12 57 20 45 54 58 14 53 38 46 8 50 21 48 23 61 18 17 47 1 11 37 40 36 51 10 16 41 27 59 35 56 26 28 55 63 15 2 32 5 34 31 64 44 
46 15 28 9 55 45 21 44 24 31 12 53 22 8 18 2 43 49 41 51 29 11 56 34 57 32 59 47 20 6 3 7 14 39 4 62 13 5 58 64 26 48 1 50 25 54 30 63 42 17 61 40 52 10 36 16 38 27 19 33 60 37 23 35 
62 57 34 30 27 42 64 60 4 44 20 48 55 23 36 16 33 54 7 61 32 40 31 10 43 41 49 29 37 51 18 45 25 9 63 52 19 59 46 22 24 28 14 5 35 56 2 17 6 12 47 39 1 38 50 15 21 8 58 13 26 53 11 3 
47 2 56 32 38 41 51 23 11 28 64 50 33 34 26 46 55 52 14 24 37 19 1 15 42 39 63 9 17 35 60 10 49 36 7 29 53 40 43 6 21 13 22 58 3 62 27 12 48 44 4 54 57 8 5 31 16 18 45 61 20 25 59 30 
12 13 36 37 59 61 48 35 29 52 41 54 15 3 25 14 2 58 42 38 23 16 17 30 22 21 40 5 1 55 62 26 10 20 56 45 8 27 50 31 32 43 44 49 64 53 19 47 7 46 9 34 60 33 11 18 4 39 63 6 51 28 57 24 
19 18 49 26 16 50 1 5 27 40 37 13 59 17 63 7 39 6 48 60 47 53 64 36 44 11 56 4 61 25 31 12 32 57 28 30 38 33 35 24 52 46 34 8 45 55 15 23 51 58 2 21 41 20 3 43 10 9 22 42 29 54 62 14 
17 43 54 58 6 8 53 31 61 45 1 39 38 10 5 32 18 44 21 35 63 26 25 46 16 33 15 64 28 36 34 27 37 11 2 41 60 12 51 3 57 20 4 42 59 29 9 7 14 23 30 22 24 13 62 19 47 48 49 40 50 56 52 55 
9 51 48 19 2 40 39 8 36 3 57 46 24 27 30 37 50 60 13 6 5 43 45 17 55 14 38 22 56 28 25 64 53 18 49 33 63 52 10 11 34 16 15 59 58 21 31 29 23 47 32 42 20 7 54 41 1 44 26 4 61 35 12 62 
45 63 50 4 20 7 27 36 17 51 21 55 11 26 28 58 23 46 25 15 42 31 38 41 39 30 9 57 35 44 16 54 8 62 6 3 37 22 13 29 53 18 52 40 60 32 5 48 1 33 64 59 49 61 43 12 56 14 47 19 24 2 10 34 
33 17 26 21 23 32 58 42 44 64 34 41 35 39 4 50 7 11 1 22 54 29 62 61 12 13 8 59 46 20 24 37 16 38 55 47 31 56 60 15 25 19 49 43 63 45 14 2 5 51 53 10 28 57 9 30 36 3 6 48 52 40 18 27 
25 52 37 34 5 44 61 6 42 53 10 16 60 20 29 49 47 3 64 36 4 56 24 14 7 48 27 32 15 23 45 31 40 1 35 17 58 54 59 12 62 55 50 39 26 57 33 9 11 2 18 19 63 22 21 46 51 30 13 28 38 41 43 8 
30 35 22 28 31 53 11 56 19 62 59 45 43 54 8 63 48 18 49 33 9 21 27 39 26 4 47 6 40 50 10 60 42 32 25 2 44 46 57 7 3 1 51 61 12 38 41 13 58 24 52 29 37 36 14 34 55 20 64 17 16 23 15 5 
18 24 60 1 43 14 3 13 33 23 7 32 5 48 38 9 12 16 55 8 34 2 63 52 51 42 19 62 21 11 17 58 50 4 61 28 39 41 26 30 47 35 36 20 10 37 64 54 56 15 45 27 44 40 6 25 49 31 46 29 59 57 53 22 
54 55 47 49 10 46 62 41 6 56 13 61 14 12 2 15 57 28 59 19 40 44 32 20 3 29 52 18 63 1 43 53 36 45 51 34 5 64 9 27 8 23 24 30 22 4 7 42 38 26 31 16 35 39 17 48 58 33 50 37 21 60 25 11 
38 59 16 57 29 64 15 12 47 1 31 25 18 40 52 22 58 37 26 10 30 51 35 53 41 34 2 61 5 49 33 36 43 19 20 14 48 23 24 21 17 27 6 46 44 11 56 28 60 13 50 55 62 3 8 4 63 45 7 9 54 42 39 32 
48 37 64 59 40 19 54 26 9 6 61 58 27 7 49 8 34 47 16 14 50 30 13 22 46 2 62 17 31 15 23 24 33 35 29 55 45 20 5 44 39 4 25 32 57 12 3 53 63 28 10 43 42 18 56 38 52 21 60 36 11 51 41 1 
11 30 12 6 35 3 57 18 16 26 38 1 4 22 60 45 31 33 23 27 19 10 5 40 29 64 20 42 8 43 14 61 58 59 15 39 2 48 34 41 7 47 46 52 9 44 28 50 62 36 37 51 21 24 32 49 17 13 53 54 25 55 56 63 
16 22 51 23 50 4 63 34 41 25 44 52 10 42 20 21 35 29 9 11 24 17 12 57 32 5 28 37 60 13 6 18 46 26 8 38 7 43 56 36 49 61 27 45 19 40 48 1 54 53 58 64 30 55 2 14 33 15 59 62 31 3 47 39 
27 49 2 43 7 38 55 58 15 33 5 31 23 57 50 47 44 48 53 52 20 62 51 1 21 54 39 30 9 56 26 11 28 64 19 16 32 61 25 13 63 42 41 37 36 24 22 8 34 35 17 12 3 6 59 60 40 10 4 18 45 14 29 46 
29 44 8 13 33 25 17 1 59 32 40 12 54 53 14 39 49 55 61 56 15 36 2 64 4 38 16 10 47 48 51 34 30 52 62 57 11 3 37 63 6 58 18 23 5 60 20 21 19 50 46 45 31 41 26 27 22 42 24 43 28 7 35 9 
14 41 20 60 47 28 36 46 56 2 51 35 29 64 3 18 38 42 32 25 58 37 7 59 45 49 55 19 33 53 40 63 4 21 24 1 9 31 22 50 43 11 10 54 62 34 17 15 61 39 23 48 5 16 52 13 30 12 27 44 57 6 8 26 
42 21 15 61 52 5 24 39 30 34 55 63 46 11 48 62 60 26 28 4 45 3 43 6 58 1 12 41 36 27 59 44 54 14 18 49 10 53 17 47 31 51 33 38 2 35 13 56 8 9 57 7 22 29 25 40 50 64 37 23 32 20 16 19 
56 9 62 10 53 31 45 32 37 19 17 36 28 43 24 13 41 21 46 39 18 63 54 8 35 25 22 7 52 57 50 3 23 51 40 12 27 60 6 42 29 14 59 16 30 64 26 55 44 20 33 15 4 11 1 47 5 58 38 34 48 61 49 2 
7 27 59 3 32 30 40 57 62 36 15 4 34 47 58 61 5 12 44 18 49 20 16 9 2 17 21 39 23 29 41 33 51 28 1 56 26 6 55 60 13 45 37 19 31 48 8 24 25 38 63 11 46 50 42 64 53 43 52 14 35 10 22 54 
41 38 35 25 28 23 34 4 26 14 18 57 39 52 12 6 30 31 2 13 64 8 15 63 48 46 54 50 45 16 47 43 27 22 10 32 42 36 29 37 58 40 62 17 56 5 49 20 21 1 59 53 55 51 61 9 60 24 44 3 7 11 19 33 
55 61 42 18 9 11 22 45 21 37 35 19 17 49 16 44 6 36 51 50 1 54 59 28 56 7 4 60 30 10 57 8 48 24 53 64 12 58 23 34 15 32 38 14 43 2 47 3 33 52 27 13 40 26 31 62 46 63 41 39 5 29 20 25 
51 39 19 17 56 16 8 47 2 43 29 20 40 31 41 48 46 24 34 21 60 52 58 55 62 59 25 11 26 22 37 1 61 33 3 35 15 63 38 5 27 36 12 53 28 9 54 18 10 30 7 14 23 49 45 44 32 50 42 57 4 64 6 13 
20 33 1 31 14 62 13 2 51 55 32 60 3 56 46 23 37 53 57 29 17 42 40 48 24 15 5 36 64 9 63 19 39 43 50 25 47 44 8 49 41 30 11 26 6 7 52 10 4 22 54 35 18 12 16 58 61 59 21 38 27 34 45 28 
49 48 10 63 46 15 43 53 54 9 50 64 1 30 59 42 61 39 56 45 26 23 22 4 38 27 32 3 6 52 28 14 13 2 21 11 62 18 7 20 35 34 55 51 33 25 44 60 57 8 19 24 47 5 41 29 37 17 12 31 40 58 36 16 
6 54 52 24 44 36 12 21 5 10 28 27 8 13 45 33 25 19 62 43 35 7 11 38 31 53 58 34 42 61 20 55 17 16 41 40 14 4 30 57 22 50 64 63 29 39 59 46 32 37 56 3 15 48 60 2 18 51 23 49 1 26 9 47 
60 50 5 64 58 37 26 29 38 22 53 24 7 63 11 25 10 32 33 41 14 27 3 47 49 12 18 35 51 40 44 13 59 31 52 9 46 45 19 54 61 21 42 1 16 23 4 57 28 34 36 20 6 43 39 17 8 55 2 56 30 62 48 15 
28 31 41 46 1 10 23 25 32 11 27 17 52 36 15 54 21 45 20 9 39 24 42 35 34 55 29 58 22 14 64 47 38 8 13 7 40 19 3 62 16 60 2 33 49 26 57 51 59 56 12 44 48 53 18 5 43 4 61 63 6 30 50 37 
35 5 21 22 63 2 50 59 46 42 19 40 25 9 33 28 26 30 36 54 7 60 57 51 23 61 6 38 3 31 11 32 55 56 27 18 64 24 14 10 12 52 20 15 1 58 37 43 47 4 39 41 13 17 49 45 48 53 8 16 62 44 34 29 
37 34 58 42 8 18 38 27 31 24 47 7 26 45 55 3 19 1 5 46 6 22 33 23 40 50 51 44 62 17 52 59 63 53 39 20 49 16 4 48 64 54 56 29 13 41 11 30 36 43 28 9 25 60 57 61 14 32 35 21 15 12 2 10 
53 56 17 45 49 54 20 16 48 60 4 6 51 62 61 41 64 34 40 58 31 15 28 29 13 9 43 24 19 39 30 2 5 44 11 21 1 37 12 32 42 59 35 55 38 50 25 36 22 7 14 8 10 27 63 52 57 26 3 47 23 33 46 18 
3 36 30 47 12 26 6 9 18 39 58 38 13 37 23 5 16 10 11 44 53 14 52 50 8 56 7 63 25 54 1 4 41 29 57 51 43 2 42 61 45 24 21 48 27 17 46 32 55 19 15 62 33 31 34 35 59 60 20 64 22 49 28 40 
44 60 57 7 15 48 29 62 50 30 56 14 49 2 64 59 8 61 43 3 55 38 37 27 10 20 42 12 18 26 53 41 34 6 9 46 35 28 45 33 19 31 63 22 40 47 39 4 16 21 1 32 51 54 24 23 11 25 36 58 17 13 5 52 
40 64 11 33 51 24 32 55 43 12 8 34 20 21 44 53 17 63 4 59 2 13 49 62 27 16 35 15 57 37 36 48 22 25 26 60 23 47 54 52 10 9 5 28 7 14 18 61 30 3 6 50 29 58 46 42 45 38 1 41 39 19 31 56 
4 14 43 39 13 52 19 61 10 57 16 29 63 1 22 35 56 41 12 47 25 32 48 18 60 45 46 33 49 21 5 28 15 50 17 59 36 30 31 58 44 3 53 34 8 6 23 62 37 64 38 26 11 2 40 20 42 54 55 51 9 27 24 7 
10 20 27 56 61 55 52 33 22 38 39 18 42 46 40 1 45 51 35 32 57 49 36 31 14 19 50 25 41 58 54 17 9 13 44 26 29 7 63 43 48 15 23 4 37 3 60 59 2 5 11 47 64 34 53 21 62 28 16 24 12 8 30 6 
63 7 46 40 39 58 9 30 52 29 45 3 12 6 43 4 20 25 19 5 13 50 60 24 33 23 36 21 44 62 42 16 18 34 54 8 51 57 11 53 1 10 61 64 17 22 35 26 31 41 55 28 27 59 38 37 2 56 48 32 47 15 14 49 
36 23 6 16 34 47 41 48 35 13 60 33 21 15 53 26 1 40 8 2 11 18 4 43 28 31 30 52 27 7 61 39 56 3 64 5 24 42 32 17 55 63 9 57 46 51 62 58 20 14 44 49 54 45 12 22 19 29 25 10 37 59 38 50 
31 8 18 38 64 35 59 11 23 50 2 37 30 51 54 36 29 27 6 17 3 61 41 56 9 60 10 40 43 47 15 5 19 12 14 48 4 62 49 45 28 44 32 13 53 42 24 25 52 63 16 1 7 46 58 26 39 57 34 20 33 22 55 21 
21 4 29 50 3 57 37 28 55 47 63 11 56 59 34 17 62 7 15 26 48 64 23 44 53 8 24 1 12 2 49 38 52 41 16 22 61 10 20 46 5 39 45 6 54 31 36 14 13 32 25 30 9 19 33 51 27 35 40 60 43 18 42 58 
26 19 44 15 62 12 25 43 64 8 24 5 57 32 31 27 9 14 58 55 21 33 53 16 6 3 34 51 59 45 48 22 60 37 30 36 28 38 2 23 40 7 47 56 20 52 50 49 35 61 42 18 39 4 29 10 54 41 11 1 13 46 63 17 
2 53 32 5 42 13 60 14 20 41 49 62 61 28 7 19 63 22 37 30 46 39 10 54 64 35 57 26 11 4 55 56 1 47 58 15 25 21 33 59 18 29 16 12 34 43 38 27 24 6 40 17 8 23 48 50 3 36 9 52 44 45 51 31 
1 45 24 51 54 17 49 22 25 16 48 44 58 14 9 10 28 38 47 12 52 59 34 42 20 18 37 13 32 63 46 29 35 27 31 50 6 55 40 39 33 2 8 11 41 30 21 19 3 57 43 60 56 62 15 36 26 7 5 53 64 4 61 23 
39 6 13 8 37 63 14 64 3 61 42 10 48 44 47 24 54 59 30 31 27 46 55 26 11 43 53 20 29 5 2 57 45 17 12 58 16 1 41 18 9 56 7 25 52 36 32 34 49 62 51 4 38 15 22 28 35 23 33 50 19 21 40 60 
59 28 4 41 11 51 42 17 12 15 36 49 53 5 21 31 24 13 38 37 16 34 6 32 47 10 44 8 7 33 19 62 29 60 22 63 54 25 27 9 30 57 58 35 55 18 1 45 43 40 48 23 50 14 20 56 64 46 39 26 2 52 3 61 
57 32 33 54 36 60 44 49 34 18 52 51 64 16 1 43 22 23 63 48 28 12 29 2 59 6 17 14 50 41 58 40 20 61 5 19 30 13 15 35 46 38 26 62 42 27 10 11 39 31 3 25 53 21 37 55 9 47 56 7 8 24 4 45 
34 16 23 12 30 1 2 38 63 59 25 9 62 33 32 11 52 20 17 53 10 35 19 60 18 22 45 56 55 3 4 21 57 40 43 44 50 26 39 14 51 49 31 24 47 8 61 5 46 54 13 36 58 64 7 6 28 37 29 15 41 48 27 42 
5 10 61 48 26 21 35 52 8 7 14 23 45 50 56 20 15 62 18 57 41 58 44 11 36 51 1 31 16 30 39 25 47 46 38 37 3 49 64 2 59 17 29 60 4 28 40 22 12 42 24 63 19 9 27 33 6 34 54 55 53 32 13 43 
50 3 9 53 25 22 47 40 13 27 30 2 37 38 57 60 42 5 39 1 51 4 14 7 52 24 26 46 34 64 32 15 31 55 33 10 56 11 36 28 23 6 54 21 48 19 43 16 29 45 41 61 17 44 35 8 12 62 18 59 49 63 58 20 
15 46 55 27 18 43 7 24 58 17 54 22 19 29 35 40 36 56 45 64 8 25 21 33 61 28 60 49 13 42 38 9 62 23 48 6 59 32 53 4 37 12 3 41 50 20 63 39 26 10 34 57 2 52 47 11 44 16 31 30 14 5 1 51 
58 62 31 20 45 29 56 19 39 46 26 28 41 4 6 55 3 9 50 40 43 47 61 49 63 37 48 23 54 12 27 35 24 7 34 42 52 51 21 8 2 64 13 44 14 15 53 33 18 16 60 5 32 1 30 59 25 22 57 11 10 36 17 38 
61 11 38 36 48 49 5 15 1 63 6 47 16 41 10 34 32 57 60 20 56 55 50 12 37 44 3 54 58 19 9 51 2 42 59 27 33 35 62 40 4 8 28 31 21 13 45 64 17 25 29 46 14 30 23 7 24 52 43 22 18 39 26 53 
43 47 63 55 41 59 18 10 14 4 46 26 50 61 62 52 11 64 54 42 38 28 39 58 15 36 13 2 48 32 22 20 6 49 37 23 21 8 1 25 56 53 30 7 24 33 34 40 9 27 5 31 16 35 44 57 29 19 51 45 3 17 60 12 
64 12 39 44 22 34 46 51 28 20 11 42 9 24 13 38 4 8 27 16 62 45 18 25 30 57 33 55 53 59 21 6 7 63 47 31 17 15 52 56 60 5 19 2 61 1 29 37 40 48 26 58 43 32 10 3 23 49 14 35 36 50 54 41 
23 1 25 52 21 56 31 54 7 48 3 30 32 60 37 51 14 2 24 49 22 5 47 19 17 62 41 28 4 34 35 46 64 58 45 43 57 29 61 38 36 26 39 10 11 16 55 6 50 18 8 33 12 63 13 53 20 40 15 27 42 9 44 59 
8 26 7 62 60 9 16 3 45 58 33 59 2 25 17 57 40 15 31 34 36 48 30 21 50 63 11 27 14 18 29 52 44 5 32 53 41 39 28 51 54 22 43 47 23 49 12 35 64 55 20 38 61 42 19 24 13 6 10 46 56 1 37 4 
13 42 53 2 57 27 28 37 49 54 22 15 44 35 39 29 59 43 10 63 33 6 26 3 25 40 61 16 24 60 7 23 12 30 36 4 20 14 48 19 50 41 17 9 18 46 58 38 45 11 21 52 34 56 51 1 31 5 62 8 55 47 32 64 
32 58 40 35 19 6 4 20 53 21 43 8 31 55 27 12 51 17 29 23 44 1 9 13 5 47 64 45 10 38 56 49 11 54 46 24 34 50 18 26 14 62 48 3 15 59 42 52 41 60 22 2 36 37 28 39 7 61 30 25 63 16 33 57 
24 29 45 14 17 33 30 50 40 5 23 56 36 18 19 64 53 35 52 7 61 41 46 37 1 26 31 43 39 8 12 42 3 10 60 13 22 9 16 55 20 25 57 27 32 63 51 44 15 49 62 6 59 47 4 54 34 11 28 2 58 38 21 48 
################proper############## 

 average_time = 806.533651 

 success runs = 1 

 total average iters = 36314860.000000 
