Success!!! 
 
 max_col = 
 64 
 
 run_time = 
 2211.368508 
 
 once iters = 
 209303369 
 
16 27 15 52 5 30 37 1 12 33 46 28 11 9 50 31 22 53 13 48 43 2 21 10 32 63 42 59 8 55 18 44 47 61 23 57 38 19 4 60 6 40 54 17 51 20 26 45 56 35 24 34 14 49 29 39 41 58 62 3 64 25 7 36 
34 19 64 39 44 13 50 57 1 24 7 63 3 4 32 29 56 25 12 8 36 35 55 42 54 17 58 41 60 20 2 22 46 6 45 30 43 21 14 53 28 59 48 5 11 37 31 49 27 52 62 9 61 33 16 38 51 26 23 40 18 10 15 47 
53 11 36 4 62 47 42 63 58 15 41 10 14 6 43 22 29 38 5 26 7 27 61 37 13 64 23 9 3 30 31 56 52 50 48 25 12 16 20 18 24 60 57 32 1 33 35 34 2 45 44 51 19 40 28 55 54 8 39 46 21 49 17 59 
17 12 56 21 41 54 35 10 55 36 23 57 40 34 38 44 39 47 46 16 9 31 20 14 26 33 25 37 45 51 15 43 49 1 5 58 2 24 63 13 52 50 62 7 42 27 18 3 32 53 59 6 64 22 8 60 48 61 11 4 28 19 29 30 
24 40 61 49 25 7 6 9 47 30 8 56 59 42 45 18 51 62 19 60 11 15 32 28 21 29 52 5 4 10 27 34 41 17 54 26 39 31 33 64 55 53 22 23 16 63 2 13 12 46 57 3 43 36 58 48 37 50 20 35 14 1 44 38 
26 45 51 32 48 43 14 18 20 61 27 17 19 2 54 25 52 40 34 3 58 33 59 1 62 49 38 50 57 24 28 12 7 22 10 29 55 37 35 8 4 47 15 36 46 39 44 64 5 11 31 21 41 42 30 23 53 6 63 9 60 56 16 13 
22 3 31 38 33 58 55 20 51 52 49 62 35 60 39 26 17 45 18 23 64 41 50 6 47 46 16 61 36 53 14 48 28 59 27 40 11 15 56 44 43 10 21 8 30 19 9 29 13 54 63 1 4 7 37 25 32 5 12 24 42 34 57 2 
29 59 23 46 8 2 60 28 48 37 16 21 5 64 13 53 57 49 30 54 4 63 44 24 35 6 19 1 11 39 40 7 42 36 51 62 9 3 34 32 58 14 56 12 41 25 38 61 17 10 26 47 15 50 20 18 55 52 43 45 33 27 22 31 
30 41 14 62 63 23 5 21 36 2 39 45 24 55 52 11 44 61 15 13 6 53 43 40 49 22 10 20 32 17 50 16 59 9 29 42 58 18 12 19 64 35 27 56 31 8 33 28 25 7 4 60 37 51 3 54 47 48 38 34 46 57 1 26 
19 28 57 43 4 27 32 3 49 42 12 15 51 33 20 54 1 9 55 25 45 46 64 56 52 40 60 63 39 23 48 14 61 24 7 38 36 50 11 47 2 6 18 58 34 16 5 53 26 21 17 30 62 10 59 41 13 35 22 31 37 29 8 44 
13 26 44 37 11 17 16 59 4 25 47 18 10 8 57 28 54 30 38 50 27 22 48 34 58 15 45 3 19 7 6 33 32 53 41 56 21 1 52 62 20 46 9 24 29 12 36 39 63 23 61 31 35 5 40 49 14 2 51 64 55 43 42 60 
6 52 33 42 45 46 36 56 23 3 17 5 16 27 59 64 63 10 11 39 2 19 35 51 43 26 29 4 41 9 34 55 20 48 31 49 28 14 37 25 60 7 61 50 54 1 57 21 24 8 38 58 22 13 47 44 15 18 53 30 32 12 62 40 
49 8 53 7 47 31 38 25 14 1 61 58 32 40 62 30 24 29 21 18 52 42 4 12 28 59 46 2 44 64 35 37 22 60 55 5 3 23 45 57 10 41 13 26 15 51 48 17 9 50 39 56 6 43 34 19 33 11 27 63 36 54 20 16 
55 22 58 51 61 34 9 54 38 6 29 26 43 31 56 21 16 7 59 37 20 3 60 5 27 42 8 36 53 25 11 57 2 63 39 33 13 35 30 40 19 52 32 44 62 23 47 14 28 48 15 18 1 64 46 12 50 17 24 10 49 45 4 41 
15 35 24 29 64 1 40 50 7 60 48 19 63 13 22 46 28 17 8 58 47 62 36 41 31 18 21 51 30 54 12 38 34 10 6 44 27 26 16 43 3 42 37 11 45 4 49 25 57 55 14 20 53 2 32 33 9 56 5 39 59 61 23 52 
18 2 48 60 12 20 10 39 34 44 53 35 50 37 9 41 33 31 26 57 14 23 49 32 24 56 5 47 61 1 62 13 15 46 8 64 54 17 51 4 30 63 55 38 43 40 59 22 36 29 27 45 16 52 42 11 21 25 28 7 3 6 58 19 
20 47 18 2 53 28 51 33 27 45 25 40 37 12 55 52 7 1 56 11 30 39 9 15 48 61 13 26 23 22 19 58 29 5 60 36 63 64 38 50 46 8 14 6 10 59 41 54 62 3 49 24 34 17 31 35 16 44 57 42 4 21 32 43 
12 4 42 25 55 56 54 11 44 9 33 43 48 22 3 35 60 51 57 10 19 52 8 49 63 5 47 16 20 2 45 62 53 14 37 21 17 59 26 23 50 27 28 18 13 36 64 30 39 40 32 38 58 29 6 61 46 7 1 15 34 31 41 24 
48 5 22 40 27 37 17 46 57 11 31 2 26 63 1 59 35 58 54 4 50 12 41 53 7 43 64 52 18 56 60 36 51 16 61 3 25 44 49 28 42 24 34 29 47 32 39 23 21 15 8 19 33 55 13 9 62 45 6 38 20 14 30 10 
31 13 19 63 7 15 62 38 61 54 42 39 49 32 51 6 3 27 64 17 18 26 29 48 4 9 34 25 37 8 21 10 58 57 12 11 24 30 47 52 1 44 35 16 56 53 20 43 50 41 46 59 23 14 45 22 60 36 40 2 5 28 55 33 
45 6 30 64 50 29 8 43 16 10 4 36 34 7 24 47 5 42 63 59 44 32 28 61 14 51 35 33 1 15 17 41 18 62 13 54 31 27 46 39 21 9 40 55 52 49 3 38 60 26 12 2 48 56 57 20 25 23 58 19 22 53 37 11 
59 10 9 23 24 35 3 58 53 50 18 64 21 14 41 13 34 55 43 22 31 25 33 47 57 30 39 11 12 46 38 28 8 40 32 20 6 56 42 1 62 45 5 15 2 61 60 19 4 36 7 37 27 16 44 63 17 51 29 26 54 52 49 48 
14 16 60 1 32 39 57 41 56 17 15 46 38 62 23 5 6 37 20 36 21 13 40 45 53 27 44 42 31 49 29 24 10 43 19 34 48 55 2 33 25 4 58 51 63 22 7 26 64 18 47 11 28 54 52 30 12 59 8 61 50 3 9 35 
44 49 26 34 21 61 52 36 29 19 20 30 28 58 60 8 46 2 23 14 24 16 62 38 50 54 3 40 55 32 59 6 9 35 4 22 45 41 15 7 33 17 12 48 37 31 11 57 43 5 25 53 42 1 10 51 63 64 47 13 56 18 27 39 
60 17 1 8 34 55 43 5 19 14 51 44 58 28 18 62 41 16 50 24 3 6 15 52 45 11 37 57 40 27 32 20 63 42 64 7 53 22 25 9 39 38 2 10 35 21 4 47 61 59 56 26 30 31 36 13 29 33 46 48 12 23 54 49 
21 54 38 19 18 49 20 30 6 27 52 37 56 24 36 32 61 39 17 62 23 45 13 64 29 16 26 14 22 44 63 25 57 51 35 59 4 11 50 12 9 33 46 43 55 48 40 31 1 2 10 41 60 58 53 15 7 28 3 47 8 5 34 42 
33 50 52 28 40 6 15 64 39 55 38 9 25 10 17 60 21 8 47 35 57 34 54 43 3 4 41 23 24 61 42 2 56 58 26 48 19 62 27 14 49 51 36 63 5 18 16 32 44 22 20 46 29 12 7 45 31 1 37 11 13 30 59 53 
37 46 62 22 29 48 61 42 5 34 64 12 33 47 31 16 4 26 2 55 38 11 19 30 9 13 49 54 43 52 8 59 17 20 36 18 1 28 39 21 45 56 23 60 3 7 53 50 35 32 51 57 25 24 63 6 10 14 44 27 41 15 40 58 
4 57 59 27 26 3 31 32 13 21 22 23 54 61 53 42 48 18 58 29 1 49 14 33 60 10 50 17 56 35 7 39 55 34 47 2 44 46 41 15 12 11 52 19 25 30 28 20 40 62 37 16 9 38 5 8 43 24 36 51 6 64 45 63 
10 58 12 14 39 25 47 23 41 35 26 11 8 49 40 2 36 28 37 7 5 20 63 44 19 1 48 46 51 62 33 53 43 38 30 31 16 32 13 45 34 15 64 59 57 29 24 6 42 27 21 52 17 3 54 4 56 22 9 50 61 60 18 55 
63 51 11 24 9 44 7 16 3 43 57 1 15 20 46 45 42 56 53 31 32 59 22 25 30 28 6 55 64 12 36 18 60 29 33 10 52 54 40 5 37 13 8 41 61 14 58 27 48 39 34 23 49 47 19 50 2 21 4 62 35 26 38 17 
35 36 2 13 56 41 53 45 30 48 59 29 4 50 63 7 10 60 51 40 12 9 27 46 34 21 31 15 38 47 58 5 6 23 49 24 37 8 61 3 17 22 44 62 26 42 54 1 14 43 11 33 55 18 64 28 19 20 25 52 57 16 39 32 
1 64 20 15 17 33 34 60 8 39 56 7 31 53 61 57 62 12 14 30 49 4 47 2 23 36 18 19 50 13 37 46 24 28 11 63 42 38 55 51 41 25 10 54 22 9 27 58 52 6 43 29 21 44 35 59 40 16 26 32 45 48 5 3 
58 63 39 36 3 8 56 6 42 64 28 13 46 51 14 48 38 41 24 20 59 10 18 11 55 57 22 31 49 16 47 4 54 21 40 43 60 5 7 26 53 37 29 35 23 62 17 15 19 34 30 50 2 45 27 32 52 9 61 1 44 33 12 25 
25 24 7 12 46 40 27 61 32 62 10 50 18 23 34 4 64 19 39 33 16 43 37 13 1 41 63 21 26 38 3 9 44 45 15 6 57 48 29 22 59 2 30 42 20 11 52 51 8 56 53 54 36 28 60 5 58 47 31 49 17 55 35 14 
23 37 50 9 31 53 59 13 45 22 63 24 27 17 33 43 32 52 6 21 40 55 46 29 10 12 15 64 5 48 30 35 62 2 25 47 8 58 19 16 44 34 26 49 14 28 56 36 7 61 1 4 3 39 11 42 18 57 41 60 38 20 51 54 
54 18 32 45 14 38 21 51 15 16 58 59 55 11 29 49 25 48 44 61 42 8 26 23 33 60 7 24 27 43 39 17 35 3 53 52 50 36 31 41 5 19 1 4 64 6 13 40 20 47 22 62 57 9 12 10 34 63 2 37 30 46 28 56 
5 62 16 30 35 52 4 22 25 38 3 6 1 36 2 37 31 50 9 28 53 58 57 17 8 34 40 44 29 42 54 51 14 39 56 12 46 20 23 10 7 21 60 47 32 45 61 18 33 49 48 63 13 41 55 26 11 19 64 43 27 59 24 15 
2 29 55 57 42 11 19 44 26 12 5 60 47 41 21 9 15 54 3 1 35 56 34 63 59 62 20 6 28 14 52 45 27 30 18 61 49 13 32 17 8 43 33 31 48 38 50 16 58 51 40 64 24 37 25 46 23 39 7 36 10 4 53 22 
41 43 47 26 28 10 48 49 35 20 19 52 30 54 44 40 27 5 45 51 22 60 7 36 61 53 11 56 2 58 25 32 33 4 9 1 64 34 59 37 63 57 3 39 24 55 12 46 38 17 18 14 31 23 15 16 42 62 21 6 29 8 13 50 
52 42 29 17 60 24 64 4 2 26 43 22 9 25 27 15 40 23 16 53 61 57 58 31 38 14 56 13 47 59 41 11 3 55 46 37 5 49 54 35 51 30 7 20 39 50 1 8 10 19 33 28 32 6 18 62 45 34 48 21 63 44 36 12 
56 23 28 41 10 63 1 27 31 7 32 55 39 18 5 14 30 64 33 6 26 17 42 4 37 2 43 29 58 19 46 61 48 44 24 8 62 57 60 11 54 36 47 34 59 35 22 12 45 9 52 15 20 53 21 3 49 40 13 25 16 38 50 51 
11 48 35 58 36 32 18 26 63 23 54 47 17 38 42 51 37 15 22 5 28 7 45 60 20 25 24 49 21 50 10 3 12 33 43 9 40 2 1 6 16 55 4 64 53 57 19 52 46 31 13 27 44 34 39 29 8 30 59 56 62 41 14 61 
62 38 46 20 13 59 22 7 24 28 30 34 36 45 35 3 14 32 48 56 29 47 2 55 40 52 9 53 54 5 16 15 21 19 42 50 26 51 64 58 61 23 31 27 18 44 63 60 49 12 41 43 8 25 17 1 6 37 33 57 11 39 10 4 
43 44 25 16 15 14 30 34 37 29 40 61 52 19 64 10 12 59 35 46 51 21 39 8 22 45 27 48 62 31 1 60 4 13 20 17 47 7 18 36 38 49 11 33 6 41 42 56 23 58 2 55 50 63 26 57 24 53 54 5 9 32 3 28 
9 53 49 31 6 21 33 8 50 56 11 41 60 16 12 1 13 3 52 43 34 18 24 62 44 23 4 35 17 28 57 63 39 27 38 32 59 10 22 30 29 58 45 37 40 15 25 2 51 64 54 36 5 61 48 14 20 42 19 55 47 7 26 46 
47 55 3 54 57 50 2 37 46 13 6 49 53 44 48 33 9 36 41 19 10 1 25 20 51 39 12 30 7 18 64 8 45 31 34 15 56 63 28 61 26 32 17 14 21 5 43 62 59 16 42 40 38 11 4 24 35 27 52 58 23 22 60 29 
61 39 40 5 51 19 45 12 62 58 21 8 57 59 4 20 49 63 27 38 54 44 11 50 36 55 32 34 33 6 26 42 25 41 14 16 23 52 53 29 13 48 24 3 28 46 10 9 30 37 35 22 7 60 56 47 1 43 17 18 15 2 31 64 
40 30 10 18 38 42 25 35 17 63 44 54 13 39 16 23 58 14 49 64 33 24 12 59 15 19 62 22 48 4 53 50 1 56 2 55 61 29 36 34 57 5 41 28 60 52 46 11 37 20 3 7 45 27 9 43 26 31 32 8 51 47 6 21 
46 9 13 50 19 57 24 17 10 18 60 33 62 15 26 56 55 11 1 44 37 28 23 22 16 38 51 8 6 40 20 52 64 25 59 45 35 12 5 27 47 31 42 30 4 2 21 7 53 63 29 32 54 48 14 36 39 3 49 41 43 58 61 34 
8 34 54 55 37 60 39 53 22 4 14 31 41 35 30 24 2 20 29 47 48 36 56 26 46 3 61 43 10 45 5 27 38 32 52 23 7 33 58 42 15 64 59 40 44 13 51 63 11 57 6 49 18 62 50 21 28 12 16 17 19 9 25 1 
27 61 6 3 49 12 44 29 11 51 55 32 20 21 25 50 45 57 62 15 41 38 16 7 39 58 59 18 14 33 56 47 31 26 17 28 10 60 48 63 36 1 43 9 19 54 8 24 34 30 64 13 40 35 23 2 22 4 42 53 52 37 46 5 
51 1 45 59 2 22 23 47 52 49 34 42 64 5 37 12 8 46 32 27 17 61 6 3 11 7 57 28 25 21 13 54 40 18 16 41 14 43 9 24 56 26 39 53 50 58 29 35 15 60 19 44 10 4 33 31 30 38 55 20 48 36 63 62 
64 20 63 56 16 4 58 14 43 40 36 48 45 29 8 19 53 21 60 34 25 5 10 9 41 35 30 12 42 26 24 31 37 11 57 13 51 47 6 54 22 62 49 61 27 3 32 33 55 1 28 17 39 46 38 52 59 15 18 44 7 50 2 23 
7 31 5 33 52 36 28 62 59 47 9 3 2 46 6 61 18 43 4 42 13 40 51 19 64 37 1 32 63 34 55 29 50 15 21 39 30 53 44 49 23 20 38 45 17 10 14 48 41 25 16 12 26 8 22 58 57 60 35 54 24 11 56 27 
32 21 41 48 43 26 11 15 28 53 1 38 7 57 58 27 50 35 31 63 39 30 52 54 2 44 17 60 9 36 49 23 19 8 62 46 22 4 3 20 18 16 6 25 12 34 55 37 47 42 5 61 51 59 24 56 64 29 10 14 40 13 33 45 
57 32 4 61 23 9 13 19 33 31 62 25 6 1 49 63 11 44 10 2 56 51 17 16 18 8 54 39 15 3 43 30 36 37 58 14 34 42 24 59 48 12 53 21 38 60 45 5 29 28 55 35 52 20 41 64 27 46 50 22 26 40 47 7 
42 7 34 11 59 5 46 52 18 41 35 20 23 26 47 38 19 24 25 32 62 37 1 39 17 48 28 45 16 57 4 49 30 12 22 27 33 40 10 56 31 54 50 13 58 43 15 44 6 14 36 8 63 21 61 53 3 55 60 29 2 51 64 9 
38 33 43 35 1 51 49 55 40 5 50 16 61 48 15 58 20 4 7 9 46 29 53 21 6 24 14 10 34 11 23 26 13 47 28 60 32 25 57 31 27 3 63 22 8 64 30 41 18 44 45 42 59 19 2 17 36 54 56 12 39 62 52 37 
50 14 37 47 20 62 26 40 60 32 24 4 42 43 11 39 23 22 36 41 63 64 38 57 12 31 33 27 52 29 51 21 5 49 3 19 15 9 8 55 35 61 16 2 7 56 6 59 54 13 58 25 46 30 1 34 44 10 45 28 53 17 48 18 
39 25 21 53 30 16 63 24 9 57 45 27 44 52 28 36 26 34 42 12 15 54 3 58 5 47 55 38 59 41 22 64 11 7 50 51 18 6 62 2 40 29 20 46 49 17 23 10 31 4 60 48 56 32 43 37 61 13 14 33 1 35 19 8 
28 56 17 6 22 18 12 31 64 8 2 14 29 3 7 34 59 13 61 49 60 48 5 27 42 50 53 58 46 63 44 19 26 54 1 35 20 45 43 38 32 39 51 52 36 47 37 55 16 33 9 10 11 15 62 40 4 41 30 23 25 24 21 57 
36 60 27 10 54 64 29 48 21 59 13 53 22 30 19 55 47 6 40 45 8 14 31 18 56 32 2 62 35 37 9 1 23 52 44 4 41 61 17 46 11 28 25 57 33 24 34 42 3 38 50 39 12 26 51 7 5 49 15 16 58 63 43 20 
3 15 8 44 58 45 41 2 54 46 37 51 12 56 10 17 43 33 28 52 55 50 30 35 25 20 36 7 13 60 61 40 16 64 63 53 29 39 21 48 14 18 19 1 9 26 62 4 22 24 23 5 47 57 49 27 38 32 34 59 31 42 11 6 
################proper############## 

 average_time = 2211.368508 

 success runs = 1 

 total average iters = 209303369.000000 
