Success!!! 
 
 max_col = 
 64 
 
 run_time = 
 926.686783 
 
 once iters = 
 38635517 
 
19 11 21 15 6 38 1 41 35 33 16 5 9 14 37 20 64 48 34 42 18 60 49 27 32 23 28 43 57 24 22 8 44 31 54 10 45 4 36 52 25 40 12 62 3 30 58 47 2 55 39 29 26 51 17 7 59 50 61 46 56 53 63 13 
5 7 23 59 12 18 52 29 64 32 58 13 44 4 56 26 43 57 20 50 17 36 19 41 39 1 63 49 27 47 42 16 9 61 33 46 40 38 60 3 31 14 28 35 37 2 54 10 53 8 30 6 62 24 25 48 15 11 45 21 34 55 51 22 
8 28 56 26 48 44 40 58 22 46 12 53 31 47 54 49 13 3 59 51 7 63 14 4 21 37 11 5 30 45 64 25 27 19 55 20 39 1 34 17 33 38 29 52 41 32 36 6 60 9 18 23 35 50 15 61 16 2 43 62 10 42 57 24 
50 45 55 63 2 57 46 27 15 25 34 43 60 42 51 24 6 40 37 21 35 5 47 38 19 31 61 29 56 12 18 9 23 62 13 28 26 8 64 58 16 48 17 20 49 53 11 22 33 14 41 59 44 36 10 32 3 52 4 54 1 39 7 30 
53 13 36 17 54 64 43 49 41 59 6 55 57 11 21 19 9 62 44 58 10 30 26 28 35 46 33 34 7 40 51 38 47 16 50 2 25 29 24 42 39 8 45 61 15 5 18 4 22 31 56 52 37 1 63 3 60 14 23 32 12 27 20 48 
39 33 22 60 35 30 20 42 38 48 61 10 50 1 7 40 54 11 29 24 2 15 53 23 6 58 62 3 36 52 44 4 41 18 5 37 21 32 59 14 55 26 27 46 63 56 34 51 16 47 43 57 12 13 19 45 9 49 25 64 28 17 8 31 
47 61 37 3 10 32 9 34 52 2 27 63 28 62 39 8 16 56 55 45 46 31 25 22 54 15 41 17 14 48 13 59 57 12 30 53 49 6 43 51 50 19 1 24 64 23 7 60 21 40 5 38 20 4 11 42 35 26 29 44 36 58 33 18 
14 31 51 24 16 62 25 4 17 18 23 29 3 36 45 30 1 33 32 61 52 12 8 39 26 20 55 2 60 50 10 53 15 11 7 56 35 48 22 63 43 9 59 13 42 21 57 44 34 54 46 58 49 28 64 27 38 47 19 41 6 40 5 37 
29 32 52 34 38 51 63 47 60 35 13 58 22 8 3 25 18 42 61 36 50 55 46 9 53 43 30 4 48 6 45 1 5 49 39 16 17 31 57 56 12 54 41 15 23 28 14 59 64 11 7 10 24 26 20 44 37 19 33 40 62 21 27 2 
44 62 60 13 24 35 50 6 51 39 47 54 49 43 34 7 2 16 33 8 38 22 37 20 18 12 52 11 55 41 27 5 3 9 26 25 59 58 61 10 21 30 53 42 36 48 63 17 40 29 31 19 1 32 14 56 46 4 28 15 45 64 23 57 
59 4 58 40 1 9 49 8 57 19 11 17 32 26 33 55 62 14 23 12 53 21 64 10 2 60 16 38 35 25 50 34 63 28 24 15 54 43 48 22 61 5 37 45 18 44 31 29 36 46 3 51 52 30 27 13 6 42 7 47 41 20 39 56 
48 42 39 27 11 25 55 57 18 28 30 61 23 38 46 15 52 54 31 40 5 41 56 63 49 51 19 33 47 29 20 7 53 1 64 35 6 21 44 36 22 2 4 32 26 58 60 13 8 62 9 37 34 45 43 17 24 10 3 16 50 59 12 14 
26 53 12 10 46 21 16 15 50 36 14 56 41 52 62 37 29 30 13 43 32 35 45 19 40 57 23 24 3 63 28 17 18 20 38 42 33 34 11 47 9 6 64 49 27 7 25 8 54 48 2 60 39 5 59 4 51 1 44 31 55 22 58 61 
31 23 3 7 18 33 5 17 2 45 21 1 64 24 59 6 44 34 4 27 48 28 57 15 61 9 54 58 26 56 37 39 50 13 62 14 46 52 8 40 47 20 16 38 10 51 35 19 49 63 42 22 53 12 41 55 11 43 36 29 30 25 60 32 
43 30 64 22 28 54 41 14 44 42 40 20 12 63 5 16 25 26 6 60 49 7 51 11 46 10 36 59 32 13 31 62 19 23 37 29 2 45 4 27 24 1 52 39 55 3 33 56 50 58 57 15 61 21 35 47 53 18 34 48 8 9 38 17 
2 19 61 37 56 20 45 36 29 4 31 48 10 53 9 27 59 58 24 3 47 1 39 17 15 64 14 22 44 42 8 21 51 55 60 32 41 7 30 12 57 34 40 50 11 62 43 46 23 25 6 33 38 16 28 18 49 13 63 26 52 54 35 5 
38 17 33 35 52 11 47 44 54 37 25 51 56 10 23 39 49 7 8 20 43 3 59 1 27 41 50 12 46 32 15 42 26 45 31 22 4 9 55 48 2 24 63 18 14 57 29 61 5 53 28 16 58 64 6 34 40 21 13 36 60 62 30 19 
62 50 7 25 27 63 32 46 20 29 3 30 26 13 12 48 22 15 45 57 64 10 34 55 8 6 24 23 2 39 14 49 21 5 58 54 28 18 56 11 52 53 60 43 19 42 38 40 31 37 36 44 9 47 61 33 1 35 17 59 51 41 16 4 
40 55 43 64 15 16 10 28 4 1 57 18 61 46 32 33 42 41 54 44 30 2 63 60 11 21 29 31 37 3 7 35 20 51 25 59 14 27 47 13 49 22 50 34 17 6 39 36 24 23 19 12 48 52 38 62 5 8 53 56 9 45 26 58 
41 57 26 29 3 1 36 56 9 14 53 7 8 16 31 17 61 46 25 4 6 62 13 37 51 19 60 28 45 55 58 20 52 38 49 39 63 35 42 34 5 12 54 21 47 59 23 30 18 50 27 32 10 15 22 40 48 24 11 2 43 33 64 44 
49 20 14 21 23 8 37 59 45 6 36 52 2 64 22 44 40 9 35 32 29 26 50 53 38 34 18 48 5 62 30 13 60 10 43 61 19 16 3 24 27 56 58 1 25 11 28 33 57 4 17 55 51 7 42 41 54 12 47 39 46 63 31 15 
54 60 18 2 31 48 51 30 47 40 43 59 35 21 19 50 28 24 39 17 36 11 5 58 52 16 22 63 33 44 9 61 7 6 57 12 53 23 41 29 26 45 46 64 8 4 62 15 1 13 20 49 25 56 3 14 42 55 27 38 37 10 32 34 
13 39 5 6 58 45 4 61 24 38 42 49 34 28 27 41 56 12 18 16 33 19 48 14 47 53 1 25 10 26 36 64 8 17 40 62 30 15 2 46 32 37 3 55 44 31 51 9 11 35 59 21 63 43 54 60 22 23 20 50 7 57 52 29 
24 22 34 9 42 12 53 19 55 58 62 15 5 60 63 11 21 23 52 38 51 27 31 47 43 4 40 56 59 17 54 57 64 44 36 33 1 50 37 32 35 10 7 16 48 13 20 41 30 45 29 2 8 39 26 46 14 61 18 28 49 6 3 25 
64 10 19 42 32 36 34 51 28 8 54 25 18 41 50 47 7 43 1 59 20 49 60 57 44 5 37 40 24 9 63 11 30 52 21 58 48 61 46 55 13 15 35 2 16 39 12 23 3 17 38 31 29 53 62 22 33 6 26 4 27 14 56 45 
4 16 44 1 13 6 31 60 36 23 2 32 33 9 49 59 51 63 26 34 3 38 41 64 29 48 58 52 8 15 56 54 45 27 42 19 11 47 20 62 30 7 24 40 22 37 17 18 55 5 61 25 28 14 39 10 43 46 35 53 57 12 50 21 
9 40 63 20 17 22 59 43 21 44 1 35 24 7 4 42 15 25 58 5 13 37 10 16 23 33 46 36 28 34 55 31 14 64 29 57 3 12 38 53 56 49 32 26 61 54 27 62 45 6 52 8 19 41 47 50 30 60 39 18 2 48 11 51 
21 41 11 46 14 37 3 23 53 27 29 34 17 39 57 5 12 44 28 48 45 4 55 18 13 47 26 50 61 20 62 2 10 33 9 49 22 51 63 54 60 64 36 58 6 43 52 25 59 32 40 35 56 42 16 30 7 38 24 19 15 31 1 8 
35 38 49 52 50 53 56 7 63 51 26 31 30 55 10 60 24 6 27 22 61 14 9 54 59 32 25 64 41 21 43 3 39 40 2 23 18 5 13 4 19 11 57 8 33 46 45 28 20 1 12 48 15 44 37 58 47 17 42 34 29 36 62 16 
55 26 27 61 30 5 28 54 11 16 37 40 48 3 38 12 47 29 2 35 62 23 33 52 42 45 4 6 19 10 39 22 56 15 32 8 36 17 25 50 34 31 14 51 53 1 59 21 7 18 60 43 46 57 24 63 64 9 49 13 58 44 41 20 
25 15 2 58 47 39 33 12 13 22 52 62 43 20 6 45 46 8 21 19 42 56 17 30 14 7 38 57 49 27 53 18 31 35 16 41 24 37 1 60 4 55 44 29 50 63 48 3 9 36 11 26 23 34 51 64 32 59 10 5 54 28 61 40 
18 8 62 45 57 29 24 48 14 56 19 46 15 61 64 58 39 50 36 53 40 32 11 31 30 17 12 1 51 16 35 60 6 59 28 34 43 44 7 26 10 47 38 41 20 9 5 42 27 33 54 4 21 2 13 49 63 37 52 23 25 3 22 55 
28 6 50 19 8 61 64 32 10 60 5 12 25 29 53 56 36 18 7 47 14 9 58 62 45 39 13 51 52 59 2 63 46 41 23 30 37 3 33 57 54 4 34 22 43 15 24 27 17 16 49 40 42 55 44 31 26 20 21 11 38 1 48 35 
22 52 25 39 53 40 42 62 43 26 50 2 20 54 47 13 33 37 49 29 44 64 4 32 57 61 21 18 6 31 23 41 11 63 35 48 12 19 10 9 14 16 5 3 46 8 1 45 15 34 58 36 59 38 56 51 27 30 60 55 17 7 24 28 
45 48 46 54 55 24 58 11 6 41 32 22 7 17 14 21 19 5 15 31 23 16 43 34 33 36 27 53 38 30 3 50 13 8 4 40 52 20 26 44 37 63 18 60 51 12 49 35 61 28 1 9 2 29 57 25 39 64 62 42 47 56 59 10 
12 47 1 49 36 2 38 20 31 57 59 27 63 58 61 51 50 13 10 56 11 42 40 3 62 26 64 54 29 19 34 32 25 60 18 55 5 14 15 39 28 21 23 7 30 17 41 52 35 43 48 24 6 22 46 53 4 33 37 8 44 16 45 9 
51 56 30 18 34 43 7 35 48 55 9 39 37 19 16 28 60 59 63 52 26 17 24 45 10 11 49 20 40 46 4 15 54 50 22 1 42 64 31 61 36 58 62 44 57 38 6 2 47 21 13 27 33 8 5 12 25 53 41 14 23 32 29 3 
3 9 10 4 5 31 17 26 8 11 33 45 42 49 24 62 38 51 57 1 41 46 54 21 12 25 35 44 43 22 48 58 28 47 59 7 27 36 16 6 20 29 56 53 13 64 40 55 14 30 32 39 50 60 23 37 19 15 2 52 61 18 34 63 
23 29 41 57 44 27 60 63 40 30 38 4 1 15 35 46 20 61 53 55 25 8 22 12 9 28 17 7 42 37 16 14 2 34 56 45 58 24 32 21 48 59 11 33 31 10 47 39 26 64 62 3 54 19 18 52 13 51 50 43 5 49 36 6 
33 21 16 14 37 59 15 13 34 52 18 64 36 23 44 3 27 35 30 39 28 6 2 48 5 8 56 55 1 60 24 47 29 53 51 17 38 62 49 43 42 25 9 19 32 61 26 50 63 7 45 11 41 10 4 20 57 58 31 22 40 46 54 12 
58 44 8 50 61 26 35 3 7 31 39 60 47 45 30 22 23 17 40 33 59 13 18 56 41 24 57 46 53 4 38 10 1 54 6 52 9 25 12 15 64 43 55 11 21 14 2 37 32 19 51 28 36 20 48 29 34 27 16 63 42 5 49 62 
34 59 38 33 49 13 22 39 5 17 51 19 14 37 1 53 31 32 9 11 54 43 35 42 3 44 45 60 62 28 12 56 36 57 27 50 8 26 40 64 46 61 48 4 7 41 10 20 58 52 55 18 16 63 2 6 29 25 15 30 21 24 47 23 
10 14 24 47 63 7 12 31 56 64 28 42 21 2 26 38 58 27 46 41 15 45 6 61 48 54 9 37 50 1 33 19 17 29 11 4 55 49 53 16 59 36 39 30 40 18 3 5 62 44 25 34 22 23 60 35 8 57 51 20 32 52 13 43 
30 37 45 41 51 15 19 52 61 49 10 44 58 6 55 54 63 20 48 28 57 24 36 2 64 27 8 14 16 5 32 40 43 39 34 47 23 22 21 33 62 50 42 25 12 29 13 31 46 56 26 53 4 3 9 38 17 7 59 60 11 35 18 1 
36 46 20 11 25 28 48 1 27 12 41 16 59 33 15 29 53 38 22 37 21 51 52 8 58 55 43 42 34 18 47 30 35 2 63 3 62 13 45 5 6 60 26 23 9 19 32 24 39 61 50 17 7 54 49 57 31 44 56 10 14 4 40 64 
16 43 42 23 4 56 29 21 25 9 35 24 13 57 36 18 14 55 62 49 60 50 44 7 20 22 31 26 17 11 6 52 32 58 48 38 10 41 19 59 1 51 47 63 28 27 53 34 37 15 64 5 30 33 40 8 61 54 12 45 3 2 46 39 
27 64 6 5 9 17 54 55 62 50 46 8 4 32 40 43 34 1 19 25 12 47 3 29 36 63 2 35 39 49 61 23 24 14 20 18 60 30 51 7 15 44 33 57 52 22 56 16 42 10 21 13 31 59 45 11 41 28 48 58 53 38 37 26 
32 2 40 53 62 60 57 18 23 63 20 3 11 48 52 34 30 10 64 26 4 39 16 5 25 13 7 15 21 51 59 29 42 56 61 44 31 46 28 37 58 17 49 54 35 45 8 38 41 24 14 1 47 27 12 43 50 22 55 6 33 19 9 36 
63 49 59 16 20 47 27 53 58 10 48 9 55 18 60 14 37 21 17 7 56 29 30 51 50 3 32 19 4 35 5 6 40 25 12 43 64 39 52 1 8 23 22 36 54 24 61 57 13 38 15 42 45 62 31 28 2 41 46 33 26 34 44 11 
42 18 4 12 39 41 44 2 3 13 15 23 29 50 8 36 32 47 5 62 34 58 28 59 56 49 51 45 64 53 25 33 22 30 46 24 61 63 14 31 17 27 21 9 38 52 37 11 6 26 16 7 43 35 1 19 10 48 40 57 20 60 55 54 
1 54 13 32 60 52 11 10 46 21 44 33 6 27 2 64 41 4 50 9 63 18 20 25 22 42 39 16 12 7 26 43 62 3 47 36 51 55 23 28 53 35 15 48 29 49 19 58 56 59 37 14 57 40 34 24 45 5 8 61 31 30 17 38 
15 5 9 31 43 3 14 37 59 54 4 47 62 30 20 57 10 19 38 2 27 48 42 24 63 40 34 21 23 61 17 36 49 7 44 11 56 53 50 8 45 46 13 6 60 26 16 64 25 12 22 41 55 58 33 39 18 32 1 51 35 29 28 52 
61 36 57 56 19 46 8 64 32 24 45 28 16 35 41 31 55 60 11 14 22 33 1 26 37 59 15 27 58 38 52 44 34 4 10 6 13 2 29 20 3 42 30 5 62 40 50 7 48 51 23 47 17 18 53 54 12 63 9 25 39 43 21 49 
7 24 48 51 33 55 26 45 19 5 63 37 39 34 43 61 8 49 12 6 31 40 23 44 1 62 47 30 18 54 29 46 16 21 17 9 57 59 35 38 41 32 25 28 56 20 4 14 52 60 10 64 3 11 50 2 58 36 22 27 13 15 53 42 
6 35 28 30 21 34 23 40 12 53 17 11 38 22 25 52 45 36 3 13 16 54 15 46 24 2 20 10 31 57 41 55 48 26 19 60 32 42 58 18 51 33 43 59 39 47 44 1 29 49 63 61 27 9 8 5 62 56 14 37 64 50 4 7 
17 58 29 38 22 50 62 25 49 7 56 26 51 40 42 1 57 52 43 64 39 53 61 35 60 14 48 13 9 8 11 28 33 37 41 5 15 54 27 45 63 18 31 10 2 34 55 12 44 20 4 30 32 46 21 36 23 16 6 3 24 47 19 59 
56 1 54 36 41 14 39 24 30 61 7 50 46 5 17 35 48 28 51 63 19 34 27 40 16 29 3 8 11 43 49 37 59 42 15 13 44 60 6 25 23 52 10 47 45 55 22 32 38 57 53 20 18 31 58 9 21 62 64 12 4 26 2 33 
60 25 53 28 59 58 18 16 39 43 24 21 27 31 29 9 5 64 56 10 55 61 62 13 7 35 42 47 63 2 40 12 38 32 45 26 34 11 54 30 44 41 8 17 1 36 15 48 4 22 33 50 14 37 52 23 20 3 57 49 19 51 6 46 
37 34 31 55 64 23 21 5 1 15 22 57 54 56 18 32 26 53 47 30 8 20 7 6 4 52 44 61 13 14 19 45 12 48 3 63 29 33 17 49 40 62 51 27 58 50 9 43 10 2 24 46 60 25 36 16 28 39 38 35 59 11 42 41 
11 27 15 62 7 42 30 9 37 47 49 38 19 59 13 2 17 22 14 23 24 52 12 43 31 18 6 39 25 33 46 51 4 36 53 21 16 57 5 35 29 3 20 56 34 60 64 54 28 41 44 63 40 61 32 26 55 45 58 1 48 8 10 50 
52 12 32 44 45 49 61 50 26 34 55 14 53 25 48 10 11 39 41 46 1 59 21 33 17 38 5 9 54 23 57 27 58 22 8 64 20 56 18 19 7 28 2 31 4 35 42 63 51 3 47 62 13 6 29 15 36 40 30 24 16 37 43 60 
57 63 35 48 40 19 6 38 16 20 8 36 52 51 11 4 3 2 60 54 58 25 29 50 28 56 53 41 15 64 21 26 37 46 1 27 7 10 62 23 18 39 61 12 24 33 30 49 43 42 34 45 5 17 55 59 44 31 32 9 22 13 14 47 
20 3 17 43 26 4 2 33 42 62 60 6 45 44 28 23 35 31 16 18 37 57 38 36 34 50 10 32 22 58 1 48 55 24 52 51 47 40 9 41 11 13 19 14 59 25 46 53 12 39 8 54 64 49 30 21 56 29 5 7 63 61 15 27 
46 51 47 8 29 10 13 22 33 3 64 41 40 12 58 63 4 45 42 15 9 44 32 49 55 30 59 62 20 36 60 24 61 43 14 31 50 28 39 2 38 57 6 37 5 16 21 26 19 27 35 56 11 48 7 1 52 34 54 17 18 23 25 53 
################proper############## 

 average_time = 926.686783 

 success runs = 1 

 total average iters = 38635517.000000 
